1.0,0.7383103507710321,0.546979819694237,0.47239588910558933,0.5435386906776227,0.7350233802711091,0.7298233068345809,0.5455493668145673,0.47718269897408394,0.5420710068377029,0.5221647674852686,0.2988598846475497,0.21486818442325903,0.3048900872892364,0.40779523984824373,0.17141185241959095,0.03829807402246016,0.0838176224895693,0.3838620226078049,0.1616158851748694,0.0,0.0,0.4315095648548616,0.24904920158278687,0.06565235021204972,0.031959426970733916,0.30560842295148355,0.1577169197724031,0.0716075711600036,0.006748411126715265,0.4859999888080801,0.15869981559227783,0.2501440969211614,0.24826978097066257,0.1632432595946633,0.03455720120605231,0.0,0.0,0.0,0.0,0.0,0.0,0.0,0.39820462530530143,0.0,0.0,0.0,0.0,0.0,0.0,0.0,0.0,0.0,0.0,0.0,0.0,0.0,0.0,0.0,0.0,0.0,0.0,0.0,0.0,0.0,0.0,0.0,0.0,0.0,0.0,0.0,0.0,0.0,0.0,0.0,0.0,0.0,0.010079352848451073,0.0,0.0,0.0,0.0,0.0,0.0,0.0,0.0,0.0,0.0
0.7383103507710321,1.0,0.7425839223742362,0.5485797284083543,0.4834394719250326,0.5500689824024522,0.5328082974721501,0.3053489930918365,0.21892792022379085,0.3080377478776936,0.4317653370961857,0.19357323274118135,0.05026763003982489,0.08935524745301586,0.4207623912091368,0.2214587012064199,0.05105462284233162,0.03280204549102552,0.43158728494881576,0.27458917296500507,0.1301933460426483,0.10343806285600605,0.41279736515615134,0.26248986731056945,0.14584811861512623,0.15246100959959555,0.5479682754302639,0.12105994298042533,0.32374547689217736,0.0,0.6868653218234825,0.25472051418742697,0.1694085573210452,0.03584833375425276,0.0,0.0,0.0,0.0,0.0,0.0,0.0,0.0,0.0,0.2902422388114705,0.0,0.0,0.0,0.0,0.0,0.0,0.0,0.0,0.016985917619452253,0.13511498369154512,0.0,0.0,0.0,0.0,0.0,0.0,0.0,0.0,0.0,0.0,0.0,0.0,0.0,0.0,0.0,0.0,0.0,0.0,0.0,0.0,0.0,0.0,0.0,0.19802626541013332,0.0,0.0,0.0,0.0,0.0,0.0,0.0,0.0,0.0,0.0
0.546979819694237,0.7425839223742362,1.0,0.737505150812897,0.5545997595535218,0.4813189716481959,0.29710225103980265,0.09638736852972196,0.06676828023032834,0.2178940037108918,0.17509040152893648,0.0,0.0,0.0,0.18615172470866279,0.00018453604359669882,0.0,0.0,0.24911858133155057,0.1458107618751616,0.0,0.0,0.262472215746588,0.18642228888106416,0.10353995392768456,0.08568915769428576,0.7344822900477536,0.0770825387194572,0.49120899058632067,0.0,0.4926931717335825,0.48503354217293,0.2581094563203769,0.0,0.0,0.0,0.0,0.0,0.0,0.0,0.0,0.0,0.0,0.11979309229645858,0.0,0.0,0.0,0.0,0.0,0.0,0.0,0.0,0.0,0.02663751459288934,0.0,0.0,0.0,0.0,0.0,0.0,0.0,0.0,0.0,0.0,0.0,0.0,0.0,0.0,0.0,0.0,0.0,0.0,0.0,0.0,0.0,0.0,0.01955790258678992,0.09974825946896046,0.0,0.0,0.0,0.0,0.0,0.0,0.0,0.0,0.0,0.0
0.47239588910558933,0.5485797284083543,0.737505150812897,1.0,0.7454831866511302,0.5489952034756582,0.202301999659399,0.05775933311750957,0.10368663328595054,0.3090694669749679,0.019935793963138587,0.0,0.0,0.0,0.0,0.0,0.0,0.0,0.06565145793614109,0.0,0.0,0.0,0.14574229495430482,0.10342645340122862,0.0,0.0,0.5430417642649715,0.06815495781572388,0.3198928275615644,0.0,0.2561458897877916,0.6862544647777763,0.4914718927278876,0.13649101689138235,0.0,0.0,0.0,0.0,0.0,0.0,0.0,0.0,0.0,0.04268805652088659,0.0,0.0,0.0,0.0,0.0,0.0,0.0,0.0,0.0,0.0,0.0,0.0,0.0,0.0,0.0,0.0,0.0,0.0,0.0,0.0,0.0,0.0,0.0,0.0,0.0,0.0,0.0,0.0,0.0,0.0,0.0,0.0,0.0,0.0,0.0,0.0,0.0,0.0,0.0,0.0,0.0,0.0,0.0,0.0
0.5435386906776227,0.4834394719250326,0.5545997595535218,0.7454831866511302,1.0,0.7375442031593368,0.2973071596148383,0.21494600462108915,0.31420746901733343,0.5428935550130649,0.06690731594387665,0.0,0.0,0.0,0.0,0.0,0.0,0.0,0.031915206760475955,0.0,0.0,0.0,0.1523022574505365,0.08550837477569852,0.0,0.0,0.31207002891430163,0.09414162854028024,0.0780625213755886,0.017256835341223662,0.17052770751127136,0.48946855088445856,0.6859247528380678,0.39005339425455365,0.03785823857543669,0.0,0.0,0.0,0.0,0.0,0.0,0.0,0.0,0.10796343824544155,0.0,0.0,0.0,0.0,0.0,0.0,0.0,0.0,0.0,0.0,0.0,0.0,0.0,0.0,0.0,0.0,0.0,0.0,0.0,0.0,0.0,0.0,0.0,0.0,0.0,0.0,0.0,0.0,0.0,0.0,0.0,0.0,0.0,0.0,0.0,0.0,0.0,0.0,0.0,0.0,0.0,0.0,0.0,0.0
0.7350233802711091,0.5500689824024522,0.4813189716481959,0.5489952034756582,0.7375442031593368,1.0,0.5375653124923979,0.47660471162995466,0.5524537337750434,0.7354882344820405,0.2858651937688402,0.08635376092993617,0.060594040423656424,0.21506805539176785,0.15348018635612162,0.0,0.0,0.0,0.16157758378187195,0.0,0.0,0.0,0.2744500100376529,0.14566272384985451,0.0,0.0,0.2159683029491393,0.13210912970402397,0.0,0.035854822602897504,0.2543275120968794,0.2529430424265127,0.4874640869052882,0.4848305757336443,0.25591475011413906,0.0,0.0,0.0,0.0,0.0,0.0,0.0,0.0,0.27208450542788076,0.0,0.0,0.0,0.0,0.0,0.0,0.0,0.0,0.0,0.0,0.0,0.0,0.0,0.0,0.0,0.0,0.0,0.0,0.0,0.0,0.0,0.0,0.0,0.0,0.0,0.0,0.0,0.0,0.0,0.0,0.0,0.0,0.0,0.0,0.0,0.0,0.0,0.0,0.0,0.0,0.0,0.0,0.0,0.0
0.7298233068345809,0.5328082974721501,0.29710225103980265,0.202301999659399,0.2973071596148383,0.5375653124923979,1.0,0.7368519209504352,0.5418845291796639,0.47019345434773946,0.73082725782201,0.545179695509628,0.4764148999239906,0.5430532327545622,0.5198533534719992,0.29351517302190117,0.2118385917819982,0.3048073597981569,0.4077881506858319,0.15349247310048644,0.017345072056597282,0.07141125070053299,0.4207155592022369,0.1861089165763797,0.0,0.0,0.08084840849881776,0.08014301252816788,0.0,0.0,0.3759262034936006,0.0,0.025475930760237513,0.1564207932445452,0.24991903664749351,0.24981956762670474,0.16284597922476277,0.03539792718236756,0.0,0.0,0.0,0.0,0.0,0.4246916233364959,0.0,0.0,0.0,0.0,0.0,0.0,0.0,0.0,0.0,0.0,0.0,0.0,0.0,0.0,0.0,0.0,0.0,0.0,0.0,0.0,0.0,0.0,0.0,0.0,0.0,0.0,0.0,0.0,0.0,0.0,0.0,0.0,0.0,0.0,0.0,0.0,0.0,0.0,0.0,0.0,0.0,0.0,0.0,0.0
0.5455493668145673,0.3053489930918365,0.09638736852972196,0.05775933311750957,0.21494600462108915,0.47660471162995466,0.7368519209504352,1.0,0.7348706658368157,0.5487952486797244,0.5433929277067161,0.47900585328823336,0.5523406201568848,0.7361473902253826,0.2935118242100085,0.08717791421554409,0.0593783457662829,0.21597799465839188,0.17139520393954422,0.0,0.0,0.0,0.22140691538798116,0.00012882316200397208,0.0,0.0,0.0,0.0,0.0,0.0,0.12426561876831677,0.0,0.0,0.25241243171646477,0.4859529525150272,0.4857156954895843,0.2557710106690186,0.0,0.0,0.0,0.0,0.0,0.0,0.2706975422906276,0.0,0.0,0.0,0.0,0.0,0.0,0.0,0.0,0.0,0.0,0.0,0.0,0.0,0.0,0.0,0.0,0.0,0.0,0.0,0.0,0.0,0.0,0.0,0.0,0.0,0.0,0.0,0.0,0.0,0.0,0.0,0.0,0.0,0.0,0.0,0.0,0.0,0.0,0.0,0.0,0.0,0.0,0.0,0.0
0.47718269897408394,0.21892792022379085,0.06676828023032834,0.10368663328595054,0.31420746901733343,0.5524537337750434,0.5418845291796639,0.7348706658368157,1.0,0.7479096965739996,0.29987816868322753,0.2139657158022127,0.31243106392467007,0.5431645216996425,0.07140217590251328,0.0,0.0,0.0,0.0,0.0,0.0,0.0,0.10335284605117184,0.0,0.0,0.0,0.0,0.0,0.0,0.0,0.0,0.0,0.14189826487099505,0.4919272816483268,0.6858573721501708,0.3931593415605177,0.03658318389876715,0.0,0.0,0.0,0.0,0.0,0.0,0.16883686098108752,0.0,0.0,0.0,0.0,0.0,0.0,0.0,0.0,0.0,0.0,0.0,0.0,0.0,0.0,0.0,0.0,0.0,0.0,0.0,0.0,0.0,0.0,0.0,0.0,0.0,0.0,0.0,0.0,0.0,0.0,0.0,0.0,0.0,0.0,0.0,0.0,0.0,0.0,0.0,0.0,0.0,0.0,0.0,0.0
0.5420710068377029,0.3080377478776936,0.2178940037108918,0.3090694669749679,0.5428935550130649,0.7354882344820405,0.47019345434773946,0.5487952486797244,0.7479096965739996,1.0,0.20244380616281826,0.055726288898172355,0.10311890971387647,0.31147403694830644,0.017327833995075866,0.0,0.0,0.0,0.0,0.0,0.0,0.0,0.1300625175858397,0.0,0.0,0.0,0.0,0.020395943845703368,0.0,0.0,0.03155081080800381,0.033116516224344285,0.39212164376480796,0.6859452985325598,0.49262327246257076,0.1423838702528293,0.0,0.0,0.0,0.0,0.0,0.0,0.0,0.1752238491990995,0.0,0.0,0.0,0.0,0.0,0.0,0.0,0.0,0.0,0.0,0.0,0.0,0.0,0.0,0.0,0.0,0.0,0.0,0.0,0.0,0.0,0.0,0.0,0.0,0.0,0.0,0.0,0.0,0.0,0.0,0.0,0.0,0.0,0.0,0.0,0.0,0.0,0.0,0.0,0.0,0.0,0.0,0.0,0.0
0.5221647674852686,0.4317653370961857,0.17509040152893648,0.019935793963138587,0.06690731594387665,0.2858651937688402,0.73082725782201,0.5433929277067161,0.29987816868322753,0.20244380616281826,1.0,0.7354285945448117,0.5421389708339307,0.47464782308408116,0.7308314875225413,0.5433961076377357,0.47465253661990153,0.5421417246835122,0.5221642234326065,0.28587327967579784,0.2024535009748521,0.29988322992266614,0.43175506877570347,0.1750783739750743,0.01993782922266312,0.06691766068657466,0.012221151748642783,0.012207001590590091,0.0,0.0,0.37543973895192156,0.0,0.0,0.0,0.03130797637195975,0.16109548494981107,0.2491397510399292,0.24914164651240545,0.16110075556056402,0.031312509091323215,0.0,0.0,0.0,0.3754307021709913,0.0,0.0,0.0,0.0,0.0,0.0,0.0,0.0,0.11912752346661411,0.08630811305127249,0.0,0.0,0.0,0.0,0.0,0.0,0.0,0.0,0.0,0.0,0.0,0.0,0.0,0.0,0.0,0.0,0.0,0.0,0.0,0.0,0.0,0.0,0.0,0.06514730651614799,0.13078736137412422,0.0,0.0,0.0,0.0,0.0,0.0,0.0,0.0,0.0
0.2988598846475497,0.19357323274118135,0.0,0.0,0.0,0.08635376092993617,0.545179695509628,0.47900585328823336,0.2139657158022127,0.055726288898172355,0.7354285945448117,1.0,0.7361615417419187,0.5512983922850502,0.5451782269228364,0.47900306530568626,0.5512987596952031,0.7361624495219,0.29885139761377616,0.08634626989254512,0.05572166471338188,0.21396188799031135,0.19356687060730285,0.0,0.0,0.0,0.0,0.0,0.0,0.0,0.1508655312388919,0.0,0.0,0.0,0.0,0.2546604228467589,0.48622295643680735,0.4862233780135352,0.2546605670397406,0.0,0.0,0.0,0.0,0.15087579740976556,0.0,0.0,0.0,0.0,0.0,0.0,0.0,0.0,0.11615761845617205,0.016154716595683197,0.0,0.0,0.0,0.0,0.0,0.0,0.0,0.0,0.0,0.0,0.0,0.0,0.0,0.0,0.0,0.0,0.0,0.0,0.0,0.0,0.0,0.0,0.0,0.0,0.16515894340002202,0.0,0.0,0.0,0.0,0.0,0.0,0.0,0.0,0.0
0.21486818442325903,0.05026763003982489,0.0,0.0,0.0,0.060594040423656424,0.4764148999239906,0.5523406201568848,0.31243106392467007,0.10311890971387647,0.5421389708339307,0.7361615417419187,1.0,0.7473484014921605,0.3048031490979094,0.21597297668800322,0.31196575158675816,0.5435067286435007,0.08380279344010141,0.0,0.0,0.0,0.03278461612601352,0.0,0.0,0.0,0.0,0.0,0.0,0.0,0.0,0.0,0.0,0.0,0.14253504595344377,0.4913803319608102,0.6858862263938935,0.3933485884438146,0.035353621880495845,0.0,0.0,0.0,0.0,0.037511135724431884,0.0,0.0,0.0,0.0,0.0,0.0,0.0,0.0,0.0,0.0,0.0,0.0,0.0,0.0,0.0,0.0,0.0,0.0,0.0,0.0,0.0,0.0,0.0,0.0,0.0,0.0,0.0,0.0,0.0,0.0,0.0,0.0,0.0,0.0,0.0,0.0,0.0,0.0,0.0,0.0,0.0,0.0,0.0,0.0
0.3048900872892364,0.08935524745301586,0.0,0.0,0.0,0.21506805539176785,0.5430532327545622,0.7361473902253826,0.5431645216996425,0.31147403694830644,0.47464782308408116,0.5512983922850502,0.7473484014921605,1.0,0.2118325571722454,0.05937303032151889,0.10277012510298345,0.31196672497382505,0.03827895992949168,0.0,0.0,0.0,0.051020057682503436,0.0,0.0,0.0,0.0,0.0,0.0,0.0,0.0,0.0,0.0,0.03565209948505173,0.3942091282606612,0.6859139832855018,0.49147316870262103,0.14154412624097326,0.0,0.0,0.0,0.0,0.0,0.09341294002625909,0.0,0.0,0.0,0.0,0.0,0.0,0.0,0.0,0.0,0.0,0.0,0.0,0.0,0.0,0.0,0.0,0.0,0.0,0.0,0.0,0.0,0.0,0.0,0.0,0.0,0.0,0.0,0.0,0.0,0.0,0.0,0.0,0.0,0.0,0.0,0.0,0.0,0.0,0.0,0.0,0.0,0.0,0.0,0.0
0.40779523984824373,0.4207623912091368,0.18615172470866279,0.0,0.0,0.15348018635612162,0.5198533534719992,0.2935118242100085,0.07140217590251328,0.017327833995075866,0.7308314875225413,0.5451782269228364,0.3048031490979094,0.2118325571722454,1.0,0.7368509990209822,0.5430553090598436,0.4764147958177059,0.7298215539159443,0.5375682937125701,0.4701950469276453,0.5418827712913674,0.5328107149842012,0.2971007999324342,0.2023055697339127,0.29731301459921294,0.0802101769963624,0.0808513183758876,0.0,0.0,0.4247803723336248,0.0,0.0,0.0,0.0,0.0,0.03539364015246135,0.1628455177392718,0.24982224640208642,0.2499166683440419,0.15642291319825627,0.02547901887452443,0.0,0.3759407873023111,0.0,0.0,0.0,0.0,0.0,0.0,0.0,0.027797965976693883,0.20504769479313817,0.19484717277023092,0.0,0.0,0.0,0.0,0.0,0.0,0.0,0.0,0.0,0.0,0.0,0.0,0.0,0.0,0.0,0.0,0.0,0.0,0.0,0.0,0.0,0.0,0.0,0.14511271476549534,0.16208663397378092,0.0,0.0,0.0,0.0,0.0,0.0,0.0,0.0,0.0
0.17141185241959095,0.2214587012064199,0.00018453604359669882,0.0,0.0,0.0,0.29351517302190117,0.08717791421554409,0.0,0.0,0.5433961076377357,0.47900306530568626,0.21597297668800322,0.05937303032151889,0.7368509990209822,1.0,0.7361484603963157,0.5523382548526384,0.5455486807814972,0.4766061964372453,0.5487962640344008,0.7348703842905614,0.30536029225630534,0.096394785608421,0.057764787463416185,0.21494879709295245,0.0,0.0,0.0,0.0,0.27077998165539885,0.0,0.0,0.0,0.0,0.0,0.0,0.25576910954794635,0.4857187979913808,0.48595204534128655,0.25241315284066534,0.0,0.0,0.12429408196593537,0.022728954231304596,0.0,0.0,0.0,0.0,0.12026214318599765,0.0943751658463251,0.24287727653361027,0.3703773311902749,0.3065814689619491,0.0,0.0,0.0,0.15116813999486717,0.0,0.0,0.0,0.0,0.0,0.0,0.0,0.0,0.0,0.0,0.0,0.0,0.0,0.010009703553430123,0.0,0.036582970616159276,0.0,0.0,0.0,0.18922802333018612,0.3054130340841797,0.06541797953597295,0.0,0.0,0.0,0.0,0.0,0.0,0.0,0.05163340999290101
0.03829807402246016,0.05105462284233162,0.0,0.0,0.0,0.0,0.2118385917819982,0.0593783457662829,0.0,0.0,0.47465253661990153,0.5512987596952031,0.31196575158675816,0.10277012510298345,0.5430553090598436,0.7361484603963157,1.0,0.7473473288251573,0.30489004496801525,0.21506637253250094,0.3114718157686904,0.5431633109635786,0.08936962636961004,0.0,0.0,0.0,0.0,0.0,0.0,0.0,0.0934483807591068,0.0,0.0,0.0,0.0,0.0,0.1415430153643671,0.49147263502432087,0.6859139531709121,0.39420759930459087,0.03564866590817903,0.0,0.0,0.0,0.0,0.0,0.0,0.0,0.0,0.039438797117097954,0.10708246732947864,0.3073041506062824,0.398758811920019,0.24819396364802482,0.0,0.0,0.08970500628824729,0.2958511065537361,0.0,0.0,0.0,0.0,0.0,0.0,0.0,0.0,0.0,0.0,0.0,0.0,0.0,0.0,0.0,0.0,0.0,0.0,0.0,0.10221449952401793,0.38747255571094613,0.25593632301890934,0.0,0.0,0.0,0.0,0.0,0.0,0.0,0.0
0.0838176224895693,0.03280204549102552,0.0,0.0,0.0,0.0,0.3048073597981569,0.21597799465839188,0.0,0.0,0.5421417246835122,0.7361624495219,0.5435067286435007,0.31196672497382505,0.4764147958177059,0.5523382548526384,0.7473473288251573,1.0,0.2148625416437831,0.060585248556366426,0.10311122818350897,0.31242599907118523,0.050273771220144224,0.0,0.0,0.0,0.0,0.0,0.0,0.0,0.037514402020775404,0.0,0.0,0.0,0.0,0.03535508544352678,0.3933488911101739,0.685886401976594,0.4913783743103043,0.1425311958242229,0.0,0.0,0.0,0.0,0.0,0.0,0.0,0.0,0.0,0.0,0.0,0.12829822791945994,0.24587308371451497,0.09139117084581387,0.0,0.0,0.0,0.15483194895234356,0.0,0.0,0.0,0.0,0.0,0.0,0.0,0.0,0.0,0.0,0.0,0.0,0.0,0.0,0.0,0.0,0.0,0.0,0.0,0.0,0.2894655447949808,0.1690180759497759,0.0,0.0,0.0,0.0,0.0,0.0,0.0,0.0
0.3838620226078049,0.43158728494881576,0.24911858133155057,0.06565145793614109,0.031915206760475955,0.16157758378187195,0.4077881506858319,0.17139520393954422,0.0,0.0,0.5221642234326065,0.29885139761377616,0.08380279344010141,0.03827895992949168,0.7298215539159443,0.5455486807814972,0.30489004496801525,0.2148625416437831,1.0,0.735023347129486,0.5420684223312392,0.4771798524174127,0.7383152458850923,0.5469812010013724,0.47240117975722257,0.5435446385969747,0.15784702890029262,0.3056130800429232,0.006898407829590959,0.0716172799024526,0.3983669874801644,0.0,0.0,0.0,0.0,0.0,0.0,0.0,0.034558279291741836,0.163240218140377,0.24826845602384326,0.2501472889793634,0.15870537388437675,0.4860109936108401,0.0,0.0,0.0,0.0,0.0,0.0,0.0,0.0,0.02692775070081637,0.07143790740290339,0.0,0.0,0.0,0.0,0.0,0.0,0.0,0.0,0.0,0.0,0.0,0.0,0.0,0.0,0.0,0.0,0.0,0.0,0.0,0.09548575729411368,0.0,0.0,0.0,0.03319097210003567,0.0,0.0,0.0,0.0,0.0,0.0,0.0,0.0,0.0,0.0
0.1616158851748694,0.27458917296500507,0.1458107618751616,0.0,0.0,0.0,0.15349247310048644,0.0,0.0,0.0,0.28587327967579784,0.08634626989254512,0.0,0.0,0.5375682937125701,0.4766061964372453,0.21506637253250094,0.060585248556366426,0.735023347129486,1.0,0.7354872891703191,0.5524531107085677,0.5500694741716363,0.48131638894357565,0.5489938553873563,0.7375453965296386,0.1323539533530755,0.21596718340028584,0.036142537887490424,0.0,0.2723215565742376,0.0,0.0,0.0,0.0,0.0,0.0,0.0,0.0,0.25591288349918107,0.4848307941253438,0.4874633859023504,0.2529436035100768,0.25433302447288353,0.0,0.0,0.0,0.0,0.0,0.0,0.0,0.0,0.02184129812002831,0.09088855261325869,0.0,0.0,0.0,0.0,0.0,0.0,0.0,0.0,0.0,0.0,0.0,0.0,0.0,0.0025513135111874005,0.0,0.0,0.0,0.22661039139644923,0.0,0.35514958398372437,0.0,0.0,0.0,0.017087864613866008,0.0,0.0,0.0,0.0,0.0,0.0,0.0,0.0,0.0,0.0
0.0,0.1301933460426483,0.0,0.0,0.0,0.0,0.017345072056597282,0.0,0.0,0.0,0.2024535009748521,0.05572166471338188,0.0,0.0,0.4701950469276453,0.5487962640344008,0.3114718157686904,0.10311122818350897,0.5420684223312392,0.7354872891703191,1.0,0.7479092441134272,0.3080413757730321,0.2178949689485732,0.30906836609153204,0.5428912841601284,0.020627867605645243,0.0,0.0,0.0,0.17543534812250447,0.0,0.0,0.0,0.0,0.0,0.0,0.0,0.14238243829784805,0.49262106133817113,0.6859457620343615,0.3921144997396709,0.03311779400837497,0.03156388347141977,0.07882272741094937,0.0,0.0,0.0,0.05461034730567199,0.16013021442938097,0.07262253824678669,0.0957721688151642,0.17963232565299628,0.22389703949024725,0.0,0.0,0.0,0.0,0.0,0.0,0.0,0.0,0.0,0.0,0.0,0.0,0.21117319623013464,0.2203894288680762,0.0,0.0,0.0,0.40856053212196397,0.0,0.47713369497509606,0.0,0.0,0.0,0.09178066803594745,0.010871420271191133,0.0,0.0,0.0,0.0,0.0,0.0,0.0,0.0,0.23793038885803006
0.0,0.10343806285600605,0.0,0.0,0.0,0.0,0.07141125070053299,0.0,0.0,0.0,0.29988322992266614,0.21396188799031135,0.0,0.0,0.5418827712913674,0.7348703842905614,0.5431633109635786,0.31242599907118523,0.4771798524174127,0.5524531107085677,0.7479092441134272,1.0,0.2189373417413976,0.0667752954791923,0.10369002317767638,0.31420712583297816,0.0,0.0,0.0,0.0,0.16897377660866544,0.0,0.0,0.0,0.0,0.0,0.0,0.03657751525537411,0.39316088633870566,0.6858567702500612,0.4919266913578113,0.14189122574002377,0.0,0.0,0.15761369251887333,0.0,0.0,0.0,0.05114351492237329,0.21764472402282986,0.21253800752129912,0.28613710707770196,0.3569572341592112,0.3296462590481592,0.06365468236552752,0.0,0.0,0.15420698255407203,0.0,0.0,0.0,0.0,0.0,0.0,0.0,0.0,0.21456958300159004,0.14535750908977232,0.0,0.0,0.0,0.2671987871834186,0.0,0.2756549100791228,0.0,0.0,0.0,0.16814970859763487,0.2107921738124143,0.006909823263894961,0.0,0.0,0.0,0.0,0.0,0.0,0.0,0.2806217164575359
0.4315095648548616,0.41279736515615134,0.262472215746588,0.14574229495430482,0.1523022574505365,0.2744500100376529,0.4207155592022369,0.22140691538798116,0.10335284605117184,0.1300625175858397,0.43175506877570347,0.19356687060730285,0.03278461612601352,0.051020057682503436,0.5328107149842012,0.30536029225630534,0.08936962636961004,0.050273771220144224,0.7383152458850923,0.5500694741716363,0.3080413757730321,0.2189373417413976,1.0,0.7425799682404978,0.548581397092195,0.4834427759080069,0.12111759545523891,0.5479684827873922,0.0,0.32375217927971167,0.2903303533283263,0.0,0.0,0.0,0.0,0.0,0.0,0.0,0.0,0.0,0.035852254807682366,0.1694114923067429,0.2547208748246026,0.6868644762734611,0.0,0.0,0.0,0.0,0.0,0.0,0.0,0.0,0.0,0.0,0.0,0.0,0.0,0.0,0.0,0.0,0.0,0.0,0.0,0.0,0.0,0.0,0.0,0.0,0.0,0.0,0.0,0.0,0.0,0.0,0.0,0.0,0.0,0.0,0.0,0.0,0.0,0.0,0.0,0.0,0.0,0.0,0.0,0.0
0.24904920158278687,0.26248986731056945,0.18642228888106416,0.10342645340122862,0.08550837477569852,0.14566272384985451,0.1861089165763797,0.00012882316200397208,0.0,0.0,0.1750783739750743,0.0,0.0,0.0,0.2971007999324342,0.096394785608421,0.0,0.0,0.5469812010013724,0.48131638894357565,0.2178949689485732,0.0667752954791923,0.7425799682404978,1.0,0.7375082269708432,0.5546011771198253,0.0771838801062807,0.7344825054053831,0.0,0.49120918691842985,0.11990597221571926,0.0,0.0,0.0,0.0,0.0,0.0,0.0,0.0,0.0,0.0,0.25811318106238407,0.4850359475121654,0.4926813323527458,0.0,0.0,0.0,0.0,0.0,0.0,0.0,0.0,0.0,0.0,0.0,0.0,0.0,0.0,0.0,0.0,0.0,0.0,0.0,0.0,0.0,0.0,0.0,0.0,0.0,0.0,0.0,0.0,0.0,0.0,0.0,0.0,0.0,0.0,0.0,0.0,0.0,0.0,0.0,0.0,0.0,0.0,0.0,0.0
0.06565235021204972,0.14584811861512623,0.10353995392768456,0.0,0.0,0.0,0.0,0.0,0.0,0.0,0.01993782922266312,0.0,0.0,0.0,0.2023055697339127,0.057764787463416185,0.0,0.0,0.47240117975722257,0.5489938553873563,0.30906836609153204,0.10369002317767638,0.548581397092195,0.7375082269708432,1.0,0.7454823647052551,0.06839412318116618,0.543038735307928,0.0,0.3198825930573385,0.04288703074935089,0.0,0.0,0.0,0.0,0.0,0.0,0.0,0.0,0.0,0.1364898413805031,0.491474034281854,0.6862548358967995,0.2561416497141179,0.0,0.0,0.0,0.0,0.0,0.0,0.0,0.0,0.0,0.0,0.0,0.0,0.0,0.0,0.0,0.0,0.0,0.0,0.0,0.0,0.0,0.0,0.0,0.0,0.0,0.0,0.0,0.0,0.0,0.1500251587417037,0.0,0.0,0.0,0.0,0.0,0.0,0.0,0.0,0.0,0.0,0.0,0.0,0.0,0.0
0.031959426970733916,0.15246100959959555,0.08568915769428576,0.0,0.0,0.0,0.0,0.0,0.0,0.0,0.06691766068657466,0.0,0.0,0.0,0.29731301459921294,0.21494879709295245,0.0,0.0,0.5435446385969747,0.7375453965296386,0.5428912841601284,0.31420712583297816,0.4834427759080069,0.5546011771198253,0.7454823647052551,1.0,0.09445412131488286,0.3120683428892489,0.017641105470417758,0.07805556998251148,0.10821748455633916,0.0,0.0,0.0,0.0,0.0,0.0,0.0,0.0,0.03785582726915743,0.3900504266401857,0.6859243691611819,0.48946947221465403,0.170530063675852,0.0,0.0,0.0,0.0,0.0,0.0,0.0,0.0,0.0,0.0,0.0,0.0,0.0,0.0,0.0,0.0,0.0,0.0,0.0,0.0,0.0,0.0,0.0,0.0,0.0,0.0,0.0,0.213378540333087,0.0,0.386154031497612,0.0,0.0,0.0,0.0,0.0,0.0,0.0,0.0,0.0,0.0,0.0,0.0,0.0,0.0
0.30560842295148355,0.5479682754302639,0.7344822900477536,0.5430417642649715,0.31207002891430163,0.2159683029491393,0.08084840849881776,0.0,0.0,0.0,0.012221151748642783,0.0,0.0,0.0,0.0802101769963624,0.0,0.0,0.0,0.15784702890029262,0.1323539533530755,0.020627867605645243,0.0,0.12111759545523891,0.0771838801062807,0.06839412318116618,0.09445412131488286,1.0,0.0,0.7567250681602405,0.0,0.39974204502699606,0.3893409621831158,0.03550946493879996,0.0,0.0,0.0,0.0,0.0,0.0,0.0,0.0,0.0,0.0,0.0,0.0,0.0,0.0,0.0,0.14980566151978328,0.039167551373815196,0.0,0.0,0.0,0.10785025661258274,0.0,0.0,0.0,0.0,0.0,0.0,0.0,0.0,0.0,0.0,0.0,0.0,0.0,0.0,0.0,0.0,0.0,0.0,0.0,0.0,0.0,0.0,0.21912847991776482,0.16625867510843026,0.0,0.0,0.0,0.0,0.0,0.0,0.0,0.0,0.0,0.0
0.1577169197724031,0.12105994298042533,0.0770825387194572,0.06815495781572388,0.09414162854028024,0.13210912970402397,0.08014301252816788,0.0,0.0,0.020395943845703368,0.012207001590590091,0.0,0.0,0.0,0.0808513183758876,0.0,0.0,0.0,0.3056130800429232,0.21596718340028584,0.0,0.0,0.5479684827873922,0.7344825054053831,0.543038735307928,0.3120683428892489,0.0,1.0,0.0,0.7567250852307787,0.0,0.0,0.0,0.0,0.0,0.0,0.0,0.0,0.0,0.0,0.0,0.035510089613462074,0.38933350128490735,0.3997313100473355,0.0,0.0,0.0,0.0,0.0,0.0,0.0,0.0,0.0,0.0,0.0,0.0,0.0,0.0,0.0,0.0,0.0,0.0,0.0,0.0,0.0,0.0,0.0,0.0,0.0,0.0,0.0,0.0,0.0,0.0,0.0,0.0,0.0,0.0,0.0,0.0,0.0,0.0,0.0,0.0,0.0,0.0,0.0,0.0
0.0716075711600036,0.32374547689217736,0.49120899058632067,0.3198928275615644,0.0780625213755886,0.0,0.0,0.0,0.0,0.0,0.0,0.0,0.0,0.0,0.0,0.0,0.0,0.0,0.006898407829590959,0.036142537887490424,0.0,0.0,0.0,0.0,0.0,0.017641105470417758,0.7567250681602405,0.0,1.0,0.0,0.23309879091460373,0.22329876014034936,0.0,0.0,0.0,0.0,0.0,0.0,0.0,0.0,0.0,0.0,0.0,0.0,0.0,0.0,0.0,0.10801496906344774,0.25503184291752984,0.08639925599071606,0.0,0.0,0.0,0.09511647142536074,0.0,0.0,0.0,0.0,0.0,0.0,0.0,0.0,0.0,0.0,0.0,0.0,0.0,0.0,0.0,0.0,0.0,0.0,0.0,0.0,0.0,0.020462686777240353,0.32776035431058576,0.12929207096821435,0.0,0.0,0.0,0.0,0.0,0.0,0.0,0.0,0.0,0.0
0.006748411126715265,0.0,0.0,0.0,0.017256835341223662,0.035854822602897504,0.0,0.0,0.0,0.0,0.0,0.0,0.0,0.0,0.0,0.0,0.0,0.0,0.0716172799024526,0.0,0.0,0.0,0.32375217927971167,0.49120918691842985,0.3198825930573385,0.07805556998251148,0.0,0.7567250852307787,0.0,1.0,0.0,0.0,0.0,0.0,0.0,0.0,0.0,0.0,0.0,0.0,0.0,0.0,0.22327654384983667,0.23309920380652707,0.0,0.0,0.0,0.0,0.0,0.0,0.0,0.0,0.0,0.0,0.0,0.0,0.0,0.0,0.0,0.0,0.0,0.0,0.0,0.0,0.0,0.0,0.0,0.0,0.0,0.0,0.0,0.0,0.0,0.0,0.0,0.0,0.0,0.0,0.0,0.0,0.0,0.0,0.0,0.0,0.0,0.0,0.0,0.0
0.4859999888080801,0.6868653218234825,0.4926931717335825,0.2561458897877916,0.17052770751127136,0.2543275120968794,0.3759262034936006,0.12426561876831677,0.0,0.03155081080800381,0.37543973895192156,0.1508655312388919,0.0,0.0,0.4247803723336248,0.27077998165539885,0.0934483807591068,0.037514402020775404,0.3983669874801644,0.2723215565742376,0.17543534812250447,0.16897377660866544,0.2903303533283263,0.11990597221571926,0.04288703074935089,0.10821748455633916,0.39974204502699606,0.0,0.23309879091460373,0.0,1.0,0.0,0.0,0.0,0.0,0.0,0.0,0.0,0.0,0.0,0.0,0.0,0.0,0.16708358040663684,0.0,0.0,0.0,0.0,0.0,0.03333144371086925,0.0,0.0,0.11681281950202085,0.26542725176835436,0.0,0.0,0.0,0.0,0.0,0.0,0.0,0.0,0.0,0.0,0.0,0.0,0.0,0.0,0.0,0.0,0.0,0.0,0.0,0.0,0.0,0.0,0.002835019281761696,0.32689483359126564,0.014158915627781252,0.0,0.0,0.0,0.0,0.0,0.0,0.0,0.0,0.0
0.15869981559227783,0.25472051418742697,0.48503354217293,0.6862544647777763,0.48946855088445856,0.2529430424265127,0.0,0.0,0.0,0.033116516224344285,0.0,0.0,0.0,0.0,0.0,0.0,0.0,0.0,0.0,0.0,0.0,0.0,0.0,0.0,0.0,0.0,0.3893409621831158,0.0,0.22329876014034936,0.0,0.0,1.0,0.4066925945876454,0.0,0.0,0.0,0.0,0.0,0.0,0.0,0.0,0.0,0.0,0.0,0.0,0.0,0.0,0.0,0.0,0.0,0.0,0.0,0.0,0.0,0.0,0.0,0.0,0.0,0.0,0.0,0.0,0.0,0.0,0.0,0.0,0.0,0.0,0.0,0.0,0.0,0.0,0.0,0.0,0.0,0.0,0.0,0.0,0.0,0.0,0.0,0.0,0.0,0.0,0.0,0.0,0.0,0.0,0.0
0.2501440969211614,0.1694085573210452,0.2581094563203769,0.4914718927278876,0.6859247528380678,0.4874640869052882,0.025475930760237513,0.0,0.14189826487099505,0.39212164376480796,0.0,0.0,0.0,0.0,0.0,0.0,0.0,0.0,0.0,0.0,0.0,0.0,0.0,0.0,0.0,0.0,0.03550946493879996,0.0,0.0,0.0,0.0,0.4066925945876454,1.0,0.41914783204225653,0.0,0.0,0.0,0.0,0.0,0.0,0.0,0.0,0.0,0.0,0.0,0.0,0.0,0.0,0.0,0.0,0.0,0.0,0.0,0.0,0.0,0.0,0.0,0.0,0.0,0.0,0.0,0.0,0.0,0.0,0.0,0.0,0.0,0.0,0.0,0.0,0.0,0.0,0.0,0.0,0.0,0.0,0.0,0.0,0.0,0.0,0.0,0.0,0.0,0.0,0.0,0.0,0.0,0.0
0.24826978097066257,0.03584833375425276,0.0,0.13649101689138235,0.39005339425455365,0.4848305757336443,0.1564207932445452,0.25241243171646477,0.4919272816483268,0.6859452985325598,0.0,0.0,0.0,0.03565209948505173,0.0,0.0,0.0,0.0,0.0,0.0,0.0,0.0,0.0,0.0,0.0,0.0,0.0,0.0,0.0,0.0,0.0,0.0,0.41914783204225653,1.0,0.40868334474636125,0.0,0.0,0.0,0.0,0.0,0.0,0.0,0.0,0.0,0.0,0.0,0.0,0.0,0.0,0.0,0.0,0.0,0.0,0.0,0.0,0.0,0.0,0.0,0.0,0.0,0.0,0.0,0.0,0.0,0.0,0.0,0.0,0.0,0.0,0.0,0.0,0.0,0.0,0.0,0.0,0.0,0.0,0.0,0.0,0.0,0.0,0.0,0.0,0.0,0.0,0.0,0.0,0.0
0.1632432595946633,0.0,0.0,0.0,0.03785823857543669,0.25591475011413906,0.24991903664749351,0.4859529525150272,0.6858573721501708,0.49262327246257076,0.03130797637195975,0.0,0.14253504595344377,0.3942091282606612,0.0,0.0,0.0,0.0,0.0,0.0,0.0,0.0,0.0,0.0,0.0,0.0,0.0,0.0,0.0,0.0,0.0,0.0,0.0,0.40868334474636125,1.0,0.42563729272556045,0.0,0.0,0.0,0.0,0.0,0.0,0.0,0.0,0.0,0.0,0.0,0.0,0.0,0.0,0.0,0.0,0.0,0.0,0.0,0.0,0.0,0.0,0.0,0.0,0.0,0.0,0.0,0.0,0.0,0.0,0.0,0.0,0.0,0.0,0.0,0.0,0.0,0.0,0.0,0.0,0.0,0.0,0.0,0.0,0.0,0.0,0.0,0.0,0.0,0.0,0.0,0.0
0.03455720120605231,0.0,0.0,0.0,0.0,0.0,0.24981956762670474,0.4857156954895843,0.3931593415605177,0.1423838702528293,0.16109548494981107,0.2546604228467589,0.4913803319608102,0.6859139832855018,0.0,0.0,0.0,0.03535508544352678,0.0,0.0,0.0,0.0,0.0,0.0,0.0,0.0,0.0,0.0,0.0,0.0,0.0,0.0,0.0,0.0,0.42563729272556045,1.0,0.40653186159457827,0.0,0.0,0.0,0.0,0.0,0.0,0.0,0.0,0.0,0.0,0.0,0.0,0.0,0.0,0.0,0.0,0.0,0.0,0.0,0.0,0.0,0.0,0.0,0.0,0.0,0.0,0.0,0.0,0.0,0.0,0.0,0.0,0.0,0.0,0.0,0.0,0.0,0.0,0.0,0.0,0.0,0.0,0.0,0.0,0.0,0.0,0.0,0.0,0.0,0.0,0.0
0.0,0.0,0.0,0.0,0.0,0.0,0.16284597922476277,0.2557710106690186,0.03658318389876715,0.0,0.2491397510399292,0.48622295643680735,0.6858862263938935,0.49147316870262103,0.03539364015246135,0.0,0.1415430153643671,0.3933488911101739,0.0,0.0,0.0,0.0,0.0,0.0,0.0,0.0,0.0,0.0,0.0,0.0,0.0,0.0,0.0,0.0,0.0,0.40653186159457827,1.0,0.42405079361109405,0.0,0.0,0.0,0.0,0.0,0.0,0.0,0.0,0.0,0.0,0.0,0.0,0.0,0.0,0.0,0.0,0.0,0.0,0.0,0.0,0.0,0.0,0.0,0.0,0.0,0.0,0.0,0.0,0.0,0.0,0.0,0.0,0.0,0.0,0.0,0.0,0.0,0.0,0.0,0.0,0.0,0.0,0.0,0.0,0.0,0.0,0.0,0.0,0.0,0.0
0.0,0.0,0.0,0.0,0.0,0.0,0.03539792718236756,0.0,0.0,0.0,0.24914164651240545,0.4862233780135352,0.3933485884438146,0.14154412624097326,0.1628455177392718,0.25576910954794635,0.49147263502432087,0.685886401976594,0.0,0.0,0.0,0.03657751525537411,0.0,0.0,0.0,0.0,0.0,0.0,0.0,0.0,0.0,0.0,0.0,0.0,0.0,0.0,0.42405079361109405,1.0,0.4065291066778813,0.0,0.0,0.0,0.0,0.0,0.0,0.0,0.0,0.0,0.0,0.0,0.0,0.0,0.054943373196767925,0.0,0.0,0.0,0.0,0.057706201329666876,0.0,0.0,0.0,0.0,0.0,0.0,0.0,0.0,0.0,0.0,0.0,0.0,0.0,0.0,0.0,0.0,0.0,0.0,0.0,0.0,0.12579067560013646,0.11490564712460896,0.0,0.0,0.0,0.0,0.0,0.0,0.0,0.0
0.0,0.0,0.0,0.0,0.0,0.0,0.0,0.0,0.0,0.0,0.16110075556056402,0.2546605670397406,0.035353621880495845,0.0,0.24982224640208642,0.4857187979913808,0.6859139531709121,0.4913783743103043,0.034558279291741836,0.0,0.14238243829784805,0.39316088633870566,0.0,0.0,0.0,0.0,0.0,0.0,0.0,0.0,0.0,0.0,0.0,0.0,0.0,0.0,0.0,0.4065291066778813,1.0,0.42563969609405816,0.0,0.0,0.0,0.0,0.0,0.0,0.0,0.0,0.0,0.0,0.13874740080865963,0.38973280728444054,0.4049228275221453,0.15929268461218288,0.0,0.0015207724156456827,0.19823078340401307,0.4306495668553316,0.0,0.0,0.0,0.0,0.0,0.0,0.0,0.0,0.0,0.0,0.0,0.0,0.0,0.0,0.0,0.0,0.0,0.0,0.0,0.0,0.346952234024177,0.35321519732843404,0.0,0.0,0.0,0.0,0.0,0.0,0.0,0.0
0.0,0.0,0.0,0.0,0.0,0.0,0.0,0.0,0.0,0.0,0.031312509091323215,0.0,0.0,0.0,0.2499166683440419,0.48595204534128655,0.39420759930459087,0.1425311958242229,0.163240218140377,0.25591288349918107,0.49262106133817113,0.6858567702500612,0.0,0.0,0.0,0.03785582726915743,0.0,0.0,0.0,0.0,0.0,0.0,0.0,0.0,0.0,0.0,0.0,0.0,0.42563969609405816,1.0,0.4086789610129485,0.0,0.0,0.0,0.18449688376020726,0.0,0.0,0.0,0.0,0.18084057258420355,0.313045026099532,0.377931670411172,0.3716155549631335,0.28320605595718223,0.16659713633478326,0.013233792342674303,0.044241993871586095,0.22752850107305225,0.016416918308791013,0.0,0.0,0.0,0.05770402145857219,0.0,0.0,0.0,0.3031305803776516,0.15466148095747165,0.0,0.0,0.0,0.2333409268835966,0.0,0.16831616614525396,0.0,0.0,0.0,0.006675544439242552,0.14392211674809696,0.0,0.0,0.0,0.0,0.0,0.0,0.0,0.0,0.3976069984401565
0.0,0.0,0.0,0.0,0.0,0.0,0.0,0.0,0.0,0.0,0.0,0.0,0.0,0.0,0.15642291319825627,0.25241315284066534,0.03564866590817903,0.0,0.24826845602384326,0.4848307941253438,0.6859457620343615,0.4919266913578113,0.035852254807682366,0.0,0.1364898413805031,0.3900504266401857,0.0,0.0,0.0,0.0,0.0,0.0,0.0,0.0,0.0,0.0,0.0,0.0,0.0,0.4086789610129485,1.0,0.4191364340420474,0.0,0.0,0.0,0.0,0.0,0.0,0.0,0.048775831932172116,0.0,0.0,0.0,0.051260954892046746,0.0,0.0,0.0,0.0,0.0,0.0,0.0,0.0,0.0,0.0,0.0,0.0,0.29431885751082515,0.3646106732293212,0.062376417728694844,0.0,0.0,0.6308122325544344,0.0,0.7108192122286707,0.0,0.0,0.0,0.0,0.0,0.0,0.0,0.0,0.0,0.0,0.0,0.0,0.0,0.2762422013112756
0.0,0.0,0.0,0.0,0.0,0.0,0.0,0.0,0.0,0.0,0.0,0.0,0.0,0.0,0.02547901887452443,0.0,0.0,0.0,0.2501472889793634,0.4874633859023504,0.3921144997396709,0.14189122574002377,0.1694114923067429,0.25811318106238407,0.491474034281854,0.6859243691611819,0.0,0.035510089613462074,0.0,0.0,0.0,0.0,0.0,0.0,0.0,0.0,0.0,0.0,0.0,0.0,0.4191364340420474,1.0,0.40670066402294963,0.0,0.0,0.0,0.0,0.0,0.0,0.0,0.0,0.0,0.0,0.0,0.0,0.0,0.0,0.0,0.0,0.0,0.0,0.0,0.0,0.0,0.0,0.0,0.0,0.0,0.0,0.0,0.0,0.3063650471685266,0.0,0.5453328543547233,0.0,0.0,0.0,0.0,0.0,0.0,0.0,0.0,0.0,0.0,0.0,0.0,0.0,0.0
0.0,0.0,0.0,0.0,0.0,0.0,0.0,0.0,0.0,0.0,0.0,0.0,0.0,0.0,0.0,0.0,0.0,0.0,0.15870537388437675,0.2529436035100768,0.03311779400837497,0.0,0.2547208748246026,0.4850359475121654,0.6862548358967995,0.48946947221465403,0.0,0.38933350128490735,0.0,0.22327654384983667,0.0,0.0,0.0,0.0,0.0,0.0,0.0,0.0,0.0,0.0,0.0,0.40670066402294963,1.0,0.0,0.0,0.0,0.0,0.0,0.0,0.0,0.0,0.0,0.0,0.0,0.0,0.0,0.0,0.0,0.0,0.0,0.0,0.0,0.0,0.0,0.0,0.0,0.0,0.0,0.0,0.0,0.0,0.0,0.0,0.0,0.0,0.0,0.0,0.0,0.0,0.0,0.0,0.0,0.0,0.0,0.0,0.0,0.0,0.0
0.39820462530530143,0.2902422388114705,0.11979309229645858,0.04268805652088659,0.10796343824544155,0.27208450542788076,0.4246916233364959,0.2706975422906276,0.16883686098108752,0.1752238491990995,0.3754307021709913,0.15087579740976556,0.037511135724431884,0.09341294002625909,0.3759407873023111,0.12429408196593537,0.0,0.0,0.4860109936108401,0.25433302447288353,0.03156388347141977,0.0,0.6868644762734611,0.4926813323527458,0.2561416497141179,0.170530063675852,0.0,0.3997313100473355,0.0,0.23309920380652707,0.16708358040663684,0.0,0.0,0.0,0.0,0.0,0.0,0.0,0.0,0.0,0.0,0.0,0.0,1.0,0.0,0.0,0.0,0.0,0.0,0.0,0.0,0.0,0.0,0.0,0.0,0.0,0.0,0.0,0.0,0.0,0.0,0.0,0.0,0.0,0.0,0.0,0.0,0.0,0.0,0.0,0.0,0.0,0.0,0.0,0.0,0.0,0.0,0.0,0.0,0.0,0.0,0.0,0.0,0.0,0.0,0.0,0.0,0.0
0.0,0.0,0.0,0.0,0.0,0.0,0.0,0.0,0.0,0.0,0.0,0.0,0.0,0.0,0.0,0.022728954231304596,0.0,0.0,0.0,0.0,0.07882272741094937,0.15761369251887333,0.0,0.0,0.0,0.0,0.0,0.0,0.0,0.0,0.0,0.0,0.0,0.0,0.0,0.0,0.0,0.0,0.0,0.18449688376020726,0.0,0.0,0.0,0.0,1.0,0.7383103507710324,0.5469798196942371,0.47239588910558933,0.5435386906776227,0.7350233802711091,0.7298233068345809,0.5455493668145673,0.4771826989740839,0.5420710068377029,0.5221647674852686,0.2988598846475497,0.21486818442325903,0.3048900872892363,0.40779523984824373,0.17141185241959095,0.03829807402246016,0.0838176224895693,0.3838620226078049,0.1616158851748694,0.0,0.0,0.4315095648548617,0.24904920158278704,0.06565235021204989,0.031959426970733916,0.30560842295148355,0.1577169197724031,0.07160757116000377,0.006748411126715265,0.48599998880808015,0.15869981559227783,0.25014409692116124,0.2482697809706625,0.1632432595946632,0.03455720120605231,0.0,0.0,0.0,0.0,0.0,0.0,0.0,0.39820462530530143
0.0,0.0,0.0,0.0,0.0,0.0,0.0,0.0,0.0,0.0,0.0,0.0,0.0,0.0,0.0,0.0,0.0,0.0,0.0,0.0,0.0,0.0,0.0,0.0,0.0,0.0,0.0,0.0,0.0,0.0,0.0,0.0,0.0,0.0,0.0,0.0,0.0,0.0,0.0,0.0,0.0,0.0,0.0,0.0,0.7383103507710324,1.0,0.7425839223742362,0.5485797284083545,0.48343947192503267,0.5500689824024523,0.5328082974721502,0.3053489930918366,0.218927920223791,0.3080377478776938,0.4317653370961857,0.19357323274118135,0.05026763003982489,0.08935524745301586,0.4207623912091368,0.22145870120641972,0.05105462284233162,0.03280204549102552,0.43158728494881576,0.27458917296500507,0.1301933460426483,0.10343806285600605,0.41279736515615134,0.26248986731056945,0.14584811861512623,0.15246100959959555,0.5479682754302639,0.12105994298042533,0.3237454768921775,0.0,0.6868653218234825,0.2547205141874271,0.1694085573210452,0.03584833375425276,0.0,0.0,0.0,0.0,0.0,0.0,0.0,0.0,0.0,0.2902422388114705
0.0,0.0,0.0,0.0,0.0,0.0,0.0,0.0,0.0,0.0,0.0,0.0,0.0,0.0,0.0,0.0,0.0,0.0,0.0,0.0,0.0,0.0,0.0,0.0,0.0,0.0,0.0,0.0,0.0,0.0,0.0,0.0,0.0,0.0,0.0,0.0,0.0,0.0,0.0,0.0,0.0,0.0,0.0,0.0,0.5469798196942371,0.7425839223742362,1.0,0.7375051508128971,0.5545997595535219,0.4813189716481959,0.2971022510398027,0.09638736852972213,0.06676828023032834,0.21789400371089196,0.17509040152893648,0.0,0.0,0.0,0.18615172470866279,0.00018453604359669882,0.0,0.0,0.24911858133155057,0.1458107618751616,0.0,0.0,0.262472215746588,0.18642228888106416,0.10353995392768456,0.08568915769428576,0.7344822900477534,0.0770825387194572,0.4912089905863208,0.0,0.4926931717335824,0.48503354217293015,0.2581094563203769,0.0,0.0,0.0,0.0,0.0,0.0,0.0,0.0,0.0,0.0,0.11979309229645858
0.0,0.0,0.0,0.0,0.0,0.0,0.0,0.0,0.0,0.0,0.0,0.0,0.0,0.0,0.0,0.0,0.0,0.0,0.0,0.0,0.0,0.0,0.0,0.0,0.0,0.0,0.0,0.0,0.10801496906344774,0.0,0.0,0.0,0.0,0.0,0.0,0.0,0.0,0.0,0.0,0.0,0.0,0.0,0.0,0.0,0.47239588910558933,0.5485797284083545,0.7375051508128971,1.0,0.7454831866511302,0.5489952034756581,0.202301999659399,0.05775933311750957,0.10368663328595054,0.3090694669749679,0.019935793963138587,0.0,0.0,0.0,0.0,0.0,0.0,0.0,0.06565145793614109,0.0,0.0,0.0,0.14574229495430482,0.10342645340122862,0.0,0.0,0.5430417642649715,0.06815495781572388,0.31989282756156456,0.0,0.2561458897877916,0.6862544647777763,0.49147189272788744,0.13649101689138235,0.0,0.0,0.0,0.0,0.0,0.0,0.0,0.0,0.0,0.04268805652088659
0.0,0.0,0.0,0.0,0.0,0.0,0.0,0.0,0.0,0.0,0.0,0.0,0.0,0.0,0.0,0.0,0.0,0.0,0.0,0.0,0.05461034730567199,0.05114351492237329,0.0,0.0,0.0,0.0,0.14980566151978328,0.0,0.25503184291752984,0.0,0.0,0.0,0.0,0.0,0.0,0.0,0.0,0.0,0.0,0.0,0.0,0.0,0.0,0.0,0.5435386906776227,0.48343947192503267,0.5545997595535219,0.7454831866511302,1.0,0.7375442031593368,0.2973071596148383,0.21494600462108915,0.31420746901733343,0.5428935550130649,0.06690731594387665,0.0,0.0,0.0,0.0,0.0,0.0,0.0,0.031915206760475955,0.0,0.0,0.0,0.1523022574505365,0.08550837477569868,0.0,0.0,0.31207002891430163,0.09414162854028024,0.07806252137558893,0.017256835341223662,0.17052770751127136,0.4894685508844585,0.6859247528380676,0.39005339425455365,0.03785823857543669,0.0,0.0,0.0,0.0,0.0,0.0,0.0,0.0,0.10796343824544155
0.0,0.0,0.0,0.0,0.0,0.0,0.0,0.0,0.0,0.0,0.0,0.0,0.0,0.0,0.0,0.12026214318599765,0.039438797117097954,0.0,0.0,0.0,0.16013021442938097,0.21764472402282986,0.0,0.0,0.0,0.0,0.039167551373815196,0.0,0.08639925599071606,0.0,0.03333144371086925,0.0,0.0,0.0,0.0,0.0,0.0,0.0,0.0,0.18084057258420355,0.048775831932172116,0.0,0.0,0.0,0.7350233802711091,0.5500689824024523,0.4813189716481959,0.5489952034756581,0.7375442031593368,1.0,0.5375653124923978,0.47660471162995466,0.5524537337750434,0.7354882344820406,0.2858651937688402,0.08635376092993602,0.060594040423656424,0.21506805539176801,0.15348018635612162,0.0,0.0,0.0,0.16157758378187195,0.0,0.0,0.0,0.2744500100376529,0.14566272384985451,0.0,0.0,0.2159683029491393,0.13210912970402397,0.0,0.035854822602897504,0.2543275120968794,0.2529430424265126,0.4874640869052882,0.4848305757336443,0.25591475011413906,0.0,0.0,0.0,0.0,0.0,0.0,0.0,0.0,0.27208450542788076
0.0,0.0,0.0,0.0,0.0,0.0,0.0,0.0,0.0,0.0,0.0,0.0,0.0,0.0,0.0,0.0943751658463251,0.10708246732947864,0.0,0.0,0.0,0.07262253824678669,0.21253800752129912,0.0,0.0,0.0,0.0,0.0,0.0,0.0,0.0,0.0,0.0,0.0,0.0,0.0,0.0,0.0,0.0,0.13874740080865963,0.313045026099532,0.0,0.0,0.0,0.0,0.7298233068345809,0.5328082974721502,0.2971022510398027,0.202301999659399,0.2973071596148383,0.5375653124923978,1.0,0.7368519209504352,0.5418845291796637,0.47019345434773946,0.7308272578220101,0.545179695509628,0.4764148999239906,0.5430532327545622,0.5198533534719992,0.29351517302190105,0.21183859178199804,0.3048073597981569,0.4077881506858319,0.1534924731004866,0.017345072056597445,0.07141125070053299,0.4207155592022369,0.1861089165763797,0.0,0.0,0.08084840849881776,0.08014301252816788,0.0,0.0,0.37592620349360073,0.0,0.025475930760237513,0.1564207932445451,0.24991903664749343,0.24981956762670465,0.16284597922476277,0.03539792718236773,0.0,0.0,0.0,0.0,0.0,0.4246916233364959
0.0,0.0,0.0,0.0,0.0,0.0,0.0,0.0,0.0,0.0,0.0,0.0,0.0,0.0,0.027797965976693883,0.24287727653361027,0.3073041506062824,0.12829822791945994,0.0,0.0,0.0957721688151642,0.28613710707770196,0.0,0.0,0.0,0.0,0.0,0.0,0.0,0.0,0.0,0.0,0.0,0.0,0.0,0.0,0.0,0.0,0.38973280728444054,0.377931670411172,0.0,0.0,0.0,0.0,0.5455493668145673,0.3053489930918366,0.09638736852972213,0.05775933311750957,0.21494600462108915,0.47660471162995466,0.7368519209504352,1.0,0.7348706658368157,0.5487952486797244,0.5433929277067162,0.47900585328823336,0.5523406201568848,0.7361473902253826,0.2935118242100085,0.08717791421554394,0.0593783457662829,0.21597799465839188,0.17139520393954422,0.0,0.0,0.0,0.22140691538798116,0.00012882316200397208,0.0,0.0,0.0,0.0,0.0,0.0,0.12426561876831693,0.0,0.0,0.25241243171646466,0.4859529525150271,0.4857156954895843,0.2557710106690186,0.0,0.0,0.0,0.0,0.0,0.0,0.2706975422906276
