1.0,0.7383103507710324,0.5469798196942371,0.4723958891055894,0.5435386906776225,0.7350233802711091,0.7298233068345809,0.5455493668145677,0.47718269897408394,0.5420710068377029,0.5221647674852686,0.29885988464754987,0.2148681844232592,0.30489008728923644,0.40779523984824373,0.17141185241959078,0.03829807402246033,0.08381762248956962,0.3838620226078049,0.16161588517486924,0.0,0.0,0.4315095648548615,0.24904920158278687,0.06565235021204972,0.031959426970733916,0.30560842295148355,0.15771691977240293,0.0716075711600036,0.006748411126715265,0.4859999888080801,0.15869981559227783,0.2501440969211612,0.24826978097066257,0.16324325959466338,0.034557201206052476,0.0,0.0,0.0,0.0,0.0,0.0,0.0,0.3982046253053014,0.0,0.0,0.0,0.0,0.0,0.0,0.0,0.0,0.0,0.0,0.0,0.0,0.0,0.0,0.0,0.0,0.0,0.0,0.0,0.0,0.0,0.0,0.0,0.0,0.0,0.0,0.0,0.0,0.0,0.0,0.0,0.0,0.0,0.010079352848451073,0.0,0.0,0.0,0.0,0.0,0.0,0.0,0.0,0.0,0.0
0.7383103507710324,1.0,0.7425839223742365,0.5485797284083545,0.48343947192503267,0.5500689824024524,0.5328082974721503,0.30534899309183683,0.218927920223791,0.3080377478776938,0.4317653370961857,0.19357323274118152,0.05026763003982489,0.08935524745301603,0.4207623912091366,0.22145870120641956,0.05105462284233179,0.03280204549102585,0.4315872849488158,0.274589172965005,0.1301933460426483,0.10343806285600621,0.4127973651561512,0.2624898673105693,0.1458481186151259,0.15246100959959555,0.5479682754302639,0.121059942980425,0.3237454768921775,0.0,0.6868653218234826,0.25472051418742714,0.1694085573210452,0.03584833375425293,0.0,0.0,0.0,0.0,0.0,0.0,0.0,0.0,0.0,0.29024223881147054,0.0,0.0,0.0,0.0,0.0,0.0,0.0,0.0,0.016985917619452253,0.13511498369154495,0.0,0.0,0.0,0.0,0.0,0.0,0.0,0.0,0.0,0.0,0.0,0.0,0.0,0.0,0.0,0.0,0.0,0.0,0.0,0.0,0.0,0.0,0.0,0.19802626541013332,0.0,0.0,0.0,0.0,0.0,0.0,0.0,0.0,0.0,0.0
0.5469798196942371,0.7425839223742365,1.0,0.737505150812897,0.554599759553522,0.481318971648196,0.29710225103980287,0.0963873685297223,0.06676828023032834,0.2178940037108918,0.17509040152893665,0.0,0.0,0.0,0.18615172470866295,0.00018453604359669882,0.0,0.0,0.2491185813315509,0.14581076187516176,0.0,0.0,0.2624722157465881,0.18642228888106416,0.10353995392768456,0.08568915769428592,0.7344822900477534,0.07708253871945703,0.4912089905863206,0.0,0.4926931717335828,0.48503354217293,0.25810945632037674,0.0,0.0,0.0,0.0,0.0,0.0,0.0,0.0,0.0,0.0,0.11979309229645892,0.0,0.0,0.0,0.0,0.0,0.0,0.0,0.0,0.0,0.02663751459288934,0.0,0.0,0.0,0.0,0.0,0.0,0.0,0.0,0.0,0.0,0.0,0.0,0.0,0.0,0.0,0.0,0.0,0.0,0.0,0.0,0.0,0.0,0.01955790258678992,0.09974825946896063,0.0,0.0,0.0,0.0,0.0,0.0,0.0,0.0,0.0,0.0
0.4723958891055894,0.5485797284083545,0.737505150812897,1.0,0.7454831866511306,0.5489952034756583,0.20230199965939916,0.057759333117509894,0.10368663328595054,0.3090694669749679,0.019935793963138587,0.0,0.0,0.0,0.0,0.0,0.0,0.0,0.06565145793614141,0.0,0.0,0.0,0.145742294954305,0.10342645340122862,0.0,0.0,0.5430417642649713,0.06815495781572388,0.3198928275615644,0.0,0.2561458897877919,0.6862544647777763,0.4914718927278875,0.13649101689138268,0.0,0.0,0.0,0.0,0.0,0.0,0.0,0.0,0.0,0.042688056520886926,0.0,0.0,0.0,0.0,0.0,0.0,0.0,0.0,0.0,0.0,0.0,0.0,0.0,0.0,0.0,0.0,0.0,0.0,0.0,0.0,0.0,0.0,0.0,0.0,0.0,0.0,0.0,0.0,0.0,0.0,0.0,0.0,0.0,0.0,0.0,0.0,0.0,0.0,0.0,0.0,0.0,0.0,0.0,0.0
0.5435386906776225,0.48343947192503267,0.554599759553522,0.7454831866511306,1.0,0.7375442031593364,0.2973071596148381,0.21494600462108915,0.31420746901733304,0.5428935550130646,0.06690731594387665,0.0,0.0,0.0,0.0,0.0,0.0,0.0,0.03191520676047612,0.0,0.0,0.0,0.1523022574505365,0.08550837477569885,0.0,0.0,0.31207002891430174,0.09414162854028041,0.07806252137558876,0.017256835341223988,0.17052770751127144,0.489468550884459,0.6859247528380675,0.39005339425455365,0.03785823857543652,0.0,0.0,0.0,0.0,0.0,0.0,0.0,0.0,0.10796343824544172,0.0,0.0,0.0,0.0,0.0,0.0,0.0,0.0,0.0,0.0,0.0,0.0,0.0,0.0,0.0,0.0,0.0,0.0,0.0,0.0,0.0,0.0,0.0,0.0,0.0,0.0,0.0,0.0,0.0,0.0,0.0,0.0,0.0,0.0,0.0,0.0,0.0,0.0,0.0,0.0,0.0,0.0,0.0,0.0
0.7350233802711091,0.5500689824024524,0.481318971648196,0.5489952034756583,0.7375442031593364,1.0,0.5375653124923979,0.47660471162995494,0.5524537337750433,0.7354882344820405,0.28586519376884034,0.08635376092993617,0.060594040423656424,0.21506805539176785,0.15348018635612146,0.0,0.0,0.0,0.16157758378187212,0.0,0.0,0.0,0.27445001003765285,0.14566272384985451,0.0,0.0,0.2159683029491393,0.13210912970402383,0.0,0.035854822602897504,0.2543275120968795,0.2529430424265128,0.48746408690528803,0.4848305757336443,0.25591475011413917,0.0,0.0,0.0,0.0,0.0,0.0,0.0,0.0,0.27208450542788076,0.0,0.0,0.0,0.0,0.0,0.0,0.0,0.0,0.0,0.0,0.0,0.0,0.0,0.0,0.0,0.0,0.0,0.0,0.0,0.0,0.0,0.0,0.0,0.0,0.0,0.0,0.0,0.0,0.0,0.0,0.0,0.0,0.0,0.0,0.0,0.0,0.0,0.0,0.0,0.0,0.0,0.0,0.0,0.0
0.7298233068345809,0.5328082974721503,0.29710225103980287,0.20230199965939916,0.2973071596148381,0.5375653124923979,1.0,0.7368519209504353,0.5418845291796638,0.47019345434773957,0.7308272578220101,0.545179695509628,0.4764148999239906,0.5430532327545622,0.519853353471999,0.29351517302190105,0.2118385917819982,0.30480735979815704,0.4077881506858319,0.15349247310048644,0.017345072056597445,0.07141125070053299,0.4207155592022368,0.18610891657637987,0.0,0.0,0.08084840849881793,0.08014301252816788,0.0,0.0,0.3759262034936006,0.0,0.025475930760237513,0.15642079324454503,0.24991903664749351,0.24981956762670465,0.16284597922476277,0.03539792718236756,0.0,0.0,0.0,0.0,0.0,0.42469162333649574,0.0,0.0,0.0,0.0,0.0,0.0,0.0,0.0,0.0,0.0,0.0,0.0,0.0,0.0,0.0,0.0,0.0,0.0,0.0,0.0,0.0,0.0,0.0,0.0,0.0,0.0,0.0,0.0,0.0,0.0,0.0,0.0,0.0,0.0,0.0,0.0,0.0,0.0,0.0,0.0,0.0,0.0,0.0,0.0
0.5455493668145677,0.30534899309183683,0.0963873685297223,0.057759333117509894,0.21494600462108915,0.47660471162995494,0.7368519209504353,1.0,0.7348706658368158,0.5487952486797246,0.5433929277067162,0.4790058532882333,0.5523406201568847,0.7361473902253824,0.29351182421000843,0.08717791421554394,0.0593783457662829,0.21597799465839204,0.17139520393954422,0.0,0.0,0.0,0.22140691538798116,0.00012882316200413656,0.0,0.0,0.0,0.0,0.0,0.0,0.12426561876831693,0.0,0.0,0.25241243171646466,0.4859529525150272,0.48571569548958415,0.25577101066901853,0.0,0.0,0.0,0.0,0.0,0.0,0.27069754229062737,0.0,0.0,0.0,0.0,0.0,0.0,0.0,0.0,0.0,0.0,0.0,0.0,0.0,0.0,0.0,0.0,0.0,0.0,0.0,0.0,0.0,0.0,0.0,0.0,0.0,0.0,0.0,0.0,0.0,0.0,0.0,0.0,0.0,0.0,0.0,0.0,0.0,0.0,0.0,0.0,0.0,0.0,0.0,0.0
0.47718269897408394,0.218927920223791,0.06676828023032834,0.10368663328595054,0.31420746901733304,0.5524537337750433,0.5418845291796638,0.7348706658368158,1.0,0.7479096965739996,0.29987816868322764,0.2139657158022127,0.31243106392467007,0.5431645216996427,0.07140217590251313,0.0,0.0,0.0,0.0,0.0,0.0,0.0,0.10335284605117168,0.0,0.0,0.0,0.0,0.0,0.0,0.0,0.0,0.0,0.14189826487099474,0.49192728164832644,0.685857372150171,0.39315934156051785,0.036583183898767475,0.0,0.0,0.0,0.0,0.0,0.0,0.1688368609810872,0.0,0.0,0.0,0.0,0.0,0.0,0.0,0.0,0.0,0.0,0.0,0.0,0.0,0.0,0.0,0.0,0.0,0.0,0.0,0.0,0.0,0.0,0.0,0.0,0.0,0.0,0.0,0.0,0.0,0.0,0.0,0.0,0.0,0.0,0.0,0.0,0.0,0.0,0.0,0.0,0.0,0.0,0.0,0.0
0.5420710068377029,0.3080377478776938,0.2178940037108918,0.3090694669749679,0.5428935550130646,0.7354882344820405,0.47019345434773957,0.5487952486797246,0.7479096965739996,1.0,0.20244380616281843,0.055726288898172514,0.10311890971387663,0.3114740369483065,0.0173278339950757,0.0,0.0,0.0,0.0,0.0,0.0,0.0,0.13006251758583953,0.0,0.0,0.0,0.0,0.020395943845703205,0.0,0.0,0.03155081080800381,0.033116516224344285,0.3921216437648077,0.6859452985325596,0.4926232724625709,0.14238387025282948,0.0,0.0,0.0,0.0,0.0,0.0,0.0,0.17522384919909942,0.0,0.0,0.0,0.0,0.0,0.0,0.0,0.0,0.0,0.0,0.0,0.0,0.0,0.0,0.0,0.0,0.0,0.0,0.0,0.0,0.0,0.0,0.0,0.0,0.0,0.0,0.0,0.0,0.0,0.0,0.0,0.0,0.0,0.0,0.0,0.0,0.0,0.0,0.0,0.0,0.0,0.0,0.0,0.0
0.5221647674852686,0.4317653370961857,0.17509040152893665,0.019935793963138587,0.06690731594387665,0.28586519376884034,0.7308272578220101,0.5433929277067162,0.29987816868322764,0.20244380616281843,1.0,0.7354285945448119,0.5421389708339309,0.47464782308408143,0.7308314875225411,0.5433961076377354,0.4746525366199014,0.5421417246835124,0.5221642234326063,0.2858732796757976,0.2024535009748521,0.29988322992266603,0.4317550687757033,0.17507837397507414,0.019937829222662955,0.0669176606865745,0.012221151748642948,0.012207001590589763,0.0,0.0,0.3754397389519214,0.0,0.0,0.0,0.031307976371959916,0.16109548494981116,0.24913975103992927,0.2491416465124056,0.16110075556056416,0.031312509091323056,0.0,0.0,0.0,0.375430702170991,0.0,0.0,0.0,0.0,0.0,0.0,0.0,0.0,0.11912752346661427,0.08630811305127266,0.0,0.0,0.0,0.0,0.0,0.0,0.0,0.0,0.0,0.0,0.0,0.0,0.0,0.0,0.0,0.0,0.0,0.0,0.0,0.0,0.0,0.0,0.0,0.06514730651614782,0.13078736137412406,0.0,0.0,0.0,0.0,0.0,0.0,0.0,0.0,0.0
0.29885988464754987,0.19357323274118152,0.0,0.0,0.0,0.08635376092993617,0.545179695509628,0.4790058532882333,0.2139657158022127,0.055726288898172514,0.7354285945448119,1.0,0.7361615417419188,0.5512983922850502,0.5451782269228364,0.47900306530568626,0.551298759695203,0.7361624495219002,0.2988513976137761,0.08634626989254496,0.055721664713382045,0.21396188799031135,0.19356687060730285,0.0,0.0,0.0,0.0,0.0,0.0,0.0,0.15086553123889174,0.0,0.0,0.0,0.0,0.2546604228467587,0.4862229564368073,0.4862233780135351,0.2546605670397409,0.0,0.0,0.0,0.0,0.1508757974097653,0.0,0.0,0.0,0.0,0.0,0.0,0.0,0.0,0.11615761845617205,0.01615471659568336,0.0,0.0,0.0,0.0,0.0,0.0,0.0,0.0,0.0,0.0,0.0,0.0,0.0,0.0,0.0,0.0,0.0,0.0,0.0,0.0,0.0,0.0,0.0,0.0,0.16515894340002193,0.0,0.0,0.0,0.0,0.0,0.0,0.0,0.0,0.0
0.2148681844232592,0.05026763003982489,0.0,0.0,0.0,0.060594040423656424,0.4764148999239906,0.5523406201568847,0.31243106392467007,0.10311890971387663,0.5421389708339309,0.7361615417419188,1.0,0.7473484014921605,0.3048031490979093,0.2159729766880034,0.31196575158675816,0.5435067286435009,0.08380279344010125,0.0,0.0,0.0,0.03278461612601352,0.0,0.0,0.0,0.0,0.0,0.0,0.0,0.0,0.0,0.0,0.0,0.14253504595344377,0.49138033196080994,0.6858862263938935,0.39334858844381465,0.03535362188049618,0.0,0.0,0.0,0.0,0.03751113572443156,0.0,0.0,0.0,0.0,0.0,0.0,0.0,0.0,0.0,0.0,0.0,0.0,0.0,0.0,0.0,0.0,0.0,0.0,0.0,0.0,0.0,0.0,0.0,0.0,0.0,0.0,0.0,0.0,0.0,0.0,0.0,0.0,0.0,0.0,0.0,0.0,0.0,0.0,0.0,0.0,0.0,0.0,0.0,0.0
0.30489008728923644,0.08935524745301603,0.0,0.0,0.0,0.21506805539176785,0.5430532327545622,0.7361473902253824,0.5431645216996427,0.3114740369483065,0.47464782308408143,0.5512983922850502,0.7473484014921605,1.0,0.21183255717224522,0.05937303032151872,0.10277012510298345,0.3119667249738252,0.03827895992949168,0.0,0.0,0.0,0.051020057682503436,0.0,0.0,0.0,0.0,0.0,0.0,0.0,0.0,0.0,0.0,0.035652099485051394,0.3942091282606612,0.6859139832855017,0.4914731687026211,0.14154412624097326,0.0,0.0,0.0,0.0,0.0,0.09341294002625876,0.0,0.0,0.0,0.0,0.0,0.0,0.0,0.0,0.0,0.0,0.0,0.0,0.0,0.0,0.0,0.0,0.0,0.0,0.0,0.0,0.0,0.0,0.0,0.0,0.0,0.0,0.0,0.0,0.0,0.0,0.0,0.0,0.0,0.0,0.0,0.0,0.0,0.0,0.0,0.0,0.0,0.0,0.0,0.0
0.40779523984824373,0.4207623912091366,0.18615172470866295,0.0,0.0,0.15348018635612146,0.519853353471999,0.29351182421000843,0.07140217590251313,0.0173278339950757,0.7308314875225411,0.5451782269228364,0.3048031490979093,0.21183255717224522,1.0,0.7368509990209822,0.5430553090598437,0.47641479581770607,0.7298215539159442,0.53756829371257,0.47019504692764547,0.5418827712913675,0.5328107149842012,0.2971007999324342,0.2023055697339127,0.2973130145992131,0.08021017699636257,0.08085131837588744,0.0,0.0,0.4247803723336247,0.0,0.0,0.0,0.0,0.0,0.03539364015246135,0.1628455177392718,0.24982224640208667,0.24991666834404222,0.1564229131982566,0.02547901887452443,0.0,0.375940787302311,0.0,0.0,0.0,0.0,0.0,0.0,0.0,0.02779796597669421,0.20504769479313834,0.19484717277023092,0.0,0.0,0.0,0.0,0.0,0.0,0.0,0.0,0.0,0.0,0.0,0.0,0.0,0.0,0.0,0.0,0.0,0.0,0.0,0.0,0.0,0.0,0.0,0.14511271476549534,0.16208663397378084,0.0,0.0,0.0,0.0,0.0,0.0,0.0,0.0,0.0
0.17141185241959078,0.22145870120641956,0.00018453604359669882,0.0,0.0,0.0,0.29351517302190105,0.08717791421554394,0.0,0.0,0.5433961076377354,0.47900306530568626,0.2159729766880034,0.05937303032151872,0.7368509990209822,1.0,0.736148460396316,0.5523382548526387,0.5455486807814969,0.47660619643724494,0.5487962640344007,0.7348703842905614,0.3053602922563052,0.09639478560842084,0.057764787463416185,0.21494879709295245,0.0,0.0,0.0,0.0,0.2707799816553985,0.0,0.0,0.0,0.0,0.0,0.0,0.2557691095479464,0.485718797991381,0.4859520453412868,0.2524131528406655,0.0,0.0,0.12429408196593504,0.022728954231304433,0.0,0.0,0.0,0.0,0.12026214318599782,0.09437516584632544,0.2428772765336106,0.37037733119027494,0.3065814689619492,0.0,0.0,0.0,0.15116813999486717,0.0,0.0,0.0,0.0,0.0,0.0,0.0,0.0,0.0,0.0,0.0,0.0,0.0,0.01000970355342996,0.0,0.03658297061615944,0.0,0.0,0.0,0.18922802333018582,0.3054130340841797,0.06541797953597328,0.0,0.0,0.0,0.0,0.0,0.0,0.0,0.05163340999290084
0.03829807402246033,0.05105462284233179,0.0,0.0,0.0,0.0,0.2118385917819982,0.0593783457662829,0.0,0.0,0.4746525366199014,0.551298759695203,0.31196575158675816,0.10277012510298345,0.5430553090598437,0.736148460396316,1.0,0.747347328825157,0.30489004496801525,0.21506637253250094,0.3114718157686905,0.5431633109635786,0.08936962636961021,0.0,0.0,0.0,0.0,0.0,0.0,0.0,0.09344838075910664,0.0,0.0,0.0,0.0,0.0,0.14154301536436675,0.4914726350243207,0.6859139531709123,0.3942075993045912,0.03564866590817952,0.0,0.0,0.0,0.0,0.0,0.0,0.0,0.0,0.03943879711709829,0.10708246732947897,0.3073041506062826,0.39875881192001916,0.24819396364802498,0.0,0.0,0.08970500628824712,0.29585110655373614,0.0,0.0,0.0,0.0,0.0,0.0,0.0,0.0,0.0,0.0,0.0,0.0,0.0,0.0,0.0,0.0,0.0,0.0,0.0,0.10221449952401776,0.38747255571094597,0.25593632301890934,0.0,0.0,0.0,0.0,0.0,0.0,0.0,0.0
0.08381762248956962,0.03280204549102585,0.0,0.0,0.0,0.0,0.30480735979815704,0.21597799465839204,0.0,0.0,0.5421417246835124,0.7361624495219002,0.5435067286435009,0.3119667249738252,0.47641479581770607,0.5523382548526387,0.747347328825157,1.0,0.2148625416437831,0.060585248556366426,0.10311122818350897,0.31242599907118507,0.050273771220144224,0.0,0.0,0.0,0.0,0.0,0.0,0.0,0.037514402020775404,0.0,0.0,0.0,0.0,0.03535508544352678,0.3933488911101738,0.6858864019765938,0.4913783743103043,0.14253119582422305,0.0,0.0,0.0,0.0,0.0,0.0,0.0,0.0,0.0,0.0,0.0,0.12829822791945994,0.24587308371451497,0.09139117084581404,0.0,0.0,0.0,0.15483194895234356,0.0,0.0,0.0,0.0,0.0,0.0,0.0,0.0,0.0,0.0,0.0,0.0,0.0,0.0,0.0,0.0,0.0,0.0,0.0,0.0,0.28946554479498066,0.1690180759497758,0.0,0.0,0.0,0.0,0.0,0.0,0.0,0.0
0.3838620226078049,0.4315872849488158,0.2491185813315509,0.06565145793614141,0.03191520676047612,0.16157758378187212,0.4077881506858319,0.17139520393954422,0.0,0.0,0.5221642234326063,0.2988513976137761,0.08380279344010125,0.03827895992949168,0.7298215539159442,0.5455486807814969,0.30489004496801525,0.2148625416437831,1.0,0.735023347129486,0.5420684223312394,0.47717985241741284,0.7383152458850925,0.5469812010013725,0.47240117975722273,0.5435446385969749,0.15784702890029295,0.3056130800429231,0.006898407829591288,0.0716172799024526,0.3983669874801646,0.0,0.0,0.0,0.0,0.0,0.0,0.0,0.034558279291741836,0.163240218140377,0.24826845602384343,0.25014728897936356,0.15870537388437708,0.48601099361084016,0.0,0.0,0.0,0.0,0.0,0.0,0.0,0.0,0.026927750700816204,0.07143790740290339,0.0,0.0,0.0,0.0,0.0,0.0,0.0,0.0,0.0,0.0,0.0,0.0,0.0,0.0,0.0,0.0,0.0,0.0,0.0,0.09548575729411383,0.0,0.0,0.0,0.03319097210003567,0.0,0.0,0.0,0.0,0.0,0.0,0.0,0.0,0.0,0.0
0.16161588517486924,0.274589172965005,0.14581076187516176,0.0,0.0,0.0,0.15349247310048644,0.0,0.0,0.0,0.2858732796757976,0.08634626989254496,0.0,0.0,0.53756829371257,0.47660619643724494,0.21506637253250094,0.060585248556366426,0.735023347129486,1.0,0.7354872891703191,0.5524531107085678,0.5500694741716364,0.48131638894357576,0.5489938553873567,0.737545396529639,0.13235395335307568,0.21596718340028584,0.03614253788749059,0.0,0.2723215565742376,0.0,0.0,0.0,0.0,0.0,0.0,0.0,0.0,0.2559128834991809,0.4848307941253438,0.48746338590235055,0.252943603510077,0.2543330244728838,0.0,0.0,0.0,0.0,0.0,0.0,0.0,0.0,0.02184129812002798,0.09088855261325852,0.0,0.0,0.0,0.0,0.0,0.0,0.0,0.0,0.0,0.0,0.0,0.0,0.0,0.002551313511187236,0.0,0.0,0.0,0.22661039139644923,0.0,0.3551495839837244,0.0,0.0,0.0,0.017087864613866008,0.0,0.0,0.0,0.0,0.0,0.0,0.0,0.0,0.0,0.0
0.0,0.1301933460426483,0.0,0.0,0.0,0.0,0.017345072056597445,0.0,0.0,0.0,0.2024535009748521,0.055721664713382045,0.0,0.0,0.47019504692764547,0.5487962640344007,0.3114718157686905,0.10311122818350897,0.5420684223312394,0.7354872891703191,1.0,0.7479092441134273,0.3080413757730323,0.21789496894857333,0.3090683660915324,0.542891284160129,0.020627867605645736,0.0,0.0,0.0,0.17543534812250464,0.0,0.0,0.0,0.0,0.0,0.0,0.0,0.14238243829784789,0.4926210613381709,0.6859457620343616,0.39211449973967105,0.03311779400837513,0.0315638834714201,0.07882272741094903,0.0,0.0,0.0,0.05461034730567216,0.16013021442938113,0.07262253824678669,0.0957721688151642,0.1796323256529961,0.22389703949024742,0.0,0.0,0.0,0.0,0.0,0.0,0.0,0.0,0.0,0.0,0.0,0.0,0.2111731962301345,0.22038942886807603,0.0,0.0,0.0,0.4085605321219637,0.0,0.47713369497509617,0.0,0.0,0.0,0.09178066803594762,0.010871420271190969,0.0,0.0,0.0,0.0,0.0,0.0,0.0,0.0,0.23793038885802997
0.0,0.10343806285600621,0.0,0.0,0.0,0.0,0.07141125070053299,0.0,0.0,0.0,0.29988322992266603,0.21396188799031135,0.0,0.0,0.5418827712913675,0.7348703842905614,0.5431633109635786,0.31242599907118507,0.47717985241741284,0.5524531107085678,0.7479092441134273,1.0,0.21893734174139776,0.06677529547919246,0.10369002317767671,0.3142071258329786,0.0,0.0,0.0,0.0,0.16897377660866567,0.0,0.0,0.0,0.0,0.0,0.0,0.03657751525537394,0.39316088633870533,0.6858567702500611,0.49192669135781175,0.14189122574002394,0.0,0.0,0.15761369251887317,0.0,0.0,0.0,0.05114351492237362,0.21764472402283003,0.21253800752129925,0.28613710707770196,0.35695723415921116,0.32964625904815936,0.06365468236552752,0.0,0.0,0.1542069825540717,0.0,0.0,0.0,0.0,0.0,0.0,0.0,0.0,0.21456958300159004,0.1453575090897725,0.0,0.0,0.0,0.2671987871834187,0.0,0.2756549100791231,0.0,0.0,0.0,0.16814970859763503,0.21079217381241414,0.0069098232638947965,0.0,0.0,0.0,0.0,0.0,0.0,0.0,0.2806217164575359
0.4315095648548615,0.4127973651561512,0.2624722157465881,0.145742294954305,0.1523022574505365,0.27445001003765285,0.4207155592022368,0.22140691538798116,0.10335284605117168,0.13006251758583953,0.4317550687757033,0.19356687060730285,0.03278461612601352,0.051020057682503436,0.5328107149842012,0.3053602922563052,0.08936962636961021,0.050273771220144224,0.7383152458850925,0.5500694741716364,0.3080413757730323,0.21893734174139776,1.0,0.742579968240498,0.5485813970921951,0.48344277590800716,0.12111759545523891,0.5479684827873921,0.0,0.32375217927971167,0.29033035332832635,0.0,0.0,0.0,0.0,0.0,0.0,0.0,0.0,0.0,0.035852254807682525,0.16941149230674316,0.2547208748246028,0.6868644762734614,0.0,0.0,0.0,0.0,0.0,0.0,0.0,0.0,0.0,0.0,0.0,0.0,0.0,0.0,0.0,0.0,0.0,0.0,0.0,0.0,0.0,0.0,0.0,0.0,0.0,0.0,0.0,0.0,0.0,0.0,0.0,0.0,0.0,0.0,0.0,0.0,0.0,0.0,0.0,0.0,0.0,0.0,0.0,0.0
0.24904920158278687,0.2624898673105693,0.18642228888106416,0.10342645340122862,0.08550837477569885,0.14566272384985451,0.18610891657637987,0.00012882316200413656,0.0,0.0,0.17507837397507414,0.0,0.0,0.0,0.2971007999324342,0.09639478560842084,0.0,0.0,0.5469812010013725,0.48131638894357576,0.21789496894857333,0.06677529547919246,0.742579968240498,1.0,0.7375082269708432,0.5546011771198252,0.07718388010628037,0.734482505405383,0.0,0.49120918691842985,0.11990597221571943,0.0,0.0,0.0,0.0,0.0,0.0,0.0,0.0,0.0,0.0,0.2581131810623841,0.4850359475121655,0.4926813323527462,0.0,0.0,0.0,0.0,0.0,0.0,0.0,0.0,0.0,0.0,0.0,0.0,0.0,0.0,0.0,0.0,0.0,0.0,0.0,0.0,0.0,0.0,0.0,0.0,0.0,0.0,0.0,0.0,0.0,0.0,0.0,0.0,0.0,0.0,0.0,0.0,0.0,0.0,0.0,0.0,0.0,0.0,0.0,0.0
0.06565235021204972,0.1458481186151259,0.10353995392768456,0.0,0.0,0.0,0.0,0.0,0.0,0.0,0.019937829222662955,0.0,0.0,0.0,0.2023055697339127,0.057764787463416185,0.0,0.0,0.47240117975722273,0.5489938553873567,0.3090683660915324,0.10369002317767671,0.5485813970921951,0.7375082269708432,1.0,0.7454823647052551,0.06839412318116603,0.5430387353079277,0.0,0.3198825930573384,0.04288703074935106,0.0,0.0,0.0,0.0,0.0,0.0,0.0,0.0,0.0,0.1364898413805031,0.49147403428185427,0.6862548358967995,0.25614164971411824,0.0,0.0,0.0,0.0,0.0,0.0,0.0,0.0,0.0,0.0,0.0,0.0,0.0,0.0,0.0,0.0,0.0,0.0,0.0,0.0,0.0,0.0,0.0,0.0,0.0,0.0,0.0,0.0,0.0,0.15002515874170402,0.0,0.0,0.0,0.0,0.0,0.0,0.0,0.0,0.0,0.0,0.0,0.0,0.0,0.0
0.031959426970733916,0.15246100959959555,0.08568915769428592,0.0,0.0,0.0,0.0,0.0,0.0,0.0,0.0669176606865745,0.0,0.0,0.0,0.2973130145992131,0.21494879709295245,0.0,0.0,0.5435446385969749,0.737545396529639,0.542891284160129,0.3142071258329786,0.48344277590800716,0.5546011771198252,0.7454823647052551,1.0,0.09445412131488286,0.31206834288924873,0.017641105470417758,0.07805556998251131,0.10821748455633932,0.0,0.0,0.0,0.0,0.0,0.0,0.0,0.0,0.037855827269157594,0.39005042664018574,0.6859243691611819,0.48946947221465387,0.1705300636758524,0.0,0.0,0.0,0.0,0.0,0.0,0.0,0.0,0.0,0.0,0.0,0.0,0.0,0.0,0.0,0.0,0.0,0.0,0.0,0.0,0.0,0.0,0.0,0.0,0.0,0.0,0.0,0.213378540333087,0.0,0.3861540314976121,0.0,0.0,0.0,0.0,0.0,0.0,0.0,0.0,0.0,0.0,0.0,0.0,0.0,0.0
0.30560842295148355,0.5479682754302639,0.7344822900477534,0.5430417642649713,0.31207002891430174,0.2159683029491393,0.08084840849881793,0.0,0.0,0.0,0.012221151748642948,0.0,0.0,0.0,0.08021017699636257,0.0,0.0,0.0,0.15784702890029295,0.13235395335307568,0.020627867605645736,0.0,0.12111759545523891,0.07718388010628037,0.06839412318116603,0.09445412131488286,1.0,0.0,0.7567250681602407,0.0,0.3997420450269965,0.3893409621831157,0.035509464938799626,0.0,0.0,0.0,0.0,0.0,0.0,0.0,0.0,0.0,0.0,0.0,0.0,0.0,0.0,0.0,0.1498056615197836,0.03916755137381536,0.0,0.0,0.0,0.10785025661258289,0.0,0.0,0.0,0.0,0.0,0.0,0.0,0.0,0.0,0.0,0.0,0.0,0.0,0.0,0.0,0.0,0.0,0.0,0.0,0.0,0.0,0.0,0.21912847991776507,0.16625867510843084,0.0,0.0,0.0,0.0,0.0,0.0,0.0,0.0,0.0,0.0
0.15771691977240293,0.121059942980425,0.07708253871945703,0.06815495781572388,0.09414162854028041,0.13210912970402383,0.08014301252816788,0.0,0.0,0.020395943845703205,0.012207001590589763,0.0,0.0,0.0,0.08085131837588744,0.0,0.0,0.0,0.3056130800429231,0.21596718340028584,0.0,0.0,0.5479684827873921,0.734482505405383,0.5430387353079277,0.31206834288924873,0.0,1.0,0.0,0.756725085230779,0.0,0.0,0.0,0.0,0.0,0.0,0.0,0.0,0.0,0.0,0.0,0.035510089613462074,0.38933350128490735,0.39973131004733564,0.0,0.0,0.0,0.0,0.0,0.0,0.0,0.0,0.0,0.0,0.0,0.0,0.0,0.0,0.0,0.0,0.0,0.0,0.0,0.0,0.0,0.0,0.0,0.0,0.0,0.0,0.0,0.0,0.0,0.0,0.0,0.0,0.0,0.0,0.0,0.0,0.0,0.0,0.0,0.0,0.0,0.0,0.0,0.0
0.0716075711600036,0.3237454768921775,0.4912089905863206,0.3198928275615644,0.07806252137558876,0.0,0.0,0.0,0.0,0.0,0.0,0.0,0.0,0.0,0.0,0.0,0.0,0.0,0.006898407829591288,0.03614253788749059,0.0,0.0,0.0,0.0,0.0,0.017641105470417758,0.7567250681602407,0.0,1.0,0.0,0.23309879091460417,0.22329876014034936,0.0,0.0,0.0,0.0,0.0,0.0,0.0,0.0,0.0,0.0,0.0,0.0,0.0,0.0,0.0,0.10801496906344792,0.25503184291753034,0.08639925599071623,0.0,0.0,0.0,0.09511647142536074,0.0,0.0,0.0,0.0,0.0,0.0,0.0,0.0,0.0,0.0,0.0,0.0,0.0,0.0,0.0,0.0,0.0,0.0,0.0,0.0,0.0,0.020462686777240703,0.32776035431058614,0.12929207096821504,0.0,0.0,0.0,0.0,0.0,0.0,0.0,0.0,0.0,0.0
0.006748411126715265,0.0,0.0,0.0,0.017256835341223988,0.035854822602897504,0.0,0.0,0.0,0.0,0.0,0.0,0.0,0.0,0.0,0.0,0.0,0.0,0.0716172799024526,0.0,0.0,0.0,0.32375217927971167,0.49120918691842985,0.3198825930573384,0.07805556998251131,0.0,0.756725085230779,0.0,1.0,0.0,0.0,0.0,0.0,0.0,0.0,0.0,0.0,0.0,0.0,0.0,0.0,0.22327654384983667,0.23309920380652735,0.0,0.0,0.0,0.0,0.0,0.0,0.0,0.0,0.0,0.0,0.0,0.0,0.0,0.0,0.0,0.0,0.0,0.0,0.0,0.0,0.0,0.0,0.0,0.0,0.0,0.0,0.0,0.0,0.0,0.0,0.0,0.0,0.0,0.0,0.0,0.0,0.0,0.0,0.0,0.0,0.0,0.0,0.0,0.0
0.4859999888080801,0.6868653218234826,0.4926931717335828,0.2561458897877919,0.17052770751127144,0.2543275120968795,0.3759262034936006,0.12426561876831693,0.0,0.03155081080800381,0.3754397389519214,0.15086553123889174,0.0,0.0,0.4247803723336247,0.2707799816553985,0.09344838075910664,0.037514402020775404,0.3983669874801646,0.2723215565742376,0.17543534812250464,0.16897377660866567,0.29033035332832635,0.11990597221571943,0.04288703074935106,0.10821748455633932,0.3997420450269965,0.0,0.23309879091460417,0.0,1.0,0.0,0.0,0.0,0.0,0.0,0.0,0.0,0.0,0.0,0.0,0.0,0.0,0.16708358040663696,0.0,0.0,0.0,0.0,0.0,0.03333144371086925,0.0,0.0,0.11681281950202065,0.26542725176835413,0.0,0.0,0.0,0.0,0.0,0.0,0.0,0.0,0.0,0.0,0.0,0.0,0.0,0.0,0.0,0.0,0.0,0.0,0.0,0.0,0.0,0.0,0.002835019281761696,0.3268948335912654,0.014158915627780827,0.0,0.0,0.0,0.0,0.0,0.0,0.0,0.0,0.0
0.15869981559227783,0.25472051418742714,0.48503354217293,0.6862544647777763,0.489468550884459,0.2529430424265128,0.0,0.0,0.0,0.033116516224344285,0.0,0.0,0.0,0.0,0.0,0.0,0.0,0.0,0.0,0.0,0.0,0.0,0.0,0.0,0.0,0.0,0.3893409621831157,0.0,0.22329876014034936,0.0,0.0,1.0,0.4066925945876455,0.0,0.0,0.0,0.0,0.0,0.0,0.0,0.0,0.0,0.0,0.0,0.0,0.0,0.0,0.0,0.0,0.0,0.0,0.0,0.0,0.0,0.0,0.0,0.0,0.0,0.0,0.0,0.0,0.0,0.0,0.0,0.0,0.0,0.0,0.0,0.0,0.0,0.0,0.0,0.0,0.0,0.0,0.0,0.0,0.0,0.0,0.0,0.0,0.0,0.0,0.0,0.0,0.0,0.0,0.0
0.2501440969211612,0.1694085573210452,0.25810945632037674,0.4914718927278875,0.6859247528380675,0.48746408690528803,0.025475930760237513,0.0,0.14189826487099474,0.3921216437648077,0.0,0.0,0.0,0.0,0.0,0.0,0.0,0.0,0.0,0.0,0.0,0.0,0.0,0.0,0.0,0.0,0.035509464938799626,0.0,0.0,0.0,0.0,0.4066925945876455,1.0,0.4191478320422568,0.0,0.0,0.0,0.0,0.0,0.0,0.0,0.0,0.0,0.0,0.0,0.0,0.0,0.0,0.0,0.0,0.0,0.0,0.0,0.0,0.0,0.0,0.0,0.0,0.0,0.0,0.0,0.0,0.0,0.0,0.0,0.0,0.0,0.0,0.0,0.0,0.0,0.0,0.0,0.0,0.0,0.0,0.0,0.0,0.0,0.0,0.0,0.0,0.0,0.0,0.0,0.0,0.0,0.0
0.24826978097066257,0.03584833375425293,0.0,0.13649101689138268,0.39005339425455365,0.4848305757336443,0.15642079324454503,0.25241243171646466,0.49192728164832644,0.6859452985325596,0.0,0.0,0.0,0.035652099485051394,0.0,0.0,0.0,0.0,0.0,0.0,0.0,0.0,0.0,0.0,0.0,0.0,0.0,0.0,0.0,0.0,0.0,0.0,0.4191478320422568,1.0,0.4086833447463608,0.0,0.0,0.0,0.0,0.0,0.0,0.0,0.0,0.0,0.0,0.0,0.0,0.0,0.0,0.0,0.0,0.0,0.0,0.0,0.0,0.0,0.0,0.0,0.0,0.0,0.0,0.0,0.0,0.0,0.0,0.0,0.0,0.0,0.0,0.0,0.0,0.0,0.0,0.0,0.0,0.0,0.0,0.0,0.0,0.0,0.0,0.0,0.0,0.0,0.0,0.0,0.0,0.0
0.16324325959466338,0.0,0.0,0.0,0.03785823857543652,0.25591475011413917,0.24991903664749351,0.4859529525150272,0.685857372150171,0.4926232724625709,0.031307976371959916,0.0,0.14253504595344377,0.3942091282606612,0.0,0.0,0.0,0.0,0.0,0.0,0.0,0.0,0.0,0.0,0.0,0.0,0.0,0.0,0.0,0.0,0.0,0.0,0.0,0.4086833447463608,1.0,0.42563729272556056,0.0,0.0,0.0,0.0,0.0,0.0,0.0,0.0,0.0,0.0,0.0,0.0,0.0,0.0,0.0,0.0,0.0,0.0,0.0,0.0,0.0,0.0,0.0,0.0,0.0,0.0,0.0,0.0,0.0,0.0,0.0,0.0,0.0,0.0,0.0,0.0,0.0,0.0,0.0,0.0,0.0,0.0,0.0,0.0,0.0,0.0,0.0,0.0,0.0,0.0,0.0,0.0
0.034557201206052476,0.0,0.0,0.0,0.0,0.0,0.24981956762670465,0.48571569548958415,0.39315934156051785,0.14238387025282948,0.16109548494981116,0.2546604228467587,0.49138033196080994,0.6859139832855017,0.0,0.0,0.0,0.03535508544352678,0.0,0.0,0.0,0.0,0.0,0.0,0.0,0.0,0.0,0.0,0.0,0.0,0.0,0.0,0.0,0.0,0.42563729272556056,1.0,0.40653186159457816,0.0,0.0,0.0,0.0,0.0,0.0,0.0,0.0,0.0,0.0,0.0,0.0,0.0,0.0,0.0,0.0,0.0,0.0,0.0,0.0,0.0,0.0,0.0,0.0,0.0,0.0,0.0,0.0,0.0,0.0,0.0,0.0,0.0,0.0,0.0,0.0,0.0,0.0,0.0,0.0,0.0,0.0,0.0,0.0,0.0,0.0,0.0,0.0,0.0,0.0,0.0
0.0,0.0,0.0,0.0,0.0,0.0,0.16284597922476277,0.25577101066901853,0.036583183898767475,0.0,0.24913975103992927,0.4862229564368073,0.6858862263938935,0.4914731687026211,0.03539364015246135,0.0,0.14154301536436675,0.3933488911101738,0.0,0.0,0.0,0.0,0.0,0.0,0.0,0.0,0.0,0.0,0.0,0.0,0.0,0.0,0.0,0.0,0.0,0.40653186159457816,1.0,0.4240507936110939,0.0,0.0,0.0,0.0,0.0,0.0,0.0,0.0,0.0,0.0,0.0,0.0,0.0,0.0,0.0,0.0,0.0,0.0,0.0,0.0,0.0,0.0,0.0,0.0,0.0,0.0,0.0,0.0,0.0,0.0,0.0,0.0,0.0,0.0,0.0,0.0,0.0,0.0,0.0,0.0,0.0,0.0,0.0,0.0,0.0,0.0,0.0,0.0,0.0,0.0
0.0,0.0,0.0,0.0,0.0,0.0,0.03539792718236756,0.0,0.0,0.0,0.2491416465124056,0.4862233780135351,0.39334858844381465,0.14154412624097326,0.1628455177392718,0.2557691095479464,0.4914726350243207,0.6858864019765938,0.0,0.0,0.0,0.03657751525537394,0.0,0.0,0.0,0.0,0.0,0.0,0.0,0.0,0.0,0.0,0.0,0.0,0.0,0.0,0.4240507936110939,1.0,0.4065291066778815,0.0,0.0,0.0,0.0,0.0,0.0,0.0,0.0,0.0,0.0,0.0,0.0,0.0,0.05494337319676814,0.0,0.0,0.0,0.0,0.057706201329666876,0.0,0.0,0.0,0.0,0.0,0.0,0.0,0.0,0.0,0.0,0.0,0.0,0.0,0.0,0.0,0.0,0.0,0.0,0.0,0.0,0.12579067560013646,0.11490564712460917,0.0,0.0,0.0,0.0,0.0,0.0,0.0,0.0
0.0,0.0,0.0,0.0,0.0,0.0,0.0,0.0,0.0,0.0,0.16110075556056416,0.2546605670397409,0.03535362188049618,0.0,0.24982224640208667,0.485718797991381,0.6859139531709123,0.4913783743103043,0.034558279291741836,0.0,0.14238243829784789,0.39316088633870533,0.0,0.0,0.0,0.0,0.0,0.0,0.0,0.0,0.0,0.0,0.0,0.0,0.0,0.0,0.0,0.4065291066778815,1.0,0.4256396960940583,0.0,0.0,0.0,0.0,0.0,0.0,0.0,0.0,0.0,0.0,0.13874740080865985,0.38973280728444054,0.4049228275221454,0.1592926846121831,0.0,0.0015207724156454702,0.19823078340401296,0.4306495668553316,0.0,0.0,0.0,0.0,0.0,0.0,0.0,0.0,0.0,0.0,0.0,0.0,0.0,0.0,0.0,0.0,0.0,0.0,0.0,0.0,0.3469522340241769,0.35321519732843415,0.0,0.0,0.0,0.0,0.0,0.0,0.0,0.0
0.0,0.0,0.0,0.0,0.0,0.0,0.0,0.0,0.0,0.0,0.031312509091323056,0.0,0.0,0.0,0.24991666834404222,0.4859520453412868,0.3942075993045912,0.14253119582422305,0.163240218140377,0.2559128834991809,0.4926210613381709,0.6858567702500611,0.0,0.0,0.0,0.037855827269157594,0.0,0.0,0.0,0.0,0.0,0.0,0.0,0.0,0.0,0.0,0.0,0.0,0.4256396960940583,1.0,0.4086789610129487,0.0,0.0,0.0,0.18449688376020684,0.0,0.0,0.0,0.0,0.18084057258420355,0.313045026099532,0.377931670411172,0.37161555496313337,0.28320605595718223,0.16659713633478326,0.01323379234267409,0.044241993871586095,0.22752850107305225,0.016416918308790798,0.0,0.0,0.0,0.05770402145857155,0.0,0.0,0.0,0.3031305803776513,0.15466148095747143,0.0,0.0,0.0,0.23334092688359628,0.0,0.16831616614525385,0.0,0.0,0.0,0.00667554443924234,0.14392211674809696,0.0,0.0,0.0,0.0,0.0,0.0,0.0,0.0,0.39760699844015596
0.0,0.0,0.0,0.0,0.0,0.0,0.0,0.0,0.0,0.0,0.0,0.0,0.0,0.0,0.1564229131982566,0.2524131528406655,0.03564866590817952,0.0,0.24826845602384343,0.4848307941253438,0.6859457620343616,0.49192669135781175,0.035852254807682525,0.0,0.1364898413805031,0.39005042664018574,0.0,0.0,0.0,0.0,0.0,0.0,0.0,0.0,0.0,0.0,0.0,0.0,0.0,0.4086789610129487,1.0,0.41913643404204715,0.0,0.0,0.0,0.0,0.0,0.0,0.0,0.04877583193217233,0.0,0.0,0.0,0.051260954892046746,0.0,0.0,0.0,0.0,0.0,0.0,0.0,0.0,0.0,0.0,0.0,0.0,0.29431885751082526,0.3646106732293212,0.06237641772869463,0.0,0.0,0.630812232554434,0.0,0.7108192122286705,0.0,0.0,0.0,0.0,0.0,0.0,0.0,0.0,0.0,0.0,0.0,0.0,0.0,0.27624220131127586
0.0,0.0,0.0,0.0,0.0,0.0,0.0,0.0,0.0,0.0,0.0,0.0,0.0,0.0,0.02547901887452443,0.0,0.0,0.0,0.25014728897936356,0.48746338590235055,0.39211449973967105,0.14189122574002394,0.16941149230674316,0.2581131810623841,0.49147403428185427,0.6859243691611819,0.0,0.035510089613462074,0.0,0.0,0.0,0.0,0.0,0.0,0.0,0.0,0.0,0.0,0.0,0.0,0.41913643404204715,1.0,0.40670066402294985,0.0,0.0,0.0,0.0,0.0,0.0,0.0,0.0,0.0,0.0,0.0,0.0,0.0,0.0,0.0,0.0,0.0,0.0,0.0,0.0,0.0,0.0,0.0,0.0,0.0,0.0,0.0,0.0,0.30636504716852625,0.0,0.5453328543547233,0.0,0.0,0.0,0.0,0.0,0.0,0.0,0.0,0.0,0.0,0.0,0.0,0.0,0.0
0.0,0.0,0.0,0.0,0.0,0.0,0.0,0.0,0.0,0.0,0.0,0.0,0.0,0.0,0.0,0.0,0.0,0.0,0.15870537388437708,0.252943603510077,0.03311779400837513,0.0,0.2547208748246028,0.4850359475121655,0.6862548358967995,0.48946947221465387,0.0,0.38933350128490735,0.0,0.22327654384983667,0.0,0.0,0.0,0.0,0.0,0.0,0.0,0.0,0.0,0.0,0.0,0.40670066402294985,1.0,0.0,0.0,0.0,0.0,0.0,0.0,0.0,0.0,0.0,0.0,0.0,0.0,0.0,0.0,0.0,0.0,0.0,0.0,0.0,0.0,0.0,0.0,0.0,0.0,0.0,0.0,0.0,0.0,0.0,0.0,0.0,0.0,0.0,0.0,0.0,0.0,0.0,0.0,0.0,0.0,0.0,0.0,0.0,0.0,0.0
0.3982046253053014,0.29024223881147054,0.11979309229645892,0.042688056520886926,0.10796343824544172,0.27208450542788076,0.42469162333649574,0.27069754229062737,0.1688368609810872,0.17522384919909942,0.375430702170991,0.1508757974097653,0.03751113572443156,0.09341294002625876,0.375940787302311,0.12429408196593504,0.0,0.0,0.48601099361084016,0.2543330244728838,0.0315638834714201,0.0,0.6868644762734614,0.4926813323527462,0.25614164971411824,0.1705300636758524,0.0,0.39973131004733564,0.0,0.23309920380652735,0.16708358040663696,0.0,0.0,0.0,0.0,0.0,0.0,0.0,0.0,0.0,0.0,0.0,0.0,1.0,0.0,0.0,0.0,0.0,0.0,0.0,0.0,0.0,0.0,0.0,0.0,0.0,0.0,0.0,0.0,0.0,0.0,0.0,0.0,0.0,0.0,0.0,0.0,0.0,0.0,0.0,0.0,0.0,0.0,0.0,0.0,0.0,0.0,0.0,0.0,0.0,0.0,0.0,0.0,0.0,0.0,0.0,0.0,0.0
0.0,0.0,0.0,0.0,0.0,0.0,0.0,0.0,0.0,0.0,0.0,0.0,0.0,0.0,0.0,0.022728954231304433,0.0,0.0,0.0,0.0,0.07882272741094903,0.15761369251887317,0.0,0.0,0.0,0.0,0.0,0.0,0.0,0.0,0.0,0.0,0.0,0.0,0.0,0.0,0.0,0.0,0.0,0.18449688376020684,0.0,0.0,0.0,0.0,1.0,0.7383103507710324,0.5469798196942371,0.47239588910558933,0.5435386906776224,0.7350233802711089,0.729823306834581,0.5455493668145674,0.4771826989740837,0.5420710068377027,0.5221647674852689,0.29885988464754987,0.2148681844232592,0.3048900872892364,0.4077952398482439,0.17141185241959128,0.03829807402246065,0.08381762248956962,0.3838620226078049,0.16161588517486924,0.0,0.0,0.4315095648548615,0.24904920158278687,0.06565235021204972,0.03195942697073424,0.3056084229514839,0.15771691977240293,0.07160757116000394,0.0067484111267151,0.48599998880808043,0.15869981559227783,0.2501440969211611,0.24826978097066243,0.1632432595946632,0.03455720120605231,0.0,0.0,0.0,0.0,0.0,0.0,0.0,0.39820462530530126
0.0,0.0,0.0,0.0,0.0,0.0,0.0,0.0,0.0,0.0,0.0,0.0,0.0,0.0,0.0,0.0,0.0,0.0,0.0,0.0,0.0,0.0,0.0,0.0,0.0,0.0,0.0,0.0,0.0,0.0,0.0,0.0,0.0,0.0,0.0,0.0,0.0,0.0,0.0,0.0,0.0,0.0,0.0,0.0,0.7383103507710324,1.0,0.7425839223742364,0.5485797284083545,0.48343947192503245,0.5500689824024521,0.5328082974721501,0.30534899309183666,0.21892792022379085,0.30803774787769367,0.4317653370961857,0.19357323274118152,0.05026763003982489,0.08935524745301586,0.4207623912091368,0.22145870120642006,0.051054622842331955,0.03280204549102585,0.4315872849488158,0.274589172965005,0.1301933460426483,0.10343806285600621,0.4127973651561512,0.26248986731056917,0.1458481186151259,0.15246100959959571,0.5479682754302643,0.121059942980425,0.32374547689217764,0.0,0.6868653218234829,0.25472051418742697,0.16940855732104512,0.03584833375425276,0.0,0.0,0.0,0.0,0.0,0.0,0.0,0.0,0.0,0.2902422388114704
0.0,0.0,0.0,0.0,0.0,0.0,0.0,0.0,0.0,0.0,0.0,0.0,0.0,0.0,0.0,0.0,0.0,0.0,0.0,0.0,0.0,0.0,0.0,0.0,0.0,0.0,0.0,0.0,0.0,0.0,0.0,0.0,0.0,0.0,0.0,0.0,0.0,0.0,0.0,0.0,0.0,0.0,0.0,0.0,0.5469798196942371,0.7425839223742364,1.0,0.7375051508128971,0.554599759553522,0.481318971648196,0.29710225103980287,0.0963873685297223,0.06676828023032834,0.21789400371089196,0.17509040152893665,0.0,0.0,0.0,0.18615172470866295,0.0001845360435970278,0.0,0.0,0.24911858133155074,0.1458107618751616,0.0,0.0,0.2624722157465881,0.18642228888106416,0.10353995392768456,0.08568915769428592,0.7344822900477537,0.0770825387194572,0.4912089905863206,0.0,0.4926931717335828,0.48503354217293,0.25810945632037696,0.0,0.0,0.0,0.0,0.0,0.0,0.0,0.0,0.0,0.0,0.11979309229645892
0.0,0.0,0.0,0.0,0.0,0.0,0.0,0.0,0.0,0.0,0.0,0.0,0.0,0.0,0.0,0.0,0.0,0.0,0.0,0.0,0.0,0.0,0.0,0.0,0.0,0.0,0.0,0.0,0.10801496906344792,0.0,0.0,0.0,0.0,0.0,0.0,0.0,0.0,0.0,0.0,0.0,0.0,0.0,0.0,0.0,0.47239588910558933,0.5485797284083545,0.7375051508128971,1.0,0.7454831866511306,0.5489952034756583,0.20230199965939916,0.057759333117509894,0.10368663328595054,0.3090694669749679,0.019935793963138587,0.0,0.0,0.0,0.0,0.0,0.0,0.0,0.06565145793614126,0.0,0.0,0.0,0.145742294954305,0.10342645340122862,0.0,0.0,0.5430417642649719,0.06815495781572388,0.3198928275615645,0.0,0.25614588978779207,0.6862544647777763,0.4914718927278875,0.13649101689138268,0.0,0.0,0.0,0.0,0.0,0.0,0.0,0.0,0.0,0.042688056520886926
0.0,0.0,0.0,0.0,0.0,0.0,0.0,0.0,0.0,0.0,0.0,0.0,0.0,0.0,0.0,0.0,0.0,0.0,0.0,0.0,0.05461034730567216,0.05114351492237362,0.0,0.0,0.0,0.0,0.1498056615197836,0.0,0.25503184291753034,0.0,0.0,0.0,0.0,0.0,0.0,0.0,0.0,0.0,0.0,0.0,0.0,0.0,0.0,0.0,0.5435386906776224,0.48343947192503245,0.554599759553522,0.7454831866511306,1.0,0.7375442031593364,0.2973071596148381,0.21494600462108915,0.31420746901733304,0.5428935550130646,0.06690731594387665,0.0,0.0,0.0,0.0,0.0,0.0,0.0,0.03191520676047612,0.0,0.0,0.0,0.1523022574505365,0.08550837477569885,0.0,0.0,0.3120700289143021,0.09414162854028041,0.07806252137558876,0.017256835341223988,0.17052770751127144,0.489468550884459,0.6859247528380678,0.39005339425455376,0.03785823857543652,0.0,0.0,0.0,0.0,0.0,0.0,0.0,0.0,0.10796343824544172
0.0,0.0,0.0,0.0,0.0,0.0,0.0,0.0,0.0,0.0,0.0,0.0,0.0,0.0,0.0,0.12026214318599782,0.03943879711709829,0.0,0.0,0.0,0.16013021442938113,0.21764472402283003,0.0,0.0,0.0,0.0,0.03916755137381536,0.0,0.08639925599071623,0.0,0.03333144371086925,0.0,0.0,0.0,0.0,0.0,0.0,0.0,0.0,0.18084057258420355,0.04877583193217233,0.0,0.0,0.0,0.7350233802711089,0.5500689824024521,0.481318971648196,0.5489952034756583,0.7375442031593364,1.0,0.5375653124923979,0.47660471162995494,0.5524537337750433,0.7354882344820406,0.28586519376884034,0.08635376092993602,0.060594040423656424,0.21506805539176785,0.15348018635612146,0.0,0.0,0.0,0.1615775837818718,0.0,0.0,0.0,0.27445001003765285,0.14566272384985451,0.0,0.0,0.21596830294913963,0.13210912970402383,0.0,0.035854822602897504,0.2543275120968795,0.2529430424265128,0.48746408690528814,0.48483057573364446,0.2559147501141392,0.0,0.0,0.0,0.0,0.0,0.0,0.0,0.0,0.27208450542788076
0.0,0.0,0.0,0.0,0.0,0.0,0.0,0.0,0.0,0.0,0.0,0.0,0.0,0.0,0.0,0.09437516584632544,0.10708246732947897,0.0,0.0,0.0,0.07262253824678669,0.21253800752129925,0.0,0.0,0.0,0.0,0.0,0.0,0.0,0.0,0.0,0.0,0.0,0.0,0.0,0.0,0.0,0.0,0.13874740080865985,0.313045026099532,0.0,0.0,0.0,0.0,0.729823306834581,0.5328082974721501,0.29710225103980287,0.20230199965939916,0.2973071596148381,0.5375653124923979,1.0,0.7368519209504353,0.5418845291796638,0.4701934543477396,0.7308272578220101,0.5451796955096277,0.4764148999239906,0.5430532327545622,0.519853353471999,0.29351517302190133,0.2118385917819982,0.3048073597981569,0.40778815068583174,0.15349247310048628,0.01734507205659712,0.07141125070053267,0.4207155592022368,0.18610891657637987,0.0,0.0,0.0808484084988181,0.08014301252816805,0.0,0.0,0.3759262034936006,0.0,0.025475930760237513,0.1564207932445452,0.2499190366474936,0.24981956762670465,0.16284597922476277,0.0353979271823674,0.0,0.0,0.0,0.0,0.0,0.42469162333649574
0.0,0.0,0.0,0.0,0.0,0.0,0.0,0.0,0.0,0.0,0.0,0.0,0.0,0.0,0.02779796597669421,0.2428772765336106,0.3073041506062826,0.12829822791945994,0.0,0.0,0.0957721688151642,0.28613710707770196,0.0,0.0,0.0,0.0,0.0,0.0,0.0,0.0,0.0,0.0,0.0,0.0,0.0,0.0,0.0,0.0,0.38973280728444054,0.377931670411172,0.0,0.0,0.0,0.0,0.5455493668145674,0.30534899309183666,0.0963873685297223,0.057759333117509894,0.21494600462108915,0.47660471162995494,0.7368519209504353,1.0,0.7348706658368158,0.5487952486797247,0.5433929277067162,0.479005853288233,0.5523406201568847,0.7361473902253824,0.29351182421000843,0.08717791421554426,0.0593783457662829,0.21597799465839174,0.17139520393954405,0.0,0.0,0.0,0.22140691538798116,0.00012882316200413656,0.0,0.0,0.0,0.0,0.0,0.0,0.12426561876831693,0.0,0.0,0.25241243171646477,0.48595295251502735,0.48571569548958415,0.25577101066901853,0.0,0.0,0.0,0.0,0.0,0.0,0.27069754229062737
