1.0,0.7383103507710324,0.5469798196942371,0.4723958891055894,0.5435386906776225,0.7350233802711091,0.7298233068345809,0.5455493668145677,0.47718269897408394,0.5420710068377029,0.5221647674852686,0.29885988464754987,0.2148681844232592,0.30489008728923644,0.40779523984824373,0.17141185241959078,0.03829807402246033,0.08381762248956962,0.3838620226078049,0.16161588517486924,0.0,0.0,0.4315095648548615,0.24904920158278687,0.06565235021204972,0.031959426970733916,0.30560842295148355,0.15771691977240293,0.0716075711600036,0.006748411126715265,0.4859999888080801,0.15869981559227783,0.2501440969211612,0.24826978097066257,0.16324325959466338,0.034557201206052476,0.0,0.0,0.0,0.0,0.0,0.0,0.0,0.3982046253053014,0.0,0.0,0.0,0.0,0.0,0.0,0.0,0.0,0.0,0.0,0.0,0.0,0.0,0.0,0.0,0.022728954231304433,0.0,0.0,0.0,0.0,0.07882272741094937,0.1576136925188735,0.0,0.0,0.0,0.0,0.0,0.0,0.0,0.0,0.0,0.0,0.0,0.0,0.0,0.0,0.0,0.0,0.0,0.1428142544662345,0.0,0.0,0.0,0.0
0.7383103507710324,1.0,0.7425839223742365,0.5485797284083545,0.48343947192503267,0.5500689824024524,0.5328082974721503,0.30534899309183683,0.218927920223791,0.3080377478776938,0.4317653370961857,0.19357323274118152,0.05026763003982489,0.08935524745301603,0.4207623912091366,0.22145870120641956,0.05105462284233179,0.03280204549102585,0.4315872849488158,0.274589172965005,0.1301933460426483,0.10343806285600621,0.4127973651561512,0.2624898673105693,0.1458481186151259,0.15246100959959555,0.5479682754302639,0.121059942980425,0.3237454768921775,0.0,0.6868653218234826,0.25472051418742714,0.1694085573210452,0.03584833375425293,0.0,0.0,0.0,0.0,0.0,0.0,0.0,0.0,0.0,0.29024223881147054,0.0,0.0,0.0,0.0,0.0,0.0,0.0,0.0,0.0,0.0,0.0,0.0,0.0,0.0,0.0,0.0,0.0,0.0,0.0,0.0,0.0,0.0,0.0,0.0,0.0,0.0,0.0,0.0,0.0,0.0,0.0,0.0,0.0,0.0,0.0,0.0,0.0,0.0,0.0,0.0,0.0,0.0,0.0,0.0
0.5469798196942371,0.7425839223742365,1.0,0.737505150812897,0.554599759553522,0.481318971648196,0.29710225103980287,0.0963873685297223,0.06676828023032834,0.2178940037108918,0.17509040152893665,0.0,0.0,0.0,0.18615172470866295,0.00018453604359669882,0.0,0.0,0.2491185813315509,0.14581076187516176,0.0,0.0,0.2624722157465881,0.18642228888106416,0.10353995392768456,0.08568915769428592,0.7344822900477534,0.07708253871945703,0.4912089905863206,0.0,0.4926931717335828,0.48503354217293,0.25810945632037674,0.0,0.0,0.0,0.0,0.0,0.0,0.0,0.0,0.0,0.0,0.11979309229645892,0.0,0.0,0.0,0.0,0.0,0.0,0.0,0.0,0.0,0.0,0.0,0.0,0.0,0.0,0.0,0.0,0.0,0.0,0.0,0.0,0.0,0.0,0.0,0.0,0.0,0.0,0.0,0.0,0.0,0.0,0.0,0.0,0.0,0.0,0.0,0.0,0.0,0.0,0.0,0.0,0.0,0.0,0.0,0.0
0.4723958891055894,0.5485797284083545,0.737505150812897,1.0,0.7454831866511306,0.5489952034756583,0.20230199965939916,0.057759333117509894,0.10368663328595054,0.3090694669749679,0.019935793963138587,0.0,0.0,0.0,0.0,0.0,0.0,0.0,0.06565145793614141,0.0,0.0,0.0,0.145742294954305,0.10342645340122862,0.0,0.0,0.5430417642649713,0.06815495781572388,0.3198928275615644,0.0,0.2561458897877919,0.6862544647777763,0.4914718927278875,0.13649101689138268,0.0,0.0,0.0,0.0,0.0,0.0,0.0,0.0,0.0,0.042688056520886926,0.0,0.0,0.0,0.0,0.0,0.0,0.0,0.0,0.0,0.0,0.0,0.0,0.0,0.0,0.0,0.0,0.0,0.0,0.0,0.0,0.0,0.0,0.0,0.0,0.0,0.0,0.0,0.0,0.1020141374488119,0.0,0.0,0.0,0.0,0.0,0.0,0.0,0.0,0.0,0.0,0.0,0.0,0.0,0.0,0.0
0.5435386906776225,0.48343947192503267,0.554599759553522,0.7454831866511306,1.0,0.7375442031593364,0.2973071596148381,0.21494600462108915,0.31420746901733304,0.5428935550130646,0.06690731594387665,0.0,0.0,0.0,0.0,0.0,0.0,0.0,0.03191520676047612,0.0,0.0,0.0,0.1523022574505365,0.08550837477569885,0.0,0.0,0.31207002891430174,0.09414162854028041,0.07806252137558876,0.017256835341223988,0.17052770751127144,0.489468550884459,0.6859247528380675,0.39005339425455365,0.03785823857543652,0.0,0.0,0.0,0.0,0.0,0.0,0.0,0.0,0.10796343824544172,0.0,0.0,0.0,0.0,0.0,0.0,0.0,0.0,0.0,0.0,0.0,0.0,0.0,0.0,0.0,0.0,0.0,0.0,0.0,0.0,0.05461034730567216,0.05114351492237362,0.0,0.0,0.0,0.0,0.14980566151978328,0.0,0.24086340719988947,0.0,0.0,0.0,0.0,0.0,0.0,0.0,0.0,0.0,0.0,0.0,0.0,0.0,0.0,0.0
0.7350233802711091,0.5500689824024524,0.481318971648196,0.5489952034756583,0.7375442031593364,1.0,0.5375653124923979,0.47660471162995494,0.5524537337750433,0.7354882344820405,0.28586519376884034,0.08635376092993617,0.060594040423656424,0.21506805539176785,0.15348018635612146,0.0,0.0,0.0,0.16157758378187212,0.0,0.0,0.0,0.27445001003765285,0.14566272384985451,0.0,0.0,0.2159683029491393,0.13210912970402383,0.0,0.035854822602897504,0.2543275120968795,0.2529430424265128,0.48746408690528803,0.4848305757336443,0.25591475011413917,0.0,0.0,0.0,0.0,0.0,0.0,0.0,0.0,0.27208450542788076,0.0,0.0,0.0,0.0,0.0,0.0,0.0,0.0,0.0,0.0,0.0,0.0,0.0,0.0,0.0,0.12026214318599765,0.03943879711709812,0.0,0.0,0.0,0.16013021442938113,0.21764472402283003,0.0,0.0,0.0,0.0,0.039167551373815196,0.0,0.08159929732456514,0.0,0.025801006428043227,0.0,0.0,0.0,0.0,0.0,0.0,0.0,0.0,0.13998399877814272,0.03775610694008895,0.0,0.0,0.0
0.7298233068345809,0.5328082974721503,0.29710225103980287,0.20230199965939916,0.2973071596148381,0.5375653124923979,1.0,0.7368519209504353,0.5418845291796638,0.47019345434773957,0.7308272578220101,0.545179695509628,0.4764148999239906,0.5430532327545622,0.519853353471999,0.29351517302190105,0.2118385917819982,0.30480735979815704,0.4077881506858319,0.15349247310048644,0.017345072056597445,0.07141125070053299,0.4207155592022368,0.18610891657637987,0.0,0.0,0.08084840849881793,0.08014301252816788,0.0,0.0,0.3759262034936006,0.0,0.025475930760237513,0.15642079324454503,0.24991903664749351,0.24981956762670465,0.16284597922476277,0.03539792718236756,0.0,0.0,0.0,0.0,0.0,0.42469162333649574,0.0,0.0,0.0,0.0,0.0,0.0,0.0,0.0,0.0,0.0,0.0,0.0,0.0,0.0,0.0,0.0943751658463251,0.1070824673294788,0.0,0.0,0.0,0.07262253824678669,0.21253800752129925,0.0,0.0,0.0,0.0,0.0,0.0,0.0,0.0,0.0,0.0,0.0,0.0,0.0,0.0,0.0,0.0,0.10740076581114778,0.24232003872148952,0.0,0.0,0.0,0.0
0.5455493668145677,0.30534899309183683,0.0963873685297223,0.057759333117509894,0.21494600462108915,0.47660471162995494,0.7368519209504353,1.0,0.7348706658368158,0.5487952486797246,0.5433929277067162,0.4790058532882333,0.5523406201568847,0.7361473902253824,0.29351182421000843,0.08717791421554394,0.0593783457662829,0.21597799465839204,0.17139520393954422,0.0,0.0,0.0,0.22140691538798116,0.00012882316200413656,0.0,0.0,0.0,0.0,0.0,0.0,0.12426561876831693,0.0,0.0,0.25241243171646466,0.4859529525150272,0.48571569548958415,0.25577101066901853,0.0,0.0,0.0,0.0,0.0,0.0,0.27069754229062737,0.0,0.0,0.0,0.0,0.0,0.0,0.0,0.0,0.0,0.0,0.0,0.0,0.0,0.0,0.027797965976693883,0.24287727653361027,0.3073041506062824,0.12829822791945994,0.0,0.0,0.0957721688151642,0.28613710707770196,0.0,0.0,0.0,0.0,0.0,0.0,0.0,0.0,0.0,0.0,0.0,0.0,0.0,0.0,0.0,0.0,0.3016820619349928,0.29254710783679605,0.0,0.0,0.0,0.0
0.47718269897408394,0.218927920223791,0.06676828023032834,0.10368663328595054,0.31420746901733304,0.5524537337750433,0.5418845291796638,0.7348706658368158,1.0,0.7479096965739996,0.29987816868322764,0.2139657158022127,0.31243106392467007,0.5431645216996427,0.07140217590251313,0.0,0.0,0.0,0.0,0.0,0.0,0.0,0.10335284605117168,0.0,0.0,0.0,0.0,0.0,0.0,0.0,0.0,0.0,0.14189826487099474,0.49192728164832644,0.685857372150171,0.39315934156051785,0.036583183898767475,0.0,0.0,0.0,0.0,0.0,0.0,0.1688368609810872,0.0,0.016985917619452253,0.0,0.0,0.0,0.0,0.0,0.0,0.0,0.0,0.11912752346661427,0.11615761845617205,0.0,0.0,0.20504769479313817,0.37037733119027477,0.39875881192001905,0.24587308371451513,0.026927750700816204,0.02184129812002798,0.1796323256529961,0.35695723415921116,0.0,0.0,0.0,0.0,0.0,0.0,0.0,0.0,0.09042177509600856,0.0,0.0,0.0,0.0,0.0,0.0,0.04253024073379459,0.3134402627856607,0.2876579666196106,0.0,0.0,0.0,0.0
0.5420710068377029,0.3080377478776938,0.2178940037108918,0.3090694669749679,0.5428935550130646,0.7354882344820405,0.47019345434773957,0.5487952486797246,0.7479096965739996,1.0,0.20244380616281843,0.055726288898172514,0.10311890971387663,0.3114740369483065,0.0173278339950757,0.0,0.0,0.0,0.0,0.0,0.0,0.0,0.13006251758583953,0.0,0.0,0.0,0.0,0.020395943845703205,0.0,0.0,0.03155081080800381,0.033116516224344285,0.3921216437648077,0.6859452985325596,0.4926232724625709,0.14238387025282948,0.0,0.0,0.0,0.0,0.0,0.0,0.0,0.17522384919909942,0.0,0.13511498369154512,0.02663751459288934,0.0,0.0,0.0,0.0,0.0,0.0,0.0,0.08630811305127283,0.01615471659568336,0.0,0.0,0.19484717277023092,0.3065814689619491,0.24819396364802498,0.09139117084581404,0.07143790740290355,0.09088855261325852,0.22389703949024742,0.3296462590481594,0.0,0.0,0.0,0.0,0.10785025661258289,0.0,0.08983222301284068,0.0,0.205460354146615,0.0,0.0,0.0,0.0,0.0,0.0,0.0,0.12330433734794913,0.21922246553722619,0.03967977619421396,0.0,0.0,0.0
0.5221647674852686,0.4317653370961857,0.17509040152893665,0.019935793963138587,0.06690731594387665,0.28586519376884034,0.7308272578220101,0.5433929277067162,0.29987816868322764,0.20244380616281843,1.0,0.7354285945448119,0.5421389708339309,0.47464782308408143,0.7308314875225411,0.5433961076377354,0.4746525366199014,0.5421417246835124,0.5221642234326063,0.2858732796757976,0.2024535009748521,0.29988322992266603,0.4317550687757033,0.17507837397507414,0.019937829222662955,0.0669176606865745,0.012221151748642948,0.012207001590589763,0.0,0.0,0.3754397389519214,0.0,0.0,0.0,0.031307976371959916,0.16109548494981116,0.24913975103992927,0.2491416465124056,0.16110075556056416,0.031312509091323056,0.0,0.0,0.0,0.375430702170991,0.0,0.0,0.0,0.0,0.0,0.0,0.0,0.0,0.0,0.0,0.0,0.0,0.0,0.0,0.0,0.0,0.0,0.0,0.0,0.0,0.0,0.06365468236552752,0.0,0.0,0.0,0.0,0.0,0.0,0.0,0.0,0.0,0.0,0.0,0.0,0.0,0.0,0.0,0.0,0.0,0.1289585240517396,0.0,0.0,0.0,0.0
0.29885988464754987,0.19357323274118152,0.0,0.0,0.0,0.08635376092993617,0.545179695509628,0.4790058532882333,0.2139657158022127,0.055726288898172514,0.7354285945448119,1.0,0.7361615417419188,0.5512983922850502,0.5451782269228364,0.47900306530568626,0.551298759695203,0.7361624495219002,0.2988513976137761,0.08634626989254496,0.055721664713382045,0.21396188799031135,0.19356687060730285,0.0,0.0,0.0,0.0,0.0,0.0,0.0,0.15086553123889174,0.0,0.0,0.0,0.0,0.2546604228467587,0.4862229564368073,0.4862233780135351,0.2546605670397409,0.0,0.0,0.0,0.0,0.1508757974097653,0.0,0.0,0.0,0.0,0.0,0.0,0.0,0.0,0.0,0.0,0.0,0.0,0.0,0.0,0.0,0.0,0.0,0.0,0.0,0.0,0.0,0.0,0.0,0.0,0.0,0.0,0.0,0.0,0.0,0.0,0.0,0.0,0.0,0.0,0.0,0.0,0.0,0.0,0.0011771904995183245,0.010243935554144181,0.0,0.0,0.0,0.0
0.2148681844232592,0.05026763003982489,0.0,0.0,0.0,0.060594040423656424,0.4764148999239906,0.5523406201568847,0.31243106392467007,0.10311890971387663,0.5421389708339309,0.7361615417419188,1.0,0.7473484014921605,0.3048031490979093,0.2159729766880034,0.31196575158675816,0.5435067286435009,0.08380279344010125,0.0,0.0,0.0,0.03278461612601352,0.0,0.0,0.0,0.0,0.0,0.0,0.0,0.0,0.0,0.0,0.0,0.14253504595344377,0.49138033196080994,0.6858862263938935,0.39334858844381465,0.03535362188049618,0.0,0.0,0.0,0.0,0.03751113572443156,0.0,0.0,0.0,0.0,0.0,0.0,0.0,0.0,0.0,0.0,0.0,0.0,0.0,0.0,0.0,0.0,0.08970500628824696,0.0,0.0,0.0,0.0,0.0,0.0,0.0,0.0,0.0,0.0,0.0,0.0,0.0,0.0,0.0,0.0,0.0,0.0,0.0,0.0,0.0,0.15344531011643964,0.03424658044133886,0.0,0.0,0.0,0.0
0.30489008728923644,0.08935524745301603,0.0,0.0,0.0,0.21506805539176785,0.5430532327545622,0.7361473902253824,0.5431645216996427,0.3114740369483065,0.47464782308408143,0.5512983922850502,0.7473484014921605,1.0,0.21183255717224522,0.05937303032151872,0.10277012510298345,0.3119667249738252,0.03827895992949168,0.0,0.0,0.0,0.051020057682503436,0.0,0.0,0.0,0.0,0.0,0.0,0.0,0.0,0.0,0.0,0.035652099485051394,0.3942091282606612,0.6859139832855017,0.4914731687026211,0.14154412624097326,0.0,0.0,0.0,0.0,0.0,0.09341294002625876,0.0,0.0,0.0,0.0,0.0,0.0,0.0,0.0,0.0,0.0,0.0,0.0,0.0,0.0,0.0,0.15116813999486717,0.295851106553736,0.15483194895234356,0.0,0.0,0.0,0.1542069825540717,0.0,0.0,0.0,0.0,0.0,0.0,0.0,0.0,0.0,0.0,0.0,0.0,0.0,0.0,0.0,0.04466887436259382,0.3333546647139418,0.17612391379358486,0.0,0.0,0.0,0.0
0.40779523984824373,0.4207623912091366,0.18615172470866295,0.0,0.0,0.15348018635612146,0.519853353471999,0.29351182421000843,0.07140217590251313,0.0173278339950757,0.7308314875225411,0.5451782269228364,0.3048031490979093,0.21183255717224522,1.0,0.7368509990209822,0.5430553090598437,0.47641479581770607,0.7298215539159442,0.53756829371257,0.47019504692764547,0.5418827712913675,0.5328107149842012,0.2971007999324342,0.2023055697339127,0.2973130145992131,0.08021017699636257,0.08085131837588744,0.0,0.0,0.4247803723336247,0.0,0.0,0.0,0.0,0.0,0.03539364015246135,0.1628455177392718,0.24982224640208667,0.24991666834404222,0.1564229131982566,0.02547901887452443,0.0,0.375940787302311,0.0,0.0,0.0,0.0,0.0,0.0,0.0,0.0,0.0,0.0,0.0,0.0,0.0,0.0,0.0,0.0,0.0,0.0,0.0,0.0,0.0,0.0,0.0,0.0,0.0,0.0,0.0,0.0,0.0,0.0,0.0,0.0,0.0,0.0,0.0,0.0,0.0,0.0,0.0,0.01270791083902695,0.0,0.0,0.0,0.0
0.17141185241959078,0.22145870120641956,0.00018453604359669882,0.0,0.0,0.0,0.29351517302190105,0.08717791421554394,0.0,0.0,0.5433961076377354,0.47900306530568626,0.2159729766880034,0.05937303032151872,0.7368509990209822,1.0,0.736148460396316,0.5523382548526387,0.5455486807814969,0.47660619643724494,0.5487962640344007,0.7348703842905614,0.3053602922563052,0.09639478560842084,0.057764787463416185,0.21494879709295245,0.0,0.0,0.0,0.0,0.2707799816553985,0.0,0.0,0.0,0.0,0.0,0.0,0.2557691095479464,0.485718797991381,0.4859520453412868,0.2524131528406655,0.0,0.0,0.12429408196593504,0.0,0.0,0.0,0.0,0.0,0.0,0.0,0.0,0.0,0.0,0.0,0.0,0.0,0.0,0.0,0.0,0.0,0.0,0.0,0.0,0.0,0.0,0.0,0.0,0.0,0.0,0.0,0.0,0.0,0.0,0.0,0.0,0.0,0.0,0.0,0.0,0.0,0.0,0.0,0.0,0.0,0.0,0.0,0.0
0.03829807402246033,0.05105462284233179,0.0,0.0,0.0,0.0,0.2118385917819982,0.0593783457662829,0.0,0.0,0.4746525366199014,0.551298759695203,0.31196575158675816,0.10277012510298345,0.5430553090598437,0.736148460396316,1.0,0.747347328825157,0.30489004496801525,0.21506637253250094,0.3114718157686905,0.5431633109635786,0.08936962636961021,0.0,0.0,0.0,0.0,0.0,0.0,0.0,0.09344838075910664,0.0,0.0,0.0,0.0,0.0,0.14154301536436675,0.4914726350243207,0.6859139531709123,0.3942075993045912,0.03564866590817952,0.0,0.0,0.0,0.0,0.0,0.0,0.0,0.0,0.0,0.0,0.0,0.0,0.0,0.0,0.0,0.0,0.0,0.0,0.0,0.0,0.0,0.0,0.0,0.0,0.0,0.0,0.0,0.0,0.0,0.0,0.0,0.0,0.0,0.0,0.0,0.0,0.0,0.0,0.0,0.0,0.0,0.0,0.0,0.0,0.0,0.0,0.0
0.08381762248956962,0.03280204549102585,0.0,0.0,0.0,0.0,0.30480735979815704,0.21597799465839204,0.0,0.0,0.5421417246835124,0.7361624495219002,0.5435067286435009,0.3119667249738252,0.47641479581770607,0.5523382548526387,0.747347328825157,1.0,0.2148625416437831,0.060585248556366426,0.10311122818350897,0.31242599907118507,0.050273771220144224,0.0,0.0,0.0,0.0,0.0,0.0,0.0,0.037514402020775404,0.0,0.0,0.0,0.0,0.03535508544352678,0.3933488911101738,0.6858864019765938,0.4913783743103043,0.14253119582422305,0.0,0.0,0.0,0.0,0.0,0.0,0.0,0.0,0.0,0.0,0.0,0.0,0.0,0.0,0.0,0.0,0.0,0.0,0.0,0.0,0.0,0.0,0.0,0.0,0.0,0.0,0.0,0.0,0.0,0.0,0.0,0.0,0.0,0.0,0.0,0.0,0.0,0.0,0.0,0.0,0.0,0.0,0.0,0.0,0.0,0.0,0.0,0.0
0.3838620226078049,0.4315872849488158,0.2491185813315509,0.06565145793614141,0.03191520676047612,0.16157758378187212,0.4077881506858319,0.17139520393954422,0.0,0.0,0.5221642234326063,0.2988513976137761,0.08380279344010125,0.03827895992949168,0.7298215539159442,0.5455486807814969,0.30489004496801525,0.2148625416437831,1.0,0.735023347129486,0.5420684223312394,0.47717985241741284,0.7383152458850925,0.5469812010013725,0.47240117975722273,0.5435446385969749,0.15784702890029295,0.3056130800429231,0.006898407829591288,0.0716172799024526,0.3983669874801646,0.0,0.0,0.0,0.0,0.0,0.0,0.0,0.034558279291741836,0.163240218140377,0.24826845602384343,0.25014728897936356,0.15870537388437708,0.48601099361084016,0.0,0.0,0.0,0.0,0.0,0.0,0.0,0.0,0.0,0.0,0.0,0.0,0.0,0.0,0.0,0.0,0.0,0.0,0.0,0.0,0.0,0.0,0.0,0.0,0.0,0.0,0.0,0.0,0.0,0.0,0.0,0.0,0.0,0.0,0.0,0.0,0.0,0.0,0.0,0.0446671869808946,0.0,0.0,0.0,0.0
0.16161588517486924,0.274589172965005,0.14581076187516176,0.0,0.0,0.0,0.15349247310048644,0.0,0.0,0.0,0.2858732796757976,0.08634626989254496,0.0,0.0,0.53756829371257,0.47660619643724494,0.21506637253250094,0.060585248556366426,0.735023347129486,1.0,0.7354872891703191,0.5524531107085678,0.5500694741716364,0.48131638894357576,0.5489938553873567,0.737545396529639,0.13235395335307568,0.21596718340028584,0.03614253788749059,0.0,0.2723215565742376,0.0,0.0,0.0,0.0,0.0,0.0,0.0,0.0,0.2559128834991809,0.4848307941253438,0.48746338590235055,0.252943603510077,0.2543330244728838,0.0,0.0,0.0,0.0,0.0,0.0,0.0,0.0,0.0,0.0,0.0,0.0,0.0,0.0,0.0,0.0,0.0,0.0,0.0,0.0,0.0,0.0,0.0,0.0,0.0,0.0,0.0,0.0,0.0,0.0,0.0,0.0,0.0,0.0,0.0,0.0,0.0,0.0,0.0,0.0,0.0,0.0,0.0,0.0
0.0,0.1301933460426483,0.0,0.0,0.0,0.0,0.017345072056597445,0.0,0.0,0.0,0.2024535009748521,0.055721664713382045,0.0,0.0,0.47019504692764547,0.5487962640344007,0.3114718157686905,0.10311122818350897,0.5420684223312394,0.7354872891703191,1.0,0.7479092441134273,0.3080413757730323,0.21789496894857333,0.3090683660915324,0.542891284160129,0.020627867605645736,0.0,0.0,0.0,0.17543534812250464,0.0,0.0,0.0,0.0,0.0,0.0,0.0,0.14238243829784789,0.4926210613381709,0.6859457620343616,0.39211449973967105,0.03311779400837513,0.0315638834714201,0.0,0.0,0.0,0.0,0.0,0.0,0.0,0.0,0.0,0.0,0.0,0.0,0.0,0.0,0.0,0.0,0.0,0.0,0.0,0.0,0.0,0.0,0.0,0.0,0.0,0.0,0.0,0.0,0.0,0.0,0.0,0.0,0.0,0.0,0.0,0.0,0.0,0.0,0.0,0.0,0.0,0.0,0.0,0.0
0.0,0.10343806285600621,0.0,0.0,0.0,0.0,0.07141125070053299,0.0,0.0,0.0,0.29988322992266603,0.21396188799031135,0.0,0.0,0.5418827712913675,0.7348703842905614,0.5431633109635786,0.31242599907118507,0.47717985241741284,0.5524531107085678,0.7479092441134273,1.0,0.21893734174139776,0.06677529547919246,0.10369002317767671,0.3142071258329786,0.0,0.0,0.0,0.0,0.16897377660866567,0.0,0.0,0.0,0.0,0.0,0.0,0.03657751525537394,0.39316088633870533,0.6858567702500611,0.49192669135781175,0.14189122574002394,0.0,0.0,0.0,0.0,0.0,0.0,0.0,0.0,0.0,0.0,0.0,0.0,0.0,0.0,0.0,0.0,0.0,0.0,0.0,0.0,0.0,0.0,0.0,0.0,0.0,0.0,0.0,0.0,0.0,0.0,0.0,0.0,0.0,0.0,0.0,0.0,0.0,0.0,0.0,0.0,0.0,0.0,0.0,0.0,0.0,0.0
0.4315095648548615,0.4127973651561512,0.2624722157465881,0.145742294954305,0.1523022574505365,0.27445001003765285,0.4207155592022368,0.22140691538798116,0.10335284605117168,0.13006251758583953,0.4317550687757033,0.19356687060730285,0.03278461612601352,0.051020057682503436,0.5328107149842012,0.3053602922563052,0.08936962636961021,0.050273771220144224,0.7383152458850925,0.5500694741716364,0.3080413757730323,0.21893734174139776,1.0,0.742579968240498,0.5485813970921951,0.48344277590800716,0.12111759545523891,0.5479684827873921,0.0,0.32375217927971167,0.29033035332832635,0.0,0.0,0.0,0.0,0.0,0.0,0.0,0.0,0.0,0.035852254807682525,0.16941149230674316,0.2547208748246028,0.6868644762734614,0.0,0.0,0.0,0.0,0.0,0.0,0.0,0.0,0.0,0.0,0.0,0.0,0.0,0.0,0.0,0.0,0.0,0.0,0.0,0.0,0.2111731962301345,0.21456958300159004,0.0,0.0,0.0,0.0,0.0,0.0,0.0,0.0,0.0,0.0,0.0,0.0,0.0,0.0,0.0,0.0,0.0,0.23464552332936706,0.2278245971102313,0.0,0.0,0.0
0.24904920158278687,0.2624898673105693,0.18642228888106416,0.10342645340122862,0.08550837477569885,0.14566272384985451,0.18610891657637987,0.00012882316200413656,0.0,0.0,0.17507837397507414,0.0,0.0,0.0,0.2971007999324342,0.09639478560842084,0.0,0.0,0.5469812010013725,0.48131638894357576,0.21789496894857333,0.06677529547919246,0.742579968240498,1.0,0.7375082269708432,0.5546011771198252,0.07718388010628037,0.734482505405383,0.0,0.49120918691842985,0.11990597221571943,0.0,0.0,0.0,0.0,0.0,0.0,0.0,0.0,0.0,0.0,0.2581131810623841,0.4850359475121655,0.4926813323527462,0.0,0.0,0.0,0.0,0.0,0.0,0.0,0.0,0.0,0.0,0.0,0.0,0.0,0.0,0.0,0.0,0.0,0.0,0.0,0.002551313511187236,0.22038942886807603,0.1453575090897725,0.0,0.0,0.0,0.0,0.0,0.0,0.0,0.0,0.0,0.0,0.0,0.0,0.0,0.0,0.0,0.0,0.0,0.11971944266707972,0.2822356692775113,0.0,0.0,0.0
0.06565235021204972,0.1458481186151259,0.10353995392768456,0.0,0.0,0.0,0.0,0.0,0.0,0.0,0.019937829222662955,0.0,0.0,0.0,0.2023055697339127,0.057764787463416185,0.0,0.0,0.47240117975722273,0.5489938553873567,0.3090683660915324,0.10369002317767671,0.5485813970921951,0.7375082269708432,1.0,0.7454823647052551,0.06839412318116603,0.5430387353079277,0.0,0.3198825930573384,0.04288703074935106,0.0,0.0,0.0,0.0,0.0,0.0,0.0,0.0,0.0,0.1364898413805031,0.49147403428185427,0.6862548358967995,0.25614164971411824,0.0,0.0,0.0,0.0,0.0,0.0,0.0,0.0,0.0,0.0,0.0,0.0,0.0,0.0,0.0,0.0,0.0,0.0,0.0,0.0,0.0,0.0,0.0,0.0,0.0,0.0,0.0,0.0,0.0,0.0,0.0,0.0,0.0,0.0,0.0,0.0,0.0,0.0,0.0,0.0,0.048283967797396785,0.0,0.0,0.0
0.031959426970733916,0.15246100959959555,0.08568915769428592,0.0,0.0,0.0,0.0,0.0,0.0,0.0,0.0669176606865745,0.0,0.0,0.0,0.2973130145992131,0.21494879709295245,0.0,0.0,0.5435446385969749,0.737545396529639,0.542891284160129,0.3142071258329786,0.48344277590800716,0.5546011771198252,0.7454823647052551,1.0,0.09445412131488286,0.31206834288924873,0.017641105470417758,0.07805556998251131,0.10821748455633932,0.0,0.0,0.0,0.0,0.0,0.0,0.0,0.0,0.037855827269157594,0.39005042664018574,0.6859243691611819,0.48946947221465387,0.1705300636758524,0.0,0.0,0.0,0.0,0.0,0.0,0.0,0.0,0.0,0.0,0.0,0.0,0.0,0.0,0.0,0.0,0.0,0.0,0.0,0.0,0.0,0.0,0.0,0.0,0.0,0.0,0.0,0.0,0.0,0.0,0.0,0.0,0.0,0.0,0.0,0.0,0.0,0.0,0.0,0.0,0.0,0.0,0.0,0.0
0.30560842295148355,0.5479682754302639,0.7344822900477534,0.5430417642649713,0.31207002891430174,0.2159683029491393,0.08084840849881793,0.0,0.0,0.0,0.012221151748642948,0.0,0.0,0.0,0.08021017699636257,0.0,0.0,0.0,0.15784702890029295,0.13235395335307568,0.020627867605645736,0.0,0.12111759545523891,0.07718388010628037,0.06839412318116603,0.09445412131488286,1.0,0.0,0.7567250681602407,0.0,0.3997420450269965,0.3893409621831157,0.035509464938799626,0.0,0.0,0.0,0.0,0.0,0.0,0.0,0.0,0.0,0.0,0.0,0.0,0.0,0.0,0.0,0.0,0.0,0.0,0.0,0.0,0.0,0.0,0.0,0.0,0.0,0.0,0.0,0.0,0.0,0.0,0.0,0.0,0.0,0.0,0.0,0.0,0.0,0.0,0.0,0.0,0.0,0.0,0.0,0.0,0.0,0.0,0.0,0.0,0.0,0.0,0.0,0.0,0.0,0.0,0.0
0.15771691977240293,0.121059942980425,0.07708253871945703,0.06815495781572388,0.09414162854028041,0.13210912970402383,0.08014301252816788,0.0,0.0,0.020395943845703205,0.012207001590589763,0.0,0.0,0.0,0.08085131837588744,0.0,0.0,0.0,0.3056130800429231,0.21596718340028584,0.0,0.0,0.5479684827873921,0.734482505405383,0.5430387353079277,0.31206834288924873,0.0,1.0,0.0,0.756725085230779,0.0,0.0,0.0,0.0,0.0,0.0,0.0,0.0,0.0,0.0,0.0,0.035510089613462074,0.38933350128490735,0.39973131004733564,0.0,0.0,0.0,0.0,0.0,0.0,0.0,0.0,0.0,0.0,0.0,0.0,0.0,0.0,0.0,0.01000970355342996,0.0,0.0,0.0,0.2266103913964494,0.40856053212196397,0.26719878718341894,0.0,0.0,0.0,0.213378540333087,0.0,0.0,0.0,0.0,0.0,0.0,0.0,0.0,0.0,0.0,0.0,0.0,0.0,0.18062316192100605,0.488295394829173,0.23714924021563727,0.0,0.0
0.0716075711600036,0.3237454768921775,0.4912089905863206,0.3198928275615644,0.07806252137558876,0.0,0.0,0.0,0.0,0.0,0.0,0.0,0.0,0.0,0.0,0.0,0.0,0.0,0.006898407829591288,0.03614253788749059,0.0,0.0,0.0,0.0,0.0,0.017641105470417758,0.7567250681602407,0.0,1.0,0.0,0.23309879091460417,0.22329876014034936,0.0,0.0,0.0,0.0,0.0,0.0,0.0,0.0,0.0,0.0,0.0,0.0,0.0,0.0,0.0,0.0,0.0,0.0,0.0,0.0,0.0,0.0,0.0,0.0,0.0,0.0,0.0,0.0,0.0,0.0,0.0,0.0,0.0,0.0,0.0,0.0,0.0,0.0,0.0,0.0,0.0,0.0,0.0,0.0,0.0,0.0,0.0,0.0,0.0,0.0,0.0,0.0,0.0,0.0,0.0,0.0
0.006748411126715265,0.0,0.0,0.0,0.017256835341223988,0.035854822602897504,0.0,0.0,0.0,0.0,0.0,0.0,0.0,0.0,0.0,0.0,0.0,0.0,0.0716172799024526,0.0,0.0,0.0,0.32375217927971167,0.49120918691842985,0.3198825930573384,0.07805556998251131,0.0,0.756725085230779,0.0,1.0,0.0,0.0,0.0,0.0,0.0,0.0,0.0,0.0,0.0,0.0,0.0,0.0,0.22327654384983667,0.23309920380652735,0.0,0.0,0.0,0.0,0.0,0.0,0.0,0.0,0.0,0.0,0.0,0.0,0.0,0.0,0.0,0.038734910064168654,0.0,0.0,0.1011025665467088,0.3760407359827671,0.5052003829148078,0.29186990478965985,0.0,0.0,0.158850168079451,0.4088689745268833,0.0,0.0,0.0,0.0,0.0,0.0,0.0,0.0,0.0,0.0,0.0,0.0,0.0,0.13795324989944335,0.5825930013952632,0.4469590845495575,0.0,0.0
0.4859999888080801,0.6868653218234826,0.4926931717335828,0.2561458897877919,0.17052770751127144,0.2543275120968795,0.3759262034936006,0.12426561876831693,0.0,0.03155081080800381,0.3754397389519214,0.15086553123889174,0.0,0.0,0.4247803723336247,0.2707799816553985,0.09344838075910664,0.037514402020775404,0.3983669874801646,0.2723215565742376,0.17543534812250464,0.16897377660866567,0.29033035332832635,0.11990597221571943,0.04288703074935106,0.10821748455633932,0.3997420450269965,0.0,0.23309879091460417,0.0,1.0,0.0,0.0,0.0,0.0,0.0,0.0,0.0,0.0,0.0,0.0,0.0,0.0,0.16708358040663696,0.0,0.0,0.0,0.0,0.0,0.0,0.0,0.0,0.0,0.0,0.0,0.0,0.0,0.0,0.0,0.0,0.0,0.0,0.0,0.0,0.0,0.0,0.0,0.0,0.0,0.0,0.0,0.0,0.0,0.0,0.0,0.0,0.0,0.0,0.0,0.0,0.0,0.0,0.0,0.0,0.0,0.0,0.0,0.0
0.15869981559227783,0.25472051418742714,0.48503354217293,0.6862544647777763,0.489468550884459,0.2529430424265128,0.0,0.0,0.0,0.033116516224344285,0.0,0.0,0.0,0.0,0.0,0.0,0.0,0.0,0.0,0.0,0.0,0.0,0.0,0.0,0.0,0.0,0.3893409621831157,0.0,0.22329876014034936,0.0,0.0,1.0,0.4066925945876455,0.0,0.0,0.0,0.0,0.0,0.0,0.0,0.0,0.0,0.0,0.0,0.0,0.0,0.0,0.0,0.0,0.0,0.0,0.0,0.0,0.0,0.0,0.0,0.0,0.0,0.0,0.0,0.0,0.0,0.0,0.0,0.0,0.0,0.0,0.0,0.0,0.0,0.0,0.0,0.024966436020077944,0.0,0.0,0.0,0.0,0.0,0.0,0.0,0.0,0.0,0.0,0.0,0.0,0.0,0.0,0.0
0.2501440969211612,0.1694085573210452,0.25810945632037674,0.4914718927278875,0.6859247528380675,0.48746408690528803,0.025475930760237513,0.0,0.14189826487099474,0.3921216437648077,0.0,0.0,0.0,0.0,0.0,0.0,0.0,0.0,0.0,0.0,0.0,0.0,0.0,0.0,0.0,0.0,0.035509464938799626,0.0,0.0,0.0,0.0,0.4066925945876455,1.0,0.4191478320422568,0.0,0.0,0.0,0.0,0.0,0.0,0.0,0.0,0.0,0.0,0.0,0.0,0.02526618994465684,0.0,0.0,0.0,0.0,0.0,0.0,0.0,0.0,0.0,0.0,0.0,0.0,0.0,0.0,0.0,0.0,0.0,0.0,0.0,0.0,0.0,0.0,0.0,0.2830846391282133,0.0,0.39989899688612174,0.0,0.0028350192817619083,0.0,0.0,0.0,0.0,0.0,0.0,0.0,0.0,0.0,0.0,0.0,0.0,0.0
0.24826978097066257,0.03584833375425293,0.0,0.13649101689138268,0.39005339425455365,0.4848305757336443,0.15642079324454503,0.25241243171646466,0.49192728164832644,0.6859452985325596,0.0,0.0,0.0,0.035652099485051394,0.0,0.0,0.0,0.0,0.0,0.0,0.0,0.0,0.0,0.0,0.0,0.0,0.0,0.0,0.0,0.0,0.0,0.0,0.4191478320422568,1.0,0.4086833447463608,0.0,0.0,0.0,0.0,0.0,0.0,0.0,0.0,0.0,0.013021173536276508,0.2558234050752921,0.1288613878307147,0.0,0.0,0.0,0.0,0.0,0.0,0.0,0.08416159215004744,0.0,0.0,0.0,0.18746618653915648,0.2444572550198573,0.1320474395764823,0.0,0.042878289315835566,0.02207523179781755,0.11856832712777923,0.21722689627445677,0.0,0.0,0.0,0.0,0.21478393435060436,0.0,0.15774869902820485,0.0,0.32689483359126564,0.0,0.0,0.0,0.0,0.0,0.0,0.0,0.0,0.00667554443924234,0.0,0.0,0.0,0.0
0.16324325959466338,0.0,0.0,0.0,0.03785823857543652,0.25591475011413917,0.24991903664749351,0.4859529525150272,0.685857372150171,0.4926232724625709,0.031307976371959916,0.0,0.14253504595344377,0.3942091282606612,0.0,0.0,0.0,0.0,0.0,0.0,0.0,0.0,0.0,0.0,0.0,0.0,0.0,0.0,0.0,0.0,0.0,0.0,0.0,0.4086833447463608,1.0,0.42563729272556056,0.0,0.0,0.0,0.0,0.0,0.0,0.0,0.0,0.0,0.0,0.0,0.0,0.0,0.0,0.0,0.0,0.0,0.0,0.16895974914360548,0.21336322831581786,0.0,0.0,0.20939421613837708,0.39455272345803116,0.5005626317796911,0.3739507038021284,0.0,0.0,0.014044418532160796,0.2723152484657982,0.0,0.0,0.0,0.0,0.0,0.0,0.0,0.0,0.01415891562778104,0.0,0.0,0.0,0.0,0.0,0.0,0.12579067560013646,0.346952234024177,0.14392211674809696,0.0,0.0,0.0,0.0
0.034557201206052476,0.0,0.0,0.0,0.0,0.0,0.24981956762670465,0.48571569548958415,0.39315934156051785,0.14238387025282948,0.16109548494981116,0.2546604228467587,0.49138033196080994,0.6859139832855017,0.0,0.0,0.0,0.03535508544352678,0.0,0.0,0.0,0.0,0.0,0.0,0.0,0.0,0.0,0.0,0.0,0.0,0.0,0.0,0.0,0.0,0.42563729272556056,1.0,0.40653186159457816,0.0,0.0,0.0,0.0,0.0,0.0,0.0,0.0,0.0,0.0,0.0,0.0,0.0,0.0,0.0,0.0,0.0,0.0,0.0,0.0,0.0,0.0,0.08451126542924757,0.33063544122060057,0.21834871055712676,0.0,0.0,0.0,0.008926565939002849,0.0,0.0,0.0,0.0,0.0,0.0,0.0,0.0,0.0,0.0,0.0,0.0,0.0,0.0,0.0,0.11490564712460896,0.35321519732843415,0.0,0.0,0.0,0.0,0.0
0.0,0.0,0.0,0.0,0.0,0.0,0.16284597922476277,0.25577101066901853,0.036583183898767475,0.0,0.24913975103992927,0.4862229564368073,0.6858862263938935,0.4914731687026211,0.03539364015246135,0.0,0.14154301536436675,0.3933488911101738,0.0,0.0,0.0,0.0,0.0,0.0,0.0,0.0,0.0,0.0,0.0,0.0,0.0,0.0,0.0,0.0,0.0,0.40653186159457816,1.0,0.4240507936110939,0.0,0.0,0.0,0.0,0.0,0.0,0.0,0.0,0.0,0.0,0.0,0.0,0.0,0.0,0.0,0.0,0.0,0.0,0.0,0.0,0.0,0.0,0.0,0.0,0.0,0.0,0.0,0.0,0.0,0.0,0.0,0.0,0.0,0.0,0.0,0.0,0.0,0.0,0.0,0.0,0.0,0.0,0.0,0.0,0.0,0.0,0.0,0.0,0.0,0.0
0.0,0.0,0.0,0.0,0.0,0.0,0.03539792718236756,0.0,0.0,0.0,0.2491416465124056,0.4862233780135351,0.39334858844381465,0.14154412624097326,0.1628455177392718,0.2557691095479464,0.4914726350243207,0.6858864019765938,0.0,0.0,0.0,0.03657751525537394,0.0,0.0,0.0,0.0,0.0,0.0,0.0,0.0,0.0,0.0,0.0,0.0,0.0,0.0,0.4240507936110939,1.0,0.4065291066778815,0.0,0.0,0.0,0.0,0.0,0.0,0.0,0.0,0.0,0.0,0.0,0.0,0.0,0.0,0.0,0.0,0.0,0.0,0.0,0.0,0.0,0.0,0.0,0.0,0.0,0.0,0.0,0.0,0.0,0.0,0.0,0.0,0.0,0.0,0.0,0.0,0.0,0.0,0.0,0.0,0.0,0.0,0.0,0.0,0.0,0.0,0.0,0.0,0.0
0.0,0.0,0.0,0.0,0.0,0.0,0.0,0.0,0.0,0.0,0.16110075556056416,0.2546605670397409,0.03535362188049618,0.0,0.24982224640208667,0.485718797991381,0.6859139531709123,0.4913783743103043,0.034558279291741836,0.0,0.14238243829784789,0.39316088633870533,0.0,0.0,0.0,0.0,0.0,0.0,0.0,0.0,0.0,0.0,0.0,0.0,0.0,0.0,0.0,0.4065291066778815,1.0,0.4256396960940583,0.0,0.0,0.0,0.0,0.0,0.0,0.0,0.0,0.0,0.0,0.0,0.0,0.0,0.0,0.0,0.0,0.0,0.0,0.0,0.0,0.0,0.0,0.0,0.0,0.0,0.0,0.0,0.0,0.0,0.0,0.0,0.0,0.0,0.0,0.0,0.0,0.0,0.0,0.0,0.0,0.0,0.0,0.0,0.0,0.0,0.0,0.0,0.0
0.0,0.0,0.0,0.0,0.0,0.0,0.0,0.0,0.0,0.0,0.031312509091323056,0.0,0.0,0.0,0.24991666834404222,0.4859520453412868,0.3942075993045912,0.14253119582422305,0.163240218140377,0.2559128834991809,0.4926210613381709,0.6858567702500611,0.0,0.0,0.0,0.037855827269157594,0.0,0.0,0.0,0.0,0.0,0.0,0.0,0.0,0.0,0.0,0.0,0.0,0.4256396960940583,1.0,0.4086789610129487,0.0,0.0,0.0,0.0,0.0,0.0,0.0,0.0,0.0,0.0,0.0,0.0,0.0,0.0,0.0,0.0,0.0,0.0,0.0,0.0,0.0,0.0,0.0,0.0,0.0,0.0,0.0,0.0,0.0,0.0,0.0,0.0,0.0,0.0,0.0,0.0,0.0,0.0,0.0,0.0,0.0,0.0,0.0,0.0,0.0,0.0,0.0
0.0,0.0,0.0,0.0,0.0,0.0,0.0,0.0,0.0,0.0,0.0,0.0,0.0,0.0,0.1564229131982566,0.2524131528406655,0.03564866590817952,0.0,0.24826845602384343,0.4848307941253438,0.6859457620343616,0.49192669135781175,0.035852254807682525,0.0,0.1364898413805031,0.39005042664018574,0.0,0.0,0.0,0.0,0.0,0.0,0.0,0.0,0.0,0.0,0.0,0.0,0.0,0.4086789610129487,1.0,0.41913643404204715,0.0,0.0,0.0,0.0,0.0,0.0,0.0,0.0,0.0,0.0,0.0,0.0,0.0,0.0,0.0,0.0,0.0,0.0,0.0,0.0,0.0,0.0,0.0,0.0,0.0,0.0,0.0,0.0,0.0,0.0,0.0,0.0,0.0,0.0,0.0,0.0,0.0,0.0,0.0,0.0,0.0,0.0,0.0,0.0,0.0,0.0
0.0,0.0,0.0,0.0,0.0,0.0,0.0,0.0,0.0,0.0,0.0,0.0,0.0,0.0,0.02547901887452443,0.0,0.0,0.0,0.25014728897936356,0.48746338590235055,0.39211449973967105,0.14189122574002394,0.16941149230674316,0.2581131810623841,0.49147403428185427,0.6859243691611819,0.0,0.035510089613462074,0.0,0.0,0.0,0.0,0.0,0.0,0.0,0.0,0.0,0.0,0.0,0.0,0.41913643404204715,1.0,0.40670066402294985,0.0,0.0,0.0,0.0,0.0,0.0,0.0,0.0,0.0,0.0,0.0,0.0,0.0,0.0,0.0,0.0,0.0,0.0,0.0,0.0,0.0,0.0,0.0,0.0,0.0,0.0,0.0,0.0,0.0,0.0,0.0,0.0,0.0,0.0,0.0,0.0,0.0,0.0,0.0,0.0,0.0,0.0,0.0,0.0,0.0
0.0,0.0,0.0,0.0,0.0,0.0,0.0,0.0,0.0,0.0,0.0,0.0,0.0,0.0,0.0,0.0,0.0,0.0,0.15870537388437708,0.252943603510077,0.03311779400837513,0.0,0.2547208748246028,0.4850359475121655,0.6862548358967995,0.48946947221465387,0.0,0.38933350128490735,0.0,0.22327654384983667,0.0,0.0,0.0,0.0,0.0,0.0,0.0,0.0,0.0,0.0,0.0,0.40670066402294985,1.0,0.0,0.0,0.0,0.0,0.0,0.0,0.0,0.0,0.0,0.0,0.0,0.0,0.0,0.0,0.0,0.0,0.0,0.0,0.0,0.0,0.0,0.0,0.0,0.0,0.0,0.0,0.0,0.0,0.0,0.0,0.0,0.0,0.0,0.0,0.0,0.0,0.0,0.0,0.0,0.0,0.0,0.0,0.0,0.0,0.0
0.3982046253053014,0.29024223881147054,0.11979309229645892,0.042688056520886926,0.10796343824544172,0.27208450542788076,0.42469162333649574,0.27069754229062737,0.1688368609810872,0.17522384919909942,0.375430702170991,0.1508757974097653,0.03751113572443156,0.09341294002625876,0.375940787302311,0.12429408196593504,0.0,0.0,0.48601099361084016,0.2543330244728838,0.0315638834714201,0.0,0.6868644762734614,0.4926813323527462,0.25614164971411824,0.1705300636758524,0.0,0.39973131004733564,0.0,0.23309920380652735,0.16708358040663696,0.0,0.0,0.0,0.0,0.0,0.0,0.0,0.0,0.0,0.0,0.0,0.0,1.0,0.0,0.0,0.0,0.0,0.0,0.0,0.0,0.0,0.0,0.0,0.0,0.0,0.0,0.0,0.0,0.06670344831618749,0.0,0.0,0.0,0.0,0.3073741865630053,0.362525662409257,0.0,0.0,0.0,0.0,0.0,0.0,0.0,0.0,0.0,0.0,0.0,0.0,0.0,0.0,0.0,0.0,0.0,0.39760699844015596,0.2762422013112758,0.0,0.0,0.0
0.0,0.0,0.0,0.0,0.0,0.0,0.0,0.0,0.0,0.0,0.0,0.0,0.0,0.0,0.0,0.0,0.0,0.0,0.0,0.0,0.0,0.0,0.0,0.0,0.0,0.0,0.0,0.0,0.0,0.0,0.0,0.0,0.0,0.013021173536276508,0.0,0.0,0.0,0.0,0.0,0.0,0.0,0.0,0.0,0.0,1.0,0.7383103507710321,0.5469798196942371,0.4723958891055894,0.5435386906776225,0.7350233802711091,0.7298233068345809,0.5455493668145677,0.47718269897408394,0.5420710068377029,0.5221647674852686,0.29885988464754987,0.2148681844232592,0.30489008728923644,0.4077952398482438,0.17141185241959095,0.03829807402246033,0.08381762248956962,0.38386202260780483,0.16161588517486924,0.0,0.0,0.4315095648548615,0.24904920158278687,0.06565235021204972,0.03195942697073408,0.3056084229514836,0.15771691977240293,0.07160757116000377,0.006748411126715265,0.48599998880807993,0.15869981559227783,0.25014409692116135,0.24826978097066257,0.16324325959466338,0.034557201206052476,0.0,0.0,0.0,0.0,0.0,0.0,0.0,0.3982046253053014
0.0,0.0,0.0,0.0,0.0,0.0,0.0,0.0,0.016985917619452253,0.13511498369154512,0.0,0.0,0.0,0.0,0.0,0.0,0.0,0.0,0.0,0.0,0.0,0.0,0.0,0.0,0.0,0.0,0.0,0.0,0.0,0.0,0.0,0.0,0.0,0.2558234050752921,0.0,0.0,0.0,0.0,0.0,0.0,0.0,0.0,0.0,0.0,0.7383103507710321,1.0,0.7425839223742365,0.5485797284083545,0.4834394719250325,0.5500689824024522,0.5328082974721502,0.30534899309183683,0.218927920223791,0.3080377478776938,0.4317653370961857,0.19357323274118152,0.05026763003982489,0.08935524745301586,0.4207623912091368,0.22145870120641972,0.05105462284233179,0.03280204549102585,0.4315872849488158,0.274589172965005,0.1301933460426483,0.10343806285600621,0.4127973651561512,0.26248986731056917,0.1458481186151259,0.15246100959959555,0.547968275430264,0.121059942980425,0.32374547689217753,0.0,0.6868653218234826,0.2547205141874271,0.1694085573210452,0.03584833375425276,0.0,0.0,0.0,0.0,0.0,0.0,0.0,0.0,0.0,0.2902422388114704
0.0,0.0,0.0,0.0,0.0,0.0,0.0,0.0,0.0,0.02663751459288934,0.0,0.0,0.0,0.0,0.0,0.0,0.0,0.0,0.0,0.0,0.0,0.0,0.0,0.0,0.0,0.0,0.0,0.0,0.0,0.0,0.0,0.0,0.02526618994465684,0.1288613878307147,0.0,0.0,0.0,0.0,0.0,0.0,0.0,0.0,0.0,0.0,0.5469798196942371,0.7425839223742365,1.0,0.737505150812897,0.554599759553522,0.481318971648196,0.29710225103980287,0.09638736852972245,0.06676828023032834,0.2178940037108918,0.17509040152893665,0.0,0.0,0.0,0.18615172470866295,0.0001845360435968633,0.0,0.0,0.2491185813315509,0.1458107618751616,0.0,0.0,0.2624722157465881,0.18642228888106416,0.10353995392768456,0.08568915769428592,0.7344822900477534,0.0770825387194572,0.49120899058632067,0.0,0.49269317173358274,0.48503354217293,0.25810945632037696,0.0,0.0,0.0,0.0,0.0,0.0,0.0,0.0,0.0,0.0,0.11979309229645892
0.0,0.0,0.0,0.0,0.0,0.0,0.0,0.0,0.0,0.0,0.0,0.0,0.0,0.0,0.0,0.0,0.0,0.0,0.0,0.0,0.0,0.0,0.0,0.0,0.0,0.0,0.0,0.0,0.0,0.0,0.0,0.0,0.0,0.0,0.0,0.0,0.0,0.0,0.0,0.0,0.0,0.0,0.0,0.0,0.4723958891055894,0.5485797284083545,0.737505150812897,1.0,0.7454831866511306,0.5489952034756583,0.20230199965939916,0.057759333117509894,0.10368663328595054,0.3090694669749679,0.019935793963138587,0.0,0.0,0.0,0.0,0.0,0.0,0.0,0.06565145793614141,0.0,0.0,0.0,0.145742294954305,0.10342645340122862,0.0,0.0,0.5430417642649714,0.06815495781572388,0.3198928275615644,0.0,0.2561458897877918,0.6862544647777763,0.49147189272788766,0.13649101689138268,0.0,0.0,0.0,0.0,0.0,0.0,0.0,0.0,0.0,0.042688056520886926
0.0,0.0,0.0,0.0,0.0,0.0,0.0,0.0,0.0,0.0,0.0,0.0,0.0,0.0,0.0,0.0,0.0,0.0,0.0,0.0,0.0,0.0,0.0,0.0,0.0,0.0,0.0,0.0,0.0,0.0,0.0,0.0,0.0,0.0,0.0,0.0,0.0,0.0,0.0,0.0,0.0,0.0,0.0,0.0,0.5435386906776225,0.4834394719250325,0.554599759553522,0.7454831866511306,1.0,0.7375442031593364,0.2973071596148381,0.21494600462108915,0.31420746901733304,0.5428935550130646,0.06690731594387649,0.0,0.0,0.0,0.0,0.0,0.0,0.0,0.03191520676047612,0.0,0.0,0.0,0.1523022574505365,0.08550837477569885,0.0,0.0,0.3120700289143019,0.09414162854028041,0.07806252137558893,0.017256835341223988,0.17052770751127128,0.489468550884459,0.6859247528380678,0.39005339425455365,0.03785823857543652,0.0,0.0,0.0,0.0,0.0,0.0,0.0,0.0,0.10796343824544172
0.0,0.0,0.0,0.0,0.0,0.0,0.0,0.0,0.0,0.0,0.0,0.0,0.0,0.0,0.0,0.0,0.0,0.0,0.0,0.0,0.0,0.0,0.0,0.0,0.0,0.0,0.0,0.0,0.0,0.0,0.0,0.0,0.0,0.0,0.0,0.0,0.0,0.0,0.0,0.0,0.0,0.0,0.0,0.0,0.7350233802711091,0.5500689824024522,0.481318971648196,0.5489952034756583,0.7375442031593364,1.0,0.5375653124923979,0.47660471162995494,0.5524537337750433,0.7354882344820405,0.2858651937688403,0.08635376092993617,0.060594040423656424,0.21506805539176801,0.15348018635612162,0.0,0.0,0.0,0.16157758378187212,0.0,0.0,0.0,0.2744500100376529,0.14566272384985451,0.0,0.0,0.21596830294913946,0.13210912970402383,0.0,0.035854822602897504,0.25432751209687926,0.2529430424265128,0.48746408690528803,0.4848305757336443,0.25591475011413917,0.0,0.0,0.0,0.0,0.0,0.0,0.0,0.0,0.2720845054278809
0.0,0.0,0.0,0.0,0.0,0.0,0.0,0.0,0.0,0.0,0.0,0.0,0.0,0.0,0.0,0.0,0.0,0.0,0.0,0.0,0.0,0.0,0.0,0.0,0.0,0.0,0.0,0.0,0.0,0.0,0.0,0.0,0.0,0.0,0.0,0.0,0.0,0.0,0.0,0.0,0.0,0.0,0.0,0.0,0.7298233068345809,0.5328082974721502,0.29710225103980287,0.20230199965939916,0.2973071596148381,0.5375653124923979,1.0,0.7368519209504353,0.5418845291796638,0.47019345434773957,0.73082725782201,0.545179695509628,0.4764148999239906,0.5430532327545622,0.5198533534719992,0.2935151730219012,0.2118385917819982,0.30480735979815693,0.4077881506858319,0.15349247310048628,0.017345072056597282,0.07141125070053284,0.4207155592022368,0.18610891657637987,0.0,0.0,0.08084840849881793,0.08014301252816788,0.0,0.0,0.37592620349360045,0.0,0.025475930760237513,0.15642079324454503,0.24991903664749351,0.24981956762670465,0.16284597922476277,0.03539792718236756,0.0,0.0,0.0,0.0,0.0,0.42469162333649574
0.0,0.0,0.0,0.0,0.0,0.0,0.0,0.0,0.0,0.0,0.0,0.0,0.0,0.0,0.0,0.0,0.0,0.0,0.0,0.0,0.0,0.0,0.0,0.0,0.0,0.0,0.0,0.0,0.0,0.0,0.0,0.0,0.0,0.0,0.0,0.0,0.0,0.0,0.0,0.0,0.0,0.0,0.0,0.0,0.5455493668145677,0.30534899309183683,0.09638736852972245,0.057759333117509894,0.21494600462108915,0.47660471162995494,0.7368519209504353,1.0,0.7348706658368158,0.5487952486797246,0.5433929277067162,0.4790058532882333,0.5523406201568847,0.7361473902253824,0.2935118242100085,0.08717791421554409,0.0593783457662829,0.21597799465839188,0.17139520393954422,0.0,0.0,0.0,0.22140691538798116,0.00012882316200413656,0.0,0.0,0.0,0.0,0.0,0.0,0.12426561876831677,0.0,0.0,0.2524124317164646,0.4859529525150272,0.48571569548958415,0.2557710106690184,0.0,0.0,0.0,0.0,0.0,0.0,0.2706975422906274
0.0,0.0,0.0,0.0,0.0,0.0,0.0,0.0,0.0,0.0,0.0,0.0,0.0,0.0,0.0,0.0,0.0,0.0,0.0,0.0,0.0,0.0,0.0,0.0,0.0,0.0,0.0,0.0,0.0,0.0,0.0,0.0,0.0,0.0,0.0,0.0,0.0,0.0,0.0,0.0,0.0,0.0,0.0,0.0,0.47718269897408394,0.218927920223791,0.06676828023032834,0.10368663328595054,0.31420746901733304,0.5524537337750433,0.5418845291796638,0.7348706658368158,1.0,0.7479096965739996,0.29987816868322764,0.2139657158022127,0.3124310639246702,0.5431645216996427,0.07140217590251313,0.0,0.0,0.0,0.0,0.0,0.0,0.0,0.10335284605117168,0.0,0.0,0.0,0.0,0.0,0.0,0.0,0.0,0.0,0.14189826487099488,0.49192728164832644,0.685857372150171,0.39315934156051785,0.036583183898767316,0.0,0.0,0.0,0.0,0.0,0.0,0.1688368609810872
