1.0,0.738314424850436,0.5469811826497459,0.47239193799062235,0.5435390665803476,0.7350220447998665,0.729825878607583,0.5455508188132852,0.47718420834516756,0.5420714386230909,0.5221526996328836,0.29883995005366965,0.21485550181004112,0.3048884424572122,0.4077733434737968,0.17137344693022444,0.03825235612680395,0.08378344502713563,0.3838873723738733,0.16163612490772275,0.0,0.0,0.4316423769115943,0.24926369198763373,0.06582207929810256,0.03204117208221886,0.3056178990812745,0.1580228841959198,0.07162521889148767,0.007109860248445522,0.4860142632377268,0.15869825110171637,0.25014599188252123,0.248268672990099,0.1632428640008353,0.03456106329714813,0.0,0.0,0.0,0.0,0.0,0.0,0.0,0.3983451921010967,0.0,0.0,0.0,0.0,0.0,0.0,0.0,0.0,0.0,0.0,0.0,0.0,0.0,0.0,0.0,0.0,0.0,0.0,0.0,0.0,0.0,0.0,0.0,0.0,0.0,0.0,0.025625295234424052,0.0,0.1282944984868924,0.0,0.0,0.0,0.0,0.0,0.0,0.0,0.0,0.0,0.0,0.0,0.0,0.0,0.0,0.0
0.738314424850436,1.0,0.7425867735663726,0.5485806157116394,0.4834470858061022,0.5500738340641989,0.5328099637056057,0.30535635846418924,0.2189380607892159,0.30804523799384304,0.4317349765351996,0.19354211361628185,0.05025475027239864,0.08935912932396319,0.42068689346335003,0.22136492895691823,0.05097102307810747,0.03274655477961365,0.4315440727392669,0.27453853697722974,0.13010741560948694,0.1033359330432802,0.4128735850581272,0.2626713102534339,0.14598910892648012,0.15249146740621392,0.5479796109671538,0.1213367933647461,0.32376604904999384,0.0,0.6868674368988572,0.25472210529306943,0.16941686049479313,0.03585341408020544,0.0,0.0,0.0,0.0,0.0,0.0,0.0,0.0,0.0,0.29031763772016334,0.0,0.0,0.028324027602654053,0.007840342077194171,0.0,0.0,0.0,0.0,0.0,0.0,0.0,0.0,0.0,0.0,0.0,0.0,0.0,0.0,0.0,0.0,0.0,0.0,0.0,0.0,0.0,0.0,0.18466276196855388,0.0,0.23715880099173428,0.0,0.0,0.0012005112685040428,0.0,0.0,0.0,0.0,0.0,0.0,0.0,0.0,0.0,0.0,0.0,0.0
0.5469811826497459,0.7425867735663726,1.0,0.7375031084913297,0.5546021607327095,0.4813178480755288,0.2971045743641996,0.09638904778703278,0.06677076270501424,0.21789362007007507,0.17506825254922131,0.0,0.0,0.0,0.18610009095319385,9.990190771936158e-05,0.0,0.0,0.2491191554610629,0.14580420602835165,0.0,0.0,0.2626147159846905,0.1867209514169002,0.10380178266532981,0.08579585635944857,0.7344837179366572,0.07751463735829232,0.4912103476079625,0.0,0.4926927512883515,0.4850309577190653,0.25811148076376716,0.0,0.0,0.0,0.0,0.0,0.0,0.0,0.0,0.0,0.0,0.11992740019735755,0.0,0.028324027602654053,0.19784185427018225,0.1326491162439108,0.0,0.0,0.0,0.0,0.0,0.0,0.0,0.0,0.0,0.0,0.0,0.0,0.0,0.0,0.0,0.019658349147086644,0.0,0.0,0.0,0.07494031085422635,0.1993861974643692,0.1655128562440706,0.34300664077571186,0.0,0.3701564911598084,0.0,0.0,0.07712249724482062,0.0,0.0,0.0,0.0,0.0,0.0,0.0,0.0,0.0,0.05667303018650334,0.12076400993148044,0.0
0.47239193799062235,0.5485806157116394,0.7375031084913297,1.0,0.7454823883136196,0.5489891816233625,0.20230054871137076,0.05775328436253185,0.10368070693050399,0.3090622591098735,0.019918184095742357,0.0,0.0,0.0,0.0,0.0,0.0,0.0,0.06569660391705047,0.0,0.0,0.0,0.14594491505809587,0.1038187843631228,0.0,0.0,0.5430333414974454,0.06873661034120294,0.31987488963407057,0.0,0.256145525219811,0.686256719348036,0.49147251505285805,0.13648099792503526,0.0,0.0,0.0,0.0,0.0,0.0,0.0,0.0,0.0,0.04288448780133232,0.0,0.007840342077194171,0.1326491162439108,0.0005268105408390906,0.0,0.0,0.0,0.0,0.0,0.0,0.0,0.0,0.0,0.0,0.0,0.0,0.0,0.0,0.0,0.13539325698803278,0.04229023043199896,0.0,0.0,0.055668516393845534,0.22639467423933338,0.27117504621053196,0.313658156625979,0.0,0.38396801820133214,0.0,0.0,0.0,0.0,0.0,0.0,0.0,0.0,0.0,0.0,0.0,0.0,0.20797285857705985,0.12487013369056138,0.0
0.5435390665803476,0.4834470858061022,0.5546021607327095,0.7454823883136196,1.0,0.7375423655802209,0.2973105822248672,0.21494341618826915,0.31420354136820366,0.5428881898447205,0.06690091955888117,0.0,0.0,0.0,0.0,0.0,0.0,0.0,0.03198317860594431,0.0,0.0,0.0,0.15252225383758045,0.0858973950960157,0.0,0.0,0.31206709748952893,0.09473042446116538,0.07805120934238495,0.017986337195174208,0.17053827918376532,0.4894682370663264,0.6859254596879764,0.3900447322232689,0.0378507227913583,0.0,0.0,0.0,0.0,0.0,0.0,0.0,0.0,0.10818999534896458,0.0,0.0,0.0,0.0,0.0,0.0,0.0,0.0,0.0,0.0,0.0,0.0,0.0,0.0,0.0,0.0,0.0,0.0,0.0,0.0,0.0,0.0,0.0,0.0,0.005484605477928251,0.07864186929181297,0.13264189442723376,0.0,0.25268323139629556,0.0,0.0,0.0,0.0,0.0,0.0,0.0,0.0,0.0,0.0,0.0,0.0,0.05863022386138252,0.0,0.0
0.7350220447998665,0.5500738340641989,0.4813178480755288,0.5489891816233625,0.7375423655802209,1.0,0.537568651615926,0.476604763728682,0.552454279814592,0.7354888198881765,0.28586069311261264,0.08633461050459142,0.060578162795816765,0.21506355318024542,0.15347815289738903,0.0,0.0,0.0,0.1616373807615519,0.0,0.0,0.0,0.27464009583085675,0.14597016098480092,0.0,0.0,0.21596829758427438,0.13256606892686681,0.0,0.03641084644800688,0.25434042289306547,0.2529391964299111,0.48746532413194454,0.48482990230337975,0.25591279413394036,0.0,0.0,0.0,0.0,0.0,0.0,0.0,0.0,0.27229394505468635,0.0,0.0,0.0,0.0,0.0,0.0,0.0,0.0,0.0,0.0,0.0,0.0,0.0,0.0,0.0,0.0,0.0,0.0,0.0,0.0,0.0,0.0,0.0,0.0,0.0,0.0,0.0,0.0,0.12957190906653013,0.0,0.0,0.0,0.0,0.0,0.0,0.0,0.0,0.0,0.0,0.0,0.0,0.0,0.0,0.0
0.729825878607583,0.5328099637056057,0.2971045743641996,0.20230054871137076,0.2973105822248672,0.537568651615926,1.0,0.7368526496739751,0.5418874513302097,0.47019861493579834,0.7308216544086652,0.5451680303616028,0.4764058948208447,0.5430510872772789,0.5198474682200548,0.2935014082393556,0.21181744979697315,0.3047902047996172,0.4078101559175209,0.15350972636010676,0.017345184611116074,0.07140120380122313,0.42078777923226257,0.1862166068865733,0.0,0.0,0.08086119034193207,0.08029712889609285,0.0,0.0,0.37593982286377886,0.0,0.02548135894170956,0.1564257904917932,0.2499203000686268,0.249821511692493,0.16283964363657455,0.03537979680907089,0.0,0.0,0.0,0.0,0.0,0.42476379973910094,0.0,0.0,0.0,0.0,0.0,0.0,0.0,0.0,0.0,0.0,0.0,0.0,0.0,0.0,0.0,0.0,0.0,0.0,0.0,0.0,0.0,0.0,0.0,0.0,0.0,0.0,0.0,0.0,0.0,0.0,0.0,0.0,0.0,0.0,0.0,0.0,0.0,0.0,0.0,0.0,0.0,0.0,0.0,0.0
0.5455508188132852,0.30535635846418924,0.09638904778703278,0.05775328436253185,0.21494341618826915,0.476604763728682,0.7368526496739751,1.0,0.7348717832122137,0.5487964687038888,0.5433975613377076,0.47900158398995163,0.5523349989609248,0.7361457948206829,0.29352197940195307,0.08717880081892132,0.05936759098625438,0.21596856783349014,0.17143164026076035,0.0,0.0,0.0,0.22148541250203954,0.00023860895116930198,0.0,0.0,0.0,0.0,0.0,0.0,0.12429179522408468,0.0,0.0,0.25241304368577266,0.48595336769210845,0.48571819605979166,0.2557677773638775,0.0,0.0,0.0,0.0,0.0,0.0,0.2707807595246511,0.0,0.0,0.0,0.0,0.0,0.0,0.0,0.0,0.0,0.0,0.0,0.0,0.0,0.0,0.0,0.0,0.0,0.0,0.0,0.0,0.0,0.0,0.0,0.0,0.0,0.0,0.0,0.0,0.0,0.0,0.0,0.0,0.0,0.0,0.0,0.0,0.0,0.0,0.0,0.0,0.0,0.0,0.0,0.0
0.47718420834516756,0.2189380607892159,0.06677076270501424,0.10368070693050399,0.31420354136820366,0.552454279814592,0.5418874513302097,0.7348717832122137,1.0,0.747909620025028,0.29988481494011265,0.2139616399645047,0.3124255435840873,0.5431637670989141,0.07141906963362148,0.0,0.0,0.0,0.0,0.0,0.0,0.0,0.10347838179130628,0.0,0.0,0.0,0.0,0.0,0.0,0.0,0.0,0.0,0.14189321309210784,0.49192651323085745,0.685855312510843,0.3931625062141693,0.036578725073565584,0.0,0.0,0.0,0.0,0.0,0.0,0.16897776361413328,0.0,0.0,0.0,0.0,0.0,0.0,0.0,0.0,0.0,0.0,0.0,0.0,0.0,0.0,0.0,0.0,0.0,0.0,0.0,0.0,0.0,0.0,0.0,0.0,0.0,0.0,0.0,0.0,0.0,0.0,0.0,0.0,0.0,0.0,0.0,0.0,0.0,0.0,0.0,0.0,0.0,0.0,0.0,0.0
0.5420714386230909,0.30804523799384304,0.21789362007007507,0.3090622591098735,0.5428881898447205,0.7354888198881765,0.47019861493579834,0.5487964687038888,0.747909620025028,1.0,0.2024493086945182,0.05571693432302098,0.10310851466299056,0.3114714053605975,0.017344613861033323,0.0,0.0,0.0,0.0,0.0,0.0,0.0,0.13024310470184258,0.0,0.0,0.0,0.0,0.020811141798901183,0.0,0.0,0.03157069407423695,0.033110123095206764,0.3921165385305873,0.6859442900421988,0.49262018317213346,0.14238517331634828,0.0,0.0,0.0,0.0,0.0,0.0,0.0,0.17542775269634148,0.0,0.0,0.0,0.0,0.0,0.0,0.0,0.0,0.0,0.0,0.0,0.0,0.0,0.0,0.0,0.0,0.0,0.0,0.0,0.0,0.0,0.0,0.0,0.0,0.0,0.0,0.0,0.0,0.0,0.0,0.0,0.0,0.0,0.0,0.0,0.0,0.0,0.0,0.0,0.0,0.0,0.0,0.0,0.0
0.5221526996328836,0.4317349765351996,0.17506825254922131,0.019918184095742357,0.06690091955888117,0.28586069311261264,0.7308216544086652,0.5433975613377076,0.29988481494011265,0.2024493086945182,1.0,0.7354295622463428,0.5421405704733745,0.4746538576948753,0.7308284863649721,0.5433926583806994,0.47464758129672635,0.5421398779481189,0.5221703305594111,0.2858740007628526,0.2024506911310765,0.29988073275248783,0.43177133339507423,0.17510473162665102,0.01995492612393677,0.06692348065338093,0.012209472458271744,0.012249141269777993,0.0,0.0,0.3754060600835684,0.0,0.0,0.0,0.03131661164780606,0.16110402775411173,0.24914310758680486,0.24913978174437593,0.16109481835002468,0.031309528199853096,0.0,0.0,0.0,0.37543483579807474,0.0,0.0,0.0,0.0,0.0,0.0,0.0,0.0,0.0,0.0,0.0,0.0,0.0,0.0,0.0,0.0,0.0,0.0,0.0,0.0,0.0,0.0,0.0,0.0,0.0,0.0,0.0,0.0,0.0,0.0,0.0,0.0,0.0,0.0,0.0,0.0,0.0,0.0,0.0,0.0,0.0,0.0,0.0,0.0
0.29883995005366965,0.19354211361628185,0.0,0.0,0.0,0.08633461050459142,0.5451680303616028,0.47900158398995163,0.2139616399645047,0.05571693432302098,0.7354295622463428,1.0,0.7361608133774784,0.5512994466464669,0.5451821287178192,0.4790040411228803,0.55129569337008,0.7361607089717399,0.29885799887485726,0.08634430873781071,0.05571824372675358,0.21396109953148013,0.19356937036261293,0.0,0.0,0.0,0.0,0.0,0.0,0.0,0.15084684753177088,0.0,0.0,0.0,0.0,0.2546635280670754,0.4862239281590684,0.4862217053253059,0.25465628175197624,0.0,0.0,0.0,0.0,0.15086853865100408,0.0,0.0,0.0,0.0,0.0,0.0,0.0,0.0,0.0,0.0,0.0,0.0,0.0,0.0,0.0,0.0,0.0,0.0,0.0,0.0,0.0,0.0,0.0,0.0,0.0,0.0,0.0,0.0,0.0,0.0,0.0,0.0,0.0,0.0,0.0,0.0,0.0,0.0,0.0,0.0,0.0,0.0,0.0,0.0
0.21485550181004112,0.05025475027239864,0.0,0.0,0.0,0.060578162795816765,0.4764058948208447,0.5523349989609248,0.3124255435840873,0.10310851466299056,0.5421405704733745,0.7361608133774784,1.0,0.7473477266865396,0.3048086749306982,0.21597536806164275,0.311962438118074,0.543504378986547,0.08381373001302063,0.0,0.0,0.0,0.03279411185140783,0.0,0.0,0.0,0.0,0.0,0.0,0.0,0.0,0.0,0.0,0.0,0.14253393101941275,0.49138175270128454,0.6858891543156787,0.39334660800858157,0.03534844327474685,0.0,0.0,0.0,0.0,0.03751273135841107,0.0,0.0,0.0,0.0,0.0,0.0,0.0,0.0,0.0,0.0,0.0,0.0,0.0,0.0,0.0,0.0,0.0,0.0,0.0,0.0,0.0,0.0,0.0,0.0,0.0,0.0,0.0,0.0,0.0,0.0,0.0,0.0,0.0,0.0,0.0,0.0,0.0,0.0,0.0,0.0,0.0,0.0,0.0,0.0
0.3048884424572122,0.08935912932396319,0.0,0.0,0.0,0.21506355318024542,0.5430510872772789,0.7361457948206829,0.5431637670989141,0.3114714053605975,0.4746538576948753,0.5512994466464669,0.7473477266865396,1.0,0.2118445685753628,0.05938007795829923,0.10276804595965106,0.3119648437188397,0.038304905376604255,0.0,0.0,0.0,0.05105987373086088,0.0,0.0,0.0,0.0,0.0,0.0,0.0,0.0,0.0,0.0,0.03564847732505921,0.39421066508271935,0.6859161496646693,0.4914741689867379,0.1415405919421537,0.0,0.0,0.0,0.0,0.0,0.09344855821904523,0.0,0.0,0.0,0.0,0.0,0.0,0.0,0.0,0.0,0.0,0.0,0.0,0.0,0.0,0.0,0.0,0.0,0.0,0.0,0.0,0.0,0.0,0.0,0.0,0.0,0.0,0.0,0.0,0.0,0.0,0.0,0.0,0.0,0.0,0.0,0.0,0.0,0.0,0.0,0.0,0.0,0.0,0.0,0.0
0.4077733434737968,0.42068689346335003,0.18610009095319385,0.0,0.0,0.15347815289738903,0.5198474682200548,0.29352197940195307,0.07141906963362148,0.017344613861033323,0.7308284863649721,0.5451821287178192,0.3048086749306982,0.2118445685753628,1.0,0.7368553203558924,0.5430596034308529,0.47641921344421234,0.72982686606383,0.5375667357536331,0.4701944941239758,0.5418870475803407,0.5328169042338796,0.29710895079883165,0.20230650607583817,0.29731018951230165,0.08015958988319749,0.08086559176497833,0.0,0.0,0.42464492611774635,0.0,0.0,0.0,0.0,0.0,0.03540098356135828,0.16284927422295123,0.2498257088233311,0.2499214055448939,0.15642373736613624,0.02547686770131236,0.0,0.37593719640254314,0.0,0.0,0.0,0.0,0.0,0.0,0.0,0.0,0.0,0.0,0.0,0.0,0.0,0.0,0.0,0.0,0.0,0.0,0.0,0.0,0.0,0.0,0.0,0.0,0.0,0.0,0.0,0.0,0.0,0.0,0.0,0.0,0.0,0.0,0.0,0.0,0.0,0.0,0.0,0.0,0.0,0.0,0.0,0.0
0.17137344693022444,0.22136492895691823,9.990190771936158e-05,0.0,0.0,0.0,0.2935014082393556,0.08717880081892132,0.0,0.0,0.5433926583806994,0.4790040411228803,0.21597536806164275,0.05938007795829923,0.7368553203558924,1.0,0.7361496556825567,0.5523396643206648,0.5455556255651068,0.4766005853475386,0.5487902791686529,0.7348688131936333,0.30536066774485193,0.09638577055000616,0.057747271010950396,0.21493382566817534,0.0,0.0,0.0,0.0,0.2706363317422635,0.0,0.0,0.0,0.0,0.0,0.0,0.2557691035160925,0.48571854325795843,0.48595159979496866,0.25240727708508925,0.0,0.0,0.12428862314672867,0.0,0.0,0.0,0.0,0.0,0.0,0.0,0.0,0.0,0.0,0.0,0.0,0.0,0.0,0.0,0.0,0.0,0.0,0.0,0.0,0.0,0.0,0.0,0.0,0.0,0.0,0.0,0.0,0.0,0.0,0.0,0.0,0.0,0.0,0.0,0.0,0.0,0.0,0.0,0.0,0.0,0.0,0.0,0.0
0.03825235612680395,0.05097102307810747,0.0,0.0,0.0,0.0,0.21181744979697315,0.05936759098625438,0.0,0.0,0.47464758129672635,0.55129569337008,0.311962438118074,0.10276804595965106,0.5430596034308529,0.7361496556825567,1.0,0.7473461885023973,0.30489530633125317,0.2150590919976708,0.31146531316545273,0.5431613250043179,0.08936339104889465,0.0,0.0,0.0,0.0,0.0,0.0,0.0,0.09335111867606974,0.0,0.0,0.0,0.0,0.0,0.14154112581107367,0.4914698729489417,0.6859131567644243,0.3942062751364836,0.03564065551549817,0.0,0.0,0.0,0.0,0.0,0.0,0.0,0.0,0.0,0.0,0.0,0.0,0.0,0.0,0.0,0.0,0.0,0.0,0.0,0.0,0.0,0.0,0.0,0.0,0.0,0.0,0.0,0.0,0.0,0.0,0.0,0.0,0.0,0.0,0.0,0.0,0.0,0.0,0.0,0.0,0.0,0.0,0.0,0.0,0.0,0.0,0.0
0.08378344502713563,0.03274655477961365,0.0,0.0,0.0,0.0,0.3047902047996172,0.21596856783349014,0.0,0.0,0.5421398779481189,0.7361607089717399,0.543504378986547,0.3119648437188397,0.47641921344421234,0.5523396643206648,0.7473461885023973,1.0,0.21486629425194032,0.060577254801987175,0.10310394970851637,0.31242361744312364,0.05026527737977556,0.0,0.0,0.0,0.0,0.0,0.0,0.0,0.037465695432567975,0.0,0.0,0.0,0.0,0.035355313456224065,0.39334740661631923,0.6858852102715892,0.49137617690711244,0.14252865590110053,0.0,0.0,0.0,0.0,0.0,0.0,0.0,0.0,0.0,0.0,0.0,0.0,0.0,0.0,0.0,0.0,0.0,0.0,0.0,0.0,0.0,0.0,0.0,0.0,0.0,0.0,0.0,0.0,0.0,0.0,0.0,0.0,0.0,0.0,0.0,0.0,0.0,0.0,0.0,0.0,0.0,0.0,0.0,0.0,0.0,0.0,0.0,0.0
0.3838873723738733,0.4315440727392669,0.2491191554610629,0.06569660391705047,0.03198317860594431,0.1616373807615519,0.4078101559175209,0.17143164026076035,0.0,0.0,0.5221703305594111,0.29885799887485726,0.08381373001302063,0.038304905376604255,0.72982686606383,0.5455556255651068,0.30489530633125317,0.21486629425194032,1.0,0.7350235246443436,0.5420724020279353,0.47718899048522695,0.7383164086407135,0.5469837091969095,0.47239740671435754,0.5435402608410626,0.15783666742893976,0.30561910536612225,0.0069008025683373565,0.07162693195219774,0.3982205129996267,0.0,0.0,0.0,0.0,0.0,0.0,0.0,0.03456276633746513,0.16324872758532213,0.24827105785811038,0.2501446745754245,0.15870276299704777,0.4860083808424128,0.0,0.0,0.0,0.0,0.0,0.0,0.0,0.0,0.0,0.0,0.0,0.0,0.0,0.0,0.0,0.0,0.0,0.0,0.0,0.0,0.0,0.0,0.0,0.0,0.0,0.0,0.06784037654559281,0.0,0.11313456836066643,0.0,0.0,0.0546399392316848,0.0,0.0,0.0,0.0,0.0,0.0,0.0,0.0,0.0,0.0,0.0,0.0
0.16163612490772275,0.27453853697722974,0.14580420602835165,0.0,0.0,0.0,0.15350972636010676,0.0,0.0,0.0,0.2858740007628526,0.08634430873781071,0.0,0.0,0.5375667357536331,0.4766005853475386,0.2150590919976708,0.060577254801987175,0.7350235246443436,1.0,0.7354859311427415,0.5524511656975365,0.5500732614043791,0.48131885580025774,0.5489905774170482,0.7375414125904681,0.13232872244661806,0.21596743310706093,0.03612791723570603,0.0,0.27215747678508195,0.0,0.0,0.0,0.0,0.0,0.0,0.0,0.0,0.2559102576559679,0.48482899735149243,0.4874610947584695,0.2529393985436681,0.25433560339484307,0.0,0.0,0.019658349147085984,0.13539325698803212,0.0,0.0,0.0,0.0,0.0,0.0,0.0,0.0,0.0,0.0,0.0,0.0,0.0,0.0,0.0,0.0,0.0,0.0,0.0,0.0,0.0,0.0,0.10750448724399231,0.0,0.0976677434808316,0.0,0.0,0.21822449504755861,0.0,0.0,0.0,0.0,0.0,0.0,0.0,0.0,0.0,0.0,0.0,0.0
0.0,0.13010741560948694,0.0,0.0,0.0,0.0,0.017345184611116074,0.0,0.0,0.0,0.2024506911310765,0.05571824372675358,0.0,0.0,0.4701944941239758,0.5487902791686529,0.31146531316545273,0.10310394970851637,0.5420724020279353,0.7354859311427415,1.0,0.7479064627605435,0.30804312022843294,0.21788950317898184,0.3090558054124596,0.5428807480560027,0.020541925450784412,0.0,0.0,0.0,0.1752565108299626,0.0,0.0,0.0,0.0,0.0,0.0,0.0,0.14237442075192194,0.49261898832984646,0.6859459663335702,0.3921038111416307,0.03310125201765965,0.03156321376169703,0.0,0.0,0.0,0.042290230431998144,0.0,0.0,0.0,0.0,0.0,0.0,0.0,0.0,0.0,0.0,0.0,0.0,0.0,0.0,0.0,0.0,0.0,0.0,0.0,0.0,0.0,0.0,0.0,0.0,0.0,0.0,0.0,0.12883517655969012,0.0,0.0,0.0,0.0,0.0,0.0,0.0,0.0,0.0,0.0,0.0,0.0
0.0,0.1033359330432802,0.0,0.0,0.0,0.0,0.07140120380122313,0.0,0.0,0.0,0.29988073275248783,0.21396109953148013,0.0,0.0,0.5418870475803407,0.7348688131936333,0.5431613250043179,0.31242361744312364,0.47718899048522695,0.5524511656975365,0.7479064627605435,1.0,0.2189397803439767,0.06676594014137462,0.10367163109047879,0.31419268837426256,0.0,0.0,0.0,0.0,0.1688032817808986,0.0,0.0,0.0,0.0,0.0,0.0,0.0365727713065285,0.39315722172724027,0.685856406264988,0.49192247392007743,0.1418747661211401,0.0,0.0,0.0,0.0,0.0,0.0,0.0,0.0,0.0,0.0,0.0,0.0,0.0,0.0,0.0,0.0,0.0,0.0,0.0,0.0,0.0,0.0,0.0,0.0,0.0,0.0,0.0,0.0,0.0,0.0,0.0,0.0,0.0,0.0,0.0,0.0,0.0,0.0,0.0,0.0,0.0,0.0,0.0,0.0,0.0,0.0
0.4316423769115943,0.4128735850581272,0.2626147159846905,0.14594491505809587,0.15252225383758045,0.27464009583085675,0.42078777923226257,0.22148541250203954,0.10347838179130628,0.13024310470184258,0.43177133339507423,0.19356937036261293,0.03279411185140783,0.05105987373086088,0.5328169042338796,0.30536066774485193,0.08936339104889465,0.05026527737977556,0.7383164086407135,0.5500732614043791,0.30804312022843294,0.2189397803439767,1.0,0.7425836049353508,0.5485805283725912,0.4834434080068103,0.12123634302586668,0.5479773816438814,0.0,0.32376466868802045,0.29029146940822237,0.0,0.0,0.0,0.0,0.0,0.0,0.0,0.0,0.0,0.035851718482893175,0.1694120619386369,0.2547214905593683,0.6868670611565404,0.0,0.0,0.0,0.0,0.0,0.0,0.0,0.0,0.0,0.0,0.0,0.0,0.0,0.0,0.0,0.0,0.0,0.0,0.0,0.0,0.0,0.0,0.0,0.0,0.0,0.0,0.1426785414808833,0.0,0.23931702167944577,0.0,0.0,0.0,0.0,0.0,0.0,0.0,0.0,0.0,0.0,0.0,0.0,0.0,0.0,0.0
0.24926369198763373,0.2626713102534339,0.1867209514169002,0.1038187843631228,0.0858973950960157,0.14597016098480092,0.1862166068865733,0.00023860895116930198,0.0,0.0,0.17510473162665102,0.0,0.0,0.0,0.29710895079883165,0.09638577055000616,0.0,0.0,0.5469837091969095,0.48131885580025774,0.21788950317898184,0.06676594014137462,0.7425836049353508,1.0,0.737506365353746,0.5546019401975479,0.07745479915368866,0.7344811903383828,0.0,0.4912085872767421,0.11994273803645741,0.0,0.0,0.0,0.0,0.0,0.0,0.0,0.0,0.0,0.0,0.2581112524277838,0.48503433104656396,0.49269358850895967,0.0,0.0,0.07494031085422587,0.05566851639384504,0.0,0.0,0.0,0.0,0.0,0.0,0.0,0.0,0.0,0.0,0.0,0.0,0.0,0.0,0.0,0.0,0.0,0.0,0.0,0.0,0.0,0.0,0.2756036505565459,0.0,0.37317336720281,0.0,0.0,0.07613982475213424,0.0,0.0,0.0,0.0,0.0,0.0,0.0,0.0,0.0,0.0,0.0,0.0
0.06582207929810256,0.14598910892648012,0.10380178266532981,0.0,0.0,0.0,0.0,0.0,0.0,0.0,0.01995492612393677,0.0,0.0,0.0,0.20230650607583817,0.057747271010950396,0.0,0.0,0.47239740671435754,0.5489905774170482,0.3090558054124596,0.10367163109047879,0.5485805283725912,0.737506365353746,1.0,0.7454817401386566,0.06864798472902074,0.5430314677968111,0.0,0.3198732435836445,0.04288759050454996,0.0,0.0,0.0,0.0,0.0,0.0,0.0,0.0,0.0,0.13647305939702564,0.49147091030888573,0.6862556810478412,0.2561480479165389,0.0,0.0,0.1993861974643687,0.22639467423933288,0.005484605477928086,0.0,0.0,0.0,0.0,0.0,0.0,0.0,0.0,0.0,0.0,0.0,0.0,0.0,0.0,0.0,0.0,0.0,0.0,0.0,0.0,0.0,0.34013743206638447,0.0,0.36285265476829043,0.0,0.0,0.25420282860616966,0.0,0.0,0.0,0.0,0.0,0.0,0.0,0.0,0.0,0.0,0.0,0.0
0.03204117208221886,0.15249146740621392,0.08579585635944857,0.0,0.0,0.0,0.0,0.0,0.0,0.0,0.06692348065338093,0.0,0.0,0.0,0.29731018951230165,0.21493382566817534,0.0,0.0,0.5435402608410626,0.7375414125904681,0.5428807480560027,0.31419268837426256,0.4834434080068103,0.5546019401975479,0.7454817401386566,1.0,0.09454886294987934,0.3120638579276095,0.01774294304927605,0.07804866265745551,0.1081248191053381,0.0,0.0,0.0,0.0,0.0,0.0,0.0,0.0,0.03783770463294482,0.3900374386519288,0.6859243931231253,0.4894677521736262,0.17053396287179845,0.0,0.0,0.16551285624407014,0.2711750462105314,0.07864186929181297,0.0,0.0,0.0,0.0,0.0,0.0,0.0,0.0,0.0,0.0,0.0,0.0,0.0,0.0,0.0,0.0,0.0,0.0,0.0,0.0,0.0,0.2443693183154992,0.0,0.21624259799156859,0.0,0.0,0.33977932565264324,0.0,0.0,0.0,0.0,0.0,0.0,0.0,0.0,0.0,0.0,0.0,0.0
0.3056178990812745,0.5479796109671538,0.7344837179366572,0.5430333414974454,0.31206709748952893,0.21596829758427438,0.08086119034193207,0.0,0.0,0.0,0.012209472458271744,0.0,0.0,0.0,0.08015958988319749,0.0,0.0,0.0,0.15783666742893976,0.13232872244661806,0.020541925450784412,0.0,0.12123634302586668,0.07745479915368866,0.06864798472902074,0.09454886294987934,1.0,0.0,0.756725043163015,0.0,0.3997510841341571,0.3893237706275029,0.03550268879976226,0.0,0.0,0.0,0.0,0.0,0.0,0.0,0.0,0.0,0.0,0.0,0.025625295234424052,0.18466276196855305,0.34300664077571125,0.31365815662597857,0.13264189442723376,0.0,0.0,0.0,0.0,0.0,0.0,0.0,0.0,0.0,0.0,0.0,0.0,0.0,0.06784037654559281,0.10750448724399246,0.0,0.0,0.1426785414808833,0.27560365055654595,0.34013743206638464,0.2443693183154992,0.3993165147513944,0.219358506293732,0.33496402243031403,0.08874420239798694,0.005818167269137621,0.23241238629414468,0.0,0.0,0.0,0.0,0.0,0.0,0.0,0.0,0.0,0.07539639193533669,0.24550132479695458,0.0
0.1580228841959198,0.1213367933647461,0.07751463735829232,0.06873661034120294,0.09473042446116538,0.13256606892686681,0.08029712889609285,0.0,0.0,0.020811141798901183,0.012249141269777993,0.0,0.0,0.0,0.08086559176497833,0.0,0.0,0.0,0.30561910536612225,0.21596743310706093,0.0,0.0,0.5479773816438814,0.7344811903383828,0.5430314677968111,0.3120638579276095,0.0,1.0,0.0,0.7567257900626031,0.0,0.0,0.0,0.0,0.0,0.0,0.0,0.0,0.0,0.0,0.0,0.035499874446100865,0.3893229582719345,0.39975737688304064,0.0,0.0,0.0,0.0,0.0,0.0,0.0,0.0,0.0,0.0,0.0,0.0,0.0,0.0,0.0,0.0,0.0,0.0,0.0,0.0,0.0,0.0,0.0,0.0,0.0,0.0,0.219358506293732,0.0,0.36188997542235085,0.0,0.0,0.0,0.0,0.0,0.0,0.0,0.0,0.0,0.0,0.0,0.0,0.0,0.0,0.0
0.07162521889148767,0.32376604904999384,0.4912103476079625,0.31987488963407057,0.07805120934238495,0.0,0.0,0.0,0.0,0.0,0.0,0.0,0.0,0.0,0.0,0.0,0.0,0.0,0.0069008025683373565,0.03612791723570603,0.0,0.0,0.0,0.0,0.0,0.01774294304927605,0.756725043163015,0.0,1.0,0.0,0.23312619251348063,0.22326055380808046,0.0,0.0,0.0,0.0,0.0,0.0,0.0,0.0,0.0,0.0,0.0,0.0,0.13584123369200374,0.2511093186971298,0.3919304024045029,0.40655437221317514,0.26754695089019565,0.13719378607044386,0.0,0.0,0.0,0.0,0.0,0.0,0.0,0.0,0.0,0.0,0.0,0.0,0.11978954297011742,0.10341290486205683,0.0,0.0,0.2533944935429425,0.39512474174415174,0.38419692857818977,0.2289627508146019,0.3546677884556268,0.3831776210354301,0.2188684538891745,0.2615623348493461,0.025650346154334504,0.2855979653224953,0.049633059519723396,0.0,0.0,0.0,0.0,0.0,0.0,0.0,0.0,0.0013744771036150027,0.2638756673355954,0.042096645738552096
0.007109860248445522,0.0,0.0,0.0,0.017986337195174208,0.03641084644800688,0.0,0.0,0.0,0.0,0.0,0.0,0.0,0.0,0.0,0.0,0.0,0.0,0.07162693195219774,0.0,0.0,0.0,0.32376466868802045,0.4912085872767421,0.3198732435836445,0.07804866265745551,0.0,0.7567257900626031,0.0,1.0,0.0,0.0,0.0,0.0,0.0,0.0,0.0,0.0,0.0,0.0,0.0,0.0,0.22325968479302943,0.23313428155612653,0.0,0.0,0.0,0.0,0.0,0.0,0.0,0.0,0.0,0.0,0.0,0.0,0.0,0.0,0.0,0.0,0.0,0.0,0.0,0.0,0.0,0.0,0.0,0.0,0.0,0.0,0.09396444959786873,0.0,0.2615623348493463,0.0,0.0,0.0,0.0,0.0,0.0,0.0,0.0,0.0,0.0,0.0,0.0,0.0,0.0,0.0
0.4860142632377268,0.6868674368988572,0.4926927512883515,0.256145525219811,0.17053827918376532,0.25434042289306547,0.37593982286377886,0.12429179522408468,0.0,0.03157069407423695,0.3754060600835684,0.15084684753177088,0.0,0.0,0.42464492611774635,0.2706363317422635,0.09335111867606974,0.037465695432567975,0.3982205129996267,0.27215747678508195,0.1752565108299626,0.1688032817808986,0.29029146940822237,0.11994273803645741,0.04288759050454996,0.1081248191053381,0.3997510841341571,0.0,0.23312619251348063,0.0,1.0,0.0,0.0,0.0,0.0,0.0,0.0,0.0,0.0,0.0,0.0,0.0,0.0,0.1670546745852283,0.0,0.0,0.0,0.0,0.0,0.0,0.0,0.0,0.0,0.0,0.0,0.0,0.0,0.0,0.0,0.0,0.0,0.0,0.0,0.0,0.0,0.0,0.0,0.0,0.0,0.0,0.007516292644340681,0.0,0.031295876886867455,0.0,0.0,0.0,0.0,0.0,0.0,0.0,0.0,0.0,0.0,0.0,0.0,0.0,0.0,0.0
0.15869825110171637,0.25472210529306943,0.4850309577190653,0.686256719348036,0.4894682370663264,0.2529391964299111,0.0,0.0,0.0,0.033110123095206764,0.0,0.0,0.0,0.0,0.0,0.0,0.0,0.0,0.0,0.0,0.0,0.0,0.0,0.0,0.0,0.0,0.3893237706275029,0.0,0.22326055380808046,0.0,0.0,1.0,0.4066921061990079,0.0,0.0,0.0,0.0,0.0,0.0,0.0,0.0,0.0,0.0,0.0,0.0,0.0015508997248610448,0.09963193423972001,0.0,0.0,0.0,0.0,0.0,0.0,0.0,0.0,0.0,0.0,0.0,0.0,0.0,0.0,0.0,0.0705874813040902,0.2819168117839273,0.1664377879000784,0.0,0.0,0.09836245302907297,0.328395998677827,0.4389493680680081,0.3002456665043975,0.0,0.3484568476422785,0.0,0.0,0.0,0.0,0.0,0.0,0.0,0.0,0.0,0.0,0.0,0.062495221038286565,0.34914583476333166,0.14814086226502776,0.0
0.25014599188252123,0.16941686049479313,0.25811148076376716,0.49147251505285805,0.6859254596879764,0.48746532413194454,0.02548135894170956,0.0,0.14189321309210784,0.3921165385305873,0.0,0.0,0.0,0.0,0.0,0.0,0.0,0.0,0.0,0.0,0.0,0.0,0.0,0.0,0.0,0.0,0.03550268879976226,0.0,0.0,0.0,0.0,0.4066921061990079,1.0,0.4191354907892904,0.0,0.0,0.0,0.0,0.0,0.0,0.0,0.0,0.0,0.0,0.0,0.0,0.0,0.0,0.0,0.0,0.0,0.0,0.0,0.0,0.0,0.0,0.0,0.0,0.0,0.0,0.0,0.0,0.0,0.0,0.0,0.0,0.0,0.0,0.0,0.0,0.0,0.0,0.06055708218913641,0.0,0.0,0.0,0.0,0.0,0.0,0.0,0.0,0.0,0.0,0.0,0.0,0.0,0.0,0.0
0.248268672990099,0.03585341408020544,0.0,0.13648099792503526,0.3900447322232689,0.48482990230337975,0.1564257904917932,0.25241304368577266,0.49192651323085745,0.6859442900421988,0.0,0.0,0.0,0.03564847732505921,0.0,0.0,0.0,0.0,0.0,0.0,0.0,0.0,0.0,0.0,0.0,0.0,0.0,0.0,0.0,0.0,0.0,0.0,0.4191354907892904,1.0,0.40867876874992376,0.0,0.0,0.0,0.0,0.0,0.0,0.0,0.0,0.0,0.0,0.0,0.0,0.0,0.0,0.0,0.0,0.0,0.0,0.0,0.0,0.0,0.0,0.0,0.0,0.0,0.0,0.0,0.0,0.0,0.0,0.0,0.0,0.0,0.0,0.0,0.0,0.0,0.0,0.0,0.0,0.0,0.0,0.0,0.0,0.0,0.0,0.0,0.0,0.0,0.0,0.0,0.0,0.0
0.1632428640008353,0.0,0.0,0.0,0.0378507227913583,0.25591279413394036,0.2499203000686268,0.48595336769210845,0.685855312510843,0.49262018317213346,0.03131661164780606,0.0,0.14253393101941275,0.39421066508271935,0.0,0.0,0.0,0.0,0.0,0.0,0.0,0.0,0.0,0.0,0.0,0.0,0.0,0.0,0.0,0.0,0.0,0.0,0.0,0.40867876874992376,1.0,0.42564413824525044,0.0,0.0,0.0,0.0,0.0,0.0,0.0,0.0,0.0,0.0,0.0,0.0,0.0,0.0,0.0,0.0,0.0,0.0,0.0,0.0,0.0,0.0,0.0,0.0,0.0,0.0,0.0,0.0,0.0,0.0,0.0,0.0,0.0,0.0,0.0,0.0,0.0,0.0,0.0,0.0,0.0,0.0,0.0,0.0,0.0,0.0,0.0,0.0,0.0,0.0,0.0,0.0
0.03456106329714813,0.0,0.0,0.0,0.0,0.0,0.249821511692493,0.48571819605979166,0.3931625062141693,0.14238517331634828,0.16110402775411173,0.2546635280670754,0.49138175270128454,0.6859161496646693,0.0,0.0,0.0,0.035355313456224065,0.0,0.0,0.0,0.0,0.0,0.0,0.0,0.0,0.0,0.0,0.0,0.0,0.0,0.0,0.0,0.0,0.42564413824525044,1.0,0.4065331095147612,0.0,0.0,0.0,0.0,0.0,0.0,0.0,0.0,0.0,0.0,0.0,0.0,0.0,0.0,0.0,0.0,0.0,0.0,0.0,0.0,0.0,0.0,0.0,0.0,0.0,0.0,0.0,0.0,0.0,0.0,0.0,0.0,0.0,0.0,0.0,0.0,0.0,0.0,0.0,0.0,0.0,0.0,0.0,0.0,0.0,0.0,0.0,0.0,0.0,0.0,0.0
0.0,0.0,0.0,0.0,0.0,0.0,0.16283964363657455,0.2557677773638775,0.036578725073565584,0.0,0.24914310758680486,0.4862239281590684,0.6858891543156787,0.4914741689867379,0.03540098356135828,0.0,0.14154112581107367,0.39334740661631923,0.0,0.0,0.0,0.0,0.0,0.0,0.0,0.0,0.0,0.0,0.0,0.0,0.0,0.0,0.0,0.0,0.0,0.4065331095147612,1.0,0.424048612409597,0.0,0.0,0.0,0.0,0.0,0.0,0.0,0.0,0.0,0.0,0.0,0.0,0.0,0.0,0.0,0.0,0.0,0.0,0.0,0.0,0.0,0.0,0.0,0.0,0.0,0.0,0.0,0.0,0.0,0.0,0.0,0.0,0.0,0.0,0.0,0.0,0.0,0.0,0.0,0.0,0.0,0.0,0.0,0.0,0.0,0.0,0.0,0.0,0.0,0.0
0.0,0.0,0.0,0.0,0.0,0.0,0.03537979680907089,0.0,0.0,0.0,0.24913978174437593,0.4862217053253059,0.39334660800858157,0.1415405919421537,0.16284927422295123,0.2557691035160925,0.4914698729489417,0.6858852102715892,0.0,0.0,0.0,0.0365727713065285,0.0,0.0,0.0,0.0,0.0,0.0,0.0,0.0,0.0,0.0,0.0,0.0,0.0,0.0,0.424048612409597,1.0,0.4065236449183975,0.0,0.0,0.0,0.0,0.0,0.0,0.0,0.0,0.0,0.0,0.0,0.0,0.0,0.0,0.0,0.0,0.0,0.0,0.0,0.0,0.0,0.0,0.0,0.0,0.0,0.0,0.0,0.0,0.0,0.0,0.0,0.0,0.0,0.0,0.0,0.0,0.0,0.0,0.0,0.0,0.0,0.0,0.0,0.0,0.0,0.0,0.0,0.0,0.0
0.0,0.0,0.0,0.0,0.0,0.0,0.0,0.0,0.0,0.0,0.16109481835002468,0.25465628175197624,0.03534844327474685,0.0,0.2498257088233311,0.48571854325795843,0.6859131567644243,0.49137617690711244,0.03456276633746513,0.0,0.14237442075192194,0.39315722172724027,0.0,0.0,0.0,0.0,0.0,0.0,0.0,0.0,0.0,0.0,0.0,0.0,0.0,0.0,0.0,0.4065236449183975,1.0,0.4256356476333741,0.0,0.0,0.0,0.0,0.0,0.0,0.0,0.0,0.0,0.0,0.0,0.0,0.0,0.0,0.0,0.0,0.0,0.0,0.0,0.0,0.0,0.0,0.0,0.0,0.0,0.0,0.0,0.0,0.0,0.0,0.0,0.0,0.0,0.0,0.0,0.0,0.0,0.0,0.0,0.0,0.0,0.0,0.0,0.0,0.0,0.0,0.0,0.0
0.0,0.0,0.0,0.0,0.0,0.0,0.0,0.0,0.0,0.0,0.031309528199853096,0.0,0.0,0.0,0.2499214055448939,0.48595159979496866,0.3942062751364836,0.14252865590110053,0.16324872758532213,0.2559102576559679,0.49261898832984646,0.685856406264988,0.0,0.0,0.0,0.03783770463294482,0.0,0.0,0.0,0.0,0.0,0.0,0.0,0.0,0.0,0.0,0.0,0.0,0.4256356476333741,1.0,0.40867270164894764,0.0,0.0,0.0,0.0,0.0,0.0,0.0,0.0,0.0,0.0,0.0,0.0,0.0,0.0,0.0,0.0,0.0,0.0,0.0,0.0,0.0,0.0,0.0,0.0,0.0,0.0,0.0,0.0,0.0,0.0,0.0,0.0,0.0,0.0,0.0,0.0,0.0,0.0,0.0,0.0,0.0,0.0,0.0,0.0,0.0,0.0,0.0
0.0,0.0,0.0,0.0,0.0,0.0,0.0,0.0,0.0,0.0,0.0,0.0,0.0,0.0,0.15642373736613624,0.25240727708508925,0.03564065551549817,0.0,0.24827105785811038,0.48482899735149243,0.6859459663335702,0.49192247392007743,0.035851718482893175,0.0,0.13647305939702564,0.3900374386519288,0.0,0.0,0.0,0.0,0.0,0.0,0.0,0.0,0.0,0.0,0.0,0.0,0.0,0.40867270164894764,1.0,0.4191165116024058,0.0,0.0,0.0,0.0,0.0,0.0,0.0,0.0,0.0,0.0,0.0,0.0,0.0,0.0,0.0,0.0,0.0,0.0,0.0,0.0,0.0,0.0,0.0,0.0,0.0,0.0,0.0,0.0,0.0,0.0,0.0,0.0,0.0,0.062495221038286565,0.0,0.0,0.0,0.0,0.0,0.0,0.0,0.0,0.0,0.0,0.0,0.0
0.0,0.0,0.0,0.0,0.0,0.0,0.0,0.0,0.0,0.0,0.0,0.0,0.0,0.0,0.02547686770131236,0.0,0.0,0.0,0.2501446745754245,0.4874610947584695,0.3921038111416307,0.1418747661211401,0.1694120619386369,0.2581112524277838,0.49147091030888573,0.6859243931231253,0.0,0.035499874446100865,0.0,0.0,0.0,0.0,0.0,0.0,0.0,0.0,0.0,0.0,0.0,0.0,0.4191165116024058,1.0,0.406691588197464,0.0,0.0,0.0,0.07321396244189364,0.2686730708890241,0.07574239446207313,0.0,0.0,0.0,0.0,0.0,0.0,0.0,0.0,0.0,0.0,0.0,0.0,0.0,0.0,0.0,0.0,0.0,0.0,0.0,0.0,0.0,0.09740203742842542,0.0,0.0016769935953199525,0.0,0.0,0.34914583476333166,0.0,0.0,0.0,0.0,0.0,0.0,0.0,0.0,0.0,0.0,0.0,0.0
0.0,0.0,0.0,0.0,0.0,0.0,0.0,0.0,0.0,0.0,0.0,0.0,0.0,0.0,0.0,0.0,0.0,0.0,0.15870276299704777,0.2529393985436681,0.03310125201765965,0.0,0.2547214905593683,0.48503433104656396,0.6862556810478412,0.4894677521736262,0.0,0.3893229582719345,0.0,0.22325968479302943,0.0,0.0,0.0,0.0,0.0,0.0,0.0,0.0,0.0,0.0,0.0,0.406691588197464,1.0,0.0,0.0,0.0,0.15601092192105132,0.16131548371507912,0.0,0.0,0.0,0.0,0.0,0.0,0.0,0.0,0.0,0.0,0.0,0.0,0.0,0.0,0.0,0.0,0.0,0.0,0.0,0.0,0.0,0.0,0.3171548215080277,0.0,0.32195356540945913,0.0,0.0,0.14814086226502776,0.0,0.0,0.0,0.0,0.0,0.0,0.0,0.0,0.0,0.0,0.0,0.0
0.3983451921010967,0.29031763772016334,0.11992740019735755,0.04288448780133232,0.10818999534896458,0.27229394505468635,0.42476379973910094,0.2707807595246511,0.16897776361413328,0.17542775269634148,0.37543483579807474,0.15086853865100408,0.03751273135841107,0.09344855821904523,0.37593719640254314,0.12428862314672867,0.0,0.0,0.4860083808424128,0.25433560339484307,0.03156321376169703,0.0,0.6868670611565404,0.49269358850895967,0.2561480479165389,0.17053396287179845,0.0,0.39975737688304064,0.0,0.23313428155612653,0.1670546745852283,0.0,0.0,0.0,0.0,0.0,0.0,0.0,0.0,0.0,0.0,0.0,0.0,1.0,0.0,0.0,0.0,0.0,0.0,0.0,0.0,0.0,0.0,0.0,0.0,0.0,0.0,0.0,0.0,0.0,0.0,0.0,0.0,0.0,0.0,0.0,0.0,0.0,0.0,0.0,0.0,0.0,0.051361936188185575,0.0,0.0,0.0,0.0,0.0,0.0,0.0,0.0,0.0,0.0,0.0,0.0,0.0,0.0,0.0
0.0,0.0,0.0,0.0,0.0,0.0,0.0,0.0,0.0,0.0,0.0,0.0,0.0,0.0,0.0,0.0,0.0,0.0,0.0,0.0,0.0,0.0,0.0,0.0,0.0,0.0,0.025625295234424052,0.0,0.13584123369200374,0.0,0.0,0.0,0.0,0.0,0.0,0.0,0.0,0.0,0.0,0.0,0.0,0.0,0.0,0.0,1.0,0.7383144248504362,0.5469811826497464,0.4723919379906229,0.5435390665803476,0.7350220447998665,0.729825878607583,0.5455508188132852,0.4771842083451676,0.5420714386230907,0.5221526996328837,0.29883995005366965,0.21485550181004112,0.30488844245721186,0.40777334347379685,0.1713734469302246,0.038252356126803784,0.08378344502713563,0.3838873723738734,0.16163612490772275,0.0,0.0,0.4316423769115943,0.24926369198763373,0.06582207929810256,0.03204117208221886,0.30561789908127435,0.1580228841959198,0.07162521889148767,0.007109860248445522,0.48601426323772684,0.15869825110171637,0.2501459918825215,0.24826867299009892,0.1632428640008353,0.03456106329714813,0.0,0.0,0.0,0.0,0.0,0.0,0.0,0.3983451921010969
0.0,0.0,0.028324027602654053,0.007840342077194171,0.0,0.0,0.0,0.0,0.0,0.0,0.0,0.0,0.0,0.0,0.0,0.0,0.0,0.0,0.0,0.0,0.0,0.0,0.0,0.0,0.0,0.0,0.18466276196855305,0.0,0.2511093186971298,0.0,0.0,0.0015508997248610448,0.0,0.0,0.0,0.0,0.0,0.0,0.0,0.0,0.0,0.0,0.0,0.0,0.7383144248504362,1.0,0.7425867735663729,0.5485806157116395,0.483447085806102,0.5500738340641989,0.5328099637056062,0.3053563584641897,0.2189380607892164,0.30804523799384304,0.4317349765352,0.19354211361628218,0.05025475027239913,0.08935912932396352,0.4206868934633502,0.22136492895691856,0.0509710230781078,0.03274655477961414,0.43154407273926687,0.2745385369772294,0.13010741560948677,0.10333593304328037,0.4128735850581269,0.26267131025343354,0.14598910892647962,0.15249146740621342,0.5479796109671532,0.12133679336474545,0.3237660490499934,0.0,0.6868674368988577,0.25472210529306916,0.16941686049479304,0.03585341408020544,0.0,0.0,0.0,0.0,0.0,0.0,0.0,0.0,0.0,0.29031763772016334
0.0,0.028324027602654053,0.19784185427018225,0.1326491162439108,0.0,0.0,0.0,0.0,0.0,0.0,0.0,0.0,0.0,0.0,0.0,0.0,0.0,0.0,0.0,0.019658349147085984,0.0,0.0,0.0,0.07494031085422587,0.1993861974643687,0.16551285624407014,0.34300664077571125,0.0,0.3919304024045029,0.0,0.0,0.09963193423972001,0.0,0.0,0.0,0.0,0.0,0.0,0.0,0.0,0.0,0.07321396244189364,0.15601092192105132,0.0,0.5469811826497464,0.7425867735663729,1.0,0.7375031084913296,0.5546021607327095,0.48131784807552913,0.2971045743642002,0.09638904778703328,0.06677076270501456,0.21789362007007523,0.17506825254922181,0.0,0.0,0.0,0.18610009095319419,9.990190771985501e-05,0.0,0.0,0.24911915546106322,0.1458042060283518,0.0,0.0,0.26261471598469066,0.18672095141690054,0.10380178266532981,0.0857958563594484,0.7344837179366569,0.07751463735829232,0.4912103476079621,0.0,0.49269275128835227,0.4850309577190648,0.2581114807637671,0.0,0.0,0.0,0.0,0.0,0.0,0.0,0.0,0.0,0.0,0.11992740019735805
0.0,0.007840342077194171,0.1326491162439108,0.0005268105408390906,0.0,0.0,0.0,0.0,0.0,0.0,0.0,0.0,0.0,0.0,0.0,0.0,0.0,0.0,0.0,0.13539325698803212,0.042290230431998144,0.0,0.0,0.05566851639384504,0.22639467423933288,0.2711750462105314,0.31365815662597857,0.0,0.40655437221317514,0.0,0.0,0.0,0.0,0.0,0.0,0.0,0.0,0.0,0.0,0.0,0.0,0.2686730708890241,0.16131548371507912,0.0,0.4723919379906229,0.5485806157116395,0.7375031084913296,1.0,0.7454823883136198,0.5489891816233631,0.20230054871137126,0.057753284362532506,0.10368070693050481,0.309062259109874,0.019918184095743016,0.0,0.0,0.0,0.0,0.0,0.0,0.0,0.06569660391705079,0.0,0.0,0.0,0.14594491505809604,0.10381878436312314,0.0,0.0,0.5430333414974453,0.06873661034120294,0.3198748896340705,0.0,0.25614552521981165,0.6862567193480354,0.491472515052858,0.13648099792503574,0.0,0.0,0.0,0.0,0.0,0.0,0.0,0.0,0.0,0.04288448780133298
0.0,0.0,0.0,0.0,0.0,0.0,0.0,0.0,0.0,0.0,0.0,0.0,0.0,0.0,0.0,0.0,0.0,0.0,0.0,0.0,0.0,0.0,0.0,0.0,0.005484605477928086,0.07864186929181297,0.13264189442723376,0.0,0.26754695089019565,0.0,0.0,0.0,0.0,0.0,0.0,0.0,0.0,0.0,0.0,0.0,0.0,0.07574239446207313,0.0,0.0,0.5435390665803476,0.483447085806102,0.5546021607327095,0.7454823883136198,1.0,0.7375423655802209,0.29731058222486734,0.21494341618826915,0.31420354136820366,0.5428881898447204,0.06690091955888117,0.0,0.0,0.0,0.0,0.0,0.0,0.0,0.03198317860594431,0.0,0.0,0.0,0.15252225383758045,0.08589739509601586,0.0,0.0,0.3120670974895288,0.09473042446116538,0.07805120934238512,0.017986337195174208,0.17053827918376546,0.4894682370663264,0.6859254596879765,0.3900447322232689,0.0378507227913583,0.0,0.0,0.0,0.0,0.0,0.0,0.0,0.0,0.10818999534896491
0.0,0.0,0.0,0.0,0.0,0.0,0.0,0.0,0.0,0.0,0.0,0.0,0.0,0.0,0.0,0.0,0.0,0.0,0.0,0.0,0.0,0.0,0.0,0.0,0.0,0.0,0.0,0.0,0.13719378607044386,0.0,0.0,0.0,0.0,0.0,0.0,0.0,0.0,0.0,0.0,0.0,0.0,0.0,0.0,0.0,0.7350220447998665,0.5500738340641989,0.48131784807552913,0.5489891816233631,0.7375423655802209,1.0,0.537568651615926,0.476604763728682,0.5524542798145922,0.7354888198881765,0.28586069311261264,0.08633461050459142,0.060578162795816765,0.2150635531802451,0.15347815289738903,0.0,0.0,0.0,0.1616373807615519,0.0,0.0,0.0,0.27464009583085675,0.1459701609848011,0.0,0.0,0.21596829758427422,0.13256606892686681,0.0,0.03641084644800688,0.2543404228930656,0.25293919642991103,0.4874653241319449,0.48482990230337975,0.2559127941339404,0.0,0.0,0.0,0.0,0.0,0.0,0.0,0.0,0.2722939450546867
0.0,0.0,0.0,0.0,0.0,0.0,0.0,0.0,0.0,0.0,0.0,0.0,0.0,0.0,0.0,0.0,0.0,0.0,0.0,0.0,0.0,0.0,0.0,0.0,0.0,0.0,0.0,0.0,0.0,0.0,0.0,0.0,0.0,0.0,0.0,0.0,0.0,0.0,0.0,0.0,0.0,0.0,0.0,0.0,0.729825878607583,0.5328099637056062,0.2971045743642002,0.20230054871137126,0.29731058222486734,0.537568651615926,1.0,0.7368526496739751,0.5418874513302097,0.47019861493579823,0.7308216544086653,0.5451680303616028,0.4764058948208447,0.5430510872772786,0.5198474682200548,0.29350140823935567,0.21181744979697298,0.3047902047996172,0.407810155917521,0.15350972636010676,0.017345184611116074,0.07140120380122313,0.42078777923226257,0.18621660688657346,0.0,0.0,0.08086119034193207,0.08029712889609285,0.0,0.0,0.37593982286377886,0.0,0.02548135894170989,0.15642579049179303,0.24992030006862676,0.249821511692493,0.16283964363657455,0.03537979680907106,0.0,0.0,0.0,0.0,0.0,0.42476379973910117
0.0,0.0,0.0,0.0,0.0,0.0,0.0,0.0,0.0,0.0,0.0,0.0,0.0,0.0,0.0,0.0,0.0,0.0,0.0,0.0,0.0,0.0,0.0,0.0,0.0,0.0,0.0,0.0,0.0,0.0,0.0,0.0,0.0,0.0,0.0,0.0,0.0,0.0,0.0,0.0,0.0,0.0,0.0,0.0,0.5455508188132852,0.3053563584641897,0.09638904778703328,0.057753284362532506,0.21494341618826915,0.476604763728682,0.7368526496739751,1.0,0.7348717832122139,0.5487964687038888,0.5433975613377077,0.47900158398995163,0.5523349989609248,0.7361457948206825,0.2935219794019531,0.08717880081892132,0.059367590986254215,0.21596856783349014,0.17143164026076035,0.0,0.0,0.0,0.22148541250203954,0.00023860895116930198,0.0,0.0,0.0,0.0,0.0,0.0,0.12429179522408468,0.0,0.0,0.25241304368577255,0.4859533676921083,0.48571819605979166,0.2557677773638776,0.0,0.0,0.0,0.0,0.0,0.0,0.2707807595246514
0.0,0.0,0.0,0.0,0.0,0.0,0.0,0.0,0.0,0.0,0.0,0.0,0.0,0.0,0.0,0.0,0.0,0.0,0.0,0.0,0.0,0.0,0.0,0.0,0.0,0.0,0.0,0.0,0.0,0.0,0.0,0.0,0.0,0.0,0.0,0.0,0.0,0.0,0.0,0.0,0.0,0.0,0.0,0.0,0.4771842083451676,0.2189380607892164,0.06677076270501456,0.10368070693050481,0.31420354136820366,0.5524542798145922,0.5418874513302097,0.7348717832122139,1.0,0.747909620025028,0.2998848149401128,0.21396163996450487,0.3124255435840874,0.5431637670989139,0.07141906963362164,0.0,0.0,0.0,0.0,0.0,0.0,0.0,0.10347838179130645,0.0,0.0,0.0,0.0,0.0,0.0,0.0,0.0,0.0,0.14189321309210834,0.4919265132308573,0.6858553125108429,0.3931625062141693,0.03657872507356574,0.0,0.0,0.0,0.0,0.0,0.0,0.16897776361413366
