1.0,0.7383144248504362,0.5469811826497464,0.47239193799062273,0.5435390665803478,0.7350220447998667,0.729825878607583,0.5455508188132852,0.47718420834516745,0.5420714386230909,0.5221526996328836,0.2988399500536698,0.21485550181004065,0.30488844245721186,0.4077733434737966,0.1713734469302246,0.03825235612680362,0.08378344502713563,0.38388737237387355,0.16163612490772306,0.0,0.0,0.4316423769115941,0.2492636919876339,0.06582207929810271,0.03204117208221886,0.30561789908127435,0.15802288419591998,0.07162521889148767,0.007109860248445522,0.4860142632377267,0.15869825110171654,0.2501459918825217,0.24826867299009892,0.16324286400083537,0.03456106329714813,0.0,0.0,0.0,0.0,0.0,0.0,0.0,0.3983451921010967,0.0,0.0,0.0,0.0,0.0,0.0,0.0,0.19657125449566176,0.3285859920263371,0.20358514757620585,0.0,0.0,0.009164624705178063,0.2100175752998139,0.0,0.0,0.0,0.0,0.0,0.0,0.0,0.0,0.0,0.0,0.0,0.0,0.0,0.0,0.0,0.0,0.0,0.0,0.0,0.0900483159719224,0.3422786254564301,0.21658718903531793,0.0,0.0,0.0,0.0,0.0,0.0,0.0,0.0
0.7383144248504362,1.0,0.7425867735663729,0.5485806157116394,0.483447085806102,0.5500738340641992,0.5328099637056062,0.3053563584641897,0.21893806078921607,0.3080452379938432,0.4317349765352,0.19354211361628235,0.05025475027239864,0.08935912932396352,0.4206868934633499,0.22136492895691856,0.05097102307810731,0.03274655477961414,0.43154407273926704,0.27453853697722963,0.13010741560948647,0.10333593304328037,0.41287358505812655,0.26267131025343365,0.1459891089264798,0.15249146740621342,0.5479796109671532,0.12133679336474579,0.32376604904999334,0.0,0.6868674368988573,0.2547221052930692,0.1694168604947932,0.03585341408020544,0.0,0.0,0.0,0.0,0.0,0.0,0.0,0.0,0.0,0.2903176377201631,0.0,0.0,0.0,0.0,0.0,0.004735855869386382,0.07730184479584758,0.28595582134248104,0.3296171344446426,0.1671293131923073,0.0,0.0,0.19249615537485143,0.34810096090779413,0.0,0.0,0.0,0.0,0.0,0.0,0.0,0.0,0.0,0.0,0.0,0.0,0.0,0.0,0.0,0.0,0.0,0.0,0.0,0.0,0.2971141824714131,0.33349127262259787,0.043124171166417806,0.0,0.0,0.0,0.0,0.0,0.0,0.0
0.5469811826497464,0.7425867735663729,1.0,0.7375031084913296,0.5546021607327095,0.48131784807552924,0.2971045743642002,0.09638904778703328,0.06677076270501424,0.2178936200700754,0.17506825254922181,0.0,0.0,0.0,0.18610009095319402,9.990190771985501e-05,0.0,0.0,0.2491191554610634,0.14580420602835198,0.0,0.0,0.2626147159846902,0.18672095141690054,0.10380178266532981,0.0857958563594484,0.7344837179366569,0.07751463735829232,0.4912103476079621,0.0,0.49269275128835194,0.4850309577190649,0.25811148076376716,0.0,0.0,0.0,0.0,0.0,0.0,0.0,0.0,0.0,0.0,0.11992740019735772,0.0,0.0,0.0,0.0,0.0,0.0,0.0,0.2104080959417794,0.19548354861496037,0.0,0.0,0.01917456725830723,0.2533200449981415,0.3607490024568512,0.0,0.0,0.0,0.0,0.0,0.0,0.0,0.0,0.0,0.0,0.0,0.0,0.0,0.0,0.0,0.0,0.0,0.0,0.0,0.0,0.17638930201715491,0.37988484963311764,0.1645489010482054,0.0,0.0,0.0,0.0,0.0,0.0,0.0
0.47239193799062273,0.5485806157116394,0.7375031084913296,1.0,0.7454823883136197,0.5489891816233629,0.2023005487113711,0.05775328436253234,0.10368070693050432,0.309062259109874,0.019918184095742687,0.0,0.0,0.0,0.0,0.0,0.0,0.0,0.06569660391705062,0.0,0.0,0.0,0.14594491505809537,0.10381878436312264,0.0,0.0,0.5430333414974454,0.06873661034120263,0.3198748896340705,0.0,0.2561455252198112,0.6862567193480358,0.49147251505285805,0.1364809979250354,0.0,0.0,0.0,0.0,0.0,0.0,0.0,0.0,0.0,0.04288448780133215,0.0,0.0,0.0,0.0,0.0,0.0,0.0,0.06187551301798237,0.07442332872392816,0.0,0.0,0.0,0.1106974362859815,0.2304777375894137,0.0,0.0,0.0,0.0,0.0,0.0,0.0,0.0,0.0,0.0,0.0,0.0,0.0,0.0,0.0,0.0,0.0,0.0,0.0,0.0,0.10101621851106383,0.2962438293146463,0.04668488836110291,0.0,0.0,0.0,0.0,0.0,0.0,0.0
0.5435390665803478,0.483447085806102,0.5546021607327095,0.7454823883136197,1.0,0.7375423655802212,0.2973105822248674,0.21494341618826915,0.3142035413682035,0.5428881898447208,0.06690091955888117,0.0,0.0,0.0,0.0,0.0,0.0,0.0,0.03198317860594414,0.0,0.0,0.0,0.15252225383757978,0.08589739509601553,0.0,0.0,0.3120670974895288,0.09473042446116521,0.0780512093423848,0.017986337195173716,0.17053827918376524,0.4894682370663264,0.6859254596879765,0.3900447322232689,0.03785072279135846,0.0,0.0,0.0,0.0,0.0,0.0,0.0,0.0,0.10818999534896424,0.0,0.0,0.0,0.0,0.0,0.0,0.0,0.002363707468982615,0.0818278676044912,0.0,0.0,0.0,0.0,0.12329532206262098,0.0,0.0,0.0,0.0,0.0,0.0,0.0,0.0,0.0,0.0,0.0,0.0,0.0,0.0,0.0,0.0,0.0,0.0,0.0,0.0,0.14316227602765239,0.20011934516745855,0.0,0.0,0.0,0.0,0.0,0.0,0.0,0.0
0.7350220447998667,0.5500738340641992,0.48131784807552924,0.5489891816233629,0.7375423655802212,1.0,0.5375686516159262,0.476604763728682,0.5524542798145917,0.7354888198881765,0.28586069311261264,0.08633461050459158,0.060578162795816105,0.2150635531802451,0.15347815289738903,0.0,0.0,0.0,0.16163738076155224,0.0,0.0,0.0,0.27464009583085647,0.1459701609848014,0.0,0.0,0.21596829758427438,0.13256606892686698,0.0,0.03641084644800688,0.2543404228930656,0.25293919642991125,0.4874653241319449,0.4848299023033795,0.25591279413394036,0.0,0.0,0.0,0.0,0.0,0.0,0.0,0.0,0.2722939450546864,0.0,0.0,0.0,0.0,0.0,0.0,0.0,0.06504102623201344,0.2029977121071223,0.05561487727412828,0.0,0.0,0.0,0.11630019961065874,0.0,0.0,0.0,0.0,0.0,0.0,0.0,0.0,0.0,0.0,0.0,0.0,0.0,0.0,0.0,0.0,0.0,0.0,0.0,0.0,0.2650244204792225,0.16751479273011566,0.0,0.0,0.0,0.0,0.0,0.0,0.0,0.0
0.729825878607583,0.5328099637056062,0.2971045743642002,0.2023005487113711,0.2973105822248674,0.5375686516159262,1.0,0.7368526496739751,0.5418874513302097,0.47019861493579834,0.7308216544086652,0.5451680303616028,0.47640589482084406,0.5430510872772786,0.5198474682200547,0.29350140823935567,0.2118174497969728,0.3047902047996172,0.40781015591752123,0.1535097263601071,0.017345184611115907,0.07140120380122313,0.42078777923226246,0.18621660688657363,0.0,0.0,0.08086119034193207,0.08029712889609317,0.0,0.0,0.3759398228637789,0.0,0.025481358941710053,0.1564257904917932,0.2499203000686268,0.249821511692493,0.16283964363657397,0.0353797968090704,0.0,0.0,0.0,0.0,0.0,0.42476379973910117,0.0,0.0,0.0,0.0,0.0,0.09209023110498106,0.0,0.1368639802777064,0.32203115092793133,0.2863807151801195,0.0,0.0,0.0,0.07258083204108881,0.0,0.0,0.0,0.0,0.0,0.0,0.0,0.0,0.0,0.0,0.0,0.0,0.0,0.0,0.0,0.0,0.0,0.0,0.0,0.22187492107380144,0.2982224077084003,0.03945256257324789,0.0,0.0,0.0,0.0,0.0,0.0,0.0,0.0
0.5455508188132852,0.3053563584641897,0.09638904778703328,0.05775328436253234,0.21494341618826915,0.476604763728682,0.7368526496739751,1.0,0.7348717832122139,0.5487964687038888,0.5433975613377076,0.47900158398995174,0.5523349989609241,0.7361457948206825,0.29352197940195307,0.08717880081892132,0.059367590986254215,0.21596856783349014,0.1714316402607607,0.0,0.0,0.0,0.22148541250203954,0.00023860895116963092,0.0,0.0,0.0,0.0,0.0,0.0,0.12429179522408484,0.0,0.0,0.2524130436857727,0.4859533676921084,0.48571819605979166,0.25576777736387696,0.0,0.0,0.0,0.0,0.0,0.0,0.2707807595246513,0.0,0.0,0.0,0.0,0.0,0.028818626410563587,0.0,0.01380354152812486,0.2452117261520912,0.24937700914989014,0.0,0.0,0.0,0.0,0.0,0.0,0.0,0.0,0.0,0.0,0.0,0.0,0.0,0.0,0.0,0.0,0.0,0.0,0.0,0.0,0.0,0.0,0.0,0.24967765459209024,0.24443449089438476,0.0,0.0,0.0,0.0,0.0,0.0,0.0,0.0,0.0
0.47718420834516745,0.21893806078921607,0.06677076270501424,0.10368070693050432,0.3142035413682035,0.5524542798145917,0.5418874513302097,0.7348717832122139,1.0,0.7479096200250278,0.29988481494011265,0.21396163996450504,0.3124255435840871,0.5431637670989141,0.07141906963362148,0.0,0.0,0.0,0.0,0.0,0.0,0.0,0.10347838179130611,0.0,0.0,0.0,0.0,0.0,0.0,0.0,0.0,0.0,0.141893213092108,0.4919265132308573,0.6858553125108432,0.39316250621416965,0.03657872507356542,0.0,0.0,0.0,0.0,0.0,0.0,0.16897776361413328,0.0,0.0,0.0,0.0,0.0,0.0,0.0,0.0,0.13206898805617795,0.09272118237959806,0.0,0.0,0.0,0.0,0.0,0.0,0.0,0.0,0.0,0.0,0.0,0.0,0.0,0.0,0.0,0.0,0.0,0.0,0.0,0.0,0.0,0.0,0.0,0.09155498927499331,0.17846608770533354,0.0,0.0,0.0,0.0,0.0,0.0,0.0,0.0,0.0
0.5420714386230909,0.3080452379938432,0.2178936200700754,0.309062259109874,0.5428881898447208,0.7354888198881765,0.47019861493579834,0.5487964687038888,0.7479096200250278,1.0,0.2024493086945182,0.05571693432302115,0.10310851466299006,0.3114714053605972,0.017344613861033323,0.0,0.0,0.0,0.0,0.0,0.0,0.0,0.13024310470184242,0.0,0.0,0.0,0.0,0.020811141798901346,0.0,0.0,0.03157069407423712,0.03311012309520693,0.3921165385305878,0.6859442900421988,0.49262018317213346,0.14238517331634828,0.0,0.0,0.0,0.0,0.0,0.0,0.0,0.17542775269634148,0.0,0.0,0.0,0.0,0.0,0.0,0.0,0.0,0.10493712556101903,0.0010687931977901195,0.0,0.0,0.0,0.0,0.0,0.0,0.0,0.0,0.0,0.0,0.0,0.0,0.0,0.0,0.0,0.0,0.0,0.0,0.0,0.0,0.0,0.0,0.0,0.0,0.17750529686333394,0.0,0.0,0.0,0.0,0.0,0.0,0.0,0.0,0.0
0.5221526996328836,0.4317349765352,0.17506825254922181,0.019918184095742687,0.06690091955888117,0.28586069311261264,0.7308216544086652,0.5433975613377076,0.29988481494011265,0.2024493086945182,1.0,0.7354295622463428,0.5421405704733738,0.47465385769487506,0.7308284863649722,0.5433926583806995,0.4746475812967261,0.5421398779481189,0.5221703305594115,0.285874000762853,0.2024506911310765,0.2998807327524879,0.4317713333950743,0.17510473162665136,0.01995492612393726,0.06692348065338109,0.012209472458271744,0.012249141269778323,0.0,0.0,0.37540606008356847,0.0,0.0,0.0,0.0313166116478059,0.16110402775411173,0.24914310758680422,0.24913978174437526,0.1610948183500245,0.031309528199853096,0.0,0.0,0.0,0.375434835798075,0.016061139794169874,0.0,0.0,0.0,0.08863963375848716,0.15958465327877266,0.0,0.10424390865018678,0.2625414813562972,0.2841338449076861,0.0,0.0,0.0,0.0023855595421406616,0.0,0.0,0.0,0.0,0.0,0.0,0.0,0.0,0.0,0.0,0.0,0.0,0.0,0.0,0.0,0.0,0.0,0.0,0.0031744988587525226,0.2028658657601812,0.1671073149485308,0.0,0.0,0.0,0.0,0.0,0.0,0.0,0.0,0.0
0.2988399500536698,0.19354211361628235,0.0,0.0,0.0,0.08633461050459158,0.5451680303616028,0.47900158398995174,0.21396163996450504,0.05571693432302115,0.7354295622463428,1.0,0.7361608133774784,0.551299446646467,0.5451821287178196,0.4790040411228803,0.55129569337008,0.7361607089717397,0.2988579988748575,0.08634430873781104,0.05571824372675358,0.21396109953147996,0.19356937036261293,0.0,0.0,0.0,0.0,0.0,0.0,0.0,0.15084684753177113,0.0,0.0,0.0,0.0,0.2546635280670755,0.4862239281590679,0.48622170532530523,0.2546562817519759,0.0,0.0,0.0,0.0,0.15086853865100425,0.05565166266388115,0.0,0.0,0.07563210130421205,0.2467193870984601,0.2452558236344706,0.0,0.03683643450528024,0.22181269325503805,0.3319689562002799,0.0,0.0,0.0,0.0,0.0,0.0,0.0,0.0,0.0,0.0,0.0,0.0,0.0,0.0,0.0,0.0,0.0,0.0,0.0,0.0,0.0,0.0,0.19925810154612855,0.29221147140273496,0.08891113173218473,0.0,0.0,0.0,0.0,0.0,0.0,0.0,0.0,0.0
0.21485550181004065,0.05025475027239864,0.0,0.0,0.0,0.060578162795816105,0.47640589482084406,0.5523349989609241,0.3124255435840871,0.10310851466299006,0.5421405704733738,0.7361608133774784,1.0,0.7473477266865393,0.304808674930698,0.21597536806164258,0.3119624381180741,0.543504378986547,0.08381373001302048,0.0,0.0,0.0,0.032794111851407334,0.0,0.0,0.0,0.0,0.0,0.0,0.0,0.0,0.0,0.0,0.0,0.14253393101941225,0.49138175270128437,0.6858891543156787,0.39334660800858157,0.035348443274746684,0.0,0.0,0.0,0.0,0.03751273135841058,0.0,0.0,0.0,0.01380492754250829,0.21400349914266215,0.18665338357105557,0.0,0.0,0.1722385720712359,0.31114716737772774,0.0,0.0,0.0,0.0,0.0,0.0,0.0,0.0,0.0,0.0,0.0,0.0,0.0,0.0,0.0,0.0,0.0,0.0,0.0,0.0,0.0,0.0,0.22572005176650534,0.3423866315441181,0.06589852849675973,0.0,0.0,0.0,0.0,0.0,0.0,0.0,0.0,0.0
0.30488844245721186,0.08935912932396352,0.0,0.0,0.0,0.2150635531802451,0.5430510872772786,0.7361457948206825,0.5431637670989141,0.3114714053605972,0.47465385769487506,0.551299446646467,0.7473477266865393,1.0,0.21184456857536263,0.05938007795829939,0.10276804595965106,0.3119648437188396,0.038304905376604255,0.0,0.0,0.0,0.05105987373086071,0.0,0.0,0.0,0.0,0.0,0.0,0.0,0.0,0.0,0.0,0.03564847732505904,0.3942106650827191,0.6859161496646695,0.4914741689867376,0.14154059194215354,0.0,0.0,0.0,0.0,0.0,0.09344855821904523,0.0,0.0,0.0,0.0,0.04685468884900035,0.06657358351826174,0.0,0.0,0.16650215144687064,0.25395432028020803,0.0,0.0,0.0,0.0,0.0,0.0,0.0,0.0,0.0,0.0,0.0,0.0,0.0,0.0,0.0,0.0,0.0,0.0,0.0,0.0,0.0,0.0,0.05708885984840987,0.3013721777942097,0.11928731519943052,0.0,0.0,0.0,0.0,0.0,0.0,0.0,0.0,0.0
0.4077733434737966,0.4206868934633499,0.18610009095319402,0.0,0.0,0.15347815289738903,0.5198474682200547,0.29352197940195307,0.07141906963362148,0.017344613861033323,0.7308284863649722,0.5451821287178196,0.304808674930698,0.21184456857536263,1.0,0.7368553203558926,0.5430596034308527,0.4764192134442127,0.72982686606383,0.5375667357536332,0.4701944941239755,0.5418870475803407,0.5328169042338796,0.29710895079883165,0.20230650607583817,0.2973101895123016,0.08015958988319732,0.08086559176497833,0.0,0.0,0.4246449261177461,0.0,0.0,0.0,0.0,0.0,0.03540098356135779,0.1628492742229509,0.24982570882333127,0.2499214055448938,0.15642373736613632,0.02547686770131236,0.0,0.37593719640254314,0.0,0.0,0.0,0.0,0.0,0.03904498800952433,0.0,0.02335333257632001,0.116473319027027,0.11345289829755673,0.0,0.0,0.0,0.0,0.0,0.0,0.0,0.0,0.0,0.0,0.0,0.0,0.0,0.0,0.0,0.0,0.0,0.0,0.0,0.0,0.0,0.0,0.0,0.0,0.0,0.0,0.0,0.0,0.0,0.0,0.0,0.0,0.0,0.0
0.1713734469302246,0.22136492895691856,9.990190771985501e-05,0.0,0.0,0.0,0.29350140823935567,0.08717880081892132,0.0,0.0,0.5433926583806995,0.4790040411228803,0.21597536806164258,0.05938007795829939,0.7368553203558926,1.0,0.7361496556825561,0.552339664320665,0.5455556255651072,0.4766005853475391,0.548790279168653,0.7348688131936333,0.30536066774485227,0.0963857705500065,0.05774727101095072,0.2149338256681755,0.0,0.0,0.0,0.0,0.2706363317422635,0.0,0.0,0.0,0.0,0.0,0.0,0.2557691035160919,0.48571854325795827,0.4859515997949685,0.25240727708508953,0.0,0.0,0.12428862314672899,0.006685872347593357,0.0,0.0,0.0,0.03518116033325089,0.06956240380492386,0.0,0.0,0.03342547963469979,0.07000918904022718,0.0,0.0,0.0,0.0,0.0,0.0,0.0,0.0,0.0,0.0,0.0,0.0,0.0,0.0,0.0,0.0,0.0,0.0,0.0,0.0,0.0,0.0,0.0,0.0,0.0,0.0,0.0,0.0,0.0,0.0,0.0,0.0,0.0,0.0
0.03825235612680362,0.05097102307810731,0.0,0.0,0.0,0.0,0.2118174497969728,0.059367590986254215,0.0,0.0,0.4746475812967261,0.55129569337008,0.3119624381180741,0.10276804595965106,0.5430596034308527,0.7361496556825561,1.0,0.7473461885023976,0.30489530633125295,0.21505909199767045,0.31146531316545223,0.5431613250043172,0.08936339104889433,0.0,0.0,0.0,0.0,0.0,0.0,0.0,0.09335111867606942,0.0,0.0,0.0,0.0,0.0,0.14154112581107367,0.4914698729489417,0.6859131567644244,0.39420627513648304,0.03564065551549784,0.0,0.0,0.0,0.08673029145546104,0.051399470460641014,0.08451934992407253,0.16017762990809187,0.21496479952037956,0.18370833190456806,0.0,0.0,0.036682316904754764,0.14036766773722642,0.0,0.0,0.0,0.0,0.0,0.0,0.0,0.0,0.0,0.0,0.0,0.0,0.0,0.0,0.0,0.0,0.0,0.0,0.0,0.0,0.0,0.0,0.08444513851157619,0.012717534485632656,0.0,0.0,0.0,0.0,0.0,0.0,0.0,0.0,0.0,0.0
0.08378344502713563,0.03274655477961414,0.0,0.0,0.0,0.0,0.3047902047996172,0.21596856783349014,0.0,0.0,0.5421398779481189,0.7361607089717397,0.543504378986547,0.3119648437188396,0.4764192134442127,0.552339664320665,0.7473461885023976,1.0,0.21486629425194065,0.0605772548019875,0.10310394970851637,0.3124236174431237,0.05026527737977573,0.0,0.0,0.0,0.0,0.0,0.0,0.0,0.0374656954325683,0.0,0.0,0.0,0.0,0.035355313456224065,0.3933474066163189,0.6858852102715886,0.4913761769071124,0.14252865590110053,0.0,0.0,0.0,0.0,0.09321060046989317,0.021453429097381002,0.07277942662153128,0.21379500345125185,0.3194934291641847,0.2581747703020894,0.0,0.0,0.10725466029694543,0.2509609102642275,0.0,0.0,0.0,0.0,0.0,0.0,0.0,0.0,0.0,0.0,0.0,0.0,0.0,0.0,0.0,0.0,0.0,0.0,0.0,0.0,0.0,0.053539203861077626,0.24695468270128723,0.17574307430775613,0.0,0.0,0.0,0.0,0.0,0.0,0.0,0.0,0.0,0.0
0.38388737237387355,0.43154407273926704,0.2491191554610634,0.06569660391705062,0.03198317860594414,0.16163738076155224,0.40781015591752123,0.1714316402607607,0.0,0.0,0.5221703305594115,0.2988579988748575,0.08381373001302048,0.038304905376604255,0.72982686606383,0.5455556255651072,0.30489530633125295,0.21486629425194065,1.0,0.7350235246443436,0.5420724020279349,0.4771889904852271,0.7383164086407134,0.5469837091969094,0.47239740671435754,0.5435402608410623,0.15783666742893976,0.3056191053661221,0.006900802568337192,0.07162693195219741,0.3982205129996267,0.0,0.0,0.0,0.0,0.0,0.0,0.0,0.034562766337465294,0.16324872758532213,0.24827105785811038,0.25014467457542433,0.15870276299704794,0.4860083808424128,0.0,0.0,0.0,0.0,0.0,0.0,0.0,0.0,0.0,0.0,0.0,0.0,0.0,0.0,0.0,0.0,0.0,0.0,0.0,0.0,0.0,0.0,0.0,0.0,0.0,0.0,0.0,0.0,0.0,0.0,0.0,0.0,0.0,0.0,0.0,0.0,0.0,0.0,0.0,0.0,0.0,0.0,0.0,0.0
0.16163612490772306,0.27453853697722963,0.14580420602835198,0.0,0.0,0.0,0.1535097263601071,0.0,0.0,0.0,0.285874000762853,0.08634430873781104,0.0,0.0,0.5375667357536332,0.4766005853475391,0.21505909199767045,0.0605772548019875,0.7350235246443436,1.0,0.7354859311427414,0.5524511656975368,0.5500732614043791,0.4813188558002577,0.5489905774170482,0.7375414125904681,0.1323287224466184,0.21596743310706076,0.03612791723570586,0.0,0.27215747678508195,0.0,0.0,0.0,0.0,0.0,0.0,0.0,0.0,0.25591025765596814,0.48482899735149243,0.4874610947584693,0.25293939854366826,0.2543356033948431,0.0,0.0,0.0,0.0,0.0,0.0,0.0,0.0,0.0,0.0,0.0,0.0,0.0,0.0,0.0,0.0,0.0,0.0,0.0,0.0,0.0,0.0,0.0,0.0,0.0,0.0,0.0,0.0,0.0,0.0,0.0,0.0,0.0,0.0,0.0,0.0,0.0,0.0,0.0,0.0,0.0,0.0,0.0,0.0
0.0,0.13010741560948647,0.0,0.0,0.0,0.0,0.017345184611115907,0.0,0.0,0.0,0.2024506911310765,0.05571824372675358,0.0,0.0,0.4701944941239755,0.548790279168653,0.31146531316545223,0.10310394970851637,0.5420724020279349,0.7354859311427414,1.0,0.7479064627605436,0.30804312022843267,0.21788950317898167,0.30905580541245947,0.5428807480560027,0.020541925450784083,0.0,0.0,0.0,0.17525651082996213,0.0,0.0,0.0,0.0,0.0,0.0,0.0,0.1423744207519221,0.4926189883298468,0.6859459663335704,0.39210381114163073,0.03310125201765998,0.031563213761696865,0.0,0.0,0.0,0.0,0.0,0.0,0.0,0.0,0.0,0.0,0.0,0.0,0.0,0.0,0.0,0.0,0.0,0.0,0.0,0.0,0.0,0.0,0.0,0.0,0.0,0.0,0.0,0.0,0.0,0.0,0.0,0.0,0.0,0.0,0.0,0.0,0.0,0.0,0.0,0.0,0.0,0.0,0.0,0.0
0.0,0.10333593304328037,0.0,0.0,0.0,0.0,0.07140120380122313,0.0,0.0,0.0,0.2998807327524879,0.21396109953147996,0.0,0.0,0.5418870475803407,0.7348688131936333,0.5431613250043172,0.3124236174431237,0.4771889904852271,0.5524511656975368,0.7479064627605436,1.0,0.21893978034397688,0.06676594014137462,0.10367163109047896,0.31419268837426295,0.0,0.0,0.0,0.0,0.1688032817808986,0.0,0.0,0.0,0.0,0.0,0.0,0.03657277130652785,0.3931572217272404,0.6858564062649879,0.4919224739200778,0.14187476612114028,0.0,0.0,0.0,0.0,0.0,0.0,0.0,0.0,0.0,0.0,0.0,0.0,0.0,0.0,0.0,0.0,0.0,0.0,0.0,0.0,0.0,0.0,0.0,0.0,0.0,0.0,0.0,0.0,0.0,0.0,0.0,0.0,0.0,0.0,0.0,0.0,0.0,0.0,0.0,0.0,0.0,0.0,0.0,0.0,0.0,0.0
0.4316423769115941,0.41287358505812655,0.2626147159846902,0.14594491505809537,0.15252225383757978,0.27464009583085647,0.42078777923226246,0.22148541250203954,0.10347838179130611,0.13024310470184242,0.4317713333950743,0.19356937036261293,0.032794111851407334,0.05105987373086071,0.5328169042338796,0.30536066774485227,0.08936339104889433,0.05026527737977573,0.7383164086407134,0.5500732614043791,0.30804312022843267,0.21893978034397688,1.0,0.742583604935351,0.5485805283725914,0.48344340800681024,0.12123634302586618,0.5479773816438815,0.0,0.3237646686880203,0.2902914694082218,0.0,0.0,0.0,0.0,0.0,0.0,0.0,0.0,0.0,0.035851718482893175,0.16941206193863698,0.2547214905593687,0.6868670611565404,0.0,0.0,0.0,0.0,0.0,0.0,0.0,0.0,0.0,0.0,0.0,0.0,0.0,0.0,0.0,0.0,0.0,0.0,0.0,0.0,0.0,0.0,0.0,0.0,0.0,0.0,0.0,0.0,0.0,0.0,0.0,0.0,0.0,0.0,0.0,0.0,0.0,0.0,0.0,0.0,0.0,0.0,0.0,0.0
0.2492636919876339,0.26267131025343365,0.18672095141690054,0.10381878436312264,0.08589739509601553,0.1459701609848014,0.18621660688657363,0.00023860895116963092,0.0,0.0,0.17510473162665136,0.0,0.0,0.0,0.29710895079883165,0.0963857705500065,0.0,0.0,0.5469837091969094,0.4813188558002577,0.21788950317898167,0.06676594014137462,0.742583604935351,1.0,0.737506365353746,0.5546019401975477,0.07745479915368866,0.7344811903383828,0.0,0.49120858727674194,0.11994273803645725,0.0,0.0,0.0,0.0,0.0,0.0,0.0,0.0,0.0,0.0,0.25811125242778366,0.4850343310465641,0.4926935885089597,0.0,0.0,0.0,0.0,0.0,0.0,0.0,0.0,0.0,0.0,0.0,0.0,0.0,0.0,0.0,0.0,0.0,0.0,0.0,0.0,0.0,0.0,0.0,0.0,0.0,0.0,0.0,0.0,0.0,0.0,0.0,0.0,0.0,0.0,0.0,0.0,0.0,0.0,0.0,0.0,0.0,0.0,0.0,0.0
0.06582207929810271,0.1459891089264798,0.10380178266532981,0.0,0.0,0.0,0.0,0.0,0.0,0.0,0.01995492612393726,0.0,0.0,0.0,0.20230650607583817,0.05774727101095072,0.0,0.0,0.47239740671435754,0.5489905774170482,0.30905580541245947,0.10367163109047896,0.5485805283725914,0.737506365353746,1.0,0.7454817401386564,0.06864798472902107,0.5430314677968112,0.0,0.31987324358364444,0.04288759050454996,0.0,0.0,0.0,0.0,0.0,0.0,0.0,0.0,0.0,0.13647305939702564,0.49147091030888557,0.6862556810478414,0.2561480479165389,0.0,0.0,0.0,0.0,0.0,0.0,0.0,0.0,0.0,0.0,0.0,0.0,0.0,0.0,0.0,0.0,0.0,0.0,0.0,0.0,0.0,0.0,0.0,0.0,0.0,0.0,0.0,0.0,0.0,0.0,0.0,0.0,0.0,0.0,0.0,0.0,0.0,0.0,0.0,0.0,0.0,0.0,0.0,0.0
0.03204117208221886,0.15249146740621342,0.0857958563594484,0.0,0.0,0.0,0.0,0.0,0.0,0.0,0.06692348065338109,0.0,0.0,0.0,0.2973101895123016,0.2149338256681755,0.0,0.0,0.5435402608410623,0.7375414125904681,0.5428807480560027,0.31419268837426295,0.48344340800681024,0.5546019401975477,0.7454817401386564,1.0,0.09454886294987919,0.3120638579276093,0.017742943049275556,0.07804866265745519,0.10812481910533793,0.0,0.0,0.0,0.0,0.0,0.0,0.0,0.0,0.03783770463294498,0.39003743865192886,0.6859243931231254,0.4894677521736263,0.17053396287179837,0.0,0.0,0.0,0.0,0.0,0.0,0.0,0.0,0.0,0.0,0.0,0.0,0.0,0.0,0.0,0.0,0.0,0.0,0.0,0.0,0.0,0.0,0.0,0.0,0.0,0.0,0.0,0.0,0.0,0.0,0.0,0.0,0.0,0.0,0.0,0.0,0.0,0.0,0.0,0.0,0.0,0.0,0.0,0.0
0.30561789908127435,0.5479796109671532,0.7344837179366569,0.5430333414974454,0.3120670974895288,0.21596829758427438,0.08086119034193207,0.0,0.0,0.0,0.012209472458271744,0.0,0.0,0.0,0.08015958988319732,0.0,0.0,0.0,0.15783666742893976,0.1323287224466184,0.020541925450784083,0.0,0.12123634302586618,0.07745479915368866,0.06864798472902107,0.09454886294987919,1.0,0.0,0.756725043163015,0.0,0.39975108413415694,0.3893237706275028,0.035502688799762094,0.0,0.0,0.0,0.0,0.0,0.0,0.0,0.0,0.0,0.0,0.0,0.0,0.0,0.0,0.0,0.0,0.0,0.0002509567885404877,0.17123121512704104,0.07997526390462394,0.0,0.0,0.12983621059318845,0.345192037728425,0.3581213829094959,0.0,0.0,0.0,0.013876251332934948,0.0,0.0,0.0,0.0,0.0,0.0,0.0,0.0,0.0,0.0,0.0,0.0,0.0,0.0,0.0,0.0,0.01483891979829027,0.3210594762077734,0.3002669624821259,0.0,0.0,0.0,0.0,0.0,0.0,0.0
0.15802288419591998,0.12133679336474579,0.07751463735829232,0.06873661034120263,0.09473042446116521,0.13256606892686698,0.08029712889609317,0.0,0.0,0.020811141798901346,0.012249141269778323,0.0,0.0,0.0,0.08086559176497833,0.0,0.0,0.0,0.3056191053661221,0.21596743310706076,0.0,0.0,0.5479773816438815,0.7344811903383828,0.5430314677968112,0.3120638579276093,0.0,1.0,0.0,0.756725790062603,0.0,0.0,0.0,0.0,0.0,0.0,0.0,0.0,0.0,0.0,0.0,0.035499874446100865,0.3893229582719347,0.39975737688304064,0.0,0.0,0.0,0.0,0.0,0.0,0.0,0.0,0.0,0.0,0.0,0.0,0.0,0.0,0.0,0.0,0.0,0.0,0.0,0.0,0.0,0.0,0.0,0.0,0.0,0.0,0.0,0.0,0.0,0.0,0.0,0.0,0.0,0.0,0.0,0.0,0.0,0.0,0.0,0.0,0.0,0.0,0.0,0.0
0.07162521889148767,0.32376604904999334,0.4912103476079621,0.3198748896340705,0.0780512093423848,0.0,0.0,0.0,0.0,0.0,0.0,0.0,0.0,0.0,0.0,0.0,0.0,0.0,0.006900802568337192,0.03612791723570586,0.0,0.0,0.0,0.0,0.0,0.017742943049275556,0.756725043163015,0.0,1.0,0.0,0.23312619251348035,0.22326055380808046,0.0,0.0,0.0,0.0,0.0,0.0,0.0,0.0,0.0,0.0,0.0,0.0,0.0,0.0,0.0,0.0,0.0,0.0,0.0,0.05704728477454435,0.0,0.0,0.0,0.14615184872657186,0.33611508850872335,0.2664335046040595,0.0,0.0,0.0,0.08305101041816543,0.0,0.0,0.0,0.0,0.0,0.0,0.0,0.0,0.0,0.0,0.0,0.0,0.0,0.0,0.0,0.0,0.0,0.1795111251974713,0.325862720806002,0.05928065099618963,0.0,0.0,0.0,0.0,0.0,0.0
0.007109860248445522,0.0,0.0,0.0,0.017986337195173716,0.03641084644800688,0.0,0.0,0.0,0.0,0.0,0.0,0.0,0.0,0.0,0.0,0.0,0.0,0.07162693195219741,0.0,0.0,0.0,0.3237646686880203,0.49120858727674194,0.31987324358364444,0.07804866265745519,0.0,0.756725790062603,0.0,1.0,0.0,0.0,0.0,0.0,0.0,0.0,0.0,0.0,0.0,0.0,0.0,0.0,0.22325968479302952,0.23313428155612617,0.0,0.0,0.0,0.0,0.0,0.0,0.0,0.0,0.0,0.0,0.0,0.0,0.0,0.0,0.0,0.0,0.0,0.0,0.0,0.0,0.0,0.0,0.0,0.0,0.0,0.0,0.0,0.0,0.0,0.0,0.0,0.0,0.0,0.0,0.0,0.0,0.0,0.0,0.0,0.0,0.0,0.0,0.0,0.0
0.4860142632377267,0.6868674368988573,0.49269275128835194,0.2561455252198112,0.17053827918376524,0.2543404228930656,0.3759398228637789,0.12429179522408484,0.0,0.03157069407423712,0.37540606008356847,0.15084684753177113,0.0,0.0,0.4246449261177461,0.2706363317422635,0.09335111867606942,0.0374656954325683,0.3982205129996267,0.27215747678508195,0.17525651082996213,0.1688032817808986,0.2902914694082218,0.11994273803645725,0.04288759050454996,0.10812481910533793,0.39975108413415694,0.0,0.23312619251348035,0.0,1.0,0.0,0.0,0.0,0.0,0.0,0.0,0.0,0.0,0.0,0.0,0.0,0.0,0.16705467458522796,0.0,0.0,0.0,0.0,0.0,0.0,0.06462087674265315,0.27653147659103583,0.2965448557556391,0.12609244143443765,0.0,0.0,0.13938633869081665,0.3072869032914817,0.0,0.0,0.0,0.0,0.0,0.0,0.0,0.0,0.0,0.0,0.0,0.0,0.0,0.0,0.0,0.0,0.0,0.0,0.0,0.0,0.17741490712018057,0.20999222844858828,0.0,0.0,0.0,0.0,0.0,0.0,0.0,0.0
0.15869825110171654,0.2547221052930692,0.4850309577190649,0.6862567193480358,0.4894682370663264,0.25293919642991125,0.0,0.0,0.0,0.03311012309520693,0.0,0.0,0.0,0.0,0.0,0.0,0.0,0.0,0.0,0.0,0.0,0.0,0.0,0.0,0.0,0.0,0.3893237706275028,0.0,0.22326055380808046,0.0,0.0,1.0,0.40669210619900775,0.0,0.0,0.0,0.0,0.0,0.0,0.0,0.0,0.0,0.0,0.0,0.0,0.0,0.0,0.0,0.0,0.0,0.0,0.0,0.0,0.0,0.0,0.0,0.0,0.043916781493519595,0.0,0.0,0.0,0.0,0.0,0.0,0.0,0.0,0.0,0.0,0.0,0.0,0.0,0.0,0.0,0.0,0.0,0.0,0.0,0.0,0.0,0.12480834150596028,0.0,0.0,0.0,0.0,0.0,0.0,0.0,0.0
0.2501459918825217,0.1694168604947932,0.25811148076376716,0.49147251505285805,0.6859254596879765,0.4874653241319449,0.025481358941710053,0.0,0.141893213092108,0.3921165385305878,0.0,0.0,0.0,0.0,0.0,0.0,0.0,0.0,0.0,0.0,0.0,0.0,0.0,0.0,0.0,0.0,0.035502688799762094,0.0,0.0,0.0,0.0,0.40669210619900775,1.0,0.41913549078929063,0.0,0.0,0.0,0.0,0.0,0.0,0.0,0.0,0.0,0.0,0.0,0.0,0.0,0.0,0.0,0.0,0.0,0.0,0.0,0.0,0.0,0.0,0.0,0.0,0.0,0.0,0.0,0.0,0.0,0.0,0.0,0.0,0.0,0.0,0.0,0.0,0.0,0.0,0.0,0.0,0.0,0.0,0.0,0.0,0.0,0.0,0.0,0.0,0.0,0.0,0.0,0.0,0.0,0.0
0.24826867299009892,0.03585341408020544,0.0,0.1364809979250354,0.3900447322232689,0.4848299023033795,0.1564257904917932,0.2524130436857727,0.4919265132308573,0.6859442900421988,0.0,0.0,0.0,0.03564847732505904,0.0,0.0,0.0,0.0,0.0,0.0,0.0,0.0,0.0,0.0,0.0,0.0,0.0,0.0,0.0,0.0,0.0,0.0,0.41913549078929063,1.0,0.40867876874992415,0.0,0.0,0.0,0.0,0.0,0.0,0.0,0.0,0.0,0.0,0.0,0.0,0.0,0.0,0.0,0.0,0.0,0.0,0.0,0.0,0.0,0.0,0.0,0.0,0.0,0.0,0.0,0.0,0.0,0.0,0.0,0.0,0.0,0.0,0.0,0.0,0.0,0.0,0.0,0.0,0.0,0.0,0.0,0.0,0.0,0.0,0.0,0.0,0.0,0.0,0.0,0.0,0.0
0.16324286400083537,0.0,0.0,0.0,0.03785072279135846,0.25591279413394036,0.2499203000686268,0.4859533676921084,0.6858553125108432,0.49262018317213346,0.0313166116478059,0.0,0.14253393101941225,0.3942106650827191,0.0,0.0,0.0,0.0,0.0,0.0,0.0,0.0,0.0,0.0,0.0,0.0,0.0,0.0,0.0,0.0,0.0,0.0,0.0,0.40867876874992415,1.0,0.4256441382452502,0.0,0.0,0.0,0.0,0.0,0.0,0.0,0.0,0.0,0.0,0.0,0.0,0.0,0.0,0.0,0.0,0.0,0.0,0.0,0.0,0.0,0.0,0.0,0.0,0.0,0.0,0.0,0.0,0.0,0.0,0.0,0.0,0.0,0.0,0.0,0.0,0.0,0.0,0.0,0.0,0.0,0.0,0.0,0.0,0.0,0.0,0.0,0.0,0.0,0.0,0.0,0.0
0.03456106329714813,0.0,0.0,0.0,0.0,0.0,0.249821511692493,0.48571819605979166,0.39316250621416965,0.14238517331634828,0.16110402775411173,0.2546635280670755,0.49138175270128437,0.6859161496646695,0.0,0.0,0.0,0.035355313456224065,0.0,0.0,0.0,0.0,0.0,0.0,0.0,0.0,0.0,0.0,0.0,0.0,0.0,0.0,0.0,0.0,0.4256441382452502,1.0,0.4065331095147608,0.0,0.0,0.0,0.0,0.0,0.0,0.0,0.0,0.0,0.0,0.0,0.0,0.0,0.0,0.0,0.0,0.032804896828600216,0.0,0.0,0.0,0.0,0.0,0.0,0.0,0.0,0.0,0.0,0.0,0.0,0.0,0.0,0.0,0.0,0.0,0.0,0.0,0.0,0.0,0.0,0.0,0.12330066292189892,0.0,0.0,0.0,0.0,0.0,0.0,0.0,0.0,0.0,0.0
0.0,0.0,0.0,0.0,0.0,0.0,0.16283964363657397,0.25576777736387696,0.03657872507356542,0.0,0.24914310758680422,0.4862239281590679,0.6858891543156787,0.4914741689867376,0.03540098356135779,0.0,0.14154112581107367,0.3933474066163189,0.0,0.0,0.0,0.0,0.0,0.0,0.0,0.0,0.0,0.0,0.0,0.0,0.0,0.0,0.0,0.0,0.0,0.4065331095147608,1.0,0.4240486124095968,0.0,0.0,0.0,0.0,0.0,0.0,0.0,0.0,0.0,0.0,0.16680662725624032,0.052150517275622435,0.0,0.0,0.0,0.1585895878133503,0.0,0.0,0.0,0.0,0.0,0.0,0.0,0.0,0.0,0.0,0.0,0.0,0.0,0.0,0.0,0.0,0.0,0.0,0.0,0.0,0.0,0.0,0.22619550190676946,0.21562635243456754,0.0,0.0,0.0,0.0,0.0,0.0,0.0,0.0,0.0,0.0
0.0,0.0,0.0,0.0,0.0,0.0,0.0353797968090704,0.0,0.0,0.0,0.24913978174437526,0.48622170532530523,0.39334660800858157,0.14154059194215354,0.1628492742229509,0.2557691035160919,0.4914698729489417,0.6858852102715886,0.0,0.0,0.0,0.03657277130652785,0.0,0.0,0.0,0.0,0.0,0.0,0.0,0.0,0.0,0.0,0.0,0.0,0.0,0.0,0.4240486124095968,1.0,0.40652364491839693,0.0,0.0,0.0,0.0,0.0,0.0,0.0,0.0,0.2296125642240543,0.33361942458771904,0.1655683317538897,0.0,0.0,0.0,0.11300806429204839,0.0,0.0,0.0,0.0,0.0,0.0,0.0,0.0,0.0,0.0,0.0,0.0,0.0,0.0,0.0,0.0,0.0,0.0,0.0,0.0,0.0,0.078627684500373,0.28203674213707247,0.042959919657203444,0.0,0.0,0.0,0.0,0.0,0.0,0.0,0.0,0.0,0.0
0.0,0.0,0.0,0.0,0.0,0.0,0.0,0.0,0.0,0.0,0.1610948183500245,0.2546562817519759,0.035348443274746684,0.0,0.24982570882333127,0.48571854325795827,0.6859131567644244,0.4913761769071124,0.034562766337465294,0.0,0.1423744207519221,0.3931572217272404,0.0,0.0,0.0,0.0,0.0,0.0,0.0,0.0,0.0,0.0,0.0,0.0,0.0,0.0,0.0,0.40652364491839693,1.0,0.4256356476333741,0.0,0.0,0.0,0.0,0.0,0.0,0.03389332291893449,0.10238306053300598,0.09228221898165423,0.007579061077214561,0.0,0.0,0.0,0.0,0.0,0.0,0.0,0.0,0.0,0.0,0.0,0.0,0.0,0.0,0.0,0.0,0.0,0.0,0.0,0.0,0.0,0.0,0.0,0.0,0.0,0.0,0.0,0.0,0.0,0.0,0.0,0.0,0.0,0.0,0.0,0.0,0.0,0.0
0.0,0.0,0.0,0.0,0.0,0.0,0.0,0.0,0.0,0.0,0.031309528199853096,0.0,0.0,0.0,0.2499214055448938,0.4859515997949685,0.39420627513648304,0.14252865590110053,0.16324872758532213,0.25591025765596814,0.4926189883298468,0.6858564062649879,0.0,0.0,0.0,0.03783770463294498,0.0,0.0,0.0,0.0,0.0,0.0,0.0,0.0,0.0,0.0,0.0,0.0,0.4256356476333741,1.0,0.40867270164894814,0.0,0.0,0.0,0.0,0.0,0.0,0.0,0.0,0.0,0.0,0.0,0.0,0.0,0.0,0.0,0.0,0.0,0.0,0.0,0.0,0.0,0.0,0.0,0.0,0.0,0.0,0.0,0.0,0.0,0.0,0.0,0.0,0.0,0.0,0.0,0.0,0.0,0.0,0.0,0.0,0.0,0.0,0.0,0.0,0.0,0.0,0.0
0.0,0.0,0.0,0.0,0.0,0.0,0.0,0.0,0.0,0.0,0.0,0.0,0.0,0.0,0.15642373736613632,0.25240727708508953,0.03564065551549784,0.0,0.24827105785811038,0.48482899735149243,0.6859459663335704,0.4919224739200778,0.035851718482893175,0.0,0.13647305939702564,0.39003743865192886,0.0,0.0,0.0,0.0,0.0,0.0,0.0,0.0,0.0,0.0,0.0,0.0,0.0,0.40867270164894814,1.0,0.4191165116024057,0.0,0.0,0.0,0.0,0.0,0.0,0.0,0.0,0.0,0.0,0.0,0.0,0.0,0.0,0.0,0.0,0.0,0.0,0.0,0.0,0.0,0.0,0.0,0.0,0.0,0.0,0.0,0.0,0.0,0.0,0.0,0.0,0.0,0.0,0.0,0.0,0.0,0.0,0.0,0.0,0.0,0.0,0.0,0.0,0.0,0.0
0.0,0.0,0.0,0.0,0.0,0.0,0.0,0.0,0.0,0.0,0.0,0.0,0.0,0.0,0.02547686770131236,0.0,0.0,0.0,0.25014467457542433,0.4874610947584693,0.39210381114163073,0.14187476612114028,0.16941206193863698,0.25811125242778366,0.49147091030888557,0.6859243931231254,0.0,0.035499874446100865,0.0,0.0,0.0,0.0,0.0,0.0,0.0,0.0,0.0,0.0,0.0,0.0,0.4191165116024057,1.0,0.4066915881974641,0.0,0.0,0.0,0.0,0.0,0.0,0.0,0.0,0.0,0.0,0.0,0.0,0.0,0.0,0.0,0.0,0.0,0.0,0.0,0.0,0.0,0.0,0.0,0.0,0.0,0.0,0.0,0.0,0.0,0.0,0.0,0.0,0.0,0.0,0.0,0.0,0.0,0.0,0.0,0.0,0.0,0.0,0.0,0.0,0.0
0.0,0.0,0.0,0.0,0.0,0.0,0.0,0.0,0.0,0.0,0.0,0.0,0.0,0.0,0.0,0.0,0.0,0.0,0.15870276299704794,0.25293939854366826,0.03310125201765998,0.0,0.2547214905593687,0.4850343310465641,0.6862556810478414,0.4894677521736263,0.0,0.3893229582719347,0.0,0.22325968479302952,0.0,0.0,0.0,0.0,0.0,0.0,0.0,0.0,0.0,0.0,0.0,0.4066915881974641,1.0,0.0,0.0,0.0,0.0,0.0,0.0,0.0,0.0,0.0,0.0,0.0,0.0,0.0,0.0,0.0,0.0,0.0,0.0,0.0,0.0,0.0,0.0,0.0,0.0,0.0,0.0,0.0,0.0,0.0,0.0,0.0,0.0,0.0,0.0,0.0,0.0,0.0,0.0,0.0,0.0,0.0,0.0,0.0,0.0,0.0
0.3983451921010967,0.2903176377201631,0.11992740019735772,0.04288448780133215,0.10818999534896424,0.2722939450546864,0.42476379973910117,0.2707807595246513,0.16897776361413328,0.17542775269634148,0.375434835798075,0.15086853865100425,0.03751273135841058,0.09344855821904523,0.37593719640254314,0.12428862314672899,0.0,0.0,0.4860083808424128,0.2543356033948431,0.031563213761696865,0.0,0.6868670611565404,0.4926935885089597,0.2561480479165389,0.17053396287179837,0.0,0.39975737688304064,0.0,0.23313428155612617,0.16705467458522796,0.0,0.0,0.0,0.0,0.0,0.0,0.0,0.0,0.0,0.0,0.0,0.0,1.0,0.0,0.0,0.0,0.0,0.0,0.0,0.0,0.0,0.0,0.0,0.0,0.0,0.0,0.0,0.0,0.0,0.0,0.0,0.0,0.0,0.0,0.0,0.0,0.0,0.0,0.0,0.0,0.0,0.0,0.0,0.0,0.0,0.0,0.0,0.0,0.0,0.0,0.0,0.0,0.0,0.0,0.0,0.0,0.0
0.0,0.0,0.0,0.0,0.0,0.0,0.0,0.0,0.0,0.0,0.016061139794169874,0.05565166266388115,0.0,0.0,0.0,0.006685872347593357,0.08673029145546104,0.09321060046989317,0.0,0.0,0.0,0.0,0.0,0.0,0.0,0.0,0.0,0.0,0.0,0.0,0.0,0.0,0.0,0.0,0.0,0.0,0.0,0.0,0.0,0.0,0.0,0.0,0.0,0.0,1.0,0.738314424850436,0.5469811826497459,0.47239193799062235,0.5435390665803476,0.7350220447998665,0.729825878607583,0.5455508188132852,0.47718420834516756,0.5420714386230909,0.5221526996328836,0.29883995005366965,0.21485550181004112,0.30488844245721214,0.4077733434737968,0.17137344693022444,0.038252356126803784,0.08378344502713563,0.3838873723738734,0.16163612490772275,0.0,0.0,0.4316423769115943,0.24926369198763373,0.06582207929810256,0.03204117208221886,0.3056178990812743,0.1580228841959198,0.07162521889148767,0.007109860248445522,0.4860142632377267,0.15869825110171637,0.25014599188252135,0.248268672990099,0.16324286400083537,0.03456106329714813,0.0,0.0,0.0,0.0,0.0,0.0,0.0,0.3983451921010967
0.0,0.0,0.0,0.0,0.0,0.0,0.0,0.0,0.0,0.0,0.0,0.0,0.0,0.0,0.0,0.0,0.051399470460641014,0.021453429097381002,0.0,0.0,0.0,0.0,0.0,0.0,0.0,0.0,0.0,0.0,0.0,0.0,0.0,0.0,0.0,0.0,0.0,0.0,0.0,0.0,0.0,0.0,0.0,0.0,0.0,0.0,0.738314424850436,1.0,0.7425867735663726,0.5485806157116394,0.48344708580610235,0.5500738340641991,0.532809963705606,0.30535635846418935,0.2189380607892159,0.3080452379938432,0.4317349765351996,0.19354211361628185,0.05025475027239864,0.08935912932396319,0.4206868934633499,0.22136492895691823,0.05097102307810714,0.03274655477961365,0.4315440727392669,0.27453853697722963,0.13010741560948677,0.1033359330432802,0.41287358505812727,0.26267131025343393,0.14598910892648012,0.15249146740621375,0.5479796109671534,0.1213367933647461,0.32376604904999373,0.0,0.686867436898857,0.2547221052930696,0.16941686049479338,0.035853414080205606,0.0,0.0,0.0,0.0,0.0,0.0,0.0,0.0,0.0,0.29031763772016345
0.0,0.0,0.0,0.0,0.0,0.0,0.0,0.0,0.0,0.0,0.0,0.0,0.0,0.0,0.0,0.0,0.08451934992407253,0.07277942662153128,0.0,0.0,0.0,0.0,0.0,0.0,0.0,0.0,0.0,0.0,0.0,0.0,0.0,0.0,0.0,0.0,0.0,0.0,0.0,0.0,0.03389332291893449,0.0,0.0,0.0,0.0,0.0,0.5469811826497459,0.7425867735663726,1.0,0.7375031084913296,0.5546021607327095,0.4813178480755288,0.2971045743641997,0.09638904778703278,0.06677076270501407,0.21789362007007507,0.17506825254922131,0.0,0.0,0.0,0.18610009095319385,9.990190771936158e-05,0.0,0.0,0.2491191554610629,0.14580420602835165,0.0,0.0,0.2626147159846905,0.18672095141690037,0.10380178266532981,0.08579585635944857,0.734483717936657,0.07751463735829232,0.49121034760796256,0.0,0.49269275128835144,0.4850309577190653,0.2581114807637673,0.0,0.0,0.0,0.0,0.0,0.0,0.0,0.0,0.0,0.0,0.11992740019735755
0.0,0.0,0.0,0.0,0.0,0.0,0.0,0.0,0.0,0.0,0.0,0.07563210130421205,0.01380492754250829,0.0,0.0,0.0,0.16017762990809187,0.21379500345125185,0.0,0.0,0.0,0.0,0.0,0.0,0.0,0.0,0.0,0.0,0.0,0.0,0.0,0.0,0.0,0.0,0.0,0.0,0.0,0.2296125642240543,0.10238306053300598,0.0,0.0,0.0,0.0,0.0,0.47239193799062235,0.5485806157116394,0.7375031084913296,1.0,0.7454823883136197,0.5489891816233625,0.20230054871137076,0.05775328436253185,0.10368070693050416,0.30906225910987367,0.019918184095742357,0.0,0.0,0.0,0.0,0.0,0.0,0.0,0.06569660391705047,0.0,0.0,0.0,0.14594491505809587,0.1038187843631228,0.0,0.0,0.5430333414974451,0.06873661034120294,0.31987488963407057,0.0,0.2561455252198109,0.686256719348036,0.49147251505285816,0.1364809979250354,0.0,0.0,0.0,0.0,0.0,0.0,0.0,0.0,0.0,0.04288448780133232
0.0,0.0,0.0,0.0,0.0,0.0,0.0,0.0,0.0,0.0,0.08863963375848716,0.2467193870984601,0.21400349914266215,0.04685468884900035,0.0,0.03518116033325089,0.21496479952037956,0.3194934291641847,0.0,0.0,0.0,0.0,0.0,0.0,0.0,0.0,0.0,0.0,0.0,0.0,0.0,0.0,0.0,0.0,0.0,0.0,0.16680662725624032,0.33361942458771904,0.09228221898165423,0.0,0.0,0.0,0.0,0.0,0.5435390665803476,0.48344708580610235,0.5546021607327095,0.7454823883136197,1.0,0.7375423655802209,0.2973105822248672,0.21494341618826915,0.31420354136820355,0.5428881898447205,0.066900919558881,0.0,0.0,0.0,0.0,0.0,0.0,0.0,0.03198317860594431,0.0,0.0,0.0,0.15252225383758045,0.0858973950960157,0.0,0.0,0.31206709748952877,0.09473042446116538,0.07805120934238512,0.017986337195174208,0.17053827918376524,0.4894682370663264,0.6859254596879764,0.3900447322232689,0.0378507227913583,0.0,0.0,0.0,0.0,0.0,0.0,0.0,0.0,0.10818999534896458
0.0,0.004735855869386382,0.0,0.0,0.0,0.0,0.09209023110498106,0.028818626410563587,0.0,0.0,0.15958465327877266,0.2452558236344706,0.18665338357105557,0.06657358351826174,0.03904498800952433,0.06956240380492386,0.18370833190456806,0.2581747703020894,0.0,0.0,0.0,0.0,0.0,0.0,0.0,0.0,0.0,0.0,0.0,0.0,0.0,0.0,0.0,0.0,0.0,0.0,0.052150517275622435,0.1655683317538897,0.007579061077214561,0.0,0.0,0.0,0.0,0.0,0.7350220447998665,0.5500738340641991,0.4813178480755288,0.5489891816233625,0.7375423655802209,1.0,0.537568651615926,0.476604763728682,0.552454279814592,0.7354888198881767,0.2858606931126126,0.08633461050459142,0.060578162795816765,0.21506355318024542,0.15347815289738903,0.0,0.0,0.0,0.1616373807615519,0.0,0.0,0.0,0.27464009583085663,0.14597016098480092,0.0,0.0,0.21596829758427405,0.13256606892686681,0.0,0.03641084644800688,0.2543404228930654,0.25293919642991103,0.48746532413194454,0.48482990230337986,0.2559127941339404,0.0,0.0,0.0,0.0,0.0,0.0,0.0,0.0,0.27229394505468635
0.0,0.07730184479584758,0.0,0.0,0.0,0.0,0.0,0.0,0.0,0.0,0.0,0.0,0.0,0.0,0.0,0.0,0.0,0.0,0.0,0.0,0.0,0.0,0.0,0.0,0.0,0.0,0.0002509567885404877,0.0,0.0,0.0,0.06462087674265315,0.0,0.0,0.0,0.0,0.0,0.0,0.0,0.0,0.0,0.0,0.0,0.0,0.0,0.729825878607583,0.532809963705606,0.2971045743641997,0.20230054871137076,0.2973105822248672,0.537568651615926,1.0,0.736852649673975,0.5418874513302094,0.47019861493579823,0.7308216544086653,0.5451680303616028,0.4764058948208447,0.5430510872772787,0.5198474682200548,0.29350140823935567,0.21181744979697298,0.3047902047996174,0.40781015591752107,0.15350972636010693,0.017345184611116074,0.07140120380122346,0.42078777923226257,0.1862166068865733,0.0,0.0,0.08086119034193207,0.08029712889609285,0.0,0.0,0.3759398228637789,0.0,0.02548135894170956,0.15642579049179312,0.2499203000686268,0.24982151169249284,0.16283964363657455,0.03537979680907106,0.0,0.0,0.0,0.0,0.0,0.42476379973910094
0.19657125449566176,0.28595582134248104,0.2104080959417794,0.06187551301798237,0.002363707468982615,0.06504102623201344,0.1368639802777064,0.01380354152812486,0.0,0.0,0.10424390865018678,0.03683643450528024,0.0,0.0,0.02335333257632001,0.0,0.0,0.0,0.0,0.0,0.0,0.0,0.0,0.0,0.0,0.0,0.17123121512704104,0.0,0.05704728477454435,0.0,0.27653147659103583,0.0,0.0,0.0,0.0,0.0,0.0,0.0,0.0,0.0,0.0,0.0,0.0,0.0,0.5455508188132852,0.30535635846418935,0.09638904778703278,0.05775328436253185,0.21494341618826915,0.476604763728682,0.736852649673975,1.0,0.7348717832122137,0.5487964687038888,0.5433975613377076,0.47900158398995163,0.5523349989609248,0.7361457948206829,0.29352197940195296,0.08717880081892115,0.05936759098625405,0.2159685678334903,0.17143164026076035,0.0,0.0,0.0,0.22148541250203954,0.0002386089511691375,0.0,0.0,0.0,0.0,0.0,0.0,0.12429179522408468,0.0,0.0,0.25241304368577266,0.48595336769210856,0.48571819605979166,0.2557677773638775,0.0,0.0,0.0,0.0,0.0,0.0,0.2707807595246511
