1.0,0.7383144248504362,0.5469811826497464,0.47239193799062273,0.5435390665803478,0.7350220447998667,0.729825878607583,0.5455508188132852,0.47718420834516745,0.5420714386230909,0.5221526996328836,0.2988399500536698,0.21485550181004065,0.30488844245721186,0.4077733434737966,0.1713734469302246,0.03825235612680362,0.08378344502713563,0.38388737237387355,0.16163612490772306,0.0,0.0,0.4316423769115941,0.2492636919876339,0.06582207929810271,0.03204117208221886,0.30561789908127435,0.15802288419591998,0.07162521889148767,0.007109860248445522,0.4860142632377267,0.15869825110171654,0.2501459918825217,0.24826867299009892,0.16324286400083537,0.03456106329714813,0.0,0.0,0.0,0.0,0.0,0.0,0.0,0.3983451921010967,0.0,0.0,0.0,0.0,0.0,0.0,0.0,0.0,0.0,0.0,0.0,0.0,0.0,0.0,0.0,0.0,0.0,0.0,0.0,0.0,0.0,0.0,0.0,0.0,0.0,0.0,0.0,0.0,0.0,0.0,0.0,0.0,0.0,0.0,0.0,0.0,0.0,0.0,0.0,0.0,0.0,0.0,0.0,0.0
0.7383144248504362,1.0,0.7425867735663729,0.5485806157116394,0.483447085806102,0.5500738340641992,0.5328099637056062,0.3053563584641897,0.21893806078921607,0.3080452379938432,0.4317349765352,0.19354211361628235,0.05025475027239864,0.08935912932396352,0.4206868934633499,0.22136492895691856,0.05097102307810731,0.03274655477961414,0.43154407273926704,0.27453853697722963,0.13010741560948647,0.10333593304328037,0.41287358505812655,0.26267131025343365,0.1459891089264798,0.15249146740621342,0.5479796109671532,0.12133679336474579,0.32376604904999334,0.0,0.6868674368988573,0.2547221052930692,0.1694168604947932,0.03585341408020544,0.0,0.0,0.0,0.0,0.0,0.0,0.0,0.0,0.0,0.2903176377201631,0.0,0.0,0.0,0.0,0.0,0.0,0.0,0.0,0.0,0.0,0.0,0.0,0.0,0.0,0.0,0.0,0.0,0.0,0.0,0.0,0.0,0.0,0.0,0.0,0.0,0.0,0.0,0.0,0.0,0.0,0.0,0.0,0.0,0.0,0.0,0.0,0.0,0.0,0.0,0.0,0.0,0.0,0.0,0.0
0.5469811826497464,0.7425867735663729,1.0,0.7375031084913296,0.5546021607327095,0.48131784807552924,0.2971045743642002,0.09638904778703328,0.06677076270501424,0.2178936200700754,0.17506825254922181,0.0,0.0,0.0,0.18610009095319402,9.990190771985501e-05,0.0,0.0,0.2491191554610634,0.14580420602835198,0.0,0.0,0.2626147159846902,0.18672095141690054,0.10380178266532981,0.0857958563594484,0.7344837179366569,0.07751463735829232,0.4912103476079621,0.0,0.49269275128835194,0.4850309577190649,0.25811148076376716,0.0,0.0,0.0,0.0,0.0,0.0,0.0,0.0,0.0,0.0,0.11992740019735772,0.0,0.0,0.0,0.0,0.0,0.0,0.0,0.0,0.0,0.0,0.0,0.0,0.0,0.0,0.0,0.0,0.0,0.0,0.0,0.0,0.0,0.0,0.0,0.0,0.0,0.0,0.0,0.0,0.0,0.0,0.0,0.0,0.0,0.0,0.0,0.0,0.0,0.0,0.0,0.0,0.0,0.0,0.0,0.0
0.47239193799062273,0.5485806157116394,0.7375031084913296,1.0,0.7454823883136197,0.5489891816233629,0.2023005487113711,0.05775328436253234,0.10368070693050432,0.309062259109874,0.019918184095742687,0.0,0.0,0.0,0.0,0.0,0.0,0.0,0.06569660391705062,0.0,0.0,0.0,0.14594491505809537,0.10381878436312264,0.0,0.0,0.5430333414974454,0.06873661034120263,0.3198748896340705,0.0,0.2561455252198112,0.6862567193480358,0.49147251505285805,0.1364809979250354,0.0,0.0,0.0,0.0,0.0,0.0,0.0,0.0,0.0,0.04288448780133215,0.0,0.0,0.0,0.0,0.0,0.0,0.0,0.0,0.0,0.0,0.0,0.0,0.0,0.0,0.0,0.0,0.0,0.0,0.0,0.0,0.0,0.0,0.0,0.0,0.0,0.0,0.0,0.0,0.0,0.0,0.0,0.0,0.0,0.0,0.0,0.0,0.0,0.0,0.0,0.0,0.0,0.0,0.0,0.0
0.5435390665803478,0.483447085806102,0.5546021607327095,0.7454823883136197,1.0,0.7375423655802212,0.2973105822248674,0.21494341618826915,0.3142035413682035,0.5428881898447208,0.06690091955888117,0.0,0.0,0.0,0.0,0.0,0.0,0.0,0.03198317860594414,0.0,0.0,0.0,0.15252225383757978,0.08589739509601553,0.0,0.0,0.3120670974895288,0.09473042446116521,0.0780512093423848,0.017986337195173716,0.17053827918376524,0.4894682370663264,0.6859254596879765,0.3900447322232689,0.03785072279135846,0.0,0.0,0.0,0.0,0.0,0.0,0.0,0.0,0.10818999534896424,0.0,0.0,0.0,0.0,0.0,0.0,0.0,0.0,0.0,0.0,0.0,0.0,0.0,0.0,0.0,0.0,0.0,0.0,0.0,0.0,0.0,0.0,0.0,0.0,0.0,0.0,0.0,0.0,0.0,0.0,0.0,0.0,0.0,0.0,0.0,0.0,0.0,0.0,0.0,0.0,0.0,0.0,0.0,0.0
0.7350220447998667,0.5500738340641992,0.48131784807552924,0.5489891816233629,0.7375423655802212,1.0,0.5375686516159262,0.476604763728682,0.5524542798145917,0.7354888198881765,0.28586069311261264,0.08633461050459158,0.060578162795816105,0.2150635531802451,0.15347815289738903,0.0,0.0,0.0,0.16163738076155224,0.0,0.0,0.0,0.27464009583085647,0.1459701609848014,0.0,0.0,0.21596829758427438,0.13256606892686698,0.0,0.03641084644800688,0.2543404228930656,0.25293919642991125,0.4874653241319449,0.4848299023033795,0.25591279413394036,0.0,0.0,0.0,0.0,0.0,0.0,0.0,0.0,0.2722939450546864,0.0,0.0,0.0,0.0,0.0,0.0,0.0,0.0,0.0,0.0,0.0,0.0,0.0,0.0,0.0,0.0,0.0,0.0,0.0,0.0,0.0,0.0,0.0,0.0,0.0,0.0,0.0,0.0,0.0,0.0,0.0,0.0,0.0,0.0,0.0,0.0,0.0,0.0,0.0,0.0,0.0,0.0,0.0,0.0
0.729825878607583,0.5328099637056062,0.2971045743642002,0.2023005487113711,0.2973105822248674,0.5375686516159262,1.0,0.7368526496739751,0.5418874513302097,0.47019861493579834,0.7308216544086652,0.5451680303616028,0.47640589482084406,0.5430510872772786,0.5198474682200547,0.29350140823935567,0.2118174497969728,0.3047902047996172,0.40781015591752123,0.1535097263601071,0.017345184611115907,0.07140120380122313,0.42078777923226246,0.18621660688657363,0.0,0.0,0.08086119034193207,0.08029712889609317,0.0,0.0,0.3759398228637789,0.0,0.025481358941710053,0.1564257904917932,0.2499203000686268,0.249821511692493,0.16283964363657397,0.0353797968090704,0.0,0.0,0.0,0.0,0.0,0.42476379973910117,0.0,0.0,0.0,0.0,0.0,0.0,0.0,0.0,0.0,0.0,0.0,0.0,0.0,0.0,0.0,0.0,0.0,0.0,0.0,0.0,0.0,0.0,0.0,0.0,0.0,0.0,0.0,0.0,0.0,0.0,0.0,0.0,0.0,0.0,0.0,0.0,0.0,0.0,0.0,0.0,0.0,0.0,0.0,0.0
0.5455508188132852,0.3053563584641897,0.09638904778703328,0.05775328436253234,0.21494341618826915,0.476604763728682,0.7368526496739751,1.0,0.7348717832122139,0.5487964687038888,0.5433975613377076,0.47900158398995174,0.5523349989609241,0.7361457948206825,0.29352197940195307,0.08717880081892132,0.059367590986254215,0.21596856783349014,0.1714316402607607,0.0,0.0,0.0,0.22148541250203954,0.00023860895116963092,0.0,0.0,0.0,0.0,0.0,0.0,0.12429179522408484,0.0,0.0,0.2524130436857727,0.4859533676921084,0.48571819605979166,0.25576777736387696,0.0,0.0,0.0,0.0,0.0,0.0,0.2707807595246513,0.0,0.0,0.0,0.0,0.0,0.0,0.0,0.0,0.0,0.0,0.0,0.0,0.0,0.0,0.0,0.0,0.0,0.0,0.0,0.0,0.0,0.0,0.0,0.0,0.0,0.0,0.0,0.0,0.0,0.0,0.0,0.0,0.0,0.0,0.0,0.0,0.0,0.0,0.0,0.0,0.0,0.0,0.0,0.0
0.47718420834516745,0.21893806078921607,0.06677076270501424,0.10368070693050432,0.3142035413682035,0.5524542798145917,0.5418874513302097,0.7348717832122139,1.0,0.7479096200250278,0.29988481494011265,0.21396163996450504,0.3124255435840871,0.5431637670989141,0.07141906963362148,0.0,0.0,0.0,0.0,0.0,0.0,0.0,0.10347838179130611,0.0,0.0,0.0,0.0,0.0,0.0,0.0,0.0,0.0,0.141893213092108,0.4919265132308573,0.6858553125108432,0.39316250621416965,0.03657872507356542,0.0,0.0,0.0,0.0,0.0,0.0,0.16897776361413328,0.0,0.0,0.0,0.0,0.0,0.0,0.0,0.0,0.0,0.0,0.0,0.0,0.0,0.0,0.0,0.0,0.0,0.0,0.0,0.0,0.0,0.0,0.0,0.0,0.0,0.0,0.0,0.0,0.0,0.0,0.0,0.0,0.0,0.0,0.0,0.0,0.0,0.0,0.0,0.0,0.0,0.0,0.0,0.0
0.5420714386230909,0.3080452379938432,0.2178936200700754,0.309062259109874,0.5428881898447208,0.7354888198881765,0.47019861493579834,0.5487964687038888,0.7479096200250278,1.0,0.2024493086945182,0.05571693432302115,0.10310851466299006,0.3114714053605972,0.017344613861033323,0.0,0.0,0.0,0.0,0.0,0.0,0.0,0.13024310470184242,0.0,0.0,0.0,0.0,0.020811141798901346,0.0,0.0,0.03157069407423712,0.03311012309520693,0.3921165385305878,0.6859442900421988,0.49262018317213346,0.14238517331634828,0.0,0.0,0.0,0.0,0.0,0.0,0.0,0.17542775269634148,0.0,0.0,0.0,0.0,0.0,0.0,0.0,0.0,0.0,0.0,0.0,0.0,0.0,0.0,0.0,0.0,0.0,0.0,0.0,0.0,0.0,0.0,0.0,0.0,0.0,0.0,0.0,0.0,0.0,0.0,0.0,0.0,0.0,0.0,0.0,0.0,0.0,0.0,0.0,0.0,0.0,0.0,0.0,0.0
0.5221526996328836,0.4317349765352,0.17506825254922181,0.019918184095742687,0.06690091955888117,0.28586069311261264,0.7308216544086652,0.5433975613377076,0.29988481494011265,0.2024493086945182,1.0,0.7354295622463428,0.5421405704733738,0.47465385769487506,0.7308284863649722,0.5433926583806995,0.4746475812967261,0.5421398779481189,0.5221703305594115,0.285874000762853,0.2024506911310765,0.2998807327524879,0.4317713333950743,0.17510473162665136,0.01995492612393726,0.06692348065338109,0.012209472458271744,0.012249141269778323,0.0,0.0,0.37540606008356847,0.0,0.0,0.0,0.0313166116478059,0.16110402775411173,0.24914310758680422,0.24913978174437526,0.1610948183500245,0.031309528199853096,0.0,0.0,0.0,0.375434835798075,0.0,0.0,0.0,0.0,0.0,0.0,0.0,0.0,0.0,0.0,0.0,0.0,0.0,0.0,0.0,0.0,0.0,0.0,0.0,0.0,0.0,0.0,0.0,0.0,0.0,0.0,0.0,0.0,0.0,0.0,0.0,0.0,0.0,0.0,0.0,0.0,0.0,0.0,0.0,0.0,0.0,0.0,0.0,0.0
0.2988399500536698,0.19354211361628235,0.0,0.0,0.0,0.08633461050459158,0.5451680303616028,0.47900158398995174,0.21396163996450504,0.05571693432302115,0.7354295622463428,1.0,0.7361608133774784,0.551299446646467,0.5451821287178196,0.4790040411228803,0.55129569337008,0.7361607089717397,0.2988579988748575,0.08634430873781104,0.05571824372675358,0.21396109953147996,0.19356937036261293,0.0,0.0,0.0,0.0,0.0,0.0,0.0,0.15084684753177113,0.0,0.0,0.0,0.0,0.2546635280670755,0.4862239281590679,0.48622170532530523,0.2546562817519759,0.0,0.0,0.0,0.0,0.15086853865100425,0.0,0.0,0.0,0.0,0.0,0.0,0.0,0.0,0.0,0.0,0.0,0.0,0.0,0.0,0.0,0.0,0.0,0.0,0.0,0.0,0.0,0.0,0.0,0.016894662711042063,0.0,0.0,0.0,0.12030893433676565,0.0,0.12220186809811377,0.0,0.0,0.0,0.0,0.0,0.0,0.0,0.0,0.0,0.0,0.0,0.0,0.0,0.0
0.21485550181004065,0.05025475027239864,0.0,0.0,0.0,0.060578162795816105,0.47640589482084406,0.5523349989609241,0.3124255435840871,0.10310851466299006,0.5421405704733738,0.7361608133774784,1.0,0.7473477266865393,0.304808674930698,0.21597536806164258,0.3119624381180741,0.543504378986547,0.08381373001302048,0.0,0.0,0.0,0.032794111851407334,0.0,0.0,0.0,0.0,0.0,0.0,0.0,0.0,0.0,0.0,0.0,0.14253393101941225,0.49138175270128437,0.6858891543156787,0.39334660800858157,0.035348443274746684,0.0,0.0,0.0,0.0,0.03751273135841058,0.0,0.0,0.0,0.0,0.0,0.0,0.0,0.0,0.0,0.0,0.0,0.0,0.0,0.0,0.0,0.0,0.0,0.0,0.0,0.0,0.0,0.0,0.0,0.0,0.0,0.0,0.0,0.01599230869562871,0.0,0.07507155227774515,0.0,0.0,0.0,0.0,0.0,0.0,0.0,0.0,0.0,0.0,0.0,0.0,0.0,0.0
0.30488844245721186,0.08935912932396352,0.0,0.0,0.0,0.2150635531802451,0.5430510872772786,0.7361457948206825,0.5431637670989141,0.3114714053605972,0.47465385769487506,0.551299446646467,0.7473477266865393,1.0,0.21184456857536263,0.05938007795829939,0.10276804595965106,0.3119648437188396,0.038304905376604255,0.0,0.0,0.0,0.05105987373086071,0.0,0.0,0.0,0.0,0.0,0.0,0.0,0.0,0.0,0.0,0.03564847732505904,0.3942106650827191,0.6859161496646695,0.4914741689867376,0.14154059194215354,0.0,0.0,0.0,0.0,0.0,0.09344855821904523,0.0,0.0,0.0,0.0,0.0,0.0,0.0,0.0,0.0,0.0,0.0,0.0,0.0,0.0,0.0,0.0,0.0,0.0,0.0,0.0,0.0,0.0,0.0,0.0,0.0,0.0,0.0,0.0,0.0,0.0,0.0,0.0,0.0,0.0,0.0,0.0,0.0,0.0,0.0,0.0,0.0,0.0,0.0,0.0
0.4077733434737966,0.4206868934633499,0.18610009095319402,0.0,0.0,0.15347815289738903,0.5198474682200547,0.29352197940195307,0.07141906963362148,0.017344613861033323,0.7308284863649722,0.5451821287178196,0.304808674930698,0.21184456857536263,1.0,0.7368553203558926,0.5430596034308527,0.4764192134442127,0.72982686606383,0.5375667357536332,0.4701944941239755,0.5418870475803407,0.5328169042338796,0.29710895079883165,0.20230650607583817,0.2973101895123016,0.08015958988319732,0.08086559176497833,0.0,0.0,0.4246449261177461,0.0,0.0,0.0,0.0,0.0,0.03540098356135779,0.1628492742229509,0.24982570882333127,0.2499214055448938,0.15642373736613632,0.02547686770131236,0.0,0.37593719640254314,0.0,0.0,0.0,0.0,0.0,0.0,0.0,0.0,0.0,0.0,0.0,0.0,0.0,0.0,0.0,0.0,0.0,0.0,0.0,0.0,0.0,0.0,0.060872042974947096,0.0,0.0,0.0,0.0,0.0,0.0,0.0,0.0,0.0,0.0,0.0,0.0,0.0,0.0,0.0,0.0,0.0,0.0,0.0,0.0,0.037294864490637326
0.1713734469302246,0.22136492895691856,9.990190771985501e-05,0.0,0.0,0.0,0.29350140823935567,0.08717880081892132,0.0,0.0,0.5433926583806995,0.4790040411228803,0.21597536806164258,0.05938007795829939,0.7368553203558926,1.0,0.7361496556825561,0.552339664320665,0.5455556255651072,0.4766005853475391,0.548790279168653,0.7348688131936333,0.30536066774485227,0.0963857705500065,0.05774727101095072,0.2149338256681755,0.0,0.0,0.0,0.0,0.2706363317422635,0.0,0.0,0.0,0.0,0.0,0.0,0.2557691035160919,0.48571854325795827,0.4859515997949685,0.25240727708508953,0.0,0.0,0.12428862314672899,0.0,0.0,0.0,0.0,0.0,0.0,0.034060588912955804,0.0,0.0,0.0,0.1203117972767319,0.06430987951665844,0.0,0.0,0.14538615427422033,0.02709998411040705,0.0,0.0,0.19035830076591975,0.05311729556138456,0.0,0.0,0.2705074865393306,0.18187589573362847,0.03127319895003609,0.0,0.0,0.13720475220341477,0.0,0.018015841643664505,0.0,0.0,0.0,0.0,0.0,0.0,0.0,0.0,0.0,0.0,0.0,0.0,0.0,0.20425099699260177
0.03825235612680362,0.05097102307810731,0.0,0.0,0.0,0.0,0.2118174497969728,0.059367590986254215,0.0,0.0,0.4746475812967261,0.55129569337008,0.3119624381180741,0.10276804595965106,0.5430596034308527,0.7361496556825561,1.0,0.7473461885023976,0.30489530633125295,0.21505909199767045,0.31146531316545223,0.5431613250043172,0.08936339104889433,0.0,0.0,0.0,0.0,0.0,0.0,0.0,0.09335111867606942,0.0,0.0,0.0,0.0,0.0,0.14154112581107367,0.4914698729489417,0.6859131567644244,0.39420627513648304,0.03564065551549784,0.0,0.0,0.0,0.0,0.0,0.0,0.0,0.0,0.0,0.0,0.0,0.0,0.0,0.031006052946031266,0.0,0.0,0.0,0.09687182651040531,0.0,0.0,0.0,0.22245192106375708,0.12162082732083396,0.0,0.0,0.3517112675240706,0.3459805046320898,0.21169053734654167,0.11475517494054391,0.0,0.3326215562415247,0.0,0.22099992098880003,0.0,0.0,0.0,0.0,0.0,0.0,0.0,0.0,0.0,0.0,0.0,0.0,0.006355202889757451,0.24709177857654696
0.08378344502713563,0.03274655477961414,0.0,0.0,0.0,0.0,0.3047902047996172,0.21596856783349014,0.0,0.0,0.5421398779481189,0.7361607089717397,0.543504378986547,0.3119648437188396,0.4764192134442127,0.552339664320665,0.7473461885023976,1.0,0.21486629425194065,0.0605772548019875,0.10310394970851637,0.3124236174431237,0.05026527737977573,0.0,0.0,0.0,0.0,0.0,0.0,0.0,0.0374656954325683,0.0,0.0,0.0,0.0,0.035355313456224065,0.3933474066163189,0.6858852102715886,0.4913761769071124,0.14252865590110053,0.0,0.0,0.0,0.0,0.0,0.0,0.0,0.0,0.0,0.0,0.0,0.0,0.0,0.0,0.0,0.0,0.0,0.0,0.0,0.0,0.0,0.0,0.028351104270798864,0.0,0.0,0.0,0.2066875105878055,0.25389687344433526,0.10670436111983742,0.0,0.0,0.33484836465608375,0.0,0.298230554256175,0.0,0.0,0.0,0.0,0.0,0.0,0.0,0.0,0.0,0.0,0.0,0.0,0.0,0.1262503963929532
0.38388737237387355,0.43154407273926704,0.2491191554610634,0.06569660391705062,0.03198317860594414,0.16163738076155224,0.40781015591752123,0.1714316402607607,0.0,0.0,0.5221703305594115,0.2988579988748575,0.08381373001302048,0.038304905376604255,0.72982686606383,0.5455556255651072,0.30489530633125295,0.21486629425194065,1.0,0.7350235246443436,0.5420724020279349,0.4771889904852271,0.7383164086407134,0.5469837091969094,0.47239740671435754,0.5435402608410623,0.15783666742893976,0.3056191053661221,0.006900802568337192,0.07162693195219741,0.3982205129996267,0.0,0.0,0.0,0.0,0.0,0.0,0.0,0.034562766337465294,0.16324872758532213,0.24827105785811038,0.25014467457542433,0.15870276299704794,0.4860083808424128,0.0,0.0,0.0,0.0,0.0,0.0,0.0,0.006235890883432982,0.0,0.0,0.009743512667475631,0.060172965390334815,0.10641904601562323,0.09704621896014463,0.0,0.0,0.0,0.0,0.0,0.0,0.0,0.0,0.0,0.0,0.0,0.0,0.0,0.0,0.0,0.0,0.0,0.0,0.0,0.0,0.0,0.0,0.0,0.0,0.0,0.0,0.0,0.0,0.0,0.0
0.16163612490772306,0.27453853697722963,0.14580420602835198,0.0,0.0,0.0,0.1535097263601071,0.0,0.0,0.0,0.285874000762853,0.08634430873781104,0.0,0.0,0.5375667357536332,0.4766005853475391,0.21505909199767045,0.0605772548019875,0.7350235246443436,1.0,0.7354859311427414,0.5524511656975368,0.5500732614043791,0.4813188558002577,0.5489905774170482,0.7375414125904681,0.1323287224466184,0.21596743310706076,0.03612791723570586,0.0,0.27215747678508195,0.0,0.0,0.0,0.0,0.0,0.0,0.0,0.0,0.25591025765596814,0.48482899735149243,0.4874610947584693,0.25293939854366826,0.2543356033948431,0.0,0.0,0.0,0.0,0.0,0.0,0.023477841290522983,0.06267942356485633,0.0,0.0,0.14393289199014433,0.24314608749942943,0.26788463515386235,0.18933683161581089,0.06799827419654586,0.009642135928658693,0.05923112420573598,0.18833823094714533,0.0,0.0,0.0,0.0,0.0,0.0,0.0,0.0,0.0,0.0,0.0,0.0,0.0,0.0,0.0,0.0,0.0,0.018507743496002413,0.14933861297437143,0.05274180566035343,0.0,0.0,0.0,0.0,0.0,0.0
0.0,0.13010741560948647,0.0,0.0,0.0,0.0,0.017345184611115907,0.0,0.0,0.0,0.2024506911310765,0.05571824372675358,0.0,0.0,0.4701944941239755,0.548790279168653,0.31146531316545223,0.10310394970851637,0.5420724020279349,0.7354859311427414,1.0,0.7479064627605436,0.30804312022843267,0.21788950317898167,0.30905580541245947,0.5428807480560027,0.020541925450784083,0.0,0.0,0.0,0.17525651082996213,0.0,0.0,0.0,0.0,0.0,0.0,0.0,0.1423744207519221,0.4926189883298468,0.6859459663335704,0.39210381114163073,0.03310125201765998,0.031563213761696865,0.0,0.0,0.0,0.0,0.0,0.0,0.10303977791847703,0.06937547854174712,0.0,0.0,0.2752766367349484,0.3418610105755906,0.2717479745556114,0.15400333417695392,0.2652099393328884,0.2351991976214134,0.2572467232382417,0.3269083271310455,0.16851988051528297,0.017323802415773696,0.0,0.071631735789726,0.12789268873132462,0.0,0.0,0.0,0.0,0.0,0.0,0.0,0.0,0.0,0.0,0.0,0.0,0.0,0.11938467706819014,0.1503595566727386,0.032020531968885164,0.0,0.0,0.0,0.0,0.0637811666014104
0.0,0.10333593304328037,0.0,0.0,0.0,0.0,0.07140120380122313,0.0,0.0,0.0,0.2998807327524879,0.21396109953147996,0.0,0.0,0.5418870475803407,0.7348688131936333,0.5431613250043172,0.3124236174431237,0.4771889904852271,0.5524511656975368,0.7479064627605436,1.0,0.21893978034397688,0.06676594014137462,0.10367163109047896,0.31419268837426295,0.0,0.0,0.0,0.0,0.1688032817808986,0.0,0.0,0.0,0.0,0.0,0.0,0.03657277130652785,0.3931572217272404,0.6858564062649879,0.4919224739200778,0.14187476612114028,0.0,0.0,0.0,0.0,0.0,0.0,0.0,0.0,0.11990677000570577,0.04450085466346238,0.0,0.0,0.27199777914235557,0.24783744557428755,0.1387772908874146,0.060712594771063555,0.32046113491696954,0.2514084797151929,0.18831238041642273,0.20326185951990555,0.3074343876563068,0.17620577961894476,0.08761153420743148,0.12872427849427492,0.2996943843368169,0.15512699209414083,0.03152487621714622,0.04467744662768994,0.0,0.03849509460540223,0.0,0.0,0.0,0.0,0.0,0.0,0.0,0.0,0.0,0.0,0.0,0.0,0.0,0.0,0.0,0.20686739189379777
0.4316423769115941,0.41287358505812655,0.2626147159846902,0.14594491505809537,0.15252225383757978,0.27464009583085647,0.42078777923226246,0.22148541250203954,0.10347838179130611,0.13024310470184242,0.4317713333950743,0.19356937036261293,0.032794111851407334,0.05105987373086071,0.5328169042338796,0.30536066774485227,0.08936339104889433,0.05026527737977573,0.7383164086407134,0.5500732614043791,0.30804312022843267,0.21893978034397688,1.0,0.742583604935351,0.5485805283725914,0.48344340800681024,0.12123634302586618,0.5479773816438815,0.0,0.3237646686880203,0.2902914694082218,0.0,0.0,0.0,0.0,0.0,0.0,0.0,0.0,0.0,0.035851718482893175,0.16941206193863698,0.2547214905593687,0.6868670611565404,0.0,0.0,0.0,0.0,0.0,0.0,0.0,0.0,0.0,0.0,0.0,0.0,0.025186224897179567,0.053748716748373615,0.0,0.0,0.0,0.0,0.0,0.0,0.0,0.0,0.0,0.0,0.0,0.0,0.0,0.0,0.0,0.0,0.0,0.0,0.0,0.0,0.0,0.0,0.0,0.0,0.0,0.0,0.0,0.0,0.0,0.0
0.2492636919876339,0.26267131025343365,0.18672095141690054,0.10381878436312264,0.08589739509601553,0.1459701609848014,0.18621660688657363,0.00023860895116963092,0.0,0.0,0.17510473162665136,0.0,0.0,0.0,0.29710895079883165,0.0963857705500065,0.0,0.0,0.5469837091969094,0.4813188558002577,0.21788950317898167,0.06676594014137462,0.742583604935351,1.0,0.737506365353746,0.5546019401975477,0.07745479915368866,0.7344811903383828,0.0,0.49120858727674194,0.11994273803645725,0.0,0.0,0.0,0.0,0.0,0.0,0.0,0.0,0.0,0.0,0.25811125242778366,0.4850343310465641,0.4926935885089597,0.0,0.0,0.0,0.0,0.0,0.0,0.0,0.0,0.0,0.0,0.0,0.0,0.06338389470877018,0.07457207230168808,0.0,0.0,0.0,0.0,0.0,0.0,0.0,0.0,0.0,0.0,0.0,0.0,0.0,0.0,0.0,0.0,0.0,0.0,0.0,0.0,0.0,0.023002717092247507,0.0,0.0,0.0,0.0,0.0,0.0,0.0,0.0
0.06582207929810271,0.1459891089264798,0.10380178266532981,0.0,0.0,0.0,0.0,0.0,0.0,0.0,0.01995492612393726,0.0,0.0,0.0,0.20230650607583817,0.05774727101095072,0.0,0.0,0.47239740671435754,0.5489905774170482,0.30905580541245947,0.10367163109047896,0.5485805283725914,0.737506365353746,1.0,0.7454817401386564,0.06864798472902107,0.5430314677968112,0.0,0.31987324358364444,0.04288759050454996,0.0,0.0,0.0,0.0,0.0,0.0,0.0,0.0,0.0,0.13647305939702564,0.49147091030888557,0.6862556810478414,0.2561480479165389,0.0,0.0,0.0,0.0,0.0,0.0,0.0,0.0,0.0,0.0,0.0,0.050847695401962795,0.1967790754936629,0.1437158336177882,0.0,0.0,0.0,0.0,0.0,0.0,0.0,0.0,0.0,0.0,0.0,0.0,0.0,0.0,0.0,0.0,0.0,0.0,0.0,0.0,0.0,0.07098029253536152,0.1695518954119934,0.0,0.0,0.0,0.0,0.0,0.0,0.0
0.03204117208221886,0.15249146740621342,0.0857958563594484,0.0,0.0,0.0,0.0,0.0,0.0,0.0,0.06692348065338109,0.0,0.0,0.0,0.2973101895123016,0.2149338256681755,0.0,0.0,0.5435402608410623,0.7375414125904681,0.5428807480560027,0.31419268837426295,0.48344340800681024,0.5546019401975477,0.7454817401386564,1.0,0.09454886294987919,0.3120638579276093,0.017742943049275556,0.07804866265745519,0.10812481910533793,0.0,0.0,0.0,0.0,0.0,0.0,0.0,0.0,0.03783770463294498,0.39003743865192886,0.6859243931231254,0.4894677521736263,0.17053396287179837,0.0,0.0,0.0,0.0,0.0,0.0,0.0,0.016630928283150378,0.0,0.0,0.05952846784673687,0.22659546428118293,0.3113342394794553,0.2059709286377597,0.0,0.0,0.02327222322482441,0.19699189157421035,0.0,0.0,0.0,0.0,0.0,0.0,0.0,0.0,0.0,0.0,0.0,0.0,0.0,0.0,0.0,0.0,0.0,0.07165967219943879,0.26308067329571594,0.12315108645678471,0.0,0.0,0.0,0.0,0.0,0.0
0.30561789908127435,0.5479796109671532,0.7344837179366569,0.5430333414974454,0.3120670974895288,0.21596829758427438,0.08086119034193207,0.0,0.0,0.0,0.012209472458271744,0.0,0.0,0.0,0.08015958988319732,0.0,0.0,0.0,0.15783666742893976,0.1323287224466184,0.020541925450784083,0.0,0.12123634302586618,0.07745479915368866,0.06864798472902107,0.09454886294987919,1.0,0.0,0.756725043163015,0.0,0.39975108413415694,0.3893237706275028,0.035502688799762094,0.0,0.0,0.0,0.0,0.0,0.0,0.0,0.0,0.0,0.0,0.0,0.0,0.0,0.0,0.0,0.0,0.0,0.0,0.0,0.0,0.0,0.0,0.0,0.0,0.0,0.0,0.0,0.0,0.0,0.0,0.0,0.0,0.0,0.0,0.0,0.0,0.0,0.0,0.0,0.0,0.0,0.0,0.0,0.0,0.0,0.0,0.0,0.0,0.0,0.0,0.0,0.0,0.0,0.0,0.0
0.15802288419591998,0.12133679336474579,0.07751463735829232,0.06873661034120263,0.09473042446116521,0.13256606892686698,0.08029712889609317,0.0,0.0,0.020811141798901346,0.012249141269778323,0.0,0.0,0.0,0.08086559176497833,0.0,0.0,0.0,0.3056191053661221,0.21596743310706076,0.0,0.0,0.5479773816438815,0.7344811903383828,0.5430314677968112,0.3120638579276093,0.0,1.0,0.0,0.756725790062603,0.0,0.0,0.0,0.0,0.0,0.0,0.0,0.0,0.0,0.0,0.0,0.035499874446100865,0.3893229582719347,0.39975737688304064,0.0,0.0,0.0,0.0,0.0,0.0,0.0,0.0,0.0,0.0,0.0,0.0,0.0,0.0,0.0,0.0,0.0,0.0,0.0,0.0,0.0,0.0,0.0,0.0,0.0,0.0,0.0,0.0,0.0,0.0,0.0,0.0,0.0,0.0,0.0,0.0,0.0,0.0,0.0,0.0,0.0,0.0,0.0,0.0
0.07162521889148767,0.32376604904999334,0.4912103476079621,0.3198748896340705,0.0780512093423848,0.0,0.0,0.0,0.0,0.0,0.0,0.0,0.0,0.0,0.0,0.0,0.0,0.0,0.006900802568337192,0.03612791723570586,0.0,0.0,0.0,0.0,0.0,0.017742943049275556,0.756725043163015,0.0,1.0,0.0,0.23312619251348035,0.22326055380808046,0.0,0.0,0.0,0.0,0.0,0.0,0.0,0.0,0.0,0.0,0.0,0.0,0.0,0.0,0.0,0.0,0.0,0.0,0.0,0.0,0.0,0.0,0.0,0.0,0.0,0.0,0.0,0.0,0.0,0.0,0.0,0.0,0.0,0.0,0.0,0.0,0.0,0.0,0.0,0.0,0.0,0.0,0.0,0.0,0.0,0.0,0.0,0.0,0.0,0.0,0.0,0.0,0.0,0.0,0.0,0.0
0.007109860248445522,0.0,0.0,0.0,0.017986337195173716,0.03641084644800688,0.0,0.0,0.0,0.0,0.0,0.0,0.0,0.0,0.0,0.0,0.0,0.0,0.07162693195219741,0.0,0.0,0.0,0.3237646686880203,0.49120858727674194,0.31987324358364444,0.07804866265745519,0.0,0.756725790062603,0.0,1.0,0.0,0.0,0.0,0.0,0.0,0.0,0.0,0.0,0.0,0.0,0.0,0.0,0.22325968479302952,0.23313428155612617,0.0,0.0,0.0,0.0,0.0,0.0,0.0,0.0,0.0,0.0,0.0,0.0,0.0,0.0,0.0,0.0,0.0,0.0,0.0,0.0,0.0,0.0,0.0,0.0,0.0,0.0,0.0,0.0,0.0,0.0,0.0,0.0,0.0,0.0,0.0,0.0,0.0,0.0,0.0,0.0,0.0,0.0,0.0,0.0
0.4860142632377267,0.6868674368988573,0.49269275128835194,0.2561455252198112,0.17053827918376524,0.2543404228930656,0.3759398228637789,0.12429179522408484,0.0,0.03157069407423712,0.37540606008356847,0.15084684753177113,0.0,0.0,0.4246449261177461,0.2706363317422635,0.09335111867606942,0.0374656954325683,0.3982205129996267,0.27215747678508195,0.17525651082996213,0.1688032817808986,0.2902914694082218,0.11994273803645725,0.04288759050454996,0.10812481910533793,0.39975108413415694,0.0,0.23312619251348035,0.0,1.0,0.0,0.0,0.0,0.0,0.0,0.0,0.0,0.0,0.0,0.0,0.0,0.0,0.16705467458522796,0.0,0.0,0.0,0.0,0.0,0.0,0.0,0.0,0.0,0.0,0.0,0.0,0.0,0.0,0.0,0.0,0.0,0.0,0.0,0.0,0.0,0.0,0.0,0.0,0.0,0.0,0.0,0.0,0.0,0.0,0.0,0.0,0.0,0.0,0.0,0.0,0.0,0.0,0.0,0.0,0.0,0.0,0.0,0.0
0.15869825110171654,0.2547221052930692,0.4850309577190649,0.6862567193480358,0.4894682370663264,0.25293919642991125,0.0,0.0,0.0,0.03311012309520693,0.0,0.0,0.0,0.0,0.0,0.0,0.0,0.0,0.0,0.0,0.0,0.0,0.0,0.0,0.0,0.0,0.3893237706275028,0.0,0.22326055380808046,0.0,0.0,1.0,0.40669210619900775,0.0,0.0,0.0,0.0,0.0,0.0,0.0,0.0,0.0,0.0,0.0,0.0,0.0,0.0,0.0,0.0,0.0,0.0,0.0,0.0,0.0,0.0,0.0,0.0,0.0,0.0,0.0,0.0,0.0,0.0,0.0,0.0,0.0,0.0,0.0,0.0,0.0,0.0,0.0,0.0,0.0,0.0,0.0,0.0,0.0,0.0,0.0,0.0,0.0,0.0,0.0,0.0,0.0,0.0,0.0
0.2501459918825217,0.1694168604947932,0.25811148076376716,0.49147251505285805,0.6859254596879765,0.4874653241319449,0.025481358941710053,0.0,0.141893213092108,0.3921165385305878,0.0,0.0,0.0,0.0,0.0,0.0,0.0,0.0,0.0,0.0,0.0,0.0,0.0,0.0,0.0,0.0,0.035502688799762094,0.0,0.0,0.0,0.0,0.40669210619900775,1.0,0.41913549078929063,0.0,0.0,0.0,0.0,0.0,0.0,0.0,0.0,0.0,0.0,0.0,0.0,0.0,0.0,0.0,0.0,0.0,0.0,0.0,0.0,0.0,0.0,0.0,0.0,0.0,0.0,0.0,0.0,0.0,0.0,0.0,0.0,0.0,0.0,0.0,0.0,0.0,0.0,0.0,0.0,0.0,0.0,0.0,0.0,0.0,0.0,0.0,0.0,0.0,0.0,0.0,0.0,0.0,0.0
0.24826867299009892,0.03585341408020544,0.0,0.1364809979250354,0.3900447322232689,0.4848299023033795,0.1564257904917932,0.2524130436857727,0.4919265132308573,0.6859442900421988,0.0,0.0,0.0,0.03564847732505904,0.0,0.0,0.0,0.0,0.0,0.0,0.0,0.0,0.0,0.0,0.0,0.0,0.0,0.0,0.0,0.0,0.0,0.0,0.41913549078929063,1.0,0.40867876874992415,0.0,0.0,0.0,0.0,0.0,0.0,0.0,0.0,0.0,0.0,0.0,0.0,0.0,0.0,0.0,0.0,0.0,0.0,0.0,0.0,0.0,0.0,0.0,0.0,0.0,0.0,0.0,0.0,0.0,0.0,0.0,0.0,0.0,0.0,0.0,0.0,0.0,0.0,0.0,0.0,0.0,0.0,0.0,0.0,0.0,0.0,0.0,0.0,0.0,0.0,0.0,0.0,0.0
0.16324286400083537,0.0,0.0,0.0,0.03785072279135846,0.25591279413394036,0.2499203000686268,0.4859533676921084,0.6858553125108432,0.49262018317213346,0.0313166116478059,0.0,0.14253393101941225,0.3942106650827191,0.0,0.0,0.0,0.0,0.0,0.0,0.0,0.0,0.0,0.0,0.0,0.0,0.0,0.0,0.0,0.0,0.0,0.0,0.0,0.40867876874992415,1.0,0.4256441382452502,0.0,0.0,0.0,0.0,0.0,0.0,0.0,0.0,0.0,0.0,0.0,0.0,0.0,0.0,0.0,0.0,0.0,0.0,0.0,0.0,0.0,0.0,0.0,0.0,0.0,0.0,0.0,0.0,0.0,0.0,0.0,0.0,0.0,0.0,0.0,0.0,0.0,0.0,0.0,0.0,0.0,0.0,0.0,0.0,0.0,0.0,0.0,0.0,0.0,0.0,0.0,0.0
0.03456106329714813,0.0,0.0,0.0,0.0,0.0,0.249821511692493,0.48571819605979166,0.39316250621416965,0.14238517331634828,0.16110402775411173,0.2546635280670755,0.49138175270128437,0.6859161496646695,0.0,0.0,0.0,0.035355313456224065,0.0,0.0,0.0,0.0,0.0,0.0,0.0,0.0,0.0,0.0,0.0,0.0,0.0,0.0,0.0,0.0,0.4256441382452502,1.0,0.4065331095147608,0.0,0.0,0.0,0.0,0.0,0.0,0.0,0.0,0.0,0.0,0.0,0.0,0.0,0.0,0.0,0.0,0.0,0.0,0.0,0.0,0.0,0.0,0.0,0.0,0.0,0.0,0.0,0.0,0.0,0.0,0.0,0.0,0.0,0.0,0.0,0.0,0.0,0.0,0.0,0.0,0.0,0.0,0.0,0.0,0.0,0.0,0.0,0.0,0.0,0.0,0.0
0.0,0.0,0.0,0.0,0.0,0.0,0.16283964363657397,0.25576777736387696,0.03657872507356542,0.0,0.24914310758680422,0.4862239281590679,0.6858891543156787,0.4914741689867376,0.03540098356135779,0.0,0.14154112581107367,0.3933474066163189,0.0,0.0,0.0,0.0,0.0,0.0,0.0,0.0,0.0,0.0,0.0,0.0,0.0,0.0,0.0,0.0,0.0,0.4065331095147608,1.0,0.4240486124095968,0.0,0.0,0.0,0.0,0.0,0.0,0.0,0.0,0.0,0.0,0.0,0.0,0.0,0.0,0.0,0.0,0.0,0.0,0.0,0.0,0.0,0.0,0.0,0.0,0.0,0.0,0.0,0.0,0.0,0.0,0.0,0.0,0.0,0.0,0.0,0.08046708501326201,0.0,0.0,0.0,0.0,0.0,0.0,0.0,0.0,0.0,0.0,0.0,0.0,0.0,0.0
0.0,0.0,0.0,0.0,0.0,0.0,0.0353797968090704,0.0,0.0,0.0,0.24913978174437526,0.48622170532530523,0.39334660800858157,0.14154059194215354,0.1628492742229509,0.2557691035160919,0.4914698729489417,0.6858852102715886,0.0,0.0,0.0,0.03657277130652785,0.0,0.0,0.0,0.0,0.0,0.0,0.0,0.0,0.0,0.0,0.0,0.0,0.0,0.0,0.4240486124095968,1.0,0.40652364491839693,0.0,0.0,0.0,0.0,0.0,0.0,0.0,0.0,0.0,0.0,0.0,0.0,0.0,0.0,0.0,0.0,0.0,0.0,0.0,0.0,0.0,0.0,0.0,0.0,0.0,0.0,0.0,0.0892842081667366,0.2317699805066435,0.07197723092021942,0.0,0.0,0.39318394610994495,0.0,0.3874935017205959,0.0,0.0,0.0,0.0,0.0,0.0,0.0,0.0,0.0,0.0,0.0,0.0,0.0,0.0
0.0,0.0,0.0,0.0,0.0,0.0,0.0,0.0,0.0,0.0,0.1610948183500245,0.2546562817519759,0.035348443274746684,0.0,0.24982570882333127,0.48571854325795827,0.6859131567644244,0.4913761769071124,0.034562766337465294,0.0,0.1423744207519221,0.3931572217272404,0.0,0.0,0.0,0.0,0.0,0.0,0.0,0.0,0.0,0.0,0.0,0.0,0.0,0.0,0.0,0.40652364491839693,1.0,0.4256356476333741,0.0,0.0,0.0,0.0,0.0,0.0,0.0,0.0,0.0,0.0,0.0,0.0,0.0,0.0,0.0,0.0,0.0,0.0,0.0928086037404535,0.0,0.0,0.0,0.30627964543781755,0.23179400305324763,0.0,0.0,0.44316075621100975,0.47192391581299165,0.3556932126653041,0.24993685822089565,0.0,0.38013194019382646,0.0,0.17853941303531293,0.0,0.0,0.0,0.0,0.0,0.0,0.0,0.0,0.0,0.0,0.0,0.0,0.08278454602385146,0.22883349112252258
0.0,0.0,0.0,0.0,0.0,0.0,0.0,0.0,0.0,0.0,0.031309528199853096,0.0,0.0,0.0,0.2499214055448938,0.4859515997949685,0.39420627513648304,0.14252865590110053,0.16324872758532213,0.25591025765596814,0.4926189883298468,0.6858564062649879,0.0,0.0,0.0,0.03783770463294498,0.0,0.0,0.0,0.0,0.0,0.0,0.0,0.0,0.0,0.0,0.0,0.0,0.4256356476333741,1.0,0.40867270164894814,0.0,0.0,0.0,0.0,0.0,0.0,0.0,0.0,0.0,0.008683415014249522,0.0,0.0,0.0,0.23820322008188866,0.1581898866842764,0.0,0.0,0.39472236093636853,0.3381135978770925,0.19742497336836679,0.13743888525045736,0.41887953002156275,0.3073772331537638,0.21092112806531021,0.23681087625720823,0.3474774175388737,0.17380205916943683,0.06997824590948279,0.13222725712372754,0.0,0.0,0.0,0.0,0.0,0.0,0.0,0.0,0.0,0.0,0.0,0.0,0.0,0.0,0.0,0.0,0.0,0.1539870655139477
0.0,0.0,0.0,0.0,0.0,0.0,0.0,0.0,0.0,0.0,0.0,0.0,0.0,0.0,0.15642373736613632,0.25240727708508953,0.03564065551549784,0.0,0.24827105785811038,0.48482899735149243,0.6859459663335704,0.4919224739200778,0.035851718482893175,0.0,0.13647305939702564,0.39003743865192886,0.0,0.0,0.0,0.0,0.0,0.0,0.0,0.0,0.0,0.0,0.0,0.0,0.0,0.40867270164894814,1.0,0.4191165116024057,0.0,0.0,0.0,0.0,0.0,0.0,0.0,0.0,0.0,0.0,0.0,0.0,0.23990808565346203,0.3817407110792873,0.24837159640250644,0.028109744706827977,0.24558706221489,0.2887337948804701,0.38282125805779343,0.4570500585307244,0.06009795069370994,0.0,0.0,0.07614358520984127,0.0,0.0,0.0,0.0,0.0,0.0,0.0,0.0,0.0,0.0,0.0,0.0,0.0,0.0,0.08200883134128777,0.2522500853384738,0.12382525322555707,0.0,0.0,0.0,0.0,0.0
0.0,0.0,0.0,0.0,0.0,0.0,0.0,0.0,0.0,0.0,0.0,0.0,0.0,0.0,0.02547686770131236,0.0,0.0,0.0,0.25014467457542433,0.4874610947584693,0.39210381114163073,0.14187476612114028,0.16941206193863698,0.25811125242778366,0.49147091030888557,0.6859243931231254,0.0,0.035499874446100865,0.0,0.0,0.0,0.0,0.0,0.0,0.0,0.0,0.0,0.0,0.0,0.0,0.4191165116024057,1.0,0.4066915881974641,0.0,0.0,0.0,0.0,0.0,0.0,0.0,0.0,0.0,0.0,0.0,0.0,0.22127615728849784,0.3010602771204974,0.09220707807509236,0.0,0.0,0.0313540605184529,0.25765655897791273,0.0,0.0,0.0,0.0,0.0,0.0,0.0,0.0,0.0,0.0,0.0,0.0,0.0,0.0,0.0,0.0,0.0,0.0,0.2827550379856962,0.20903845252595132,0.0,0.0,0.0,0.0,0.0,0.0
0.0,0.0,0.0,0.0,0.0,0.0,0.0,0.0,0.0,0.0,0.0,0.0,0.0,0.0,0.0,0.0,0.0,0.0,0.15870276299704794,0.25293939854366826,0.03310125201765998,0.0,0.2547214905593687,0.4850343310465641,0.6862556810478414,0.4894677521736263,0.0,0.3893229582719347,0.0,0.22325968479302952,0.0,0.0,0.0,0.0,0.0,0.0,0.0,0.0,0.0,0.0,0.0,0.4066915881974641,1.0,0.0,0.0,0.0,0.0,0.0,0.0,0.0,0.0,0.0,0.0,0.0,0.0,0.0,0.03370729544359234,0.0,0.0,0.0,0.0,0.0,0.0,0.0,0.0,0.0,0.0,0.0,0.0,0.0,0.0,0.0,0.0,0.0,0.0,0.0,0.0,0.0,0.0,0.0,0.05074625012819639,0.0,0.0,0.0,0.0,0.0,0.0,0.0
0.3983451921010967,0.2903176377201631,0.11992740019735772,0.04288448780133215,0.10818999534896424,0.2722939450546864,0.42476379973910117,0.2707807595246513,0.16897776361413328,0.17542775269634148,0.375434835798075,0.15086853865100425,0.03751273135841058,0.09344855821904523,0.37593719640254314,0.12428862314672899,0.0,0.0,0.4860083808424128,0.2543356033948431,0.031563213761696865,0.0,0.6868670611565404,0.4926935885089597,0.2561480479165389,0.17053396287179837,0.0,0.39975737688304064,0.0,0.23313428155612617,0.16705467458522796,0.0,0.0,0.0,0.0,0.0,0.0,0.0,0.0,0.0,0.0,0.0,0.0,1.0,0.0,0.0,0.0,0.0,0.0,0.0,0.0,0.0,0.0,0.0,0.0,0.0,0.0,0.0,0.0,0.0,0.0,0.0,0.0,0.0,0.0,0.0,0.0,0.0,0.0,0.0,0.0,0.0,0.0,0.0,0.0,0.0,0.0,0.0,0.0,0.0,0.0,0.0,0.0,0.0,0.0,0.0,0.0,0.0
0.0,0.0,0.0,0.0,0.0,0.0,0.0,0.0,0.0,0.0,0.0,0.0,0.0,0.0,0.0,0.0,0.0,0.0,0.0,0.0,0.0,0.0,0.0,0.0,0.0,0.0,0.0,0.0,0.0,0.0,0.0,0.0,0.0,0.0,0.0,0.0,0.0,0.0,0.0,0.0,0.0,0.0,0.0,0.0,1.0,0.738314424850436,0.546981182649746,0.4723919379906222,0.5435390665803476,0.7350220447998665,0.7298258786075827,0.5455508188132852,0.47718420834516756,0.542071438623091,0.5221526996328836,0.2988399500536698,0.21485550181004112,0.3048884424572123,0.40777334347379657,0.1713734469302246,0.03825235612680395,0.08378344502713563,0.3838873723738734,0.16163612490772275,0.0,0.0,0.4316423769115943,0.24926369198763357,0.0658220792981024,0.0320411720822187,0.3056178990812743,0.15802288419591998,0.07162521889148767,0.007109860248445686,0.4860142632377267,0.15869825110171637,0.2501459918825212,0.24826867299009892,0.16324286400083537,0.03456106329714813,0.0,0.0,0.0,0.0,0.0,0.0,0.0,0.39834519210109703
0.0,0.0,0.0,0.0,0.0,0.0,0.0,0.0,0.0,0.0,0.0,0.0,0.0,0.0,0.0,0.0,0.0,0.0,0.0,0.0,0.0,0.0,0.0,0.0,0.0,0.0,0.0,0.0,0.0,0.0,0.0,0.0,0.0,0.0,0.0,0.0,0.0,0.0,0.0,0.0,0.0,0.0,0.0,0.0,0.738314424850436,1.0,0.7425867735663728,0.5485806157116393,0.48344708580610235,0.5500738340641991,0.5328099637056058,0.30535635846418924,0.2189380607892159,0.3080452379938432,0.4317349765351996,0.193542113616282,0.05025475027239864,0.08935912932396319,0.4206868934633497,0.2213649289569184,0.05097102307810747,0.03274655477961365,0.4315440727392669,0.27453853697722963,0.13010741560948694,0.10333593304328004,0.41287358505812727,0.2626713102534338,0.14598910892647995,0.15249146740621358,0.5479796109671534,0.12133679336474644,0.32376604904999373,0.0,0.686867436898857,0.2547221052930696,0.1694168604947932,0.035853414080205606,0.0,0.0,0.0,0.0,0.0,0.0,0.0,0.0,0.0,0.29031763772016367
0.0,0.0,0.0,0.0,0.0,0.0,0.0,0.0,0.0,0.0,0.0,0.0,0.0,0.0,0.0,0.0,0.0,0.0,0.0,0.0,0.0,0.0,0.0,0.0,0.0,0.0,0.0,0.0,0.0,0.0,0.0,0.0,0.0,0.0,0.0,0.0,0.0,0.0,0.0,0.0,0.0,0.0,0.0,0.0,0.546981182649746,0.7425867735663728,1.0,0.7375031084913294,0.5546021607327095,0.4813178480755288,0.2971045743641997,0.09638904778703278,0.06677076270501424,0.21789362007007507,0.17506825254922131,0.0,0.0,0.0,0.18610009095319385,9.990190771969054e-05,0.0,0.0,0.24911915546106322,0.14580420602835198,0.0,0.0,0.2626147159846908,0.18672095141690054,0.10380178266532998,0.08579585635944857,0.734483717936657,0.07751463735829281,0.4912103476079625,0.0,0.4926927512883516,0.4850309577190651,0.2581114807637671,0.0,0.0,0.0,0.0,0.0,0.0,0.0,0.0,0.0,0.0,0.11992740019735822
0.0,0.0,0.0,0.0,0.0,0.0,0.0,0.0,0.0,0.0,0.0,0.0,0.0,0.0,0.0,0.0,0.0,0.0,0.0,0.0,0.0,0.0,0.0,0.0,0.0,0.0,0.0,0.0,0.0,0.0,0.0,0.0,0.0,0.0,0.0,0.0,0.0,0.0,0.0,0.0,0.0,0.0,0.0,0.0,0.4723919379906222,0.5485806157116393,0.7375031084913294,1.0,0.7454823883136196,0.5489891816233624,0.20230054871137043,0.05775328436253169,0.10368070693050399,0.3090622591098735,0.01991818409574219,0.0,0.0,0.0,0.0,0.0,0.0,0.0,0.0656966039170503,0.0,0.0,0.0,0.14594491505809554,0.10381878436312247,0.0,0.0,0.5430333414974451,0.06873661034120294,0.31987488963407057,0.0,0.2561455252198107,0.6862567193480361,0.49147251505285816,0.1364809979250354,0.0,0.0,0.0,0.0,0.0,0.0,0.0,0.0,0.0,0.04288448780133232
0.0,0.0,0.0,0.0,0.0,0.0,0.0,0.0,0.0,0.0,0.0,0.0,0.0,0.0,0.0,0.0,0.0,0.0,0.0,0.0,0.0,0.0,0.0,0.0,0.0,0.0,0.0,0.0,0.0,0.0,0.0,0.0,0.0,0.0,0.0,0.0,0.0,0.0,0.0,0.0,0.0,0.0,0.0,0.0,0.5435390665803476,0.48344708580610235,0.5546021607327095,0.7454823883136196,1.0,0.7375423655802209,0.29731058222486706,0.21494341618826898,0.31420354136820355,0.5428881898447204,0.066900919558881,0.0,0.0,0.0,0.0,0.0,0.0,0.0,0.03198317860594431,0.0,0.0,0.0,0.15252225383758045,0.08589739509601553,0.0,0.0,0.31206709748952877,0.09473042446116571,0.07805120934238512,0.017986337195174538,0.17053827918376524,0.4894682370663264,0.6859254596879762,0.3900447322232689,0.0378507227913583,0.0,0.0,0.0,0.0,0.0,0.0,0.0,0.0,0.10818999534896491
0.0,0.0,0.0,0.0,0.0,0.0,0.0,0.0,0.0,0.0,0.0,0.0,0.0,0.0,0.0,0.0,0.0,0.0,0.0,0.0,0.0,0.0,0.0,0.0,0.0,0.0,0.0,0.0,0.0,0.0,0.0,0.0,0.0,0.0,0.0,0.0,0.0,0.0,0.0,0.0,0.0,0.0,0.0,0.0,0.7350220447998665,0.5500738340641991,0.4813178480755288,0.5489891816233624,0.7375423655802209,1.0,0.5375686516159258,0.4766047637286819,0.552454279814592,0.7354888198881767,0.2858606931126126,0.08633461050459158,0.060578162795816765,0.2150635531802456,0.15347815289738886,0.0,0.0,0.0,0.1616373807615519,0.0,0.0,0.0,0.27464009583085663,0.14597016098480076,0.0,0.0,0.21596829758427405,0.13256606892686698,0.0,0.03641084644800721,0.2543404228930654,0.25293919642991103,0.4874653241319444,0.48482990230337975,0.2559127941339404,0.0,0.0,0.0,0.0,0.0,0.0,0.0,0.0,0.2722939450546867
0.0,0.0,0.0,0.0,0.0,0.0,0.0,0.0,0.0,0.0,0.0,0.0,0.0,0.0,0.0,0.034060588912955804,0.0,0.0,0.0,0.023477841290522983,0.10303977791847703,0.11990677000570577,0.0,0.0,0.0,0.0,0.0,0.0,0.0,0.0,0.0,0.0,0.0,0.0,0.0,0.0,0.0,0.0,0.0,0.008683415014249522,0.0,0.0,0.0,0.0,0.7298258786075827,0.5328099637056058,0.2971045743641997,0.20230054871137043,0.29731058222486706,0.5375686516159258,1.0,0.736852649673975,0.5418874513302093,0.47019861493579823,0.7308216544086654,0.5451680303616031,0.4764058948208447,0.5430510872772787,0.5198474682200548,0.293501408239356,0.2118174497969733,0.30479020479961744,0.4078101559175213,0.1535097263601071,0.017345184611116404,0.07140120380122346,0.42078777923226274,0.18621660688657346,0.0,0.0,0.0808611903419319,0.08029712889609317,0.0,0.0,0.37593982286377886,0.0,0.02548135894170923,0.15642579049179278,0.24992030006862676,0.24982151169249284,0.16283964363657455,0.03537979680907106,0.0,0.0,0.0,0.0,0.0,0.4247637997391015
0.0,0.0,0.0,0.0,0.0,0.0,0.0,0.0,0.0,0.0,0.0,0.0,0.0,0.0,0.0,0.0,0.0,0.0,0.006235890883432982,0.06267942356485633,0.06937547854174712,0.04450085466346238,0.0,0.0,0.0,0.016630928283150378,0.0,0.0,0.0,0.0,0.0,0.0,0.0,0.0,0.0,0.0,0.0,0.0,0.0,0.0,0.0,0.0,0.0,0.0,0.5455508188132852,0.30535635846418924,0.09638904778703278,0.05775328436253169,0.21494341618826898,0.4766047637286819,0.736852649673975,1.0,0.7348717832122136,0.5487964687038888,0.5433975613377077,0.4790015839899519,0.5523349989609249,0.736145794820683,0.29352197940195296,0.08717880081892147,0.05936759098625438,0.2159685678334903,0.17143164026076052,0.0,0.0,0.0,0.2214854125020397,0.00023860895116930198,0.0,0.0,0.0,0.0,0.0,0.0,0.12429179522408451,0.0,0.0,0.2524130436857724,0.48595336769210845,0.48571819605979166,0.2557677773638776,0.0,0.0,0.0,0.0,0.0,0.0,0.2707807595246516
0.0,0.0,0.0,0.0,0.0,0.0,0.0,0.0,0.0,0.0,0.0,0.0,0.0,0.0,0.0,0.0,0.0,0.0,0.0,0.0,0.0,0.0,0.0,0.0,0.0,0.0,0.0,0.0,0.0,0.0,0.0,0.0,0.0,0.0,0.0,0.0,0.0,0.0,0.0,0.0,0.0,0.0,0.0,0.0,0.47718420834516756,0.2189380607892159,0.06677076270501424,0.10368070693050399,0.31420354136820355,0.552454279814592,0.5418874513302093,0.7348717832122136,1.0,0.747909620025028,0.2998848149401125,0.2139616399645047,0.3124255435840873,0.5431637670989143,0.07141906963362131,0.0,0.0,0.0,0.0,0.0,0.0,0.0,0.10347838179130611,0.0,0.0,0.0,0.0,0.0,0.0,0.0,0.0,0.0,0.14189321309210767,0.49192651323085734,0.6858553125108432,0.3931625062141692,0.036578725073565584,0.0,0.0,0.0,0.0,0.0,0.0,0.16897776361413352
