1.0,0.7383139470418306,0.5469777997038338,0.4723917381223611,0.5435384770653858,0.7350233912018174,0.7298209466104629,0.5455484999828556,0.4771805280886426,0.5420686373058103,0.5221579105251435,0.2988603112767406,0.21487106535569173,0.30489169830121493,0.407784120597021,0.17142044739249965,0.038305926235700276,0.08381870719333676,0.3838271907843817,0.16158045605995613,0.0,0.0,0.43146159011088914,0.24898597715780027,0.06558452424842641,0.031907628051275005,0.30561052962508256,0.15766234818484676,0.0716130968656777,0.006707858397485637,0.4860074486914877,0.15869579285193378,0.2501434640807075,0.2482677816136812,0.16324017969513693,0.03456201809008831,0.0,0.0,0.0,0.0,0.0,0.0,0.0,0.39818210850383695,0.0,0.0,0.0,0.0,0.0,0.0,0.0,0.0,0.0,0.0,0.0,0.0,0.0,0.0,0.0,0.0,0.0,0.0,0.0,0.0,0.0,0.0,0.0,0.0,0.0,0.0,0.0,0.0,0.0,0.0,0.0,0.0,0.0,0.0,0.0,0.0,0.0,0.0,0.0,0.0,0.0,0.0,0.0,0.0
0.7383139470418306,1.0,0.7425831412610442,0.5485816442902351,0.48344601871593473,0.5500731582182199,0.532806496621466,0.3053524048621521,0.21893053203725366,0.30803979588504754,0.431752054527325,0.19357474235966046,0.05027706872796296,0.08936366914246456,0.42073318536739734,0.22146167166933667,0.05106267250845804,0.03280528536782512,0.4315058569742985,0.27450237852819365,0.1301667927995457,0.10344919435749945,0.4126985851929212,0.2623617852054378,0.14570827995076277,0.15234424949738543,0.547970634408716,0.12094583660376235,0.3237510953188481,0.0,0.6868660454666922,0.2547209812974597,0.16941488892193785,0.03585066271962098,0.0,0.0,0.0,0.0,0.0,0.0,0.0,0.0,0.0,0.2901864106648048,0.0,0.0,0.0,0.0,0.0,0.0,0.0,0.0,0.0,0.0,0.0,0.0,0.0,0.0,0.0,0.0,0.0,0.0,0.0,0.0,0.0,0.0,0.0,0.0,0.0,0.0,0.0,0.0,0.0,0.0,0.0,0.0,0.0,0.0,0.0,0.0,0.0,0.0,0.0,0.0,0.0,0.0,0.0,0.0
0.5469777997038338,0.7425831412610442,1.0,0.7375069279837083,0.5546030142830238,0.4813179538022276,0.29709747716426016,0.09639304848110823,0.06677270217606023,0.2178942058062824,0.17507203960782317,0.0,0.0,0.0,0.18610437991994713,0.00017698133290395328,0.0,0.0,0.24898932650001207,0.14566196325135544,0.0,0.0,0.2623035530026478,0.1861860566665601,0.10328218360575966,0.08547800152521902,0.7344817379592121,0.07685069153078233,0.4912079871007742,0.0,0.49269400877515473,0.4850335402602706,0.25811354760685973,0.0,0.0,0.0,0.0,0.0,0.0,0.0,0.0,0.0,0.0,0.11968205302903084,0.0,0.0,0.0,0.0,0.0,0.0,0.0,0.0,0.0,0.0,0.0,0.0,0.0,0.0,0.0,0.0,0.0,0.0,0.0,0.0,0.0,0.0,0.0,0.0,0.0,0.0,0.0,0.0,0.0,0.0,0.0,0.0,0.0,0.0,0.0,0.0,0.0,0.0,0.0,0.0,0.0,0.0,0.0,0.0
0.4723917381223611,0.5485816442902351,0.7375069279837083,1.0,0.7454829244151463,0.5489912121997563,0.20229580837756922,0.05776465651786713,0.10369164301416865,0.3090689782650914,0.019916974029684467,0.0,0.0,0.0,0.0,0.0,0.0,0.0,0.06552885602395267,0.0,0.0,0.0,0.14556998920104086,0.10317564999438313,0.0,0.0,0.5430383396905556,0.06788571226371265,0.31988478338594334,0.0,0.25614906349385747,0.6862548577849614,0.49147410658811835,0.13649117857014967,0.0,0.0,0.0,0.0,0.0,0.0,0.0,0.0,0.0,0.04256683157024576,0.0,0.0,0.0,0.0,0.0,0.0,0.0,0.0,0.0,0.0,0.0,0.0,0.0,0.0,0.0,0.0,0.0,0.0,0.0,0.0,0.0,0.0,0.0,0.0,0.0,0.0,0.0,0.0,0.0,0.0,0.0,0.0,0.0,0.0,0.0,0.0,0.0,0.0,0.0,0.0,0.0,0.0,0.0,0.0
0.5435384770653858,0.48344601871593473,0.5546030142830238,0.7454829244151463,1.0,0.7375427704686633,0.29730565638792134,0.21495184639263137,0.3142128534921866,0.5428943559226604,0.06689734610848828,0.0,0.0,0.0,0.0,0.0,0.0,0.0,0.031838834180382795,0.0,0.0,0.0,0.1521891375040956,0.08534300383849094,0.0,0.0,0.3120694229628984,0.0939593537223232,0.07805817275784863,0.01707848208489332,0.1705352019185533,0.48946885793570266,0.6859247006951926,0.39005394376323155,0.03786365971508745,0.0,0.0,0.0,0.0,0.0,0.0,0.0,0.0,0.10788606656073059,0.0,0.0,0.0,0.0,0.0,0.0,0.0,0.0,0.0,0.0,0.0,0.0,0.0,0.0,0.0,0.0,0.0,0.0,0.0,0.0,0.0,0.0,0.0,0.0,0.0,0.0,0.0,0.0,0.0,0.0,0.0,0.0,0.0,0.0,0.0,0.0,0.0,0.0,0.0,0.0,0.0,0.0,0.0,0.0
0.7350233912018174,0.5500731582182199,0.4813179538022276,0.5489912121997563,0.7375427704686633,1.0,0.5375661249756967,0.47660813584385064,0.5524561612333334,0.7354881235208418,0.2858614323829292,0.08635730467791865,0.06060133795999147,0.2150746984854226,0.1534697829028756,0.0,0.0,0.0,0.16154292005237364,0.0,0.0,0.0,0.27439900505893383,0.1455879507462175,0.0,0.0,0.21596781697175224,0.13203623228608838,0.0,0.03579455171548624,0.25433367511914623,0.25294027928171126,0.48746253945023893,0.4848300214958499,0.25591592265217217,0.0,0.0,0.0,0.0,0.0,0.0,0.0,0.0,0.2720602568279264,0.0,0.0,0.0,0.0,0.0,0.0,0.0,0.0,0.0,0.0,0.0,0.0,0.0,0.0,0.0,0.0,0.0,0.0,0.0,0.0,0.0,0.0,0.0,0.0,0.0,0.0,0.0,0.0,0.0,0.0,0.0,0.0,0.0,0.0,0.0,0.0,0.0,0.0,0.0,0.0,0.0,0.0,0.0,0.0
0.7298209466104629,0.532806496621466,0.29709747716426016,0.20229580837756922,0.29730565638792134,0.5375661249756967,1.0,0.7368528475016881,0.5418854720036519,0.4701942341901224,0.7308264638323245,0.5451787832379933,0.4764130490941201,0.5430519704882654,0.5198527798763998,0.2935222698552584,0.21184228094827173,0.30480510083134976,0.40778657439824706,0.15348813531289723,0.017353149384258987,0.07142465094779675,0.4207168075128419,0.18610608698314704,0.0,0.0,0.08084993595442799,0.08015094907947556,0.0,0.0,0.3759298842880737,0.0,0.025474265059403128,0.15642138239797213,0.2499198903287046,0.2498200718685321,0.1628450547418417,0.03539575073217975,0.0,0.0,0.0,0.0,0.0,0.4247066771715021,0.0,0.0,0.0,0.0,0.0,0.0,0.0,0.0,0.0,0.0,0.0,0.0,0.0,0.0,0.0,0.0,0.0,0.0,0.0,0.0,0.0,0.0,0.0,0.0,0.0,0.0,0.0,0.0,0.0,0.0,0.0,0.0,0.0,0.0,0.0,0.0,0.0,0.0,0.0,0.0,0.0,0.0,0.0,0.0
0.5455484999828556,0.3053524048621521,0.09639304848110823,0.05776465651786713,0.21495184639263137,0.47660813584385064,0.7368528475016881,1.0,0.7348703454164836,0.548795907911105,0.5433979639563904,0.47900704138855954,0.5523389552978424,0.7361458302255333,0.29351614505080525,0.08718427079573421,0.059381497098959846,0.21597586197465923,0.17140609692605338,0.0,0.0,0.0,0.221425931916596,0.00014795218028068396,0.0,0.0,0.0,0.0,0.0,0.0,0.12427241280540838,0.0,0.0,0.25241174425173313,0.4859523743512524,0.4857161889863661,0.25576906494844603,0.0,0.0,0.0,0.0,0.0,0.0,0.27072808152611005,0.0,0.0,0.0,0.0,0.0,0.0,0.0,0.0,0.0,0.0,0.0,0.0,0.0,0.0,0.0,0.0,0.0,0.0,0.0,0.0,0.0,0.0,0.0,0.0,0.0,0.0,0.0,0.0,0.0,0.0,0.0,0.0,0.0,0.0,0.0,0.0,0.0,0.0,0.0,0.0,0.0,0.0,0.0,0.0
0.4771805280886426,0.21893053203725366,0.06677270217606023,0.10369164301416865,0.3142128534921866,0.5524561612333334,0.5418854720036519,0.7348703454164836,1.0,0.7479106835097016,0.2998820830487833,0.21396651921929552,0.3124296422978929,0.5431636116276973,0.07140647900059215,0.0,0.0,0.0,0.0,0.0,0.0,0.0,0.10337071009332241,0.0,0.0,0.0,0.0,0.0,0.0,0.0,0.0,0.0,0.14190353491167365,0.49192659743409456,0.6858565496685916,0.3931617134056824,0.03658105004465925,0.0,0.0,0.0,0.0,0.0,0.0,0.16887112615703517,0.0,0.0,0.0,0.0,0.0,0.0,0.0,0.0,0.0,0.0,0.0,0.0,0.0,0.0,0.0,0.0,0.0,0.0,0.0,0.0,0.0,0.0,0.0,0.0,0.0,0.0,0.0,0.0,0.0,0.0,0.0,0.0,0.0,0.0,0.0,0.0,0.0,0.0,0.0,0.0,0.0,0.0,0.0,0.0
0.5420686373058103,0.30803979588504754,0.2178942058062824,0.3090689782650914,0.5428943559226604,0.7354881235208418,0.4701942341901224,0.548795907911105,0.7479106835097016,1.0,0.20244430853739362,0.05572745366887677,0.10312015075915552,0.31147546301962514,0.017327098799989327,0.0,0.0,0.0,0.0,0.0,0.0,0.0,0.13005598125726386,0.0,0.0,0.0,0.0,0.02039013189565391,0.0,0.0,0.0315547567003681,0.03311885449435976,0.3921224387488766,0.68594474795047,0.49262304154187797,0.1423895869890084,0.0,0.0,0.0,0.0,0.0,0.0,0.0,0.17523896524199112,0.0,0.0,0.0,0.0,0.0,0.0,0.0,0.0,0.0,0.0,0.0,0.0,0.0,0.0,0.0,0.0,0.0,0.0,0.0,0.0,0.0,0.0,0.0,0.0,0.0,0.0,0.0,0.0,0.0,0.0,0.0,0.0,0.0,0.0,0.0,0.0,0.0,0.0,0.0,0.0,0.0,0.0,0.0,0.0
0.5221579105251435,0.431752054527325,0.17507203960782317,0.019916974029684467,0.06689734610848828,0.2858614323829292,0.7308264638323245,0.5433979639563904,0.2998820830487833,0.20244430853739362,1.0,0.7354323781625468,0.5421419274645196,0.474651835157325,0.7308288045820472,0.5433979663372502,0.4746542432782754,0.5421426079431753,0.5221667061097921,0.28587173810305466,0.20245579436208974,0.2998877763233518,0.43176206225092206,0.17508525769304936,0.019936751683187037,0.06691565976381401,0.012207784962312973,0.012222293102080223,0.0,0.0,0.375432120870823,0.0,0.0,0.0,0.031314024081352615,0.1610994756723542,0.2491436892977614,0.24914401739807332,0.16110195345201317,0.03131588831147219,0.0,0.0,0.0,0.3754400975761222,0.0,0.0,0.0,0.0,0.0,0.0,0.0,0.0,0.0,0.0,0.0,0.0,0.0,0.0,0.0,0.0,0.0,0.0,0.0,0.0,0.0,0.0,0.0,0.0,0.0,0.0,0.0,0.0,0.0,0.0,0.0,0.0,0.0,0.0,0.0,0.0,0.0,0.0,0.0,0.0,0.0,0.0,0.0,0.0
0.2988603112767406,0.19357474235966046,0.0,0.0,0.0,0.08635730467791865,0.5451787832379933,0.47900704138855954,0.21396651921929552,0.05572745366887677,0.7354323781625468,1.0,0.7361615431526497,0.5512996423514422,0.5451796946204333,0.47900212663463343,0.5512977858534986,0.7361592056139991,0.29886371386729554,0.08635444455656095,0.0557241879693125,0.2139609272092744,0.19358512654214177,0.0,0.0,0.0,0.0,0.0,0.0,0.0,0.15087128918159035,0.0,0.0,0.0,0.0,0.2546603886079581,0.4862236030723426,0.48622219977151354,0.25465870060093637,0.0,0.0,0.0,0.0,0.15089025841834405,0.0,0.0,0.0,0.0,0.0,0.0,0.0,0.0,0.0,0.0,0.0,0.0,0.0,0.0,0.0,0.0,0.0,0.0,0.0,0.0,0.0,0.0,0.0,0.0,0.0,0.0,0.0,0.09438366281916763,0.0,0.09502907343925539,0.0,0.0,0.0,0.0,0.0,0.0,0.0,0.0,0.0,0.0,0.0,0.0,0.0,0.0
0.21487106535569173,0.05027706872796296,0.0,0.0,0.0,0.06060133795999147,0.4764130490941201,0.5523389552978424,0.3124296422978929,0.10312015075915552,0.5421419274645196,0.7361615431526497,1.0,0.7473481230401998,0.3048024306001312,0.21597017944033695,0.31196460900020245,0.5435038353961658,0.0838130341117905,0.0,0.0,0.0,0.03280149334832063,0.0,0.0,0.0,0.0,0.0,0.0,0.0,0.0,0.0,0.0,0.0,0.1425326296379308,0.49137839912762404,0.6858870331405463,0.39334833660216656,0.035351849733361786,0.0,0.0,0.0,0.0,0.03752462687694111,0.0,0.0,0.0,0.0,0.0,0.0,0.0,0.0,0.0,0.0,0.0,0.0,0.0,0.0,0.0,0.0,0.0,0.0,0.0,0.0,0.0,0.0,0.0,0.0,0.0,0.0,0.0,0.0,0.0,0.038492282403933334,0.0,0.0,0.0,0.0,0.0,0.0,0.0,0.0,0.0,0.0,0.0,0.0,0.0,0.0
0.30489169830121493,0.08936366914246456,0.0,0.0,0.0,0.2150746984854226,0.5430519704882654,0.7361458302255333,0.5431636116276973,0.31147546301962514,0.474651835157325,0.5512996423514422,0.7473481230401998,1.0,0.21183341108044024,0.05937307696306038,0.10277034243846425,0.3119642873928671,0.03828960702342592,0.0,0.0,0.0,0.051038406766694765,0.0,0.0,0.0,0.0,0.0,0.0,0.0,0.0,0.0,0.0,0.03565161470679353,0.39420754770746536,0.685914074856802,0.49147253706928307,0.14154333601271513,0.0,0.0,0.0,0.0,0.0,0.09343298133295197,0.0,0.0,0.0,0.0,0.0,0.0,0.0,0.0,0.0,0.0,0.0,0.0,0.0,0.0,0.0,0.0,0.0,0.0,0.0,0.0,0.0,0.0,0.0,0.0,0.0,0.0,0.0,0.0,0.0,0.0,0.0,0.0,0.0,0.0,0.0,0.0,0.0,0.0,0.0,0.0,0.0,0.0,0.0,0.0
0.407784120597021,0.42073318536739734,0.18610437991994713,0.0,0.0,0.1534697829028756,0.5198527798763998,0.29351614505080525,0.07140647900059215,0.017327098799989327,0.7308288045820472,0.5451796946204333,0.3048024306001312,0.21183341108044024,1.0,0.7368527762689238,0.5430556115965737,0.4764166343147861,0.7298257534966957,0.5375700866689295,0.4702001259305947,0.5418886681181904,0.5328142915125899,0.29710563677779145,0.20230569592379313,0.297313862743821,0.08015471496018457,0.08085963873778533,0.0,0.0,0.424755395426503,0.0,0.0,0.0,0.0,0.0,0.03539403538703218,0.16284842650829687,0.24982240380349174,0.24992106424046368,0.15642784501827275,0.025482141693588346,0.0,0.375940025785802,0.0,0.0,0.0,0.0,0.0,0.0,0.0,0.0,0.0,0.0,0.0,0.0,0.0,0.0,0.0,0.0,0.0,0.0,0.0,0.0,0.0,0.0,0.051414025280957405,0.0,0.0,0.0,0.0,0.0,0.0,0.0,0.0,0.0,0.0,0.0,0.0,0.0,0.0,0.0,0.0,0.0,0.0,0.0,0.0,0.023632940670789426
0.17142044739249965,0.22146167166933667,0.00017698133290395328,0.0,0.0,0.0,0.2935222698552584,0.08718427079573421,0.0,0.0,0.5433979663372502,0.47900212663463343,0.21597017944033695,0.05937307696306038,0.7368527762689238,1.0,0.7361456602542327,0.5523371406465432,0.5455499521176908,0.4766053610896234,0.5487945418173366,0.7348705327499016,0.3053590639841883,0.09639540756219525,0.05776221228992001,0.21494681869976737,0.0,0.0,0.0,0.0,0.2707898815713527,0.0,0.0,0.0,0.0,0.0,0.0,0.25576691461310713,0.4857161282073892,0.48595080139080743,0.2524119290499784,0.0,0.0,0.12428580511117265,0.0,0.0,0.0,0.0,0.0,0.0,0.019545758102360134,0.0,0.0,0.0,0.10766758840707122,0.05147976658415701,0.0,0.0,0.13662998573187296,0.02094760858403926,0.0,0.0,0.18420811761939357,0.051243830705188,0.0,0.0,0.26326167434603065,0.17854072979569147,0.031534045737272955,0.0,0.0,0.13362611142223252,0.0,0.014495788030483877,0.0,0.0,0.0,0.0,0.0,0.0,0.0,0.0,0.0,0.0,0.0,0.0,0.0,0.19331843168699062
0.038305926235700276,0.05106267250845804,0.0,0.0,0.0,0.0,0.21184228094827173,0.059381497098959846,0.0,0.0,0.4746542432782754,0.5512977858534986,0.31196460900020245,0.10277034243846425,0.5430556115965737,0.7361456602542327,1.0,0.7473484584897542,0.3048952565747837,0.21506851452190062,0.3114667373487608,0.5431560000671003,0.08937519339701701,0.0,0.0,0.0,0.0,0.0,0.0,0.0,0.09346172320626725,0.0,0.0,0.0,0.0,0.0,0.14154156375858074,0.4914719238435773,0.6859135358192219,0.39419369934470727,0.03564263879965154,0.0,0.0,0.0,0.0,0.0,0.0,0.0,0.0,0.0,0.0,0.0,0.0,0.0,0.014121644186451779,0.0,0.0,0.0,0.08025763874611266,0.0,0.0,0.0,0.20676825849053782,0.10845071610148281,0.0,0.0,0.33665664313338156,0.33523053376316303,0.20326641983643406,0.10473060398985332,0.0,0.32575892564395065,0.0,0.2175826006328179,0.0,0.0,0.0,0.0,0.0,0.0,0.0,0.0,0.0,0.0,0.0,0.0,0.0012019661656978739,0.23154047418497214
0.08381870719333676,0.03280528536782512,0.0,0.0,0.0,0.0,0.30480510083134976,0.21597586197465923,0.0,0.0,0.5421426079431753,0.7361592056139991,0.5435038353961658,0.3119642873928671,0.4764166343147861,0.5523371406465432,0.7473484584897542,1.0,0.2148751877658781,0.06059522657255388,0.10311212987862836,0.31242213518585915,0.05028995631254387,0.0,0.0,0.0,0.0,0.0,0.0,0.0,0.03752211385814723,0.0,0.0,0.0,0.0,0.03535055939484756,0.39334692038451174,0.6858867259153064,0.49137883530477044,0.1425186771110794,0.0,0.0,0.0,0.0,0.0,0.0,0.0,0.0,0.0,0.0,0.0,0.0,0.0,0.0,0.0,0.0,0.0,0.0,0.0,0.0,0.0,0.0,0.007858346615124022,0.0,0.0,0.0,0.18464162878873544,0.23167564988924536,0.0863906610997114,0.0,0.0,0.3136853288954949,0.0,0.2802965327274976,0.0,0.0,0.0,0.0,0.0,0.0,0.0,0.0,0.0,0.0,0.0,0.0,0.0,0.1049249032191351
0.3838271907843817,0.4315058569742985,0.24898932650001207,0.06552885602395267,0.031838834180382795,0.16154292005237364,0.40778657439824706,0.17140609692605338,0.0,0.0,0.5221667061097921,0.29886371386729554,0.0838130341117905,0.03828960702342592,0.7298257534966957,0.5455499521176908,0.3048952565747837,0.2148751877658781,1.0,0.7350225858343747,0.5420713512695977,0.47718195864692453,0.7383155944336148,0.5469816225267857,0.47239706716862334,0.5435422080994847,0.1576812655307612,0.30561563575797124,0.006720120376654135,0.07162233986676533,0.39829013292937054,0.0,0.0,0.0,0.0,0.0,0.0,0.0,0.03456247584966358,0.16324195632448968,0.24826877942575296,0.25014698224685766,0.15870185537660017,0.48601014996524405,0.0,0.0,0.0,0.0,0.0,0.0,0.0,0.0,0.0,0.0,0.005034367662126726,0.057513614834339796,0.09765850541691644,0.08039662971738164,0.0,0.0,0.0,0.0,0.0,0.0,0.0,0.0,0.0,0.0,0.0,0.0,0.0,0.0,0.0,0.0,0.0,0.0,0.0,0.0,0.0,0.0,0.0,0.0,0.0,0.0,0.0,0.0,0.0,0.0
0.16158045605995613,0.27450237852819365,0.14566196325135544,0.0,0.0,0.0,0.15348813531289723,0.0,0.0,0.0,0.28587173810305466,0.08635444455656095,0.0,0.0,0.5375700866689295,0.4766053610896234,0.21506851452190062,0.06059522657255388,0.7350225858343747,1.0,0.7354896053941798,0.5524535749811879,0.5500705872099634,0.48131785316720915,0.5489921430807275,0.7375441280716494,0.13214179630037604,0.21596765342841764,0.03589832317936044,0.0,0.2722343277195223,0.0,0.0,0.0,0.0,0.0,0.0,0.0,0.0,0.25591489722857436,0.4848298874679725,0.4874647534039367,0.25294234965156975,0.25433252287866165,0.0,0.0,0.0,0.0,0.0,0.0,0.01589071902379767,0.047345164076641195,0.0,0.0,0.1436633769019228,0.2420010202561875,0.25681514375378767,0.1714651702410889,0.07609623557381015,0.023725987776131708,0.07291526388087836,0.19547488105620814,0.0,0.0,0.0,0.0,0.0,0.0,0.0,0.0,0.0,0.0,0.0,0.0,0.0,0.0,0.0,0.0,0.0,0.0,0.13803868331545482,0.05881089708430996,0.0,0.0,0.0,0.0,0.0,0.0
0.0,0.1301667927995457,0.0,0.0,0.0,0.0,0.017353149384258987,0.0,0.0,0.0,0.20245579436208974,0.0557241879693125,0.0,0.0,0.4702001259305947,0.5487945418173366,0.3114667373487608,0.10311212987862836,0.5420713512695977,0.7354896053941798,1.0,0.7479076582803363,0.3080421467567155,0.21789532178551738,0.30906647795560616,0.542890215720985,0.02052408098207532,0.0,0.0,0.0,0.17540937999171746,0.0,0.0,0.0,0.0,0.0,0.0,0.0,0.14237446406754103,0.49262138244481096,0.6859448270393793,0.3921159312793099,0.033115791090405876,0.03156046720981251,0.0,0.0,0.0,0.0,0.0,0.0,0.09700361251973956,0.056214679212252885,0.0,0.0,0.2733064446367971,0.3343002732208665,0.25537864242931413,0.13587729400283916,0.27317844727013346,0.24707769762214538,0.2642405633346972,0.32460353438277145,0.18073330275942773,0.035037534609977175,0.0,0.0892034877041105,0.1365733610520073,0.0,0.0,0.0,0.0,0.0,0.0,0.0,0.0,0.0,0.0,0.0,0.0,0.0,0.10062014209002927,0.1443503558273944,0.041137379430805435,0.0,0.0,0.0,0.0,0.0664108053812039
0.0,0.10344919435749945,0.0,0.0,0.0,0.0,0.07142465094779675,0.0,0.0,0.0,0.2998877763233518,0.2139609272092744,0.0,0.0,0.5418886681181904,0.7348705327499016,0.5431560000671003,0.31242213518585915,0.47718195864692453,0.5524535749811879,0.7479076582803363,1.0,0.21893465719630947,0.06677278598621772,0.10368565831490179,0.3142044574913308,0.0,0.0,0.0,0.0,0.168991285064703,0.0,0.0,0.0,0.0,0.0,0.0,0.03657054838406956,0.39315024541995675,0.6858567810691024,0.4919261741013187,0.14189130931075453,0.0,0.0,0.0,0.0,0.0,0.0,0.0,0.0,0.11017276184157203,0.03075597984308149,0.0,0.0,0.26284374726205356,0.23420085636194649,0.12136345970383114,0.04344401828957904,0.31827623009506634,0.2505273095908002,0.18258768951641685,0.19176874765458826,0.311855153214922,0.18594396183954226,0.09687623083674697,0.13364708563954691,0.3039101702715332,0.16397631149270914,0.044259676296620754,0.05779969204471061,0.0,0.04600063672758328,0.0,0.0,0.0,0.0,0.0,0.0,0.0,0.0,0.0,0.0,0.0,0.0,0.0,0.0,0.0,0.20589488633988318
0.43146159011088914,0.4126985851929212,0.2623035530026478,0.14556998920104086,0.1521891375040956,0.27439900505893383,0.4207168075128419,0.221425931916596,0.10337071009332241,0.13005598125726386,0.43176206225092206,0.19358512654214177,0.03280149334832063,0.051038406766694765,0.5328142915125899,0.3053590639841883,0.08937519339701701,0.05028995631254387,0.7383155944336148,0.5500705872099634,0.3080421467567155,0.21893465719630947,1.0,0.7425818852522057,0.5485802972346924,0.4834438056908196,0.12090926889204179,0.5479730252615976,0.0,0.3237594653091047,0.29025166646042916,0.0,0.0,0.0,0.0,0.0,0.0,0.0,0.0,0.0,0.03584898696786732,0.16941253545568075,0.25471986711659256,0.6868659290312936,0.0,0.0,0.0,0.0,0.0,0.0,0.0,0.0,0.0,0.0,0.0,0.0,0.021565507134530187,0.03944474864998521,0.0,0.0,0.0,0.0,0.0,0.0,0.0,0.0,0.0,0.0,0.0,0.0,0.0,0.0,0.0,0.0,0.0,0.0,0.0,0.0,0.0,0.0,0.0,0.0,0.0,0.0,0.0,0.0,0.0,0.0
0.24898597715780027,0.2623617852054378,0.1861860566665601,0.10317564999438313,0.08534300383849094,0.1455879507462175,0.18610608698314704,0.00014795218028068396,0.0,0.0,0.17508525769304936,0.0,0.0,0.0,0.29710563677779145,0.09639540756219525,0.0,0.0,0.5469816225267857,0.48131785316720915,0.21789532178551738,0.06677278598621772,0.7425818852522057,1.0,0.7375068724413247,0.5546024888439941,0.07687834178870052,0.7344819270168361,0.0,0.49120834712920997,0.11980247429271008,0.0,0.0,0.0,0.0,0.0,0.0,0.0,0.0,0.0,0.0,0.25811252130990053,0.4850333178330039,0.49268787123100466,0.0,0.0,0.0,0.0,0.0,0.0,0.0,0.0,0.0,0.0,0.0,0.0,0.06358825614126533,0.06180137112060742,0.0,0.0,0.0,0.0,0.0,0.0,0.0,0.0,0.0,0.0,0.0,0.0,0.0,0.0,0.0,0.0,0.0,0.0,0.0,0.0,0.0,0.003109679100630696,0.0002322212954352375,0.0,0.0,0.0,0.0,0.0,0.0,0.0
0.06558452424842641,0.14570827995076277,0.10328218360575966,0.0,0.0,0.0,0.0,0.0,0.0,0.0,0.019936751683187037,0.0,0.0,0.0,0.20230569592379313,0.05776221228992001,0.0,0.0,0.47239706716862334,0.5489921430807275,0.30906647795560616,0.10368565831490179,0.5485802972346924,0.7375068724413247,1.0,0.7454826462943132,0.06803428577842334,0.5430352198362742,0.0,0.31987606616431646,0.042764425903736136,0.0,0.0,0.0,0.0,0.0,0.0,0.0,0.0,0.0,0.13648245322364164,0.49147277757504093,0.6862553907805706,0.2561443109372039,0.0,0.0,0.0,0.0,0.0,0.0,0.0,0.0,0.0,0.0,0.0,0.06045067803349687,0.19638743073683615,0.13017153185038965,0.0,0.0,0.0,0.012102621398124732,0.0,0.0,0.0,0.0,0.0,0.0,0.0,0.0,0.0,0.0,0.0,0.0,0.0,0.0,0.0,0.0,0.0,0.048251997743724406,0.1721139923877953,0.0,0.0,0.0,0.0,0.0,0.0,0.0
0.031907628051275005,0.15234424949738543,0.08547800152521902,0.0,0.0,0.0,0.0,0.0,0.0,0.0,0.06691565976381401,0.0,0.0,0.0,0.297313862743821,0.21494681869976737,0.0,0.0,0.5435422080994847,0.7375441280716494,0.542890215720985,0.3142044574913308,0.4834438056908196,0.5546024888439941,0.7454826462943132,1.0,0.09414430954216445,0.31206690008758137,0.017272123419070463,0.07805122453399704,0.10810681957804442,0.0,0.0,0.0,0.0,0.0,0.0,0.0,0.0,0.03785489406549806,0.39004448428414307,0.6859245888391936,0.489469890573766,0.1705320323083408,0.0,0.0,0.0,0.0,0.0,0.0,0.0,0.0035227624456283615,0.0,0.0,0.06524072050503077,0.23295861593752884,0.30493002904410943,0.1897216769693977,0.0,0.0,0.046825775951100955,0.21430826416880946,0.0,0.0,0.0,0.0,0.0,0.0,0.0,0.0,0.0,0.0,0.0,0.0,0.0,0.0,0.0,0.0,0.0,0.04734980671539743,0.25589987281806365,0.14056415692210286,0.0,0.0,0.0,0.0,0.0,0.0
0.30561052962508256,0.547970634408716,0.7344817379592121,0.5430383396905556,0.3120694229628984,0.21596781697175224,0.08084993595442799,0.0,0.0,0.0,0.012207784962312973,0.0,0.0,0.0,0.08015471496018457,0.0,0.0,0.0,0.1576812655307612,0.13214179630037604,0.02052408098207532,0.0,0.12090926889204179,0.07687834178870052,0.06803428577842334,0.09414430954216445,1.0,0.0,0.75672464382175,0.0,0.3997485927527604,0.38933190917251465,0.035508803145018204,0.0,0.0,0.0,0.0,0.0,0.0,0.0,0.0,0.0,0.0,0.0,0.0,0.0,0.0,0.0,0.0,0.0,0.0,0.0,0.0,0.0,0.0,0.0,0.0,0.0,0.0,0.0,0.0,0.0,0.0,0.0,0.0,0.0,0.0,0.0,0.0,0.0,0.0,0.0,0.0,0.0,0.0,0.0,0.0,0.0,0.0,0.0,0.0,0.0,0.0,0.0,0.0,0.0,0.0,0.0
0.15766234818484676,0.12094583660376235,0.07685069153078233,0.06788571226371265,0.0939593537223232,0.13203623228608838,0.08015094907947556,0.0,0.0,0.02039013189565391,0.012222293102080223,0.0,0.0,0.0,0.08085963873778533,0.0,0.0,0.0,0.30561563575797124,0.21596765342841764,0.0,0.0,0.5479730252615976,0.7344819270168361,0.5430352198362742,0.31206690008758137,0.0,1.0,0.0,0.7567248378242366,0.0,0.0,0.0,0.0,0.0,0.0,0.0,0.0,0.0,0.0,0.0,0.0355046477920166,0.38932606482565213,0.3997449028975969,0.0,0.0,0.0,0.0,0.0,0.0,0.0,0.0,0.0,0.0,0.0,0.0,0.0,0.0,0.0,0.0,0.0,0.0,0.0,0.0,0.0,0.0,0.0,0.0,0.0,0.0,0.0,0.0,0.0,0.0,0.0,0.0,0.0,0.0,0.0,0.0,0.0,0.0,0.0,0.0,0.0,0.0,0.0,0.0
0.0716130968656777,0.3237510953188481,0.4912079871007742,0.31988478338594334,0.07805817275784863,0.0,0.0,0.0,0.0,0.0,0.0,0.0,0.0,0.0,0.0,0.0,0.0,0.0,0.006720120376654135,0.03589832317936044,0.0,0.0,0.0,0.0,0.0,0.017272123419070463,0.75672464382175,0.0,1.0,0.0,0.23311277020471502,0.2232798393934581,0.0,0.0,0.0,0.0,0.0,0.0,0.0,0.0,0.0,0.0,0.0,0.0,0.0,0.0,0.0,0.0,0.0,0.0,0.0,0.0,0.0,0.0,0.0,0.0,0.0,0.0,0.0,0.0,0.0,0.0,0.0,0.0,0.0,0.0,0.0,0.0,0.0,0.0,0.0,0.0,0.0,0.0,0.0,0.0,0.0,0.0,0.0,0.0,0.0,0.0,0.0,0.0,0.0,0.0,0.0,0.0
0.006707858397485637,0.0,0.0,0.0,0.01707848208489332,0.03579455171548624,0.0,0.0,0.0,0.0,0.0,0.0,0.0,0.0,0.0,0.0,0.0,0.0,0.07162233986676533,0.0,0.0,0.0,0.3237594653091047,0.49120834712920997,0.31987606616431646,0.07805122453399704,0.0,0.7567248378242366,0.0,1.0,0.0,0.0,0.0,0.0,0.0,0.0,0.0,0.0,0.0,0.0,0.0,0.0,0.22326241973081948,0.23311980585932024,0.0,0.0,0.0,0.0,0.0,0.0,0.0,0.0,0.0,0.0,0.0,0.0,0.0,0.0,0.0,0.0,0.0,0.0,0.0,0.0,0.0,0.0,0.0,0.0,0.0,0.0,0.0,0.0,0.0,0.0,0.0,0.0,0.0,0.0,0.0,0.0,0.0,0.0,0.0,0.0,0.0,0.0,0.0,0.0
0.4860074486914877,0.6868660454666922,0.49269400877515473,0.25614906349385747,0.1705352019185533,0.25433367511914623,0.3759298842880737,0.12427241280540838,0.0,0.0315547567003681,0.375432120870823,0.15087128918159035,0.0,0.0,0.424755395426503,0.2707898815713527,0.09346172320626725,0.03752211385814723,0.39829013292937054,0.2722343277195223,0.17540937999171746,0.168991285064703,0.29025166646042916,0.11980247429271008,0.042764425903736136,0.10810681957804442,0.3997485927527604,0.0,0.23311277020471502,0.0,1.0,0.0,0.0,0.0,0.0,0.0,0.0,0.0,0.0,0.0,0.0,0.0,0.0,0.16703326110504427,0.0,0.0,0.0,0.0,0.0,0.0,0.0,0.0,0.0,0.0,0.0,0.0,0.0,0.0,0.0,0.0,0.0,0.0,0.0,0.0,0.0,0.0,0.0,0.0,0.0,0.0,0.0,0.0,0.0,0.0,0.0,0.0,0.0,0.0,0.0,0.0,0.0,0.0,0.0,0.0,0.0,0.0,0.0,0.0
0.15869579285193378,0.2547209812974597,0.4850335402602706,0.6862548577849614,0.48946885793570266,0.25294027928171126,0.0,0.0,0.0,0.03311885449435976,0.0,0.0,0.0,0.0,0.0,0.0,0.0,0.0,0.0,0.0,0.0,0.0,0.0,0.0,0.0,0.0,0.38933190917251465,0.0,0.2232798393934581,0.0,0.0,1.0,0.40669801507713743,0.0,0.0,0.0,0.0,0.0,0.0,0.0,0.0,0.0,0.0,0.0,0.0,0.0,0.0,0.0,0.0,0.0,0.0,0.0,0.0,0.0,0.0,0.0,0.0,0.0,0.0,0.0,0.0,0.0,0.0,0.0,0.0,0.0,0.0,0.0,0.0,0.0,0.0,0.0,0.0,0.0,0.0,0.0,0.0,0.0,0.0,0.0,0.0,0.0,0.0,0.0,0.0,0.0,0.0,0.0
0.2501434640807075,0.16941488892193785,0.25811354760685973,0.49147410658811835,0.6859247006951926,0.48746253945023893,0.025474265059403128,0.0,0.14190353491167365,0.3921224387488766,0.0,0.0,0.0,0.0,0.0,0.0,0.0,0.0,0.0,0.0,0.0,0.0,0.0,0.0,0.0,0.0,0.035508803145018204,0.0,0.0,0.0,0.0,0.40669801507713743,1.0,0.4191491023285141,0.0,0.0,0.0,0.0,0.0,0.0,0.0,0.0,0.0,0.0,0.0,0.0,0.0,0.0,0.0,0.0,0.0,0.0,0.0,0.0,0.0,0.0,0.0,0.0,0.0,0.0,0.0,0.0,0.0,0.0,0.0,0.0,0.0,0.0,0.0,0.0,0.0,0.0,0.0,0.0,0.0,0.0,0.0,0.0,0.0,0.0,0.0,0.0,0.0,0.0,0.0,0.0,0.0,0.0
0.2482677816136812,0.03585066271962098,0.0,0.13649117857014967,0.39005394376323155,0.4848300214958499,0.15642138239797213,0.25241174425173313,0.49192659743409456,0.68594474795047,0.0,0.0,0.0,0.03565161470679353,0.0,0.0,0.0,0.0,0.0,0.0,0.0,0.0,0.0,0.0,0.0,0.0,0.0,0.0,0.0,0.0,0.0,0.0,0.4191491023285141,1.0,0.4086805673408104,0.0,0.0,0.0,0.0,0.0,0.0,0.0,0.0,0.0,0.0,0.0,0.0,0.0,0.0,0.0,0.0,0.0,0.0,0.0,0.0,0.0,0.0,0.0,0.0,0.0,0.0,0.0,0.0,0.0,0.0,0.0,0.0,0.0,0.0,0.0,0.0,0.0,0.0,0.0,0.0,0.0,0.0,0.0,0.0,0.0,0.0,0.0,0.0,0.0,0.0,0.0,0.0,0.0
0.16324017969513693,0.0,0.0,0.0,0.03786365971508745,0.25591592265217217,0.2499198903287046,0.4859523743512524,0.6858565496685916,0.49262304154187797,0.031314024081352615,0.0,0.1425326296379308,0.39420754770746536,0.0,0.0,0.0,0.0,0.0,0.0,0.0,0.0,0.0,0.0,0.0,0.0,0.0,0.0,0.0,0.0,0.0,0.0,0.0,0.4086805673408104,1.0,0.4256383811615456,0.0,0.0,0.0,0.0,0.0,0.0,0.0,0.0,0.0,0.0,0.0,0.0,0.0,0.0,0.0,0.0,0.0,0.0,0.0,0.0,0.0,0.0,0.0,0.0,0.0,0.0,0.0,0.0,0.0,0.0,0.0,0.0,0.0,0.0,0.0,0.0,0.0,0.0,0.0,0.0,0.0,0.0,0.0,0.0,0.0,0.0,0.0,0.0,0.0,0.0,0.0,0.0
0.03456201809008831,0.0,0.0,0.0,0.0,0.0,0.2498200718685321,0.4857161889863661,0.3931617134056824,0.1423895869890084,0.1610994756723542,0.2546603886079581,0.49137839912762404,0.685914074856802,0.0,0.0,0.0,0.03535055939484756,0.0,0.0,0.0,0.0,0.0,0.0,0.0,0.0,0.0,0.0,0.0,0.0,0.0,0.0,0.0,0.0,0.4256383811615456,1.0,0.40652651200193085,0.0,0.0,0.0,0.0,0.0,0.0,0.0,0.0,0.0,0.0,0.0,0.0,0.0,0.0,0.0,0.0,0.0,0.0,0.0,0.0,0.0,0.0,0.0,0.0,0.0,0.0,0.0,0.0,0.0,0.0,0.0,0.0,0.0,0.0,0.0,0.0,0.0,0.0,0.0,0.0,0.0,0.0,0.0,0.0,0.0,0.0,0.0,0.0,0.0,0.0,0.0
0.0,0.0,0.0,0.0,0.0,0.0,0.1628450547418417,0.25576906494844603,0.03658105004465925,0.0,0.2491436892977614,0.4862236030723426,0.6858870331405463,0.49147253706928307,0.03539403538703218,0.0,0.14154156375858074,0.39334692038451174,0.0,0.0,0.0,0.0,0.0,0.0,0.0,0.0,0.0,0.0,0.0,0.0,0.0,0.0,0.0,0.0,0.0,0.40652651200193085,1.0,0.42405163956597286,0.0,0.0,0.0,0.0,0.0,0.0,0.0,0.0,0.0,0.0,0.0,0.0,0.0,0.0,0.0,0.0,0.0,0.0,0.0,0.0,0.0,0.0,0.0,0.0,0.0,0.0,0.0,0.0,0.0,0.0,0.0,0.0,0.0,0.0,0.0,0.029439828929082906,0.0,0.0,0.0,0.0,0.0,0.0,0.0,0.0,0.0,0.0,0.0,0.0,0.0,0.0
0.0,0.0,0.0,0.0,0.0,0.0,0.03539575073217975,0.0,0.0,0.0,0.24914401739807332,0.48622219977151354,0.39334833660216656,0.14154333601271513,0.16284842650829687,0.25576691461310713,0.4914719238435773,0.6858867259153064,0.0,0.0,0.0,0.03657054838406956,0.0,0.0,0.0,0.0,0.0,0.0,0.0,0.0,0.0,0.0,0.0,0.0,0.0,0.0,0.42405163956597286,1.0,0.40652606314153666,0.0,0.0,0.0,0.0,0.0,0.0,0.0,0.0,0.0,0.0,0.0,0.0,0.0,0.0,0.0,0.0,0.0,0.0,0.0,0.0,0.0,0.0,0.0,0.0,0.0,0.0,0.0,0.05625952736865967,0.1955181107161433,0.03547852916931789,0.0,0.0,0.3595939140970282,0.0,0.3611187903058357,0.0,0.0,0.0,0.0,0.0,0.0,0.0,0.0,0.0,0.0,0.0,0.0,0.0,0.0
0.0,0.0,0.0,0.0,0.0,0.0,0.0,0.0,0.0,0.0,0.16110195345201317,0.25465870060093637,0.035351849733361786,0.0,0.24982240380349174,0.4857161282073892,0.6859135358192219,0.49137883530477044,0.03456247584966358,0.0,0.14237446406754103,0.39315024541995675,0.0,0.0,0.0,0.0,0.0,0.0,0.0,0.0,0.0,0.0,0.0,0.0,0.0,0.0,0.0,0.40652606314153666,1.0,0.4256129637225715,0.0,0.0,0.0,0.0,0.0,0.0,0.0,0.0,0.0,0.0,0.0,0.0,0.0,0.0,0.0,0.0,0.0,0.0,0.06745341327671577,0.0,0.0,0.0,0.2835543390783541,0.2110430185871851,0.0,0.0,0.4268333689613379,0.46566891182953135,0.35020505980836536,0.23694218509956877,0.0,0.384779953887844,0.0,0.1892220438591559,0.0,0.0,0.0,0.0,0.0,0.0,0.0,0.0,0.0,0.0,0.0,0.0,0.0842947479266231,0.2143597682431177
0.0,0.0,0.0,0.0,0.0,0.0,0.0,0.0,0.0,0.0,0.03131588831147219,0.0,0.0,0.0,0.24992106424046368,0.48595080139080743,0.39419369934470727,0.1425186771110794,0.16324195632448968,0.25591489722857436,0.49262138244481096,0.6858567810691024,0.0,0.0,0.0,0.03785489406549806,0.0,0.0,0.0,0.0,0.0,0.0,0.0,0.0,0.0,0.0,0.0,0.0,0.4256129637225715,1.0,0.408683004019299,0.0,0.0,0.0,0.0,0.0,0.0,0.0,0.0,0.0,0.0,0.0,0.0,0.0,0.22434436398473237,0.13578427997111556,0.0,0.0,0.38833937329993284,0.328780431788305,0.17894708961787462,0.11324112119128645,0.42679212537041145,0.32303284015531714,0.2214375813776505,0.2366429864561803,0.359045182320716,0.1939587542389544,0.09503069311103969,0.15554839614799926,0.0,0.0,0.0,0.0,0.0,0.0,0.0,0.0,0.0,0.0,0.0,0.0,0.0,0.0,0.0,0.0,0.0,0.15850480259003982
0.0,0.0,0.0,0.0,0.0,0.0,0.0,0.0,0.0,0.0,0.0,0.0,0.0,0.0,0.15642784501827275,0.2524119290499784,0.03564263879965154,0.0,0.24826877942575296,0.4848298874679725,0.6859448270393793,0.4919261741013187,0.03584898696786732,0.0,0.13648245322364164,0.39004448428414307,0.0,0.0,0.0,0.0,0.0,0.0,0.0,0.0,0.0,0.0,0.0,0.0,0.0,0.408683004019299,1.0,0.4191319242514799,0.0,0.0,0.0,0.0,0.0,0.0,0.0,0.0,0.0,0.0,0.0,0.0,0.2435400710777878,0.37363751977183435,0.22576949341116864,0.005652124540765058,0.2650813065063687,0.3145582216124551,0.39892817606893516,0.45494628248890345,0.08530211508817459,0.0,0.0,0.11032208219769482,0.0,0.0,0.0,0.0,0.0,0.0,0.0,0.0,0.0,0.0,0.0,0.0,0.0,0.0,0.0525304460982173,0.2404193920352064,0.14209361429272188,0.0,0.0,0.0,0.0,0.0
0.0,0.0,0.0,0.0,0.0,0.0,0.0,0.0,0.0,0.0,0.0,0.0,0.0,0.0,0.025482141693588346,0.0,0.0,0.0,0.25014698224685766,0.4874647534039367,0.3921159312793099,0.14189130931075453,0.16941253545568075,0.25811252130990053,0.49147277757504093,0.6859245888391936,0.0,0.0355046477920166,0.0,0.0,0.0,0.0,0.0,0.0,0.0,0.0,0.0,0.0,0.0,0.0,0.4191319242514799,1.0,0.4066976214063485,0.0,0.0,0.0,0.0,0.0,0.0,0.0,0.0,0.0,0.0,0.0,0.0,0.23221513069073238,0.29162191986450337,0.07217816650703947,0.0,0.0,0.06878330925221131,0.2847535907412286,0.0,0.0,0.0,0.0,0.0,0.0,0.0,0.0,0.0,0.0,0.0,0.0,0.0,0.0,0.0,0.0,0.0,0.0,0.26763917971085915,0.23472079527300146,0.0,0.0,0.0,0.0,0.0,0.0
0.0,0.0,0.0,0.0,0.0,0.0,0.0,0.0,0.0,0.0,0.0,0.0,0.0,0.0,0.0,0.0,0.0,0.0,0.15870185537660017,0.25294234965156975,0.033115791090405876,0.0,0.25471986711659256,0.4850333178330039,0.6862553907805706,0.489469890573766,0.0,0.38932606482565213,0.0,0.22326241973081948,0.0,0.0,0.0,0.0,0.0,0.0,0.0,0.0,0.0,0.0,0.0,0.4066976214063485,1.0,0.0,0.0,0.0,0.0,0.0,0.0,0.0,0.0,0.0,0.0,0.0,0.0,0.0,0.03757637656532861,0.0,0.0,0.0,0.0,0.0,0.0,0.0,0.0,0.0,0.0,0.0,0.0,0.0,0.0,0.0,0.0,0.0,0.0,0.0,0.0,0.0,0.0,0.0,0.059287349309645916,0.0,0.0,0.0,0.0,0.0,0.0,0.0
0.39818210850383695,0.2901864106648048,0.11968205302903084,0.04256683157024576,0.10788606656073059,0.2720602568279264,0.4247066771715021,0.27072808152611005,0.16887112615703517,0.17523896524199112,0.3754400975761222,0.15089025841834405,0.03752462687694111,0.09343298133295197,0.375940025785802,0.12428580511117265,0.0,0.0,0.48601014996524405,0.25433252287866165,0.03156046720981251,0.0,0.6868659290312936,0.49268787123100466,0.2561443109372039,0.1705320323083408,0.0,0.3997449028975969,0.0,0.23311980585932024,0.16703326110504427,0.0,0.0,0.0,0.0,0.0,0.0,0.0,0.0,0.0,0.0,0.0,0.0,1.0,0.0,0.0,0.0,0.0,0.0,0.0,0.0,0.0,0.0,0.0,0.0,0.0,0.0,0.0,0.0,0.0,0.0,0.0,0.0,0.0,0.0,0.0,0.0,0.0,0.0,0.0,0.0,0.0,0.0,0.0,0.0,0.0,0.0,0.0,0.0,0.0,0.0,0.0,0.0,0.0,0.0,0.0,0.0,0.0
0.0,0.0,0.0,0.0,0.0,0.0,0.0,0.0,0.0,0.0,0.0,0.0,0.0,0.0,0.0,0.0,0.0,0.0,0.0,0.0,0.0,0.0,0.0,0.0,0.0,0.0,0.0,0.0,0.0,0.0,0.0,0.0,0.0,0.0,0.0,0.0,0.0,0.0,0.0,0.0,0.0,0.0,0.0,0.0,1.0,0.7383139470418306,0.5469777997038336,0.47239173812236096,0.5435384770653856,0.7350233912018174,0.7298209466104632,0.5455484999828557,0.47718052808864253,0.5420686373058103,0.5221579105251435,0.2988603112767406,0.21487106535569173,0.304891698301215,0.4077841205970212,0.17142044739249981,0.038305926235700276,0.08381870719333692,0.3838271907843817,0.16158045605995613,0.0,0.0,0.4314615901108891,0.24898597715780027,0.06558452424842641,0.031907628051274846,0.3056105296250824,0.1576623481848466,0.0716130968656777,0.006707858397485473,0.4860074486914874,0.1586957928519337,0.2501434640807072,0.2482677816136812,0.16324017969513693,0.03456201809008831,0.0,0.0,0.0,0.0,0.0,0.0,0.0,0.39818210850383684
0.0,0.0,0.0,0.0,0.0,0.0,0.0,0.0,0.0,0.0,0.0,0.0,0.0,0.0,0.0,0.0,0.0,0.0,0.0,0.0,0.0,0.0,0.0,0.0,0.0,0.0,0.0,0.0,0.0,0.0,0.0,0.0,0.0,0.0,0.0,0.0,0.0,0.0,0.0,0.0,0.0,0.0,0.0,0.0,0.7383139470418306,1.0,0.742583141261044,0.548581644290235,0.4834460187159347,0.5500731582182199,0.5328064966214662,0.30535240486215215,0.2189305320372535,0.30803979588504754,0.431752054527325,0.19357474235966046,0.05027706872796296,0.08936366914246456,0.42073318536739757,0.22146167166933683,0.05106267250845804,0.03280528536782545,0.4315058569742985,0.27450237852819387,0.13016679279954604,0.10344919435749962,0.41269858519292135,0.2623617852054378,0.14570827995076277,0.15234424949738543,0.5479706344087159,0.12094583660376235,0.3237510953188481,0.0,0.6868660454666919,0.2547209812974595,0.16941488892193768,0.03585066271962098,0.0,0.0,0.0,0.0,0.0,0.0,0.0,0.0,0.0,0.2901864106648049
0.0,0.0,0.0,0.0,0.0,0.0,0.0,0.0,0.0,0.0,0.0,0.0,0.0,0.0,0.0,0.0,0.0,0.0,0.0,0.0,0.0,0.0,0.0,0.0,0.0,0.0,0.0,0.0,0.0,0.0,0.0,0.0,0.0,0.0,0.0,0.0,0.0,0.0,0.0,0.0,0.0,0.0,0.0,0.0,0.5469777997038336,0.742583141261044,1.0,0.7375069279837083,0.5546030142830238,0.4813179538022276,0.29709747716426016,0.09639304848110823,0.06677270217606023,0.2178942058062824,0.175072039607823,0.0,0.0,0.0,0.18610437991994713,0.00017698133290411776,0.0,0.0,0.2489893265000119,0.14566196325135544,0.0,0.0,0.26230355300264774,0.18618605666655993,0.1032821836057595,0.08547800152521887,0.7344817379592121,0.07685069153078218,0.4912079871007743,0.0,0.4926940087751545,0.4850335402602706,0.25811354760685956,0.0,0.0,0.0,0.0,0.0,0.0,0.0,0.0,0.0,0.0,0.11968205302903068
0.0,0.0,0.0,0.0,0.0,0.0,0.0,0.0,0.0,0.0,0.0,0.0,0.0,0.0,0.0,0.0,0.0,0.0,0.0,0.0,0.0,0.0,0.0,0.0,0.0,0.0,0.0,0.0,0.0,0.0,0.0,0.0,0.0,0.0,0.0,0.0,0.0,0.0,0.0,0.0,0.0,0.0,0.0,0.0,0.47239173812236096,0.548581644290235,0.7375069279837083,1.0,0.7454829244151465,0.5489912121997564,0.20229580837756939,0.057764656517867295,0.10369164301416865,0.30906897826509144,0.019916974029684467,0.0,0.0,0.0,0.0,0.0,0.0,0.0,0.06552885602395267,0.0,0.0,0.0,0.14556998920104086,0.10317564999438313,0.0,0.0,0.5430383396905556,0.06788571226371265,0.31988478338594334,0.0,0.25614906349385724,0.6862548577849614,0.4914741065881182,0.13649117857014967,0.0,0.0,0.0,0.0,0.0,0.0,0.0,0.0,0.0,0.04256683157024576
0.0,0.0,0.0,0.0,0.0,0.0,0.0,0.0,0.0,0.0,0.0,0.0,0.0,0.0,0.0,0.0,0.0,0.0,0.0,0.0,0.0,0.0,0.0,0.0,0.0,0.0,0.0,0.0,0.0,0.0,0.0,0.0,0.0,0.0,0.0,0.0,0.0,0.0,0.0,0.0,0.0,0.0,0.0,0.0,0.5435384770653856,0.4834460187159347,0.5546030142830238,0.7454829244151465,1.0,0.7375427704686633,0.29730565638792134,0.21495184639263137,0.31421285349218653,0.5428943559226604,0.06689734610848795,0.0,0.0,0.0,0.0,0.0,0.0,0.0,0.03183883418038263,0.0,0.0,0.0,0.15218913750409546,0.08534300383849078,0.0,0.0,0.3120694229628984,0.09395935372232303,0.07805817275784863,0.017078482084893157,0.17053520191855304,0.48946885793570283,0.6859247006951924,0.39005394376323155,0.03786365971508729,0.0,0.0,0.0,0.0,0.0,0.0,0.0,0.0,0.10788606656073042
0.0,0.0,0.0,0.0,0.0,0.0,0.0,0.0,0.0,0.0,0.0,0.0,0.0,0.0,0.0,0.0,0.0,0.0,0.0,0.0,0.0,0.0,0.0,0.0,0.0,0.0,0.0,0.0,0.0,0.0,0.0,0.0,0.0,0.0,0.0,0.0,0.0,0.0,0.0,0.0,0.0,0.0,0.0,0.0,0.7350233912018174,0.5500731582182199,0.4813179538022276,0.5489912121997564,0.7375427704686633,1.0,0.5375661249756967,0.4766081358438507,0.5524561612333333,0.7354881235208418,0.28586143238292905,0.08635730467791865,0.06060133795999131,0.2150746984854226,0.15346978290287575,0.0,0.0,0.0,0.16154292005237364,0.0,0.0,0.0,0.27439900505893383,0.14558795074621766,0.0,0.0,0.21596781697175224,0.13203623228608838,0.0,0.03579455171548624,0.25433367511914595,0.2529402792817114,0.4874625394502388,0.4848300214958499,0.25591592265217206,0.0,0.0,0.0,0.0,0.0,0.0,0.0,0.0,0.2720602568279264
0.0,0.0,0.0,0.0,0.0,0.0,0.0,0.0,0.0,0.0,0.0,0.0,0.0,0.0,0.0,0.019545758102360134,0.0,0.0,0.0,0.01589071902379767,0.09700361251973956,0.11017276184157203,0.0,0.0,0.0,0.0,0.0,0.0,0.0,0.0,0.0,0.0,0.0,0.0,0.0,0.0,0.0,0.0,0.0,0.0,0.0,0.0,0.0,0.0,0.7298209466104632,0.5328064966214662,0.29709747716426016,0.20229580837756939,0.29730565638792134,0.5375661249756967,1.0,0.7368528475016881,0.5418854720036518,0.4701942341901224,0.7308264638323243,0.5451787832379931,0.4764130490941199,0.5430519704882654,0.5198527798763998,0.2935222698552584,0.21184228094827157,0.30480510083134976,0.407786574398247,0.15348813531289723,0.017353149384258987,0.07142465094779675,0.42071680751284174,0.18610608698314687,0.0,0.0,0.08084993595442799,0.0801509490794754,0.0,0.0,0.3759298842880735,0.0,0.025474265059402965,0.15642138239797213,0.2499198903287046,0.24982007186853203,0.16284505474184144,0.03539575073217992,0.0,0.0,0.0,0.0,0.0,0.42470667717150196
0.0,0.0,0.0,0.0,0.0,0.0,0.0,0.0,0.0,0.0,0.0,0.0,0.0,0.0,0.0,0.0,0.0,0.0,0.0,0.047345164076641195,0.056214679212252885,0.03075597984308149,0.0,0.0,0.0,0.0035227624456283615,0.0,0.0,0.0,0.0,0.0,0.0,0.0,0.0,0.0,0.0,0.0,0.0,0.0,0.0,0.0,0.0,0.0,0.0,0.5455484999828557,0.30535240486215215,0.09639304848110823,0.057764656517867295,0.21495184639263137,0.4766081358438507,0.7368528475016881,1.0,0.7348703454164834,0.548795907911105,0.5433979639563902,0.47900704138855943,0.5523389552978423,0.7361458302255331,0.29351614505080525,0.08718427079573404,0.059381497098959686,0.21597586197465923,0.17140609692605338,0.0,0.0,0.0,0.22142593191659585,0.00014795218028051949,0.0,0.0,0.0,0.0,0.0,0.0,0.12427241280540804,0.0,0.0,0.252411744251733,0.4859523743512525,0.48571618898636604,0.2557690649484458,0.0,0.0,0.0,0.0,0.0,0.0,0.27072808152610994
0.0,0.0,0.0,0.0,0.0,0.0,0.0,0.0,0.0,0.0,0.0,0.0,0.0,0.0,0.0,0.0,0.0,0.0,0.0,0.0,0.0,0.0,0.0,0.0,0.0,0.0,0.0,0.0,0.0,0.0,0.0,0.0,0.0,0.0,0.0,0.0,0.0,0.0,0.0,0.0,0.0,0.0,0.0,0.0,0.47718052808864253,0.2189305320372535,0.06677270217606023,0.10369164301416865,0.31421285349218653,0.5524561612333333,0.5418854720036518,0.7348703454164834,1.0,0.7479106835097015,0.299882083048783,0.21396651921929521,0.3124296422978927,0.5431636116276972,0.07140647900059198,0.0,0.0,0.0,0.0,0.0,0.0,0.0,0.10337071009332224,0.0,0.0,0.0,0.0,0.0,0.0,0.0,0.0,0.0,0.14190353491167348,0.4919265974340945,0.6858565496685917,0.3931617134056824,0.036581050044658926,0.0,0.0,0.0,0.0,0.0,0.0,0.168871126157035
