1.0,0.7383139470418306,0.5469777997038336,0.47239173812236096,0.5435384770653856,0.7350233912018173,0.7298209466104632,0.5455484999828557,0.4771805280886426,0.5420686373058103,0.5221579105251435,0.29886031127674056,0.21487106535569173,0.30489169830121493,0.40778412059702107,0.17142044739249981,0.038305926235700276,0.08381870719333692,0.3838271907843817,0.1615804560599563,0.0,0.0,0.4314615901108891,0.2489859771578001,0.06558452424842641,0.031907628051275005,0.30561052962508256,0.1576623481848466,0.07161309686567753,0.006707858397485473,0.48600744869148754,0.1586957928519337,0.2501434640807073,0.2482677816136812,0.16324017969513693,0.03456201809008831,0.0,0.0,0.0,0.0,0.0,0.0,0.0,0.39818210850383684,0.0,0.0,0.0,0.0,0.0,0.0,0.0,0.0,0.0,0.0,0.0,0.0,0.0,0.0,0.0,0.0,0.0,0.0,0.0,0.0,0.0,0.0,0.0,0.0,0.0,0.0,0.0,0.0,0.0,0.0,0.0,0.0,0.0,0.0016291303049262192,0.0,0.0,0.0,0.0,0.0,0.0,0.0,0.0,0.0,0.0
0.7383139470418306,1.0,0.742583141261044,0.548581644290235,0.4834460187159347,0.5500731582182198,0.5328064966214661,0.30535240486215215,0.21893053203725366,0.30803979588504754,0.431752054527325,0.19357474235966046,0.05027706872796296,0.08936366914246456,0.4207331853673975,0.22146167166933683,0.05106267250845821,0.03280528536782545,0.4315058569742985,0.27450237852819387,0.13016679279954604,0.10344919435749962,0.41269858519292124,0.26236178520543785,0.14570827995076277,0.15234424949738543,0.547970634408716,0.12094583660376235,0.32375109531884805,0.0,0.686866045466692,0.2547209812974595,0.16941488892193776,0.03585066271962098,0.0,0.0,0.0,0.0,0.0,0.0,0.0,0.0,0.0,0.2901864106648049,0.0,0.0,0.0,0.0,0.0,0.0,0.0,0.0,0.14185472244821493,0.195992836054607,0.0,0.0,0.0,0.0,0.0,0.0,0.0,0.0,0.0,0.0,0.0,0.0,0.0,0.0,0.0,0.0,0.0,0.0,0.0,0.0,0.0,0.0,0.0,0.23910373863864293,0.12239308401829106,0.0,0.0,0.0,0.0,0.0,0.0,0.0,0.0,0.0
0.5469777997038336,0.742583141261044,1.0,0.7375069279837084,0.554603014283024,0.4813179538022276,0.29709747716426027,0.09639304848110823,0.06677270217606038,0.21789420580628258,0.175072039607823,0.0,0.0,0.0,0.18610437991994713,0.00017698133290395328,0.0,0.0,0.2489893265000119,0.14566196325135544,0.0,0.0,0.26230355300264774,0.18618605666655993,0.1032821836057595,0.08547800152521887,0.7344817379592121,0.07685069153078218,0.49120798710077396,0.0,0.4926940087751545,0.4850335402602708,0.25811354760686,0.0,0.0,0.0,0.0,0.0,0.0,0.0,0.0,0.0,0.0,0.11968205302903084,0.0,0.0,0.0,0.0,0.0,0.0,0.0,0.0,0.030821535627751834,0.1506720470239737,0.0,0.0,0.0,0.0,0.0,0.0,0.0,0.0,0.0,0.0,0.0,0.0,0.0,0.0,0.0,0.0,0.0,0.0,0.0,0.0,0.0,0.0,0.008528479526776798,0.22338952561037226,0.0,0.0,0.0,0.0,0.0,0.0,0.0,0.0,0.0,0.0
0.47239173812236096,0.548581644290235,0.7375069279837084,1.0,0.7454829244151465,0.5489912121997563,0.20229580837756939,0.05776465651786713,0.10369164301416865,0.30906897826509144,0.019916974029684467,0.0,0.0,0.0,0.0,0.0,0.0,0.0,0.06552885602395267,0.0,0.0,0.0,0.14556998920104086,0.10317564999438313,0.0,0.0,0.5430383396905557,0.06788571226371265,0.31988478338594317,0.0,0.2561490634938574,0.6862548577849614,0.49147410658811835,0.13649117857014967,0.0,0.0,0.0,0.0,0.0,0.0,0.0,0.0,0.0,0.04256683157024576,0.0,0.0,0.0,0.0,0.0,0.0,0.0,0.0,0.0,0.0,0.0,0.0,0.0,0.0,0.0,0.0,0.0,0.0,0.0,0.0,0.0,0.0,0.0,0.0,0.0,0.0,0.0,0.0,0.0,0.0,0.0,0.0,0.0,0.0,0.0,0.0,0.0,0.0,0.0,0.0,0.0,0.0,0.0,0.0
0.5435384770653856,0.4834460187159347,0.554603014283024,0.7454829244151465,1.0,0.7375427704686633,0.29730565638792134,0.21495184639263137,0.31421285349218653,0.5428943559226604,0.06689734610848795,0.0,0.0,0.0,0.0,0.0,0.0,0.0,0.03183883418038263,0.0,0.0,0.0,0.15218913750409546,0.08534300383849078,0.0,0.0,0.3120694229628986,0.09395935372232303,0.07805817275784863,0.017078482084893157,0.17053520191855312,0.48946885793570283,0.6859247006951925,0.39005394376323155,0.03786365971508729,0.0,0.0,0.0,0.0,0.0,0.0,0.0,0.0,0.10788606656073042,0.0,0.0,0.0,0.0,0.0,0.0,0.0,0.0,0.0,0.0,0.0,0.0,0.0,0.0,0.0,0.0,0.0,0.0,0.0,0.0,0.0,0.0,0.0,0.0,0.0,0.0,0.0,0.0,0.0,0.0,0.0,0.0,0.0,0.0,0.0,0.0,0.0,0.0,0.0,0.0,0.0,0.0,0.0,0.0
0.7350233912018173,0.5500731582182198,0.4813179538022276,0.5489912121997563,0.7375427704686633,1.0,0.5375661249756967,0.4766081358438507,0.5524561612333334,0.7354881235208419,0.28586143238292894,0.08635730467791848,0.06060133795999131,0.2150746984854226,0.1534697829028756,0.0,0.0,0.0,0.1615429200523735,0.0,0.0,0.0,0.27439900505893383,0.1455879507462175,0.0,0.0,0.21596781697175224,0.13203623228608838,0.0,0.03579455171548624,0.254333675119146,0.25294027928171137,0.48746253945023893,0.48483002149584997,0.25591592265217217,0.0,0.0,0.0,0.0,0.0,0.0,0.0,0.0,0.2720602568279263,0.0,0.0,0.0,0.0,0.0,0.0,0.0,0.0,0.0,0.0,0.0,0.0,0.0,0.0,0.0,0.0,0.0,0.0,0.0,0.0,0.0,0.0,0.0,0.0,0.0,0.0,0.0,0.0,0.0,0.0,0.0,0.0,0.0,0.0,0.0,0.0,0.0,0.0,0.0,0.0,0.0,0.0,0.0,0.0
0.7298209466104632,0.5328064966214661,0.29709747716426027,0.20229580837756939,0.29730565638792134,0.5375661249756967,1.0,0.7368528475016881,0.541885472003652,0.47019423419012246,0.7308264638323242,0.5451787832379931,0.4764130490941199,0.5430519704882654,0.5198527798763997,0.2935222698552584,0.21184228094827173,0.3048051008313497,0.4077865743982469,0.15348813531289723,0.017353149384258987,0.07142465094779675,0.42071680751284174,0.18610608698314673,0.0,0.0,0.08084993595442799,0.0801509490794754,0.0,0.0,0.37592988428807356,0.0,0.025474265059403128,0.15642138239797213,0.24991989032870476,0.24982007186853203,0.16284505474184144,0.03539575073217975,0.0,0.0,0.0,0.0,0.0,0.42470667717150196,0.0,0.0,0.0,0.0,0.0,0.0,0.0,0.0,0.0,0.0,0.0,0.0,0.0,0.0,0.0,0.0,0.0,0.0,0.0,0.0,0.0,0.0,0.0,0.0,0.0,0.0,0.0,0.0,0.0,0.0,0.0,0.0,0.0,0.0,0.0,0.0,0.0,0.0,0.0,0.0,0.0,0.0,0.0,0.0
0.5455484999828557,0.30535240486215215,0.09639304848110823,0.05776465651786713,0.21495184639263137,0.4766081358438507,0.7368528475016881,1.0,0.7348703454164836,0.5487959079111051,0.54339796395639,0.47900704138855926,0.5523389552978423,0.7361458302255331,0.29351614505080503,0.08718427079573404,0.059381497098959686,0.21597586197465923,0.17140609692605321,0.0,0.0,0.0,0.22142593191659585,0.000147952180280355,0.0,0.0,0.0,0.0,0.0,0.0,0.12427241280540804,0.0,0.0,0.25241174425173313,0.48595237435125255,0.48571618898636604,0.2557690649484458,0.0,0.0,0.0,0.0,0.0,0.0,0.27072808152610994,0.0,0.0,0.0,0.0,0.0,0.0,0.0,0.0,0.0,0.0,0.0,0.0,0.0,0.0,0.0,0.0,0.0,0.0,0.0,0.0,0.0,0.0,0.0,0.0,0.0,0.0,0.0,0.0,0.0,0.0,0.0,0.0,0.0,0.0,0.0,0.0,0.0,0.0,0.0,0.0,0.0,0.0,0.0,0.0
0.4771805280886426,0.21893053203725366,0.06677270217606038,0.10369164301416865,0.31421285349218653,0.5524561612333334,0.541885472003652,0.7348703454164836,1.0,0.7479106835097015,0.299882083048783,0.21396651921929521,0.3124296422978928,0.5431636116276972,0.07140647900059198,0.0,0.0,0.0,0.0,0.0,0.0,0.0,0.10337071009332241,0.0,0.0,0.0,0.0,0.0,0.0,0.0,0.0,0.0,0.14190353491167348,0.4919265974340944,0.6858565496685917,0.3931617134056824,0.036581050044658926,0.0,0.0,0.0,0.0,0.0,0.0,0.168871126157035,0.0,0.0,0.0,0.0,0.0,0.0,0.0,0.0,0.0,0.0,0.0,0.0,0.0,0.0,0.0,0.0,0.0,0.0,0.0,0.0,0.0,0.0,0.0,0.0,0.0,0.0,0.0,0.0,0.0,0.0,0.0,0.0,0.0,0.0,0.0,0.0,0.0,0.0,0.0,0.0,0.0,0.0,0.0,0.0
0.5420686373058103,0.30803979588504754,0.21789420580628258,0.30906897826509144,0.5428943559226604,0.7354881235208419,0.47019423419012246,0.5487959079111051,0.7479106835097015,1.0,0.20244430853739345,0.05572745366887644,0.10312015075915552,0.3114754630196249,0.017327098799989327,0.0,0.0,0.0,0.0,0.0,0.0,0.0,0.13005598125726386,0.0,0.0,0.0,0.0,0.02039013189565391,0.0,0.0,0.031554756700367774,0.03311885449435976,0.39212243874887664,0.6859447479504699,0.4926230415418778,0.14238958698900822,0.0,0.0,0.0,0.0,0.0,0.0,0.0,0.17523896524199095,0.0,0.0,0.0,0.0,0.0,0.0,0.0,0.0,0.0,0.0,0.0,0.0,0.0,0.0,0.0,0.0,0.0,0.0,0.0,0.0,0.0,0.0,0.0,0.0,0.0,0.0,0.0,0.0,0.0,0.0,0.0,0.0,0.0,0.0,0.0,0.0,0.0,0.0,0.0,0.0,0.0,0.0,0.0,0.0
0.5221579105251435,0.431752054527325,0.175072039607823,0.019916974029684467,0.06689734610848795,0.28586143238292894,0.7308264638323242,0.54339796395639,0.299882083048783,0.20244430853739345,1.0,0.7354323781625468,0.5421419274645195,0.4746518351573249,0.7308288045820472,0.5433979663372505,0.4746542432782757,0.5421426079431756,0.5221667061097922,0.2858717381030549,0.20245579436209007,0.299887776323352,0.4317620622509219,0.17508525769304936,0.019936751683187204,0.06691565976381401,0.012207784962312809,0.012222293102080223,0.0,0.0,0.37543212087082284,0.0,0.0,0.0,0.03131402408135245,0.16109947567235403,0.24914368929776123,0.24914401739807357,0.1611019534520135,0.031315888311472355,0.0,0.0,0.0,0.3754400975761221,0.0,0.0,0.0,0.0,0.0,0.0,0.0,0.0,0.09975279933404252,0.0011757924183741363,0.0,0.0,0.0,0.0,0.0,0.0,0.0,0.0,0.0,0.0,0.0,0.0,0.0,0.0,0.0,0.0,0.0,0.0,0.0,0.0,0.0,0.0,0.0,0.0,0.14681635765703607,0.0,0.0,0.0,0.0,0.0,0.0,0.0,0.0,0.0
0.29886031127674056,0.19357474235966046,0.0,0.0,0.0,0.08635730467791848,0.5451787832379931,0.47900704138855926,0.21396651921929521,0.05572745366887644,0.7354323781625468,1.0,0.7361615431526495,0.5512996423514421,0.5451796946204333,0.4790021266346336,0.551297785853499,0.7361592056139994,0.2988637138672957,0.08635444455656112,0.055724187969312826,0.2139609272092744,0.19358512654214177,0.0,0.0,0.0,0.0,0.0,0.0,0.0,0.15087128918159018,0.0,0.0,0.0,0.0,0.2546603886079579,0.48622360307234225,0.4862221997715139,0.25465870060093665,0.0,0.0,0.0,0.0,0.15089025841834405,0.0,0.0,0.0,0.0,0.0,0.0,0.0,0.0,0.023736626946055033,0.0,0.0,0.0,0.0,0.0,0.0,0.0,0.0,0.0,0.0,0.0,0.0,0.0,0.0,0.0,0.0,0.0,0.0,0.0,0.0,0.0,0.0,0.0,0.0,0.0,0.09046359647693315,0.0,0.0,0.0,0.0,0.0,0.0,0.0,0.0,0.0
0.21487106535569173,0.05027706872796296,0.0,0.0,0.0,0.06060133795999131,0.4764130490941199,0.5523389552978423,0.3124296422978928,0.10312015075915552,0.5421419274645195,0.7361615431526495,1.0,0.7473481230401998,0.304802430600131,0.21597017944033695,0.3119646090002026,0.5435038353961658,0.08381303411179065,0.0,0.0,0.0,0.03280149334832063,0.0,0.0,0.0,0.0,0.0,0.0,0.0,0.0,0.0,0.0,0.0,0.14253262963793098,0.49137839912762393,0.6858870331405461,0.3933483366021666,0.035351849733361786,0.0,0.0,0.0,0.0,0.03752462687694111,0.0,0.0,0.0,0.0,0.0,0.0,0.0,0.0,0.0,0.0,0.0,0.0,0.0,0.0,0.0,0.0,0.0,0.0,0.0,0.0,0.0,0.0,0.0,0.0,0.0,0.0,0.0,0.0,0.0,0.0,0.0,0.0,0.0,0.0,0.0,0.0,0.0,0.0,0.0,0.0,0.0,0.0,0.0,0.0
0.30489169830121493,0.08936366914246456,0.0,0.0,0.0,0.2150746984854226,0.5430519704882654,0.7361458302255331,0.5431636116276972,0.3114754630196249,0.4746518351573249,0.5512996423514421,0.7473481230401998,1.0,0.21183341108044007,0.05937307696306038,0.10277034243846458,0.31196428739286713,0.038289607023426084,0.0,0.0,0.0,0.051038406766694765,0.0,0.0,0.0,0.0,0.0,0.0,0.0,0.0,0.0,0.0,0.035651614706793205,0.39420754770746536,0.6859140748568019,0.4914725370692829,0.1415433360127153,0.0,0.0,0.0,0.0,0.0,0.09343298133295197,0.0,0.0,0.0,0.0,0.0,0.0,0.0,0.0,0.0,0.0,0.0,0.0,0.0,0.0,0.0,0.0,0.0,0.0,0.0,0.0,0.0,0.0,0.0,0.0,0.0,0.0,0.0,0.0,0.0,0.0,0.0,0.0,0.0,0.0,0.0,0.0,0.0,0.0,0.0,0.0,0.0,0.0,0.0,0.0
0.40778412059702107,0.4207331853673975,0.18610437991994713,0.0,0.0,0.1534697829028756,0.5198527798763997,0.29351614505080503,0.07140647900059198,0.017327098799989327,0.7308288045820472,0.5451796946204333,0.304802430600131,0.21183341108044007,1.0,0.7368527762689238,0.5430556115965737,0.4764166343147861,0.7298257534966957,0.5375700866689296,0.470200125930595,0.5418886681181906,0.5328142915125899,0.29710563677779145,0.20230569592379313,0.297313862743821,0.08015471496018457,0.08085963873778533,0.0,0.0,0.4247553954265031,0.0,0.0,0.0,0.0,0.0,0.03539403538703169,0.16284842650829687,0.24982240380349174,0.2499210642404638,0.15642784501827284,0.025482141693588513,0.0,0.37594002578580193,0.0,0.0,0.0,0.0,0.0,0.0,0.0,0.07550622153575245,0.22317898141401013,0.13508047170639742,0.0,0.0,0.0,0.03269026883612882,0.0,0.0,0.0,0.0,0.0,0.0,0.0,0.0,0.0,0.0,0.0,0.0,0.0,0.0,0.0,0.0,0.0,0.0,0.0,0.05220433545978642,0.2248020314138029,0.0017219804033173378,0.0,0.0,0.0,0.0,0.0,0.0,0.0,0.0
0.17142044739249981,0.22146167166933683,0.00017698133290395328,0.0,0.0,0.0,0.2935222698552584,0.08718427079573404,0.0,0.0,0.5433979663372505,0.4790021266346336,0.21597017944033695,0.05937307696306038,0.7368527762689238,1.0,0.7361456602542326,0.5523371406465432,0.5455499521176909,0.4766053610896234,0.5487945418173366,0.7348705327499016,0.3053590639841883,0.09639540756219542,0.05776221228992018,0.21494681869976737,0.0,0.0,0.0,0.0,0.27078988157135286,0.0,0.0,0.0,0.0,0.0,0.0,0.25576691461310713,0.485716128207389,0.48595080139080743,0.2524119290499784,0.0,0.0,0.12428580511117265,0.0,0.0,0.0,0.0,0.0,0.0,0.06730668922957397,0.25893915923090416,0.3409494681275303,0.19560386866427104,0.0,0.0,0.05537315876742986,0.2519158753317753,0.0,0.0,0.0,0.0,0.0,0.0,0.0,0.0,0.0,0.0,0.0,0.0,0.0,0.0,0.0,0.0,0.0,0.0,0.0,0.050473510205884135,0.3233735610341747,0.2087968592330993,0.0,0.0,0.0,0.0,0.0,0.0,0.0,0.0
0.038305926235700276,0.05106267250845821,0.0,0.0,0.0,0.0,0.21184228094827173,0.059381497098959686,0.0,0.0,0.4746542432782757,0.551297785853499,0.3119646090002026,0.10277034243846458,0.5430556115965737,0.7361456602542326,1.0,0.7473484584897544,0.3048952565747837,0.21506851452190062,0.31146673734876074,0.5431560000671002,0.08937519339701717,0.0,0.0,0.0,0.0,0.0,0.0,0.0,0.09346172320626725,0.0,0.0,0.0,0.0,0.0,0.14154156375858074,0.49147192384357746,0.6859135358192219,0.3941936993447071,0.03564263879965137,0.0,0.0,0.0,0.0,0.0,0.0,0.0,0.0,0.0,0.009876111433586,0.2325050631553984,0.2701356724323145,0.07009612474931522,0.0,0.0,0.14014157865258334,0.3157349903069025,0.0,0.0,0.0,0.0,0.0,0.0,0.0,0.0,0.0,0.0,0.0,0.0,0.0,0.0,0.0,0.0,0.0,0.0,0.0,0.0,0.28513450077895697,0.324436921813942,0.0,0.0,0.0,0.0,0.0,0.0,0.0,0.0
0.08381870719333692,0.03280528536782545,0.0,0.0,0.0,0.0,0.3048051008313497,0.21597586197465923,0.0,0.0,0.5421426079431756,0.7361592056139994,0.5435038353961658,0.31196428739286713,0.4764166343147861,0.5523371406465432,0.7473484584897544,1.0,0.2148751877658781,0.06059522657255388,0.10311212987862836,0.31242213518585915,0.05028995631254387,0.0,0.0,0.0,0.0,0.0,0.0,0.0,0.03752211385814739,0.0,0.0,0.0,0.0,0.03535055939484756,0.39334692038451163,0.6858867259153064,0.49137883530477044,0.1425186771110794,0.0,0.0,0.0,0.0,0.0,0.0,0.0,0.0,0.0,0.0,0.0,0.032663260861535925,0.10190328143975345,0.0,0.0,0.0,0.0,0.1320415363028809,0.0,0.0,0.0,0.0,0.0,0.0,0.0,0.0,0.0,0.0,0.0,0.0,0.0,0.0,0.0,0.0,0.0,0.0,0.0,0.0,0.15459367399054855,0.1796253519871918,0.0,0.0,0.0,0.0,0.0,0.0,0.0,0.0
0.3838271907843817,0.4315058569742985,0.2489893265000119,0.06552885602395267,0.03183883418038263,0.1615429200523735,0.4077865743982469,0.17140609692605321,0.0,0.0,0.5221667061097922,0.2988637138672957,0.08381303411179065,0.038289607023426084,0.7298257534966957,0.5455499521176909,0.3048952565747837,0.2148751877658781,1.0,0.735022585834375,0.5420713512695979,0.47718195864692464,0.7383155944336147,0.5469816225267857,0.47239706716862345,0.5435422080994847,0.15768126553076103,0.30561563575797107,0.0067201203766539715,0.0716223398667655,0.39829013292937054,0.0,0.0,0.0,0.0,0.0,0.0,0.0,0.03456247584966358,0.16324195632448976,0.24826877942575296,0.2501469822468575,0.15870185537660017,0.48601014996524416,0.0,0.0,0.0,0.0,0.0,0.0,0.0,0.0,0.10748904279360787,0.08333820820536797,0.0,0.0,0.0,0.0,0.0,0.0,0.0,0.0,0.0,0.0,0.0,0.0,0.0,0.0,0.0,0.0,0.0,0.0,0.0,0.0,0.0,0.0,0.0,0.018836077090892946,0.06219655157062164,0.0,0.0,0.0,0.0,0.0,0.0,0.0,0.0,0.0
0.1615804560599563,0.27450237852819387,0.14566196325135544,0.0,0.0,0.0,0.15348813531289723,0.0,0.0,0.0,0.2858717381030549,0.08635444455656112,0.0,0.0,0.5375700866689296,0.4766053610896234,0.21506851452190062,0.06059522657255388,0.735022585834375,1.0,0.7354896053941798,0.5524535749811877,0.5500705872099635,0.4813178531672094,0.5489921430807277,0.7375441280716494,0.13214179630037604,0.21596765342841764,0.035898323179360606,0.0,0.27223432771952255,0.0,0.0,0.0,0.0,0.0,0.0,0.0,0.0,0.25591489722857425,0.4848298874679724,0.4874647534039365,0.25294234965157003,0.254332522878662,0.0,0.0,0.0,0.0,0.0,0.0047077918615538675,0.0,0.02144918665311417,0.13713272689077544,0.13827391110410658,0.0,0.0,0.0,0.0,0.0,0.0,0.0,0.0,0.0,0.0,0.0,0.0,0.0,0.0,0.0,0.0,0.0,0.13774636484689753,0.0,0.21761437731900907,0.0,0.0,0.0,0.03875808336772298,0.032584758441612176,0.0,0.0,0.0,0.0,0.0,0.0,0.0,0.0,0.022047778014683887
0.0,0.13016679279954604,0.0,0.0,0.0,0.0,0.017353149384258987,0.0,0.0,0.0,0.20245579436209007,0.055724187969312826,0.0,0.0,0.470200125930595,0.5487945418173366,0.31146673734876074,0.10311212987862836,0.5420713512695979,0.7354896053941798,1.0,0.7479076582803363,0.30804214675671565,0.21789532178551752,0.3090664779556065,0.542890215720985,0.02052408098207532,0.0,0.0,0.0,0.1754093799917178,0.0,0.0,0.0,0.0,0.0,0.0,0.0,0.14237446406754087,0.49262138244481085,0.6859448270393791,0.3921159312793098,0.03311579109040621,0.031560467209812836,0.08254034755131497,0.0,0.0,0.0,0.0,0.12977946434664903,0.15028405904738668,0.22168069595084844,0.27671788828790855,0.2379070858292367,0.021323179712524454,0.0,0.0,0.10890065842470019,0.0,0.0,0.0,0.0,0.0,0.0,0.0,0.0,0.18654947160473465,0.12659610971461932,0.0,0.0,0.0,0.2532965430741966,0.0,0.2678174238654986,0.0,0.0,0.0,0.07614072388711027,0.13917844164245616,0.0,0.0,0.0,0.0,0.0,0.0,0.0,0.0,0.24487255821498138
0.0,0.10344919435749962,0.0,0.0,0.0,0.0,0.07142465094779675,0.0,0.0,0.0,0.299887776323352,0.2139609272092744,0.0,0.0,0.5418886681181906,0.7348705327499016,0.5431560000671002,0.31242213518585915,0.47718195864692464,0.5524535749811877,0.7479076582803363,1.0,0.21893465719630947,0.06677278598621772,0.10368565831490195,0.3142044574913307,0.0,0.0,0.0,0.0,0.16899128506470326,0.0,0.0,0.0,0.0,0.0,0.0,0.03657054838406956,0.3931502454199566,0.6858567810691024,0.4919261741013187,0.14189130931075436,0.0,0.0,0.09147173939578032,0.0,0.0,0.0,0.0,0.1130855993332571,0.22233890301195117,0.3515888837771533,0.37845348834153936,0.2580526826814453,0.10670780817240805,0.045688927967022015,0.13439710225518275,0.30043485421933885,0.0,0.0,0.0,0.0,0.0,0.0,0.0,0.0,0.1173667710607016,0.0,0.0,0.0,0.0,0.06862981274380671,0.0,0.045418542419472005,0.0,0.0,0.0,0.07181836602100325,0.2774225460589324,0.1838378717691864,0.0,0.0,0.0,0.0,0.0,0.0,0.0,0.19315824485409758
0.4314615901108891,0.41269858519292124,0.26230355300264774,0.14556998920104086,0.15218913750409546,0.27439900505893383,0.42071680751284174,0.22142593191659585,0.10337071009332241,0.13005598125726386,0.4317620622509219,0.19358512654214177,0.03280149334832063,0.051038406766694765,0.5328142915125899,0.3053590639841883,0.08937519339701717,0.05028995631254387,0.7383155944336147,0.5500705872099635,0.30804214675671565,0.21893465719630947,1.0,0.7425818852522057,0.5485802972346925,0.4834438056908197,0.12090926889204179,0.5479730252615976,0.0,0.323759465309105,0.2902516664604291,0.0,0.0,0.0,0.0,0.0,0.0,0.0,0.0,0.0,0.03584898696786732,0.16941253545568066,0.2547198671165927,0.6868659290312938,0.0,0.0,0.0,0.0,0.0,0.0,0.0,0.0,0.0,0.0,0.0,0.0,0.0,0.0,0.0,0.0,0.0,0.0,0.0,0.0,0.0,0.0,0.0,0.0,0.0,0.0,0.0,0.0,0.0,0.0,0.0,0.0,0.0,0.0,0.0,0.0,0.0,0.0,0.0,0.0,0.0,0.0,0.0,0.0
0.2489859771578001,0.26236178520543785,0.18618605666655993,0.10317564999438313,0.08534300383849078,0.1455879507462175,0.18610608698314673,0.000147952180280355,0.0,0.0,0.17508525769304936,0.0,0.0,0.0,0.29710563677779145,0.09639540756219542,0.0,0.0,0.5469816225267857,0.4813178531672094,0.21789532178551752,0.06677278598621772,0.7425818852522057,1.0,0.7375068724413247,0.5546024888439943,0.07687834178870052,0.7344819270168361,0.0,0.49120834712921013,0.11980247429271008,0.0,0.0,0.0,0.0,0.0,0.0,0.0,0.0,0.0,0.0,0.25811252130990064,0.4850333178330039,0.4926878712310047,0.0,0.0,0.0,0.0,0.0,0.0,0.0,0.0,0.0,0.0,0.0,0.0,0.0,0.0,0.0,0.0,0.0,0.0,0.0,0.0,0.0,0.0,0.0,0.0,0.0,0.0,0.0,0.0,0.0,0.0,0.0,0.0,0.0,0.0,0.0,0.0,0.0,0.0,0.0,0.0,0.0,0.0,0.0,0.0
0.06558452424842641,0.14570827995076277,0.1032821836057595,0.0,0.0,0.0,0.0,0.0,0.0,0.0,0.019936751683187204,0.0,0.0,0.0,0.20230569592379313,0.05776221228992018,0.0,0.0,0.47239706716862345,0.5489921430807277,0.3090664779556065,0.10368565831490195,0.5485802972346925,0.7375068724413247,1.0,0.7454826462943135,0.06803428577842317,0.5430352198362741,0.0,0.31987606616431646,0.042764425903736136,0.0,0.0,0.0,0.0,0.0,0.0,0.0,0.0,0.0,0.1364824532236418,0.491472777575041,0.6862553907805705,0.2561443109372041,0.0,0.0,0.0,0.0,0.0,0.0,0.0,0.0,0.0,0.0,0.0,0.0,0.0,0.0,0.0,0.0,0.0,0.0,0.0,0.0,0.0,0.0,0.0,0.0,0.0,0.0,0.0,0.0,0.0,0.14189289434379054,0.0,0.0,0.0,0.0,0.0,0.0,0.0,0.0,0.0,0.0,0.0,0.0,0.0,0.0
0.031907628051275005,0.15234424949738543,0.08547800152521887,0.0,0.0,0.0,0.0,0.0,0.0,0.0,0.06691565976381401,0.0,0.0,0.0,0.297313862743821,0.21494681869976737,0.0,0.0,0.5435422080994847,0.7375441280716494,0.542890215720985,0.3142044574913307,0.4834438056908197,0.5546024888439943,0.7454826462943135,1.0,0.09414430954216428,0.31206690008758153,0.0172721234190703,0.07805122453399721,0.10810681957804459,0.0,0.0,0.0,0.0,0.0,0.0,0.0,0.0,0.03785489406549806,0.3900444842841429,0.6859245888391935,0.4894698905737664,0.17053203230834096,0.0,0.0,0.0,0.0,0.0,0.0,0.0,0.0,0.0,0.0,0.0,0.0,0.0,0.0,0.0,0.0,0.0,0.0,0.0,0.0,0.0,0.0,0.0,0.0,0.0,0.0,0.0,0.19723329138967635,0.0,0.33000228002473914,0.0,0.0,0.0,0.0,0.0,0.0,0.0,0.0,0.0,0.0,0.0,0.0,0.0,0.0
0.30561052962508256,0.547970634408716,0.7344817379592121,0.5430383396905557,0.3120694229628986,0.21596781697175224,0.08084993595442799,0.0,0.0,0.0,0.012207784962312809,0.0,0.0,0.0,0.08015471496018457,0.0,0.0,0.0,0.15768126553076103,0.13214179630037604,0.02052408098207532,0.0,0.12090926889204179,0.07687834178870052,0.06803428577842317,0.09414430954216428,1.0,0.0,0.7567246438217498,0.0,0.3997485927527604,0.38933190917251465,0.03550880314501837,0.0,0.0,0.0,0.0,0.0,0.0,0.0,0.0,0.0,0.0,0.0,0.0,0.0,0.0,0.0,0.20514694944867481,0.1610900432303538,0.0,0.0,0.1136561471046946,0.29071972500369503,0.0,0.0,0.0,0.0,0.0,0.0,0.0,0.0,0.0,0.0,0.0,0.0,0.0,0.0,0.0,0.0,0.0,0.0,0.0,0.0,0.0,0.0,0.2556943364501083,0.36420446170339654,0.0,0.0,0.0,0.0,0.0,0.0,0.0,0.0,0.0,0.0
0.1576623481848466,0.12094583660376235,0.07685069153078218,0.06788571226371265,0.09395935372232303,0.13203623228608838,0.0801509490794754,0.0,0.0,0.02039013189565391,0.012222293102080223,0.0,0.0,0.0,0.08085963873778533,0.0,0.0,0.0,0.30561563575797107,0.21596765342841764,0.0,0.0,0.5479730252615976,0.7344819270168361,0.5430352198362741,0.31206690008758153,0.0,1.0,0.0,0.7567248378242367,0.0,0.0,0.0,0.0,0.0,0.0,0.0,0.0,0.0,0.0,0.0,0.0355046477920166,0.38932606482565196,0.3997449028975969,0.0,0.0,0.0,0.0,0.0,0.0,0.0,0.0,0.0,0.0,0.0,0.0,0.0,0.0,0.0,0.0,0.0,0.0,0.0,0.0,0.0,0.0,0.0,0.0,0.0,0.0,0.0,0.0,0.0,0.0,0.0,0.0,0.0,0.0,0.0,0.0,0.0,0.0,0.0,0.0,0.0,0.0,0.0,0.0
0.07161309686567753,0.32375109531884805,0.49120798710077396,0.31988478338594317,0.07805817275784863,0.0,0.0,0.0,0.0,0.0,0.0,0.0,0.0,0.0,0.0,0.0,0.0,0.0,0.0067201203766539715,0.035898323179360606,0.0,0.0,0.0,0.0,0.0,0.0172721234190703,0.7567246438217498,0.0,1.0,0.0,0.2331127702047151,0.22327983939345783,0.0,0.0,0.0,0.0,0.0,0.0,0.0,0.0,0.0,0.0,0.0,0.0,0.0,0.0,0.0,0.1565451197635393,0.3689089712262003,0.26657133483308143,0.0,0.0,0.10243240835027427,0.3342565429142323,0.0,0.0,0.0,0.0,0.0,0.0,0.0,0.0,0.0,0.0,0.0,0.0,0.0,0.0,0.0,0.0,0.0,0.0,0.0,0.0,0.0,0.007807752076841787,0.43632491515193406,0.3883850501097067,0.0,0.0,0.0,0.0,0.0,0.0,0.0,0.0,0.0,0.0
0.006707858397485473,0.0,0.0,0.0,0.017078482084893157,0.03579455171548624,0.0,0.0,0.0,0.0,0.0,0.0,0.0,0.0,0.0,0.0,0.0,0.0,0.0716223398667655,0.0,0.0,0.0,0.323759465309105,0.49120834712921013,0.31987606616431646,0.07805122453399721,0.0,0.7567248378242367,0.0,1.0,0.0,0.0,0.0,0.0,0.0,0.0,0.0,0.0,0.0,0.0,0.0,0.0,0.2232624197308193,0.2331198058593205,0.0,0.0,0.0,0.0,0.0,0.0,0.0,0.0,0.0,0.0,0.0,0.0,0.0,0.0,0.0,0.0,0.0,0.0,0.0,0.0,0.0,0.0,0.0,0.0,0.0,0.0,0.0,0.0,0.0,0.0,0.0,0.0,0.0,0.0,0.0,0.0,0.0,0.0,0.0,0.0,0.0,0.0,0.0,0.0
0.48600744869148754,0.686866045466692,0.4926940087751545,0.2561490634938574,0.17053520191855312,0.254333675119146,0.37592988428807356,0.12427241280540804,0.0,0.031554756700367774,0.37543212087082284,0.15087128918159018,0.0,0.0,0.4247553954265031,0.27078988157135286,0.09346172320626725,0.03752211385814739,0.39829013292937054,0.27223432771952255,0.1754093799917178,0.16899128506470326,0.2902516664604291,0.11980247429271008,0.042764425903736136,0.10810681957804459,0.3997485927527604,0.0,0.2331127702047151,0.0,1.0,0.0,0.0,0.0,0.0,0.0,0.0,0.0,0.0,0.0,0.0,0.0,0.0,0.16703326110504416,0.0,0.0,0.0,0.0,0.0,0.021325917144419903,0.0,0.0,0.2803182391543294,0.3215410183595663,0.0,0.0,0.0,0.0,0.0,0.0,0.0,0.0,0.0,0.0,0.0,0.0,0.0,0.0,0.0,0.0,0.0,0.0,0.0,0.0,0.0,0.0,0.0,0.34022046198882117,0.24868909468103473,0.0,0.0,0.0,0.0,0.0,0.0,0.0,0.0,0.0
0.1586957928519337,0.2547209812974595,0.4850335402602708,0.6862548577849614,0.48946885793570283,0.25294027928171137,0.0,0.0,0.0,0.03311885449435976,0.0,0.0,0.0,0.0,0.0,0.0,0.0,0.0,0.0,0.0,0.0,0.0,0.0,0.0,0.0,0.0,0.38933190917251465,0.0,0.22327983939345783,0.0,0.0,1.0,0.40669801507713743,0.0,0.0,0.0,0.0,0.0,0.0,0.0,0.0,0.0,0.0,0.0,0.0,0.0,0.0,0.0,0.0,0.0,0.0,0.0,0.0,0.0,0.0,0.0,0.0,0.0,0.0,0.0,0.0,0.0,0.0,0.0,0.0,0.0,0.0,0.0,0.0,0.0,0.0,0.0,0.0,0.0,0.0,0.0,0.0,0.0,0.0,0.0,0.0,0.0,0.0,0.0,0.0,0.0,0.0,0.0
0.2501434640807073,0.16941488892193776,0.25811354760686,0.49147410658811835,0.6859247006951925,0.48746253945023893,0.025474265059403128,0.0,0.14190353491167348,0.39212243874887664,0.0,0.0,0.0,0.0,0.0,0.0,0.0,0.0,0.0,0.0,0.0,0.0,0.0,0.0,0.0,0.0,0.03550880314501837,0.0,0.0,0.0,0.0,0.40669801507713743,1.0,0.4191491023285142,0.0,0.0,0.0,0.0,0.0,0.0,0.0,0.0,0.0,0.0,0.0,0.0,0.0,0.0,0.0,0.0,0.0,0.0,0.0,0.0,0.0,0.0,0.0,0.0,0.0,0.0,0.0,0.0,0.0,0.0,0.0,0.0,0.0,0.0,0.0,0.0,0.0,0.0,0.0,0.0,0.0,0.0,0.0,0.0,0.0,0.0,0.0,0.0,0.0,0.0,0.0,0.0,0.0,0.0
0.2482677816136812,0.03585066271962098,0.0,0.13649117857014967,0.39005394376323155,0.48483002149584997,0.15642138239797213,0.25241174425173313,0.4919265974340944,0.6859447479504699,0.0,0.0,0.0,0.035651614706793205,0.0,0.0,0.0,0.0,0.0,0.0,0.0,0.0,0.0,0.0,0.0,0.0,0.0,0.0,0.0,0.0,0.0,0.0,0.4191491023285142,1.0,0.4086805673408101,0.0,0.0,0.0,0.0,0.0,0.0,0.0,0.0,0.0,0.0,0.0,0.0,0.0,0.0,0.0,0.0,0.0,0.0,0.0,0.0,0.0,0.0,0.0,0.0,0.0,0.0,0.0,0.0,0.0,0.0,0.0,0.0,0.0,0.0,0.0,0.0,0.0,0.0,0.0,0.0,0.0,0.0,0.0,0.0,0.0,0.0,0.0,0.0,0.0,0.0,0.0,0.0,0.0
0.16324017969513693,0.0,0.0,0.0,0.03786365971508729,0.25591592265217217,0.24991989032870476,0.48595237435125255,0.6858565496685917,0.4926230415418778,0.03131402408135245,0.0,0.14253262963793098,0.39420754770746536,0.0,0.0,0.0,0.0,0.0,0.0,0.0,0.0,0.0,0.0,0.0,0.0,0.0,0.0,0.0,0.0,0.0,0.0,0.0,0.4086805673408101,1.0,0.4256383811615456,0.0,0.0,0.0,0.0,0.0,0.0,0.0,0.0,0.0,0.0,0.0,0.0,0.0,0.0,0.0,0.0,0.0,0.0,0.0,0.0,0.0,0.0,0.0,0.0,0.0,0.0,0.0,0.0,0.0,0.0,0.0,0.0,0.0,0.0,0.0,0.0,0.0,0.0,0.0,0.0,0.0,0.0,0.0,0.0,0.0,0.0,0.0,0.0,0.0,0.0,0.0,0.0
0.03456201809008831,0.0,0.0,0.0,0.0,0.0,0.24982007186853203,0.48571618898636604,0.3931617134056824,0.14238958698900822,0.16109947567235403,0.2546603886079579,0.49137839912762393,0.6859140748568019,0.0,0.0,0.0,0.03535055939484756,0.0,0.0,0.0,0.0,0.0,0.0,0.0,0.0,0.0,0.0,0.0,0.0,0.0,0.0,0.0,0.0,0.4256383811615456,1.0,0.40652651200193074,0.0,0.0,0.0,0.0,0.0,0.0,0.0,0.0,0.0,0.0,0.0,0.0,0.0,0.0,0.0,0.0,0.0,0.0,0.0,0.0,0.0,0.0,0.0,0.0,0.0,0.0,0.0,0.0,0.0,0.0,0.0,0.0,0.0,0.0,0.0,0.0,0.0,0.0,0.0,0.0,0.0,0.0,0.0,0.0,0.0,0.0,0.0,0.0,0.0,0.0,0.0
0.0,0.0,0.0,0.0,0.0,0.0,0.16284505474184144,0.2557690649484458,0.036581050044658926,0.0,0.24914368929776123,0.48622360307234225,0.6858870331405461,0.4914725370692829,0.03539403538703169,0.0,0.14154156375858074,0.39334692038451163,0.0,0.0,0.0,0.0,0.0,0.0,0.0,0.0,0.0,0.0,0.0,0.0,0.0,0.0,0.0,0.0,0.0,0.40652651200193074,1.0,0.42405163956597286,0.0,0.0,0.0,0.0,0.0,0.0,0.0,0.0,0.0,0.0,0.0,0.0,0.0,0.0,0.0,0.0,0.0,0.0,0.0,0.0,0.0,0.0,0.0,0.0,0.0,0.0,0.0,0.0,0.0,0.0,0.0,0.0,0.0,0.0,0.0,0.0,0.0,0.0,0.0,0.0,0.0,0.0,0.0,0.0,0.0,0.0,0.0,0.0,0.0,0.0
0.0,0.0,0.0,0.0,0.0,0.0,0.03539575073217975,0.0,0.0,0.0,0.24914401739807357,0.4862221997715139,0.3933483366021666,0.1415433360127153,0.16284842650829687,0.25576691461310713,0.49147192384357746,0.6858867259153064,0.0,0.0,0.0,0.03657054838406956,0.0,0.0,0.0,0.0,0.0,0.0,0.0,0.0,0.0,0.0,0.0,0.0,0.0,0.0,0.42405163956597286,1.0,0.40652606314153666,0.0,0.0,0.0,0.0,0.0,0.0,0.0,0.0,0.0,0.0,0.0,0.0,0.0,0.0,0.0,0.0,0.0,0.0,0.0,0.0,0.0,0.0,0.0,0.0,0.0,0.0,0.0,0.0,0.0,0.0,0.0,0.0,0.0,0.0,0.0,0.0,0.0,0.0,0.0,0.0,0.03484006172024071,0.0,0.0,0.0,0.0,0.0,0.0,0.0,0.0
0.0,0.0,0.0,0.0,0.0,0.0,0.0,0.0,0.0,0.0,0.1611019534520135,0.25465870060093665,0.035351849733361786,0.0,0.24982240380349174,0.485716128207389,0.6859135358192219,0.49137883530477044,0.03456247584966358,0.0,0.14237446406754087,0.3931502454199566,0.0,0.0,0.0,0.0,0.0,0.0,0.0,0.0,0.0,0.0,0.0,0.0,0.0,0.0,0.0,0.40652606314153666,1.0,0.4256129637225713,0.0,0.0,0.0,0.0,0.0,0.0,0.0,0.0,0.0,0.0,0.0,0.23190072287991484,0.1887658701372732,0.0,0.0,0.0,0.23462905657043892,0.40641028912417837,0.0,0.0,0.0,0.0,0.0,0.0,0.0,0.0,0.0,0.0,0.0,0.0,0.0,0.0,0.0,0.0,0.0,0.0,0.0,0.0,0.16577226027723962,0.39733475377706995,0.05716343214101585,0.0,0.0,0.0,0.0,0.0,0.0,0.0
0.0,0.0,0.0,0.0,0.0,0.0,0.0,0.0,0.0,0.0,0.031315888311472355,0.0,0.0,0.0,0.2499210642404638,0.48595080139080743,0.3941936993447071,0.1425186771110794,0.16324195632448976,0.25591489722857425,0.49262138244481085,0.6858567810691024,0.0,0.0,0.0,0.03785489406549806,0.0,0.0,0.0,0.0,0.0,0.0,0.0,0.0,0.0,0.0,0.0,0.0,0.4256129637225713,1.0,0.40868300401929913,0.0,0.0,0.0,0.04887976544398117,0.0,0.0,0.0,0.0,0.0020050640323557396,0.27758296789990017,0.4200082820322766,0.3458459996696306,0.14645603181584224,0.19011876648251436,0.1418355751642842,0.24058807361099868,0.40276302460694,0.0,0.0,0.0,0.0,0.0,0.0,0.0,0.0,0.11304045847701986,0.0,0.0,0.0,0.0,0.0,0.0,0.0,0.0,0.0,0.0,0.0,0.1779059022187044,0.20943900864845572,0.0,0.0,0.0,0.0,0.0,0.0,0.0,0.2008475812674349
0.0,0.0,0.0,0.0,0.0,0.0,0.0,0.0,0.0,0.0,0.0,0.0,0.0,0.0,0.15642784501827284,0.2524119290499784,0.03564263879965137,0.0,0.24826877942575296,0.4848298874679724,0.6859448270393791,0.4919261741013187,0.03584898696786732,0.0,0.1364824532236418,0.3900444842841429,0.0,0.0,0.0,0.0,0.0,0.0,0.0,0.0,0.0,0.0,0.0,0.0,0.0,0.40868300401929913,1.0,0.41913192425147966,0.0,0.0,0.03112984244382233,0.0,0.0,0.0,0.0,0.04692040040414669,0.09615294545445144,0.10597735091410183,0.12324028294782632,0.10680236754281389,0.0,0.0,0.0,0.0,0.0,0.0,0.0,0.0,0.00865727583705974,0.0,0.0,0.0,0.30415960484488075,0.2589642617416378,0.0,0.0,0.0,0.41819401895142333,0.0,0.4058240371244962,0.0,0.0,0.0,0.0,0.0,0.0,0.0,0.0,0.0,0.0,0.0,0.0,0.0,0.34703930205880856
0.0,0.0,0.0,0.0,0.0,0.0,0.0,0.0,0.0,0.0,0.0,0.0,0.0,0.0,0.025482141693588513,0.0,0.0,0.0,0.2501469822468575,0.4874647534039365,0.3921159312793098,0.14189130931075436,0.16941253545568066,0.25811252130990064,0.491472777575041,0.6859245888391935,0.0,0.0355046477920166,0.0,0.0,0.0,0.0,0.0,0.0,0.0,0.0,0.0,0.0,0.0,0.0,0.41913192425147966,1.0,0.40669762140634885,0.0,0.0,0.0,0.0,0.0,0.0,0.0,0.0,0.0,0.0,0.0,0.0,0.0,0.0,0.0,0.0,0.0,0.0,0.0,0.0,0.0,0.0,0.0,0.0,0.018575135855280398,0.0,0.0,0.0,0.3274914258020937,0.0,0.5132511556031567,0.0,0.0,0.0,0.0,0.0,0.0,0.0,0.0,0.0,0.0,0.0,0.0,0.0,0.0
0.0,0.0,0.0,0.0,0.0,0.0,0.0,0.0,0.0,0.0,0.0,0.0,0.0,0.0,0.0,0.0,0.0,0.0,0.15870185537660017,0.25294234965157003,0.03311579109040621,0.0,0.2547198671165927,0.4850333178330039,0.6862553907805705,0.4894698905737664,0.0,0.38932606482565196,0.0,0.2232624197308193,0.0,0.0,0.0,0.0,0.0,0.0,0.0,0.0,0.0,0.0,0.0,0.40669762140634885,1.0,0.0,0.0,0.0,0.0,0.0,0.0,0.0,0.0,0.0,0.0,0.0,0.0,0.0,0.0,0.0,0.0,0.0,0.0,0.0,0.0,0.0,0.0,0.0,0.0,0.0,0.0,0.0,0.0,0.0,0.0,0.017721899636970764,0.0,0.0,0.0,0.0,0.0,0.0,0.0,0.0,0.0,0.0,0.0,0.0,0.0,0.0
0.39818210850383684,0.2901864106648049,0.11968205302903084,0.04256683157024576,0.10788606656073042,0.2720602568279263,0.42470667717150196,0.27072808152610994,0.168871126157035,0.17523896524199095,0.3754400975761221,0.15089025841834405,0.03752462687694111,0.09343298133295197,0.37594002578580193,0.12428580511117265,0.0,0.0,0.48601014996524416,0.254332522878662,0.031560467209812836,0.0,0.6868659290312938,0.4926878712310047,0.2561443109372041,0.17053203230834096,0.0,0.3997449028975969,0.0,0.2331198058593205,0.16703326110504416,0.0,0.0,0.0,0.0,0.0,0.0,0.0,0.0,0.0,0.0,0.0,0.0,1.0,0.0,0.0,0.0,0.0,0.0,0.0,0.0,0.0,0.0,0.0,0.0,0.0,0.0,0.0,0.0,0.0,0.0,0.0,0.0,0.0,0.0,0.0,0.0,0.0,0.0,0.0,0.0,0.0,0.0,0.0,0.0,0.0,0.0,0.0,0.0,0.0,0.0,0.0,0.0,0.0,0.0,0.0,0.0,0.0
0.0,0.0,0.0,0.0,0.0,0.0,0.0,0.0,0.0,0.0,0.0,0.0,0.0,0.0,0.0,0.0,0.0,0.0,0.0,0.0,0.08254034755131497,0.09147173939578032,0.0,0.0,0.0,0.0,0.0,0.0,0.0,0.0,0.0,0.0,0.0,0.0,0.0,0.0,0.0,0.0,0.0,0.04887976544398117,0.03112984244382233,0.0,0.0,0.0,1.0,0.7383139470418306,0.5469777997038336,0.47239173812236096,0.5435384770653856,0.7350233912018174,0.7298209466104632,0.5455484999828557,0.47718052808864253,0.5420686373058103,0.5221579105251435,0.2988603112767406,0.21487106535569173,0.304891698301215,0.4077841205970212,0.17142044739249981,0.038305926235700276,0.08381870719333692,0.3838271907843817,0.16158045605995613,0.0,0.0,0.4314615901108891,0.24898597715780027,0.06558452424842641,0.031907628051274846,0.3056105296250824,0.1576623481848466,0.0716130968656777,0.006707858397485473,0.4860074486914874,0.1586957928519337,0.2501434640807072,0.2482677816136812,0.16324017969513693,0.03456201809008831,0.0,0.0,0.0,0.0,0.0,0.0,0.0,0.39818210850383684
0.0,0.0,0.0,0.0,0.0,0.0,0.0,0.0,0.0,0.0,0.0,0.0,0.0,0.0,0.0,0.0,0.0,0.0,0.0,0.0,0.0,0.0,0.0,0.0,0.0,0.0,0.0,0.0,0.0,0.0,0.0,0.0,0.0,0.0,0.0,0.0,0.0,0.0,0.0,0.0,0.0,0.0,0.0,0.0,0.7383139470418306,1.0,0.742583141261044,0.548581644290235,0.4834460187159347,0.5500731582182199,0.5328064966214662,0.30535240486215215,0.2189305320372535,0.30803979588504754,0.431752054527325,0.19357474235966046,0.05027706872796296,0.08936366914246456,0.42073318536739757,0.22146167166933683,0.05106267250845804,0.03280528536782545,0.4315058569742985,0.27450237852819387,0.13016679279954604,0.10344919435749962,0.41269858519292135,0.2623617852054378,0.14570827995076277,0.15234424949738543,0.5479706344087159,0.12094583660376235,0.3237510953188481,0.0,0.6868660454666919,0.2547209812974595,0.16941488892193768,0.03585066271962098,0.0,0.0,0.0,0.0,0.0,0.0,0.0,0.0,0.0,0.2901864106648049
0.0,0.0,0.0,0.0,0.0,0.0,0.0,0.0,0.0,0.0,0.0,0.0,0.0,0.0,0.0,0.0,0.0,0.0,0.0,0.0,0.0,0.0,0.0,0.0,0.0,0.0,0.0,0.0,0.0,0.0,0.0,0.0,0.0,0.0,0.0,0.0,0.0,0.0,0.0,0.0,0.0,0.0,0.0,0.0,0.5469777997038336,0.742583141261044,1.0,0.7375069279837083,0.5546030142830238,0.4813179538022276,0.29709747716426016,0.09639304848110823,0.06677270217606023,0.2178942058062824,0.175072039607823,0.0,0.0,0.0,0.18610437991994713,0.00017698133290411776,0.0,0.0,0.2489893265000119,0.14566196325135544,0.0,0.0,0.26230355300264774,0.18618605666655993,0.1032821836057595,0.08547800152521887,0.7344817379592121,0.07685069153078218,0.4912079871007743,0.0,0.4926940087751545,0.4850335402602706,0.25811354760685956,0.0,0.0,0.0,0.0,0.0,0.0,0.0,0.0,0.0,0.0,0.11968205302903068
0.0,0.0,0.0,0.0,0.0,0.0,0.0,0.0,0.0,0.0,0.0,0.0,0.0,0.0,0.0,0.0,0.0,0.0,0.0,0.0,0.0,0.0,0.0,0.0,0.0,0.0,0.0,0.0,0.1565451197635393,0.0,0.0,0.0,0.0,0.0,0.0,0.0,0.0,0.0,0.0,0.0,0.0,0.0,0.0,0.0,0.47239173812236096,0.548581644290235,0.7375069279837083,1.0,0.7454829244151465,0.5489912121997564,0.20229580837756939,0.057764656517867295,0.10369164301416865,0.30906897826509144,0.019916974029684467,0.0,0.0,0.0,0.0,0.0,0.0,0.0,0.06552885602395267,0.0,0.0,0.0,0.14556998920104086,0.10317564999438313,0.0,0.0,0.5430383396905556,0.06788571226371265,0.31988478338594334,0.0,0.25614906349385724,0.6862548577849614,0.4914741065881182,0.13649117857014967,0.0,0.0,0.0,0.0,0.0,0.0,0.0,0.0,0.0,0.04256683157024576
0.0,0.0,0.0,0.0,0.0,0.0,0.0,0.0,0.0,0.0,0.0,0.0,0.0,0.0,0.0,0.0,0.0,0.0,0.0,0.0,0.0,0.0,0.0,0.0,0.0,0.0,0.20514694944867481,0.0,0.3689089712262003,0.0,0.0,0.0,0.0,0.0,0.0,0.0,0.0,0.0,0.0,0.0,0.0,0.0,0.0,0.0,0.5435384770653856,0.4834460187159347,0.5546030142830238,0.7454829244151465,1.0,0.7375427704686633,0.29730565638792134,0.21495184639263137,0.31421285349218653,0.5428943559226604,0.06689734610848795,0.0,0.0,0.0,0.0,0.0,0.0,0.0,0.03183883418038263,0.0,0.0,0.0,0.15218913750409546,0.08534300383849078,0.0,0.0,0.3120694229628984,0.09395935372232303,0.07805817275784863,0.017078482084893157,0.17053520191855304,0.48946885793570283,0.6859247006951924,0.39005394376323155,0.03786365971508729,0.0,0.0,0.0,0.0,0.0,0.0,0.0,0.0,0.10788606656073042
0.0,0.0,0.0,0.0,0.0,0.0,0.0,0.0,0.0,0.0,0.0,0.0,0.0,0.0,0.0,0.0,0.0,0.0,0.0,0.0047077918615538675,0.12977946434664903,0.1130855993332571,0.0,0.0,0.0,0.0,0.1610900432303538,0.0,0.26657133483308143,0.0,0.021325917144419903,0.0,0.0,0.0,0.0,0.0,0.0,0.0,0.0,0.0020050640323557396,0.04692040040414669,0.0,0.0,0.0,0.7350233912018174,0.5500731582182199,0.4813179538022276,0.5489912121997564,0.7375427704686633,1.0,0.5375661249756967,0.4766081358438507,0.5524561612333333,0.7354881235208418,0.28586143238292905,0.08635730467791865,0.06060133795999131,0.2150746984854226,0.15346978290287575,0.0,0.0,0.0,0.16154292005237364,0.0,0.0,0.0,0.27439900505893383,0.14558795074621766,0.0,0.0,0.21596781697175224,0.13203623228608838,0.0,0.03579455171548624,0.25433367511914595,0.2529402792817114,0.4874625394502388,0.4848300214958499,0.25591592265217206,0.0,0.0,0.0,0.0,0.0,0.0,0.0,0.0,0.2720602568279264
0.0,0.0,0.0,0.0,0.0,0.0,0.0,0.0,0.0,0.0,0.0,0.0,0.0,0.0,0.0,0.06730668922957397,0.009876111433586,0.0,0.0,0.0,0.15028405904738668,0.22233890301195117,0.0,0.0,0.0,0.0,0.0,0.0,0.0,0.0,0.0,0.0,0.0,0.0,0.0,0.0,0.0,0.0,0.0,0.27758296789990017,0.09615294545445144,0.0,0.0,0.0,0.7298209466104632,0.5328064966214662,0.29709747716426016,0.20229580837756939,0.29730565638792134,0.5375661249756967,1.0,0.7368528475016881,0.5418854720036518,0.4701942341901224,0.7308264638323243,0.5451787832379931,0.4764130490941199,0.5430519704882654,0.5198527798763998,0.2935222698552584,0.21184228094827157,0.30480510083134976,0.407786574398247,0.15348813531289723,0.017353149384258987,0.07142465094779675,0.42071680751284174,0.18610608698314687,0.0,0.0,0.08084993595442799,0.0801509490794754,0.0,0.0,0.3759298842880735,0.0,0.025474265059402965,0.15642138239797213,0.2499198903287046,0.24982007186853203,0.16284505474184144,0.03539575073217992,0.0,0.0,0.0,0.0,0.0,0.42470667717150196
0.0,0.0,0.0,0.0,0.0,0.0,0.0,0.0,0.0,0.0,0.0,0.0,0.0,0.0,0.07550622153575245,0.25893915923090416,0.2325050631553984,0.032663260861535925,0.0,0.02144918665311417,0.22168069595084844,0.3515888837771533,0.0,0.0,0.0,0.0,0.0,0.0,0.0,0.0,0.0,0.0,0.0,0.0,0.0,0.0,0.0,0.0,0.23190072287991484,0.4200082820322766,0.10597735091410183,0.0,0.0,0.0,0.5455484999828557,0.30535240486215215,0.09639304848110823,0.057764656517867295,0.21495184639263137,0.4766081358438507,0.7368528475016881,1.0,0.7348703454164834,0.548795907911105,0.5433979639563902,0.47900704138855943,0.5523389552978423,0.7361458302255331,0.29351614505080525,0.08718427079573404,0.059381497098959686,0.21597586197465923,0.17140609692605338,0.0,0.0,0.0,0.22142593191659585,0.00014795218028051949,0.0,0.0,0.0,0.0,0.0,0.0,0.12427241280540804,0.0,0.0,0.252411744251733,0.4859523743512525,0.48571618898636604,0.2557690649484458,0.0,0.0,0.0,0.0,0.0,0.0,0.27072808152610994
