1.0,0.7383139470418306,0.5469777997038339,0.47239173812236096,0.5435384770653857,0.7350233912018173,0.7298209466104629,0.5455484999828557,0.4771805280886426,0.5420686373058103,0.5221579105251435,0.29886031127674073,0.2148710653556919,0.30489169830121493,0.407784120597021,0.17142044739249965,0.03830592623570044,0.08381870719333676,0.3838271907843819,0.16158045605995613,0.0,0.0,0.4314615901108891,0.24898597715780027,0.06558452424842624,0.031907628051275005,0.3056105296250827,0.15766234818484692,0.07161309686567753,0.006707858397485473,0.48600744869148754,0.15869579285193378,0.2501434640807075,0.2482677816136812,0.16324017969513693,0.034562018090087986,0.0,0.0,0.0,0.0,0.0,0.0,0.0,0.39818210850383695,0.0,0.0,0.0,0.0,0.0,0.0,0.0,0.0,0.0,0.0,0.0,0.0,0.0,0.0,0.0,0.0,0.0,0.0,0.0,0.0,0.0,0.0,0.0,0.0,0.10812703553534618,0.0,0.0,0.0060174645422793474,0.0,0.0,0.0,0.0,0.0,0.0,0.0,0.0,0.0,0.0,0.0,0.0,0.0,0.0,0.19219454672065328,0.0
0.7383139470418306,1.0,0.7425831412610443,0.5485816442902353,0.4834460187159349,0.5500731582182199,0.5328064966214658,0.3053524048621521,0.21893053203725366,0.3080397958850476,0.43175205452732485,0.1935747423596603,0.050277068727962795,0.0893636691424644,0.4207331853673971,0.22146167166933636,0.05106267250845804,0.032805285367824955,0.4315058569742985,0.2745023785281937,0.13016679279954588,0.10344919435749945,0.41269858519292124,0.262361785205438,0.14570827995076277,0.15234424949738543,0.5479706344087163,0.12094583660376251,0.32375109531884805,0.0,0.6868660454666919,0.25472098129745985,0.169414888921938,0.03585066271962098,0.0,0.0,0.0,0.0,0.0,0.0,0.0,0.0,0.0,0.2901864106648048,0.0,0.0,0.0,0.0,0.0,0.0,0.0,0.0,0.0,0.0,0.0,0.0,0.0,0.0,0.0,0.0,0.0,0.0,0.0,0.0,0.0,0.0,0.0,0.0,0.0,0.0,0.0,0.0,0.0,0.003615660981823865,0.0,0.0,0.0,0.0,0.0,0.0,0.0,0.0,0.0,0.0,0.0,0.0,0.06655800918700401,0.0
0.5469777997038339,0.7425831412610443,1.0,0.7375069279837084,0.554603014283024,0.48131795380222764,0.29709747716426027,0.09639304848110838,0.06677270217606038,0.21789420580628258,0.17507203960782317,0.0,0.0,0.0,0.18610437991994713,0.00017698133290395328,0.0,0.0,0.24898932650001224,0.14566196325135544,0.0,0.0,0.2623035530026479,0.18618605666656027,0.10328218360575966,0.08547800152521902,0.7344817379592122,0.07685069153078233,0.49120798710077396,0.0,0.49269400877515457,0.48503354026027073,0.25811354760685984,0.0,0.0,0.0,0.0,0.0,0.0,0.0,0.0,0.0,0.0,0.11968205302903101,0.0,0.0,0.0,0.0,0.0,0.0,0.0,0.0,0.0,0.0,0.0,0.0,0.0,0.0,0.0,0.0,0.0,0.0,0.0,0.0,0.0,0.0,0.0,0.0,0.0,0.0,0.0,0.0,0.0,0.0,0.0,0.0,0.0,0.0,0.0,0.0,0.0,0.0,0.0,0.0,0.0,0.0,0.0,0.0
0.47239173812236096,0.5485816442902353,0.7375069279837084,1.0,0.7454829244151463,0.5489912121997563,0.20229580837756922,0.05776465651786713,0.10369164301416865,0.3090689782650914,0.019916974029684467,0.0,0.0,0.0,0.0,0.0,0.0,0.0,0.06552885602395267,0.0,0.0,0.0,0.14556998920104086,0.10317564999438313,0.0,0.0,0.5430383396905556,0.06788571226371265,0.3198847833859432,0.0,0.25614906349385724,0.6862548577849614,0.4914741065881183,0.1364911785701495,0.0,0.0,0.0,0.0,0.0,0.0,0.0,0.0,0.0,0.04256683157024559,0.0,0.0,0.0,0.0,0.0,0.0,0.0,0.0,0.0,0.0,0.0,0.0,0.0,0.0,0.0,0.0,0.0,0.0,0.0,0.0,0.0,0.0,0.0,0.0,0.0,0.0,0.0,0.0,0.0,0.0,0.0,0.0,0.0,0.0,0.0,0.0,0.0,0.0,0.0,0.0,0.0,0.0,0.0,0.0
0.5435384770653857,0.4834460187159349,0.554603014283024,0.7454829244151463,1.0,0.7375427704686633,0.29730565638792145,0.21495184639263137,0.31421285349218675,0.5428943559226604,0.06689734610848812,0.0,0.0,0.0,0.0,0.0,0.0,0.0,0.031838834180382955,0.0,0.0,0.0,0.15218913750409577,0.08534300383849128,0.0,0.0,0.3120694229628985,0.09395935372232336,0.07805817275784863,0.01707848208489332,0.17053520191855312,0.4894688579357028,0.6859247006951926,0.3900539437632315,0.03786365971508745,0.0,0.0,0.0,0.0,0.0,0.0,0.0,0.0,0.10788606656073059,0.0,0.0,0.0,0.0,0.0,0.0,0.0,0.0,0.0,0.0,0.0,0.0,0.0,0.0,0.0,0.0,0.0,0.0,0.0,0.0,0.0,0.0,0.0,0.0,0.0,0.0,0.0,0.0,0.0,0.0,0.0,0.0,0.0,0.0,0.0,0.0,0.0,0.0,0.0,0.0,0.0,0.0,0.0,0.0
0.7350233912018173,0.5500731582182199,0.48131795380222764,0.5489912121997563,0.7375427704686633,1.0,0.5375661249756967,0.4766081358438507,0.5524561612333334,0.7354881235208418,0.28586143238292905,0.08635730467791865,0.06060133795999147,0.21507469848542246,0.15346978290287544,0.0,0.0,0.0,0.16154292005237364,0.0,0.0,0.0,0.274399005058934,0.14558795074621766,0.0,0.0,0.2159678169717524,0.13203623228608852,0.0,0.03579455171548624,0.25433367511914606,0.2529402792817114,0.4874625394502391,0.48483002149584997,0.25591592265217217,0.0,0.0,0.0,0.0,0.0,0.0,0.0,0.0,0.2720602568279264,0.0,0.0,0.0,0.0,0.0,0.0,0.0,0.0,0.0,0.0,0.0,0.0,0.0,0.0,0.0,0.0,0.0,0.0,0.0,0.0,0.0,0.0,0.0,0.0,0.03274918708728112,0.0,0.0,0.0,0.0,0.0,0.0,0.0,0.0,0.0,0.0,0.0,0.0,0.0,0.0,0.0,0.0,0.0,0.11385444283994732,0.0
0.7298209466104629,0.5328064966214658,0.29709747716426027,0.20229580837756922,0.29730565638792145,0.5375661249756967,1.0,0.7368528475016881,0.5418854720036519,0.4701942341901224,0.7308264638323243,0.5451787832379931,0.47641304909411997,0.5430519704882653,0.5198527798763997,0.29352226985525837,0.21184228094827173,0.3048051008313497,0.4077865743982472,0.1534881353128974,0.017353149384259317,0.07142465094779675,0.4207168075128419,0.1861060869831472,0.0,0.0,0.08084993595442815,0.08015094907947573,0.0,0.0,0.3759298842880737,0.0,0.025474265059403128,0.1564213823979722,0.2499198903287046,0.24982007186853172,0.16284505474184152,0.03539575073217992,0.0,0.0,0.0,0.0,0.0,0.4247066771715022,0.0,0.0,0.0,0.0,0.0,0.0,0.0,0.0,0.0,0.0,0.0,0.0,0.0,0.0,0.0,0.0,0.0,0.0,0.0,0.0,0.0,0.0,0.0,0.08056336923737112,0.22258970798796696,0.06956588677653705,0.0,0.10850685090181877,0.0,0.04735995395234229,0.0,0.0,0.0,0.0,0.0,0.0,0.0,0.0,0.0,0.0,0.0,0.0,0.28229641794722743,0.0
0.5455484999828557,0.3053524048621521,0.09639304848110838,0.05776465651786713,0.21495184639263137,0.4766081358438507,0.7368528475016881,1.0,0.7348703454164836,0.5487959079111051,0.5433979639563901,0.4790070413885593,0.5523389552978424,0.7361458302255331,0.2935161450508051,0.08718427079573404,0.059381497098959846,0.21597586197465923,0.17140609692605355,0.0,0.0,0.0,0.221425931916596,0.00014795218028084843,0.0,0.0,0.0,0.0,0.0,0.0,0.12427241280540821,0.0,0.0,0.25241174425173335,0.4859523743512525,0.4857161889863657,0.25576906494844587,0.0,0.0,0.0,0.0,0.0,0.0,0.2707280815261102,0.0,0.0,0.0,0.0,0.0,0.0,0.0,0.0,0.0,0.0,0.0,0.0,0.0,0.0,0.0,0.0,0.0,0.0,0.0,0.0,0.0,0.0,0.0,0.11993747835958214,0.31033474171178793,0.22243040309178197,0.0,0.07122438964027791,0.0,0.0,0.0,0.0,0.0,0.0,0.0,0.0,0.0,0.0,0.0,0.0,0.0,0.15953815147245964,0.3414997085873737,0.0
0.4771805280886426,0.21893053203725366,0.06677270217606038,0.10369164301416865,0.31421285349218675,0.5524561612333334,0.5418854720036519,0.7348703454164836,1.0,0.7479106835097016,0.2998820830487831,0.21396651921929535,0.3124296422978929,0.5431636116276972,0.07140647900059198,0.0,0.0,0.0,0.0,0.0,0.0,0.0,0.10337071009332241,0.0,0.0,0.0,0.0,0.0,0.0,0.0,0.0,0.0,0.14190353491167382,0.4919265974340947,0.6858565496685916,0.39316171340568196,0.036581050044659086,0.0,0.0,0.0,0.0,0.0,0.0,0.16887112615703517,0.0,0.0,0.0,0.0,0.0,0.0,0.0,0.0,0.0,0.0,0.0,0.0,0.0,0.0,0.0,0.0,0.0,0.0,0.0,0.0,0.0,0.0,0.0,0.0,0.2114938942661284,0.18288019091126356,0.0,0.0,0.0,0.0,0.0,0.0,0.0,0.0,0.0,0.0,0.0,0.0,0.0,0.0,0.0,0.18233876444295385,0.2418464929501108,0.0
0.5420686373058103,0.3080397958850476,0.21789420580628258,0.3090689782650914,0.5428943559226604,0.7354881235208418,0.4701942341901224,0.5487959079111051,0.7479106835097016,1.0,0.20244430853739362,0.0557274536688766,0.10312015075915586,0.31147546301962514,0.017327098799989327,0.0,0.0,0.0,0.0,0.0,0.0,0.0,0.13005598125726386,0.0,0.0,0.0,0.0,0.020390131895654074,0.0,0.0,0.031554756700367774,0.03311885449435976,0.39212243874887676,0.6859447479504701,0.49262304154187797,0.14238958698900805,0.0,0.0,0.0,0.0,0.0,0.0,0.0,0.17523896524199103,0.0,0.0,0.0,0.0,0.0,0.0,0.0,0.0,0.0,0.0,0.0,0.0,0.0,0.0,0.0,0.0,0.0,0.0,0.0,0.0,0.0,0.0,0.0,0.0,0.07289989725863374,0.025758347702762963,0.0,0.0,0.0,0.0,0.0,0.0,0.0,0.0,0.0,0.0,0.0,0.0,0.0,0.0,0.0,0.03157863232065551,0.1291315161588698,0.0
0.5221579105251435,0.43175205452732485,0.17507203960782317,0.019916974029684467,0.06689734610848812,0.28586143238292905,0.7308264638323243,0.5433979639563901,0.2998820830487831,0.20244430853739362,1.0,0.735432378162547,0.5421419274645196,0.4746518351573249,0.7308288045820472,0.5433979663372502,0.47465424327827566,0.5421426079431754,0.5221667061097923,0.28587173810305466,0.2024557943620899,0.2998877763233519,0.4317620622509219,0.17508525769304936,0.019936751683186874,0.06691565976381385,0.012207784962312973,0.012222293102080223,0.0,0.0,0.375432120870823,0.0,0.0,0.0,0.03131402408135245,0.16109947567235386,0.2491436892977614,0.24914401739807357,0.16110195345201334,0.03131588831147219,0.0,0.0,0.0,0.3754400975761221,0.0,0.0,0.0,0.0,0.0,0.0,0.0,0.0,0.0,0.0,0.0,0.0,0.0,0.0,0.0,0.0,0.0,0.0,0.0,0.0,0.0,0.0,0.0,0.08128231647468569,0.1541308019331004,0.0,0.0,0.15660160464285025,0.0,0.1322873118664074,0.0,0.0,0.0,0.0,0.0,0.0,0.0,0.0,0.0,0.0,0.0,0.0,0.18085215520942455,0.0
0.29886031127674073,0.1935747423596603,0.0,0.0,0.0,0.08635730467791865,0.5451787832379931,0.4790070413885593,0.21396651921929535,0.0557274536688766,0.735432378162547,1.0,0.7361615431526495,0.551299642351442,0.5451796946204334,0.4790021266346336,0.551297785853499,0.7361592056139992,0.2988637138672959,0.08635444455656112,0.055724187969312666,0.2139609272092744,0.19358512654214177,0.0,0.0,0.0,0.0,0.0,0.0,0.0,0.15087128918159043,0.0,0.0,0.0,0.0,0.2546603886079578,0.48622360307234236,0.4862221997715138,0.2546587006009365,0.0,0.0,0.0,0.0,0.15089025841834414,0.0,0.0,0.11732343637744713,0.16847756550500434,0.04521472925712876,0.0,0.0,0.0,0.0,0.0,0.0,0.0,0.0,0.0,0.0,0.0,0.0,0.0,0.0,0.0,0.0,0.0,0.018930159435461093,0.2048528054102234,0.24059646894673592,0.07023400140530069,0.11715091521147608,0.25317804858865967,0.033149964857308256,0.1979200748006357,0.0,0.1100332120554777,0.0,0.0,0.0,0.0,0.0,0.0,0.0,0.0,0.0,0.0,0.20990312119550475,0.0
0.2148710653556919,0.050277068727962795,0.0,0.0,0.0,0.06060133795999147,0.47641304909411997,0.5523389552978424,0.3124296422978929,0.10312015075915586,0.5421419274645196,0.7361615431526495,1.0,0.7473481230401998,0.30480243060013124,0.21597017944033695,0.31196460900020245,0.5435038353961658,0.08381303411179082,0.0,0.0,0.0,0.03280149334832063,0.0,0.0,0.0,0.0,0.0,0.0,0.0,0.0,0.0,0.0,0.0,0.14253262963793098,0.49137839912762393,0.6858870331405461,0.39334833660216656,0.035351849733361626,0.0,0.0,0.0,0.0,0.037524626876941275,0.0,0.11066852835682967,0.2604562117730912,0.2376837828663855,0.0671878781332527,0.0,0.0,0.0,0.0,0.0,0.0,0.0,0.0,0.0,0.0,0.0,0.0,0.0,0.03097436036690758,0.08187884316932563,0.0,0.0,0.11434410079721383,0.2695499389446146,0.3501609764440277,0.24072545697754244,0.3140737259550618,0.2264747537901301,0.2572869562992218,0.10431830542358835,0.0,0.15940214704972228,0.0,0.0,0.0,0.0,0.0,0.0,0.0,0.0,0.0,0.08244027877132422,0.281173446376256,0.0
0.30489169830121493,0.0893636691424644,0.0,0.0,0.0,0.21507469848542246,0.5430519704882653,0.7361458302255331,0.5431636116276972,0.31147546301962514,0.4746518351573249,0.551299642351442,0.7473481230401998,1.0,0.21183341108044007,0.05937307696306021,0.10277034243846425,0.3119642873928671,0.038289607023426084,0.0,0.0,0.0,0.051038406766694605,0.0,0.0,0.0,0.0,0.0,0.0,0.0,0.0,0.0,0.0,0.03565161470679353,0.39420754770746536,0.6859140748568019,0.49147253706928296,0.1415433360127153,0.0,0.0,0.0,0.0,0.0,0.09343298133295197,0.0,0.0,0.09745025104668088,0.024130048001522166,0.0,0.0,0.0,0.0,0.0,0.0,0.0,0.0,0.0,0.0,0.0,0.0,0.0,0.0,0.0,0.11539646789204679,0.0,0.0,0.03806867592898684,0.20576850671139504,0.36965989815973394,0.3109144451803703,0.1991288996562926,0.11984595268630678,0.19526982355691802,0.0,0.0,0.0,0.0,0.0,0.0,0.0,0.0,0.0,0.0,0.0,0.0,0.21591205983414472,0.3303847296361124,0.0
0.407784120597021,0.4207331853673971,0.18610437991994713,0.0,0.0,0.15346978290287544,0.5198527798763997,0.2935161450508051,0.07140647900059198,0.017327098799989327,0.7308288045820472,0.5451796946204334,0.30480243060013124,0.21183341108044007,1.0,0.7368527762689238,0.5430556115965739,0.4764166343147861,0.7298257534966957,0.5375700866689294,0.47020012593059485,0.5418886681181906,0.5328142915125896,0.29710563677779145,0.20230569592379297,0.2973138627438208,0.08015471496018457,0.08085963873778533,0.0,0.0,0.4247553954265029,0.0,0.0,0.0,0.0,0.0,0.035394035387032015,0.1628484265082972,0.2498224038034919,0.24992106424046368,0.15642784501827267,0.025482141693588346,0.0,0.375940025785802,0.0,0.0,0.0,0.0,0.0,0.0,0.0,0.0,0.0,0.0,0.0,0.0,0.0,0.0,0.0,0.0,0.0,0.0,0.0,0.0,0.0,0.0,0.0,0.0,0.0,0.0,0.0,0.010813729899668082,0.0,0.043575220718870725,0.0,0.0,0.0,0.0,0.0,0.0,0.0,0.0,0.0,0.0,0.0,0.0,0.0,0.0
0.17142044739249965,0.22146167166933636,0.00017698133290395328,0.0,0.0,0.0,0.29352226985525837,0.08718427079573404,0.0,0.0,0.5433979663372502,0.4790021266346336,0.21597017944033695,0.05937307696306021,0.7368527762689238,1.0,0.7361456602542328,0.552337140646543,0.5455499521176908,0.47660536108962326,0.5487945418173366,0.7348705327499016,0.305359063984188,0.09639540756219525,0.05776221228991968,0.2149468186997672,0.0,0.0,0.0,0.0,0.2707898815713527,0.0,0.0,0.0,0.0,0.0,0.0,0.25576691461310735,0.4857161282073892,0.48595080139080743,0.2524119290499784,0.0,0.0,0.12428580511117265,0.0,0.0,0.0,0.0,0.0,0.0,0.0,0.0,0.0,0.0,0.0,0.0,0.0,0.0,0.0,0.0,0.0,0.0,0.0,0.0,0.0,0.0,0.0,0.0,0.0,0.0,0.0,0.02306783947182628,0.0,0.09227735498114557,0.0,0.0,0.0,0.0,0.0,0.0,0.0,0.0,0.0,0.0,0.0,0.0,0.0,0.0
0.03830592623570044,0.05106267250845804,0.0,0.0,0.0,0.0,0.21184228094827173,0.059381497098959846,0.0,0.0,0.47465424327827566,0.551297785853499,0.31196460900020245,0.10277034243846425,0.5430556115965739,0.7361456602542328,1.0,0.7473484584897542,0.3048952565747839,0.21506851452190062,0.3114667373487608,0.5431560000671002,0.08937519339701717,0.0,0.0,0.0,0.0,0.0,0.0,0.0,0.09346172320626725,0.0,0.0,0.0,0.0,0.0,0.14154156375858074,0.49147192384357763,0.6859135358192218,0.3941936993447071,0.03564263879965137,0.0,0.0,0.0,0.0,0.0,0.0,0.1032392744891046,0.0734933165595021,0.0,0.0,0.0,0.0,0.0,0.0,0.0,0.0,0.0,0.0,0.0,0.0,0.0,0.0,0.0,0.0,0.0,0.0,0.0,0.0,0.0,0.0,0.1410232297924424,0.0,0.19387798097656284,0.0,0.06335106898171824,0.005161345792366785,0.0,0.0,0.0,0.0,0.0,0.0,0.0,0.0,0.0,0.0,0.0
0.08381870719333676,0.032805285367824955,0.0,0.0,0.0,0.0,0.3048051008313497,0.21597586197465923,0.0,0.0,0.5421426079431754,0.7361592056139992,0.5435038353961658,0.3119642873928671,0.4764166343147861,0.552337140646543,0.7473484584897542,1.0,0.2148751877658781,0.060595226572553715,0.1031121298786282,0.312422135185859,0.0502899563125437,0.0,0.0,0.0,0.0,0.0,0.0,0.0,0.03752211385814723,0.0,0.0,0.0,0.0,0.03535055939484756,0.39334692038451174,0.6858867259153067,0.49137883530477033,0.14251867711107924,0.0,0.0,0.0,0.0,0.0,0.002647657655853545,0.16396740252429448,0.2893649324122165,0.20963495212618186,0.03246919444028526,0.0,0.0,0.0,0.0,0.0,0.0,0.0,0.0,0.0,0.0,0.0,0.0,0.0,0.0,0.0,0.0,0.0,0.14658951506396078,0.1047544287799799,0.0,0.10468680514418761,0.24321659271727994,0.0,0.23123894516192003,0.0,0.24265764101680623,0.09160906451304542,0.0,0.0,0.0,0.0,0.0,0.0,0.0,0.0,0.0,0.0391118010383377,0.0
0.3838271907843819,0.4315058569742985,0.24898932650001224,0.06552885602395267,0.031838834180382955,0.16154292005237364,0.4077865743982472,0.17140609692605355,0.0,0.0,0.5221667061097923,0.2988637138672959,0.08381303411179082,0.038289607023426084,0.7298257534966957,0.5455499521176908,0.3048952565747839,0.2148751877658781,1.0,0.7350225858343747,0.5420713512695978,0.47718195864692464,0.7383155944336147,0.5469816225267857,0.4723970671686232,0.5435422080994845,0.15768126553076137,0.3056156357579712,0.0067201203766539715,0.07162233986676533,0.3982901329293706,0.0,0.0,0.0,0.0,0.0,0.0,0.0,0.034562475849663744,0.1632419563244895,0.2482687794257528,0.2501469822468574,0.1587018553766,0.4860101499652442,0.0,0.0,0.0,0.0,0.0,0.0,0.0,0.0,0.0,0.0,0.0,0.0,0.0,0.0,0.0,0.0,0.0,0.0,0.0,0.0,0.0,0.0,0.0,0.0,0.0,0.0,0.0,0.0,0.0,0.0,0.0,0.0,0.0,0.0,0.0,0.0,0.0,0.0,0.0,0.0,0.0,0.0,0.0,0.0
0.16158045605995613,0.2745023785281937,0.14566196325135544,0.0,0.0,0.0,0.1534881353128974,0.0,0.0,0.0,0.28587173810305466,0.08635444455656112,0.0,0.0,0.5375700866689294,0.47660536108962326,0.21506851452190062,0.060595226572553715,0.7350225858343747,1.0,0.7354896053941798,0.5524535749811877,0.5500705872099635,0.4813178531672093,0.5489921430807275,0.7375441280716494,0.13214179630037604,0.21596765342841764,0.03589832317936028,0.0,0.2722343277195224,0.0,0.0,0.0,0.0,0.0,0.0,0.0,0.0,0.255914897228574,0.4848298874679724,0.4874647534039366,0.25294234965157003,0.2543325228786619,0.0,0.0,0.0,0.0,0.0,0.0,0.0,0.0,0.0,0.0,0.0,0.0,0.0,0.0,0.0,0.0,0.0,0.0,0.0,0.0,0.0,0.0,0.0,0.0,0.0,0.0,0.0,0.0,0.0,0.0,0.0,0.0,0.0,0.0,0.0,0.0,0.0,0.0,0.0,0.0,0.0,0.0,0.0,0.0
0.0,0.13016679279954588,0.0,0.0,0.0,0.0,0.017353149384259317,0.0,0.0,0.0,0.2024557943620899,0.055724187969312666,0.0,0.0,0.47020012593059485,0.5487945418173366,0.3114667373487608,0.1031121298786282,0.5420713512695978,0.7354896053941798,1.0,0.7479076582803363,0.30804214675671554,0.21789532178551752,0.3090664779556063,0.542890215720985,0.02052408098207532,0.0,0.0,0.0,0.1754093799917177,0.0,0.0,0.0,0.0,0.0,0.0,0.0,0.14237446406754087,0.4926213824448107,0.6859448270393791,0.39211593127931005,0.03311579109040621,0.03156046720981267,0.0,0.0,0.0,0.0,0.0,0.0,0.0,0.0,0.0,0.0,0.0,0.0,0.0,0.0,0.0,0.0,0.0,0.0,0.0,0.0,0.0,0.0,0.0,0.0,0.0,0.0,0.0,0.0,0.0,0.0,0.0,0.0,0.0,0.0,0.0,0.0,0.0,0.0,0.0,0.0,0.0,0.0,0.0,0.0
0.0,0.10344919435749945,0.0,0.0,0.0,0.0,0.07142465094779675,0.0,0.0,0.0,0.2998877763233519,0.2139609272092744,0.0,0.0,0.5418886681181906,0.7348705327499016,0.5431560000671002,0.312422135185859,0.47718195864692464,0.5524535749811877,0.7479076582803363,1.0,0.21893465719630947,0.06677278598621772,0.10368565831490179,0.3142044574913308,0.0,0.0,0.0,0.0,0.16899128506470318,0.0,0.0,0.0,0.0,0.0,0.0,0.03657054838406989,0.3931502454199566,0.6858567810691022,0.4919261741013187,0.14189130931075453,0.0,0.0,0.0,0.0,0.0,0.0,0.0,0.0,0.0,0.0,0.0,0.0,0.0,0.0,0.0,0.0,0.0,0.0,0.0,0.0,0.0,0.0,0.0,0.0,0.0,0.0,0.0,0.0,0.0,0.0,0.0,0.0,0.0,0.0,0.0,0.0,0.0,0.0,0.0,0.0,0.0,0.0,0.0,0.0,0.0,0.0
0.4314615901108891,0.41269858519292124,0.2623035530026479,0.14556998920104086,0.15218913750409577,0.274399005058934,0.4207168075128419,0.221425931916596,0.10337071009332241,0.13005598125726386,0.4317620622509219,0.19358512654214177,0.03280149334832063,0.051038406766694605,0.5328142915125896,0.305359063984188,0.08937519339701717,0.0502899563125437,0.7383155944336147,0.5500705872099635,0.30804214675671554,0.21893465719630947,1.0,0.7425818852522058,0.5485802972346923,0.4834438056908196,0.12090926889204195,0.5479730252615977,0.0,0.3237594653091049,0.29025166646042905,0.0,0.0,0.0,0.0,0.0,0.0,0.0,0.0,0.0,0.03584898696786699,0.16941253545568066,0.2547198671165927,0.6868659290312937,0.0,0.0,0.0,0.0,0.0,0.0,0.0,0.0,0.0,0.0,0.0,0.0,0.0,0.0,0.0,0.0,0.0,0.0,0.0,0.0,0.0,0.0,0.0,0.0,0.0,0.0,0.0,0.0,0.0,0.0,0.0,0.0,0.0,0.0,0.0,0.0,0.0,0.0,0.0,0.0,0.0,0.0,0.0,0.0
0.24898597715780027,0.262361785205438,0.18618605666656027,0.10317564999438313,0.08534300383849128,0.14558795074621766,0.1861060869831472,0.00014795218028084843,0.0,0.0,0.17508525769304936,0.0,0.0,0.0,0.29710563677779145,0.09639540756219525,0.0,0.0,0.5469816225267857,0.4813178531672093,0.21789532178551752,0.06677278598621772,0.7425818852522058,1.0,0.7375068724413246,0.5546024888439941,0.07687834178870086,0.7344819270168361,0.0,0.49120834712920997,0.11980247429271008,0.0,0.0,0.0,0.0,0.0,0.0,0.0,0.0,0.0,0.0,0.2581125213099005,0.48503331783300374,0.4926878712310047,0.0,0.0,0.0,0.0,0.0,0.0,0.0,0.0,0.0,0.0,0.0,0.0,0.0,0.0,0.0,0.0,0.0,0.0,0.0,0.0,0.0,0.0,0.0,0.0,0.0,0.0,0.0,0.0,0.0,0.0,0.0,0.0,0.0,0.0,0.0,0.0,0.0,0.0,0.0,0.0,0.0,0.0,0.0,0.0
0.06558452424842624,0.14570827995076277,0.10328218360575966,0.0,0.0,0.0,0.0,0.0,0.0,0.0,0.019936751683186874,0.0,0.0,0.0,0.20230569592379297,0.05776221228991968,0.0,0.0,0.4723970671686232,0.5489921430807275,0.3090664779556063,0.10368565831490179,0.5485802972346923,0.7375068724413246,1.0,0.7454826462943133,0.06803428577842334,0.5430352198362741,0.0,0.31987606616431646,0.04276442590373597,0.0,0.0,0.0,0.0,0.0,0.0,0.0,0.0,0.0,0.13648245322364164,0.49147277757504076,0.6862553907805707,0.25614431093720386,0.0,0.0,0.0,0.0,0.0,0.0,0.0,0.0,0.0,0.0,0.0,0.0,0.0,0.0,0.0,0.0,0.0,0.0,0.0,0.0,0.0,0.0,0.0,0.0,0.0,0.0,0.0,0.0,0.0,0.0,0.0,0.0,0.0,0.0,0.0,0.0,0.0,0.0,0.0,0.0,0.0,0.0,0.0,0.0
0.031907628051275005,0.15234424949738543,0.08547800152521902,0.0,0.0,0.0,0.0,0.0,0.0,0.0,0.06691565976381385,0.0,0.0,0.0,0.2973138627438208,0.2149468186997672,0.0,0.0,0.5435422080994845,0.7375441280716494,0.542890215720985,0.3142044574913308,0.4834438056908196,0.5546024888439941,0.7454826462943133,1.0,0.09414430954216428,0.3120669000875815,0.0172721234190703,0.07805122453399704,0.10810681957804442,0.0,0.0,0.0,0.0,0.0,0.0,0.0,0.0,0.03785489406549789,0.3900444842841429,0.6859245888391935,0.4894698905737663,0.1705320323083408,0.0,0.0,0.0,0.0,0.0,0.0,0.0,0.0,0.0,0.0,0.0,0.0,0.0,0.0,0.0,0.0,0.0,0.0,0.0,0.0,0.0,0.0,0.0,0.0,0.0,0.0,0.0,0.0,0.0,0.0,0.0,0.0,0.0,0.0,0.0,0.0,0.0,0.0,0.0,0.0,0.0,0.0,0.0,0.0
0.3056105296250827,0.5479706344087163,0.7344817379592122,0.5430383396905556,0.3120694229628985,0.2159678169717524,0.08084993595442815,0.0,0.0,0.0,0.012207784962312973,0.0,0.0,0.0,0.08015471496018457,0.0,0.0,0.0,0.15768126553076137,0.13214179630037604,0.02052408098207532,0.0,0.12090926889204195,0.07687834178870086,0.06803428577842334,0.09414430954216428,1.0,0.0,0.7567246438217498,0.0,0.3997485927527606,0.38933190917251453,0.035508803145018204,0.0,0.0,0.0,0.0,0.0,0.0,0.0,0.0,0.0,0.0,0.0,0.0,0.0,0.0,0.0,0.0,0.0,0.0,0.0,0.0,0.0,0.0,0.0,0.0,0.0,0.0,0.0,0.0,0.0,0.0,0.0,0.0,0.0,0.0,0.0,0.0,0.0,0.0,0.0,0.0,0.0,0.0,0.0,0.0,0.0,0.0,0.0,0.0,0.0,0.0,0.0,0.0,0.0,0.0,0.0
0.15766234818484692,0.12094583660376251,0.07685069153078233,0.06788571226371265,0.09395935372232336,0.13203623228608852,0.08015094907947573,0.0,0.0,0.020390131895654074,0.012222293102080223,0.0,0.0,0.0,0.08085963873778533,0.0,0.0,0.0,0.3056156357579712,0.21596765342841764,0.0,0.0,0.5479730252615977,0.7344819270168361,0.5430352198362741,0.3120669000875815,0.0,1.0,0.0,0.7567248378242366,0.0,0.0,0.0,0.0,0.0,0.0,0.0,0.0,0.0,0.0,0.0,0.03550464779201643,0.38932606482565185,0.3997449028975969,0.0,0.0,0.0,0.0,0.0,0.0,0.0,0.0,0.0,0.0,0.0,0.0,0.0,0.0,0.0,0.0,0.0,0.0,0.0,0.0,0.0,0.0,0.0,0.0,0.0,0.0,0.0,0.0,0.0,0.0,0.0,0.0,0.0,0.0,0.0,0.0,0.0,0.0,0.0,0.0,0.0,0.0,0.0,0.0
0.07161309686567753,0.32375109531884805,0.49120798710077396,0.3198847833859432,0.07805817275784863,0.0,0.0,0.0,0.0,0.0,0.0,0.0,0.0,0.0,0.0,0.0,0.0,0.0,0.0067201203766539715,0.03589832317936028,0.0,0.0,0.0,0.0,0.0,0.0172721234190703,0.7567246438217498,0.0,1.0,0.0,0.23311277020471483,0.22327983939345802,0.0,0.0,0.0,0.0,0.0,0.0,0.0,0.0,0.0,0.0,0.0,0.0,0.0,0.0,0.0,0.0,0.0,0.0,0.0,0.0,0.0,0.0,0.0,0.0,0.0,0.0,0.0,0.0,0.0,0.0,0.0,0.0,0.0,0.0,0.0,0.0,0.0,0.0,0.0,0.0,0.0,0.0,0.0,0.0,0.0,0.0,0.0,0.0,0.0,0.0,0.0,0.0,0.0,0.0,0.0,0.0
0.006707858397485473,0.0,0.0,0.0,0.01707848208489332,0.03579455171548624,0.0,0.0,0.0,0.0,0.0,0.0,0.0,0.0,0.0,0.0,0.0,0.0,0.07162233986676533,0.0,0.0,0.0,0.3237594653091049,0.49120834712920997,0.31987606616431646,0.07805122453399704,0.0,0.7567248378242366,0.0,1.0,0.0,0.0,0.0,0.0,0.0,0.0,0.0,0.0,0.0,0.0,0.0,0.0,0.2232624197308194,0.23311980585932016,0.0,0.0,0.0,0.0,0.0,0.0,0.0,0.0,0.0,0.0,0.0,0.0,0.0,0.0,0.0,0.0,0.0,0.0,0.0,0.0,0.0,0.0,0.0,0.0,0.0,0.0,0.0,0.0,0.0,0.0,0.0,0.0,0.0,0.0,0.0,0.0,0.0,0.0,0.0,0.0,0.0,0.0,0.0,0.0
0.48600744869148754,0.6868660454666919,0.49269400877515457,0.25614906349385724,0.17053520191855312,0.25433367511914606,0.3759298842880737,0.12427241280540821,0.0,0.031554756700367774,0.375432120870823,0.15087128918159043,0.0,0.0,0.4247553954265029,0.2707898815713527,0.09346172320626725,0.03752211385814723,0.3982901329293706,0.2722343277195224,0.1754093799917177,0.16899128506470318,0.29025166646042905,0.11980247429271008,0.04276442590373597,0.10810681957804442,0.3997485927527606,0.0,0.23311277020471483,0.0,1.0,0.0,0.0,0.0,0.0,0.0,0.0,0.0,0.0,0.0,0.0,0.0,0.0,0.16703326110504416,0.0,0.0,0.0,0.0,0.0,0.0,0.0,0.0,0.0,0.0,0.0,0.0,0.0,0.0,0.0,0.0,0.0,0.0,0.0,0.0,0.0,0.0,0.0,0.0,0.0,0.0,0.0,0.0,0.0,0.0,0.0,0.0,0.0,0.0,0.0,0.0,0.0,0.0,0.0,0.0,0.0,0.0,0.0,0.0
0.15869579285193378,0.25472098129745985,0.48503354026027073,0.6862548577849614,0.4894688579357028,0.2529402792817114,0.0,0.0,0.0,0.03311885449435976,0.0,0.0,0.0,0.0,0.0,0.0,0.0,0.0,0.0,0.0,0.0,0.0,0.0,0.0,0.0,0.0,0.38933190917251453,0.0,0.22327983939345802,0.0,0.0,1.0,0.40669801507713743,0.0,0.0,0.0,0.0,0.0,0.0,0.0,0.0,0.0,0.0,0.0,0.0,0.0,0.0,0.0,0.0,0.0,0.0,0.0,0.0,0.0,0.0,0.0,0.0,0.0,0.0,0.0,0.0,0.0,0.0,0.0,0.0,0.0,0.0,0.0,0.0,0.0,0.0,0.0,0.0,0.0,0.0,0.0,0.0,0.0,0.0,0.0,0.0,0.0,0.0,0.0,0.0,0.0,0.0,0.0
0.2501434640807075,0.169414888921938,0.25811354760685984,0.4914741065881183,0.6859247006951926,0.4874625394502391,0.025474265059403128,0.0,0.14190353491167382,0.39212243874887676,0.0,0.0,0.0,0.0,0.0,0.0,0.0,0.0,0.0,0.0,0.0,0.0,0.0,0.0,0.0,0.0,0.035508803145018204,0.0,0.0,0.0,0.0,0.40669801507713743,1.0,0.41914910232851427,0.0,0.0,0.0,0.0,0.0,0.0,0.0,0.0,0.0,0.0,0.0,0.0,0.0,0.0,0.0,0.0,0.0,0.0,0.0,0.0,0.0,0.0,0.0,0.0,0.0,0.0,0.0,0.0,0.0,0.0,0.0,0.0,0.0,0.0,0.0,0.0,0.0,0.0,0.0,0.0,0.0,0.0,0.0,0.0,0.0,0.0,0.0,0.0,0.0,0.0,0.0,0.0,0.0,0.0
0.2482677816136812,0.03585066271962098,0.0,0.1364911785701495,0.3900539437632315,0.48483002149584997,0.1564213823979722,0.25241174425173335,0.4919265974340947,0.6859447479504701,0.0,0.0,0.0,0.03565161470679353,0.0,0.0,0.0,0.0,0.0,0.0,0.0,0.0,0.0,0.0,0.0,0.0,0.0,0.0,0.0,0.0,0.0,0.0,0.41914910232851427,1.0,0.4086805673408104,0.0,0.0,0.0,0.0,0.0,0.0,0.0,0.0,0.0,0.0,0.0,0.0,0.0,0.0,0.0,0.0,0.0,0.0,0.0,0.0,0.0,0.0,0.0,0.0,0.0,0.0,0.0,0.0,0.0,0.0,0.0,0.0,0.0,0.0,0.0,0.0,0.0,0.0,0.0,0.0,0.0,0.0,0.0,0.0,0.0,0.0,0.0,0.0,0.0,0.0,0.0,0.0,0.0
0.16324017969513693,0.0,0.0,0.0,0.03786365971508745,0.25591592265217217,0.2499198903287046,0.4859523743512525,0.6858565496685916,0.49262304154187797,0.03131402408135245,0.0,0.14253262963793098,0.39420754770746536,0.0,0.0,0.0,0.0,0.0,0.0,0.0,0.0,0.0,0.0,0.0,0.0,0.0,0.0,0.0,0.0,0.0,0.0,0.0,0.4086805673408104,1.0,0.4256383811615453,0.0,0.0,0.0,0.0,0.0,0.0,0.0,0.0,0.0,0.0,0.0,0.0,0.0,0.0,0.0,0.0,0.0,0.0,0.0,0.0,0.0,0.0,0.0,0.0,0.0,0.0,0.0,0.0,0.0,0.0,0.0,0.0,0.07761451451984817,0.12046755053478621,0.0,0.0,0.0,0.0,0.0,0.0,0.0,0.0,0.0,0.0,0.0,0.0,0.0,0.0,0.0,0.15888610640024767,0.06558963344892328,0.0
0.034562018090087986,0.0,0.0,0.0,0.0,0.0,0.24982007186853172,0.4857161889863657,0.39316171340568196,0.14238958698900805,0.16109947567235386,0.2546603886079578,0.49137839912762393,0.6859140748568019,0.0,0.0,0.0,0.03535055939484756,0.0,0.0,0.0,0.0,0.0,0.0,0.0,0.0,0.0,0.0,0.0,0.0,0.0,0.0,0.0,0.0,0.4256383811615453,1.0,0.40652651200193096,0.0,0.0,0.0,0.0,0.0,0.0,0.0,0.0,0.0,0.0,0.0,0.0,0.0,0.0,0.0,0.0,0.0,0.0,0.0,0.0,0.0,0.0,0.0,0.0,0.0,0.0,0.0908537640908011,0.0,0.0,0.0,0.04795630267615834,0.28607289293627136,0.30975783435163995,0.18485395828970627,0.0,0.22976920199982018,0.0,0.0,0.0,0.0,0.0,0.0,0.0,0.0,0.0,0.0,0.0,0.0,0.22661584836176993,0.18198863341257698,0.0
0.0,0.0,0.0,0.0,0.0,0.0,0.16284505474184152,0.25576906494844587,0.036581050044659086,0.0,0.2491436892977614,0.48622360307234236,0.6858870331405461,0.49147253706928296,0.035394035387032015,0.0,0.14154156375858074,0.39334692038451174,0.0,0.0,0.0,0.0,0.0,0.0,0.0,0.0,0.0,0.0,0.0,0.0,0.0,0.0,0.0,0.0,0.0,0.40652651200193096,1.0,0.4240516395659728,0.0,0.0,0.0,0.0,0.0,0.0,0.0,0.21467999646934227,0.4375197317287176,0.39010483843338173,0.13792339903123405,0.0,0.0,0.0,0.0,0.0,0.0,0.0,0.0,0.0,0.0,0.0,0.0,0.0,0.0,0.015173510166596115,0.0,0.0,0.07161507076718684,0.2007831535867942,0.251332789267058,0.14973139854720116,0.5103241146440293,0.11101393711791087,0.40556053035167033,0.0,0.0,0.2786399604388052,0.0,0.0,0.0,0.0,0.0,0.0,0.0,0.0,0.0,0.0,0.08898011847995697,0.0
0.0,0.0,0.0,0.0,0.0,0.0,0.03539575073217992,0.0,0.0,0.0,0.24914401739807357,0.4862221997715138,0.39334833660216656,0.1415433360127153,0.1628484265082972,0.25576691461310735,0.49147192384357763,0.6858867259153067,0.0,0.0,0.0,0.03657054838406989,0.0,0.0,0.0,0.0,0.0,0.0,0.0,0.0,0.0,0.0,0.0,0.0,0.0,0.0,0.4240516395659728,1.0,0.4065260631415369,0.0,0.0,0.0,0.0,0.0,0.0,0.06426151665740439,0.2868779740400456,0.4814700579527397,0.3722575768272054,0.12088491962323956,0.0,0.0,0.0,0.0,0.0,0.0,0.0,0.0,0.0,0.0,0.0,0.0,0.0,0.0,0.0,0.0,0.0,0.07010884637715831,0.0,0.0,0.17416059510761708,0.1582426630058305,0.0,0.11019899700501089,0.0,0.41496736305058435,0.20826728702223316,0.0,0.0,0.0,0.0,0.0,0.0,0.0,0.0,0.0,0.0,0.0
0.0,0.0,0.0,0.0,0.0,0.0,0.0,0.0,0.0,0.0,0.16110195345201334,0.2546587006009365,0.035351849733361626,0.0,0.2498224038034919,0.4857161282073892,0.6859135358192218,0.49137883530477033,0.034562475849663744,0.0,0.14237446406754087,0.3931502454199566,0.0,0.0,0.0,0.0,0.0,0.0,0.0,0.0,0.0,0.0,0.0,0.0,0.0,0.0,0.0,0.4065260631415369,1.0,0.4256129637225714,0.0,0.0,0.0,0.0,0.0,0.0,0.0,0.0,0.004120659312013824,0.0,0.0,0.0,0.0,0.0,0.0,0.0,0.0,0.0,0.0,0.0,0.0,0.0,0.0,0.0,0.0,0.0,0.0,0.0,0.0,0.0,0.0,0.0,0.0,0.03557648118400859,0.0,0.0,0.0,0.0,0.0,0.0,0.0,0.0,0.0,0.0,0.0,0.0,0.0,0.0
0.0,0.0,0.0,0.0,0.0,0.0,0.0,0.0,0.0,0.0,0.03131588831147219,0.0,0.0,0.0,0.24992106424046368,0.48595080139080743,0.3941936993447071,0.14251867711107924,0.1632419563244895,0.255914897228574,0.4926213824448107,0.6858567810691022,0.0,0.0,0.0,0.03785489406549789,0.0,0.0,0.0,0.0,0.0,0.0,0.0,0.0,0.0,0.0,0.0,0.0,0.4256129637225714,1.0,0.4086830040192989,0.0,0.0,0.0,0.0,0.0,0.0,0.0,0.0,0.0,0.0,0.0,0.0,0.0,0.0,0.0,0.0,0.0,0.0,0.0,0.0,0.0,0.0,0.0,0.0,0.0,0.0,0.0,0.0,0.0,0.0,0.0,0.0,0.0,0.0,0.0,0.0,0.0,0.0,0.0,0.0,0.0,0.0,0.0,0.0,0.0,0.0,0.0
0.0,0.0,0.0,0.0,0.0,0.0,0.0,0.0,0.0,0.0,0.0,0.0,0.0,0.0,0.15642784501827267,0.2524119290499784,0.03564263879965137,0.0,0.2482687794257528,0.4848298874679724,0.6859448270393791,0.4919261741013187,0.03584898696786699,0.0,0.13648245322364164,0.3900444842841429,0.0,0.0,0.0,0.0,0.0,0.0,0.0,0.0,0.0,0.0,0.0,0.0,0.0,0.4086830040192989,1.0,0.41913192425148,0.0,0.0,0.0,0.0,0.0,0.0,0.0,0.0,0.0,0.0,0.0,0.0,0.0,0.0,0.0,0.0,0.0,0.0,0.0,0.0,0.0,0.0,0.0,0.0,0.0,0.0,0.0,0.0,0.0,0.0,0.0,0.0,0.0,0.0,0.0,0.0,0.0,0.0,0.0,0.0,0.0,0.0,0.0,0.0,0.0,0.0
0.0,0.0,0.0,0.0,0.0,0.0,0.0,0.0,0.0,0.0,0.0,0.0,0.0,0.0,0.025482141693588346,0.0,0.0,0.0,0.2501469822468574,0.4874647534039366,0.39211593127931005,0.14189130931075453,0.16941253545568066,0.2581125213099005,0.49147277757504076,0.6859245888391935,0.0,0.03550464779201643,0.0,0.0,0.0,0.0,0.0,0.0,0.0,0.0,0.0,0.0,0.0,0.0,0.41913192425148,1.0,0.4066976214063485,0.0,0.0,0.0,0.0,0.0,0.0,0.0,0.0,0.0,0.0,0.0,0.0,0.0,0.0,0.0,0.0,0.0,0.0,0.0,0.0,0.0,0.0,0.0,0.0,0.0,0.0,0.0,0.0,0.0,0.0,0.0,0.0,0.0,0.0,0.0,0.0,0.0,0.0,0.0,0.0,0.0,0.0,0.0,0.0,0.0
0.0,0.0,0.0,0.0,0.0,0.0,0.0,0.0,0.0,0.0,0.0,0.0,0.0,0.0,0.0,0.0,0.0,0.0,0.1587018553766,0.25294234965157003,0.03311579109040621,0.0,0.2547198671165927,0.48503331783300374,0.6862553907805707,0.4894698905737663,0.0,0.38932606482565185,0.0,0.2232624197308194,0.0,0.0,0.0,0.0,0.0,0.0,0.0,0.0,0.0,0.0,0.0,0.4066976214063485,1.0,0.0,0.0,0.0,0.0,0.0,0.0,0.0,0.0,0.0,0.0,0.0,0.0,0.0,0.0,0.0,0.0,0.0,0.0,0.0,0.0,0.0,0.0,0.0,0.0,0.0,0.0,0.0,0.0,0.0,0.0,0.0,0.0,0.0,0.0,0.0,0.0,0.0,0.0,0.0,0.0,0.0,0.0,0.0,0.0,0.0
0.39818210850383695,0.2901864106648048,0.11968205302903101,0.04256683157024559,0.10788606656073059,0.2720602568279264,0.4247066771715022,0.2707280815261102,0.16887112615703517,0.17523896524199103,0.3754400975761221,0.15089025841834414,0.037524626876941275,0.09343298133295197,0.375940025785802,0.12428580511117265,0.0,0.0,0.4860101499652442,0.2543325228786619,0.03156046720981267,0.0,0.6868659290312937,0.4926878712310047,0.25614431093720386,0.1705320323083408,0.0,0.3997449028975969,0.0,0.23311980585932016,0.16703326110504416,0.0,0.0,0.0,0.0,0.0,0.0,0.0,0.0,0.0,0.0,0.0,0.0,1.0,0.0,0.0,0.0,0.0,0.0,0.0,0.0,0.0,0.0,0.0,0.0,0.0,0.0,0.0,0.0,0.0,0.0,0.0,0.0,0.0,0.0,0.0,0.0,0.0,0.0,0.0,0.0,0.0,0.0,0.0,0.0,0.0,0.0,0.0,0.0,0.0,0.0,0.0,0.0,0.0,0.0,0.0,0.0,0.0
0.0,0.0,0.0,0.0,0.0,0.0,0.0,0.0,0.0,0.0,0.0,0.0,0.0,0.0,0.0,0.0,0.0,0.0,0.0,0.0,0.0,0.0,0.0,0.0,0.0,0.0,0.0,0.0,0.0,0.0,0.0,0.0,0.0,0.0,0.0,0.0,0.0,0.0,0.0,0.0,0.0,0.0,0.0,0.0,1.0,0.7383139470418308,0.546977799703834,0.47239173812236124,0.5435384770653859,0.7350233912018174,0.7298209466104628,0.5455484999828555,0.4771805280886424,0.5420686373058103,0.5221579105251434,0.29886031127674023,0.21487106535569173,0.30489169830121465,0.407784120597021,0.17142044739249965,0.03830592623570011,0.08381870719333659,0.3838271907843819,0.1615804560599563,0.0,0.0,0.4314615901108894,0.2489859771578006,0.06558452424842658,0.03190762805127534,0.30561052962508284,0.1576623481848471,0.07161309686567803,0.006707858397485802,0.48600744869148754,0.15869579285193378,0.2501434640807075,0.2482677816136812,0.16324017969513677,0.034562018090088145,0.0,0.0,0.0,0.0,0.0,0.0,0.0,0.39818210850383695
0.0,0.0,0.0,0.0,0.0,0.0,0.0,0.0,0.0,0.0,0.0,0.0,0.11066852835682967,0.0,0.0,0.0,0.0,0.002647657655853545,0.0,0.0,0.0,0.0,0.0,0.0,0.0,0.0,0.0,0.0,0.0,0.0,0.0,0.0,0.0,0.0,0.0,0.0,0.21467999646934227,0.06426151665740439,0.0,0.0,0.0,0.0,0.0,0.0,0.7383139470418308,1.0,0.742583141261044,0.548581644290235,0.48344601871593473,0.5500731582182199,0.5328064966214662,0.30535240486215226,0.2189305320372538,0.3080397958850476,0.43175205452732507,0.19357474235966046,0.05027706872796312,0.08936366914246456,0.4207331853673974,0.22146167166933667,0.05106267250845804,0.03280528536782528,0.4315058569742985,0.27450237852819365,0.1301667927995457,0.10344919435749945,0.41269858519292124,0.2623617852054378,0.1457082799507626,0.15234424949738543,0.547970634408716,0.12094583660376218,0.32375109531884805,0.0,0.686866045466692,0.25472098129745946,0.16941488892193776,0.03585066271962114,0.0,0.0,0.0,0.0,0.0,0.0,0.0,0.0,0.0,0.2901864106648048
0.0,0.0,0.0,0.0,0.0,0.0,0.0,0.0,0.0,0.0,0.0,0.11732343637744713,0.2604562117730912,0.09745025104668088,0.0,0.0,0.0,0.16396740252429448,0.0,0.0,0.0,0.0,0.0,0.0,0.0,0.0,0.0,0.0,0.0,0.0,0.0,0.0,0.0,0.0,0.0,0.0,0.4375197317287176,0.2868779740400456,0.0,0.0,0.0,0.0,0.0,0.0,0.546977799703834,0.742583141261044,1.0,0.7375069279837084,0.554603014283024,0.48131795380222747,0.29709747716426027,0.09639304848110838,0.06677270217606038,0.21789420580628258,0.17507203960782317,0.0,0.0,0.0,0.18610437991994727,0.00017698133290411776,0.0,0.0,0.24898932650001207,0.14566196325135544,0.0,0.0,0.2623035530026479,0.18618605666656027,0.10328218360575966,0.08547800152521919,0.7344817379592121,0.07685069153078233,0.4912079871007741,0.0,0.49269400877515485,0.48503354026027057,0.25811354760685984,0.0,0.0,0.0,0.0,0.0,0.0,0.0,0.0,0.0,0.0,0.11968205302903101
0.0,0.0,0.0,0.0,0.0,0.0,0.0,0.0,0.0,0.0,0.0,0.16847756550500434,0.2376837828663855,0.024130048001522166,0.0,0.0,0.1032392744891046,0.2893649324122165,0.0,0.0,0.0,0.0,0.0,0.0,0.0,0.0,0.0,0.0,0.0,0.0,0.0,0.0,0.0,0.0,0.0,0.0,0.39010483843338173,0.4814700579527397,0.0,0.0,0.0,0.0,0.0,0.0,0.47239173812236124,0.548581644290235,0.7375069279837084,1.0,0.7454829244151463,0.5489912121997561,0.20229580837756922,0.05776465651786713,0.10369164301416865,0.3090689782650913,0.019916974029684467,0.0,0.0,0.0,0.0,0.0,0.0,0.0,0.06552885602395267,0.0,0.0,0.0,0.14556998920104086,0.10317564999438313,0.0,0.0,0.5430383396905556,0.06788571226371265,0.31988478338594334,0.0,0.2561490634938574,0.6862548577849613,0.4914741065881183,0.13649117857014967,0.0,0.0,0.0,0.0,0.0,0.0,0.0,0.0,0.0,0.04256683157024576
0.0,0.0,0.0,0.0,0.0,0.0,0.0,0.0,0.0,0.0,0.0,0.04521472925712876,0.0671878781332527,0.0,0.0,0.0,0.0734933165595021,0.20963495212618186,0.0,0.0,0.0,0.0,0.0,0.0,0.0,0.0,0.0,0.0,0.0,0.0,0.0,0.0,0.0,0.0,0.0,0.0,0.13792339903123405,0.3722575768272054,0.004120659312013824,0.0,0.0,0.0,0.0,0.0,0.5435384770653859,0.48344601871593473,0.554603014283024,0.7454829244151463,1.0,0.7375427704686631,0.29730565638792145,0.21495184639263137,0.3142128534921866,0.5428943559226604,0.06689734610848812,0.0,0.0,0.0,0.0,0.0,0.0,0.0,0.031838834180382795,0.0,0.0,0.0,0.1521891375040956,0.08534300383849094,0.0,0.0,0.3120694229628985,0.0939593537223232,0.07805817275784863,0.01707848208489332,0.1705352019185533,0.4894688579357026,0.6859247006951925,0.39005394376323166,0.03786365971508745,0.0,0.0,0.0,0.0,0.0,0.0,0.0,0.0,0.10788606656073059
0.0,0.0,0.0,0.0,0.0,0.0,0.0,0.0,0.0,0.0,0.0,0.0,0.0,0.0,0.0,0.0,0.0,0.03246919444028526,0.0,0.0,0.0,0.0,0.0,0.0,0.0,0.0,0.0,0.0,0.0,0.0,0.0,0.0,0.0,0.0,0.0,0.0,0.0,0.12088491962323956,0.0,0.0,0.0,0.0,0.0,0.0,0.7350233912018174,0.5500731582182199,0.48131795380222747,0.5489912121997561,0.7375427704686631,1.0,0.5375661249756968,0.476608135843851,0.5524561612333336,0.735488123520842,0.2858614323829292,0.08635730467791865,0.0606013379599918,0.21507469848542277,0.1534697829028756,0.0,0.0,0.0,0.1615429200523735,0.0,0.0,0.0,0.27439900505893383,0.1455879507462175,0.0,0.0,0.21596781697175224,0.13203623228608838,0.0,0.035794551715486074,0.2543336751191462,0.2529402792817109,0.4874625394502386,0.4848300214958501,0.25591592265217233,0.0,0.0,0.0,0.0,0.0,0.0,0.0,0.0,0.27206025682792623
0.0,0.0,0.0,0.0,0.0,0.0,0.0,0.0,0.0,0.0,0.0,0.0,0.0,0.0,0.0,0.0,0.0,0.0,0.0,0.0,0.0,0.0,0.0,0.0,0.0,0.0,0.0,0.0,0.0,0.0,0.0,0.0,0.0,0.0,0.0,0.0,0.0,0.0,0.0,0.0,0.0,0.0,0.0,0.0,0.7298209466104628,0.5328064966214662,0.29709747716426027,0.20229580837756922,0.29730565638792145,0.5375661249756968,1.0,0.7368528475016881,0.5418854720036519,0.47019423419012246,0.7308264638323243,0.545178783237993,0.4764130490941201,0.5430519704882653,0.5198527798763997,0.29352226985525837,0.21184228094827157,0.3048051008313497,0.40778657439824717,0.15348813531289723,0.01735314938425915,0.07142465094779675,0.4207168075128422,0.1861060869831472,0.0,0.0,0.08084993595442815,0.08015094907947573,0.0,0.0,0.37592988428807356,0.0,0.025474265059402965,0.15642138239797213,0.2499198903287046,0.24982007186853228,0.1628450547418416,0.03539575073217992,0.0,0.0,0.0,0.0,0.0,0.42470667717150196
0.0,0.0,0.0,0.0,0.0,0.0,0.0,0.0,0.0,0.0,0.0,0.0,0.0,0.0,0.0,0.0,0.0,0.0,0.0,0.0,0.0,0.0,0.0,0.0,0.0,0.0,0.0,0.0,0.0,0.0,0.0,0.0,0.0,0.0,0.0,0.0,0.0,0.0,0.0,0.0,0.0,0.0,0.0,0.0,0.5455484999828555,0.30535240486215226,0.09639304848110838,0.05776465651786713,0.21495184639263137,0.476608135843851,0.7368528475016881,1.0,0.7348703454164836,0.5487959079111051,0.5433979639563902,0.4790070413885593,0.5523389552978425,0.7361458302255331,0.2935161450508051,0.08718427079573389,0.059381497098959686,0.21597586197465923,0.17140609692605355,0.0,0.0,0.0,0.22142593191659635,0.00014795218028084843,0.0,0.0,0.0,0.0,0.0,0.0,0.12427241280540804,0.0,0.0,0.25241174425173313,0.4859523743512525,0.48571618898636626,0.255769064948446,0.0,0.0,0.0,0.0,0.0,0.0,0.2707280815261099
0.0,0.0,0.0,0.0,0.0,0.0,0.0,0.0,0.0,0.0,0.0,0.0,0.0,0.0,0.0,0.0,0.0,0.0,0.0,0.0,0.0,0.0,0.0,0.0,0.0,0.0,0.0,0.0,0.0,0.0,0.0,0.0,0.0,0.0,0.0,0.0,0.0,0.0,0.0,0.0,0.0,0.0,0.0,0.0,0.4771805280886424,0.2189305320372538,0.06677270217606038,0.10369164301416865,0.3142128534921866,0.5524561612333336,0.5418854720036519,0.7348703454164836,1.0,0.7479106835097016,0.2998820830487831,0.21396651921929535,0.3124296422978929,0.5431636116276972,0.07140647900059198,0.0,0.0,0.0,0.0,0.0,0.0,0.0,0.10337071009332273,0.0,0.0,0.0,0.0,0.0,0.0,0.0,0.0,0.0,0.14190353491167348,0.4919265974340945,0.6858565496685916,0.39316171340568257,0.036581050044659086,0.0,0.0,0.0,0.0,0.0,0.0,0.168871126157035
