1.0,0.7383164691069807,0.5469833887677717,0.4723940880002789,0.5435361487465127,0.7350207211449716,0.7298267271388892,0.5455547352900638,0.47718776099341803,0.5420716884871831,0.5221641439180768,0.29885601989309096,0.2148681148928108,0.3048932858579655,0.40779963177569706,0.17141434350191934,0.03829006870319589,0.08380712706364292,0.3838933744963408,0.16165494645627307,0.0,0.0,0.43158088501419883,0.24917994763464377,0.06576321312726283,0.03202931069071118,0.3056185682594006,0.1579097285883953,0.07162583342550771,0.006979425569863919,0.48600813118659053,0.1586987867900285,0.2501413178667573,0.24826875087025432,0.1632488085319508,0.034563510473182124,0.0,0.0,0.0,0.0,0.0,0.0,0.0,0.3982592773144993,0.0,0.0,0.0,0.0,0.0,0.0,0.0,0.0,0.0,0.0,0.0,0.0,0.0,0.0,0.0,0.0,0.0,0.0,0.0,0.0,0.0,0.0,0.0,0.0,0.0,0.0,0.0,0.0,0.0,0.0,0.0,0.0,0.0,0.0,0.0,0.0,0.0,0.0,0.0,0.0,0.0,0.0,0.0,0.0
0.7383164691069807,1.0,0.7425859958161452,0.548581429027036,0.483444484715585,0.550075304862947,0.5328130333958204,0.3053608597452675,0.21894181427319798,0.3080465139523234,0.4317591583369634,0.19356583079464318,0.050268868091904506,0.08936418323386167,0.42075453592957746,0.22144777894037668,0.05103315967355142,0.03278237493909188,0.43161859062587266,0.2746340474479742,0.13022272494808082,0.10344379120552917,0.41288156442703716,0.2626535909797008,0.145996196684946,0.1525523724028968,0.5479779563828291,0.12128557742833208,0.32376448196128516,0.0,0.686866135171911,0.2547212621968097,0.16941361788396841,0.03585374114794508,0.0,0.0,0.0,0.0,0.0,0.0,0.0,0.0,0.0,0.29029949379824815,0.0,0.0,0.0,0.0,0.0,0.0,0.0,0.0,0.0,0.0,0.0,0.0,0.0,0.0,0.0,0.0,0.0,0.0,0.0,0.0,0.0,0.0,0.0,0.0,0.0,0.0,0.0,0.0,0.0,0.0,0.0,0.0,0.0,0.0,0.0,0.0,0.0,0.0,0.0,0.0,0.0,0.0,0.0,0.0
0.5469833887677717,0.7425859958161452,1.0,0.7375057475570111,0.5546026932897327,0.4813216317881984,0.29710713198188327,0.09638921373116331,0.06677072439548075,0.2178941854446313,0.1750936402478562,0.0,0.0,0.0,0.1861791048298558,0.0001966563716207206,0.0,0.0,0.24922493223753703,0.1459468455273539,0.0,0.0,0.26266048381317303,0.18674473950537027,0.10385826915033515,0.0859134370921332,0.7344817065522903,0.07749250858133415,0.4912079603068242,0.0,0.4926968698433927,0.48503182327131755,0.25811187185519646,0.0,0.0,0.0,0.0,0.0,0.0,0.0,0.0,0.0,0.0,0.11993456614556275,0.0,0.0,0.0,0.0,0.0,0.0,0.0,0.0,0.0,0.0,0.0,0.0,0.0,0.0,0.0,0.0,0.0,0.0,0.0,0.0,0.0,0.0,0.0,0.0,0.0,0.0,0.0,0.0,0.0,0.0,0.0,0.0,0.0,0.0,0.0,0.0,0.0,0.0,0.0,0.0,0.0,0.0,0.0,0.0
0.4723940880002789,0.548581429027036,0.7375057475570111,1.0,0.7454825253451186,0.5489923112048622,0.20230329261308483,0.057749903407541305,0.10367601937427061,0.3090597202158823,0.019941139158175625,0.0,0.0,0.0,0.0,0.0,0.0,0.0,0.06578323052218783,0.0,0.0,0.0,0.14597404638897496,0.1038220010171114,0.0,0.0,0.5430339520768237,0.06868662093147704,0.3198744723368399,0.0,0.25614939588675045,0.686254981770783,0.4914715145909073,0.13647547999950377,0.0,0.0,0.0,0.0,0.0,0.0,0.0,0.0,0.0,0.04287462664552698,0.0,0.0,0.0,0.0,0.0,0.0,0.0,0.0,0.0,0.0,0.0,0.0,0.0,0.0,0.0,0.0,0.0,0.0,0.0,0.0,0.0,0.0,0.0,0.0,0.0,0.0,0.0,0.0,0.0,0.0,0.0,0.0,0.0,0.0,0.0,0.0,0.0,0.0,0.0,0.0,0.0,0.0,0.0,0.0
0.5435361487465127,0.483444484715585,0.5546026932897327,0.7454825253451186,1.0,0.7375420386279903,0.29730764894131284,0.21493559209878074,0.31419585564111563,0.5428834974285945,0.06691099576311725,0.0,0.0,0.0,0.0,0.0,0.0,0.0,0.0320179258547202,0.0,0.0,0.0,0.15249238636418208,0.08583171537690389,0.0,0.0,0.3120664796973466,0.094606997153466,0.07805032108265302,0.017816152925119937,0.1705346353539296,0.4894686068859775,0.6859248002632793,0.39003878220722865,0.03784434435217768,0.0,0.0,0.0,0.0,0.0,0.0,0.0,0.0,0.10812628761722813,0.0,0.0,0.0,0.0,0.0,0.0,0.0,0.0,0.0,0.0,0.0,0.0,0.0,0.0,0.0,0.0,0.0,0.0,0.0,0.0,0.0,0.0,0.0,0.0,0.0,0.0,0.0,0.0,0.0,0.0,0.0,0.0,0.0,0.0,0.0,0.0,0.0,0.0,0.0,0.0,0.0,0.0,0.0,0.0
0.7350207211449716,0.550075304862947,0.4813216317881984,0.5489923112048622,0.7375420386279903,1.0,0.5375654153683539,0.47660001674785374,0.5524509323713344,0.7354866011912659,0.28586466335939803,0.08634128894863545,0.06058045945680408,0.21505809859721983,0.15349554008416022,0.0,0.0,0.0,0.16163351203528908,0.0,0.0,0.0,0.27456407962558227,0.14586049753835162,0.0,0.0,0.2159703917119644,0.13240648331406182,0.0,0.03621824627172972,0.25433625085579475,0.252940746504049,0.4874620247762822,0.48482828891566226,0.25591222847436873,0.0,0.0,0.0,0.0,0.0,0.0,0.0,0.0,0.2721849469794505,0.0,0.0,0.0,0.0,0.0,0.0,0.0,0.0,0.0,0.0,0.0,0.0,0.0,0.0,0.0,0.0,0.0,0.0,0.0,0.0,0.0,0.0,0.0,0.0,0.0,0.0,0.0,0.0,0.0,0.0,0.0,0.0,0.0,0.0,0.0,0.0,0.0,0.0,0.0,0.0,0.0,0.0,0.0,0.0
0.7298267271388892,0.5328130333958204,0.29710713198188327,0.20230329261308483,0.29730764894131284,0.5375654153683539,1.0,0.7368563864497227,0.5418890349936081,0.4701965091960297,0.7308221327305243,0.5451774346131047,0.4764172686675773,0.5430565547420209,0.5198460211322864,0.293512554914593,0.21183365560805173,0.3048018790274936,0.4077859903408302,0.15349498826895994,0.017350046855868904,0.07141392047759826,0.42072012904128764,0.18614246385434036,0.0,0.0,0.0808623545519602,0.08021092920676304,0.0,0.0,0.3759313460469221,0.0,0.02547572951982503,0.15642511724952304,0.24992405430688908,0.24982499119382212,0.1628481365674091,0.03539165263725971,0.0,0.0,0.0,0.0,0.0,0.42468462415974906,0.0,0.0,0.0,0.0,0.0,0.0,0.0,0.0,0.0,0.0,0.0,0.0,0.0,0.0,0.0,0.0,0.0,0.0,0.0,0.0,0.0,0.0,0.0,0.0,0.0,0.0,0.0,0.0,0.0,0.0,0.0,0.0,0.0,0.0,0.0,0.0,0.0,0.0,0.0,0.0,0.0,0.0,0.0,0.0
0.5455547352900638,0.3053608597452675,0.09638921373116331,0.057749903407541305,0.21493559209878074,0.47660001674785374,0.7368563864497227,1.0,0.7348699352424548,0.548791966950945,0.5433908904121142,0.47900239166330305,0.5523403344459571,0.7361463427930782,0.2935069790434912,0.087177175530883,0.05937576717292908,0.2159738145061167,0.17138900484760122,0.0,0.0,0.0,0.22139657049403952,0.00013931566812800346,0.0,0.0,0.0,0.0,0.0,0.0,0.12428735510905249,0.0,0.0,0.252409897251288,0.4859528546303359,0.4857173574013879,0.25576909346541987,0.0,0.0,0.0,0.0,0.0,0.0,0.27067511876324535,0.0,0.0,0.0,0.0,0.0,0.0,0.0,0.0,0.0,0.0,0.0,0.0,0.0,0.0,0.0,0.0,0.0,0.0,0.0,0.0,0.0,0.0,0.0,0.0,0.0,0.0,0.0,0.0,0.0,0.0,0.0,0.0,0.0,0.0,0.0,0.0,0.0,0.0,0.0,0.0,0.0,0.0,0.0,0.0
0.47718776099341803,0.21894181427319798,0.06677072439548075,0.10367601937427061,0.31419585564111563,0.5524509323713344,0.5418890349936081,0.7348699352424548,1.0,0.7479071960524732,0.29987797563092417,0.21396081038055584,0.312427461615054,0.5431609079561929,0.07140402279691975,0.0,0.0,0.0,0.0,0.0,0.0,0.0,0.10336833159335868,0.0,0.0,0.0,0.0,0.0,0.0,0.0,0.0,0.0,0.14187973327790734,0.4919250230560923,0.6858577679263144,0.393158819530187,0.036575968337398665,0.0,0.0,0.0,0.0,0.0,0.0,0.168841794421419,0.0,0.0,0.0,0.0,0.0,0.0,0.0,0.0,0.0,0.0,0.0,0.0,0.0,0.0,0.0,0.0,0.0,0.0,0.0,0.0,0.0,0.0,0.0,0.0,0.0,0.0,0.0,0.0,0.0,0.0,0.0,0.0,0.0,0.0,0.0,0.0,0.0,0.0,0.0,0.0,0.0,0.0,0.0,0.0
0.5420716884871831,0.3080465139523234,0.2178941854446313,0.3090597202158823,0.5428834974285945,0.7354866011912659,0.4701965091960297,0.548791966950945,0.7479071960524732,1.0,0.20244548444293825,0.05571791116313463,0.10310918788891593,0.31146603237437887,0.017340644231242354,0.0,0.0,0.0,0.0,0.0,0.0,0.0,0.1301363924801693,0.0,0.0,0.0,0.0,0.020616460253821443,0.0,0.0,0.03156537122527223,0.03310518041854309,0.3921072437682106,0.6859455232864478,0.4926215361774143,0.14237822463323707,0.0,0.0,0.0,0.0,0.0,0.0,0.0,0.17528929790786557,0.0,0.0,0.0,0.0,0.0,0.0,0.0,0.0,0.0,0.0,0.0,0.0,0.0,0.0,0.0,0.0,0.0,0.0,0.0,0.0,0.0,0.0,0.0,0.0,0.0,0.0,0.0,0.0,0.0,0.0,0.0,0.0,0.0,0.0,0.0,0.0,0.0,0.0,0.0,0.0,0.0,0.0,0.0,0.0
0.5221641439180768,0.4317591583369634,0.1750936402478562,0.019941139158175625,0.06691099576311725,0.28586466335939803,0.7308221327305243,0.5433908904121142,0.29987797563092417,0.20244548444293825,1.0,0.7354309535208173,0.5421390579097145,0.4746457603735513,0.7308264184709509,0.5433976385718502,0.4746537478334905,0.5421421022614433,0.5221604933809473,0.28587052210780306,0.20245527607683222,0.29988670537446616,0.43174710239604747,0.1750809974187881,0.019936628244764262,0.06691507954053044,0.012237136369813346,0.012224764967877704,0.0,0.0,0.3754217842864127,0.0,0.0,0.0,0.031308289548504856,0.16109364875550064,0.2491417354977819,0.2491415030496372,0.16110155904116147,0.03131707750346628,0.0,0.0,0.0,0.3754189516128335,0.0,0.0,0.0,0.0,0.0,0.0,0.0,0.0,0.0,0.0,0.0,0.0,0.0,0.0,0.0,0.0,0.0,0.0,0.0,0.0,0.0,0.0,0.0,0.0,0.0,0.0,0.0,0.0,0.0,0.0,0.0,0.0,0.0,0.0,0.0,0.0,0.0,0.0,0.0,0.0,0.0,0.0,0.0,0.0
0.29885601989309096,0.19356583079464318,0.0,0.0,0.0,0.08634128894863545,0.5451774346131047,0.47900239166330305,0.21396081038055584,0.05571791116313463,0.7354309535208173,1.0,0.7361581376403626,0.5512952475658838,0.5451737611887593,0.4790043110115852,0.5513002893015595,0.7361624799087751,0.2988444073982866,0.08633753142658639,0.05571862120692186,0.21396265581075463,0.19354661121654673,0.0,0.0,0.0,0.0,0.0,0.0,0.0,0.15086423972777205,0.0,0.0,0.0,0.0,0.254656094564434,0.48622274028037993,0.48622179587586933,0.25466263626232305,0.0,0.0,0.0,0.0,0.1508539941321727,0.0,0.0,0.013294472226810485,0.0,0.0,0.0,0.0,0.0,0.0,0.0,0.0,0.0,0.0,0.0,0.0,0.0,0.0,0.0,0.0,0.0,0.0,0.0,0.0,0.0,0.0,0.0,0.12116093111138543,0.0,0.12722019342148252,0.0,0.0,0.0,0.0,0.0,0.0,0.0,0.0,0.0,0.0,0.0,0.0,0.0,0.0,0.0
0.2148681148928108,0.050268868091904506,0.0,0.0,0.0,0.06058045945680408,0.4764172686675773,0.5523403344459571,0.312427461615054,0.10310918788891593,0.5421390579097145,0.7361581376403626,1.0,0.7473497856157068,0.3047946146262423,0.21596953205342942,0.3119638359072106,0.5435045157797911,0.08378720174949647,0.0,0.0,0.0,0.032751438436794525,0.0,0.0,0.0,0.0,0.0,0.0,0.0,0.0,0.0,0.0,0.0,0.14253224459220679,0.4913793070334502,0.6858861113119444,0.39334536245403173,0.03535312748944528,0.0,0.0,0.0,0.0,0.03747447328570056,0.0,0.0,0.0,0.0,0.0,0.0,0.0,0.0,0.0,0.0,0.0,0.0,0.0,0.0,0.0,0.0,0.0,0.0,0.0,0.0,0.0,0.0,0.0,0.0,0.0,0.0,0.009979782157817568,0.0,0.07238705539465168,0.0,0.0,0.0,0.0,0.0,0.0,0.0,0.0,0.0,0.0,0.0,0.0,0.0,0.0,0.0
0.3048932858579655,0.08936418323386167,0.0,0.0,0.0,0.21505809859721983,0.5430565547420209,0.7361463427930782,0.5431609079561929,0.31146603237437887,0.4746457603735513,0.5512952475658838,0.7473497856157068,1.0,0.21182344806453102,0.05936963105581408,0.10276858511476453,0.31196502648743185,0.038261318070970475,0.0,0.0,0.0,0.05098582488971564,0.0,0.0,0.0,0.0,0.0,0.0,0.0,0.0,0.0,0.0,0.03564360500942266,0.3942059315270498,0.6859141677309291,0.49147278447537807,0.14154183689291217,0.0,0.0,0.0,0.0,0.0,0.0933703898432896,0.0,0.0,0.0,0.0,0.0,0.0,0.0,0.0,0.0,0.0,0.0,0.0,0.0,0.0,0.0,0.0,0.0,0.0,0.0,0.0,0.0,0.0,0.0,0.0,0.0,0.0,0.0,0.0,0.0,0.0,0.0,0.0,0.0,0.0,0.0,0.0,0.0,0.0,0.0,0.0,0.0,0.0,0.0,0.0
0.40779963177569706,0.42075453592957746,0.1861791048298558,0.0,0.0,0.15349554008416022,0.5198460211322864,0.2935069790434912,0.07140402279691975,0.017340644231242354,0.7308264184709509,0.5451737611887593,0.3047946146262423,0.21182344806453102,1.0,0.7368505145715165,0.5430530512267209,0.47640995645840944,0.7298283387197121,0.5375711793931086,0.47019829893839454,0.5418856995693616,0.5328158147944508,0.297108786457506,0.20230847449287906,0.2973148626698016,0.08025370975113835,0.08086730786236697,0.0,0.0,0.4247208049576283,0.0,0.0,0.0,0.0,0.0,0.035387210151565505,0.16284103851574894,0.24981947623275447,0.2499188438750806,0.1564262949111501,0.02548156898841206,0.0,0.37594708521518994,0.0,0.06654778871506051,0.0,0.0,0.0,0.0,0.0,0.0,0.0,0.0,0.0,0.0,0.0,0.0,0.0,0.0,0.0,0.0,0.0,0.0,0.0,0.0,0.0,0.0,0.0,0.0,0.0,0.0,0.0,0.0,0.0448401057350736,0.0,0.0,0.0,0.0,0.0,0.0,0.0,0.0,0.0,0.0,0.0,0.0,0.0
0.17141434350191934,0.22144777894037668,0.0001966563716207206,0.0,0.0,0.0,0.293512554914593,0.087177175530883,0.0,0.0,0.5433976385718502,0.4790043110115852,0.21596953205342942,0.05936963105581408,0.7368505145715165,1.0,0.7361490723180711,0.5523375715398924,0.5455508304238752,0.4766030705980005,0.5487945645708571,0.7348704921302075,0.3053570394665153,0.09638558466039662,0.05775142602652825,0.21493906019694364,0.0,0.0,0.0,0.0,0.27073413575465527,0.0,0.0,0.0,0.0,0.0,0.0,0.2557688774208843,0.4857177305692409,0.4859524771380439,0.25241148791112855,0.0,0.0,0.12429470892309695,0.19267591799865108,0.27904074104687926,0.19305608103710212,0.0393396219434803,0.0,0.053536927081088884,0.14392319694315409,0.020790215864229532,0.0,0.0,0.12048890382803659,0.06033882534523852,0.0,0.0,0.03937284503570214,0.0,0.0,0.0,0.0,0.0,0.0,0.0,0.0,0.0,0.0,0.0,0.1528736068332797,0.0,0.03591360181498559,0.0,0.21496292532126374,0.0,0.0,0.0,0.0,0.0,0.0,0.0,0.0,0.0,0.0,0.0,0.0,0.0
0.03829006870319589,0.05103315967355142,0.0,0.0,0.0,0.0,0.21183365560805173,0.05937576717292908,0.0,0.0,0.4746537478334905,0.5513002893015595,0.3119638359072106,0.10276858511476453,0.5430530512267209,0.7361490723180711,1.0,0.7473472161719507,0.3048907180720476,0.21506197973143482,0.3114695261644759,0.5431628718657966,0.08936062470960204,0.0,0.0,0.0,0.0,0.0,0.0,0.0,0.09341740225671748,0.0,0.0,0.0,0.0,0.0,0.14154492673439198,0.49147302359008654,0.6859135924021805,0.3942071564641769,0.03564581570911395,0.0,0.0,0.0,0.2176119332258294,0.3535182837503742,0.35249017803353877,0.21483684376529982,0.11203019234621607,0.11518172415378558,0.08905155522315213,0.0,0.0,0.0,0.025476501683644664,0.0,0.0,0.0,0.0,0.0,0.0,0.0,0.0,0.0,0.0,0.0,0.0,0.0,0.0,0.0,0.34654947821560217,0.0,0.2388419654260855,0.0,0.2511779486701418,0.011981292116178656,0.0,0.0,0.0,0.0,0.0,0.0,0.0,0.0,0.0,0.0,0.0,0.0
0.08380712706364292,0.03278237493909188,0.0,0.0,0.0,0.0,0.3048018790274936,0.2159738145061167,0.0,0.0,0.5421421022614433,0.7361624799087751,0.5435045157797911,0.31196502648743185,0.47640995645840944,0.5523375715398924,0.7473472161719507,1.0,0.21485748709851368,0.06057561600670251,0.10310549481179396,0.31242373063320117,0.05025545386038256,0.0,0.0,0.0,0.0,0.0,0.0,0.0,0.03749888109771932,0.0,0.0,0.0,0.0,0.035351961994060634,0.39335137458650055,0.6858865573642322,0.49137977990519743,0.14252957539343186,0.0,0.0,0.0,0.0,0.01847588807080843,0.2007716517534263,0.251098077735291,0.10188640628788284,0.0,0.0,0.0,0.0,0.0,0.0,0.0,0.0,0.0,0.0,0.0,0.0,0.0,0.0,0.0,0.0,0.0,0.0,0.0,0.0,0.0,0.0,0.3391940117758404,0.0,0.308598207405374,0.0,0.12242581907463321,0.0,0.0,0.0,0.0,0.0,0.0,0.0,0.0,0.0,0.0,0.0,0.0,0.0
0.3838933744963408,0.43161859062587266,0.24922493223753703,0.06578323052218783,0.0320179258547202,0.16163351203528908,0.4077859903408302,0.17138900484760122,0.0,0.0,0.5221604933809473,0.2988444073982866,0.08378720174949647,0.038261318070970475,0.7298283387197121,0.5455508304238752,0.3048907180720476,0.21485748709851368,1.0,0.7350229840307366,0.5420707601809254,0.4771842588965247,0.7383163383148084,0.5469824563243173,0.4723976490622692,0.5435421569560853,0.15797560268743904,0.3056195998181636,0.007052104752625241,0.07162796169463441,0.3983113908590068,0.0,0.0,0.0,0.0,0.0,0.0,0.0,0.03455868495108993,0.1632443124424685,0.2482685643217015,0.2501462337726546,0.15870250920992848,0.48601542715499246,0.0,0.0,0.0,0.0,0.0,0.0,0.0,0.0,0.0,0.0,0.015003666551183072,0.06216751031899707,0.0,0.0,0.0,0.01621928634038485,0.1040749489366843,0.10924389241092715,0.0,0.0,0.0,0.0,0.0,0.0,0.0,0.0,0.0,0.0,0.0,0.0,0.0,0.0,0.0,0.0,0.0,0.0,0.0,0.0,0.0,0.0,0.0,0.0,0.0,0.0
0.16165494645627307,0.2746340474479742,0.1459468455273539,0.0,0.0,0.0,0.15349498826895994,0.0,0.0,0.0,0.28587052210780306,0.08633753142658639,0.0,0.0,0.5375711793931086,0.4766030705980005,0.21506197973143482,0.06057561600670251,0.7350229840307366,1.0,0.7354870349377781,0.5524526238774526,0.5500728181749547,0.4813152358930983,0.548989323164576,0.7375416579083364,0.13253054295105499,0.21596407286333535,0.03635872089164,0.0,0.2722787845433532,0.0,0.0,0.0,0.0,0.0,0.0,0.0,0.0,0.2559125955151475,0.48482856855172973,0.4874620390935774,0.25293900026747435,0.254338680158736,0.0,0.0,0.0,0.0,0.0,0.0,0.07786423805505484,0.014758940348723068,0.0,0.0,0.15562476303226366,0.25093180667411646,0.1903573210815563,0.06071022332375047,0.03841264268507143,0.07814929315747117,0.2018042749852275,0.27612332710683246,0.0,0.0,0.0,0.0,0.0,0.0,0.0,0.0,0.0,0.0,0.0,0.0,0.0,0.0,0.0,0.0,0.0,0.0,0.05114979744169979,0.1531122550210119,0.030184177598948234,0.0,0.0,0.0,0.0,0.0
0.0,0.13022272494808082,0.0,0.0,0.0,0.0,0.017350046855868904,0.0,0.0,0.0,0.20245527607683222,0.05571862120692186,0.0,0.0,0.47019829893839454,0.5487945645708571,0.3114695261644759,0.10310549481179396,0.5420707601809254,0.7354870349377781,1.0,0.7479087805139952,0.3080431910507707,0.2178885869639363,0.30905805976702516,0.5428827157084151,0.02076241198776038,0.0,0.0,0.0,0.17539932421797594,0.0,0.0,0.0,0.0,0.0,0.0,0.0,0.1423781882314526,0.49262146625584036,0.6859448961596072,0.3921065478445948,0.033105488531643884,0.031568753105547145,0.18393312134381817,0.14703999861160888,0.0,0.0,0.0,0.029674506579684647,0.27781203083721784,0.24108049128011075,0.07592258140607476,0.0,0.2890661994480192,0.3497854073601097,0.32745823569093374,0.2574667547889253,0.11985880126723092,0.08542874184026213,0.1657395902684591,0.2790248153002448,0.0,0.0,0.0,0.0,0.0,0.0,0.0,0.0,0.0,0.0,0.0,0.0,0.08453283592694416,0.0,0.0,0.0,0.0,0.02805765794034403,0.14618843405067466,0.12143212155565196,0.0,0.0,0.0,0.0,0.0,0.0
0.0,0.10344379120552917,0.0,0.0,0.0,0.0,0.07141392047759826,0.0,0.0,0.0,0.29988670537446616,0.21396265581075463,0.0,0.0,0.5418856995693616,0.7348704921302075,0.5431628718657966,0.31242373063320117,0.4771842588965247,0.5524526238774526,0.7479087805139952,1.0,0.21893763721111015,0.06676619135230322,0.10367661977588398,0.3141975397857843,0.0,0.0,0.0,0.0,0.16893443268529887,0.0,0.0,0.0,0.0,0.0,0.0,0.03657499686388502,0.3931578349590748,0.6858567222237297,0.49192576555182105,0.1418814952662226,0.0,0.0,0.3185252586570482,0.31702609398815773,0.17353648280332512,0.04667529598210398,0.05540953323862758,0.18423448993761762,0.32632667964757284,0.24989061448847608,0.12638679987662663,0.08955569792334488,0.27887949203365714,0.248318597670467,0.19723979641975606,0.1816238532665531,0.1316298514452325,0.055670197428773584,0.06694183763914449,0.13982681680760747,0.0,0.0,0.0,0.0,0.0,0.0,0.0,0.0,0.05923436470358678,0.0,0.0,0.0,0.2257852507308882,0.0,0.0,0.0,0.0,0.0,0.0,0.0,0.0,0.0,0.0,0.0,0.0,0.0
0.43158088501419883,0.41288156442703716,0.26266048381317303,0.14597404638897496,0.15249238636418208,0.27456407962558227,0.42072012904128764,0.22139657049403952,0.10336833159335868,0.1301363924801693,0.43174710239604747,0.19354661121654673,0.032751438436794525,0.05098582488971564,0.5328158147944508,0.3053570394665153,0.08936062470960204,0.05025545386038256,0.7383163383148084,0.5500728181749547,0.3080431910507707,0.21893763721111015,1.0,0.7425853492866971,0.5485835157643469,0.483447521698219,0.1213181294699724,0.5479799422307454,0.0,0.3237676257771931,0.2903145162037639,0.0,0.0,0.0,0.0,0.0,0.0,0.0,0.0,0.0,0.03585113965242484,0.1694162021398525,0.254723087167684,0.6868657757793211,0.0,0.0,0.0,0.0,0.0,0.0,0.0,0.0,0.0,0.0,0.0,0.0,0.0,0.0,0.0,0.0,0.06012797635559787,0.027964507281132072,0.0,0.0,0.0,0.0,0.0,0.0,0.0,0.0,0.0,0.0,0.0,0.0,0.0,0.0,0.0,0.0,0.0,0.0,0.0,0.0,0.0,0.0,0.0,0.0,0.0,0.0
0.24917994763464377,0.2626535909797008,0.18674473950537027,0.1038220010171114,0.08583171537690389,0.14586049753835162,0.18614246385434036,0.00013931566812800346,0.0,0.0,0.1750809974187881,0.0,0.0,0.0,0.297108786457506,0.09638558466039662,0.0,0.0,0.5469824563243173,0.4813152358930983,0.2178885869639363,0.06676619135230322,0.7425853492866971,1.0,0.7375056342513997,0.5546017731545265,0.07752854519307327,0.7344818816445206,0.0,0.49120832274780396,0.11994907221364973,0.0,0.0,0.0,0.0,0.0,0.0,0.0,0.0,0.0,0.0,0.2581118466379576,0.48503250033389966,0.4926883827796975,0.0,0.0,0.0,0.0,0.0,0.0,0.0,0.0,0.0,0.0,0.0,0.0,0.0,0.0,0.0,0.0,0.08487296110147548,0.0702893034235124,0.0,0.0,0.0,0.0,0.0,0.0,0.0,0.0,0.0,0.0,0.0,0.0,0.0,0.0,0.0,0.0,0.0,0.0,0.0,0.0,0.034177839583894594,0.0,0.0,0.0,0.0,0.0
0.06576321312726283,0.145996196684946,0.10385826915033515,0.0,0.0,0.0,0.0,0.0,0.0,0.0,0.019936628244764262,0.0,0.0,0.0,0.20230847449287906,0.05775142602652825,0.0,0.0,0.4723976490622692,0.548989323164576,0.30905805976702516,0.10367661977588398,0.5485835157643469,0.7375056342513997,1.0,0.7454825760213166,0.06876763095713356,0.5430287775863432,0.0,0.3198677831101301,0.0429195598849275,0.0,0.0,0.0,0.0,0.0,0.0,0.0,0.0,0.0,0.13647456648174078,0.49147306131712193,0.6862553060359158,0.2561453299315748,0.0,0.0,0.0,0.0,0.0,0.0,0.0,0.0,0.0,0.0,0.0,0.06196198121575565,0.0,0.0,0.0,0.0,0.15959038945108264,0.2096159494042716,0.0,0.0,0.0,0.0,0.0,0.0,0.0,0.0,0.0,0.0,0.0,0.0,0.0,0.0,0.0,0.0,0.0,0.0,0.0,0.17984834290195503,0.0872807033348424,0.0,0.0,0.0,0.0,0.0
0.03202931069071118,0.1525523724028968,0.0859134370921332,0.0,0.0,0.0,0.0,0.0,0.0,0.0,0.06691507954053044,0.0,0.0,0.0,0.2973148626698016,0.21493906019694364,0.0,0.0,0.5435421569560853,0.7375416579083364,0.5428827157084151,0.3141975397857843,0.483447521698219,0.5546017731545265,0.7454825760213166,1.0,0.09473742949703526,0.31206240115307676,0.017971908868254647,0.07804482280964856,0.10820876938903644,0.0,0.0,0.0,0.0,0.0,0.0,0.0,0.0,0.03784475758945023,0.3900377356842092,0.6859244080167781,0.4894691473745642,0.17053653642464245,0.0,0.0,0.0,0.0,0.0,0.0,0.0,0.0,0.0,0.0,0.07500227897401941,0.2399345880075837,0.2049058390481247,0.02995081428372233,0.0,0.035322301551933395,0.22334797774575735,0.3258870029924513,0.0,0.0,0.0,0.0,0.0,0.0,0.0,0.0,0.0,0.0,0.0,0.0,0.0,0.0,0.0,0.0,0.0,0.0,0.12744992686741555,0.2737270227781582,0.08816415712873557,0.0,0.0,0.0,0.0,0.0
0.3056185682594006,0.5479779563828291,0.7344817065522903,0.5430339520768237,0.3120664796973466,0.2159703917119644,0.0808623545519602,0.0,0.0,0.0,0.012237136369813346,0.0,0.0,0.0,0.08025370975113835,0.0,0.0,0.0,0.15797560268743904,0.13253054295105499,0.02076241198776038,0.0,0.1213181294699724,0.07752854519307327,0.06876763095713356,0.09473742949703526,1.0,0.0,0.7567246745490411,0.0,0.39975946178945465,0.3893243557636512,0.035502688974001974,0.0,0.0,0.0,0.0,0.0,0.0,0.0,0.0,0.0,0.0,0.0,0.0,0.0,0.0,0.0,0.0,0.0,0.0,0.0,0.0,0.0,0.0,0.0,0.0,0.0,0.0,0.0,0.0,0.0,0.0,0.0,0.0,0.0,0.0,0.0,0.0,0.0,0.0,0.0,0.0,0.0,0.0,0.0,0.0,0.0,0.0,0.0,0.0,0.0,0.0,0.0,0.0,0.0,0.0,0.0
0.1579097285883953,0.12128557742833208,0.07749250858133415,0.06868662093147704,0.094606997153466,0.13240648331406182,0.08021092920676304,0.0,0.0,0.020616460253821443,0.012224764967877704,0.0,0.0,0.0,0.08086730786236697,0.0,0.0,0.0,0.3056195998181636,0.21596407286333535,0.0,0.0,0.5479799422307454,0.7344818816445206,0.5430287775863432,0.31206240115307676,0.0,1.0,0.0,0.7567248585581647,0.0,0.0,0.0,0.0,0.0,0.0,0.0,0.0,0.0,0.0,0.0,0.035498720084310015,0.3893169668011283,0.39975044101375456,0.0,0.0,0.0,0.0,0.0,0.0,0.0,0.0,0.0,0.0,0.0,0.0,0.0,0.0,0.0,0.0,0.0,0.0,0.0,0.0,0.0,0.0,0.0,0.0,0.0,0.0,0.0,0.0,0.0,0.0,0.0,0.0,0.0,0.0,0.0,0.0,0.0,0.0,0.0,0.0,0.0,0.0,0.0,0.0
0.07162583342550771,0.32376448196128516,0.4912079603068242,0.3198744723368399,0.07805032108265302,0.0,0.0,0.0,0.0,0.0,0.0,0.0,0.0,0.0,0.0,0.0,0.0,0.0,0.007052104752625241,0.03635872089164,0.0,0.0,0.0,0.0,0.0,0.017971908868254647,0.7567246745490411,0.0,1.0,0.0,0.23313662487009545,0.2232601188114636,0.0,0.0,0.0,0.0,0.0,0.0,0.0,0.0,0.0,0.0,0.0,0.0,0.0,0.0,0.0,0.0,0.0,0.0,0.0,0.0,0.0,0.0,0.0,0.0,0.0,0.0,0.0,0.0,0.0,0.0,0.0,0.0,0.0,0.0,0.0,0.0,0.0,0.0,0.0,0.0,0.0,0.0,0.0,0.0,0.0,0.0,0.0,0.0,0.0,0.0,0.0,0.0,0.0,0.0,0.0,0.0
0.006979425569863919,0.0,0.0,0.0,0.017816152925119937,0.03621824627172972,0.0,0.0,0.0,0.0,0.0,0.0,0.0,0.0,0.0,0.0,0.0,0.0,0.07162796169463441,0.0,0.0,0.0,0.3237676257771931,0.49120832274780396,0.3198677831101301,0.07804482280964856,0.0,0.7567248585581647,0.0,1.0,0.0,0.0,0.0,0.0,0.0,0.0,0.0,0.0,0.0,0.0,0.0,0.0,0.22324850567958063,0.2331285816391846,0.0,0.0,0.0,0.0,0.0,0.0,0.0,0.0,0.0,0.0,0.0,0.0,0.0,0.0,0.0,0.0,0.0,0.0,0.0,0.0,0.0,0.0,0.0,0.0,0.0,0.0,0.0,0.0,0.0,0.0,0.0,0.0,0.0,0.0,0.0,0.0,0.0,0.0,0.0,0.0,0.0,0.0,0.0,0.0
0.48600813118659053,0.686866135171911,0.4926968698433927,0.25614939588675045,0.1705346353539296,0.25433625085579475,0.3759313460469221,0.12428735510905249,0.0,0.03156537122527223,0.3754217842864127,0.15086423972777205,0.0,0.0,0.4247208049576283,0.27073413575465527,0.09341740225671748,0.03749888109771932,0.3983113908590068,0.2722787845433532,0.17539932421797594,0.16893443268529887,0.2903145162037639,0.11994907221364973,0.0429195598849275,0.10820876938903644,0.39975946178945465,0.0,0.23313662487009545,0.0,1.0,0.0,0.0,0.0,0.0,0.0,0.0,0.0,0.0,0.0,0.0,0.0,0.0,0.1670523112878897,0.0,0.0,0.0,0.0,0.0,0.0,0.0,0.0,0.0,0.0,0.0,0.0,0.0,0.0,0.0,0.0,0.0,0.0,0.0,0.0,0.0,0.0,0.0,0.0,0.0,0.0,0.0,0.0,0.0,0.0,0.0,0.0,0.0,0.0,0.0,0.0,0.0,0.0,0.0,0.0,0.0,0.0,0.0,0.0
0.1586987867900285,0.2547212621968097,0.48503182327131755,0.686254981770783,0.4894686068859775,0.252940746504049,0.0,0.0,0.0,0.03310518041854309,0.0,0.0,0.0,0.0,0.0,0.0,0.0,0.0,0.0,0.0,0.0,0.0,0.0,0.0,0.0,0.0,0.3893243557636512,0.0,0.2232601188114636,0.0,0.0,1.0,0.40669294610865664,0.0,0.0,0.0,0.0,0.0,0.0,0.0,0.0,0.0,0.0,0.0,0.0,0.0,0.0,0.0,0.0,0.0,0.0,0.0,0.0,0.0,0.0,0.0,0.0,0.0,0.0,0.0,0.0,0.0,0.0,0.0,0.0,0.0,0.0,0.0,0.0,0.0,0.0,0.0,0.0,0.0,0.0,0.0,0.0,0.0,0.0,0.0,0.0,0.0,0.0,0.0,0.0,0.0,0.0,0.0
0.2501413178667573,0.16941361788396841,0.25811187185519646,0.4914715145909073,0.6859248002632793,0.4874620247762822,0.02547572951982503,0.0,0.14187973327790734,0.3921072437682106,0.0,0.0,0.0,0.0,0.0,0.0,0.0,0.0,0.0,0.0,0.0,0.0,0.0,0.0,0.0,0.0,0.035502688974001974,0.0,0.0,0.0,0.0,0.40669294610865664,1.0,0.41911974099380306,0.0,0.0,0.0,0.0,0.0,0.0,0.0,0.0,0.0,0.0,0.0,0.0,0.0,0.0,0.0,0.0,0.0,0.0,0.0,0.0,0.0,0.0,0.0,0.0,0.0,0.0,0.0,0.0,0.0,0.0,0.0,0.0,0.0,0.0,0.0,0.0,0.0,0.0,0.0,0.0,0.0,0.0,0.0,0.0,0.0,0.0,0.0,0.0,0.0,0.0,0.0,0.0,0.0,0.0
0.24826875087025432,0.03585374114794508,0.0,0.13647547999950377,0.39003878220722865,0.48482828891566226,0.15642511724952304,0.252409897251288,0.4919250230560923,0.6859455232864478,0.0,0.0,0.0,0.03564360500942266,0.0,0.0,0.0,0.0,0.0,0.0,0.0,0.0,0.0,0.0,0.0,0.0,0.0,0.0,0.0,0.0,0.0,0.0,0.41911974099380306,1.0,0.4086803655042215,0.0,0.0,0.0,0.0,0.0,0.0,0.0,0.0,0.0,0.0,0.0,0.0,0.0,0.0,0.0,0.0,0.0,0.0,0.0,0.0,0.0,0.0,0.0,0.0,0.0,0.0,0.0,0.0,0.0,0.0,0.0,0.0,0.0,0.0,0.0,0.0,0.0,0.0,0.0,0.0,0.0,0.0,0.0,0.0,0.0,0.0,0.0,0.0,0.0,0.0,0.0,0.0,0.0
0.1632488085319508,0.0,0.0,0.0,0.03784434435217768,0.25591222847436873,0.24992405430688908,0.4859528546303359,0.6858577679263144,0.4926215361774143,0.031308289548504856,0.0,0.14253224459220679,0.3942059315270498,0.0,0.0,0.0,0.0,0.0,0.0,0.0,0.0,0.0,0.0,0.0,0.0,0.0,0.0,0.0,0.0,0.0,0.0,0.0,0.4086803655042215,1.0,0.42563596114878677,0.0,0.0,0.0,0.0,0.0,0.0,0.0,0.0,0.0,0.0,0.0,0.0,0.0,0.0,0.0,0.0,0.0,0.0,0.0,0.0,0.0,0.0,0.0,0.0,0.0,0.0,0.0,0.0,0.0,0.0,0.0,0.0,0.0,0.0,0.0,0.0,0.0,0.0,0.0,0.0,0.0,0.0,0.0,0.0,0.0,0.0,0.0,0.0,0.0,0.0,0.0,0.0
0.034563510473182124,0.0,0.0,0.0,0.0,0.0,0.24982499119382212,0.4857173574013879,0.393158819530187,0.14237822463323707,0.16109364875550064,0.254656094564434,0.4913793070334502,0.6859141677309291,0.0,0.0,0.0,0.035351961994060634,0.0,0.0,0.0,0.0,0.0,0.0,0.0,0.0,0.0,0.0,0.0,0.0,0.0,0.0,0.0,0.0,0.42563596114878677,1.0,0.40652568865858446,0.0,0.0,0.0,0.0,0.0,0.0,0.0,0.0,0.0,0.0,0.0,0.0,0.0,0.0,0.0,0.0,0.0,0.0,0.0,0.0,0.0,0.0,0.0,0.0,0.0,0.0,0.0,0.0,0.0,0.0,0.0,0.0,0.0,0.0,0.0,0.0,0.0,0.0,0.0,0.0,0.0,0.0,0.0,0.0,0.0,0.0,0.0,0.0,0.0,0.0,0.0
0.0,0.0,0.0,0.0,0.0,0.0,0.1628481365674091,0.25576909346541987,0.036575968337398665,0.0,0.2491417354977819,0.48622274028037993,0.6858861113119444,0.49147278447537807,0.035387210151565505,0.0,0.14154492673439198,0.39335137458650055,0.0,0.0,0.0,0.0,0.0,0.0,0.0,0.0,0.0,0.0,0.0,0.0,0.0,0.0,0.0,0.0,0.0,0.40652568865858446,1.0,0.4240533634837358,0.0,0.0,0.0,0.0,0.0,0.0,0.0,0.0,0.0,0.0,0.0,0.0,0.0,0.0,0.0,0.0,0.0,0.0,0.0,0.0,0.0,0.0,0.0,0.0,0.0,0.0,0.0,0.0,0.0,0.0,0.0,0.0,0.0,0.0,0.07177441609259642,0.0,0.0,0.0,0.0,0.0,0.0,0.0,0.0,0.0,0.0,0.0,0.0,0.0,0.0,0.0
0.0,0.0,0.0,0.0,0.0,0.0,0.03539165263725971,0.0,0.0,0.0,0.2491415030496372,0.48622179587586933,0.39334536245403173,0.14154183689291217,0.16284103851574894,0.2557688774208843,0.49147302359008654,0.6858865573642322,0.0,0.0,0.0,0.03657499686388502,0.0,0.0,0.0,0.0,0.0,0.0,0.0,0.0,0.0,0.0,0.0,0.0,0.0,0.0,0.4240533634837358,1.0,0.4065331617019385,0.0,0.0,0.0,0.0,0.0,0.0,0.0754267058181059,0.22075748847315735,0.05862314521729276,0.0,0.0,0.0,0.0,0.0,0.0,0.0,0.0,0.0,0.0,0.0,0.0,0.0,0.0,0.0,0.0,0.0,0.0,0.0,0.0,0.0,0.0,0.3919002611556806,0.0,0.3965332337683748,0.0,0.0,0.0,0.0,0.0,0.0,0.0,0.0,0.0,0.0,0.0,0.0,0.0,0.0,0.0
0.0,0.0,0.0,0.0,0.0,0.0,0.0,0.0,0.0,0.0,0.16110155904116147,0.25466263626232305,0.03535312748944528,0.0,0.24981947623275447,0.4857177305692409,0.6859135924021805,0.49137977990519743,0.03455868495108993,0.0,0.1423781882314526,0.3931578349590748,0.0,0.0,0.0,0.0,0.0,0.0,0.0,0.0,0.0,0.0,0.0,0.0,0.0,0.0,0.0,0.4065331617019385,1.0,0.4256348062072504,0.0,0.0,0.0,0.0,0.29932828091830865,0.44777526752480196,0.48570468975881237,0.36369902969776463,0.24694351579594925,0.22199866994239925,0.08119217580007132,0.0,0.0,0.0,0.0,0.0,0.0,0.0,0.0,0.0,0.0,0.0,0.0,0.0,0.0,0.0,0.0,0.0,0.0,0.0,0.4044269049049783,0.0,0.20659332650784826,0.0,0.2361542023750995,0.09493710977494607,0.0,0.0,0.0,0.0,0.0,0.0,0.0,0.0,0.0,0.0,0.0,0.0
0.0,0.0,0.0,0.0,0.0,0.0,0.0,0.0,0.0,0.0,0.03131707750346628,0.0,0.0,0.0,0.2499188438750806,0.4859524771380439,0.3942071564641769,0.14252957539343186,0.1632443124424685,0.2559125955151475,0.49262146625584036,0.6858567222237297,0.0,0.0,0.0,0.03784475758945023,0.0,0.0,0.0,0.0,0.0,0.0,0.0,0.0,0.0,0.0,0.0,0.0,0.4256348062072504,1.0,0.4086797449394332,0.0,0.0,0.0,0.43707799374755235,0.3744602724265461,0.2026751444354413,0.09469072928556288,0.1503438457670303,0.32101149331661427,0.4029069590546252,0.3341346615539994,0.2316613743796991,0.21356947917586988,0.24675822801719807,0.15736229082642272,0.1273277132996254,0.1856094160548797,0.023906627289045284,0.0,0.0,0.0,0.0,0.0,0.0,0.0,0.0,0.0,0.0,0.0,0.0,0.0,0.0,0.0,0.18084492192519586,0.0,0.0,0.0,0.0,0.0,0.0,0.0,0.0,0.0,0.0,0.0,0.0,0.0
0.0,0.0,0.0,0.0,0.0,0.0,0.0,0.0,0.0,0.0,0.0,0.0,0.0,0.0,0.1564262949111501,0.25241148791112855,0.03564581570911395,0.0,0.2482685643217015,0.48482856855172973,0.6859448961596072,0.49192576555182105,0.03585113965242484,0.0,0.13647456648174078,0.3900377356842092,0.0,0.0,0.0,0.0,0.0,0.0,0.0,0.0,0.0,0.0,0.0,0.0,0.0,0.4086797449394332,1.0,0.41911888111583817,0.0,0.0,0.08672685157218468,0.0,0.0,0.0,0.0,0.0,0.27039526222955024,0.3051482256214854,0.088993738753682,0.0,0.26535681334810957,0.4001820784248838,0.4652393707457261,0.3905674073941407,0.0,0.0,0.047363869387888745,0.26344234178946324,0.0,0.0,0.0,0.0,0.0,0.0,0.0,0.0,0.0,0.0,0.0,0.0,0.0,0.0,0.0,0.0,0.0,0.12355060641764043,0.2511106844999774,0.08911946707745315,0.0,0.0,0.0,0.0,0.0,0.0
0.0,0.0,0.0,0.0,0.0,0.0,0.0,0.0,0.0,0.0,0.0,0.0,0.0,0.0,0.02548156898841206,0.0,0.0,0.0,0.2501462337726546,0.4874620390935774,0.3921065478445948,0.1418814952662226,0.1694162021398525,0.2581118466379576,0.49147306131712193,0.6859244080167781,0.0,0.035498720084310015,0.0,0.0,0.0,0.0,0.0,0.0,0.0,0.0,0.0,0.0,0.0,0.0,0.41911888111583817,1.0,0.40669712060466684,0.0,0.0,0.0,0.0,0.0,0.0,0.0,0.0,0.0,0.0,0.0,0.0,0.24564990945728366,0.2751880535617851,0.04609571769354013,0.0,0.0,0.11872653860920318,0.32638299575883684,0.0,0.0,0.0,0.0,0.0,0.0,0.0,0.0,0.0,0.0,0.0,0.0,0.0,0.0,0.0,0.0,0.0,0.0,0.22129486791202516,0.30365978053066556,0.0,0.0,0.0,0.0,0.0,0.0
0.0,0.0,0.0,0.0,0.0,0.0,0.0,0.0,0.0,0.0,0.0,0.0,0.0,0.0,0.0,0.0,0.0,0.0,0.15870250920992848,0.25293900026747435,0.033105488531643884,0.0,0.254723087167684,0.48503250033389966,0.6862553060359158,0.4894691473745642,0.0,0.3893169668011283,0.0,0.22324850567958063,0.0,0.0,0.0,0.0,0.0,0.0,0.0,0.0,0.0,0.0,0.0,0.40669712060466684,1.0,0.0,0.0,0.0,0.0,0.0,0.0,0.0,0.0,0.0,0.0,0.0,0.0,0.0,0.0,0.0,0.0,0.0,0.0,0.053703066675504625,0.0,0.0,0.0,0.0,0.0,0.0,0.0,0.0,0.0,0.0,0.0,0.0,0.0,0.0,0.0,0.0,0.0,0.0,0.0,0.06889658159677405,0.0,0.0,0.0,0.0,0.0,0.0
0.3982592773144993,0.29029949379824815,0.11993456614556275,0.04287462664552698,0.10812628761722813,0.2721849469794505,0.42468462415974906,0.27067511876324535,0.168841794421419,0.17528929790786557,0.3754189516128335,0.1508539941321727,0.03747447328570056,0.0933703898432896,0.37594708521518994,0.12429470892309695,0.0,0.0,0.48601542715499246,0.254338680158736,0.031568753105547145,0.0,0.6868657757793211,0.4926883827796975,0.2561453299315748,0.17053653642464245,0.0,0.39975044101375456,0.0,0.2331285816391846,0.1670523112878897,0.0,0.0,0.0,0.0,0.0,0.0,0.0,0.0,0.0,0.0,0.0,0.0,1.0,0.0,0.0,0.0,0.0,0.0,0.0,0.0,0.0,0.0,0.0,0.0,0.0,0.0,0.0,0.0,0.0,0.0,0.0,0.0,0.0,0.0,0.0,0.0,0.0,0.0,0.0,0.0,0.0,0.0,0.0,0.0,0.0,0.0,0.0,0.0,0.0,0.0,0.0,0.0,0.0,0.0,0.0,0.0,0.0
0.0,0.0,0.0,0.0,0.0,0.0,0.0,0.0,0.0,0.0,0.0,0.0,0.0,0.0,0.0,0.19267591799865108,0.2176119332258294,0.01847588807080843,0.0,0.0,0.18393312134381817,0.3185252586570482,0.0,0.0,0.0,0.0,0.0,0.0,0.0,0.0,0.0,0.0,0.0,0.0,0.0,0.0,0.0,0.0,0.29932828091830865,0.43707799374755235,0.08672685157218468,0.0,0.0,0.0,1.0,0.7383164691069803,0.5469833887677716,0.4723940880002789,0.5435361487465127,0.7350207211449717,0.7298267271388892,0.5455547352900639,0.4771877609934182,0.5420716884871833,0.5221641439180764,0.2988560198930908,0.21486811489281096,0.3048932858579656,0.4077996317756969,0.1714143435019192,0.03829006870319556,0.08380712706364292,0.3838933744963408,0.16165494645627274,0.0,0.0,0.431580885014199,0.24917994763464346,0.06576321312726251,0.03202931069071118,0.3056185682594006,0.1579097285883953,0.07162583342550755,0.00697942556986359,0.48600813118659036,0.15869878679002866,0.25014131786675736,0.24826875087025457,0.1632488085319509,0.03456351047318229,0.0,0.0,0.0,0.0,0.0,0.0,0.0,0.39825927731449917
0.0,0.0,0.0,0.0,0.0,0.0,0.0,0.0,0.0,0.0,0.0,0.0,0.0,0.0,0.06654778871506051,0.27904074104687926,0.3535182837503742,0.2007716517534263,0.0,0.0,0.14703999861160888,0.31702609398815773,0.0,0.0,0.0,0.0,0.0,0.0,0.0,0.0,0.0,0.0,0.0,0.0,0.0,0.0,0.0,0.0754267058181059,0.44777526752480196,0.3744602724265461,0.0,0.0,0.0,0.0,0.7383164691069803,1.0,0.7425859958161449,0.5485814290270359,0.4834444847155849,0.5500753048629468,0.5328130333958203,0.30536085974526733,0.21894181427319798,0.30804651395232324,0.4317591583369634,0.19356583079464318,0.05026886809190467,0.0893641832338615,0.42075453592957757,0.22144777894037684,0.05103315967355158,0.03278237493909188,0.431618590625873,0.2746340474479742,0.13022272494808082,0.10344379120552934,0.41288156442703744,0.26265359097970076,0.14599619668494587,0.1525523724028971,0.5479779563828292,0.12128557742833208,0.32376448196128516,0.0,0.6868661351719111,0.25472126219680974,0.16941361788396825,0.03585374114794492,0.0,0.0,0.0,0.0,0.0,0.0,0.0,0.0,0.0,0.29029949379824815
0.0,0.0,0.0,0.0,0.0,0.0,0.0,0.0,0.0,0.0,0.0,0.013294472226810485,0.0,0.0,0.0,0.19305608103710212,0.35249017803353877,0.251098077735291,0.0,0.0,0.0,0.17353648280332512,0.0,0.0,0.0,0.0,0.0,0.0,0.0,0.0,0.0,0.0,0.0,0.0,0.0,0.0,0.0,0.22075748847315735,0.48570468975881237,0.2026751444354413,0.0,0.0,0.0,0.0,0.5469833887677716,0.7425859958161449,1.0,0.7375057475570111,0.5546026932897329,0.48132163178819837,0.29710713198188315,0.09638921373116315,0.06677072439548075,0.2178941854446313,0.17509364024785604,0.0,0.0,0.0,0.18617910482985564,0.00019665637162055613,0.0,0.0,0.24922493223753703,0.14594684552735374,0.0,0.0,0.2626604838131732,0.1867447395053701,0.10385826915033482,0.08591343709213352,0.7344817065522904,0.077492508581334,0.4912079603068242,0.0,0.4926968698433926,0.48503182327131783,0.25811187185519663,0.0,0.0,0.0,0.0,0.0,0.0,0.0,0.0,0.0,0.0,0.11993456614556258
0.0,0.0,0.0,0.0,0.0,0.0,0.0,0.0,0.0,0.0,0.0,0.0,0.0,0.0,0.0,0.0393396219434803,0.21483684376529982,0.10188640628788284,0.0,0.0,0.0,0.04667529598210398,0.0,0.0,0.0,0.0,0.0,0.0,0.0,0.0,0.0,0.0,0.0,0.0,0.0,0.0,0.0,0.05862314521729276,0.36369902969776463,0.09469072928556288,0.0,0.0,0.0,0.0,0.4723940880002789,0.5485814290270359,0.7375057475570111,1.0,0.7454825253451187,0.5489923112048621,0.20230329261308483,0.057749903407541305,0.10367601937427061,0.30905972021588224,0.019941139158175462,0.0,0.0,0.0,0.0,0.0,0.0,0.0,0.065783230522188,0.0,0.0,0.0,0.14597404638897526,0.1038220010171114,0.0,0.0,0.5430339520768236,0.06868662093147704,0.3198744723368399,0.0,0.25614939588675045,0.686254981770783,0.49147151459090743,0.13647547999950377,0.0,0.0,0.0,0.0,0.0,0.0,0.0,0.0,0.0,0.04287462664552698
0.0,0.0,0.0,0.0,0.0,0.0,0.0,0.0,0.0,0.0,0.0,0.0,0.0,0.0,0.0,0.0,0.11203019234621607,0.0,0.0,0.0,0.0,0.05540953323862758,0.0,0.0,0.0,0.0,0.0,0.0,0.0,0.0,0.0,0.0,0.0,0.0,0.0,0.0,0.0,0.0,0.24694351579594925,0.1503438457670303,0.0,0.0,0.0,0.0,0.5435361487465127,0.4834444847155849,0.5546026932897329,0.7454825253451187,1.0,0.7375420386279902,0.29730764894131273,0.21493559209878058,0.3141958556411156,0.5428834974285943,0.06691099576311708,0.0,0.0,0.0,0.0,0.0,0.0,0.0,0.03201792585472037,0.0,0.0,0.0,0.15249238636418225,0.08583171537690389,0.0,0.0,0.31206647969734674,0.094606997153466,0.07805032108265318,0.017816152925119608,0.17053463535392968,0.48946860688597765,0.6859248002632792,0.3900387822072285,0.03784434435217752,0.0,0.0,0.0,0.0,0.0,0.0,0.0,0.0,0.1081262876172278
0.0,0.0,0.0,0.0,0.0,0.0,0.0,0.0,0.0,0.0,0.0,0.0,0.0,0.0,0.0,0.053536927081088884,0.11518172415378558,0.0,0.0,0.0,0.029674506579684647,0.18423448993761762,0.0,0.0,0.0,0.0,0.0,0.0,0.0,0.0,0.0,0.0,0.0,0.0,0.0,0.0,0.0,0.0,0.22199866994239925,0.32101149331661427,0.0,0.0,0.0,0.0,0.7350207211449717,0.5500753048629468,0.48132163178819837,0.5489923112048621,0.7375420386279902,1.0,0.5375654153683539,0.47660001674785374,0.5524509323713344,0.735486601191266,0.2858646633593978,0.08634128894863528,0.06058045945680408,0.21505809859721967,0.15349554008416022,0.0,0.0,0.0,0.16163351203528908,0.0,0.0,0.0,0.2745640796255823,0.14586049753835145,0.0,0.0,0.21597039171196422,0.13240648331406166,0.0,0.036218246271729385,0.2543362508557946,0.25294074650404896,0.4874620247762822,0.48482828891566226,0.25591222847436873,0.0,0.0,0.0,0.0,0.0,0.0,0.0,0.0,0.2721849469794502
0.0,0.0,0.0,0.0,0.0,0.0,0.0,0.0,0.0,0.0,0.0,0.0,0.0,0.0,0.0,0.14392319694315409,0.08905155522315213,0.0,0.0,0.07786423805505484,0.27781203083721784,0.32632667964757284,0.0,0.0,0.0,0.0,0.0,0.0,0.0,0.0,0.0,0.0,0.0,0.0,0.0,0.0,0.0,0.0,0.08119217580007132,0.4029069590546252,0.27039526222955024,0.0,0.0,0.0,0.7298267271388892,0.5328130333958203,0.29710713198188315,0.20230329261308483,0.29730764894131273,0.5375654153683539,1.0,0.7368563864497227,0.5418890349936081,0.4701965091960297,0.7308221327305242,0.5451774346131047,0.47641726866757744,0.5430565547420209,0.5198460211322866,0.293512554914593,0.21183365560805173,0.3048018790274936,0.4077859903408304,0.15349498826895994,0.01735004685586874,0.07141392047759809,0.42072012904128797,0.1861424638543402,0.0,0.0,0.0808623545519602,0.0802109292067632,0.0,0.0,0.3759313460469221,0.0,0.025475729519824866,0.15642511724952304,0.249924054306889,0.24982499119382204,0.162848136567409,0.03539165263725971,0.0,0.0,0.0,0.0,0.0,0.42468462415974906
0.0,0.0,0.0,0.0,0.0,0.0,0.0,0.0,0.0,0.0,0.0,0.0,0.0,0.0,0.0,0.020790215864229532,0.0,0.0,0.0,0.014758940348723068,0.24108049128011075,0.24989061448847608,0.0,0.0,0.0,0.0,0.0,0.0,0.0,0.0,0.0,0.0,0.0,0.0,0.0,0.0,0.0,0.0,0.0,0.3341346615539994,0.3051482256214854,0.0,0.0,0.0,0.5455547352900639,0.30536085974526733,0.09638921373116315,0.057749903407541305,0.21493559209878058,0.47660001674785374,0.7368563864497227,1.0,0.7348699352424549,0.548791966950945,0.543390890412114,0.47900239166330283,0.5523403344459571,0.7361463427930782,0.29350697904349127,0.08717717553088283,0.05937576717292892,0.21597381450611652,0.1713890048476014,0.0,0.0,0.0,0.22139657049403969,0.000139315668127839,0.0,0.0,0.0,0.0,0.0,0.0,0.12428735510905249,0.0,0.0,0.2524098972512881,0.48595285463033605,0.4857173574013879,0.2557690934654196,0.0,0.0,0.0,0.0,0.0,0.0,0.2706751187632453
