1.0,0.7383164691069805,0.5469833887677713,0.4723940880002787,0.5435361487465127,0.7350207211449716,0.7298267271388894,0.5455547352900642,0.47718776099341803,0.5420716884871831,0.5221641439180766,0.298856019893091,0.21486811489281096,0.30489328585796566,0.40779963177569695,0.17141434350191934,0.03829006870319589,0.08380712706364275,0.3838933744963408,0.16165494645627307,0.0,0.0,0.431580885014199,0.2491799476346436,0.06576321312726283,0.03202931069071102,0.30561856825940054,0.1579097285883953,0.07162583342550738,0.006979425569863754,0.48600813118659036,0.1586987867900285,0.250141317866757,0.24826875087025474,0.16324880853195065,0.034563510473182124,0.0,0.0,0.0,0.0,0.0,0.0,0.0,0.39825927731449945,0.0,0.0,0.0,0.0,0.0,0.0,0.0,0.008029644602877263,0.0,0.0,0.019215801724298223,0.07425820782536602,0.11872511392873313,0.10281483632336665,0.0,0.0,0.0,0.0,0.0,0.0,0.0,0.0,0.0,0.0,0.0,0.0,0.0,0.0,0.0,0.0,0.0,0.0,0.0,0.0,0.0,0.0,0.0,0.0,0.0,0.0,0.0,0.0,0.0,0.0
0.7383164691069805,1.0,0.7425859958161449,0.5485814290270361,0.48344448471558504,0.5500753048629471,0.5328130333958204,0.3053608597452675,0.2189418142731978,0.3080465139523232,0.43175915833696316,0.19356583079464318,0.050268868091904506,0.08936418323386167,0.4207545359295773,0.2214477789403765,0.05103315967355142,0.03278237493909155,0.43161859062587266,0.2746340474479742,0.13022272494808082,0.10344379120552917,0.41288156442703716,0.262653590979701,0.14599619668494618,0.15255237240289662,0.5479779563828292,0.12128557742833225,0.323764481961285,0.0,0.6868661351719108,0.25472126219680974,0.16941361788396817,0.03585374114794525,0.0,0.0,0.0,0.0,0.0,0.0,0.0,0.0,0.0,0.2902994937982483,0.0,0.0,0.0,0.0,0.0,0.0,0.0,0.0,0.0,0.0,0.0,0.0,0.03887062770174159,0.06103341288648439,0.0,0.0,0.0,0.0,0.0,0.0,0.0,0.0,0.0,0.0,0.0,0.0,0.0,0.0,0.0,0.0,0.0,0.0,0.0,0.0,0.0,0.0,0.0,0.0,0.0,0.0,0.0,0.0,0.0,0.0
0.5469833887677713,0.7425859958161449,1.0,0.7375057475570114,0.5546026932897328,0.4813216317881984,0.297107131981883,0.09638921373116315,0.06677072439548042,0.21789418544463096,0.17509364024785587,0.0,0.0,0.0,0.18617910482985547,0.00019665637162039165,0.0,0.0,0.24922493223753686,0.1459468455273539,0.0,0.0,0.26266048381317286,0.18674473950537043,0.10385826915033532,0.0859134370921332,0.7344817065522905,0.07749250858133432,0.4912079603068242,0.0,0.4926968698433923,0.48503182327131783,0.2581118718551964,0.0,0.0,0.0,0.0,0.0,0.0,0.0,0.0,0.0,0.0,0.11993456614556275,0.0,0.0,0.0,0.0,0.0,0.0,0.0,0.0,0.0,0.0,0.0,0.0,0.07349394764400066,0.07716353088948086,0.0,0.0,0.0,0.0,0.0,0.0,0.0,0.0,0.0,0.0,0.0,0.0,0.0,0.0,0.0,0.0,0.0,0.0,0.0,0.0,0.0,0.023222802904596333,0.009864542252976598,0.0,0.0,0.0,0.0,0.0,0.0,0.0
0.4723940880002787,0.5485814290270361,0.7375057475570114,1.0,0.7454825253451186,0.5489923112048625,0.20230329261308483,0.05774990340754147,0.10367601937427061,0.30905972021588196,0.019941139158175462,0.0,0.0,0.0,0.0,0.0,0.0,0.0,0.065783230522188,0.0,0.0,0.0,0.1459740463889748,0.10382200101711157,0.0,0.0,0.5430339520768237,0.0686866209314772,0.3198744723368398,0.0,0.2561493958867503,0.686254981770783,0.49147151459090727,0.13647547999950377,0.0,0.0,0.0,0.0,0.0,0.0,0.0,0.0,0.0,0.042874626645527145,0.0,0.0,0.0,0.0,0.0,0.0,0.0,0.0,0.0,0.0,0.0,0.05736595118203692,0.2005472584260643,0.1390286940592869,0.0,0.0,0.0,0.004758180389658781,0.0,0.0,0.0,0.0,0.0,0.0,0.0,0.0,0.0,0.0,0.0,0.0,0.0,0.0,0.0,0.0,0.0,0.06294250850116732,0.17836116953647452,0.0,0.0,0.0,0.0,0.0,0.0,0.0
0.5435361487465127,0.48344448471558504,0.5546026932897328,0.7454825253451186,1.0,0.7375420386279905,0.29730764894131284,0.2149355920987809,0.31419585564111563,0.5428834974285942,0.06691099576311708,0.0,0.0,0.0,0.0,0.0,0.0,0.0,0.0320179258547202,0.0,0.0,0.0,0.15249238636418191,0.0858317153769042,0.0,0.0,0.3120664796973466,0.09460699715346634,0.07805032108265302,0.017816152925119608,0.17053463535392943,0.4894686068859775,0.685924800263279,0.39003878220722865,0.03784434435217735,0.0,0.0,0.0,0.0,0.0,0.0,0.0,0.0,0.1081262876172283,0.0,0.0,0.0,0.0,0.0,0.0,0.0,0.007572767524532377,0.0,0.0,0.05978891616434279,0.23158072289352324,0.31237034057095175,0.19882828902710456,0.0,0.0,0.03725833791237718,0.21025312478762154,0.0,0.0,0.0,0.0,0.0,0.0,0.0,0.0,0.0,0.0,0.0,0.0,0.0,0.0,0.0,0.0,0.0,0.06159356860316294,0.2686629221299643,0.14073199325763444,0.0,0.0,0.0,0.0,0.0,0.0
0.7350207211449716,0.5500753048629471,0.4813216317881984,0.5489923112048625,0.7375420386279905,1.0,0.5375654153683538,0.47660001674785357,0.5524509323713339,0.7354866011912654,0.2858646633593978,0.08634128894863528,0.06058045945680375,0.2150580985972195,0.15349554008416022,0.0,0.0,0.0,0.16163351203528908,0.0,0.0,0.0,0.27456407962558227,0.14586049753835195,0.0,0.0,0.21597039171196455,0.132406483314062,0.0,0.03621824627172955,0.25433625085579464,0.2529407465040493,0.48746202477628214,0.48482828891566215,0.2559122284743682,0.0,0.0,0.0,0.0,0.0,0.0,0.0,0.0,0.27218494697945056,0.0,0.0,0.0,0.0,0.0,0.0,0.02207999426784389,0.05824341504902367,0.0,0.0,0.1484354370469204,0.2527475900473515,0.27414519074615135,0.1878842880186669,0.07435284779520752,0.021928617494089222,0.07614922256516918,0.20481808205483257,0.0,0.0,0.0,0.0,0.0,0.0,0.0,0.0,0.0,0.0,0.0,0.0,0.0,0.0,0.0,0.0,0.0,0.014614887031175297,0.15906445415315948,0.07191165291900253,0.0,0.0,0.0,0.0,0.0,0.0
0.7298267271388894,0.5328130333958204,0.297107131981883,0.20230329261308483,0.29730764894131284,0.5375654153683538,1.0,0.7368563864497228,0.5418890349936079,0.4701965091960298,0.7308221327305243,0.5451774346131049,0.4764172686675773,0.5430565547420207,0.5198460211322866,0.293512554914593,0.21183365560805173,0.3048018790274934,0.40778599034083024,0.1534949882689601,0.017350046855868904,0.07141392047759809,0.420720129041288,0.18614246385434036,0.0,0.0,0.0808623545519602,0.08021092920676337,0.0,0.0,0.37593134604692224,0.0,0.0254757295198247,0.1564251172495233,0.24992405430688883,0.2498249911938218,0.16284813656740885,0.035391652637259546,0.0,0.0,0.0,0.0,0.0,0.42468462415974934,0.0,0.0,0.0,0.0,0.0,0.0,0.0,0.0,0.0,0.0,0.0,0.0,0.0,0.0,0.0,0.0,0.0,0.0,0.0,0.0,0.0,0.0,0.06509891049347154,0.0,0.0,0.0,0.0,0.0,0.0,0.0,0.0,0.0,0.0,0.0,0.0,0.0,0.0,0.0,0.0,0.0,0.0,0.0,0.0,0.04020514809995426
0.5455547352900642,0.3053608597452675,0.09638921373116315,0.05774990340754147,0.2149355920987809,0.47660001674785357,0.7368563864497228,1.0,0.7348699352424546,0.5487919669509451,0.5433908904121143,0.47900239166330316,0.5523403344459571,0.7361463427930781,0.29350697904349143,0.08717717553088317,0.05937576717292924,0.21597381450611652,0.1713890048476014,0.0,0.0,0.0,0.22139657049404002,0.00013931566812800346,0.0,0.0,0.0,0.0,0.0,0.0,0.12428735510905282,0.0,0.0,0.25240989725128843,0.48595285463033583,0.48571735740138755,0.2557690934654196,0.0,0.0,0.0,0.0,0.0,0.0,0.27067511876324546,0.0,0.0,0.0,0.0,0.0,0.0,0.04178493745644105,0.0,0.0,0.0,0.13306309455254053,0.07957200050318121,0.009298925352636215,0.0,0.15954589178137124,0.04453853550947879,0.0,0.0,0.20039729607540382,0.06326840935066212,0.0,0.0,0.2742804023799163,0.1808022260667568,0.03199416222529299,0.0,0.0,0.12997998198011793,0.0,0.006950633488053178,0.0,0.0,0.0,0.0,0.0,0.0,0.0,0.0,0.0,0.0,0.0,0.0,0.0,0.20630460928840536
0.47718776099341803,0.2189418142731978,0.06677072439548042,0.10367601937427061,0.31419585564111563,0.5524509323713339,0.5418890349936079,0.7348699352424546,1.0,0.7479071960524736,0.2998779756309241,0.21396081038055584,0.31242746161505414,0.5431609079561928,0.07140402279691975,0.0,0.0,0.0,0.0,0.0,0.0,0.0,0.10336833159335868,0.0,0.0,0.0,0.0,0.0,0.0,0.0,0.0,0.0,0.141879733277907,0.4919250230560927,0.6858577679263141,0.39315881953018694,0.036575968337398505,0.0,0.0,0.0,0.0,0.0,0.0,0.16884179442141883,0.0,0.0,0.0,0.0,0.0,0.0,0.12201834605232789,0.04409408704645666,0.0,0.0,0.27973721859926376,0.2588409983491951,0.1459752036060104,0.06258376526446521,0.3307028766224827,0.26728382657484656,0.20672291193535686,0.21956172121846632,0.3123361211480003,0.18268014531950966,0.09925483255249096,0.14443125929646497,0.2968538277474137,0.14895432535699574,0.028219428920620033,0.0467355363215802,0.0,0.027455187124136117,0.0,0.0,0.0,0.0,0.0,0.0,0.0,0.0,0.0,0.0,0.0,0.0,0.0,0.0,0.0,0.20148425711303836
0.5420716884871831,0.3080465139523232,0.21789418544463096,0.30905972021588196,0.5428834974285942,0.7354866011912654,0.4701965091960298,0.5487919669509451,0.7479071960524736,1.0,0.20244548444293825,0.0557179111631348,0.10310918788891626,0.31146603237437914,0.017340644231242187,0.0,0.0,0.0,0.0,0.0,0.0,0.0,0.13013639248016914,0.0,0.0,0.0,0.0,0.020616460253821276,0.0,0.0,0.03156537122527207,0.03310518041854276,0.3921072437682098,0.685945523286448,0.4926215361774144,0.14237822463323724,0.0,0.0,0.0,0.0,0.0,0.0,0.0,0.17528929790786557,0.0,0.0,0.0,0.0,0.0,0.0,0.10035707570157255,0.06383991667530835,0.0,0.0,0.27813007667091927,0.34921983709207544,0.2748210268105268,0.15065348207330753,0.270627342598412,0.24769544974612753,0.27439210568138356,0.3421412401037835,0.16904210676144435,0.020341734467788086,0.0,0.08450473039707712,0.12161589201535591,0.0,0.0,0.0,0.0,0.0,0.0,0.0,0.0,0.0,0.0,0.0,0.0,0.0,0.12501289600358925,0.1671826753017428,0.05187231699472064,0.0,0.0,0.0,0.0,0.05458742779862025
0.5221641439180766,0.43175915833696316,0.17509364024785587,0.019941139158175462,0.06691099576311708,0.2858646633593978,0.7308221327305243,0.5433908904121143,0.2998779756309241,0.20244548444293825,1.0,0.7354309535208174,0.5421390579097146,0.4746457603735514,0.730826418470951,0.5433976385718502,0.4746537478334905,0.5421421022614432,0.5221604933809472,0.28587052210780306,0.20245527607683222,0.29988670537446604,0.43174710239604774,0.17508099741878794,0.01993662824476443,0.06691507954053011,0.012237136369813346,0.012224764967877869,0.0,0.0,0.3754217842864129,0.0,0.0,0.0,0.03130828954850469,0.16109364875550047,0.24914173549778182,0.2491415030496372,0.16110155904116163,0.03131707750346628,0.0,0.0,0.0,0.3754189516128334,0.0,0.0,0.0,0.0,0.0,0.0,0.0,0.0,0.0,0.0,0.0,0.0,0.0,0.0,0.0,0.0,0.0,0.0,0.0,0.0,0.0,0.0,0.0,0.0,0.0,0.0,0.0,0.0,0.0,0.0,0.0,0.0,0.0,0.0,0.0,0.0,0.0,0.0,0.0,0.0,0.0,0.0,0.0,0.0
0.298856019893091,0.19356583079464318,0.0,0.0,0.0,0.08634128894863528,0.5451774346131049,0.47900239166330316,0.21396081038055584,0.0557179111631348,0.7354309535208174,1.0,0.7361581376403624,0.5512952475658839,0.5451737611887596,0.4790043110115854,0.5513002893015595,0.7361624799087748,0.2988444073982866,0.08633753142658655,0.05571862120692186,0.21396265581075463,0.19354661121654723,0.0,0.0,0.0,0.0,0.0,0.0,0.0,0.1508642397277723,0.0,0.0,0.0,0.0,0.25465609456443383,0.4862227402803797,0.48622179587586906,0.2546626362623232,0.0,0.0,0.0,0.0,0.1508539941321727,0.0,0.0,0.0,0.0,0.0,0.0,0.0,0.0,0.0,0.0,0.0,0.0,0.0,0.0,0.0,0.0,0.0,0.0,0.0,0.0,0.0,0.0,0.01167685083439846,0.024726612884517146,0.0,0.0,0.0,0.12307887110793986,0.0,0.12007210406366636,0.0,0.0,0.0,0.0,0.0,0.0,0.0,0.0,0.0,0.0,0.0,0.0,0.0,0.0
0.21486811489281096,0.050268868091904506,0.0,0.0,0.0,0.06058045945680375,0.4764172686675773,0.5523403344459571,0.31242746161505414,0.10310918788891626,0.5421390579097146,0.7361581376403624,1.0,0.7473497856157069,0.30479461462624247,0.21596953205342959,0.3119638359072106,0.543504515779791,0.0837872017494963,0.0,0.0,0.0,0.032751438436794685,0.0,0.0,0.0,0.0,0.0,0.0,0.0,0.0,0.0,0.0,0.0,0.14253224459220695,0.4913793070334501,0.6858861113119443,0.3933453624540316,0.03535312748944544,0.0,0.0,0.0,0.0,0.03747447328570056,0.0,0.0,0.0,0.0,0.0,0.0,0.0,0.0,0.0,0.0,0.0,0.0,0.0,0.0,0.0,0.0,0.0,0.0,0.04427296647771055,0.0,0.0,0.0,0.22021430456981914,0.2627088379827002,0.11454133159857667,0.0,0.0,0.3375919445791074,0.0,0.2952652479494628,0.0,0.0,0.0,0.0,0.0,0.0,0.0,0.0,0.0,0.0,0.0,0.0,0.0,0.13972151333428903
0.30489328585796566,0.08936418323386167,0.0,0.0,0.0,0.2150580985972195,0.5430565547420207,0.7361463427930781,0.5431609079561928,0.31146603237437914,0.4746457603735514,0.5512952475658839,0.7473497856157069,1.0,0.21182344806453135,0.05936963105581425,0.1027685851147647,0.31196502648743196,0.038261318070970475,0.0,0.0,0.0,0.05098582488971581,0.0,0.0,0.0,0.0,0.0,0.0,0.0,0.0,0.0,0.0,0.035643605009422825,0.3942059315270497,0.6859141677309287,0.49147278447537807,0.14154183689291233,0.0,0.0,0.0,0.0,0.0,0.0933703898432896,0.0,0.0,0.0,0.0,0.0,0.0,0.0,0.0,0.0,0.0,0.04634365895890609,0.0,0.0,0.0,0.11354808488339942,0.0,0.0,0.0,0.23667386240677538,0.1351077285456484,0.0,0.0,0.3613620920214904,0.34985008020232095,0.21607007711747386,0.12381268190026869,0.0,0.32925347079094947,0.0,0.2128886173855929,0.0,0.0,0.0,0.0,0.0,0.0,0.0,0.0,0.0,0.0,0.0,0.0,0.006986328650456826,0.25553031717970587
0.40779963177569695,0.4207545359295773,0.18617910482985547,0.0,0.0,0.15349554008416022,0.5198460211322866,0.29350697904349143,0.07140402279691975,0.017340644231242187,0.730826418470951,0.5451737611887596,0.30479461462624247,0.21182344806453135,1.0,0.7368505145715165,0.543053051226721,0.47640995645840944,0.7298283387197118,0.5375711793931083,0.4701982989383944,0.5418856995693614,0.532815814794451,0.2971087864575056,0.20230847449287906,0.2973148626698012,0.08025370975113819,0.08086730786236682,0.0,0.0,0.42472080495762843,0.0,0.0,0.0,0.0,0.0,0.03538721015156567,0.162841038515749,0.2498194762327548,0.2499188438750806,0.15642629491115,0.02548156898841173,0.0,0.37594708521518977,0.0,0.0,0.0,0.0,0.0,0.0,0.0,0.0,0.0,0.0,0.0,0.0,0.0,0.0,0.0,0.0,0.0,0.0,0.0,0.0,0.0,0.0,0.0,0.0,0.0,0.0,0.0,0.0,0.0,0.0,0.0,0.0,0.0,0.0,0.0,0.0,0.0,0.0,0.0,0.0,0.0,0.0,0.0,0.0
0.17141434350191934,0.2214477789403765,0.00019665637162039165,0.0,0.0,0.0,0.293512554914593,0.08717717553088317,0.0,0.0,0.5433976385718502,0.4790043110115854,0.21596953205342959,0.05936963105581425,0.7368505145715165,1.0,0.7361490723180713,0.5523375715398924,0.5455508304238749,0.47660307059800017,0.5487945645708568,0.7348704921302073,0.3053570394665154,0.09638558466039612,0.05775142602652809,0.21493906019694314,0.0,0.0,0.0,0.0,0.2707341357546554,0.0,0.0,0.0,0.0,0.0,0.0,0.25576887742088433,0.4857177305692412,0.4859524771380439,0.2524114879111284,0.0,0.0,0.12429470892309678,0.0,0.0,0.0,0.0,0.0,0.0,0.0,0.0,0.0,0.0,0.0,0.0,0.0,0.0,0.0,0.0,0.0,0.0,0.0,0.0,0.0,0.0,0.0,0.0,0.0,0.0,0.0,0.0,0.0,0.0,0.0,0.0,0.0,0.0,0.0,0.0,0.0,0.0,0.0,0.0,0.0,0.0,0.0,0.0
0.03829006870319589,0.05103315967355142,0.0,0.0,0.0,0.0,0.21183365560805173,0.05937576717292924,0.0,0.0,0.4746537478334905,0.5513002893015595,0.3119638359072106,0.1027685851147647,0.543053051226721,0.7361490723180713,1.0,0.7473472161719505,0.3048907180720474,0.21506197973143482,0.31146952616447593,0.5431628718657966,0.08936062470960221,0.0,0.0,0.0,0.0,0.0,0.0,0.0,0.09341740225671764,0.0,0.0,0.0,0.0,0.0,0.14154492673439198,0.4914730235900864,0.6859135924021806,0.3942071564641771,0.03564581570911395,0.0,0.0,0.0,0.0,0.0,0.0,0.0,0.0,0.0,0.0,0.0,0.0,0.0,0.0,0.0,0.0,0.0,0.0,0.0,0.0,0.0,0.0,0.0,0.0,0.0,0.0,0.0,0.0,0.0,0.0,0.0,0.0,0.0,0.0,0.0,0.0,0.0,0.0,0.0,0.0,0.0,0.0,0.0,0.0,0.0,0.0,0.0
0.08380712706364275,0.03278237493909155,0.0,0.0,0.0,0.0,0.3048018790274934,0.21597381450611652,0.0,0.0,0.5421421022614432,0.7361624799087748,0.543504515779791,0.31196502648743196,0.47640995645840944,0.5523375715398924,0.7473472161719505,1.0,0.21485748709851335,0.060575616006702346,0.10310549481179396,0.3124237306332011,0.05025545386038273,0.0,0.0,0.0,0.0,0.0,0.0,0.0,0.03749888109771932,0.0,0.0,0.0,0.0,0.03535196199406047,0.39335137458650055,0.6858865573642322,0.4913797799051976,0.14252957539343203,0.0,0.0,0.0,0.0,0.0,0.0,0.0,0.0,0.0,0.0,0.0,0.0,0.0,0.0,0.0,0.0,0.0,0.0,0.0,0.0,0.0,0.0,0.0,0.0,0.0,0.0,0.0,0.0,0.0,0.0,0.0,0.022785758587147893,0.0,0.07783085939369896,0.0,0.0,0.0,0.0,0.0,0.0,0.0,0.0,0.0,0.0,0.0,0.0,0.0,0.0
0.3838933744963408,0.43161859062587266,0.24922493223753686,0.065783230522188,0.0320179258547202,0.16163351203528908,0.40778599034083024,0.1713890048476014,0.0,0.0,0.5221604933809472,0.2988444073982866,0.0837872017494963,0.038261318070970475,0.7298283387197118,0.5455508304238749,0.3048907180720474,0.21485748709851335,1.0,0.7350229840307366,0.5420707601809251,0.47718425889652466,0.7383163383148087,0.5469824563243172,0.47239764906226944,0.5435421569560852,0.1579756026874392,0.3056195998181637,0.007052104752625077,0.07162796169463424,0.39831139085900696,0.0,0.0,0.0,0.0,0.0,0.0,0.0,0.03455868495109009,0.16324431244246834,0.24826856432170158,0.2501462337726546,0.15870250920992873,0.4860154271549924,0.0,0.0,0.0,0.0,0.0,0.0,0.0,0.0,0.0,0.0,0.0,0.0,0.0,0.0,0.0,0.0,0.0,0.0,0.0,0.0,0.0,0.0,0.0,0.0,0.0,0.0,0.0,0.0,0.0,0.0,0.0,0.0,0.0,0.0,0.0,0.0,0.0,0.0,0.0,0.0,0.0,0.0,0.0,0.0
0.16165494645627307,0.2746340474479742,0.1459468455273539,0.0,0.0,0.0,0.1534949882689601,0.0,0.0,0.0,0.28587052210780306,0.08633753142658655,0.0,0.0,0.5375711793931083,0.47660307059800017,0.21506197973143482,0.060575616006702346,0.7350229840307366,1.0,0.735487034937778,0.5524526238774524,0.5500728181749547,0.4813152358930983,0.5489893231645762,0.7375416579083361,0.13253054295105499,0.21596407286333535,0.03635872089164,0.0,0.27227878454335325,0.0,0.0,0.0,0.0,0.0,0.0,0.0,0.0,0.2559125955151473,0.4848285685517299,0.4874620390935774,0.2529390002674745,0.254338680158736,0.0,0.0,0.0,0.0,0.0,0.0,0.0,0.0,0.0,0.0,0.0,0.0,0.0,0.0,0.0,0.0,0.0,0.0,0.0,0.0,0.0,0.0,0.0,0.0,0.0,0.0,0.0,0.0,0.0,0.0,0.0,0.0,0.0,0.0,0.0,0.0,0.0,0.0,0.0,0.0,0.0,0.0,0.0,0.0
0.0,0.13022272494808082,0.0,0.0,0.0,0.0,0.017350046855868904,0.0,0.0,0.0,0.20245527607683222,0.05571862120692186,0.0,0.0,0.4701982989383944,0.5487945645708568,0.31146952616447593,0.10310549481179396,0.5420707601809251,0.735487034937778,1.0,0.7479087805139952,0.3080431910507707,0.21788858696393595,0.30905805976702505,0.5428827157084146,0.02076241198776038,0.0,0.0,0.0,0.17539932421797602,0.0,0.0,0.0,0.0,0.0,0.0,0.0,0.1423781882314526,0.49262146625584025,0.6859448961596072,0.39210654784459475,0.033105488531643884,0.031568753105546986,0.0,0.0,0.0,0.0,0.0,0.0,0.0,0.0,0.0,0.0,0.0,0.0,0.0,0.0,0.0,0.0,0.0,0.0,0.0,0.0,0.0,0.0,0.0,0.0,0.0,0.0,0.0,0.0,0.0,0.0,0.0,0.0,0.0,0.0,0.0,0.0,0.0,0.0,0.0,0.0,0.0,0.0,0.0,0.0
0.0,0.10344379120552917,0.0,0.0,0.0,0.0,0.07141392047759809,0.0,0.0,0.0,0.29988670537446604,0.21396265581075463,0.0,0.0,0.5418856995693614,0.7348704921302073,0.5431628718657966,0.3124237306332011,0.47718425889652466,0.5524526238774524,0.7479087805139952,1.0,0.21893763721111015,0.06676619135230288,0.10367661977588398,0.31419753978578396,0.0,0.0,0.0,0.0,0.16893443268529895,0.0,0.0,0.0,0.0,0.0,0.0,0.03657499686388485,0.3931578349590749,0.6858567222237297,0.491925765551821,0.1418814952662226,0.0,0.0,0.0,0.0,0.0,0.0,0.0,0.0,0.0,0.0,0.0,0.0,0.0,0.0,0.0,0.0,0.0,0.0,0.0,0.0,0.0,0.0,0.0,0.0,0.0,0.0,0.0,0.0,0.0,0.0,0.0,0.0,0.0,0.0,0.0,0.0,0.0,0.0,0.0,0.0,0.0,0.0,0.0,0.0,0.0,0.0
0.431580885014199,0.41288156442703716,0.26266048381317286,0.1459740463889748,0.15249238636418191,0.27456407962558227,0.420720129041288,0.22139657049404002,0.10336833159335868,0.13013639248016914,0.43174710239604774,0.19354661121654723,0.032751438436794685,0.05098582488971581,0.532815814794451,0.3053570394665154,0.08936062470960221,0.05025545386038273,0.7383163383148087,0.5500728181749547,0.3080431910507707,0.21893763721111015,1.0,0.7425853492866964,0.5485835157643468,0.48344752169821875,0.1213181294699724,0.5479799422307452,0.0,0.32376762577719265,0.290314516203764,0.0,0.0,0.0,0.0,0.0,0.0,0.0,0.0,0.0,0.035851139652425174,0.16941620213985226,0.25472308716768377,0.6868657757793213,0.0,0.0,0.0,0.0,0.0,0.0,0.0,0.0,0.0,0.0,0.0,0.0,0.0,0.0,0.0,0.0,0.0,0.0,0.0,0.0,0.0,0.0,0.0,0.0,0.0,0.0,0.0,0.0,0.0,0.0,0.0,0.0,0.0,0.0,0.0,0.0,0.0,0.0,0.0,0.0,0.0,0.0,0.0,0.0
0.2491799476346436,0.262653590979701,0.18674473950537043,0.10382200101711157,0.0858317153769042,0.14586049753835195,0.18614246385434036,0.00013931566812800346,0.0,0.0,0.17508099741878794,0.0,0.0,0.0,0.2971087864575056,0.09638558466039612,0.0,0.0,0.5469824563243172,0.4813152358930983,0.21788858696393595,0.06676619135230288,0.7425853492866964,1.0,0.7375056342513998,0.5546017731545265,0.0775285451930736,0.7344818816445208,0.0,0.491208322747804,0.11994907221364956,0.0,0.0,0.0,0.0,0.0,0.0,0.0,0.0,0.0,0.0,0.25811184663795744,0.4850325003339,0.49268838277969745,0.0,0.0,0.0,0.0,0.0,0.0,0.0,0.0,0.0,0.0,0.0,0.0,0.0,0.0,0.0,0.0,0.0,0.0,0.0,0.0,0.0,0.0,0.0,0.0,0.0,0.0,0.0,0.0,0.0,0.0,0.0,0.0,0.0,0.0,0.0,0.0,0.0,0.0,0.0,0.0,0.0,0.0,0.0,0.0
0.06576321312726283,0.14599619668494618,0.10385826915033532,0.0,0.0,0.0,0.0,0.0,0.0,0.0,0.01993662824476443,0.0,0.0,0.0,0.20230847449287906,0.05775142602652809,0.0,0.0,0.47239764906226944,0.5489893231645762,0.30905805976702505,0.10367661977588398,0.5485835157643468,0.7375056342513998,1.0,0.7454825760213168,0.06876763095713373,0.5430287775863432,0.0,0.3198677831101301,0.0429195598849275,0.0,0.0,0.0,0.0,0.0,0.0,0.0,0.0,0.0,0.13647456648174094,0.49147306131712176,0.6862553060359158,0.25614532993157496,0.0,0.0,0.0,0.0,0.0,0.0,0.0,0.0,0.0,0.0,0.0,0.0,0.0,0.0,0.0,0.0,0.0,0.0,0.0,0.0,0.0,0.0,0.0,0.0,0.0,0.0,0.0,0.0,0.0,0.0,0.0,0.0,0.0,0.0,0.0,0.0,0.0,0.0,0.0,0.0,0.0,0.0,0.0,0.0
0.03202931069071102,0.15255237240289662,0.0859134370921332,0.0,0.0,0.0,0.0,0.0,0.0,0.0,0.06691507954053011,0.0,0.0,0.0,0.2973148626698012,0.21493906019694314,0.0,0.0,0.5435421569560852,0.7375416579083361,0.5428827157084146,0.31419753978578396,0.48344752169821875,0.5546017731545265,0.7454825760213168,1.0,0.09473742949703542,0.31206240115307676,0.017971908868254647,0.07804482280964872,0.10820876938903627,0.0,0.0,0.0,0.0,0.0,0.0,0.0,0.0,0.0378447575894499,0.3900377356842093,0.6859244080167781,0.48946914737456454,0.17053653642464237,0.0,0.0,0.0,0.0,0.0,0.0,0.0,0.0,0.0,0.0,0.0,0.0,0.0,0.0,0.0,0.0,0.0,0.0,0.0,0.0,0.0,0.0,0.0,0.0,0.0,0.0,0.0,0.0,0.0,0.0,0.0,0.0,0.0,0.0,0.0,0.0,0.0,0.0,0.0,0.0,0.0,0.0,0.0,0.0
0.30561856825940054,0.5479779563828292,0.7344817065522905,0.5430339520768237,0.3120664796973466,0.21597039171196455,0.0808623545519602,0.0,0.0,0.0,0.012237136369813346,0.0,0.0,0.0,0.08025370975113819,0.0,0.0,0.0,0.1579756026874392,0.13253054295105499,0.02076241198776038,0.0,0.1213181294699724,0.0775285451930736,0.06876763095713373,0.09473742949703542,1.0,0.0,0.7567246745490408,0.0,0.3997594617894546,0.3893243557636512,0.035502688974001814,0.0,0.0,0.0,0.0,0.0,0.0,0.0,0.0,0.0,0.0,0.0,0.0,0.0,0.0,0.0,0.0,0.0,0.0,0.0,0.0,0.0,0.0,0.0,0.0,0.0,0.0,0.0,0.0,0.0,0.0,0.0,0.0,0.0,0.0,0.0,0.0,0.0,0.0,0.0,0.0,0.0,0.0,0.0,0.0,0.0,0.0,0.0,0.0,0.0,0.0,0.0,0.0,0.0,0.0,0.0
0.1579097285883953,0.12128557742833225,0.07749250858133432,0.0686866209314772,0.09460699715346634,0.132406483314062,0.08021092920676337,0.0,0.0,0.020616460253821276,0.012224764967877869,0.0,0.0,0.0,0.08086730786236682,0.0,0.0,0.0,0.3056195998181637,0.21596407286333535,0.0,0.0,0.5479799422307452,0.7344818816445208,0.5430287775863432,0.31206240115307676,0.0,1.0,0.0,0.7567248585581646,0.0,0.0,0.0,0.0,0.0,0.0,0.0,0.0,0.0,0.0,0.0,0.035498720084309855,0.3893169668011283,0.39975044101375484,0.0,0.0,0.0,0.0,0.0,0.0,0.0,0.0,0.0,0.0,0.0,0.0,0.0,0.0,0.0,0.0,0.0,0.0,0.0,0.0,0.0,0.0,0.0,0.0,0.0,0.0,0.0,0.0,0.0,0.0,0.0,0.0,0.0,0.0,0.0,0.0,0.0,0.0,0.0,0.0,0.0,0.0,0.0,0.0
0.07162583342550738,0.323764481961285,0.4912079603068242,0.3198744723368398,0.07805032108265302,0.0,0.0,0.0,0.0,0.0,0.0,0.0,0.0,0.0,0.0,0.0,0.0,0.0,0.007052104752625077,0.03635872089164,0.0,0.0,0.0,0.0,0.0,0.017971908868254647,0.7567246745490408,0.0,1.0,0.0,0.233136624870095,0.22326011881146368,0.0,0.0,0.0,0.0,0.0,0.0,0.0,0.0,0.0,0.0,0.0,0.0,0.0,0.0,0.0,0.0,0.0,0.0,0.0,0.0,0.0,0.0,0.0,0.0,0.0,0.0,0.0,0.0,0.0,0.0,0.0,0.0,0.0,0.0,0.0,0.0,0.0,0.0,0.0,0.0,0.0,0.0,0.0,0.0,0.0,0.0,0.0,0.0,0.0,0.0,0.0,0.0,0.0,0.0,0.0,0.0
0.006979425569863754,0.0,0.0,0.0,0.017816152925119608,0.03621824627172955,0.0,0.0,0.0,0.0,0.0,0.0,0.0,0.0,0.0,0.0,0.0,0.0,0.07162796169463424,0.0,0.0,0.0,0.32376762577719265,0.491208322747804,0.3198677831101301,0.07804482280964872,0.0,0.7567248585581646,0.0,1.0,0.0,0.0,0.0,0.0,0.0,0.0,0.0,0.0,0.0,0.0,0.0,0.0,0.22324850567958088,0.23312858163918443,0.0,0.0,0.0,0.0,0.0,0.0,0.0,0.0,0.0,0.0,0.0,0.0,0.0,0.0,0.0,0.0,0.0,0.0,0.0,0.0,0.0,0.0,0.0,0.0,0.0,0.0,0.0,0.0,0.0,0.0,0.0,0.0,0.0,0.0,0.0,0.0,0.0,0.0,0.0,0.0,0.0,0.0,0.0,0.0
0.48600813118659036,0.6868661351719108,0.4926968698433923,0.2561493958867503,0.17053463535392943,0.25433625085579464,0.37593134604692224,0.12428735510905282,0.0,0.03156537122527207,0.3754217842864129,0.1508642397277723,0.0,0.0,0.42472080495762843,0.2707341357546554,0.09341740225671764,0.03749888109771932,0.39831139085900696,0.27227878454335325,0.17539932421797602,0.16893443268529895,0.290314516203764,0.11994907221364956,0.0429195598849275,0.10820876938903627,0.3997594617894546,0.0,0.233136624870095,0.0,1.0,0.0,0.0,0.0,0.0,0.0,0.0,0.0,0.0,0.0,0.0,0.0,0.0,0.1670523112878898,0.0,0.0,0.0,0.0,0.0,0.0,0.0,0.0,0.0,0.0,0.0,0.0,0.0,0.0,0.0,0.0,0.0,0.0,0.0,0.0,0.0,0.0,0.0,0.0,0.0,0.0,0.0,0.0,0.0,0.0,0.0,0.0,0.0,0.0,0.0,0.0,0.0,0.0,0.0,0.0,0.0,0.0,0.0,0.0
0.1586987867900285,0.25472126219680974,0.48503182327131783,0.686254981770783,0.4894686068859775,0.2529407465040493,0.0,0.0,0.0,0.03310518041854276,0.0,0.0,0.0,0.0,0.0,0.0,0.0,0.0,0.0,0.0,0.0,0.0,0.0,0.0,0.0,0.0,0.3893243557636512,0.0,0.22326011881146368,0.0,0.0,1.0,0.40669294610865664,0.0,0.0,0.0,0.0,0.0,0.0,0.0,0.0,0.0,0.0,0.0,0.0,0.0,0.0,0.0,0.0,0.0,0.0,0.0,0.0,0.0,0.0,0.0,0.03380215809386411,0.0,0.0,0.0,0.0,0.0,0.0,0.0,0.0,0.0,0.0,0.0,0.0,0.0,0.0,0.0,0.0,0.0,0.0,0.0,0.0,0.0,0.0,0.0,0.05687140403083146,0.0,0.0,0.0,0.0,0.0,0.0,0.0
0.250141317866757,0.16941361788396817,0.2581118718551964,0.49147151459090727,0.685924800263279,0.48746202477628214,0.0254757295198247,0.0,0.141879733277907,0.3921072437682098,0.0,0.0,0.0,0.0,0.0,0.0,0.0,0.0,0.0,0.0,0.0,0.0,0.0,0.0,0.0,0.0,0.035502688974001814,0.0,0.0,0.0,0.0,0.40669294610865664,1.0,0.4191197409938025,0.0,0.0,0.0,0.0,0.0,0.0,0.0,0.0,0.0,0.0,0.0,0.0,0.0,0.0,0.0,0.0,0.0,0.0,0.0,0.0,0.0,0.2200898389738553,0.2929385539592859,0.07564327315759908,0.0,0.0,0.04550861749920808,0.2691151701249296,0.0,0.0,0.0,0.0,0.0,0.0,0.0,0.0,0.0,0.0,0.0,0.0,0.0,0.0,0.0,0.0,0.0,0.0,0.27895889289914877,0.2271975257854752,0.0,0.0,0.0,0.0,0.0,0.0
0.24826875087025474,0.03585374114794525,0.0,0.13647547999950377,0.39003878220722865,0.48482828891566215,0.1564251172495233,0.25240989725128843,0.4919250230560927,0.685945523286448,0.0,0.0,0.0,0.035643605009422825,0.0,0.0,0.0,0.0,0.0,0.0,0.0,0.0,0.0,0.0,0.0,0.0,0.0,0.0,0.0,0.0,0.0,0.0,0.4191197409938025,1.0,0.4086803655042214,0.0,0.0,0.0,0.0,0.0,0.0,0.0,0.0,0.0,0.0,0.0,0.0,0.0,0.0,0.0,0.0,0.0,0.0,0.0,0.23600452283209936,0.38239254694382874,0.24348532956638624,0.016628847836163457,0.24580360304509805,0.29981082201070947,0.40149038240817053,0.47085765242753647,0.05534162165381156,0.0,0.0,0.08931629259815321,0.0,0.0,0.0,0.0,0.0,0.0,0.0,0.0,0.0,0.0,0.0,0.0,0.0,0.0,0.08053816953073058,0.2691859392709869,0.1482491220997972,0.0,0.0,0.0,0.0,0.0
0.16324880853195065,0.0,0.0,0.0,0.03784434435217735,0.2559122284743682,0.24992405430688883,0.48595285463033583,0.6858577679263141,0.4926215361774144,0.03130828954850469,0.0,0.14253224459220695,0.3942059315270497,0.0,0.0,0.0,0.0,0.0,0.0,0.0,0.0,0.0,0.0,0.0,0.0,0.0,0.0,0.0,0.0,0.0,0.0,0.0,0.4086803655042214,1.0,0.425635961148787,0.0,0.0,0.0,0.0,0.0,0.0,0.0,0.0,0.0,0.0,0.0,0.0,0.0,0.0,0.010319529401855524,0.0,0.0,0.0,0.24613561010051088,0.16918660077924041,0.0,0.0,0.4069013205650304,0.3585567529366428,0.2194828744317432,0.15509250925992132,0.424002098654575,0.31537956615062834,0.2267019125287167,0.2580521979678219,0.34179159475500454,0.16408423622829538,0.06411658911147122,0.13380437646934557,0.0,0.0,0.0,0.0,0.0,0.0,0.0,0.0,0.0,0.0,0.0,0.0,0.0,0.0,0.0,0.0,0.0,0.14552450367048037
0.034563510473182124,0.0,0.0,0.0,0.0,0.0,0.2498249911938218,0.48571735740138755,0.39315881953018694,0.14237822463323724,0.16109364875550047,0.25465609456443383,0.4913793070334501,0.6859141677309287,0.0,0.0,0.0,0.03535196199406047,0.0,0.0,0.0,0.0,0.0,0.0,0.0,0.0,0.0,0.0,0.0,0.0,0.0,0.0,0.0,0.0,0.425635961148787,1.0,0.40652568865858424,0.0,0.0,0.0,0.0,0.0,0.0,0.0,0.0,0.0,0.0,0.0,0.0,0.0,0.0,0.0,0.0,0.0,0.0,0.0,0.0,0.0,0.11395045315776117,0.0,0.0,0.0,0.3254319051687869,0.2505467545932532,0.01639068449198345,0.0,0.4555740068709716,0.4762711597503956,0.36106318138320415,0.2624373659443474,0.0,0.37443390658979975,0.0,0.16754690107115616,0.0,0.0,0.0,0.0,0.0,0.0,0.0,0.0,0.0,0.0,0.0,0.0,0.08252117538550867,0.23850807908279076
0.0,0.0,0.0,0.0,0.0,0.0,0.16284813656740885,0.2557690934654196,0.036575968337398505,0.0,0.24914173549778182,0.4862227402803797,0.6858861113119443,0.49147278447537807,0.03538721015156567,0.0,0.14154492673439198,0.39335137458650055,0.0,0.0,0.0,0.0,0.0,0.0,0.0,0.0,0.0,0.0,0.0,0.0,0.0,0.0,0.0,0.0,0.0,0.40652568865858424,1.0,0.4240533634837359,0.0,0.0,0.0,0.0,0.0,0.0,0.0,0.0,0.0,0.0,0.0,0.0,0.0,0.0,0.0,0.0,0.0,0.0,0.0,0.0,0.0,0.0,0.0,0.0,0.0,0.0,0.0,0.0,0.11032187652354918,0.2483240356296608,0.08586042465002251,0.0,0.0,0.4037280605207532,0.0,0.3904150990532899,0.0,0.0,0.0,0.0,0.0,0.0,0.0,0.0,0.0,0.0,0.0,0.0,0.0,0.0
0.0,0.0,0.0,0.0,0.0,0.0,0.035391652637259546,0.0,0.0,0.0,0.2491415030496372,0.48622179587586906,0.3933453624540316,0.14154183689291233,0.162841038515749,0.25576887742088433,0.4914730235900864,0.6858865573642322,0.0,0.0,0.0,0.03657499686388485,0.0,0.0,0.0,0.0,0.0,0.0,0.0,0.0,0.0,0.0,0.0,0.0,0.0,0.0,0.4240533634837359,1.0,0.4065331617019386,0.0,0.0,0.0,0.0,0.0,0.0,0.0,0.0,0.0,0.0,0.0,0.0,0.0,0.0,0.0,0.0,0.0,0.0,0.0,0.0,0.0,0.0,0.0,0.0,0.0,0.0,0.0,0.0,0.0,0.0,0.0,0.0,0.0,0.0,0.08929253804223665,0.0,0.0,0.0,0.0,0.0,0.0,0.0,0.0,0.0,0.0,0.0,0.0,0.0,0.0
0.0,0.0,0.0,0.0,0.0,0.0,0.0,0.0,0.0,0.0,0.16110155904116163,0.2546626362623232,0.03535312748944544,0.0,0.2498194762327548,0.4857177305692412,0.6859135924021806,0.4913797799051976,0.03455868495109009,0.0,0.1423781882314526,0.3931578349590749,0.0,0.0,0.0,0.0,0.0,0.0,0.0,0.0,0.0,0.0,0.0,0.0,0.0,0.0,0.0,0.4065331617019386,1.0,0.42563480620725064,0.0,0.0,0.0,0.0,0.0,0.0,0.0,0.0,0.0,0.0,0.0,0.0,0.0,0.0,0.0,0.0,0.0,0.0,0.0,0.0,0.0,0.0,0.0,0.0,0.0,0.0,0.0,0.0,0.0,0.0,0.0,0.0,0.0,0.0,0.0,0.0,0.0,0.0,0.0,0.0,0.0,0.0,0.0,0.0,0.0,0.0,0.0,0.0
0.0,0.0,0.0,0.0,0.0,0.0,0.0,0.0,0.0,0.0,0.03131707750346628,0.0,0.0,0.0,0.2499188438750806,0.4859524771380439,0.3942071564641771,0.14252957539343203,0.16324431244246834,0.2559125955151473,0.49262146625584025,0.6858567222237297,0.0,0.0,0.0,0.0378447575894499,0.0,0.0,0.0,0.0,0.0,0.0,0.0,0.0,0.0,0.0,0.0,0.0,0.42563480620725064,1.0,0.40867974493943277,0.0,0.0,0.0,0.0,0.0,0.0,0.0,0.0,0.0,0.0,0.0,0.0,0.0,0.0,0.0,0.0,0.0,0.0,0.0,0.0,0.0,0.0,0.0,0.0,0.0,0.0,0.0,0.0,0.0,0.0,0.0,0.0,0.0,0.0,0.0,0.0,0.0,0.0,0.0,0.0,0.0,0.0,0.0,0.0,0.0,0.0,0.0
0.0,0.0,0.0,0.0,0.0,0.0,0.0,0.0,0.0,0.0,0.0,0.0,0.0,0.0,0.15642629491115,0.2524114879111284,0.03564581570911395,0.0,0.24826856432170158,0.4848285685517299,0.6859448961596072,0.491925765551821,0.035851139652425174,0.0,0.13647456648174094,0.3900377356842093,0.0,0.0,0.0,0.0,0.0,0.0,0.0,0.0,0.0,0.0,0.0,0.0,0.0,0.40867974493943277,1.0,0.4191188811158385,0.0,0.0,0.0,0.0,0.0,0.0,0.0,0.0,0.0,0.0,0.0,0.0,0.0,0.0,0.0,0.0,0.0,0.0,0.0,0.0,0.0,0.0,0.0,0.0,0.0,0.0,0.0,0.0,0.0,0.0,0.0,0.0,0.0,0.0,0.0,0.0,0.0,0.0,0.0,0.0,0.0,0.0,0.0,0.0,0.0,0.0
0.0,0.0,0.0,0.0,0.0,0.0,0.0,0.0,0.0,0.0,0.0,0.0,0.0,0.0,0.02548156898841173,0.0,0.0,0.0,0.2501462337726546,0.4874620390935774,0.39210654784459475,0.1418814952662226,0.16941620213985226,0.25811184663795744,0.49147306131712176,0.6859244080167781,0.0,0.035498720084309855,0.0,0.0,0.0,0.0,0.0,0.0,0.0,0.0,0.0,0.0,0.0,0.0,0.4191188811158385,1.0,0.4066971206046666,0.0,0.0,0.0,0.0,0.0,0.0,0.0,0.0,0.0,0.0,0.0,0.0,0.0,0.0,0.0,0.0,0.0,0.0,0.0,0.0,0.0,0.0,0.0,0.0,0.0,0.0,0.0,0.0,0.0,0.0,0.0,0.0,0.0,0.0,0.0,0.0,0.0,0.0,0.0,0.0,0.0,0.0,0.0,0.0,0.0
0.0,0.0,0.0,0.0,0.0,0.0,0.0,0.0,0.0,0.0,0.0,0.0,0.0,0.0,0.0,0.0,0.0,0.0,0.15870250920992873,0.2529390002674745,0.033105488531643884,0.0,0.25472308716768377,0.4850325003339,0.6862553060359158,0.48946914737456454,0.0,0.3893169668011283,0.0,0.22324850567958088,0.0,0.0,0.0,0.0,0.0,0.0,0.0,0.0,0.0,0.0,0.0,0.4066971206046666,1.0,0.0,0.0,0.0,0.0,0.0,0.0,0.0,0.0,0.0,0.0,0.0,0.0,0.0,0.0,0.0,0.0,0.0,0.0,0.0,0.0,0.0,0.0,0.0,0.0,0.0,0.0,0.0,0.0,0.0,0.0,0.0,0.0,0.0,0.0,0.0,0.0,0.0,0.0,0.0,0.0,0.0,0.0,0.0,0.0,0.0
0.39825927731449945,0.2902994937982483,0.11993456614556275,0.042874626645527145,0.1081262876172283,0.27218494697945056,0.42468462415974934,0.27067511876324546,0.16884179442141883,0.17528929790786557,0.3754189516128334,0.1508539941321727,0.03747447328570056,0.0933703898432896,0.37594708521518977,0.12429470892309678,0.0,0.0,0.4860154271549924,0.254338680158736,0.031568753105546986,0.0,0.6868657757793213,0.49268838277969745,0.25614532993157496,0.17053653642464237,0.0,0.39975044101375484,0.0,0.23312858163918443,0.1670523112878898,0.0,0.0,0.0,0.0,0.0,0.0,0.0,0.0,0.0,0.0,0.0,0.0,1.0,0.0,0.0,0.0,0.0,0.0,0.0,0.0,0.0,0.0,0.0,0.0,0.0,0.0,0.0,0.0,0.0,0.0,0.0,0.0,0.0,0.0,0.0,0.0,0.0,0.0,0.0,0.0,0.0,0.0,0.0,0.0,0.0,0.0,0.0,0.0,0.0,0.0,0.0,0.0,0.0,0.0,0.0,0.0,0.0
0.0,0.0,0.0,0.0,0.0,0.0,0.0,0.0,0.0,0.0,0.0,0.0,0.0,0.0,0.0,0.0,0.0,0.0,0.0,0.0,0.0,0.0,0.0,0.0,0.0,0.0,0.0,0.0,0.0,0.0,0.0,0.0,0.0,0.0,0.0,0.0,0.0,0.0,0.0,0.0,0.0,0.0,0.0,0.0,1.0,0.7383164691069808,0.5469833887677716,0.4723940880002789,0.5435361487465127,0.7350207211449717,0.7298267271388893,0.5455547352900637,0.47718776099341814,0.5420716884871833,0.5221641439180769,0.2988560198930908,0.21486811489281096,0.30489328585796527,0.40779963177569695,0.1714143435019195,0.03829006870319556,0.08380712706364275,0.38389337449634076,0.16165494645627307,0.0,0.0,0.43158088501419883,0.2491799476346436,0.06576321312726283,0.03202931069071102,0.30561856825940054,0.1579097285883953,0.07162583342550771,0.006979425569863754,0.48600813118659036,0.1586987867900285,0.2501413178667573,0.24826875087025457,0.16324880853195095,0.03456351047318245,0.0,0.0,0.0,0.0,0.0,0.0,0.0,0.3982592773144993
0.0,0.0,0.0,0.0,0.0,0.0,0.0,0.0,0.0,0.0,0.0,0.0,0.0,0.0,0.0,0.0,0.0,0.0,0.0,0.0,0.0,0.0,0.0,0.0,0.0,0.0,0.0,0.0,0.0,0.0,0.0,0.0,0.0,0.0,0.0,0.0,0.0,0.0,0.0,0.0,0.0,0.0,0.0,0.0,0.7383164691069808,1.0,0.7425859958161449,0.5485814290270359,0.483444484715585,0.550075304862947,0.5328130333958209,0.3053608597452676,0.21894181427319814,0.3080465139523236,0.4317591583369638,0.19356583079464318,0.050268868091905006,0.08936418323386167,0.42075453592957757,0.221447778940377,0.051033159673551744,0.03278237493909188,0.4316185906258728,0.27463404744797437,0.13022272494808065,0.103443791205529,0.41288156442703744,0.262653590979701,0.14599619668494618,0.15255237240289662,0.5479779563828289,0.12128557742833225,0.323764481961285,0.0,0.6868661351719108,0.2547212621968094,0.16941361788396833,0.03585374114794525,0.0,0.0,0.0,0.0,0.0,0.0,0.0,0.0,0.0,0.2902994937982484
0.0,0.0,0.0,0.0,0.0,0.0,0.0,0.0,0.0,0.0,0.0,0.0,0.0,0.0,0.0,0.0,0.0,0.0,0.0,0.0,0.0,0.0,0.0,0.0,0.0,0.0,0.0,0.0,0.0,0.0,0.0,0.0,0.0,0.0,0.0,0.0,0.0,0.0,0.0,0.0,0.0,0.0,0.0,0.0,0.5469833887677716,0.7425859958161449,1.0,0.7375057475570111,0.5546026932897327,0.48132163178819837,0.2971071319818833,0.09638921373116315,0.06677072439548058,0.2178941854446313,0.17509364024785637,0.0,0.0,0.0,0.18617910482985564,0.00019665637162088507,0.0,0.0,0.24922493223753686,0.1459468455273539,0.0,0.0,0.26266048381317303,0.18674473950537027,0.10385826915033515,0.0859134370921332,0.7344817065522903,0.07749250858133415,0.49120796030682434,0.0,0.49269686984339256,0.4850318232713175,0.2581118718551964,0.0,0.0,0.0,0.0,0.0,0.0,0.0,0.0,0.0,0.0,0.11993456614556258
0.0,0.0,0.0,0.0,0.0,0.0,0.0,0.0,0.0,0.0,0.0,0.0,0.0,0.0,0.0,0.0,0.0,0.0,0.0,0.0,0.0,0.0,0.0,0.0,0.0,0.0,0.0,0.0,0.0,0.0,0.0,0.0,0.0,0.0,0.0,0.0,0.0,0.0,0.0,0.0,0.0,0.0,0.0,0.0,0.4723940880002789,0.5485814290270359,0.7375057475570111,1.0,0.7454825253451186,0.5489923112048621,0.202303292613085,0.057749903407541145,0.10367601937427061,0.3090597202158823,0.019941139158175792,0.0,0.0,0.0,0.0,0.0,0.0,0.0,0.06578323052218783,0.0,0.0,0.0,0.14597404638897513,0.10382200101711157,0.0,0.0,0.5430339520768237,0.0686866209314772,0.3198744723368401,0.0,0.2561493958867503,0.6862549817707829,0.49147151459090727,0.13647547999950377,0.0,0.0,0.0,0.0,0.0,0.0,0.0,0.0,0.0,0.042874626645527145
0.0,0.0,0.0,0.0,0.0,0.0,0.0,0.0,0.0,0.0,0.0,0.0,0.0,0.0,0.0,0.0,0.0,0.0,0.0,0.0,0.0,0.0,0.0,0.0,0.0,0.0,0.0,0.0,0.0,0.0,0.0,0.0,0.0,0.0,0.0,0.0,0.0,0.0,0.0,0.0,0.0,0.0,0.0,0.0,0.5435361487465127,0.483444484715585,0.5546026932897327,0.7454825253451186,1.0,0.7375420386279902,0.29730764894131284,0.21493559209878058,0.31419585564111563,0.5428834974285945,0.06691099576311742,0.0,0.0,0.0,0.0,0.0,0.0,0.0,0.032017925854720033,0.0,0.0,0.0,0.15249238636418208,0.08583171537690389,0.0,0.0,0.3120664796973466,0.094606997153466,0.07805032108265318,0.017816152925119774,0.17053463535392943,0.48946860688597754,0.6859248002632792,0.39003878220722865,0.03784434435217768,0.0,0.0,0.0,0.0,0.0,0.0,0.0,0.0,0.10812628761722796
0.0,0.0,0.0,0.0,0.0,0.0,0.0,0.0,0.0,0.0,0.0,0.0,0.0,0.0,0.0,0.0,0.0,0.0,0.0,0.0,0.0,0.0,0.0,0.0,0.0,0.0,0.0,0.0,0.0,0.0,0.0,0.0,0.0,0.0,0.0,0.0,0.0,0.0,0.0,0.0,0.0,0.0,0.0,0.0,0.7350207211449717,0.550075304862947,0.48132163178819837,0.5489923112048621,0.7375420386279902,1.0,0.537565415368354,0.47660001674785357,0.5524509323713342,0.7354866011912661,0.2858646633593982,0.08634128894863528,0.06058045945680408,0.21505809859721933,0.15349554008416022,0.0,0.0,0.0,0.16163351203528892,0.0,0.0,0.0,0.27456407962558216,0.14586049753835162,0.0,0.0,0.21597039171196422,0.13240648331406182,0.0,0.03621824627172955,0.2543362508557946,0.252940746504049,0.4874620247762822,0.48482828891566226,0.25591222847436884,0.0,0.0,0.0,0.0,0.0,0.0,0.0,0.0,0.2721849469794504
0.0,0.0,0.0,0.0,0.0,0.02207999426784389,0.0,0.04178493745644105,0.12201834605232789,0.10035707570157255,0.0,0.0,0.0,0.0,0.0,0.0,0.0,0.0,0.0,0.0,0.0,0.0,0.0,0.0,0.0,0.0,0.0,0.0,0.0,0.0,0.0,0.0,0.0,0.0,0.010319529401855524,0.0,0.0,0.0,0.0,0.0,0.0,0.0,0.0,0.0,0.7298267271388893,0.5328130333958209,0.2971071319818833,0.202303292613085,0.29730764894131284,0.537565415368354,1.0,0.7368563864497225,0.541889034993608,0.4701965091960297,0.7308221327305245,0.5451774346131045,0.4764172686675773,0.5430565547420205,0.5198460211322867,0.2935125549145932,0.21183365560805156,0.3048018790274934,0.4077859903408304,0.15349498826896027,0.01735004685586874,0.07141392047759793,0.42072012904128786,0.18614246385434052,0.0,0.0,0.0808623545519602,0.0802109292067632,0.0,0.0,0.37593134604692224,0.0,0.02547572951982503,0.15642511724952304,0.249924054306889,0.2498249911938222,0.1628481365674091,0.035391652637259546,0.0,0.0,0.0,0.0,0.0,0.4246846241597495
0.008029644602877263,0.0,0.0,0.0,0.007572767524532377,0.05824341504902367,0.0,0.0,0.04409408704645666,0.06383991667530835,0.0,0.0,0.0,0.0,0.0,0.0,0.0,0.0,0.0,0.0,0.0,0.0,0.0,0.0,0.0,0.0,0.0,0.0,0.0,0.0,0.0,0.0,0.0,0.0,0.0,0.0,0.0,0.0,0.0,0.0,0.0,0.0,0.0,0.0,0.5455547352900637,0.3053608597452676,0.09638921373116315,0.057749903407541145,0.21493559209878058,0.47660001674785357,0.7368563864497225,1.0,0.7348699352424548,0.5487919669509448,0.5433908904121142,0.47900239166330316,0.5523403344459574,0.7361463427930781,0.2935069790434914,0.087177175530883,0.05937576717292892,0.21597381450611652,0.17138900484760122,0.0,0.0,0.0,0.22139657049403952,0.000139315668127839,0.0,0.0,0.0,0.0,0.0,0.0,0.12428735510905249,0.0,0.0,0.25240989725128793,0.48595285463033605,0.48571735740138827,0.25576909346542015,0.0,0.0,0.0,0.0,0.0,0.0,0.27067511876324535
0.0,0.0,0.0,0.0,0.0,0.0,0.0,0.0,0.0,0.0,0.0,0.0,0.0,0.0,0.0,0.0,0.0,0.0,0.0,0.0,0.0,0.0,0.0,0.0,0.0,0.0,0.0,0.0,0.0,0.0,0.0,0.0,0.0,0.0,0.0,0.0,0.0,0.0,0.0,0.0,0.0,0.0,0.0,0.0,0.47718776099341814,0.21894181427319814,0.06677072439548058,0.10367601937427061,0.31419585564111563,0.5524509323713342,0.541889034993608,0.7348699352424548,1.0,0.7479071960524732,0.29987797563092433,0.21396081038055584,0.3124274616150543,0.5431609079561925,0.07140402279691992,0.0,0.0,0.0,0.0,0.0,0.0,0.0,0.10336833159335868,0.0,0.0,0.0,0.0,0.0,0.0,0.0,0.0,0.0,0.14187973327790734,0.4919250230560923,0.6858577679263145,0.3931588195301873,0.03657596833739883,0.0,0.0,0.0,0.0,0.0,0.0,0.16884179442141908
