1.0,0.7383116996155671,0.5469784673978507,0.4723952182531706,0.5435398626687891,0.7350192850668406,0.7298227088379994,0.5455430028325927,0.4771735319807129,0.54206584722479,0.5221579535016676,0.2988522401598885,0.2148617200522788,0.3048844561883051,0.4077767028679005,0.1713983418732635,0.03828180375697103,0.0838024526280611,0.3838629182803612,0.1616210154502907,0.0,0.0,0.4315842729637215,0.24917525556467007,0.06576029150996429,0.03201301904520627,0.30561265589656045,0.15790354892347874,0.07161744875667851,0.006980252587772066,0.486011544526251,0.15869675546768985,0.2501443104499555,0.24826701805943174,0.16323590702967664,0.034549787751084374,0.0,0.0,0.0,0.0,0.0,0.0,0.0,0.3982753347512892,0.0,0.0,0.0,0.0,0.0,0.0,0.0,0.0,0.0,0.0,0.0,0.0,0.0,0.0,0.0,0.0,0.0,0.0,0.0,0.0,0.0,0.0,0.0,0.0,0.0,0.0,0.0,0.0,0.0,0.0,0.0,0.0,0.0,0.0,0.0,0.0,0.0,0.0,0.0,0.0,0.0,0.0,0.0,0.0
0.7383116996155671,1.0,0.7425857555082667,0.5485844359642994,0.4834460015020053,0.5500694819645251,0.5328046622329052,0.305343850320177,0.21892172155923523,0.3080364316734187,0.4317462816332359,0.19356136680637542,0.050262259454126754,0.08935216673051473,0.4207037022515317,0.22141727215867918,0.051023430963900857,0.03277963194109869,0.4315109476837791,0.2745175816803609,0.1301311727048171,0.10339516111853483,0.41278888202511044,0.2625380811381517,0.1458859424128591,0.15244000248816014,0.5479752173660221,0.12116841109019016,0.3237587500273558,0.0,0.6868712758818022,0.2547214166019891,0.1694142275826948,0.03584885173075182,0.0,0.0,0.0,0.0,0.0,0.0,0.0,0.0,0.0,0.2902328211195961,0.0,0.0,0.0,0.0,0.0,0.0,0.0,0.0,0.0,0.0,0.0,0.0,0.0,0.0,0.0,0.0,0.0,0.0,0.0,0.0,0.0,0.0,0.0,0.0,0.0,0.0,0.0,0.0,0.0,0.0,0.0,0.0,0.0,0.0,0.0,0.0,0.0,0.0,0.0,0.0,0.0,0.0,0.0,0.0
0.5469784673978507,0.7425857555082667,1.0,0.7375064638126809,0.5546019767539507,0.48131741100226844,0.29709915925704944,0.09638568959003609,0.06676455247154899,0.21789241687847044,0.1750702827716615,0.0,0.0,0.0,0.18608110934068786,0.00013408178152010366,0.0,0.0,0.24900296208105346,0.14568961103374223,0.0,0.0,0.26241050024013934,0.18641565849511277,0.1035243307226867,0.08561039006392189,0.7344834620546918,0.07714884391156653,0.49120986503864006,0.0,0.49269844459943984,0.4850309818644327,0.2581119393323039,0.0,0.0,0.0,0.0,0.0,0.0,0.0,0.0,0.0,0.0,0.1197403530781076,0.0,0.0,0.0,0.0,0.0,0.0,0.0,0.0,0.0,0.0,0.0,0.0,0.0,0.0,0.0,0.0,0.0,0.0,0.0,0.0,0.0,0.0,0.0,0.0,0.0,0.0,0.0,0.0,0.0,0.0,0.0,0.0,0.0,0.0,0.0,0.0,0.0,0.0,0.0,0.0,0.0,0.0,0.0,0.0
0.4723952182531706,0.5485844359642994,0.7375064638126809,1.0,0.7454839622923984,0.5489952067156417,0.2023010488663583,0.0577597578659256,0.10368523776404756,0.30906947325801937,0.019920146057119423,0.0,0.0,0.0,0.0,0.0,0.0,0.0,0.06556768383015665,0.0,0.0,0.0,0.14571233445027928,0.10346253567836299,0.0,0.0,0.543037512671992,0.06827688922962676,0.31988086868216237,0.0,0.2561547206102401,0.6862519754642478,0.49147424701380893,0.13649055851316252,0.0,0.0,0.0,0.0,0.0,0.0,0.0,0.0,0.0,0.042660631558264245,0.0,0.0,0.0,0.0,0.0,0.0,0.0,0.0,0.0,0.0,0.0,0.0,0.0,0.0,0.0,0.0,0.0,0.0,0.0,0.0,0.0,0.0,0.0,0.0,0.0,0.0,0.0,0.0,0.0,0.0,0.0,0.0,0.0,0.0,0.0,0.0,0.0,0.0,0.0,0.0,0.0,0.0,0.0,0.0
0.5435398626687891,0.4834460015020053,0.5546019767539507,0.7454839622923984,1.0,0.7375467501828661,0.2973096886677903,0.2149474408695142,0.3142064682224577,0.5428939343665907,0.06690000483141834,0.0,0.0,0.0,0.0,0.0,0.0,0.0,0.03188520581411897,0.0,0.0,0.0,0.15233884429515232,0.08562290518017748,0.0,0.0,0.31206912704910184,0.0943546986028718,0.07805551962297617,0.017554047707623813,0.17054053252549137,0.48946821206646995,0.6859243442028129,0.3900521789942595,0.037857793226205284,0.0,0.0,0.0,0.0,0.0,0.0,0.0,0.0,0.10799687638013988,0.0,0.0,0.0,0.0,0.0,0.0,0.0,0.0,0.0,0.0,0.0,0.0,0.0,0.0,0.0,0.0,0.0,0.0,0.0,0.0,0.0,0.0,0.0,0.0,0.0,0.0,0.0,0.0,0.0,0.0,0.0,0.0,0.0,0.0,0.0,0.0,0.0,0.0,0.0,0.0,0.0,0.0,0.0,0.0
0.7350192850668406,0.5500694819645251,0.48131741100226844,0.5489952067156417,0.7375467501828661,1.0,0.5375648761659074,0.4766027267213614,0.552450317480944,0.7354879488141782,0.28585820207855306,0.08634764434982364,0.060591836733962325,0.2150671559648369,0.15346150967511052,0.0,0.0,0.0,0.16157815001348633,0.0,0.0,0.0,0.2745268268108886,0.1458087103311346,0.0,0.0,0.2159684973513671,0.13234480176249355,0.0,0.03616277253702249,0.25433645899616164,0.25294230905171494,0.4874664336082418,0.4848320227824113,0.2559129431419263,0.0,0.0,0.0,0.0,0.0,0.0,0.0,0.0,0.272161707790992,0.0,0.0,0.0,0.0,0.0,0.0,0.0,0.0,0.0,0.0,0.0,0.0,0.0,0.0,0.0,0.0,0.0,0.0,0.0,0.0,0.0,0.0,0.0,0.0,0.0,0.0,0.0,0.0,0.0,0.0,0.0,0.0,0.0,0.0,0.0,0.0,0.0,0.0,0.0,0.0,0.0,0.0,0.0,0.0
0.7298227088379994,0.5328046622329052,0.29709915925704944,0.2023010488663583,0.2973096886677903,0.5375648761659074,1.0,0.7368517058928,0.5418834948160216,0.47019448299684313,0.7308258405712958,0.5451728293009106,0.47640842549614437,0.5430502232838798,0.5198543937065894,0.29351121383393847,0.21182809431200633,0.3047951942362875,0.40782162457726256,0.1535213337091548,0.01735921995749765,0.07141450988288893,0.42080622144030533,0.1862228002548432,0.0,0.0,0.08085236994303552,0.0802975958996166,0.0,0.0,0.37593137527858017,0.0,0.02547802112006612,0.15642439404371988,0.2499204390789204,0.24981550093913096,0.16283911834489426,0.03538675363565105,0.0,0.0,0.0,0.0,0.0,0.4247855683815257,0.0,0.0,0.0,0.0,0.0,0.0,0.0,0.0,0.0,0.0,0.0,0.0,0.0,0.0,0.0,0.0,0.0,0.0,0.0,0.0,0.0,0.0,0.0,0.0,0.0,0.0,0.0,0.030782455373141313,0.0,0.08505952215457167,0.0,0.0,0.0,0.0,0.0,0.0,0.0,0.0,0.0,0.0,0.0,0.0,0.0,0.0
0.5455430028325927,0.305343850320177,0.09638568959003609,0.0577597578659256,0.2149474408695142,0.4766027267213614,0.7368517058928,1.0,0.7348692653383836,0.5487938631797139,0.5434017393690072,0.4790038765159659,0.5523365526967764,0.7361449390938748,0.2935300948726955,0.08718297906581135,0.05937293097737906,0.21596960507307325,0.17145532594959614,0.0,0.0,0.0,0.221529527318846,0.00027843231237945076,0.0,0.0,0.0,0.0,0.0,0.0,0.1242700229478432,0.0,0.0,0.25241313023298156,0.4859533709629537,0.4857123570988311,0.2557671391235851,0.0,0.0,0.0,0.0,0.0,0.0,0.27083479930213095,0.0,0.0,0.0,0.0,0.0,0.0,0.0,0.0,0.0,0.0,0.0,0.0,0.0,0.0,0.0,0.0,0.0,0.0,0.0,0.0,0.0,0.0,0.0,0.0,0.0,0.0,0.0,0.11472278816289407,0.0,0.21625970974392655,0.0,0.0,0.0,0.0,0.0,0.0,0.0,0.0,0.0,0.0,0.0,0.0,0.0,0.0
0.4771735319807129,0.21892172155923523,0.06676455247154899,0.10368523776404756,0.3142064682224577,0.552450317480944,0.5418834948160216,0.7348692653383836,1.0,0.7479072801072145,0.29988304941485744,0.2139623552996481,0.3124273501582111,0.5431620680952346,0.07141615782102698,0.0,0.0,0.0,0.0,0.0,0.0,0.0,0.10348779605386953,0.0,0.0,0.0,0.0,0.0,0.0,0.0,0.0,0.0,0.14189536865896404,0.491927631296557,0.6858597137663611,0.3931573658274523,0.036580642585780435,0.0,0.0,0.0,0.0,0.0,0.0,0.1689872664116785,0.0,0.0,0.0,0.0,0.0,0.0,0.0,0.0,0.0,0.0,0.0,0.0,0.0,0.0,0.0,0.0,0.0,0.0,0.0,0.0,0.0,0.0,0.0,0.0,0.0,0.0,0.0,0.0,0.0,0.08398096172482764,0.0,0.0,0.0,0.0,0.0,0.0,0.0,0.0,0.0,0.0,0.0,0.0,0.0,0.0
0.54206584722479,0.3080364316734187,0.21789241687847044,0.30906947325801937,0.5428939343665907,0.7354879488141782,0.47019448299684313,0.5487938631797139,0.7479072801072145,1.0,0.20244459840208967,0.05572202627602607,0.10311546415529053,0.3114714797719802,0.01733041628247163,0.0,0.0,0.0,0.0,0.0,0.0,0.0,0.1301836960921796,0.0,0.0,0.0,0.0,0.020680945834516302,0.0,0.0,0.031558616558657056,0.03311666970243099,0.3921209089535953,0.6859473995062672,0.4926215689703799,0.1423810970270573,0.0,0.0,0.0,0.0,0.0,0.0,0.0,0.17535360985106346,0.0,0.0,0.0,0.0,0.0,0.0,0.0,0.0,0.0,0.0,0.0,0.0,0.0,0.0,0.0,0.0,0.0,0.0,0.0,0.0,0.0,0.0,0.0,0.0,0.0,0.0,0.0,0.0,0.0,0.0,0.0,0.0,0.0,0.0,0.0,0.0,0.0,0.0,0.0,0.0,0.0,0.0,0.0,0.0
0.5221579535016676,0.4317462816332359,0.1750702827716615,0.019920146057119423,0.06690000483141834,0.28585820207855306,0.7308258405712958,0.5434017393690072,0.29988304941485744,0.20244459840208967,1.0,0.7354338519476318,0.5421458949076712,0.4746586861749266,0.7308329467768325,0.5433930376353535,0.4746491442808572,0.5421408863216474,0.5221856038138059,0.28588620825454114,0.202459173190305,0.2998829202179311,0.4317991158693809,0.17512770389141555,0.019978462472815848,0.06694321845505993,0.01220705164710458,0.012275249897981923,0.0,0.0,0.37542369673675063,0.0,0.0,0.0,0.03131848435134596,0.16110472954311997,0.24914418544963265,0.2491446722873345,0.1610975313961487,0.03130913242218649,0.0,0.0,0.0,0.37546735304669027,0.0,0.0,0.0,0.031094290552976314,0.0,0.0,0.0,0.0,0.0,0.0,0.0,0.0,0.0,0.0,0.0,0.0,0.0,0.0,0.0,0.0,0.0,0.0,0.0,0.0,0.0,0.0,0.0,0.07304428657659928,0.0,0.07132137581338913,0.0,0.010739463812077982,0.0,0.0,0.0,0.0,0.0,0.0,0.0,0.0,0.0,0.0,0.0,0.0
0.2988522401598885,0.19356136680637542,0.0,0.0,0.0,0.08634764434982364,0.5451728293009106,0.4790038765159659,0.2139623552996481,0.05572202627602607,0.7354338519476318,1.0,0.7361610214488487,0.5513001097073587,0.5451929104932473,0.4790033030149738,0.5512961470075224,0.7361584615212807,0.2988853201207763,0.08636607432010375,0.05572888398012662,0.21395856273320712,0.19361739598469474,0.0,0.0,0.0,0.0,0.0,0.0,0.0,0.15085850979495188,0.0,0.0,0.0,0.0,0.2546606386798202,0.4862197725819568,0.4862216473140122,0.2546575735571816,0.0,0.0,0.0,0.0,0.15092505954842514,0.0,0.012965138317125332,0.16953390637950064,0.2647661868841299,0.16723247444320788,0.002524216985712981,0.0,0.0,0.0,0.0,0.0,0.0,0.0,0.0,0.0,0.0,0.0,0.0,0.0,0.0,0.0,0.0,0.030295301844846995,0.19514507372746678,0.1775184787131484,0.0,0.12921476740256235,0.2743385383911682,0.01511313007139663,0.2437109966452701,0.0,0.2097594598451037,0.028703833917745766,0.0,0.0,0.0,0.0,0.0,0.0,0.0,0.0,0.0,0.12113051408090228,0.0
0.2148617200522788,0.050262259454126754,0.0,0.0,0.0,0.060591836733962325,0.47640842549614437,0.5523365526967764,0.3124273501582111,0.10311546415529053,0.5421458949076712,0.7361610214488487,1.0,0.7473485527542532,0.30482088775704547,0.2159743214629904,0.31196243743243957,0.5435019505194718,0.08384899470400133,0.0,0.0,0.0,0.032858431375059186,0.0,0.0,0.0,0.0,0.0,0.0,0.0,0.0,0.0,0.0,0.0,0.1425317048444905,0.49137964818303537,0.6858858387054677,0.39334235097740494,0.03534911643399601,0.0,0.0,0.0,0.0,0.037589400903359244,0.031136749213338366,0.038901319416751394,0.15173631581399552,0.2817278632502134,0.268364878345631,0.13228948813294014,0.0,0.0,0.0,0.0,0.0,0.0,0.0,0.0,0.0,0.0,0.0,0.0,0.0,0.0,0.0,0.0,0.10868564818204988,0.25759558136910626,0.16175082183646702,0.0,0.037054619820885544,0.4038831511676328,0.0,0.42501453831654845,0.0,0.1814664009767087,0.15557125241621633,0.0,0.0,0.0,0.0,0.0,0.0,0.0,0.0,0.0,0.08011864287610697,0.0
0.3048844561883051,0.08935216673051473,0.0,0.0,0.0,0.2150671559648369,0.5430502232838798,0.7361449390938748,0.5431620680952346,0.3114714797719802,0.4746586861749266,0.5513001097073587,0.7473485527542532,1.0,0.2118558739847609,0.059380427855772855,0.10276912271645773,0.31196315252320783,0.0383402755180825,0.0,0.0,0.0,0.05112559702823665,0.0,0.0,0.0,0.0,0.0,0.0,0.0,0.0,0.0,0.0,0.03565075105455015,0.3942062353964752,0.6859120053598571,0.49147380537540664,0.14153758898362448,0.0,0.0,0.0,0.0,0.0,0.09352766031528977,0.0,0.0,0.0,0.06632302270768164,0.09463513260198679,0.0,0.0,0.0,0.0,0.0,0.0,0.0,0.0,0.0,0.0,0.0,0.0,0.0,0.0,0.0,0.0,0.0,0.0,0.09057073994781711,0.0,0.0,0.0,0.29311116727575404,0.0,0.3917323183316707,0.0,0.0,0.02674248812897108,0.0,0.0,0.0,0.0,0.0,0.0,0.0,0.0,0.0,0.0,0.0
0.4077767028679005,0.4207037022515317,0.18608110934068786,0.0,0.0,0.15346150967511052,0.5198543937065894,0.2935300948726955,0.07141615782102698,0.01733041628247163,0.7308329467768325,0.5451929104932473,0.30482088775704547,0.2118558739847609,1.0,0.7368541843879279,0.543059622136674,0.47642613344043283,0.7298298234627072,0.5375717041743893,0.47020042303664605,0.5418886869129661,0.5328217500913717,0.29711344955334373,0.2023161883293137,0.29731927584814055,0.08012988968917778,0.08087209911508123,0.0,0.0,0.42470257328208066,0.0,0.0,0.0,0.0,0.0,0.03540918947442042,0.1628612762110236,0.24982393426340535,0.24992264349494747,0.1564284195338691,0.02548659846462156,0.0,0.375940887667558,0.0,0.0,0.0,0.0,0.0,0.0,0.0,0.0,0.0,0.0,0.0,0.0,0.0,0.0,0.0,0.0,0.0,0.0,0.0,0.0,0.0,0.0,0.0,0.0,0.0,0.0,0.0,0.0,0.0,0.0,0.0,0.0,0.0,0.0,0.0,0.0,0.0,0.0,0.0,0.0,0.0,0.0,0.0,0.0
0.1713983418732635,0.22141727215867918,0.00013408178152010366,0.0,0.0,0.0,0.29351121383393847,0.08718297906581135,0.0,0.0,0.5433930376353535,0.4790033030149738,0.2159743214629904,0.059380427855772855,0.7368541843879279,1.0,0.736143534306098,0.5523368910938943,0.5455507897039726,0.4765981214197145,0.5487905043678398,0.7348667840568353,0.30535686408213025,0.09638402477281965,0.057749493504742525,0.21493304079988892,0.0,0.0,0.0,0.0,0.2707224929440369,0.0,0.0,0.0,0.0,0.0,0.0,0.25577088571584095,0.48571204620172387,0.4859505214807158,0.2524077719996941,0.0,0.0,0.12428583946186038,0.0,0.0,0.0,0.02579467418889719,0.0,0.0,0.0,0.0,0.0,0.0,0.0,0.0,0.0,0.0,0.0,0.0,0.0,0.0,0.0,0.0,0.0,0.0,0.0,0.0,0.0,0.0,0.10655223919197873,0.0,0.1150750690005431,0.0,0.0,0.030011213804436287,0.0,0.0,0.0,0.0,0.0,0.0,0.0,0.0,0.0,0.0,0.0,0.0
0.03828180375697103,0.051023430963900857,0.0,0.0,0.0,0.0,0.21182809431200633,0.05937293097737906,0.0,0.0,0.4746491442808572,0.5512961470075224,0.31196243743243957,0.10276912271645773,0.543059622136674,0.736143534306098,1.0,0.7473476405900833,0.3048958879684016,0.2150555552509547,0.31145578244756333,0.5431442561751305,0.08937274086619973,0.0,0.0,0.0,0.0,0.0,0.0,0.0,0.09341202093277597,0.0,0.0,0.0,0.0,0.0,0.14153603905131834,0.4914761590309446,0.6859137564834819,0.3941831739374137,0.0356294861736359,0.0,0.0,0.0,0.0,0.04915522054905217,0.24190854279164722,0.23177488852530442,0.02835829878976101,0.0,0.0,0.0,0.0,0.0,0.0,0.0,0.0,0.0,0.0,0.0,0.0,0.0,0.0,0.0,0.0,0.0,0.0,0.07829486393643571,0.15813685843042039,0.08063927017545587,0.3455599969185897,0.031135876316033807,0.3303757493282547,0.0,0.0,0.19965961123882078,0.0,0.0,0.0,0.0,0.0,0.0,0.0,0.0,0.0,0.0,0.08246317327180416,0.0
0.0838024526280611,0.03277963194109869,0.0,0.0,0.0,0.0,0.3047951942362875,0.21596960507307325,0.0,0.0,0.5421408863216474,0.7361584615212807,0.5435019505194718,0.31196315252320783,0.47642613344043283,0.5523368910938943,0.7473476405900833,1.0,0.2148852152027045,0.060591451050135886,0.10310724514154292,0.31241414521114047,0.050301253385478605,0.0,0.0,0.0,0.0,0.0,0.0,0.0,0.03749343328058183,0.0,0.0,0.0,0.0,0.03535047942795832,0.39334118197050255,0.6858898718203941,0.4913785985862029,0.14250903205465082,0.0,0.0,0.0,0.0,0.05411299769384612,0.18448049007026893,0.35754434392386947,0.38674700834746695,0.223962533209608,0.06702676460823762,0.0,0.0,0.0,0.0,0.0,0.0,0.0,0.0,0.0,0.0,0.0,0.0,0.015127357639215818,0.01800460681681871,0.0,0.0,0.12254861163973517,0.25320396045202953,0.2697774402318082,0.14284334372318075,0.3678738442695098,0.24219532831203855,0.27117816509382164,0.14140033341665495,0.0,0.3218029068322875,0.032933803485593785,0.0,0.0,0.0,0.0,0.0,0.0,0.0,0.0,0.0,0.1751959297848356,0.0
0.3838629182803612,0.4315109476837791,0.24900296208105346,0.06556768383015665,0.03188520581411897,0.16157815001348633,0.40782162457726256,0.17145532594959614,0.0,0.0,0.5221856038138059,0.2988853201207763,0.08384899470400133,0.0383402755180825,0.7298298234627072,0.5455507897039726,0.3048958879684016,0.2148852152027045,1.0,0.7350230317108085,0.5420716421444001,0.4771839556275151,0.7383153486885485,0.5469841755728849,0.47240405761638915,0.5435466278895794,0.1576892049499057,0.3056212707215051,0.006733451910835256,0.07163017722161176,0.3982560089762986,0.0,0.0,0.0,0.0,0.0,0.0,0.0,0.034556585177379466,0.16324434303735932,0.24826869997183995,0.2501518444931314,0.1587108221112095,0.4860059655254522,0.0,0.0,0.0,0.0,0.0,0.0,0.0,0.0,0.0,0.0,0.0,0.0,0.0,0.0,0.0,0.0,0.0,0.0,0.0,0.0,0.0,0.0,0.0,0.0,0.0,0.0,0.0,0.0,0.0,0.0,0.0,0.0,0.0,0.0,0.0,0.0,0.0,0.0,0.0,0.0,0.0,0.0,0.0,0.0
0.1616210154502907,0.2745175816803609,0.14568961103374223,0.0,0.0,0.0,0.1535213337091548,0.0,0.0,0.0,0.28588620825454114,0.08636607432010375,0.0,0.0,0.5375717041743893,0.4765981214197145,0.2150555552509547,0.060591451050135886,0.7350230317108085,1.0,0.7354856496313287,0.5524487272998297,0.5500656423558556,0.4813125696417023,0.5489913331883012,0.7375427042355274,0.13216406494202554,0.21596346364078214,0.03592697190261505,0.0,0.27220535822743613,0.0,0.0,0.0,0.0,0.0,0.0,0.0,0.0,0.25590842093900346,0.48482691903384356,0.4874656389546659,0.252943474864723,0.2543285102200728,0.0,0.0,0.0,0.0,0.0,0.0,0.0,0.0,0.0,0.0,0.0,0.0,0.0,0.0,0.0,0.0,0.0,0.0,0.0,0.0,0.0,0.0,0.0,0.0,0.0,0.0,0.0,0.0,0.0,0.0,0.0,0.0,0.0,0.0,0.0,0.0,0.0,0.0,0.0,0.0,0.0,0.0,0.0,0.0
0.0,0.1301311727048171,0.0,0.0,0.0,0.0,0.01735921995749765,0.0,0.0,0.0,0.202459173190305,0.05572888398012662,0.0,0.0,0.47020042303664605,0.5487905043678398,0.31145578244756333,0.10310724514154292,0.5420716421444001,0.7354856496313287,1.0,0.7479076882250554,0.3080366359340758,0.2178838068936936,0.3090544852665933,0.5428761672993012,0.020476230037908938,0.0,0.0,0.0,0.17533432923419634,0.0,0.0,0.0,0.0,0.0,0.0,0.0,0.14235384630976589,0.492619602741159,0.6859448395008196,0.39210026499006145,0.03310326235352401,0.03155776193507528,0.0,0.0,0.0,0.0,0.0,0.0,0.0,0.0,0.0,0.0,0.0,0.0,0.0,0.0,0.0,0.0,0.0,0.0,0.0,0.0,0.0,0.0,0.0,0.0,0.0,0.0,0.0,0.0,0.0,0.0,0.0,0.0,0.0,0.0,0.0,0.0,0.0,0.0,0.0,0.0,0.0,0.0,0.0,0.0
0.0,0.10339516111853483,0.0,0.0,0.0,0.0,0.07141450988288893,0.0,0.0,0.0,0.2998829202179311,0.21395856273320712,0.0,0.0,0.5418886869129661,0.7348667840568353,0.5431442561751305,0.31241414521114047,0.4771839556275151,0.5524487272998297,0.7479076882250554,1.0,0.218931170359065,0.0667595823067037,0.10367028763280595,0.31418852502613387,0.0,0.0,0.0,0.0,0.16890524837077547,0.0,0.0,0.0,0.0,0.0,0.0,0.036565719860685963,0.39313125573414154,0.6858570514992075,0.4919257690650959,0.14187164285903767,0.0,0.0,0.0,0.0,0.0,0.0,0.0,0.0,0.0,0.0,0.0,0.0,0.0,0.0,0.0,0.0,0.0,0.0,0.0,0.0,0.0,0.0,0.0,0.0,0.0,0.0,0.0,0.0,0.0,0.0,0.05614711977907601,0.0,0.0,0.0,0.0,0.0,0.0,0.0,0.0,0.0,0.0,0.0,0.0,0.0,0.0,0.0
0.4315842729637215,0.41278888202511044,0.26241050024013934,0.14571233445027928,0.15233884429515232,0.2745268268108886,0.42080622144030533,0.221529527318846,0.10348779605386953,0.1301836960921796,0.4317991158693809,0.19361739598469474,0.032858431375059186,0.05112559702823665,0.5328217500913717,0.30535686408213025,0.08937274086619973,0.050301253385478605,0.7383153486885485,0.5500656423558556,0.3080366359340758,0.218931170359065,1.0,0.7425819471720329,0.5485807947705371,0.48344282079698125,0.12100213708141906,0.5479786942833595,0.0,0.32376894325596395,0.29029036223857224,0.0,0.0,0.0,0.0,0.0,0.0,0.0,0.0,0.0,0.03584191083119597,0.16941245535054916,0.2547226035478391,0.6868671156415348,0.0,0.0,0.0,0.0,0.0,0.0,0.0,0.0,0.0,0.0,0.0,0.0,0.0,0.0,0.0,0.0,0.0,0.0,0.0,0.0,0.0,0.0,0.0,0.0,0.0,0.0,0.0,0.0,0.0,0.0,0.0,0.0,0.0,0.0,0.0,0.0,0.0,0.0,0.0,0.0,0.0,0.0,0.0,0.0
0.24917525556467007,0.2625380811381517,0.18641565849511277,0.10346253567836299,0.08562290518017748,0.1458087103311346,0.1862228002548432,0.00027843231237945076,0.0,0.0,0.17512770389141555,0.0,0.0,0.0,0.29711344955334373,0.09638402477281965,0.0,0.0,0.5469841755728849,0.4813125696417023,0.2178838068936936,0.0667595823067037,0.7425819471720329,1.0,0.7375054297729251,0.554601260600101,0.07709535542109101,0.7344830893186185,0.0,0.49120780517825285,0.11990628317288858,0.0,0.0,0.0,0.0,0.0,0.0,0.0,0.0,0.0,0.0,0.2581122032537941,0.48503486183656364,0.4926915109016559,0.0,0.0,0.0,0.0,0.0,0.0,0.0,0.0,0.0,0.0,0.0,0.0,0.0,0.0,0.0,0.0,0.0,0.0,0.0,0.0,0.0,0.0,0.0,0.0,0.0,0.0,0.0,0.0,0.0,0.0,0.0,0.0,0.0,0.0,0.0,0.0,0.0,0.0,0.0,0.0,0.0,0.0,0.0,0.0
0.06576029150996429,0.1458859424128591,0.1035243307226867,0.0,0.0,0.0,0.0,0.0,0.0,0.0,0.019978462472815848,0.0,0.0,0.0,0.2023161883293137,0.057749493504742525,0.0,0.0,0.47240405761638915,0.5489913331883012,0.3090544852665933,0.10367028763280595,0.5485807947705371,0.7375054297729251,1.0,0.7454847549114669,0.06828415429904458,0.5430285868337054,0.0,0.31986212114443263,0.04287372936252632,0.0,0.0,0.0,0.0,0.0,0.0,0.0,0.0,0.0,0.13646644613626294,0.4914749202934836,0.6862571716166457,0.25614715424148443,0.0,0.0,0.0,0.0,0.0,0.0,0.0,0.0,0.0,0.0,0.0,0.0,0.0,0.0,0.0,0.0,0.0,0.0,0.0,0.0,0.0,0.0,0.0,0.0,0.0,0.0,0.0,0.0,0.0,0.0,0.0,0.0,0.0,0.0,0.0,0.0,0.0,0.0,0.0,0.0,0.0,0.0,0.0,0.0
0.03201301904520627,0.15244000248816014,0.08561039006392189,0.0,0.0,0.0,0.0,0.0,0.0,0.0,0.06694321845505993,0.0,0.0,0.0,0.29731927584814055,0.21493304079988892,0.0,0.0,0.5435466278895794,0.7375427042355274,0.5428761672993012,0.31418852502613387,0.48344282079698125,0.554601260600101,0.7454847549114669,1.0,0.09428231684390043,0.3120638965256705,0.01741886151383672,0.07804229444202794,0.10814885305710759,0.0,0.0,0.0,0.0,0.0,0.0,0.0,0.0,0.03783270403423127,0.3900270868548402,0.6859254854750405,0.489473617271461,0.17053323389832165,0.0,0.0,0.0,0.0,0.0,0.0,0.0,0.0,0.0,0.0,0.0,0.0,0.0,0.0,0.0,0.0,0.0,0.0,0.0,0.0,0.0,0.0,0.0,0.0,0.0,0.0,0.0,0.0,0.0,0.0,0.0,0.0,0.0,0.0,0.0,0.0,0.0,0.0,0.0,0.0,0.0,0.0,0.0,0.0
0.30561265589656045,0.5479752173660221,0.7344834620546918,0.543037512671992,0.31206912704910184,0.2159684973513671,0.08085236994303552,0.0,0.0,0.0,0.01220705164710458,0.0,0.0,0.0,0.08012988968917778,0.0,0.0,0.0,0.1576892049499057,0.13216406494202554,0.020476230037908938,0.0,0.12100213708141906,0.07709535542109101,0.06828415429904458,0.09428231684390043,1.0,0.0,0.7567248102258683,0.0,0.39975178423594115,0.3893285728817953,0.03550730316421839,0.0,0.0,0.0,0.0,0.0,0.0,0.0,0.0,0.0,0.0,0.0,0.0,0.0,0.0,0.0,0.0,0.0,0.0,0.0,0.0,0.0,0.0,0.0,0.0,0.0,0.0,0.0,0.0,0.0,0.0,0.0,0.0,0.0,0.0,0.0,0.0,0.0,0.0,0.0,0.0,0.0,0.0,0.0,0.0,0.0,0.0,0.0,0.0,0.0,0.0,0.0,0.0,0.0,0.0,0.0
0.15790354892347874,0.12116841109019016,0.07714884391156653,0.06827688922962676,0.0943546986028718,0.13234480176249355,0.0802975958996166,0.0,0.0,0.020680945834516302,0.012275249897981923,0.0,0.0,0.0,0.08087209911508123,0.0,0.0,0.0,0.3056212707215051,0.21596346364078214,0.0,0.0,0.5479786942833595,0.7344830893186185,0.5430285868337054,0.3120638965256705,0.0,1.0,0.0,0.7567231556446239,0.0,0.0,0.0,0.0,0.0,0.0,0.0,0.0,0.0,0.0,0.0,0.035501137042064944,0.3893178660356878,0.3997576422275161,0.0,0.0,0.0,0.0,0.0,0.0,0.0,0.0,0.0,0.0,0.0,0.0,0.0,0.0,0.0,0.0,0.0,0.0,0.0,0.0,0.0,0.0,0.0,0.0,0.0,0.0,0.0,0.0,0.0,0.0,0.0,0.0,0.0,0.0,0.0,0.0,0.0,0.0,0.0,0.0,0.0,0.0,0.0,0.0
0.07161744875667851,0.3237587500273558,0.49120986503864006,0.31988086868216237,0.07805551962297617,0.0,0.0,0.0,0.0,0.0,0.0,0.0,0.0,0.0,0.0,0.0,0.0,0.0,0.006733451910835256,0.03592697190261505,0.0,0.0,0.0,0.0,0.0,0.01741886151383672,0.7567248102258683,0.0,1.0,0.0,0.2331204732836465,0.22327104320780494,0.0,0.0,0.0,0.0,0.0,0.0,0.0,0.0,0.0,0.0,0.0,0.0,0.0,0.0,0.0,0.0,0.0,0.0,0.0,0.0,0.0,0.0,0.0,0.0,0.0,0.0,0.0,0.0,0.0,0.0,0.0,0.0,0.0,0.0,0.0,0.0,0.0,0.0,0.0,0.0,0.0,0.0,0.0,0.0,0.0,0.0,0.0,0.0,0.0,0.0,0.0,0.0,0.0,0.0,0.0,0.0
0.006980252587772066,0.0,0.0,0.0,0.017554047707623813,0.03616277253702249,0.0,0.0,0.0,0.0,0.0,0.0,0.0,0.0,0.0,0.0,0.0,0.0,0.07163017722161176,0.0,0.0,0.0,0.32376894325596395,0.49120780517825285,0.31986212114443263,0.07804229444202794,0.0,0.7567231556446239,0.0,1.0,0.0,0.0,0.0,0.0,0.0,0.0,0.0,0.0,0.0,0.0,0.0,0.0,0.22324025847443557,0.23314280914453336,0.0,0.0,0.0,0.0,0.0,0.0,0.0,0.0,0.0,0.0,0.0,0.0,0.0,0.0,0.0,0.0,0.0,0.0,0.0,0.0,0.0,0.0,0.0,0.0,0.0,0.0,0.0,0.0,0.0,0.0,0.0,0.0,0.0,0.0,0.0,0.0,0.0,0.0,0.0,0.0,0.0,0.0,0.0,0.0
0.486011544526251,0.6868712758818022,0.49269844459943984,0.2561547206102401,0.17054053252549137,0.25433645899616164,0.37593137527858017,0.1242700229478432,0.0,0.031558616558657056,0.37542369673675063,0.15085850979495188,0.0,0.0,0.42470257328208066,0.2707224929440369,0.09341202093277597,0.03749343328058183,0.3982560089762986,0.27220535822743613,0.17533432923419634,0.16890524837077547,0.29029036223857224,0.11990628317288858,0.04287372936252632,0.10814885305710759,0.39975178423594115,0.0,0.2331204732836465,0.0,1.0,0.0,0.0,0.0,0.0,0.0,0.0,0.0,0.0,0.0,0.0,0.0,0.0,0.1670440305720713,0.0,0.0,0.0,0.0,0.0,0.0,0.0,0.0,0.0,0.0,0.0,0.0,0.0,0.0,0.0,0.0,0.0,0.0,0.0,0.0,0.0,0.0,0.0,0.0,0.0,0.0,0.0,0.0,0.0,0.0,0.0,0.0,0.0,0.0,0.0,0.0,0.0,0.0,0.0,0.0,0.0,0.0,0.0,0.0
0.15869675546768985,0.2547214166019891,0.4850309818644327,0.6862519754642478,0.48946821206646995,0.25294230905171494,0.0,0.0,0.0,0.03311666970243099,0.0,0.0,0.0,0.0,0.0,0.0,0.0,0.0,0.0,0.0,0.0,0.0,0.0,0.0,0.0,0.0,0.3893285728817953,0.0,0.22327104320780494,0.0,0.0,1.0,0.4066978981577382,0.0,0.0,0.0,0.0,0.0,0.0,0.0,0.0,0.0,0.0,0.0,0.0,0.0,0.0,0.0,0.0,0.0,0.0,0.0,0.0,0.0,0.0,0.0,0.0,0.0,0.0,0.0,0.0,0.0,0.0,0.0,0.0,0.0,0.0,0.0,0.0,0.0,0.0,0.0,0.0,0.0,0.0,0.0,0.0,0.0,0.0,0.0,0.0,0.0,0.0,0.0,0.0,0.0,0.0,0.0
0.2501443104499555,0.1694142275826948,0.2581119393323039,0.49147424701380893,0.6859243442028129,0.4874664336082418,0.02547802112006612,0.0,0.14189536865896404,0.3921209089535953,0.0,0.0,0.0,0.0,0.0,0.0,0.0,0.0,0.0,0.0,0.0,0.0,0.0,0.0,0.0,0.0,0.03550730316421839,0.0,0.0,0.0,0.0,0.4066978981577382,1.0,0.419143636845812,0.0,0.0,0.0,0.0,0.0,0.0,0.0,0.0,0.0,0.0,0.0,0.0,0.0,0.0,0.0,0.0,0.0,0.0,0.0,0.0,0.0,0.0,0.0,0.0,0.0,0.0,0.0,0.0,0.0,0.0,0.0,0.0,0.0,0.0,0.0,0.0,0.0,0.0,0.0,0.0,0.0,0.0,0.0,0.0,0.0,0.0,0.0,0.0,0.0,0.0,0.0,0.0,0.0,0.0
0.24826701805943174,0.03584885173075182,0.0,0.13649055851316252,0.3900521789942595,0.4848320227824113,0.15642439404371988,0.25241313023298156,0.491927631296557,0.6859473995062672,0.0,0.0,0.0,0.03565075105455015,0.0,0.0,0.0,0.0,0.0,0.0,0.0,0.0,0.0,0.0,0.0,0.0,0.0,0.0,0.0,0.0,0.0,0.0,0.419143636845812,1.0,0.40868170748700494,0.0,0.0,0.0,0.0,0.0,0.0,0.0,0.0,0.0,0.0,0.0,0.0,0.0,0.0,0.0,0.0,0.0,0.0,0.0,0.0,0.0,0.0,0.0,0.0,0.0,0.0,0.0,0.0,0.0,0.0,0.0,0.0,0.0,0.0,0.0,0.0,0.0,0.0,0.0,0.0,0.0,0.0,0.0,0.0,0.0,0.0,0.0,0.0,0.0,0.0,0.0,0.0,0.0
0.16323590702967664,0.0,0.0,0.0,0.037857793226205284,0.2559129431419263,0.2499204390789204,0.4859533709629537,0.6858597137663611,0.4926215689703799,0.03131848435134596,0.0,0.1425317048444905,0.3942062353964752,0.0,0.0,0.0,0.0,0.0,0.0,0.0,0.0,0.0,0.0,0.0,0.0,0.0,0.0,0.0,0.0,0.0,0.0,0.0,0.40868170748700494,1.0,0.4256322206891615,0.0,0.0,0.0,0.0,0.0,0.0,0.0,0.0,0.0,0.0,0.0,0.0,0.0,0.0,0.0,0.0,0.0,0.0,0.0,0.0,0.0,0.0,0.0,0.0,0.0,0.0,0.0,0.0,0.0,0.0,0.0,0.0,0.0,0.0,0.0,0.0,0.0,0.0,0.0,0.0,0.0,0.0,0.0,0.0,0.0,0.0,0.0,0.0,0.0,0.0,0.0,0.0
0.034549787751084374,0.0,0.0,0.0,0.0,0.0,0.24981550093913096,0.4857123570988311,0.3931573658274523,0.1423810970270573,0.16110472954311997,0.2546606386798202,0.49137964818303537,0.6859120053598571,0.0,0.0,0.0,0.03535047942795832,0.0,0.0,0.0,0.0,0.0,0.0,0.0,0.0,0.0,0.0,0.0,0.0,0.0,0.0,0.0,0.0,0.4256322206891615,1.0,0.4065338032563368,0.0,0.0,0.0,0.0,0.0,0.0,0.0,0.0,0.0,0.0,0.0,0.0,0.0,0.0,0.0,0.0,0.0,0.0,0.0,0.0,0.0,0.0,0.0,0.0,0.0,0.0,0.0,0.0,0.0,0.0,0.0,0.0,0.0,0.0,0.20566919835823325,0.0,0.37967295246542065,0.0,0.0,0.0,0.0,0.0,0.0,0.0,0.0,0.0,0.0,0.0,0.0,0.0,0.0
0.0,0.0,0.0,0.0,0.0,0.0,0.16283911834489426,0.2557671391235851,0.036580642585780435,0.0,0.24914418544963265,0.4862197725819568,0.6858858387054677,0.49147380537540664,0.03540918947442042,0.0,0.14153603905131834,0.39334118197050255,0.0,0.0,0.0,0.0,0.0,0.0,0.0,0.0,0.0,0.0,0.0,0.0,0.0,0.0,0.0,0.0,0.0,0.4065338032563368,1.0,0.4240361369371017,0.0,0.0,0.0,0.0,0.0,0.0,0.14283560891003147,0.11935385220070521,0.22409681239913098,0.3836985767722479,0.4108319455315856,0.2734648708260771,0.0,0.0,0.0,0.09063100438101951,0.0,0.0,0.0,0.0,0.0,0.0,0.0,0.0,0.0,0.0,0.0,0.0,0.188280562091576,0.3222723251546251,0.13585874464123962,0.0,0.021172999261480557,0.4869689056547546,0.0,0.47082368185122675,0.0,0.18818955887074887,0.2322963638163093,0.0,0.0,0.0,0.0,0.0,0.0,0.0,0.0,0.0,0.0,0.05523580777584266
0.0,0.0,0.0,0.0,0.0,0.0,0.03538675363565105,0.0,0.0,0.0,0.2491446722873345,0.4862216473140122,0.39334235097740494,0.14153758898362448,0.1628612762110236,0.25577088571584095,0.4914761590309446,0.6858898718203941,0.0,0.0,0.0,0.036565719860685963,0.0,0.0,0.0,0.0,0.0,0.0,0.0,0.0,0.0,0.0,0.0,0.0,0.0,0.0,0.4240361369371017,1.0,0.40653240707929456,0.0,0.0,0.0,0.0,0.0,0.17588121140956356,0.3469285737444961,0.5410607390218635,0.529319422060586,0.3226176269526221,0.1603290982158189,0.0,0.0,0.0,0.0,0.0,0.0,0.0,0.0,0.0,0.0,0.0,0.0,0.09878300491772132,0.06347624979646481,0.0,0.0,0.2270997498859207,0.33920094940843454,0.31088913789138,0.16913894723977022,0.49748934133555867,0.27657348361579454,0.3121585199848626,0.10366760756793261,0.06903351794466198,0.36515532905969994,0.0286725694838686,0.0,0.0,0.0,0.0,0.0,0.0,0.0,0.0,0.0,0.1171936711653566,0.0
0.0,0.0,0.0,0.0,0.0,0.0,0.0,0.0,0.0,0.0,0.1610975313961487,0.2546575735571816,0.03534911643399601,0.0,0.24982393426340535,0.48571204620172387,0.6859137564834819,0.4913785985862029,0.034556585177379466,0.0,0.14235384630976589,0.39313125573414154,0.0,0.0,0.0,0.0,0.0,0.0,0.0,0.0,0.0,0.0,0.0,0.0,0.0,0.0,0.0,0.40653240707929456,1.0,0.4255876537388031,0.0,0.0,0.0,0.0,0.0,0.0,0.2166265638083429,0.1264241475295655,0.0,0.0,0.0,0.0,0.0,0.0,0.0,0.0,0.0,0.0,0.0,0.0,0.0,0.0,0.0,0.0,0.0,0.0,0.0,0.0,0.04340989366826082,0.017093185354977117,0.42933522137323105,0.0,0.47678829242041126,0.0,0.0,0.06250066327445726,0.0,0.0,0.0,0.0,0.0,0.0,0.0,0.0,0.0,0.0,0.0,0.0
0.0,0.0,0.0,0.0,0.0,0.0,0.0,0.0,0.0,0.0,0.03130913242218649,0.0,0.0,0.0,0.24992264349494747,0.4859505214807158,0.3941831739374137,0.14250903205465082,0.16324434303735932,0.25590842093900346,0.492619602741159,0.6858570514992075,0.0,0.0,0.0,0.03783270403423127,0.0,0.0,0.0,0.0,0.0,0.0,0.0,0.0,0.0,0.0,0.0,0.0,0.4255876537388031,1.0,0.40867814767010713,0.0,0.0,0.0,0.0,0.0,0.0,0.0,0.0,0.0,0.0,0.0,0.0,0.0,0.0,0.0,0.0,0.0,0.0,0.0,0.0,0.0,0.0,0.0,0.0,0.0,0.0,0.0,0.0,0.0,0.0,0.0,0.055966836410108016,0.0,0.0,0.0,0.0,0.0,0.0,0.0,0.0,0.0,0.0,0.0,0.0,0.0,0.0,0.0
0.0,0.0,0.0,0.0,0.0,0.0,0.0,0.0,0.0,0.0,0.0,0.0,0.0,0.0,0.1564284195338691,0.2524077719996941,0.0356294861736359,0.0,0.24826869997183995,0.48482691903384356,0.6859448395008196,0.4919257690650959,0.03584191083119597,0.0,0.13646644613626294,0.3900270868548402,0.0,0.0,0.0,0.0,0.0,0.0,0.0,0.0,0.0,0.0,0.0,0.0,0.0,0.40867814767010713,1.0,0.4191028477666312,0.0,0.0,0.0,0.0,0.0,0.0,0.0,0.0,0.0,0.0,0.0,0.0,0.0,0.0,0.0,0.0,0.0,0.0,0.0,0.0,0.0,0.0,0.0,0.0,0.0,0.0,0.0,0.0,0.0,0.0,0.0,0.0,0.0,0.0,0.0,0.0,0.0,0.0,0.0,0.0,0.0,0.0,0.0,0.0,0.0,0.0
0.0,0.0,0.0,0.0,0.0,0.0,0.0,0.0,0.0,0.0,0.0,0.0,0.0,0.0,0.02548659846462156,0.0,0.0,0.0,0.2501518444931314,0.4874656389546659,0.39210026499006145,0.14187164285903767,0.16941245535054916,0.2581122032537941,0.4914749202934836,0.6859254854750405,0.0,0.035501137042064944,0.0,0.0,0.0,0.0,0.0,0.0,0.0,0.0,0.0,0.0,0.0,0.0,0.4191028477666312,1.0,0.40670180847260673,0.0,0.0,0.0,0.0,0.0,0.0,0.0,0.0,0.0,0.0,0.0,0.0,0.0,0.0,0.0,0.0,0.0,0.0,0.0,0.0,0.0,0.0,0.0,0.0,0.0,0.0,0.0,0.0,0.0,0.0,0.0,0.0,0.0,0.0,0.0,0.0,0.0,0.0,0.0,0.0,0.0,0.0,0.0,0.0,0.0
0.0,0.0,0.0,0.0,0.0,0.0,0.0,0.0,0.0,0.0,0.0,0.0,0.0,0.0,0.0,0.0,0.0,0.0,0.1587108221112095,0.252943474864723,0.03310326235352401,0.0,0.2547226035478391,0.48503486183656364,0.6862571716166457,0.489473617271461,0.0,0.3893178660356878,0.0,0.22324025847443557,0.0,0.0,0.0,0.0,0.0,0.0,0.0,0.0,0.0,0.0,0.0,0.40670180847260673,1.0,0.0,0.0,0.0,0.0,0.0,0.0,0.0,0.0,0.0,0.0,0.0,0.0,0.0,0.0,0.0,0.0,0.0,0.0,0.0,0.0,0.0,0.0,0.0,0.0,0.0,0.0,0.0,0.0,0.0,0.0,0.0,0.0,0.0,0.0,0.0,0.0,0.0,0.0,0.0,0.0,0.0,0.0,0.0,0.0,0.0
0.3982753347512892,0.2902328211195961,0.1197403530781076,0.042660631558264245,0.10799687638013988,0.272161707790992,0.4247855683815257,0.27083479930213095,0.1689872664116785,0.17535360985106346,0.37546735304669027,0.15092505954842514,0.037589400903359244,0.09352766031528977,0.375940887667558,0.12428583946186038,0.0,0.0,0.4860059655254522,0.2543285102200728,0.03155776193507528,0.0,0.6868671156415348,0.4926915109016559,0.25614715424148443,0.17053323389832165,0.0,0.3997576422275161,0.0,0.23314280914453336,0.1670440305720713,0.0,0.0,0.0,0.0,0.0,0.0,0.0,0.0,0.0,0.0,0.0,0.0,1.0,0.0,0.0,0.0,0.0,0.0,0.0,0.0,0.0,0.0,0.0,0.0,0.0,0.0,0.0,0.0,0.0,0.0,0.0,0.0,0.0,0.0,0.0,0.0,0.0,0.0,0.0,0.0,0.0,0.0,0.0,0.0,0.0,0.0,0.0,0.0,0.0,0.0,0.0,0.0,0.0,0.0,0.0,0.0,0.0
0.0,0.0,0.0,0.0,0.0,0.0,0.0,0.0,0.0,0.0,0.0,0.0,0.031136749213338366,0.0,0.0,0.0,0.0,0.05411299769384612,0.0,0.0,0.0,0.0,0.0,0.0,0.0,0.0,0.0,0.0,0.0,0.0,0.0,0.0,0.0,0.0,0.0,0.0,0.14283560891003147,0.17588121140956356,0.0,0.0,0.0,0.0,0.0,0.0,1.0,0.7383116996155669,0.5469784673978506,0.47239521825317077,0.5435398626687891,0.7350192850668404,0.7298227088379992,0.5455430028325927,0.4771735319807129,0.54206584722479,0.5221579535016676,0.2988522401598885,0.2148617200522788,0.30488445618830523,0.40777670286790074,0.17139834187326367,0.03828180375697119,0.0838024526280611,0.3838629182803611,0.16162101545029037,0.0,0.0,0.4315842729637213,0.24917525556467007,0.06576029150996412,0.03201301904520594,0.30561265589656056,0.15790354892347858,0.07161744875667868,0.0069802525877719025,0.486011544526251,0.15869675546768985,0.2501443104499555,0.24826701805943174,0.16323590702967705,0.034549787751084374,0.0,0.0,0.0,0.0,0.0,0.0,0.0,0.398275334751289
0.0,0.0,0.0,0.0,0.0,0.0,0.0,0.0,0.0,0.0,0.0,0.012965138317125332,0.038901319416751394,0.0,0.0,0.0,0.04915522054905217,0.18448049007026893,0.0,0.0,0.0,0.0,0.0,0.0,0.0,0.0,0.0,0.0,0.0,0.0,0.0,0.0,0.0,0.0,0.0,0.0,0.11935385220070521,0.3469285737444961,0.0,0.0,0.0,0.0,0.0,0.0,0.7383116996155669,1.0,0.7425857555082673,0.5485844359643001,0.4834460015020056,0.5500694819645251,0.5328046622329045,0.3053438503201765,0.21892172155923506,0.30803643167341865,0.4317462816332353,0.19356136680637476,0.05026225945412626,0.0893521667305144,0.4207037022515317,0.221417272158679,0.051023430963900364,0.032779631941098196,0.4315109476837791,0.2745175816803606,0.13013117270481694,0.10339516111853483,0.41278888202511044,0.26253808113815197,0.14588594241285927,0.15244000248816014,0.5479752173660226,0.12116841109019033,0.32375875002735627,0.0,0.6868712758818019,0.25472141660198955,0.1694142275826953,0.03584885173075182,0.0,0.0,0.0,0.0,0.0,0.0,0.0,0.0,0.0,0.29023282111959614
0.0,0.0,0.0,0.0,0.0,0.0,0.0,0.0,0.0,0.0,0.0,0.16953390637950064,0.15173631581399552,0.0,0.0,0.0,0.24190854279164722,0.35754434392386947,0.0,0.0,0.0,0.0,0.0,0.0,0.0,0.0,0.0,0.0,0.0,0.0,0.0,0.0,0.0,0.0,0.0,0.0,0.22409681239913098,0.5410607390218635,0.2166265638083429,0.0,0.0,0.0,0.0,0.0,0.5469784673978506,0.7425857555082673,1.0,0.7375064638126808,0.5546019767539505,0.4813174110022686,0.29709915925704916,0.09638568959003609,0.06676455247154899,0.21789241687847027,0.17507028277166167,0.0,0.0,0.0,0.1860811093406885,0.00013408178152076158,0.0,0.0,0.24900296208105396,0.14568961103374206,0.0,0.0,0.2624105002401397,0.18641565849511293,0.1035243307226867,0.08561039006392189,0.7344834620546921,0.07714884391156653,0.4912098650386403,0.0,0.49269844459944,0.48503098186443255,0.2581119393323039,0.0,0.0,0.0,0.0,0.0,0.0,0.0,0.0,0.0,0.0,0.11974035307810793
0.0,0.0,0.0,0.0,0.0,0.0,0.0,0.0,0.0,0.0,0.031094290552976314,0.2647661868841299,0.2817278632502134,0.06632302270768164,0.0,0.02579467418889719,0.23177488852530442,0.38674700834746695,0.0,0.0,0.0,0.0,0.0,0.0,0.0,0.0,0.0,0.0,0.0,0.0,0.0,0.0,0.0,0.0,0.0,0.0,0.3836985767722479,0.529319422060586,0.1264241475295655,0.0,0.0,0.0,0.0,0.0,0.47239521825317077,0.5485844359643001,0.7375064638126808,1.0,0.7454839622923984,0.5489952067156422,0.2023010488663583,0.05775975786592576,0.10368523776404756,0.30906947325801937,0.01992014605711975,0.0,0.0,0.0,0.0,0.0,0.0,0.0,0.0655676838301573,0.0,0.0,0.0,0.14571233445027995,0.10346253567836332,0.0,0.0,0.5430375126719921,0.06827688922962692,0.31988086868216237,0.0,0.25615472061024014,0.6862519754642478,0.4914742470138094,0.13649055851316286,0.0,0.0,0.0,0.0,0.0,0.0,0.0,0.0,0.0,0.04266063155826474
0.0,0.0,0.0,0.0,0.0,0.0,0.0,0.0,0.0,0.0,0.0,0.16723247444320788,0.268364878345631,0.09463513260198679,0.0,0.0,0.02835829878976101,0.223962533209608,0.0,0.0,0.0,0.0,0.0,0.0,0.0,0.0,0.0,0.0,0.0,0.0,0.0,0.0,0.0,0.0,0.0,0.0,0.4108319455315856,0.3226176269526221,0.0,0.0,0.0,0.0,0.0,0.0,0.5435398626687891,0.4834460015020056,0.5546019767539505,0.7454839622923984,1.0,0.7375467501828665,0.2973096886677902,0.2149474408695142,0.3142064682224577,0.5428939343665906,0.06690000483141834,0.0,0.0,0.0,0.0,0.0,0.0,0.0,0.03188520581411913,0.0,0.0,0.0,0.1523388442951525,0.08562290518017748,0.0,0.0,0.31206912704910184,0.09435469860287146,0.07805551962297617,0.017554047707623647,0.17054053252549137,0.48946821206646995,0.6859243442028131,0.3900521789942597,0.03785779322620578,0.0,0.0,0.0,0.0,0.0,0.0,0.0,0.0,0.10799687638014022
0.0,0.0,0.0,0.0,0.0,0.0,0.0,0.0,0.0,0.0,0.0,0.002524216985712981,0.13228948813294014,0.0,0.0,0.0,0.0,0.06702676460823762,0.0,0.0,0.0,0.0,0.0,0.0,0.0,0.0,0.0,0.0,0.0,0.0,0.0,0.0,0.0,0.0,0.0,0.0,0.2734648708260771,0.1603290982158189,0.0,0.0,0.0,0.0,0.0,0.0,0.7350192850668404,0.5500694819645251,0.4813174110022686,0.5489952067156422,0.7375467501828665,1.0,0.5375648761659071,0.4766027267213609,0.5524503174809435,0.7354879488141779,0.2858582020785527,0.08634764434982332,0.06059183673396183,0.21506715596483625,0.15346150967511066,0.0,0.0,0.0,0.16157815001348663,0.0,0.0,0.0,0.274526826810889,0.14580871033113507,0.0,0.0,0.21596849735136728,0.13234480176249389,0.0,0.036162772537022984,0.2543364589961616,0.25294230905171544,0.48746643360824204,0.4848320227824113,0.25591294314192636,0.0,0.0,0.0,0.0,0.0,0.0,0.0,0.0,0.2721617077909923
0.0,0.0,0.0,0.0,0.0,0.0,0.0,0.0,0.0,0.0,0.0,0.0,0.0,0.0,0.0,0.0,0.0,0.0,0.0,0.0,0.0,0.0,0.0,0.0,0.0,0.0,0.0,0.0,0.0,0.0,0.0,0.0,0.0,0.0,0.0,0.0,0.0,0.0,0.0,0.0,0.0,0.0,0.0,0.0,0.7298227088379992,0.5328046622329045,0.29709915925704916,0.2023010488663583,0.2973096886677902,0.5375648761659071,1.0,0.7368517058928002,0.5418834948160217,0.4701944829968433,0.7308258405712961,0.5451728293009107,0.47640842549614454,0.54305022328388,0.5198543937065895,0.2935112138339386,0.2118280943120065,0.3047951942362875,0.40782162457726245,0.15352133370915463,0.017359219957497483,0.07141450988288893,0.42080622144030505,0.18622280025484336,0.0,0.0,0.08085236994303537,0.08029759589961677,0.0,0.0,0.37593137527858,0.0,0.02547802112006612,0.15642439404371966,0.24992043907892056,0.24981550093913105,0.16283911834489434,0.035386753635651545,0.0,0.0,0.0,0.0,0.0,0.42478556838152554
0.0,0.0,0.0,0.0,0.0,0.0,0.0,0.0,0.0,0.0,0.0,0.0,0.0,0.0,0.0,0.0,0.0,0.0,0.0,0.0,0.0,0.0,0.0,0.0,0.0,0.0,0.0,0.0,0.0,0.0,0.0,0.0,0.0,0.0,0.0,0.0,0.0,0.0,0.0,0.0,0.0,0.0,0.0,0.0,0.5455430028325927,0.3053438503201765,0.09638568959003609,0.05775975786592576,0.2149474408695142,0.4766027267213609,0.7368517058928002,1.0,0.7348692653383836,0.5487938631797141,0.5434017393690072,0.4790038765159659,0.5523365526967763,0.7361449390938747,0.2935300948726954,0.08718297906581118,0.05937293097737939,0.21596960507307325,0.1714553259495958,0.0,0.0,0.0,0.22152952731884568,0.00027843231237945076,0.0,0.0,0.0,0.0,0.0,0.0,0.1242700229478432,0.0,0.0,0.25241313023298106,0.4859533709629537,0.4857123570988311,0.2557671391235851,0.0,0.0,0.0,0.0,0.0,0.0,0.27083479930213045
0.0,0.0,0.0,0.0,0.0,0.0,0.0,0.0,0.0,0.0,0.0,0.0,0.0,0.0,0.0,0.0,0.0,0.0,0.0,0.0,0.0,0.0,0.0,0.0,0.0,0.0,0.0,0.0,0.0,0.0,0.0,0.0,0.0,0.0,0.0,0.0,0.0,0.0,0.0,0.0,0.0,0.0,0.0,0.0,0.4771735319807129,0.21892172155923506,0.06676455247154899,0.10368523776404756,0.3142064682224577,0.5524503174809435,0.5418834948160217,0.7348692653383836,1.0,0.7479072801072146,0.29988304941485744,0.2139623552996481,0.31242735015821105,0.5431620680952344,0.07141615782102698,0.0,0.0,0.0,0.0,0.0,0.0,0.0,0.10348779605386921,0.0,0.0,0.0,0.0,0.0,0.0,0.0,0.0,0.0,0.14189536865896388,0.49192763129655653,0.6858597137663615,0.3931573658274523,0.036580642585780435,0.0,0.0,0.0,0.0,0.0,0.0,0.16898726641167808
