1.0,0.738311699615567,0.5469784673978507,0.47239521825317077,0.5435398626687888,0.7350192850668406,0.7298227088379995,0.5455430028325927,0.4771735319807129,0.54206584722479,0.5221579535016674,0.29885224015988876,0.2148617200522788,0.3048844561883051,0.4077767028679006,0.17139834187326367,0.03828180375697103,0.0838024526280611,0.3838629182803611,0.16162101545029053,0.0,0.0,0.4315842729637215,0.24917525556467007,0.06576029150996396,0.032013019045206106,0.3056126558965604,0.15790354892347858,0.07161744875667868,0.0069802525877719025,0.486011544526251,0.15869675546768985,0.25014431044995555,0.24826701805943174,0.1632359070296768,0.034549787751084374,0.0,0.0,0.0,0.0,0.0,0.0,0.0,0.39827533475128907,0.0,0.0,0.0,0.0,0.0,0.0,0.0,0.0,0.0,0.0,0.0,0.0,0.0,0.0,0.0,0.0,0.0,0.0,0.0,0.0,0.0845613419791924,0.08447361707440726,0.0,0.0,0.0,0.0,0.0,0.0,0.0,0.0,0.0,0.0,0.0,0.0,0.0,0.0,0.0,0.0,0.0,0.03602377652544905,0.039588229144636215,0.0,0.0,0.0
0.738311699615567,1.0,0.742585755508267,0.5485844359642998,0.4834460015020054,0.5500694819645251,0.5328046622329051,0.3053438503201767,0.21892172155923523,0.3080364316734187,0.4317462816332353,0.19356136680637542,0.05026225945412642,0.0893521667305144,0.4207037022515317,0.22141727215867918,0.05102343096390053,0.03277963194109836,0.4315109476837791,0.2745175816803606,0.13013117270481694,0.10339516111853483,0.41278888202511044,0.2625380811381517,0.1458859424128591,0.15244000248816014,0.5479752173660223,0.12116841109019016,0.3237587500273561,0.0,0.6868712758818021,0.25472141660198944,0.16941422758269498,0.03584885173075182,0.0,0.0,0.0,0.0,0.0,0.0,0.0,0.0,0.0,0.2902328211195961,0.0,0.0,0.0,0.0,0.0,0.0,0.0,0.0,0.0,0.0,0.0,0.0,0.0,0.0,0.0,0.0,0.0,0.0,0.0,0.0,0.0,0.0,0.0,0.0,0.0,0.0,0.0,0.0,0.0,0.0,0.0,0.0,0.0,0.0,0.0,0.0,0.0,0.0,0.0,0.0,0.0,0.0,0.0,0.0
0.5469784673978507,0.742585755508267,1.0,0.7375064638126809,0.5546019767539507,0.4813174110022686,0.2970991592570496,0.09638568959003609,0.06676455247154899,0.21789241687847044,0.1750702827716615,0.0,0.0,0.0,0.18608110934068817,0.00013408178152059708,0.0,0.0,0.24900296208105363,0.14568961103374206,0.0,0.0,0.26241050024013957,0.18641565849511293,0.1035243307226867,0.08561039006392189,0.7344834620546918,0.07714884391156653,0.49120986503864006,0.0,0.4926984445994399,0.4850309818644327,0.2581119393323039,0.0,0.0,0.0,0.0,0.0,0.0,0.0,0.0,0.0,0.0,0.11974035307810776,0.0,0.0,0.0,0.0,0.0,0.0,0.0,0.0,0.0,0.0,0.0,0.0,0.0,0.0,0.0,0.0,0.0,0.0,0.0,0.0,0.0,0.0,0.0,0.0,0.0,0.0,0.0,0.0,0.0,0.0,0.0,0.0,0.0,0.0,0.0,0.0,0.0,0.0,0.0,0.0,0.0,0.0,0.0,0.0
0.47239521825317077,0.5485844359642998,0.7375064638126809,1.0,0.7454839622923985,0.5489952067156421,0.20230104886635863,0.05775975786592576,0.10368523776404756,0.30906947325801937,0.019920146057119423,0.0,0.0,0.0,0.0,0.0,0.0,0.0,0.06556768383015714,0.0,0.0,0.0,0.14571233445027978,0.10346253567836332,0.0,0.0,0.5430375126719921,0.06827688922962692,0.31988086868216237,0.0,0.25615472061024014,0.6862519754642477,0.49147424701380893,0.1364905585131627,0.0,0.0,0.0,0.0,0.0,0.0,0.0,0.0,0.0,0.04266063155826458,0.0,0.0,0.0,0.0,0.0,0.0,0.0,0.0,0.0,0.0,0.0,0.0,0.0,0.0,0.0,0.0,0.0,0.0,0.0,0.0,0.0,0.0,0.0,0.0,0.0,0.0,0.0,0.0,0.11294898932055918,0.0,0.0,0.0,0.0,0.0,0.0,0.0,0.0,0.0,0.0,0.0,0.0,0.0,0.0,0.0
0.5435398626687888,0.4834460015020054,0.5546019767539507,0.7454839622923985,1.0,0.7375467501828661,0.2973096886677903,0.21494744086951403,0.3142064682224575,0.5428939343665906,0.066900004831418,0.0,0.0,0.0,0.0,0.0,0.0,0.0,0.03188520581411897,0.0,0.0,0.0,0.15233884429515232,0.08562290518017748,0.0,0.0,0.31206912704910184,0.09435469860287146,0.07805551962297617,0.017554047707623647,0.17054053252549128,0.48946821206647,0.685924344202813,0.3900521789942595,0.037857793226205284,0.0,0.0,0.0,0.0,0.0,0.0,0.0,0.0,0.10799687638014005,0.0,0.0,0.0,0.0,0.0,0.0,0.0,0.0,0.0,0.0,0.0,0.0,0.0,0.0,0.0,0.0,0.0,0.0,0.0,0.0,0.0,0.0,0.0,0.0,0.0,0.0,0.17136990619981515,0.0,0.317660934433179,0.0,0.0,0.0,0.0,0.0,0.0,0.0,0.0,0.0,0.0,0.0,0.0,0.0,0.0,0.0
0.7350192850668406,0.5500694819645251,0.4813174110022686,0.5489952067156421,0.7375467501828661,1.0,0.5375648761659074,0.4766027267213611,0.5524503174809438,0.7354879488141781,0.2858582020785527,0.08634764434982381,0.06059183673396216,0.21506715596483658,0.15346150967511066,0.0,0.0,0.0,0.16157815001348663,0.0,0.0,0.0,0.274526826810889,0.14580871033113493,0.0,0.0,0.2159684973513671,0.13234480176249372,0.0,0.03616277253702266,0.25433645899616164,0.252942309051715,0.487466433608242,0.4848320227824113,0.25591294314192636,0.0,0.0,0.0,0.0,0.0,0.0,0.0,0.0,0.2721617077909923,0.0,0.0,0.0,0.0,0.0,0.0,0.0,0.0,0.0,0.0,0.0,0.0,0.0,0.0,0.0,0.0,0.0,0.0,0.0,0.011090476392930473,0.1437845886827744,0.11743427977060006,0.0,0.0,0.0,0.0,0.12979788624046434,0.0,0.2258856881805272,0.0,0.0,0.0,0.0,0.0,0.0,0.0,0.0,0.0,0.0,0.011414235364998563,0.06439142094410454,0.0,0.0,0.0
0.7298227088379995,0.5328046622329051,0.2970991592570496,0.20230104886635863,0.2973096886677903,0.5375648761659074,1.0,0.7368517058927999,0.5418834948160215,0.4701944829968433,0.7308258405712957,0.5451728293009108,0.47640842549614415,0.5430502232838794,0.5198543937065895,0.29351121383393863,0.21182809431200633,0.3047951942362873,0.4078216245772628,0.15352133370915497,0.01735921995749765,0.0714145098828891,0.42080622144030555,0.18622280025484353,0.0,0.0,0.08085236994303568,0.08029759589961692,0.0,0.0,0.37593137527858034,0.0,0.025478021120066283,0.1564243940437198,0.24992043907892023,0.2498155009391308,0.162839118344894,0.03538675363565105,0.0,0.0,0.0,0.0,0.0,0.42478556838152604,0.0,0.0,0.0,0.0,0.0,0.0,0.0,0.0,0.0,0.0,0.0,0.0,0.0,0.0,0.0,0.045022931042367556,0.0,0.0,0.0,0.0,0.1530955545668423,0.2148601193010307,0.0,0.0,0.0,0.0,0.0,0.0,0.0,0.0,0.0,0.0,0.0,0.0,0.0,0.0,0.0,0.0,0.0,0.2133900456009804,0.09156988938658116,0.0,0.0,0.0
0.5455430028325927,0.3053438503201767,0.09638568959003609,0.05775975786592576,0.21494744086951403,0.4766027267213611,0.7368517058927999,1.0,0.7348692653383836,0.5487938631797141,0.5434017393690072,0.47900387651596604,0.5523365526967764,0.7361449390938746,0.2935300948726955,0.08718297906581135,0.05937293097737906,0.21596960507307325,0.17145532594959598,0.0,0.0,0.0,0.22152952731884584,0.0002784323123792863,0.0,0.0,0.0,0.0,0.0,0.0,0.1242700229478432,0.0,0.0,0.2524131302329813,0.4859533709629537,0.4857123570988311,0.2557671391235851,0.0,0.0,0.0,0.0,0.0,0.0,0.27083479930213067,0.0,0.0,0.0,0.0,0.0,0.0,0.0,0.0,0.0,0.0,0.0,0.0,0.0,0.0,0.05921123712969522,0.24854384569583976,0.213086371879277,0.0033302692262580664,0.0,0.031610373002881935,0.2420812944874114,0.3631569847382952,0.0,0.0,0.0,0.0,0.0,0.0,0.0,0.0,0.0,0.0,0.0,0.0,0.0,0.0,0.0,0.0,0.1668010206298388,0.3474131515516772,0.11639298316596622,0.0,0.0,0.0
0.4771735319807129,0.21892172155923523,0.06676455247154899,0.10368523776404756,0.3142064682224575,0.5524503174809438,0.5418834948160215,0.7348692653383836,1.0,0.7479072801072146,0.29988304941485744,0.21396235529964827,0.3124273501582111,0.5431620680952345,0.07141615782102698,0.0,0.0,0.0,0.0,0.0,0.0,0.0,0.10348779605386937,0.0,0.0,0.0,0.0,0.0,0.0,0.0,0.0,0.0,0.1418953686589642,0.4919276312965568,0.6858597137663613,0.3931573658274523,0.036580642585780435,0.0,0.0,0.0,0.0,0.0,0.0,0.16898726641167833,0.0,0.1155842366995325,0.007609290885906335,0.0,0.0,0.0,0.0,0.0,0.0,0.0,0.07608323997849883,0.0,0.0,0.0,0.216500538467331,0.3443365441235536,0.26316782446321213,0.08118647786942115,0.11277321477716995,0.1605057231844052,0.313113998357889,0.40714058707967105,0.0,0.0,0.0,0.0,0.0988776412432261,0.0,0.09054154985408089,0.0,0.19373989222299343,0.0,0.0,0.0,0.0,0.0,0.0,0.0,0.14734717153403698,0.30476171819728226,0.14368748656761401,0.0,0.0,0.0
0.54206584722479,0.3080364316734187,0.21789241687847044,0.30906947325801937,0.5428939343665906,0.7354879488141781,0.4701944829968433,0.5487938631797141,0.7479072801072146,1.0,0.2024445984020898,0.0557220262760264,0.1031154641552907,0.3114714797719802,0.017330416282471794,0.0,0.0,0.0,0.0,0.0,0.0,0.0,0.13018369609217978,0.0,0.0,0.0,0.0,0.020680945834516466,0.0,0.0,0.031558616558657056,0.03311666970243082,0.39212090895359525,0.6859473995062669,0.49262156897038023,0.14238109702705748,0.0,0.0,0.0,0.0,0.0,0.0,0.0,0.17535360985106369,0.0,0.16546379950753048,0.12185860175747401,0.0,0.0,0.0,0.0,0.0,0.0,0.0,0.0,0.0,0.0,0.0,0.1266317559308154,0.1957178149866585,0.062337650588199324,0.0,0.0861480412318551,0.15914695678421092,0.2694321097910276,0.278943953685703,0.0,0.0,0.0,0.011278872263686792,0.2694314621079111,0.0,0.3042650160487422,0.0,0.22133227892826723,0.0,0.0,0.0,0.0,0.0,0.0,0.0,0.0,0.13982646699947604,0.1273370333312841,0.0,0.0,0.0
0.5221579535016674,0.4317462816332353,0.1750702827716615,0.019920146057119423,0.066900004831418,0.2858582020785527,0.7308258405712957,0.5434017393690072,0.29988304941485744,0.2024445984020898,1.0,0.7354338519476323,0.5421458949076714,0.4746586861749269,0.7308329467768322,0.5433930376353535,0.47464914428085736,0.5421408863216477,0.5221856038138054,0.2858862082545408,0.20245917319030465,0.299882920217931,0.4317991158693803,0.17512770389141505,0.019978462472815352,0.06694321845505943,0.012207051647104252,0.012275249897981429,0.0,0.0,0.3754236967367504,0.0,0.0,0.0,0.03131848435134596,0.16110472954312013,0.2491441854496329,0.24914467228733508,0.1610975313961488,0.03130913242218649,0.0,0.0,0.0,0.37546735304668966,0.0,0.0,0.0,0.0,0.0,0.0,0.0,0.0,0.0,0.0,0.0,0.0,0.0,0.0,0.0,0.0,0.0,0.0,0.0,0.0,0.012369461874308403,0.08785087977416094,0.0,0.0,0.0,0.0,0.0,0.0,0.0,0.0,0.0,0.0,0.0,0.0,0.0,0.0,0.0,0.0,0.0,0.13089879941719296,0.0,0.0,0.0,0.0
0.29885224015988876,0.19356136680637542,0.0,0.0,0.0,0.08634764434982381,0.5451728293009108,0.47900387651596604,0.21396235529964827,0.0557220262760264,0.7354338519476323,1.0,0.7361610214488484,0.5513001097073588,0.5451929104932473,0.4790033030149738,0.5512961470075224,0.7361584615212806,0.2988853201207763,0.08636607432010392,0.055728883980126785,0.21395856273320712,0.19361739598469474,0.0,0.0,0.0,0.0,0.0,0.0,0.0,0.15085850979495222,0.0,0.0,0.0,0.0,0.2546606386798202,0.4862197725819566,0.4862216473140121,0.25465757355718144,0.0,0.0,0.0,0.0,0.15092505954842514,0.0,0.0,0.0,0.0,0.0,0.0,0.0,0.0,0.0,0.0,0.0,0.0,0.0,0.0,0.0,0.0,0.0,0.0,0.0,0.0,0.0,0.033879565864544554,0.0,0.0,0.0,0.0,0.0,0.0,0.0,0.0,0.0,0.0,0.0,0.0,0.0,0.0,0.0,0.0,0.0,0.10149127173393845,0.0,0.0,0.0,0.0
0.2148617200522788,0.05026225945412642,0.0,0.0,0.0,0.06059183673396216,0.47640842549614415,0.5523365526967764,0.3124273501582111,0.1031154641552907,0.5421458949076714,0.7361610214488484,1.0,0.7473485527542533,0.3048208877570452,0.21597432146299023,0.31196243743243957,0.5435019505194718,0.083848994704001,0.0,0.0,0.0,0.03285843137505885,0.0,0.0,0.0,0.0,0.0,0.0,0.0,0.0,0.0,0.0,0.0,0.14253170484449032,0.49137964818303537,0.6858858387054677,0.39334235097740505,0.03534911643399618,0.0,0.0,0.0,0.0,0.03758940090335892,0.0,0.0,0.0,0.0,0.0,0.0,0.0,0.0,0.0,0.0,0.0,0.0,0.0,0.0,0.0,0.04237819575318267,0.1175368110357105,0.0,0.0,0.0,0.0,0.137671350519528,0.0,0.0,0.0,0.0,0.0,0.0,0.0,0.0,0.0,0.0,0.0,0.0,0.0,0.0,0.0,0.0,0.1625014478114336,0.19727736295170226,0.0,0.0,0.0,0.0
0.3048844561883051,0.0893521667305144,0.0,0.0,0.0,0.21506715596483658,0.5430502232838794,0.7361449390938746,0.5431620680952345,0.3114714797719802,0.4746586861749269,0.5513001097073588,0.7473485527542533,1.0,0.2118558739847609,0.059380427855772855,0.1027691227164579,0.3119631525232079,0.0383402755180825,0.0,0.0,0.0,0.051125597028236325,0.0,0.0,0.0,0.0,0.0,0.0,0.0,0.0,0.0,0.0,0.03565075105454982,0.394206235396475,0.685912005359857,0.4914738053754067,0.14153758898362465,0.0,0.0,0.0,0.0,0.0,0.0935276603152896,0.0,0.0,0.0,0.0,0.0,0.0,0.0,0.0,0.0,0.0,0.0,0.0,0.0,0.0,0.021008481425445653,0.24668328160636804,0.2994670008692246,0.10372378357268452,0.0,0.0,0.13105953137125245,0.3167272093224545,0.0,0.0,0.0,0.0,0.0,0.0,0.0,0.0,0.0,0.0,0.0,0.0,0.0,0.0,0.0,0.0,0.30550724425167863,0.3404939345814895,0.0,0.0,0.0,0.0
0.4077767028679006,0.4207037022515317,0.18608110934068817,0.0,0.0,0.15346150967511066,0.5198543937065895,0.2935300948726955,0.07141615782102698,0.017330416282471794,0.7308329467768322,0.5451929104932473,0.3048208877570452,0.2118558739847609,1.0,0.7368541843879279,0.5430596221366737,0.4764261334404326,0.7298298234627072,0.5375717041743894,0.47020042303664616,0.5418886869129661,0.5328217500913717,0.2971134495533438,0.20231618832931386,0.2973192758481406,0.08012988968917795,0.08087209911508139,0.0,0.0,0.4247025732820809,0.0,0.0,0.0,0.0,0.0,0.035409189474420094,0.16286127621102367,0.2498239342634051,0.2499226434949474,0.15642841953386918,0.025486598464621722,0.0,0.375940887667558,0.0,0.0,0.0,0.0,0.0,0.0,0.0,0.0,0.0,0.0,0.0,0.0,0.0,0.0,0.0,0.0,0.0,0.0,0.0,0.0,0.0,0.0,0.0,0.0,0.0,0.0,0.0,0.0,0.0,0.0,0.0,0.0,0.0,0.0,0.0,0.0,0.0,0.0,0.0,0.0,0.0,0.0,0.0,0.0
0.17139834187326367,0.22141727215867918,0.00013408178152059708,0.0,0.0,0.0,0.29351121383393863,0.08718297906581135,0.0,0.0,0.5433930376353535,0.4790033030149738,0.21597432146299023,0.059380427855772855,0.7368541843879279,1.0,0.7361435343060977,0.552336891093894,0.5455507897039726,0.47659812141971475,0.54879050436784,0.7348667840568353,0.30535686408213025,0.09638402477281982,0.05774949350474269,0.21493304079988892,0.0,0.0,0.0,0.0,0.27072249294403705,0.0,0.0,0.0,0.0,0.0,0.0,0.255770885715841,0.48571204620172354,0.4859505214807158,0.2524077719996941,0.0,0.0,0.12428583946186038,0.0,0.0,0.0,0.0,0.0,0.0,0.0,0.0,0.0,0.0,0.0,0.0,0.0,0.0,0.0,0.0,0.0,0.0,0.0,0.0,0.0,0.0,0.0,0.0,0.0,0.0,0.0,0.0,0.0,0.0,0.0,0.0,0.0,0.0,0.0,0.0,0.0,0.0,0.0,0.0,0.0,0.0,0.0,0.0
0.03828180375697103,0.05102343096390053,0.0,0.0,0.0,0.0,0.21182809431200633,0.05937293097737906,0.0,0.0,0.47464914428085736,0.5512961470075224,0.31196243743243957,0.1027691227164579,0.5430596221366737,0.7361435343060977,1.0,0.7473476405900833,0.3048958879684013,0.21505555525095454,0.31145578244756333,0.5431442561751302,0.08937274086619941,0.0,0.0,0.0,0.0,0.0,0.0,0.0,0.09341202093277597,0.0,0.0,0.0,0.0,0.0,0.14153603905131834,0.49147615903094494,0.6859137564834819,0.3941831739374137,0.03562948617363557,0.0,0.0,0.0,0.0,0.0,0.0,0.0,0.0,0.0,0.0,0.0,0.0,0.0,0.0,0.0,0.0,0.0,0.0,0.0,0.0,0.0,0.0,0.0,0.0,0.0,0.0,0.0,0.0,0.0,0.0,0.0,0.0,0.0,0.0,0.0,0.0,0.0,0.0,0.0,0.0,0.0,0.0,0.0,0.0,0.0,0.0,0.0
0.0838024526280611,0.03277963194109836,0.0,0.0,0.0,0.0,0.3047951942362873,0.21596960507307325,0.0,0.0,0.5421408863216477,0.7361584615212806,0.5435019505194718,0.3119631525232079,0.4764261334404326,0.552336891093894,0.7473476405900833,1.0,0.21488521520270418,0.060591451050135886,0.10310724514154292,0.31241414521114025,0.05030125338547828,0.0,0.0,0.0,0.0,0.0,0.0,0.0,0.03749343328058183,0.0,0.0,0.0,0.0,0.03535047942795832,0.39334118197050255,0.6858898718203944,0.4913785985862029,0.14250903205465082,0.0,0.0,0.0,0.0,0.0,0.0,0.0,0.0,0.0,0.0,0.0,0.0,0.0,0.0,0.0,0.0,0.0,0.0,0.0,0.0,0.0,0.0,0.0,0.0,0.0,0.0,0.0,0.0,0.0,0.0,0.0,0.0,0.0,0.0,0.0,0.0,0.0,0.0,0.0,0.0,0.0,0.0,0.0,0.0,0.0,0.0,0.0,0.0
0.3838629182803611,0.4315109476837791,0.24900296208105363,0.06556768383015714,0.03188520581411897,0.16157815001348663,0.4078216245772628,0.17145532594959598,0.0,0.0,0.5221856038138054,0.2988853201207763,0.083848994704001,0.0383402755180825,0.7298298234627072,0.5455507897039726,0.3048958879684013,0.21488521520270418,1.0,0.7350230317108085,0.5420716421443998,0.4771839556275151,0.7383153486885485,0.546984175572885,0.47240405761638915,0.5435466278895795,0.15768920494990588,0.30562127072150524,0.006733451910835585,0.07163017722161176,0.3982560089762986,0.0,0.0,0.0,0.0,0.0,0.0,0.0,0.0345565851773793,0.16324434303735916,0.24826869997184003,0.25015184449313166,0.15871082211120965,0.4860059655254522,0.0,0.0,0.0,0.0,0.0,0.0,0.0,0.0,0.0,0.0,0.0,0.0,0.0,0.0,0.0,0.0,0.0,0.0,0.0,0.0,0.0,0.0,0.0,0.0,0.0,0.0,0.0,0.0,0.0,0.0,0.0,0.0,0.0,0.0,0.0,0.0,0.0,0.0,0.0,0.0,0.0,0.0,0.0,0.0
0.16162101545029053,0.2745175816803606,0.14568961103374206,0.0,0.0,0.0,0.15352133370915497,0.0,0.0,0.0,0.2858862082545408,0.08636607432010392,0.0,0.0,0.5375717041743894,0.47659812141971475,0.21505555525095454,0.060591451050135886,0.7350230317108085,1.0,0.7354856496313286,0.55244872729983,0.5500656423558556,0.48131256964170216,0.5489913331883012,0.7375427042355273,0.1321640649420252,0.21596346364078214,0.03592697190261488,0.0,0.2722053582274358,0.0,0.0,0.0,0.0,0.0,0.0,0.0,0.0,0.25590842093900346,0.48482691903384373,0.48746563895466594,0.25294347486472296,0.2543285102200728,0.0,0.0,0.0,0.0,0.0,0.0,0.0,0.0,0.0,0.0,0.0,0.0,0.0,0.0,0.0,0.0,0.0,0.0,0.0,0.0,0.0,0.0,0.0,0.0,0.0,0.0,0.0,0.0,0.0,0.0,0.0,0.0,0.0,0.0,0.0,0.0,0.0,0.0,0.0,0.0,0.0,0.0,0.0,0.0
0.0,0.13013117270481694,0.0,0.0,0.0,0.0,0.01735921995749765,0.0,0.0,0.0,0.20245917319030465,0.055728883980126785,0.0,0.0,0.47020042303664616,0.54879050436784,0.31145578244756333,0.10310724514154292,0.5420716421443998,0.7354856496313286,1.0,0.7479076882250557,0.30803663593407576,0.21788380689369327,0.3090544852665931,0.5428761672993011,0.020476230037909104,0.0,0.0,0.0,0.17533432923419626,0.0,0.0,0.0,0.0,0.0,0.0,0.0,0.14235384630976605,0.49261960274115907,0.6859448395008196,0.3921002649900614,0.03310326235352385,0.03155776193507495,0.0,0.0,0.0,0.0,0.0,0.0,0.0,0.0,0.0,0.0,0.0,0.0,0.0,0.0,0.0,0.0,0.0,0.0,0.0,0.0,0.0,0.0,0.0,0.0,0.0,0.0,0.0,0.0,0.0,0.0,0.0,0.0,0.0,0.0,0.0,0.0,0.0,0.0,0.0,0.0,0.0,0.0,0.0,0.0
0.0,0.10339516111853483,0.0,0.0,0.0,0.0,0.0714145098828891,0.0,0.0,0.0,0.299882920217931,0.21395856273320712,0.0,0.0,0.5418886869129661,0.7348667840568353,0.5431442561751302,0.31241414521114025,0.4771839556275151,0.55244872729983,0.7479076882250557,1.0,0.218931170359065,0.0667595823067037,0.10367028763280611,0.3141885250261339,0.0,0.0,0.0,0.0,0.16890524837077564,0.0,0.0,0.0,0.0,0.0,0.0,0.036565719860685963,0.3931312557341412,0.6858570514992073,0.4919257690650959,0.141871642859038,0.0,0.0,0.0,0.0,0.0,0.0,0.0,0.0,0.0,0.0,0.0,0.0,0.0,0.0,0.0,0.0,0.0,0.0,0.0,0.0,0.0,0.0,0.0,0.0,0.0,0.0,0.0,0.0,0.0,0.0,0.0,0.0,0.0,0.0,0.0,0.0,0.0,0.0,0.0,0.0,0.0,0.0,0.0,0.0,0.0,0.0
0.4315842729637215,0.41278888202511044,0.26241050024013957,0.14571233445027978,0.15233884429515232,0.274526826810889,0.42080622144030555,0.22152952731884584,0.10348779605386937,0.13018369609217978,0.4317991158693803,0.19361739598469474,0.03285843137505885,0.051125597028236325,0.5328217500913717,0.30535686408213025,0.08937274086619941,0.05030125338547828,0.7383153486885485,0.5500656423558556,0.30803663593407576,0.218931170359065,1.0,0.742581947172033,0.5485807947705371,0.48344282079698125,0.1210021370814194,0.5479786942833598,0.0,0.323768943255964,0.2902903622385722,0.0,0.0,0.0,0.0,0.0,0.0,0.0,0.0,0.0,0.03584191083119614,0.16941245535054933,0.2547226035478391,0.6868671156415348,0.0,0.0,0.0,0.0,0.0,0.0,0.0,0.0,0.0,0.0,0.0,0.0,0.0,0.0,0.0,0.0,0.0,0.0,0.0,0.0,0.1494487644708374,0.07414795652681969,0.0,0.0,0.0,0.0,0.0,0.0,0.0,0.0,0.0,0.0,0.0,0.0,0.0,0.0,0.0,0.0,0.0,0.04578453303460385,0.20620787851336136,0.0,0.0,0.0
0.24917525556467007,0.2625380811381517,0.18641565849511293,0.10346253567836332,0.08562290518017748,0.14580871033113493,0.18622280025484353,0.0002784323123792863,0.0,0.0,0.17512770389141505,0.0,0.0,0.0,0.2971134495533438,0.09638402477281982,0.0,0.0,0.546984175572885,0.48131256964170216,0.21788380689369327,0.0667595823067037,0.742581947172033,1.0,0.7375054297729249,0.5546012606001008,0.07709535542109118,0.7344830893186187,0.0,0.491207805178253,0.11990628317288841,0.0,0.0,0.0,0.0,0.0,0.0,0.0,0.0,0.0,0.0,0.258112203253794,0.48503486183656347,0.4926915109016561,0.0,0.0,0.0,0.0,0.0,0.0,0.0,0.0,0.0,0.0,0.0,0.0,0.0,0.0,0.0,0.0,0.0,0.0,0.0,0.0,0.08127136164589063,0.0,0.0,0.0,0.0,0.0,0.0,0.0,0.0,0.0,0.0,0.0,0.0,0.0,0.0,0.0,0.0,0.0,0.0,0.0,0.15913666779603539,0.0,0.0,0.0
0.06576029150996396,0.1458859424128591,0.1035243307226867,0.0,0.0,0.0,0.0,0.0,0.0,0.0,0.019978462472815352,0.0,0.0,0.0,0.20231618832931386,0.05774949350474269,0.0,0.0,0.47240405761638915,0.5489913331883012,0.3090544852665931,0.10367028763280611,0.5485807947705371,0.7375054297729249,1.0,0.7454847549114669,0.06828415429904458,0.5430285868337054,0.0,0.31986212114443263,0.04287372936252599,0.0,0.0,0.0,0.0,0.0,0.0,0.0,0.0,0.0,0.1364664461362631,0.4914749202934836,0.6862571716166457,0.25614715424148443,0.0,0.0,0.0,0.0,0.0,0.0,0.0,0.0,0.0,0.0,0.0,0.0,0.0,0.0,0.0,0.0,0.0,0.0,0.0,0.0,0.0,0.0,0.0,0.0,0.0,0.0,0.0,0.0,0.0,0.0,0.0,0.0,0.0,0.0,0.0,0.0,0.0,0.0,0.0,0.0,0.0,0.0,0.0,0.0
0.032013019045206106,0.15244000248816014,0.08561039006392189,0.0,0.0,0.0,0.0,0.0,0.0,0.0,0.06694321845505943,0.0,0.0,0.0,0.2973192758481406,0.21493304079988892,0.0,0.0,0.5435466278895795,0.7375427042355273,0.5428761672993011,0.3141885250261339,0.48344282079698125,0.5546012606001008,0.7454847549114669,1.0,0.09428231684390043,0.31206389652567057,0.017418861513836884,0.07804229444202794,0.10814885305710742,0.0,0.0,0.0,0.0,0.0,0.0,0.0,0.0,0.037832704034231106,0.3900270868548404,0.6859254854750407,0.489473617271461,0.17053323389832165,0.0,0.0,0.0,0.0,0.0,0.0,0.0,0.0,0.0,0.0,0.0,0.0,0.0,0.0,0.0,0.0,0.0,0.0,0.0,0.0,0.0,0.0,0.0,0.0,0.0,0.0,0.0,0.0,0.0,0.0,0.0,0.0,0.0,0.0,0.0,0.0,0.0,0.0,0.0,0.0,0.0,0.0,0.0,0.0
0.3056126558965604,0.5479752173660223,0.7344834620546918,0.5430375126719921,0.31206912704910184,0.2159684973513671,0.08085236994303568,0.0,0.0,0.0,0.012207051647104252,0.0,0.0,0.0,0.08012988968917795,0.0,0.0,0.0,0.15768920494990588,0.1321640649420252,0.020476230037909104,0.0,0.1210021370814194,0.07709535542109118,0.06828415429904458,0.09428231684390043,1.0,0.0,0.7567248102258683,0.0,0.39975178423594115,0.3893285728817954,0.03550730316421839,0.0,0.0,0.0,0.0,0.0,0.0,0.0,0.0,0.0,0.0,0.0,0.0,0.0,0.0,0.0,0.0,0.0,0.0,0.0,0.0,0.0,0.0,0.0,0.0,0.0,0.0,0.0,0.0,0.0,0.0,0.0,0.0,0.0,0.0,0.0,0.0,0.0,0.0,0.0,0.0,0.0,0.0,0.0,0.0,0.0,0.0,0.0,0.0,0.0,0.0,0.0,0.0,0.0,0.0,0.0
0.15790354892347858,0.12116841109019016,0.07714884391156653,0.06827688922962692,0.09435469860287146,0.13234480176249372,0.08029759589961692,0.0,0.0,0.020680945834516466,0.012275249897981429,0.0,0.0,0.0,0.08087209911508139,0.0,0.0,0.0,0.30562127072150524,0.21596346364078214,0.0,0.0,0.5479786942833598,0.7344830893186187,0.5430285868337054,0.31206389652567057,0.0,1.0,0.0,0.7567231556446239,0.0,0.0,0.0,0.0,0.0,0.0,0.0,0.0,0.0,0.0,0.0,0.035501137042064944,0.3893178660356878,0.39975764222751636,0.0,0.0,0.0,0.0,0.0,0.0,0.0,0.0,0.0,0.0,0.0,0.0,0.0,0.0,0.0,0.0,0.0,0.0,0.0,0.09059979049609451,0.2065899190757604,0.022340702163499558,0.0,0.0,0.0,0.15801883133328404,0.0,0.0,0.0,0.0,0.0,0.0,0.0,0.0,0.0,0.0,0.0,0.0,0.0,0.0,0.28165110603635174,0.2212630054101256,0.0,0.0
0.07161744875667868,0.3237587500273561,0.49120986503864006,0.31988086868216237,0.07805551962297617,0.0,0.0,0.0,0.0,0.0,0.0,0.0,0.0,0.0,0.0,0.0,0.0,0.0,0.006733451910835585,0.03592697190261488,0.0,0.0,0.0,0.0,0.0,0.017418861513836884,0.7567248102258683,0.0,1.0,0.0,0.2331204732836465,0.22327104320780514,0.0,0.0,0.0,0.0,0.0,0.0,0.0,0.0,0.0,0.0,0.0,0.0,0.0,0.0,0.0,0.0,0.0,0.0,0.0,0.0,0.0,0.0,0.0,0.0,0.0,0.0,0.0,0.0,0.0,0.0,0.0,0.0,0.0,0.0,0.0,0.0,0.0,0.0,0.0,0.0,0.0,0.0,0.0,0.0,0.0,0.0,0.0,0.0,0.0,0.0,0.0,0.0,0.0,0.0,0.0,0.0
0.0069802525877719025,0.0,0.0,0.0,0.017554047707623647,0.03616277253702266,0.0,0.0,0.0,0.0,0.0,0.0,0.0,0.0,0.0,0.0,0.0,0.0,0.07163017722161176,0.0,0.0,0.0,0.323768943255964,0.491207805178253,0.31986212114443263,0.07804229444202794,0.0,0.7567231556446239,0.0,1.0,0.0,0.0,0.0,0.0,0.0,0.0,0.0,0.0,0.0,0.0,0.0,0.0,0.22324025847443557,0.23314280914453345,0.0,0.0,0.0,0.0,0.0,0.0,0.0,0.0,0.0,0.0,0.0,0.0,0.0,0.0,0.0,0.0,0.0,0.0,0.0,0.17873119017264627,0.23660148039159937,0.0029216048119768403,0.0,0.0,0.10895408708144631,0.30392472256583813,0.0,0.0,0.0,0.0,0.0,0.0,0.0,0.0,0.0,0.0,0.0,0.0,0.0,0.0,0.293449761634481,0.38268633866822,0.0,0.0
0.486011544526251,0.6868712758818021,0.4926984445994399,0.25615472061024014,0.17054053252549128,0.25433645899616164,0.37593137527858034,0.1242700229478432,0.0,0.031558616558657056,0.3754236967367504,0.15085850979495222,0.0,0.0,0.4247025732820809,0.27072249294403705,0.09341202093277597,0.03749343328058183,0.3982560089762986,0.2722053582274358,0.17533432923419626,0.16890524837077564,0.2902903622385722,0.11990628317288841,0.04287372936252599,0.10814885305710742,0.39975178423594115,0.0,0.2331204732836465,0.0,1.0,0.0,0.0,0.0,0.0,0.0,0.0,0.0,0.0,0.0,0.0,0.0,0.0,0.16704403057207118,0.0,0.0,0.0,0.0,0.0,0.0,0.0,0.0,0.0,0.0,0.0,0.0,0.0,0.0,0.0,0.0,0.0,0.0,0.0,0.0,0.0,0.0,0.0,0.0,0.0,0.0,0.0,0.0,0.0,0.0,0.0,0.0,0.0,0.0,0.0,0.0,0.0,0.0,0.0,0.0,0.0,0.0,0.0,0.0
0.15869675546768985,0.25472141660198944,0.4850309818644327,0.6862519754642477,0.48946821206647,0.252942309051715,0.0,0.0,0.0,0.03311666970243082,0.0,0.0,0.0,0.0,0.0,0.0,0.0,0.0,0.0,0.0,0.0,0.0,0.0,0.0,0.0,0.0,0.3893285728817954,0.0,0.22327104320780514,0.0,0.0,1.0,0.4066978981577381,0.0,0.0,0.0,0.0,0.0,0.0,0.0,0.0,0.0,0.0,0.0,0.0,0.0,0.0,0.0,0.0,0.0,0.0,0.0,0.0,0.0,0.0,0.0,0.0,0.0,0.0,0.0,0.0,0.0,0.0,0.0,0.0,0.0,0.0,0.0,0.0,0.0,0.0,0.0,0.0,0.0,0.0,0.0,0.0,0.0,0.0,0.0,0.0,0.0,0.0,0.0,0.0,0.0,0.0,0.0
0.25014431044995555,0.16941422758269498,0.2581119393323039,0.49147424701380893,0.685924344202813,0.487466433608242,0.025478021120066283,0.0,0.1418953686589642,0.39212090895359525,0.0,0.0,0.0,0.0,0.0,0.0,0.0,0.0,0.0,0.0,0.0,0.0,0.0,0.0,0.0,0.0,0.03550730316421839,0.0,0.0,0.0,0.0,0.4066978981577381,1.0,0.41914363684581235,0.0,0.0,0.0,0.0,0.0,0.0,0.0,0.0,0.0,0.0,0.0,0.0,0.0,0.0,0.0,0.0,0.0,0.0,0.0,0.0,0.0,0.0,0.0,0.0,0.0,0.0,0.0,0.0,0.0,0.0,0.0,0.0,0.0,0.0,0.0,0.0,0.2907664825071,0.0,0.49856110217009625,0.0,0.0,0.0,0.0,0.0,0.0,0.0,0.0,0.0,0.0,0.0,0.0,0.0,0.0,0.0
0.24826701805943174,0.03584885173075182,0.0,0.1364905585131627,0.3900521789942595,0.4848320227824113,0.1564243940437198,0.2524131302329813,0.4919276312965568,0.6859473995062669,0.0,0.0,0.0,0.03565075105454982,0.0,0.0,0.0,0.0,0.0,0.0,0.0,0.0,0.0,0.0,0.0,0.0,0.0,0.0,0.0,0.0,0.0,0.0,0.41914363684581235,1.0,0.40868170748700494,0.0,0.0,0.0,0.0,0.0,0.0,0.0,0.0,0.0,0.0,0.27458719047437036,0.2552994557979671,0.0,0.0,0.0,0.0,0.0,0.0,0.0,0.0,0.0,0.0,0.0,0.06761963598151201,0.07692563665851905,0.0,0.0,0.03937244062008852,0.08921092549631704,0.14896220340508903,0.12945576978144718,0.0,0.0,0.0,0.0,0.45132407039763695,0.0,0.47357302645892596,0.0,0.31414186887251405,0.0,0.0,0.0,0.0,0.0,0.0,0.0,0.0,0.0,0.0,0.0,0.0,0.0
0.1632359070296768,0.0,0.0,0.0,0.037857793226205284,0.25591294314192636,0.24992043907892023,0.4859533709629537,0.6858597137663613,0.49262156897038023,0.03131848435134596,0.0,0.14253170484449032,0.394206235396475,0.0,0.0,0.0,0.0,0.0,0.0,0.0,0.0,0.0,0.0,0.0,0.0,0.0,0.0,0.0,0.0,0.0,0.0,0.0,0.40868170748700494,1.0,0.4256322206891612,0.0,0.0,0.0,0.0,0.0,0.0,0.0,0.0,0.0,0.13560051122220865,0.0,0.0,0.0,0.0,0.0,0.0,0.0,0.0,0.16864969894610377,0.08829563945164753,0.0,0.0,0.2986680977965028,0.4449570251581034,0.3776548558107847,0.18326639795559493,0.10271788998812129,0.08736413565681853,0.24245270188577678,0.4174974924325067,0.0,0.0,0.0,0.0,0.0,0.0,0.0,0.0,0.23452932326579823,0.0,0.0,0.0,0.0,0.0,0.0,0.0,0.18669412250641784,0.24496411864972803,0.0,0.0,0.0,0.0
0.034549787751084374,0.0,0.0,0.0,0.0,0.0,0.2498155009391308,0.4857123570988311,0.3931573658274523,0.14238109702705748,0.16110472954312013,0.2546606386798202,0.49137964818303537,0.685912005359857,0.0,0.0,0.0,0.03535047942795832,0.0,0.0,0.0,0.0,0.0,0.0,0.0,0.0,0.0,0.0,0.0,0.0,0.0,0.0,0.0,0.0,0.4256322206891612,1.0,0.4065338032563368,0.0,0.0,0.0,0.0,0.0,0.0,0.0,0.0,0.0,0.0,0.0,0.0,0.0,0.0,0.0,0.0,0.0,0.0,0.0,0.0,0.0,0.0006724746451753364,0.28196295085490064,0.41691708829415297,0.2056238833015311,0.0,0.0,0.0,0.2780228825717471,0.0,0.0,0.0,0.0,0.0,0.0,0.0,0.0,0.0,0.0,0.0,0.0,0.0,0.0,0.0,0.0014497685251914833,0.411507169435934,0.267319979665274,0.0,0.0,0.0,0.0
0.0,0.0,0.0,0.0,0.0,0.0,0.162839118344894,0.2557671391235851,0.036580642585780435,0.0,0.2491441854496329,0.4862197725819566,0.6858858387054677,0.4914738053754067,0.035409189474420094,0.0,0.14153603905131834,0.39334118197050255,0.0,0.0,0.0,0.0,0.0,0.0,0.0,0.0,0.0,0.0,0.0,0.0,0.0,0.0,0.0,0.0,0.0,0.4065338032563368,1.0,0.42403613693710157,0.0,0.0,0.0,0.0,0.0,0.0,0.0,0.0,0.0,0.0,0.0,0.0,0.0,0.0,0.0,0.0,0.0,0.0,0.0,0.0,0.0,0.0,0.0,0.0,0.0,0.0,0.0,0.0,0.0,0.0,0.0,0.0,0.0,0.0,0.0,0.0,0.0,0.0,0.0,0.0,0.0,0.0,0.0,0.0,0.03961924322335463,0.0,0.0,0.0,0.0,0.0
0.0,0.0,0.0,0.0,0.0,0.0,0.03538675363565105,0.0,0.0,0.0,0.24914467228733508,0.4862216473140121,0.39334235097740505,0.14153758898362465,0.16286127621102367,0.255770885715841,0.49147615903094494,0.6858898718203944,0.0,0.0,0.0,0.036565719860685963,0.0,0.0,0.0,0.0,0.0,0.0,0.0,0.0,0.0,0.0,0.0,0.0,0.0,0.0,0.42403613693710157,1.0,0.4065324070792949,0.0,0.0,0.0,0.0,0.0,0.0,0.0,0.0,0.0,0.0,0.0,0.0,0.0,0.0,0.0,0.0,0.0,0.0,0.0,0.0,0.0,0.0,0.0,0.0,0.0,0.0,0.0,0.0,0.0,0.0,0.0,0.0,0.0,0.0,0.0,0.0,0.0,0.0,0.0,0.0,0.0,0.0,0.0,0.0,0.0,0.0,0.0,0.0,0.0
0.0,0.0,0.0,0.0,0.0,0.0,0.0,0.0,0.0,0.0,0.1610975313961488,0.25465757355718144,0.03534911643399618,0.0,0.2498239342634051,0.48571204620172354,0.6859137564834819,0.4913785985862029,0.0345565851773793,0.0,0.14235384630976605,0.3931312557341412,0.0,0.0,0.0,0.0,0.0,0.0,0.0,0.0,0.0,0.0,0.0,0.0,0.0,0.0,0.0,0.4065324070792949,1.0,0.4255876537388032,0.0,0.0,0.0,0.0,0.0,0.0,0.0,0.0,0.0,0.0,0.0,0.0,0.0,0.0,0.0,0.0,0.0,0.0,0.0,0.0,0.0,0.0,0.0,0.0,0.0,0.0,0.0,0.0,0.0,0.0,0.0,0.0,0.0,0.0,0.0,0.0,0.0,0.0,0.0,0.0,0.0,0.0,0.0,0.0,0.0,0.0,0.0,0.0
0.0,0.0,0.0,0.0,0.0,0.0,0.0,0.0,0.0,0.0,0.03130913242218649,0.0,0.0,0.0,0.2499226434949474,0.4859505214807158,0.3941831739374137,0.14250903205465082,0.16324434303735916,0.25590842093900346,0.49261960274115907,0.6858570514992073,0.0,0.0,0.0,0.037832704034231106,0.0,0.0,0.0,0.0,0.0,0.0,0.0,0.0,0.0,0.0,0.0,0.0,0.4255876537388032,1.0,0.40867814767010663,0.0,0.0,0.0,0.0,0.0,0.0,0.0,0.0,0.0,0.0,0.0,0.0,0.0,0.0,0.0,0.0,0.0,0.0,0.0,0.0,0.0,0.0,0.0,0.0,0.0,0.0,0.0,0.0,0.0,0.0,0.0,0.0,0.0,0.0,0.0,0.0,0.0,0.0,0.0,0.0,0.0,0.0,0.0,0.0,0.0,0.0,0.0
0.0,0.0,0.0,0.0,0.0,0.0,0.0,0.0,0.0,0.0,0.0,0.0,0.0,0.0,0.15642841953386918,0.2524077719996941,0.03562948617363557,0.0,0.24826869997184003,0.48482691903384373,0.6859448395008196,0.4919257690650959,0.03584191083119614,0.0,0.1364664461362631,0.3900270868548404,0.0,0.0,0.0,0.0,0.0,0.0,0.0,0.0,0.0,0.0,0.0,0.0,0.0,0.40867814767010663,1.0,0.41910284776663154,0.0,0.0,0.0,0.0,0.0,0.0,0.0,0.0,0.0,0.0,0.0,0.0,0.0,0.0,0.0,0.0,0.0,0.0,0.0,0.0,0.0,0.0,0.0,0.0,0.0,0.0,0.0,0.0,0.0,0.0,0.0,0.0,0.0,0.0,0.0,0.0,0.0,0.0,0.0,0.0,0.0,0.0,0.0,0.0,0.0,0.0
0.0,0.0,0.0,0.0,0.0,0.0,0.0,0.0,0.0,0.0,0.0,0.0,0.0,0.0,0.025486598464621722,0.0,0.0,0.0,0.25015184449313166,0.48746563895466594,0.3921002649900614,0.141871642859038,0.16941245535054933,0.258112203253794,0.4914749202934836,0.6859254854750407,0.0,0.035501137042064944,0.0,0.0,0.0,0.0,0.0,0.0,0.0,0.0,0.0,0.0,0.0,0.0,0.41910284776663154,1.0,0.40670180847260673,0.0,0.0,0.0,0.0,0.0,0.0,0.0,0.0,0.0,0.0,0.0,0.0,0.0,0.0,0.0,0.0,0.0,0.0,0.0,0.0,0.0,0.0,0.0,0.0,0.0,0.0,0.0,0.0,0.0,0.0,0.0,0.0,0.0,0.0,0.0,0.0,0.0,0.0,0.0,0.0,0.0,0.0,0.0,0.0,0.0
0.0,0.0,0.0,0.0,0.0,0.0,0.0,0.0,0.0,0.0,0.0,0.0,0.0,0.0,0.0,0.0,0.0,0.0,0.15871082211120965,0.25294347486472296,0.03310326235352385,0.0,0.2547226035478391,0.48503486183656347,0.6862571716166457,0.489473617271461,0.0,0.3893178660356878,0.0,0.22324025847443557,0.0,0.0,0.0,0.0,0.0,0.0,0.0,0.0,0.0,0.0,0.0,0.40670180847260673,1.0,0.0,0.0,0.0,0.0,0.0,0.0,0.0,0.0,0.0,0.0,0.0,0.0,0.0,0.0,0.0,0.0,0.0,0.0,0.0,0.0,0.0,0.0,0.0,0.0,0.0,0.0,0.0,0.0,0.0,0.0,0.0,0.0,0.0,0.0,0.0,0.0,0.0,0.0,0.0,0.0,0.0,0.0,0.0,0.0,0.0
0.39827533475128907,0.2902328211195961,0.11974035307810776,0.04266063155826458,0.10799687638014005,0.2721617077909923,0.42478556838152604,0.27083479930213067,0.16898726641167833,0.17535360985106369,0.37546735304668966,0.15092505954842514,0.03758940090335892,0.0935276603152896,0.375940887667558,0.12428583946186038,0.0,0.0,0.4860059655254522,0.2543285102200728,0.03155776193507495,0.0,0.6868671156415348,0.4926915109016561,0.25614715424148443,0.17053323389832165,0.0,0.39975764222751636,0.0,0.23314280914453345,0.16704403057207118,0.0,0.0,0.0,0.0,0.0,0.0,0.0,0.0,0.0,0.0,0.0,0.0,1.0,0.0,0.0,0.0,0.0,0.0,0.0,0.0,0.0,0.0,0.0,0.0,0.0,0.0,0.0,0.0,0.0,0.0,0.0,0.0,0.0,0.277011903072608,0.19844081989916024,0.0,0.0,0.0,0.0,0.0,0.0,0.0,0.0,0.0,0.0,0.0,0.0,0.0,0.0,0.0,0.0,0.0,0.1534551368836323,0.32536331151712533,0.0,0.0,0.0
0.0,0.0,0.0,0.0,0.0,0.0,0.0,0.0,0.0,0.0,0.0,0.0,0.0,0.0,0.0,0.0,0.0,0.0,0.0,0.0,0.0,0.0,0.0,0.0,0.0,0.0,0.0,0.0,0.0,0.0,0.0,0.0,0.0,0.0,0.0,0.0,0.0,0.0,0.0,0.0,0.0,0.0,0.0,0.0,1.0,0.7383116996155671,0.5469784673978506,0.47239521825317077,0.5435398626687887,0.7350192850668402,0.7298227088379995,0.5455430028325925,0.47717353198071266,0.5420658472247905,0.5221579535016674,0.29885224015988876,0.21486172005227896,0.3048844561883051,0.4077767028679007,0.1713983418732635,0.03828180375697119,0.08380245262806094,0.3838629182803611,0.16162101545029053,0.0,0.0,0.4315842729637215,0.2491752555646699,0.06576029150996412,0.032013019045206106,0.3056126558965604,0.15790354892347858,0.07161744875667868,0.0069802525877719025,0.48601154452625117,0.15869675546768994,0.2501443104499557,0.24826701805943174,0.16323590702967714,0.034549787751084374,0.0,0.0,0.0,0.0,0.0,0.0,0.0,0.39827533475128907
0.0,0.0,0.0,0.0,0.0,0.0,0.0,0.0,0.1155842366995325,0.16546379950753048,0.0,0.0,0.0,0.0,0.0,0.0,0.0,0.0,0.0,0.0,0.0,0.0,0.0,0.0,0.0,0.0,0.0,0.0,0.0,0.0,0.0,0.0,0.0,0.27458719047437036,0.13560051122220865,0.0,0.0,0.0,0.0,0.0,0.0,0.0,0.0,0.0,0.7383116996155671,1.0,0.742585755508267,0.5485844359642998,0.4834460015020053,0.5500694819645249,0.5328046622329051,0.30534385032017664,0.21892172155923506,0.3080364316734192,0.4317462816332353,0.19356136680637542,0.05026225945412659,0.0893521667305144,0.4207037022515317,0.221417272158679,0.05102343096390053,0.03277963194109836,0.4315109476837791,0.27451758168036056,0.13013117270481694,0.10339516111853483,0.41278888202511044,0.2625380811381518,0.1458859424128591,0.15244000248816014,0.5479752173660221,0.12116841109019033,0.32375875002735593,0.0,0.6868712758818021,0.2547214166019893,0.1694142275826954,0.03584885173075215,0.0,0.0,0.0,0.0,0.0,0.0,0.0,0.0,0.0,0.29023282111959614
0.0,0.0,0.0,0.0,0.0,0.0,0.0,0.0,0.007609290885906335,0.12185860175747401,0.0,0.0,0.0,0.0,0.0,0.0,0.0,0.0,0.0,0.0,0.0,0.0,0.0,0.0,0.0,0.0,0.0,0.0,0.0,0.0,0.0,0.0,0.0,0.2552994557979671,0.0,0.0,0.0,0.0,0.0,0.0,0.0,0.0,0.0,0.0,0.5469784673978506,0.742585755508267,1.0,0.7375064638126808,0.5546019767539502,0.4813174110022682,0.29709915925704944,0.09638568959003575,0.06676455247154865,0.2178924168784706,0.1750702827716615,0.0,0.0,0.0,0.18608110934068833,0.00013408178152059708,0.0,0.0,0.2490029620810538,0.14568961103374223,0.0,0.0,0.2624105002401395,0.18641565849511293,0.1035243307226867,0.08561039006392189,0.7344834620546921,0.07714884391156653,0.4912098650386403,0.0,0.49269844459944007,0.4850309818644325,0.258111939332304,0.0,0.0,0.0,0.0,0.0,0.0,0.0,0.0,0.0,0.0,0.11974035307810776
0.0,0.0,0.0,0.0,0.0,0.0,0.0,0.0,0.0,0.0,0.0,0.0,0.0,0.0,0.0,0.0,0.0,0.0,0.0,0.0,0.0,0.0,0.0,0.0,0.0,0.0,0.0,0.0,0.0,0.0,0.0,0.0,0.0,0.0,0.0,0.0,0.0,0.0,0.0,0.0,0.0,0.0,0.0,0.0,0.47239521825317077,0.5485844359642998,0.7375064638126808,1.0,0.7454839622923982,0.5489952067156418,0.20230104886635847,0.0577597578659256,0.10368523776404741,0.3090694732580196,0.019920146057119423,0.0,0.0,0.0,0.0,0.0,0.0,0.0,0.06556768383015714,0.0,0.0,0.0,0.14571233445027978,0.10346253567836332,0.0,0.0,0.5430375126719921,0.06827688922962692,0.31988086868216237,0.0,0.25615472061024025,0.6862519754642478,0.49147424701380926,0.1364905585131627,0.0,0.0,0.0,0.0,0.0,0.0,0.0,0.0,0.0,0.04266063155826458
0.0,0.0,0.0,0.0,0.0,0.0,0.0,0.0,0.0,0.0,0.0,0.0,0.0,0.0,0.0,0.0,0.0,0.0,0.0,0.0,0.0,0.0,0.0,0.0,0.0,0.0,0.0,0.0,0.0,0.0,0.0,0.0,0.0,0.0,0.0,0.0,0.0,0.0,0.0,0.0,0.0,0.0,0.0,0.0,0.5435398626687887,0.4834460015020053,0.5546019767539502,0.7454839622923982,1.0,0.7375467501828661,0.2973096886677903,0.21494744086951403,0.3142064682224575,0.542893934366591,0.06690000483141784,0.0,0.0,0.0,0.0,0.0,0.0,0.0,0.03188520581411897,0.0,0.0,0.0,0.15233884429515215,0.08562290518017732,0.0,0.0,0.3120691270491016,0.09435469860287146,0.07805551962297584,0.017554047707623813,0.1705405325254912,0.48946821206647,0.6859243442028136,0.3900521789942598,0.03785779322620561,0.0,0.0,0.0,0.0,0.0,0.0,0.0,0.0,0.10799687638013988
0.0,0.0,0.0,0.0,0.0,0.0,0.0,0.0,0.0,0.0,0.0,0.0,0.0,0.0,0.0,0.0,0.0,0.0,0.0,0.0,0.0,0.0,0.0,0.0,0.0,0.0,0.0,0.0,0.0,0.0,0.0,0.0,0.0,0.0,0.0,0.0,0.0,0.0,0.0,0.0,0.0,0.0,0.0,0.0,0.7350192850668402,0.5500694819645249,0.4813174110022682,0.5489952067156418,0.7375467501828661,1.0,0.5375648761659074,0.4766027267213611,0.5524503174809438,0.7354879488141787,0.28585820207855256,0.08634764434982364,0.06059183673396216,0.21506715596483658,0.15346150967511052,0.0,0.0,0.0,0.16157815001348647,0.0,0.0,0.0,0.2745268268108889,0.14580871033113477,0.0,0.0,0.21596849735136678,0.13234480176249372,0.0,0.03616277253702266,0.2543364589961614,0.252942309051715,0.4874664336082422,0.48483202278241155,0.2559129431419268,0.0,0.0,0.0,0.0,0.0,0.0,0.0,0.0,0.2721617077909922
0.0,0.0,0.0,0.0,0.0,0.0,0.0,0.0,0.0,0.0,0.0,0.0,0.0,0.0,0.0,0.0,0.0,0.0,0.0,0.0,0.0,0.0,0.0,0.0,0.0,0.0,0.0,0.0,0.0,0.0,0.0,0.0,0.0,0.0,0.0,0.0,0.0,0.0,0.0,0.0,0.0,0.0,0.0,0.0,0.7298227088379995,0.5328046622329051,0.29709915925704944,0.20230104886635847,0.2973096886677903,0.5375648761659074,1.0,0.7368517058927999,0.5418834948160215,0.4701944829968438,0.7308258405712955,0.5451728293009106,0.47640842549614426,0.5430502232838795,0.5198543937065895,0.29351121383393824,0.21182809431200617,0.30479519423628704,0.40782162457726256,0.1535213337091548,0.01735921995749765,0.07141450988288893,0.4208062214403055,0.18622280025484336,0.0,0.0,0.08085236994303537,0.08029759589961692,0.0,0.0,0.37593137527858017,0.0,0.025478021120066613,0.15642439404372013,0.2499204390789209,0.24981550093913096,0.162839118344894,0.035386753635650886,0.0,0.0,0.0,0.0,0.0,0.42478556838152604
0.0,0.0,0.0,0.0,0.0,0.0,0.0,0.0,0.0,0.0,0.0,0.0,0.0,0.0,0.0,0.0,0.0,0.0,0.0,0.0,0.0,0.0,0.0,0.0,0.0,0.0,0.0,0.0,0.0,0.0,0.0,0.0,0.0,0.0,0.0,0.0,0.0,0.0,0.0,0.0,0.0,0.0,0.0,0.0,0.5455430028325925,0.30534385032017664,0.09638568959003575,0.0577597578659256,0.21494744086951403,0.4766027267213611,0.7368517058927999,1.0,0.7348692653383836,0.5487938631797143,0.5434017393690068,0.47900387651596577,0.5523365526967762,0.7361449390938747,0.2935300948726953,0.08718297906581102,0.05937293097737906,0.21596960507307292,0.17145532594959564,0.0,0.0,0.0,0.22152952731884584,0.0002784323123791218,0.0,0.0,0.0,0.0,0.0,0.0,0.12427002294784303,0.0,0.0,0.25241313023298156,0.4859533709629544,0.48571235709883126,0.2557671391235851,0.0,0.0,0.0,0.0,0.0,0.0,0.2708347993021305
0.0,0.0,0.0,0.0,0.0,0.0,0.0,0.0,0.0,0.0,0.0,0.0,0.0,0.0,0.0,0.0,0.0,0.0,0.0,0.0,0.0,0.0,0.0,0.0,0.0,0.0,0.0,0.0,0.0,0.0,0.0,0.0,0.0,0.0,0.0,0.0,0.0,0.0,0.0,0.0,0.0,0.0,0.0,0.0,0.47717353198071266,0.21892172155923506,0.06676455247154865,0.10368523776404741,0.3142064682224575,0.5524503174809438,0.5418834948160215,0.7348692653383836,1.0,0.7479072801072145,0.2998830494148571,0.2139623552996481,0.3124273501582107,0.5431620680952344,0.07141615782102681,0.0,0.0,0.0,0.0,0.0,0.0,0.0,0.10348779605386937,0.0,0.0,0.0,0.0,0.0,0.0,0.0,0.0,0.0,0.14189536865896404,0.49192763129655687,0.685859713766362,0.3931573658274523,0.036580642585780435,0.0,0.0,0.0,0.0,0.0,0.0,0.16898726641167808
0.0,0.0,0.0,0.0,0.0,0.0,0.0,0.0,0.0,0.0,0.0,0.0,0.0,0.0,0.0,0.0,0.0,0.0,0.0,0.0,0.0,0.0,0.0,0.0,0.0,0.0,0.0,0.0,0.0,0.0,0.0,0.0,0.0,0.0,0.0,0.0,0.0,0.0,0.0,0.0,0.0,0.0,0.0,0.0,0.5420658472247905,0.3080364316734192,0.2178924168784706,0.3090694732580196,0.542893934366591,0.7354879488141787,0.4701944829968438,0.5487938631797143,0.7479072801072145,1.0,0.20244459840208998,0.055722026276026564,0.1031154641552907,0.31147147977198025,0.01733041628247229,0.0,0.0,0.0,0.0,0.0,0.0,0.0,0.1301836960921801,0.0,0.0,0.0,0.0,0.020680945834516466,0.0,0.0,0.03155861655865755,0.03311666970243115,0.39212090895359525,0.6859473995062666,0.49262156897038023,0.14238109702705748,0.0,0.0,0.0,0.0,0.0,0.0,0.0,0.17535360985106385
