1.0,0.738311699615567,0.5469784673978507,0.47239521825317077,0.5435398626687888,0.7350192850668406,0.7298227088379995,0.5455430028325927,0.4771735319807129,0.54206584722479,0.5221579535016674,0.29885224015988876,0.2148617200522788,0.3048844561883051,0.4077767028679006,0.17139834187326367,0.03828180375697103,0.0838024526280611,0.3838629182803611,0.16162101545029053,0.0,0.0,0.4315842729637215,0.24917525556467007,0.06576029150996396,0.032013019045206106,0.3056126558965604,0.15790354892347858,0.07161744875667868,0.0069802525877719025,0.486011544526251,0.15869675546768985,0.25014431044995555,0.24826701805943174,0.1632359070296768,0.034549787751084374,0.0,0.0,0.0,0.0,0.0,0.0,0.0,0.39827533475128907,0.0,0.0,0.0,0.0,0.0,0.0,0.0,0.0,0.0,0.0,0.0,0.0,0.0,0.0,0.0,0.0,0.0,0.0,0.0,0.0,0.0,0.0,0.0,0.0,0.0,0.0,0.0,0.0,0.0,0.0,0.0,0.0,0.0,0.0,0.0,0.0,0.0,0.0,0.0,0.0,0.0,0.0,0.0,0.0
0.738311699615567,1.0,0.742585755508267,0.5485844359642998,0.4834460015020054,0.5500694819645251,0.5328046622329051,0.3053438503201767,0.21892172155923523,0.3080364316734187,0.4317462816332353,0.19356136680637542,0.05026225945412642,0.0893521667305144,0.4207037022515317,0.22141727215867918,0.05102343096390053,0.03277963194109836,0.4315109476837791,0.2745175816803606,0.13013117270481694,0.10339516111853483,0.41278888202511044,0.2625380811381517,0.1458859424128591,0.15244000248816014,0.5479752173660223,0.12116841109019016,0.3237587500273561,0.0,0.6868712758818021,0.25472141660198944,0.16941422758269498,0.03584885173075182,0.0,0.0,0.0,0.0,0.0,0.0,0.0,0.0,0.0,0.2902328211195961,0.0,0.0,0.0,0.0,0.0,0.0,0.0,0.0,0.0,0.0,0.0,0.0,0.0,0.0,0.0,0.0,0.0,0.0,0.0,0.0,0.0,0.0,0.0,0.0,0.0,0.0,0.0,0.0,0.0,0.0,0.0,0.0,0.0,0.0,0.0,0.0,0.0,0.0,0.0,0.0,0.0,0.0,0.0,0.0
0.5469784673978507,0.742585755508267,1.0,0.7375064638126809,0.5546019767539507,0.4813174110022686,0.2970991592570496,0.09638568959003609,0.06676455247154899,0.21789241687847044,0.1750702827716615,0.0,0.0,0.0,0.18608110934068817,0.00013408178152059708,0.0,0.0,0.24900296208105363,0.14568961103374206,0.0,0.0,0.26241050024013957,0.18641565849511293,0.1035243307226867,0.08561039006392189,0.7344834620546918,0.07714884391156653,0.49120986503864006,0.0,0.4926984445994399,0.4850309818644327,0.2581119393323039,0.0,0.0,0.0,0.0,0.0,0.0,0.0,0.0,0.0,0.0,0.11974035307810776,0.0,0.0,0.0,0.0,0.0,0.0,0.0,0.0,0.0,0.0,0.0,0.0,0.0,0.0,0.0,0.0,0.0,0.0,0.0,0.0,0.0,0.0,0.0,0.0,0.0,0.0,0.0,0.0,0.0,0.0,0.0,0.0,0.0,0.0,0.0,0.0,0.0,0.0,0.0,0.0,0.0,0.0,0.0,0.0
0.47239521825317077,0.5485844359642998,0.7375064638126809,1.0,0.7454839622923985,0.5489952067156421,0.20230104886635863,0.05775975786592576,0.10368523776404756,0.30906947325801937,0.019920146057119423,0.0,0.0,0.0,0.0,0.0,0.0,0.0,0.06556768383015714,0.0,0.0,0.0,0.14571233445027978,0.10346253567836332,0.0,0.0,0.5430375126719921,0.06827688922962692,0.31988086868216237,0.0,0.25615472061024014,0.6862519754642477,0.49147424701380893,0.1364905585131627,0.0,0.0,0.0,0.0,0.0,0.0,0.0,0.0,0.0,0.04266063155826458,0.0,0.0,0.0,0.0,0.0,0.0,0.0,0.0,0.0,0.0,0.0,0.0,0.0,0.0,0.0,0.0,0.0,0.0,0.0,0.0,0.0,0.0,0.0,0.0,0.0,0.0,0.0,0.0,0.0,0.0,0.0,0.0,0.0,0.0,0.0,0.0,0.0,0.0,0.0,0.0,0.0,0.0,0.0,0.0
0.5435398626687888,0.4834460015020054,0.5546019767539507,0.7454839622923985,1.0,0.7375467501828661,0.2973096886677903,0.21494744086951403,0.3142064682224575,0.5428939343665906,0.066900004831418,0.0,0.0,0.0,0.0,0.0,0.0,0.0,0.03188520581411897,0.0,0.0,0.0,0.15233884429515232,0.08562290518017748,0.0,0.0,0.31206912704910184,0.09435469860287146,0.07805551962297617,0.017554047707623647,0.17054053252549128,0.48946821206647,0.685924344202813,0.3900521789942595,0.037857793226205284,0.0,0.0,0.0,0.0,0.0,0.0,0.0,0.0,0.10799687638014005,0.0,0.0,0.0,0.0,0.0,0.0,0.0,0.0,0.0,0.0,0.0,0.0,0.0,0.0,0.0,0.0,0.0,0.0,0.0,0.0,0.0,0.0,0.0,0.0,0.0,0.0,0.0,0.0,0.0,0.0,0.0,0.0,0.0,0.0,0.0,0.0,0.0,0.0,0.0,0.0,0.0,0.0,0.0,0.0
0.7350192850668406,0.5500694819645251,0.4813174110022686,0.5489952067156421,0.7375467501828661,1.0,0.5375648761659074,0.4766027267213611,0.5524503174809438,0.7354879488141781,0.2858582020785527,0.08634764434982381,0.06059183673396216,0.21506715596483658,0.15346150967511066,0.0,0.0,0.0,0.16157815001348663,0.0,0.0,0.0,0.274526826810889,0.14580871033113493,0.0,0.0,0.2159684973513671,0.13234480176249372,0.0,0.03616277253702266,0.25433645899616164,0.252942309051715,0.487466433608242,0.4848320227824113,0.25591294314192636,0.0,0.0,0.0,0.0,0.0,0.0,0.0,0.0,0.2721617077909923,0.0,0.0,0.0,0.0,0.0,0.0,0.0,0.0,0.0,0.0,0.0,0.0,0.0,0.0,0.0,0.0,0.0,0.0,0.0,0.0,0.0,0.0,0.0,0.0,0.0,0.0,0.0,0.0,0.0,0.0,0.0,0.0,0.0,0.0,0.0,0.0,0.0,0.0,0.0,0.0,0.0,0.0,0.0,0.0
0.7298227088379995,0.5328046622329051,0.2970991592570496,0.20230104886635863,0.2973096886677903,0.5375648761659074,1.0,0.7368517058927999,0.5418834948160215,0.4701944829968433,0.7308258405712957,0.5451728293009108,0.47640842549614415,0.5430502232838794,0.5198543937065895,0.29351121383393863,0.21182809431200633,0.3047951942362873,0.4078216245772628,0.15352133370915497,0.01735921995749765,0.0714145098828891,0.42080622144030555,0.18622280025484353,0.0,0.0,0.08085236994303568,0.08029759589961692,0.0,0.0,0.37593137527858034,0.0,0.025478021120066283,0.1564243940437198,0.24992043907892023,0.2498155009391308,0.162839118344894,0.03538675363565105,0.0,0.0,0.0,0.0,0.0,0.42478556838152604,0.0,0.0,0.0,0.0,0.0,0.0,0.0,0.0,0.0,0.0,0.0,0.0,0.0,0.0,0.0,0.0,0.0,0.0,0.0,0.0,0.0,0.0,0.0,0.0,0.0,0.0,0.0,0.0,0.0,0.0,0.0,0.0,0.0,0.0,0.0,0.0,0.0,0.0,0.0,0.0,0.0,0.0,0.0,0.0
0.5455430028325927,0.3053438503201767,0.09638568959003609,0.05775975786592576,0.21494744086951403,0.4766027267213611,0.7368517058927999,1.0,0.7348692653383836,0.5487938631797141,0.5434017393690072,0.47900387651596604,0.5523365526967764,0.7361449390938746,0.2935300948726955,0.08718297906581135,0.05937293097737906,0.21596960507307325,0.17145532594959598,0.0,0.0,0.0,0.22152952731884584,0.0002784323123792863,0.0,0.0,0.0,0.0,0.0,0.0,0.1242700229478432,0.0,0.0,0.2524131302329813,0.4859533709629537,0.4857123570988311,0.2557671391235851,0.0,0.0,0.0,0.0,0.0,0.0,0.27083479930213067,0.0,0.0,0.0,0.0,0.0,0.0,0.0,0.0,0.0,0.0,0.0,0.0,0.0,0.0,0.0,0.0,0.0,0.0,0.0,0.0,0.0,0.0,0.0,0.0,0.0,0.0,0.0,0.0,0.0,0.0,0.0,0.0,0.0,0.0,0.0,0.0,0.0,0.0,0.0,0.0,0.0,0.0,0.0,0.0
0.4771735319807129,0.21892172155923523,0.06676455247154899,0.10368523776404756,0.3142064682224575,0.5524503174809438,0.5418834948160215,0.7348692653383836,1.0,0.7479072801072146,0.29988304941485744,0.21396235529964827,0.3124273501582111,0.5431620680952345,0.07141615782102698,0.0,0.0,0.0,0.0,0.0,0.0,0.0,0.10348779605386937,0.0,0.0,0.0,0.0,0.0,0.0,0.0,0.0,0.0,0.1418953686589642,0.4919276312965568,0.6858597137663613,0.3931573658274523,0.036580642585780435,0.0,0.0,0.0,0.0,0.0,0.0,0.16898726641167833,0.0,0.0,0.0,0.0,0.0,0.0,0.0,0.0,0.0,0.0,0.0,0.0,0.0,0.0,0.0,0.0,0.0,0.0,0.0,0.0,0.0,0.0,0.0,0.0,0.0,0.0,0.0,0.0,0.0,0.0,0.0,0.0,0.0,0.0,0.0,0.0,0.0,0.0,0.0,0.0,0.0,0.0,0.0,0.0
0.54206584722479,0.3080364316734187,0.21789241687847044,0.30906947325801937,0.5428939343665906,0.7354879488141781,0.4701944829968433,0.5487938631797141,0.7479072801072146,1.0,0.2024445984020898,0.0557220262760264,0.1031154641552907,0.3114714797719802,0.017330416282471794,0.0,0.0,0.0,0.0,0.0,0.0,0.0,0.13018369609217978,0.0,0.0,0.0,0.0,0.020680945834516466,0.0,0.0,0.031558616558657056,0.03311666970243082,0.39212090895359525,0.6859473995062669,0.49262156897038023,0.14238109702705748,0.0,0.0,0.0,0.0,0.0,0.0,0.0,0.17535360985106369,0.0,0.0,0.0,0.0,0.0,0.0,0.0,0.0,0.0,0.0,0.0,0.0,0.0,0.0,0.0,0.0,0.0,0.0,0.0,0.0,0.0,0.0,0.0,0.0,0.0,0.0,0.0,0.0,0.0,0.0,0.0,0.0,0.0,0.0,0.0,0.0,0.0,0.0,0.0,0.0,0.0,0.0,0.0,0.0
0.5221579535016674,0.4317462816332353,0.1750702827716615,0.019920146057119423,0.066900004831418,0.2858582020785527,0.7308258405712957,0.5434017393690072,0.29988304941485744,0.2024445984020898,1.0,0.7354338519476323,0.5421458949076714,0.4746586861749269,0.7308329467768322,0.5433930376353535,0.47464914428085736,0.5421408863216477,0.5221856038138054,0.2858862082545408,0.20245917319030465,0.299882920217931,0.4317991158693803,0.17512770389141505,0.019978462472815352,0.06694321845505943,0.012207051647104252,0.012275249897981429,0.0,0.0,0.3754236967367504,0.0,0.0,0.0,0.03131848435134596,0.16110472954312013,0.2491441854496329,0.24914467228733508,0.1610975313961488,0.03130913242218649,0.0,0.0,0.0,0.37546735304668966,0.0,0.0,0.0,0.0,0.0,0.0,0.0,0.0,0.0,0.0,0.0,0.0,0.0,0.0,0.0,0.0,0.0,0.0,0.0,0.0,0.0,0.0,0.0,0.0,0.0,0.0,0.0,0.0,0.0,0.0,0.0,0.0,0.0,0.0,0.0,0.0,0.0,0.0,0.0,0.0,0.0,0.0,0.0,0.0
0.29885224015988876,0.19356136680637542,0.0,0.0,0.0,0.08634764434982381,0.5451728293009108,0.47900387651596604,0.21396235529964827,0.0557220262760264,0.7354338519476323,1.0,0.7361610214488484,0.5513001097073588,0.5451929104932473,0.4790033030149738,0.5512961470075224,0.7361584615212806,0.2988853201207763,0.08636607432010392,0.055728883980126785,0.21395856273320712,0.19361739598469474,0.0,0.0,0.0,0.0,0.0,0.0,0.0,0.15085850979495222,0.0,0.0,0.0,0.0,0.2546606386798202,0.4862197725819566,0.4862216473140121,0.25465757355718144,0.0,0.0,0.0,0.0,0.15092505954842514,0.0,0.0,0.0,0.0,0.0,0.0,0.0,0.0,0.0,0.0,0.0,0.0,0.0,0.0,0.0,0.0,0.0,0.0,0.0,0.0,0.0,0.0,0.0,0.0,0.0,0.0,0.0,0.0,0.0,0.0,0.0,0.0,0.0,0.0,0.0,0.0,0.0,0.0,0.0,0.0,0.0,0.0,0.0,0.0
0.2148617200522788,0.05026225945412642,0.0,0.0,0.0,0.06059183673396216,0.47640842549614415,0.5523365526967764,0.3124273501582111,0.1031154641552907,0.5421458949076714,0.7361610214488484,1.0,0.7473485527542533,0.3048208877570452,0.21597432146299023,0.31196243743243957,0.5435019505194718,0.083848994704001,0.0,0.0,0.0,0.03285843137505885,0.0,0.0,0.0,0.0,0.0,0.0,0.0,0.0,0.0,0.0,0.0,0.14253170484449032,0.49137964818303537,0.6858858387054677,0.39334235097740505,0.03534911643399618,0.0,0.0,0.0,0.0,0.03758940090335892,0.0,0.0,0.0,0.0,0.0,0.0,0.0,0.0,0.0,0.0,0.0,0.0,0.0,0.0,0.0,0.0,0.0,0.0,0.0,0.0,0.0,0.0,0.0,0.0,0.0,0.0,0.0,0.0,0.0,0.0,0.0,0.0,0.0,0.0,0.0,0.0,0.0,0.0,0.0,0.0,0.0,0.0,0.0,0.0
0.3048844561883051,0.0893521667305144,0.0,0.0,0.0,0.21506715596483658,0.5430502232838794,0.7361449390938746,0.5431620680952345,0.3114714797719802,0.4746586861749269,0.5513001097073588,0.7473485527542533,1.0,0.2118558739847609,0.059380427855772855,0.1027691227164579,0.3119631525232079,0.0383402755180825,0.0,0.0,0.0,0.051125597028236325,0.0,0.0,0.0,0.0,0.0,0.0,0.0,0.0,0.0,0.0,0.03565075105454982,0.394206235396475,0.685912005359857,0.4914738053754067,0.14153758898362465,0.0,0.0,0.0,0.0,0.0,0.0935276603152896,0.0,0.0,0.0,0.0,0.0,0.0,0.0,0.0,0.0,0.0,0.0,0.0,0.0,0.0,0.0,0.0,0.0,0.0,0.0,0.0,0.0,0.0,0.0,0.0,0.0,0.0,0.0,0.0,0.0,0.0,0.0,0.0,0.0,0.0,0.0,0.0,0.0,0.0,0.0,0.0,0.0,0.0,0.0,0.0
0.4077767028679006,0.4207037022515317,0.18608110934068817,0.0,0.0,0.15346150967511066,0.5198543937065895,0.2935300948726955,0.07141615782102698,0.017330416282471794,0.7308329467768322,0.5451929104932473,0.3048208877570452,0.2118558739847609,1.0,0.7368541843879279,0.5430596221366737,0.4764261334404326,0.7298298234627072,0.5375717041743894,0.47020042303664616,0.5418886869129661,0.5328217500913717,0.2971134495533438,0.20231618832931386,0.2973192758481406,0.08012988968917795,0.08087209911508139,0.0,0.0,0.4247025732820809,0.0,0.0,0.0,0.0,0.0,0.035409189474420094,0.16286127621102367,0.2498239342634051,0.2499226434949474,0.15642841953386918,0.025486598464621722,0.0,0.375940887667558,0.0,0.0,0.0,0.0,0.0,0.0,0.0,0.0,0.0,0.0,0.0,0.0,0.0,0.0,0.0,0.0,0.0,0.0,0.0,0.0,0.0,0.0,0.0,0.0,0.0,0.0,0.0,0.0,0.0,0.0,0.0,0.0,0.0,0.0,0.0,0.0,0.0,0.0,0.0,0.0,0.0,0.0,0.0,0.0
0.17139834187326367,0.22141727215867918,0.00013408178152059708,0.0,0.0,0.0,0.29351121383393863,0.08718297906581135,0.0,0.0,0.5433930376353535,0.4790033030149738,0.21597432146299023,0.059380427855772855,0.7368541843879279,1.0,0.7361435343060977,0.552336891093894,0.5455507897039726,0.47659812141971475,0.54879050436784,0.7348667840568353,0.30535686408213025,0.09638402477281982,0.05774949350474269,0.21493304079988892,0.0,0.0,0.0,0.0,0.27072249294403705,0.0,0.0,0.0,0.0,0.0,0.0,0.255770885715841,0.48571204620172354,0.4859505214807158,0.2524077719996941,0.0,0.0,0.12428583946186038,0.0,0.0,0.0,0.0,0.0,0.0,0.0,0.0,0.0,0.0,0.0,0.0,0.0,0.0,0.0,0.0,0.0,0.0,0.0,0.0,0.05084860120456954,0.0,0.0,0.0,0.0,0.0,0.0,0.0,0.0,0.0,0.0,0.0,0.0,0.0,0.0,0.0,0.0,0.0,0.0,0.0,0.11507194393504339,0.030976692870341438,0.0,0.0
0.03828180375697103,0.05102343096390053,0.0,0.0,0.0,0.0,0.21182809431200633,0.05937293097737906,0.0,0.0,0.47464914428085736,0.5512961470075224,0.31196243743243957,0.1027691227164579,0.5430596221366737,0.7361435343060977,1.0,0.7473476405900833,0.3048958879684013,0.21505555525095454,0.31145578244756333,0.5431442561751302,0.08937274086619941,0.0,0.0,0.0,0.0,0.0,0.0,0.0,0.09341202093277597,0.0,0.0,0.0,0.0,0.0,0.14153603905131834,0.49147615903094494,0.6859137564834819,0.3941831739374137,0.03562948617363557,0.0,0.0,0.0,0.0,0.0,0.0,0.0,0.0,0.0,0.0,0.0,0.0,0.0,0.0,0.0,0.0,0.0,0.0,0.0,0.0,0.0,0.0,0.0,0.0,0.0,0.0,0.0,0.0,0.0,0.0,0.0,0.0,0.0,0.0,0.0,0.0,0.0,0.0,0.0,0.0,0.0,0.0,0.0,0.0,0.019721563083928736,0.0,0.0
0.0838024526280611,0.03277963194109836,0.0,0.0,0.0,0.0,0.3047951942362873,0.21596960507307325,0.0,0.0,0.5421408863216477,0.7361584615212806,0.5435019505194718,0.3119631525232079,0.4764261334404326,0.552336891093894,0.7473476405900833,1.0,0.21488521520270418,0.060591451050135886,0.10310724514154292,0.31241414521114025,0.05030125338547828,0.0,0.0,0.0,0.0,0.0,0.0,0.0,0.03749343328058183,0.0,0.0,0.0,0.0,0.03535047942795832,0.39334118197050255,0.6858898718203944,0.4913785985862029,0.14250903205465082,0.0,0.0,0.0,0.0,0.0,0.0,0.0,0.0,0.0,0.0,0.0,0.0,0.0,0.0,0.0,0.0,0.0,0.0,0.0,0.0,0.0,0.0,0.0,0.0,0.0,0.0,0.0,0.0,0.0,0.0,0.0,0.0,0.0,0.0,0.0,0.0,0.0,0.0,0.0,0.0,0.0,0.0,0.0,0.0,0.0,0.0,0.0,0.0
0.3838629182803611,0.4315109476837791,0.24900296208105363,0.06556768383015714,0.03188520581411897,0.16157815001348663,0.4078216245772628,0.17145532594959598,0.0,0.0,0.5221856038138054,0.2988853201207763,0.083848994704001,0.0383402755180825,0.7298298234627072,0.5455507897039726,0.3048958879684013,0.21488521520270418,1.0,0.7350230317108085,0.5420716421443998,0.4771839556275151,0.7383153486885485,0.546984175572885,0.47240405761638915,0.5435466278895795,0.15768920494990588,0.30562127072150524,0.006733451910835585,0.07163017722161176,0.3982560089762986,0.0,0.0,0.0,0.0,0.0,0.0,0.0,0.0345565851773793,0.16324434303735916,0.24826869997184003,0.25015184449313166,0.15871082211120965,0.4860059655254522,0.0,0.0,0.0,0.0,0.0,0.0,0.0,0.0,0.0,0.0,0.0,0.0,0.0,0.0,0.0,0.0,0.0,0.0,0.0,0.0,0.0,0.0,0.0,0.0,0.0,0.0,0.0,0.0,0.0,0.0,0.0,0.0,0.0,0.0,0.0,0.0,0.0,0.0,0.0,0.0,0.0093300259498569,0.0,0.0,0.0
0.16162101545029053,0.2745175816803606,0.14568961103374206,0.0,0.0,0.0,0.15352133370915497,0.0,0.0,0.0,0.2858862082545408,0.08636607432010392,0.0,0.0,0.5375717041743894,0.47659812141971475,0.21505555525095454,0.060591451050135886,0.7350230317108085,1.0,0.7354856496313286,0.55244872729983,0.5500656423558556,0.48131256964170216,0.5489913331883012,0.7375427042355273,0.1321640649420252,0.21596346364078214,0.03592697190261488,0.0,0.2722053582274358,0.0,0.0,0.0,0.0,0.0,0.0,0.0,0.0,0.25590842093900346,0.48482691903384373,0.48746563895466594,0.25294347486472296,0.2543285102200728,0.0,0.0,0.0,0.0,0.0,0.0,0.0,0.0,0.0,0.0,0.0,0.0,0.0,0.0,0.0,0.0,0.0,0.0,0.0,0.0,0.17425034575005985,0.1562301669638587,0.0,0.0,0.0,0.0,0.0,0.0,0.0,0.0,0.0,0.0,0.0,0.0,0.0,0.0,0.0,0.0,0.0,0.1562742400556517,0.1911466891757014,0.0,0.0,0.0
0.0,0.13013117270481694,0.0,0.0,0.0,0.0,0.01735921995749765,0.0,0.0,0.0,0.20245917319030465,0.055728883980126785,0.0,0.0,0.47020042303664616,0.54879050436784,0.31145578244756333,0.10310724514154292,0.5420716421443998,0.7354856496313286,1.0,0.7479076882250557,0.30803663593407576,0.21788380689369327,0.3090544852665931,0.5428761672993011,0.020476230037909104,0.0,0.0,0.0,0.17533432923419626,0.0,0.0,0.0,0.0,0.0,0.0,0.0,0.14235384630976605,0.49261960274115907,0.6859448395008196,0.3921002649900614,0.03310326235352385,0.03155776193507495,0.0,0.0,0.0,0.0,0.0,0.0,0.0,0.0,0.0,0.0,0.0,0.0,0.0,0.0,0.0,0.05084860120456938,0.0,0.0,0.0,0.17425034575005985,0.35639522065770085,0.28509027274155946,0.0,0.0,0.0,0.12969455449303266,0.0,0.0,0.0,0.0,0.0,0.0,0.0,0.0,0.0,0.0,0.0,0.0,0.0,0.22433856715746425,0.36935464182916256,0.10898107029585828,0.0,0.0
0.0,0.10339516111853483,0.0,0.0,0.0,0.0,0.0714145098828891,0.0,0.0,0.0,0.299882920217931,0.21395856273320712,0.0,0.0,0.5418886869129661,0.7348667840568353,0.5431442561751302,0.31241414521114025,0.4771839556275151,0.55244872729983,0.7479076882250557,1.0,0.218931170359065,0.0667595823067037,0.10367028763280611,0.3141885250261339,0.0,0.0,0.0,0.0,0.16890524837077564,0.0,0.0,0.0,0.0,0.0,0.0,0.036565719860685963,0.3931312557341412,0.6858570514992073,0.4919257690650959,0.141871642859038,0.0,0.0,0.0,0.0,0.0,0.0,0.0,0.0,0.0,0.0,0.0,0.0,0.0,0.0,0.0,0.0,0.0,0.0,0.0,0.0,0.0,0.15623016696385852,0.2850902727415593,0.14264022045742217,0.0,0.0,0.0,0.1897681026466856,0.0,0.0,0.0,0.0,0.0,0.0,0.0,0.0,0.0,0.0,0.0,0.0,0.0,0.04164935811760016,0.32780581479328913,0.21214343740973174,0.0,0.0
0.4315842729637215,0.41278888202511044,0.26241050024013957,0.14571233445027978,0.15233884429515232,0.274526826810889,0.42080622144030555,0.22152952731884584,0.10348779605386937,0.13018369609217978,0.4317991158693803,0.19361739598469474,0.03285843137505885,0.051125597028236325,0.5328217500913717,0.30535686408213025,0.08937274086619941,0.05030125338547828,0.7383153486885485,0.5500656423558556,0.30803663593407576,0.218931170359065,1.0,0.742581947172033,0.5485807947705371,0.48344282079698125,0.1210021370814194,0.5479786942833598,0.0,0.323768943255964,0.2902903622385722,0.0,0.0,0.0,0.0,0.0,0.0,0.0,0.0,0.0,0.03584191083119614,0.16941245535054933,0.2547226035478391,0.6868671156415348,0.0,0.0,0.0,0.0,0.0,0.0,0.0,0.0,0.0,0.0,0.0,0.0,0.0,0.0,0.0,0.0,0.0,0.0,0.0,0.0,0.0,0.0,0.0,0.0,0.0,0.0,0.0,0.0,0.0,0.0,0.0,0.0,0.0,0.0,0.0,0.0,0.0,0.0,0.0,0.0,0.0,0.0,0.0,0.0
0.24917525556467007,0.2625380811381517,0.18641565849511293,0.10346253567836332,0.08562290518017748,0.14580871033113493,0.18622280025484353,0.0002784323123792863,0.0,0.0,0.17512770389141505,0.0,0.0,0.0,0.2971134495533438,0.09638402477281982,0.0,0.0,0.546984175572885,0.48131256964170216,0.21788380689369327,0.0667595823067037,0.742581947172033,1.0,0.7375054297729249,0.5546012606001008,0.07709535542109118,0.7344830893186187,0.0,0.491207805178253,0.11990628317288841,0.0,0.0,0.0,0.0,0.0,0.0,0.0,0.0,0.0,0.0,0.258112203253794,0.48503486183656347,0.4926915109016561,0.0,0.0,0.0,0.0,0.0,0.0,0.0,0.0,0.0,0.0,0.0,0.0,0.0,0.0,0.0,0.0,0.0,0.0,0.0,0.0,0.0,0.0,0.0,0.0,0.0,0.0,0.0,0.0,0.0,0.0,0.0,0.0,0.0,0.0,0.0,0.0,0.0,0.0,0.0,0.0,0.0,0.0,0.0,0.0
0.06576029150996396,0.1458859424128591,0.1035243307226867,0.0,0.0,0.0,0.0,0.0,0.0,0.0,0.019978462472815352,0.0,0.0,0.0,0.20231618832931386,0.05774949350474269,0.0,0.0,0.47240405761638915,0.5489913331883012,0.3090544852665931,0.10367028763280611,0.5485807947705371,0.7375054297729249,1.0,0.7454847549114669,0.06828415429904458,0.5430285868337054,0.0,0.31986212114443263,0.04287372936252599,0.0,0.0,0.0,0.0,0.0,0.0,0.0,0.0,0.0,0.1364664461362631,0.4914749202934836,0.6862571716166457,0.25614715424148443,0.0,0.0,0.0,0.0,0.0,0.0,0.0,0.0,0.0,0.0,0.0,0.0,0.0,0.0,0.0,0.0,0.0,0.0,0.0,0.0,0.0,0.0,0.0,0.0,0.0,0.0,0.0,0.0,0.0,0.0,0.0,0.0,0.0,0.0,0.0,0.0,0.0,0.0,0.0,0.05377001984789623,0.0,0.0,0.0,0.0
0.032013019045206106,0.15244000248816014,0.08561039006392189,0.0,0.0,0.0,0.0,0.0,0.0,0.0,0.06694321845505943,0.0,0.0,0.0,0.2973192758481406,0.21493304079988892,0.0,0.0,0.5435466278895795,0.7375427042355273,0.5428761672993011,0.3141885250261339,0.48344282079698125,0.5546012606001008,0.7454847549114669,1.0,0.09428231684390043,0.31206389652567057,0.017418861513836884,0.07804229444202794,0.10814885305710742,0.0,0.0,0.0,0.0,0.0,0.0,0.0,0.0,0.037832704034231106,0.3900270868548404,0.6859254854750407,0.489473617271461,0.17053323389832165,0.0,0.0,0.0,0.0,0.0,0.0,0.0,0.0,0.0,0.0,0.0,0.0,0.0,0.0,0.0,0.0,0.0,0.0,0.0,0.0,0.12969455449303283,0.18976810264668575,0.0,0.0,0.0,0.0,0.0,0.0,0.0,0.0,0.0,0.0,0.0,0.0,0.0,0.0,0.0,0.0,0.0,0.2345395043395276,0.10372298855596639,0.0,0.0,0.0
0.3056126558965604,0.5479752173660223,0.7344834620546918,0.5430375126719921,0.31206912704910184,0.2159684973513671,0.08085236994303568,0.0,0.0,0.0,0.012207051647104252,0.0,0.0,0.0,0.08012988968917795,0.0,0.0,0.0,0.15768920494990588,0.1321640649420252,0.020476230037909104,0.0,0.1210021370814194,0.07709535542109118,0.06828415429904458,0.09428231684390043,1.0,0.0,0.7567248102258683,0.0,0.39975178423594115,0.3893285728817954,0.03550730316421839,0.0,0.0,0.0,0.0,0.0,0.0,0.0,0.0,0.0,0.0,0.0,0.0,0.0,0.0,0.0,0.0,0.0,0.0,0.0,0.0,0.0,0.0,0.0,0.0,0.0,0.0,0.0,0.0,0.0,0.0,0.0,0.0,0.0,0.0,0.0,0.0,0.0,0.0,0.0,0.0,0.0,0.0,0.0,0.0,0.0,0.0,0.0,0.0,0.0,0.0,0.0,0.0,0.0,0.0,0.0
0.15790354892347858,0.12116841109019016,0.07714884391156653,0.06827688922962692,0.09435469860287146,0.13234480176249372,0.08029759589961692,0.0,0.0,0.020680945834516466,0.012275249897981429,0.0,0.0,0.0,0.08087209911508139,0.0,0.0,0.0,0.30562127072150524,0.21596346364078214,0.0,0.0,0.5479786942833598,0.7344830893186187,0.5430285868337054,0.31206389652567057,0.0,1.0,0.0,0.7567231556446239,0.0,0.0,0.0,0.0,0.0,0.0,0.0,0.0,0.0,0.0,0.0,0.035501137042064944,0.3893178660356878,0.39975764222751636,0.0,0.0,0.0,0.0,0.0,0.0,0.0,0.0,0.0,0.0,0.0,0.0,0.0,0.0,0.0,0.0,0.0,0.0,0.0,0.0,0.0,0.0,0.0,0.0,0.0,0.0,0.0,0.0,0.0,0.0,0.0,0.0,0.0,0.0,0.0,0.0,0.0,0.0,0.0,0.0,0.0,0.0,0.0,0.0
0.07161744875667868,0.3237587500273561,0.49120986503864006,0.31988086868216237,0.07805551962297617,0.0,0.0,0.0,0.0,0.0,0.0,0.0,0.0,0.0,0.0,0.0,0.0,0.0,0.006733451910835585,0.03592697190261488,0.0,0.0,0.0,0.0,0.0,0.017418861513836884,0.7567248102258683,0.0,1.0,0.0,0.2331204732836465,0.22327104320780514,0.0,0.0,0.0,0.0,0.0,0.0,0.0,0.0,0.0,0.0,0.0,0.0,0.0,0.0,0.0,0.0,0.0,0.0,0.0,0.0,0.0,0.0,0.0,0.0,0.0,0.0,0.0,0.0,0.0,0.0,0.0,0.0,0.0,0.0,0.0,0.0,0.0,0.0,0.0,0.0,0.0,0.0,0.0,0.0,0.0,0.0,0.0,0.0,0.0,0.0,0.0,0.0,0.0,0.0,0.0,0.0
0.0069802525877719025,0.0,0.0,0.0,0.017554047707623647,0.03616277253702266,0.0,0.0,0.0,0.0,0.0,0.0,0.0,0.0,0.0,0.0,0.0,0.0,0.07163017722161176,0.0,0.0,0.0,0.323768943255964,0.491207805178253,0.31986212114443263,0.07804229444202794,0.0,0.7567231556446239,0.0,1.0,0.0,0.0,0.0,0.0,0.0,0.0,0.0,0.0,0.0,0.0,0.0,0.0,0.22324025847443557,0.23314280914453345,0.0,0.0,0.0,0.0,0.0,0.0,0.0,0.0,0.0,0.0,0.0,0.0,0.0,0.0,0.0,0.0,0.0,0.0,0.0,0.0,0.0,0.0,0.0,0.0,0.0,0.0,0.0,0.0,0.0,0.0,0.0,0.0,0.0,0.0,0.0,0.0,0.0,0.0,0.0,0.0,0.0,0.0,0.0,0.0
0.486011544526251,0.6868712758818021,0.4926984445994399,0.25615472061024014,0.17054053252549128,0.25433645899616164,0.37593137527858034,0.1242700229478432,0.0,0.031558616558657056,0.3754236967367504,0.15085850979495222,0.0,0.0,0.4247025732820809,0.27072249294403705,0.09341202093277597,0.03749343328058183,0.3982560089762986,0.2722053582274358,0.17533432923419626,0.16890524837077564,0.2902903622385722,0.11990628317288841,0.04287372936252599,0.10814885305710742,0.39975178423594115,0.0,0.2331204732836465,0.0,1.0,0.0,0.0,0.0,0.0,0.0,0.0,0.0,0.0,0.0,0.0,0.0,0.0,0.16704403057207118,0.0,0.0,0.0,0.0,0.0,0.0,0.0,0.0,0.0,0.0,0.0,0.0,0.0,0.0,0.0,0.0,0.0,0.0,0.0,0.0,0.0,0.0,0.0,0.0,0.0,0.0,0.0,0.0,0.0,0.0,0.0,0.0,0.0,0.0,0.0,0.0,0.0,0.0,0.0,0.0,0.0,0.0,0.0,0.0
0.15869675546768985,0.25472141660198944,0.4850309818644327,0.6862519754642477,0.48946821206647,0.252942309051715,0.0,0.0,0.0,0.03311666970243082,0.0,0.0,0.0,0.0,0.0,0.0,0.0,0.0,0.0,0.0,0.0,0.0,0.0,0.0,0.0,0.0,0.3893285728817954,0.0,0.22327104320780514,0.0,0.0,1.0,0.4066978981577381,0.0,0.0,0.0,0.0,0.0,0.0,0.0,0.0,0.0,0.0,0.0,0.0,0.0,0.0,0.0,0.0,0.0,0.0,0.0,0.0,0.0,0.0,0.0,0.0,0.0,0.0,0.0,0.0,0.0,0.0,0.0,0.0,0.0,0.0,0.0,0.0,0.0,0.0,0.0,0.0,0.0,0.0,0.0,0.0,0.0,0.0,0.0,0.0,0.0,0.0,0.0,0.0,0.0,0.0,0.0
0.25014431044995555,0.16941422758269498,0.2581119393323039,0.49147424701380893,0.685924344202813,0.487466433608242,0.025478021120066283,0.0,0.1418953686589642,0.39212090895359525,0.0,0.0,0.0,0.0,0.0,0.0,0.0,0.0,0.0,0.0,0.0,0.0,0.0,0.0,0.0,0.0,0.03550730316421839,0.0,0.0,0.0,0.0,0.4066978981577381,1.0,0.41914363684581235,0.0,0.0,0.0,0.0,0.0,0.0,0.0,0.0,0.0,0.0,0.0,0.0,0.0,0.0,0.0,0.0,0.0,0.0,0.0,0.0,0.0,0.0,0.0,0.0,0.0,0.0,0.0,0.0,0.0,0.0,0.0,0.0,0.0,0.0,0.0,0.0,0.0,0.0,0.0,0.0,0.0,0.0,0.0,0.0,0.0,0.0,0.0,0.0,0.0,0.0,0.0,0.0,0.0,0.0
0.24826701805943174,0.03584885173075182,0.0,0.1364905585131627,0.3900521789942595,0.4848320227824113,0.1564243940437198,0.2524131302329813,0.4919276312965568,0.6859473995062669,0.0,0.0,0.0,0.03565075105454982,0.0,0.0,0.0,0.0,0.0,0.0,0.0,0.0,0.0,0.0,0.0,0.0,0.0,0.0,0.0,0.0,0.0,0.0,0.41914363684581235,1.0,0.40868170748700494,0.0,0.0,0.0,0.0,0.0,0.0,0.0,0.0,0.0,0.0,0.0,0.0,0.0,0.0,0.0,0.0,0.0,0.0,0.0,0.0,0.0,0.0,0.0,0.0,0.0,0.0,0.0,0.0,0.0,0.0,0.0,0.0,0.0,0.0,0.0,0.0,0.0,0.0,0.0,0.0,0.0,0.0,0.0,0.0,0.0,0.0,0.0,0.0,0.0,0.0,0.0,0.0,0.0
0.1632359070296768,0.0,0.0,0.0,0.037857793226205284,0.25591294314192636,0.24992043907892023,0.4859533709629537,0.6858597137663613,0.49262156897038023,0.03131848435134596,0.0,0.14253170484449032,0.394206235396475,0.0,0.0,0.0,0.0,0.0,0.0,0.0,0.0,0.0,0.0,0.0,0.0,0.0,0.0,0.0,0.0,0.0,0.0,0.0,0.40868170748700494,1.0,0.4256322206891612,0.0,0.0,0.0,0.0,0.0,0.0,0.0,0.0,0.0,0.0,0.0,0.0,0.0,0.0,0.0,0.0,0.0,0.0,0.0,0.0,0.0,0.0,0.0,0.0,0.0,0.0,0.0,0.0,0.0,0.0,0.0,0.0,0.0,0.0,0.0,0.0,0.0,0.0,0.0,0.0,0.0,0.0,0.0,0.0,0.0,0.0,0.0,0.0,0.0,0.0,0.0,0.0
0.034549787751084374,0.0,0.0,0.0,0.0,0.0,0.2498155009391308,0.4857123570988311,0.3931573658274523,0.14238109702705748,0.16110472954312013,0.2546606386798202,0.49137964818303537,0.685912005359857,0.0,0.0,0.0,0.03535047942795832,0.0,0.0,0.0,0.0,0.0,0.0,0.0,0.0,0.0,0.0,0.0,0.0,0.0,0.0,0.0,0.0,0.4256322206891612,1.0,0.4065338032563368,0.0,0.0,0.0,0.0,0.0,0.0,0.0,0.0,0.0,0.0,0.0,0.0,0.0,0.0,0.0,0.0,0.0,0.0,0.0,0.0,0.0,0.0,0.0,0.0,0.0,0.0,0.0,0.0,0.0,0.0,0.0,0.0,0.0,0.0,0.0,0.0,0.0,0.0,0.0,0.0,0.0,0.0,0.0,0.0,0.0,0.0,0.0,0.0,0.0,0.0,0.0
0.0,0.0,0.0,0.0,0.0,0.0,0.162839118344894,0.2557671391235851,0.036580642585780435,0.0,0.2491441854496329,0.4862197725819566,0.6858858387054677,0.4914738053754067,0.035409189474420094,0.0,0.14153603905131834,0.39334118197050255,0.0,0.0,0.0,0.0,0.0,0.0,0.0,0.0,0.0,0.0,0.0,0.0,0.0,0.0,0.0,0.0,0.0,0.4065338032563368,1.0,0.42403613693710157,0.0,0.0,0.0,0.0,0.0,0.0,0.0,0.0,0.0,0.0,0.0,0.0,0.0,0.0,0.0,0.0,0.0,0.0,0.0,0.0,0.0,0.0,0.0,0.0,0.0,0.0,0.0,0.0,0.0,0.0,0.0,0.0,0.0,0.0,0.0,0.0,0.0,0.0,0.0,0.0,0.0,0.0,0.0,0.0,0.0,0.0,0.0,0.0,0.0,0.0
0.0,0.0,0.0,0.0,0.0,0.0,0.03538675363565105,0.0,0.0,0.0,0.24914467228733508,0.4862216473140121,0.39334235097740505,0.14153758898362465,0.16286127621102367,0.255770885715841,0.49147615903094494,0.6858898718203944,0.0,0.0,0.0,0.036565719860685963,0.0,0.0,0.0,0.0,0.0,0.0,0.0,0.0,0.0,0.0,0.0,0.0,0.0,0.0,0.42403613693710157,1.0,0.4065324070792949,0.0,0.0,0.0,0.0,0.0,0.0,0.0,0.0,0.0,0.0,0.0,0.0,0.0,0.0,0.0,0.0,0.0,0.0,0.0,0.0,0.0,0.0,0.0,0.0,0.0,0.0,0.0,0.0,0.0,0.0,0.0,0.0,0.0,0.0,0.0,0.0,0.0,0.0,0.0,0.0,0.0,0.0,0.0,0.0,0.0,0.0,0.0,0.0,0.0
0.0,0.0,0.0,0.0,0.0,0.0,0.0,0.0,0.0,0.0,0.1610975313961488,0.25465757355718144,0.03534911643399618,0.0,0.2498239342634051,0.48571204620172354,0.6859137564834819,0.4913785985862029,0.0345565851773793,0.0,0.14235384630976605,0.3931312557341412,0.0,0.0,0.0,0.0,0.0,0.0,0.0,0.0,0.0,0.0,0.0,0.0,0.0,0.0,0.0,0.4065324070792949,1.0,0.4255876537388032,0.0,0.0,0.0,0.0,0.0,0.0,0.0,0.0,0.0,0.0,0.0,0.0,0.0,0.0,0.0,0.0,0.0,0.0,0.0,0.0,0.0,0.0,0.0,0.0,0.0,0.0,0.0,0.0,0.0,0.0,0.0,0.0,0.0,0.0,0.0,0.0,0.0,0.0,0.0,0.0,0.0,0.0,0.0,0.0,0.0,0.04757712771040231,0.0,0.0
0.0,0.0,0.0,0.0,0.0,0.0,0.0,0.0,0.0,0.0,0.03130913242218649,0.0,0.0,0.0,0.2499226434949474,0.4859505214807158,0.3941831739374137,0.14250903205465082,0.16324434303735916,0.25590842093900346,0.49261960274115907,0.6858570514992073,0.0,0.0,0.0,0.037832704034231106,0.0,0.0,0.0,0.0,0.0,0.0,0.0,0.0,0.0,0.0,0.0,0.0,0.4255876537388032,1.0,0.40867814767010663,0.0,0.0,0.0,0.0,0.0,0.0,0.0,0.0,0.0,0.0,0.0,0.0,0.0,0.0,0.0,0.0,0.0,0.0,0.0,0.0,0.0,0.0,0.20188538189007604,0.2898153738397863,0.05380539086962701,0.0,0.0,0.06946366200445904,0.3029936180462795,0.0,0.0,0.0,0.0,0.0,0.0,0.0,0.0,0.0,0.0,0.0,0.0,0.0,0.0,0.31710922118822354,0.33382536199360197,0.0,0.0
0.0,0.0,0.0,0.0,0.0,0.0,0.0,0.0,0.0,0.0,0.0,0.0,0.0,0.0,0.15642841953386918,0.2524077719996941,0.03562948617363557,0.0,0.24826869997184003,0.48482691903384373,0.6859448395008196,0.4919257690650959,0.03584191083119614,0.0,0.1364664461362631,0.3900270868548404,0.0,0.0,0.0,0.0,0.0,0.0,0.0,0.0,0.0,0.0,0.0,0.0,0.0,0.40867814767010663,1.0,0.41910284776663154,0.0,0.0,0.0,0.0,0.0,0.0,0.0,0.0,0.0,0.0,0.0,0.0,0.0,0.0,0.0,0.0,0.0,0.14865753522708935,0.0,0.0,0.01205314357158547,0.2469359142461215,0.47715671432475565,0.4234811961444409,0.0,0.0,0.0,0.13399620531153533,0.0,0.0,0.0,0.0,0.0,0.0,0.0,0.0,0.0,0.0,0.0,0.0,0.0,0.317109221188224,0.4184605752937339,0.0486148100232583,0.0,0.0
0.0,0.0,0.0,0.0,0.0,0.0,0.0,0.0,0.0,0.0,0.0,0.0,0.0,0.0,0.025486598464621722,0.0,0.0,0.0,0.25015184449313166,0.48746563895466594,0.3921002649900614,0.141871642859038,0.16941245535054933,0.258112203253794,0.4914749202934836,0.6859254854750407,0.0,0.035501137042064944,0.0,0.0,0.0,0.0,0.0,0.0,0.0,0.0,0.0,0.0,0.0,0.0,0.41910284776663154,1.0,0.40670180847260673,0.0,0.0,0.0,0.0,0.0,0.0,0.0,0.0,0.0,0.0,0.0,0.0,0.0,0.0,0.0,0.0,0.04001773720091978,0.02547761738115217,0.0,0.0,0.0,0.14078894248747265,0.274060900003003,0.0,0.0,0.0,0.0,0.0,0.0,0.0,0.0,0.0,0.0,0.0,0.0,0.0,0.0,0.0,0.0,0.04757712771040231,0.3338253619936023,0.0486148100232583,0.0,0.0,0.0
0.0,0.0,0.0,0.0,0.0,0.0,0.0,0.0,0.0,0.0,0.0,0.0,0.0,0.0,0.0,0.0,0.0,0.0,0.15871082211120965,0.25294347486472296,0.03310326235352385,0.0,0.2547226035478391,0.48503486183656347,0.6862571716166457,0.489473617271461,0.0,0.3893178660356878,0.0,0.22324025847443557,0.0,0.0,0.0,0.0,0.0,0.0,0.0,0.0,0.0,0.0,0.0,0.40670180847260673,1.0,0.0,0.0,0.0,0.0,0.0,0.0,0.0,0.0,0.0,0.0,0.0,0.0,0.0,0.0,0.0,0.0,0.0,0.0,0.0,0.0,0.0,0.0,0.0,0.0,0.0,0.0,0.0,0.0,0.0,0.0,0.0,0.0,0.0,0.0,0.0,0.0,0.0,0.0,0.0,0.0,0.0,0.0,0.0,0.0,0.0
0.39827533475128907,0.2902328211195961,0.11974035307810776,0.04266063155826458,0.10799687638014005,0.2721617077909923,0.42478556838152604,0.27083479930213067,0.16898726641167833,0.17535360985106369,0.37546735304668966,0.15092505954842514,0.03758940090335892,0.0935276603152896,0.375940887667558,0.12428583946186038,0.0,0.0,0.4860059655254522,0.2543285102200728,0.03155776193507495,0.0,0.6868671156415348,0.4926915109016561,0.25614715424148443,0.17053323389832165,0.0,0.39975764222751636,0.0,0.23314280914453345,0.16704403057207118,0.0,0.0,0.0,0.0,0.0,0.0,0.0,0.0,0.0,0.0,0.0,0.0,1.0,0.0,0.0,0.0,0.0,0.0,0.0,0.0,0.0,0.0,0.0,0.0,0.0,0.0,0.0,0.0,0.0,0.0,0.0,0.0,0.0,0.0,0.0,0.0,0.0,0.0,0.0,0.0,0.0,0.0,0.0,0.0,0.0,0.0,0.0,0.0,0.0,0.0,0.0,0.0,0.0,0.0,0.0,0.0,0.0
0.0,0.0,0.0,0.0,0.0,0.0,0.0,0.0,0.0,0.0,0.0,0.0,0.0,0.0,0.0,0.0,0.0,0.0,0.0,0.0,0.0,0.0,0.0,0.0,0.0,0.0,0.0,0.0,0.0,0.0,0.0,0.0,0.0,0.0,0.0,0.0,0.0,0.0,0.0,0.0,0.0,0.0,0.0,0.0,1.0,0.738311699615567,0.5469784673978506,0.47239521825317066,0.5435398626687891,0.7350192850668406,0.7298227088379994,0.5455430028325925,0.4771735319807129,0.54206584722479,0.5221579535016674,0.29885224015988865,0.21486172005227896,0.30488445618830523,0.4077767028679004,0.17139834187326367,0.03828180375697119,0.08380245262806094,0.383862918280361,0.16162101545029053,0.0,0.0,0.43158427296372154,0.24917525556467007,0.06576029150996412,0.03201301904520594,0.3056126558965601,0.15790354892347858,0.07161744875667851,0.0069802525877719025,0.486011544526251,0.15869675546768994,0.25014431044995566,0.24826701805943158,0.16323590702967689,0.034549787751084214,0.0,0.0,0.0,0.0,0.0,0.0,0.0,0.39827533475128923
0.0,0.0,0.0,0.0,0.0,0.0,0.0,0.0,0.0,0.0,0.0,0.0,0.0,0.0,0.0,0.0,0.0,0.0,0.0,0.0,0.0,0.0,0.0,0.0,0.0,0.0,0.0,0.0,0.0,0.0,0.0,0.0,0.0,0.0,0.0,0.0,0.0,0.0,0.0,0.0,0.0,0.0,0.0,0.0,0.738311699615567,1.0,0.742585755508267,0.5485844359642997,0.48344600150200556,0.5500694819645252,0.532804662232905,0.3053438503201765,0.21892172155923523,0.3080364316734188,0.4317462816332354,0.19356136680637542,0.05026225945412659,0.0893521667305144,0.42070370225153153,0.22141727215867918,0.0510234309639007,0.03277963194109836,0.4315109476837791,0.2745175816803607,0.13013117270481694,0.10339516111853468,0.4127888820251106,0.26253808113815186,0.1458859424128591,0.15244000248815998,0.547975217366022,0.12116841109019033,0.323758750027356,0.0,0.686871275881802,0.25472141660198944,0.16941422758269514,0.03584885173075182,0.0,0.0,0.0,0.0,0.0,0.0,0.0,0.0,0.0,0.2902328211195963
0.0,0.0,0.0,0.0,0.0,0.0,0.0,0.0,0.0,0.0,0.0,0.0,0.0,0.0,0.0,0.0,0.0,0.0,0.0,0.0,0.0,0.0,0.0,0.0,0.0,0.0,0.0,0.0,0.0,0.0,0.0,0.0,0.0,0.0,0.0,0.0,0.0,0.0,0.0,0.0,0.0,0.0,0.0,0.0,0.5469784673978506,0.742585755508267,1.0,0.7375064638126808,0.5546019767539507,0.4813174110022686,0.29709915925704944,0.09638568959003592,0.06676455247154899,0.21789241687847044,0.1750702827716615,0.0,0.0,0.0,0.18608110934068803,0.0001340817815204326,0.0,0.0,0.24900296208105346,0.14568961103374206,0.0,0.0,0.26241050024013957,0.18641565849511277,0.1035243307226867,0.08561039006392174,0.7344834620546918,0.07714884391156636,0.4912098650386401,0.0,0.4926984445994399,0.4850309818644327,0.258111939332304,0.0,0.0,0.0,0.0,0.0,0.0,0.0,0.0,0.0,0.0,0.11974035307810776
0.0,0.0,0.0,0.0,0.0,0.0,0.0,0.0,0.0,0.0,0.0,0.0,0.0,0.0,0.0,0.0,0.0,0.0,0.0,0.0,0.0,0.0,0.0,0.0,0.0,0.0,0.0,0.0,0.0,0.0,0.0,0.0,0.0,0.0,0.0,0.0,0.0,0.0,0.0,0.0,0.0,0.0,0.0,0.0,0.47239521825317066,0.5485844359642997,0.7375064638126808,1.0,0.7454839622923984,0.5489952067156421,0.2023010488663583,0.05775975786592543,0.10368523776404756,0.3090694732580194,0.019920146057119423,0.0,0.0,0.0,0.0,0.0,0.0,0.0,0.06556768383015697,0.0,0.0,0.0,0.14571233445027978,0.10346253567836332,0.0,0.0,0.5430375126719919,0.06827688922962676,0.31988086868216237,0.0,0.2561547206102401,0.6862519754642478,0.49147424701380926,0.1364905585131627,0.0,0.0,0.0,0.0,0.0,0.0,0.0,0.0,0.0,0.04266063155826474
0.0,0.0,0.0,0.0,0.0,0.0,0.0,0.0,0.0,0.0,0.0,0.0,0.0,0.0,0.0,0.0,0.0,0.0,0.0,0.0,0.0,0.0,0.0,0.0,0.0,0.0,0.0,0.0,0.0,0.0,0.0,0.0,0.0,0.0,0.0,0.0,0.0,0.0,0.0,0.0,0.0,0.0,0.0,0.0,0.5435398626687891,0.48344600150200556,0.5546019767539507,0.7454839622923984,1.0,0.7375467501828664,0.29730968866779045,0.2149474408695142,0.31420646822245785,0.5428939343665908,0.06690000483141817,0.0,0.0,0.0,0.0,0.0,0.0,0.0,0.03188520581411913,0.0,0.0,0.0,0.15233884429515265,0.08562290518017765,0.0,0.0,0.3120691270491018,0.0943546986028718,0.07805551962297617,0.017554047707623813,0.17054053252549153,0.48946821206646984,0.685924344202813,0.39005217899425954,0.037857793226205444,0.0,0.0,0.0,0.0,0.0,0.0,0.0,0.0,0.10799687638014022
0.0,0.0,0.0,0.0,0.0,0.0,0.0,0.0,0.0,0.0,0.0,0.0,0.0,0.0,0.0,0.0,0.0,0.0,0.0,0.0,0.0,0.0,0.0,0.0,0.0,0.0,0.0,0.0,0.0,0.0,0.0,0.0,0.0,0.0,0.0,0.0,0.0,0.0,0.0,0.0,0.0,0.0,0.0,0.0,0.7350192850668406,0.5500694819645252,0.4813174110022686,0.5489952067156421,0.7375467501828664,1.0,0.5375648761659074,0.47660272672136095,0.5524503174809438,0.7354879488141781,0.2858582020785527,0.08634764434982364,0.06059183673396216,0.21506715596483658,0.15346150967511052,0.0,0.0,0.0,0.16157815001348647,0.0,0.0,0.0,0.2745268268108889,0.14580871033113493,0.0,0.0,0.2159684973513671,0.13234480176249355,0.0,0.03616277253702249,0.25433645899616164,0.25294230905171516,0.487466433608242,0.48483202278241105,0.2559129431419263,0.0,0.0,0.0,0.0,0.0,0.0,0.0,0.0,0.2721617077909923
0.0,0.0,0.0,0.0,0.0,0.0,0.0,0.0,0.0,0.0,0.0,0.0,0.0,0.0,0.0,0.0,0.0,0.0,0.0,0.0,0.0,0.0,0.0,0.0,0.0,0.0,0.0,0.0,0.0,0.0,0.0,0.0,0.0,0.0,0.0,0.0,0.0,0.0,0.0,0.0,0.0,0.0,0.0,0.0,0.7298227088379994,0.532804662232905,0.29709915925704944,0.2023010488663583,0.29730968866779045,0.5375648761659074,1.0,0.7368517058927999,0.5418834948160215,0.4701944829968433,0.7308258405712957,0.5451728293009107,0.4764084254961445,0.5430502232838798,0.5198543937065893,0.29351121383393847,0.21182809431200633,0.3047951942362873,0.40782162457726256,0.1535213337091548,0.017359219957497483,0.07141450988288876,0.4208062214403054,0.18622280025484336,0.0,0.0,0.08085236994303537,0.08029759589961677,0.0,0.0,0.37593137527858017,0.0,0.025478021120066446,0.1564243940437198,0.24992043907892056,0.2498155009391308,0.16283911834489417,0.03538675363565105,0.0,0.0,0.0,0.0,0.0,0.42478556838152587
0.0,0.0,0.0,0.0,0.0,0.0,0.0,0.0,0.0,0.0,0.0,0.0,0.0,0.0,0.0,0.0,0.0,0.0,0.0,0.0,0.0,0.0,0.0,0.0,0.0,0.0,0.0,0.0,0.0,0.0,0.0,0.0,0.0,0.0,0.0,0.0,0.0,0.0,0.0,0.0,0.0,0.0,0.0,0.0,0.5455430028325925,0.3053438503201765,0.09638568959003592,0.05775975786592543,0.2149474408695142,0.47660272672136095,0.7368517058927999,1.0,0.7348692653383835,0.5487938631797139,0.5434017393690069,0.47900387651596593,0.5523365526967766,0.7361449390938749,0.2935300948726952,0.08718297906581118,0.05937293097737906,0.21596960507307325,0.17145532594959564,0.0,0.0,0.0,0.22152952731884568,0.0002784323123792863,0.0,0.0,0.0,0.0,0.0,0.0,0.12427002294784303,0.0,0.0,0.25241313023298123,0.4859533709629539,0.4857123570988311,0.2557671391235854,0.0,0.0,0.0,0.0,0.0,0.0,0.2708347993021305
0.0,0.0,0.0,0.0,0.0,0.0,0.0,0.0,0.0,0.0,0.0,0.0,0.0,0.0,0.0,0.0,0.0,0.0,0.0,0.0,0.0,0.0,0.0,0.0,0.0,0.0,0.0,0.0,0.0,0.0,0.0,0.0,0.0,0.0,0.0,0.0,0.0,0.0,0.0,0.0,0.0,0.0,0.0,0.0,0.4771735319807129,0.21892172155923523,0.06676455247154899,0.10368523776404756,0.31420646822245785,0.5524503174809438,0.5418834948160215,0.7348692653383835,1.0,0.7479072801072146,0.29988304941485716,0.21396235529964794,0.31242735015821094,0.5431620680952343,0.07141615782102681,0.0,0.0,0.0,0.0,0.0,0.0,0.0,0.10348779605386953,0.0,0.0,0.0,0.0,0.0,0.0,0.0,0.0,0.0,0.1418953686589642,0.491927631296557,0.6858597137663615,0.393157365827452,0.03658064258578027,0.0,0.0,0.0,0.0,0.0,0.0,0.16898726641167833
0.0,0.0,0.0,0.0,0.0,0.0,0.0,0.0,0.0,0.0,0.0,0.0,0.0,0.0,0.0,0.0,0.0,0.0,0.0,0.0,0.0,0.0,0.0,0.0,0.0,0.0,0.0,0.0,0.0,0.0,0.0,0.0,0.0,0.0,0.0,0.0,0.0,0.0,0.0,0.0,0.0,0.0,0.0,0.0,0.54206584722479,0.3080364316734188,0.21789241687847044,0.3090694732580194,0.5428939343665908,0.7354879488141781,0.4701944829968433,0.5487938631797139,0.7479072801072146,1.0,0.20244459840208967,0.05572202627602623,0.1031154641552907,0.3114714797719802,0.01733041628247163,0.0,0.0,0.0,0.0,0.0,0.0,0.0,0.13018369609217978,0.0,0.0,0.0,0.0,0.020680945834516302,0.0,0.0,0.031558616558657056,0.03311666970243099,0.39212090895359525,0.6859473995062669,0.49262156897038023,0.14238109702705715,0.0,0.0,0.0,0.0,0.0,0.0,0.0,0.17535360985106363
0.0,0.0,0.0,0.0,0.0,0.0,0.0,0.0,0.0,0.0,0.0,0.0,0.0,0.0,0.0,0.0,0.0,0.0,0.0,0.0,0.0,0.0,0.0,0.0,0.0,0.0,0.0,0.0,0.0,0.0,0.0,0.0,0.0,0.0,0.0,0.0,0.0,0.0,0.0,0.0,0.0,0.0,0.0,0.0,0.5221579535016674,0.4317462816332354,0.1750702827716615,0.019920146057119423,0.06690000483141817,0.2858582020785527,0.7308258405712957,0.5434017393690069,0.29988304941485716,0.20244459840208967,1.0,0.7354338519476321,0.5421458949076714,0.4746586861749269,0.7308329467768322,0.5433930376353536,0.47464914428085736,0.5421408863216476,0.5221856038138055,0.28588620825454103,0.20245917319030482,0.299882920217931,0.4317991158693806,0.17512770389141555,0.01997846247281568,0.0669432184550596,0.012207051647104252,0.012275249897981594,0.0,0.0,0.37542369673675047,0.0,0.0,0.0,0.03131848435134596,0.16110472954311988,0.24914418544963282,0.24914467228733483,0.1610975313961488,0.03130913242218649,0.0,0.0,0.0,0.37546735304669
