1.0,0.7383146384209073,0.546979548977477,0.4723968073662768,0.5435426711888487,0.7350223316565194,0.7298227342966302,0.5455487799772363,0.477180167299001,0.5420700195033961,0.5221660132493727,0.2988484438318319,0.21486572441648166,0.30489066154527766,0.4078163693020568,0.17141028571460826,0.03826614116455211,0.08378724372782066,0.3839400111183233,0.16169941990164177,0.0,0.0,0.43161685558877744,0.2491913895498418,0.06578892890187217,0.03207183754990056,0.30561376823323344,0.15787881676986393,0.07161387103757696,0.006914860454892774,0.48601108843231017,0.1587041458620951,0.25014792079670517,0.24827041319120444,0.16324234732414308,0.034560661326957495,0.0,0.0,0.0,0.0,0.0,0.0,0.0,0.3982841107319246,0.0,0.0,0.0,0.0,0.0,0.0,0.0,0.0,0.0,0.0,0.0,0.0,0.0,0.0,0.0,0.0,0.0,0.0,0.0,0.0,0.0,0.0,0.0,0.0,0.0,0.0,0.0,0.0,0.0,0.0,0.0,0.0,0.0,0.0,0.0,0.0,0.0,0.0,0.0,0.0,0.0,0.0,0.0,0.0
0.7383146384209073,1.0,0.7425814591543755,0.5485807328169057,0.48344497456788116,0.5500728139725906,0.5328065019051467,0.3053654727622374,0.2189440188381215,0.308047866145535,0.43173975203502446,0.193560564060166,0.05028581661222158,0.08938105748107782,0.4207031230921707,0.22139420360554296,0.05098678493630289,0.03275934272455991,0.43152893316272967,0.2745445183170974,0.13014723942281775,0.10338092231546457,0.4127368193089196,0.2624623161472025,0.14582792948492468,0.15243198217885506,0.5479722080025766,0.12105551939286521,0.3237504688852772,0.0,0.6868679062533669,0.2547220790020392,0.16941558315771849,0.03585940614265117,0.0,0.0,0.0,0.0,0.0,0.0,0.0,0.0,0.0,0.29016444999271124,0.0,0.0,0.0,0.0,0.0,0.0,0.0,0.0,0.10809227077386181,0.171312132793279,0.0,0.0,0.0,0.0,0.0,0.0,0.0,0.0,0.0,0.0,0.0,0.0,0.0,0.0,0.0,0.0,0.0,0.0,0.0,0.0,0.0,0.0,0.0,0.22254123024873848,0.08685920426867345,0.0,0.0,0.0,0.0,0.0,0.0,0.0,0.0,0.0
0.546979548977477,0.7425814591543755,1.0,0.737506153577777,0.5546011911771009,0.4813179543597899,0.2970981491188937,0.09639767246537351,0.06677916527618198,0.21789890798225034,0.175068104629881,0.0,0.0,0.0,0.18611010843381204,0.00012437685239343577,0.0,0.0,0.249097566943322,0.1458035388106541,0.0,0.0,0.2624606433500795,0.18645675245814175,0.10358465674846377,0.08571143209602744,0.7344828325332209,0.07714533664782831,0.49120738748482173,0.0,0.49268988108480605,0.4850345943230943,0.2581140666943862,0.0,0.0,0.0,0.0,0.0,0.0,0.0,0.0,0.0,0.0,0.1197573745308933,0.0,0.0,0.0,0.0,0.0,0.0,0.0,0.0,0.0,0.11525322790200263,0.0,0.0,0.0,0.0,0.0,0.0,0.0,0.0,0.0,0.0,0.0,0.0,0.0,0.0,0.0,0.0,0.0,0.0,0.0,0.0,0.0,0.0,0.0,0.1918482187902259,0.0,0.0,0.0,0.0,0.0,0.0,0.0,0.0,0.0,0.0
0.4723968073662768,0.5485807328169057,0.737506153577777,1.0,0.7454815230163095,0.5489930045143545,0.2023025031308441,0.057762103585088376,0.10368856542555359,0.30906866805352573,0.019932610394428864,0.0,0.0,0.0,0.0,0.0,0.0,0.0,0.06574136037259495,0.0,0.0,0.0,0.14587960164684283,0.10365533119028345,0.0,0.0,0.5430352023584603,0.06843734402348792,0.3198807000310533,0.0,0.2561470107204906,0.6862578574275879,0.4914744165427534,0.13649191663766,0.0,0.0,0.0,0.0,0.0,0.0,0.0,0.0,0.0,0.04278345583489968,0.0,0.0,0.0,0.0,0.0,0.0,0.0,0.0,0.0,0.0,0.0,0.0,0.0,0.0,0.0,0.0,0.0,0.0,0.0,0.0,0.0,0.0,0.0,0.0,0.0,0.0,0.0,0.0,0.0,0.0,0.0,0.0,0.0,0.0,0.0,0.0,0.0,0.0,0.0,0.0,0.0,0.0,0.0,0.0
0.5435426711888487,0.48344497456788116,0.5546011911771009,0.7454815230163095,1.0,0.737545978885618,0.2973142447938408,0.21494667091451913,0.31420576959752256,0.5428921828327238,0.06692040678749384,0.0,0.0,0.0,0.0,0.0,0.0,0.0,0.03206808348361787,0.0,0.0,0.0,0.15253233456534146,0.08584267079000354,0.0,0.0,0.31206671131427166,0.09455651566309506,0.0780540889203709,0.017711843729918943,0.17053668084382476,0.4894711072478389,0.6859260987529732,0.3900529598583655,0.03785603378424098,0.0,0.0,0.0,0.0,0.0,0.0,0.0,0.0,0.10815839108241296,0.0,0.0,0.0,0.0,0.0,0.0,0.0,0.0,0.0,0.0,0.0,0.0,0.0,0.0,0.0,0.0,0.0,0.0,0.0,0.0,0.0,0.0,0.0,0.0,0.0,0.0,0.0,0.0,0.0,0.0,0.0,0.0,0.0,0.0,0.0,0.0,0.0,0.0,0.0,0.0,0.0,0.0,0.0,0.0
0.7350223316565194,0.5500728139725906,0.4813179543597899,0.5489930045143545,0.737545978885618,1.0,0.5375704098712475,0.4766029279230302,0.5524505057907281,0.7354878822164834,0.28587819497847466,0.08633964479297725,0.060580507086033034,0.21506003879080898,0.1535311092293935,0.0,0.0,0.0,0.16171837867798747,0.0,0.0,0.0,0.2746631522506601,0.1459452013210733,0.0,0.0,0.2159689442343017,0.13245169002830792,0.0,0.036221954975058195,0.25433862300204535,0.25294576773391264,0.4874661887176856,0.48483279251204053,0.25591191141166253,0.0,0.0,0.0,0.0,0.0,0.0,0.0,0.0,0.2722810835408394,0.0,0.0,0.0,0.0,0.0,0.0,0.0,0.0,0.0,0.0,0.0,0.0,0.0,0.0,0.0,0.0,0.0,0.0,0.0,0.0,0.0,0.0,0.0,0.0,0.0,0.0,0.0,0.0,0.0,0.0,0.0,0.0,0.0,0.0,0.0,0.0,0.0,0.0,0.0,0.0,0.0,0.0,0.0,0.0
0.7298227342966302,0.5328065019051467,0.2970981491188937,0.2023025031308441,0.2973142447938408,0.5375704098712475,1.0,0.7368531204987967,0.5418875297663913,0.470201187882328,0.7308325355187072,0.5451763689763345,0.47641619319744977,0.5430541402670799,0.5198739556092256,0.2935208259695466,0.21182650587982368,0.3047950351222265,0.4078421268753014,0.15354562259949692,0.017383534376211297,0.07142873803674452,0.42078270999271655,0.18619049194677037,0.0,0.0,0.0808506002377528,0.08023650714806234,0.0,0.0,0.37593086207328563,0.0,0.025483906226325227,0.1564296426012716,0.24992274598751624,0.2498221807601996,0.16284532401030125,0.03538286793830955,0.0,0.0,0.0,0.0,0.0,0.42474616443077223,0.0,0.0,0.0,0.0,0.0,0.0,0.0,0.0,0.0,0.0,0.0,0.0,0.0,0.0,0.0,0.0,0.0,0.0,0.0,0.0,0.0,0.0,0.0,0.0,0.0,0.0,0.0,0.0,0.0,0.0,0.0,0.0,0.0,0.0,0.0,0.0,0.0,0.0,0.0,0.0,0.0,0.0,0.0,0.0
0.5455487799772363,0.3053654727622374,0.09639767246537351,0.057762103585088376,0.21494667091451913,0.4766029279230302,0.7368531204987967,1.0,0.7348698816397344,0.5487943844841787,0.5434005677217455,0.47900028457485755,0.5523353639799435,0.7361435581353426,0.29353648896657564,0.08718540482234757,0.05936756942407847,0.21596415441938155,0.17145758541016837,0.0,0.0,0.0,0.22149546072658793,0.0002358753582184555,0.0,0.0,0.0,0.0,0.0,0.0,0.12430110044706942,0.0,0.0,0.2524113809887012,0.48595345484604896,0.4857148887906694,0.2557628420368661,0.0,0.0,0.0,0.0,0.0,0.0,0.27078798724447695,0.0,0.0,0.0,0.0,0.0,0.0,0.0,0.0,0.0,0.0,0.0,0.0,0.0,0.0,0.0,0.0,0.0,0.0,0.0,0.0,0.0,0.0,0.0,0.0,0.0,0.0,0.0,0.0,0.0,0.0,0.0,0.0,0.0,0.0,0.0,0.0,0.0,0.0,0.0,0.0,0.0,0.0,0.0,0.0
0.477180167299001,0.2189440188381215,0.06677916527618198,0.10368856542555359,0.31420576959752256,0.5524505057907281,0.5418875297663913,0.7348698816397344,1.0,0.7479066962936943,0.29989138907828855,0.2139576630835534,0.3124181513968199,0.5431541418376852,0.07144486712738077,0.0,0.0,0.0,0.0,0.0,0.0,0.0,0.1035087602223244,0.0,0.0,0.0,0.0,0.0,0.0,0.0,0.0,0.0,0.1418912530565126,0.4919243835167468,0.6858584814863941,0.3931486976521616,0.03656352816950039,0.0,0.0,0.0,0.0,0.0,0.0,0.16899956814879397,0.0,0.0,0.0,0.0,0.0,0.0,0.0,0.0,0.0,0.0,0.0,0.0,0.0,0.0,0.0,0.0,0.0,0.0,0.0,0.0,0.0,0.0,0.0,0.0,0.0,0.0,0.0,0.0,0.0,0.0,0.0,0.0,0.0,0.0,0.0,0.0,0.0,0.0,0.0,0.0,0.0,0.0,0.0,0.0
0.5420700195033961,0.308047866145535,0.21789890798225034,0.30906866805352573,0.5428921828327238,0.7354878822164834,0.470201187882328,0.5487943844841787,0.7479066962936943,1.0,0.20246389555222213,0.05571752299886486,0.10310366886503507,0.31146237020013806,0.017388837040301506,0.0,0.0,0.0,0.0,0.0,0.0,0.0,0.13028500348029987,0.0,0.0,0.0,0.0,0.02075853753128555,0.0,0.0,0.031573147706863085,0.03312055600063226,0.3921167181580624,0.6859460291268232,0.49261908353149914,0.14236984944511477,0.0,0.0,0.0,0.0,0.0,0.0,0.0,0.17544723979440163,0.0,0.0,0.0,0.0,0.0,0.0,0.0,0.0,0.0,0.0,0.0,0.0,0.0,0.0,0.0,0.0,0.0,0.0,0.0,0.0,0.0,0.0,0.0,0.0,0.0,0.0,0.0,0.0,0.0,0.0,0.0,0.0,0.0,0.0,0.0,0.0,0.0,0.0,0.0,0.0,0.0,0.0,0.0,0.0
0.5221660132493727,0.43173975203502446,0.175068104629881,0.019932610394428864,0.06692040678749384,0.28587819497847466,0.7308325355187072,0.5434005677217455,0.29989138907828855,0.20246389555222213,1.0,0.7354322212260845,0.5421439002129508,0.47465260019126154,0.7308359432510051,0.5433970760396934,0.4746502046445561,0.5421427268766823,0.5221791061347741,0.28588749686523346,0.20246630530430512,0.29988846162377525,0.43176815839133936,0.17509698559036735,0.019955378030134006,0.06693532249832589,0.012195879436482926,0.012231709419197703,0.0,0.0,0.37539507369988395,0.0,0.0,0.0,0.03132222407082392,0.16110117889509185,0.24914291496054974,0.24914482814091787,0.1610977190350713,0.031314705149617116,0.0,0.0,0.0,0.37543511308060873,0.0,0.0,0.0,0.0,0.0,0.0,0.0,0.0,0.0931069908095262,0.0045897454341471125,0.0,0.0,0.0,0.0,0.0,0.0,0.0,0.0,0.0,0.0,0.0,0.0,0.0,0.0,0.0,0.0,0.0,0.0,0.0,0.0,0.0,0.0,0.0,0.0,0.14106754270988894,0.0,0.0,0.0,0.0,0.0,0.0,0.0,0.0,0.0
0.2988484438318319,0.193560564060166,0.0,0.0,0.0,0.08633964479297725,0.5451763689763345,0.47900028457485755,0.2139576630835534,0.05571752299886486,0.7354322212260845,1.0,0.736161185151011,0.5512976290341707,0.5451823606396143,0.47900011057963854,0.5512958189050782,0.7361602038812552,0.29886348973881854,0.08635166887887046,0.055722940358121184,0.2139565426031289,0.19358469052587257,0.0,0.0,0.0,0.0,0.0,0.0,0.0,0.15086570753274148,0.0,0.0,0.0,0.0,0.2546603259996885,0.48622239143984114,0.4862239034301022,0.25465793289632727,0.0,0.0,0.0,0.0,0.15089628296417532,0.0,0.0,0.0,0.0,0.0,0.0,0.0,0.0,0.025266404854688375,0.0,0.0,0.0,0.0,0.0,0.0,0.0,0.0,0.0,0.0,0.0,0.0,0.0,0.0,0.0,0.0,0.0,0.0,0.0,0.0,0.0,0.0,0.0,0.0,0.0,0.09452303300168437,0.0,0.0,0.0,0.0,0.0,0.0,0.0,0.0,0.0
0.21486572441648166,0.05028581661222158,0.0,0.0,0.0,0.060580507086033034,0.47641619319744977,0.5523353639799435,0.3124181513968199,0.10310366886503507,0.5421439002129508,0.736161185151011,1.0,0.7473485395222302,0.30480727255050893,0.21596871587808533,0.3119618228439813,0.5435025739559506,0.08381669936589517,0.0,0.0,0.0,0.03280681984439841,0.0,0.0,0.0,0.0,0.0,0.0,0.0,0.0,0.0,0.0,0.0,0.14252115702597326,0.49137956514396797,0.6858845297316761,0.393345861267839,0.035349931015299166,0.0,0.0,0.0,0.0,0.037538188938900166,0.0,0.0,0.0,0.0,0.0,0.0,0.0,0.0,0.0,0.0,0.0,0.0,0.0,0.0,0.0,0.0,0.0,0.0,0.0,0.0,0.0,0.0,0.0,0.0,0.0,0.0,0.0,0.0,0.0,0.0,0.0,0.0,0.0,0.0,0.0,0.0,0.0,0.0,0.0,0.0,0.0,0.0,0.0,0.0
0.30489066154527766,0.08938105748107782,0.0,0.0,0.0,0.21506003879080898,0.5430541402670799,0.7361435581353426,0.5431541418376852,0.31146237020013806,0.47465260019126154,0.5512976290341707,0.7473485395222302,1.0,0.2118437127257101,0.0593743745250338,0.10276635055633439,0.3119622237724749,0.038309475200326154,0.0,0.0,0.0,0.05106388081738125,0.0,0.0,0.0,0.0,0.0,0.0,0.0,0.0,0.0,0.0,0.03563765222786921,0.39419754863689993,0.6859149247949566,0.4914718276300725,0.14153923143567423,0.0,0.0,0.0,0.0,0.0,0.09345959865718918,0.0,0.0,0.0,0.0,0.0,0.0,0.0,0.0,0.0,0.0,0.0,0.0,0.0,0.0,0.0,0.0,0.0,0.0,0.0,0.0,0.0,0.0,0.0,0.0,0.0,0.0,0.0,0.0,0.0,0.0,0.0,0.0,0.0,0.0,0.0,0.0,0.0,0.0,0.0,0.0,0.0,0.0,0.0,0.0
0.4078163693020568,0.4207031230921707,0.18611010843381204,0.0,0.0,0.1535311092293935,0.5198739556092256,0.29353648896657564,0.07144486712738077,0.017388837040301506,0.7308359432510051,0.5451823606396143,0.30480727255050893,0.2118437127257101,1.0,0.7368519126823904,0.5430560438591675,0.4764201009276099,0.729825869171129,0.5375731764363141,0.4702026609241946,0.5418872784333754,0.5328119126968195,0.2971046874152103,0.20230901184262912,0.2973190552621323,0.08013092980478048,0.08085956070314107,0.0,0.0,0.42461811734491217,0.0,0.0,0.0,0.0,0.0,0.035393079038143045,0.16285351520500985,0.24982269290182105,0.24992051118347983,0.15643198126819938,0.02548358128434244,0.0,0.37593710338322345,0.0,0.0,0.0,0.0,0.0,0.0,0.0,0.06265458317018935,0.22375602804891426,0.14657183035441348,0.0,0.0,0.0,0.011384693797331563,0.0,0.0,0.0,0.0,0.0,0.0,0.0,0.0,0.0,0.0,0.0,0.0,0.0,0.0,0.0,0.0,0.0,0.0,0.0,0.07549485825538756,0.22810848048872479,0.0,0.0,0.0,0.0,0.0,0.0,0.0,0.0,0.0
0.17141028571460826,0.22139420360554296,0.00012437685239343577,0.0,0.0,0.0,0.2935208259695466,0.08718540482234757,0.0,0.0,0.5433970760396934,0.47900011057963854,0.21596871587808533,0.0593743745250338,0.7368519126823904,1.0,0.7361445226085854,0.552336038435248,0.5455489284929611,0.4766022781798898,0.5487946388959232,0.7348686296781576,0.3053625456342103,0.09639506806511755,0.057761080609362025,0.2149461242184743,0.0,0.0,0.0,0.0,0.270642368628067,0.0,0.0,0.0,0.0,0.0,0.0,0.2557679759280605,0.4857151595739198,0.48595123310837623,0.2524134573758043,0.0,0.0,0.12429723968937283,0.0,0.0,0.0,0.0,0.0,0.01208445146437603,0.06266578503021789,0.25741433513321993,0.3582781789690245,0.22174128678947636,0.0,0.0,0.03320303809071174,0.2386697797575007,0.0,0.0,0.0,0.0,0.0,0.0,0.0,0.0,0.0,0.0,0.0,0.0,0.0,0.0,0.0,0.0,0.0,0.0,0.0,0.08710702714280283,0.3469438018867756,0.19819109754751638,0.0,0.0,0.0,0.0,0.0,0.0,0.0,0.0
0.03826614116455211,0.05098678493630289,0.0,0.0,0.0,0.0,0.21182650587982368,0.05936756942407847,0.0,0.0,0.4746502046445561,0.5512958189050782,0.3119618228439813,0.10276635055633439,0.5430560438591675,0.7361445226085854,1.0,0.7473476072573078,0.3048936197760924,0.21506025529444903,0.31146147380062855,0.5431499209088728,0.08938088845951744,0.0,0.0,0.0,0.0,0.0,0.0,0.0,0.09336041959790903,0.0,0.0,0.0,0.0,0.0,0.1415399953371623,0.49147432409248926,0.6859144364694889,0.394190177700292,0.03563804269479829,0.0,0.0,0.0,0.0,0.0,0.0,0.0,0.0,0.0,0.011469120044193927,0.23876049069574123,0.2940459426252524,0.0991074828047227,0.0,0.0,0.12257132433588946,0.3098053932211249,0.0,0.0,0.0,0.0,0.0,0.0,0.0,0.0,0.0,0.0,0.0,0.0,0.0,0.0,0.0,0.0,0.0,0.0,0.0,0.0,0.3174060294972837,0.3220815741696559,0.0,0.0,0.0,0.0,0.0,0.0,0.0,0.0
0.08378724372782066,0.03275934272455991,0.0,0.0,0.0,0.0,0.3047950351222265,0.21596415441938155,0.0,0.0,0.5421427268766823,0.7361602038812552,0.5435025739559506,0.3119622237724749,0.4764201009276099,0.552336038435248,0.7473476072573078,1.0,0.21487420038993726,0.060586356416137264,0.10310601789791636,0.3124155239663451,0.05029503075149965,0.0,0.0,0.0,0.0,0.0,0.0,0.0,0.03747997614941654,0.0,0.0,0.0,0.0,0.03535166051045153,0.393346618891595,0.6858881847204713,0.4913787700474435,0.14251400622327795,0.0,0.0,0.0,0.0,0.0,0.0,0.0,0.0,0.0,0.0,0.0,0.03332174222961462,0.11651754683449572,0.0,0.0,0.0,0.0,0.12262050350785222,0.0,0.0,0.0,0.0,0.0,0.0,0.0,0.0,0.0,0.0,0.0,0.0,0.0,0.0,0.0,0.0,0.0,0.0,0.0,0.0,0.17502255780651158,0.1719273632202502,0.0,0.0,0.0,0.0,0.0,0.0,0.0,0.0
0.3839400111183233,0.43152893316272967,0.249097566943322,0.06574136037259495,0.03206808348361787,0.16171837867798747,0.4078421268753014,0.17145758541016837,0.0,0.0,0.5221791061347741,0.29886348973881854,0.08381669936589517,0.038309475200326154,0.729825869171129,0.5455489284929611,0.3048936197760924,0.21487420038993726,1.0,0.7350238268269825,0.5420708025360028,0.47718128226074524,0.7383141197965785,0.5469810942768965,0.4724003466217766,0.5435460011264132,0.15773573306611824,0.30561684281863494,0.006735272821542083,0.07162157550646008,0.3981254267501472,0.0,0.0,0.0,0.0,0.0,0.0,0.0,0.034561043912477635,0.16324214250620203,0.2482710118514084,0.25014685927041724,0.1587084636718905,0.48600817836363824,0.0,0.0,0.0,0.0,0.0,0.0,0.0,0.0,0.1046206507817778,0.09089110719326844,0.0,0.0,0.0,0.0,0.0,0.0,0.0,0.0,0.0,0.0,0.0,0.0,0.0,0.0,0.0,0.0,0.0,0.0,0.0,0.0,0.0,0.0,0.0,0.037724255557363716,0.061193852813795094,0.0,0.0,0.0,0.0,0.0,0.0,0.0,0.0,0.0
0.16169941990164177,0.2745445183170974,0.1458035388106541,0.0,0.0,0.0,0.15354562259949692,0.0,0.0,0.0,0.28588749686523346,0.08635166887887046,0.0,0.0,0.5375731764363141,0.4766022781798898,0.21506025529444903,0.060586356416137264,0.7350238268269825,1.0,0.7354864870566542,0.552450749984767,0.5500700665792537,0.48131466582218446,0.5489920203298708,0.737546502789913,0.13223211992299058,0.21596702267273243,0.03594324193555242,0.0,0.2720867453426819,0.0,0.0,0.0,0.0,0.0,0.0,0.0,0.0,0.2559109975145498,0.4848306393302005,0.4874629153191698,0.25294572410621946,0.2543327718242794,0.0,0.0,0.0,0.0,0.0,0.015524113037484815,0.0,0.011930697095727557,0.1407310519850797,0.15299480542325708,0.0,0.0,0.0,0.0,0.0,0.0,0.0,0.0,0.0,0.0,0.0,0.0,0.0,0.0,0.0,0.0,0.0,0.12447128188485938,0.0,0.21055893397994674,0.0,0.0,0.0,0.06499924484232006,0.03826041917608947,0.0,0.0,0.0,0.0,0.0,0.0,0.0,0.0,0.0013322551415120944
0.0,0.13014723942281775,0.0,0.0,0.0,0.0,0.017383534376211297,0.0,0.0,0.0,0.20246630530430512,0.055722940358121184,0.0,0.0,0.4702026609241946,0.5487946388959232,0.31146147380062855,0.10310601789791636,0.5420708025360028,0.7354864870566542,1.0,0.7479089043561533,0.30804334181661286,0.21789268180002214,0.3090639246735009,0.5428890478971511,0.020512516914697073,0.0,0.0,0.0,0.17524241824455072,0.0,0.0,0.0,0.0,0.0,0.0,0.0,0.1423656557958823,0.4926203515699249,0.6859469177965013,0.39211033745050783,0.0331160213838062,0.03156587713537731,0.09080314376899123,0.0,0.0,0.0,0.0,0.1529866019851477,0.1464051299351697,0.22156335387983878,0.2939944133060229,0.26707392272630587,0.004395133230808773,0.0,0.0,0.09888108612799597,0.0,0.0,0.0,0.0,0.0,0.0,0.0,0.0,0.17132442939650963,0.11538442189898186,0.0,0.0,0.0,0.25029814290013147,0.0,0.2734379556282323,0.0,0.0,0.0,0.11547922425200928,0.15825363236261597,0.0,0.0,0.0,0.0,0.0,0.0,0.0,0.0,0.23125240003082628
0.0,0.10338092231546457,0.0,0.0,0.0,0.0,0.07142873803674452,0.0,0.0,0.0,0.29988846162377525,0.2139565426031289,0.0,0.0,0.5418872784333754,0.7348686296781576,0.5431499209088728,0.3124155239663451,0.47718128226074524,0.552450749984767,0.7479089043561533,1.0,0.2189398097589912,0.06677431340490587,0.10368594991911811,0.31420492317138476,0.0,0.0,0.0,0.0,0.1688168000272383,0.0,0.0,0.0,0.0,0.0,0.0,0.036564822833740074,0.39314197216619606,0.6858570808831169,0.4919288564877926,0.14188680386498398,0.0,0.0,0.10462370760827015,0.0,0.0,0.0,0.0,0.14081045353705557,0.2236778627408412,0.35817619285093555,0.4058645639220242,0.29408792740806894,0.09298974024785998,0.025097133558149656,0.11631351989338642,0.29385951809185173,0.0,0.0,0.0,0.0,0.0,0.0,0.0,0.0,0.10820596892634013,0.0,0.0,0.0,0.0,0.07092250826675593,0.0,0.05443940591399274,0.0,0.0,0.0,0.11645054287548559,0.3083923055766067,0.18117866762329032,0.0,0.0,0.0,0.0,0.0,0.0,0.0,0.18675652785768795
0.43161685558877744,0.4127368193089196,0.2624606433500795,0.14587960164684283,0.15253233456534146,0.2746631522506601,0.42078270999271655,0.22149546072658793,0.1035087602223244,0.13028500348029987,0.43176815839133936,0.19358469052587257,0.03280681984439841,0.05106388081738125,0.5328119126968195,0.3053625456342103,0.08938088845951744,0.05029503075149965,0.7383141197965785,0.5500700665792537,0.30804334181661286,0.2189398097589912,1.0,0.7425832265249143,0.5485827216375256,0.4834445428121502,0.1209970284576307,0.5479757281252601,0.0,0.32375958795032767,0.2900943577585285,0.0,0.0,0.0,0.0,0.0,0.0,0.0,0.0,0.0,0.03585354897355231,0.16941122983924997,0.254725123899506,0.6868640100487787,0.0,0.0,0.0,0.0,0.0,0.0,0.0,0.0,0.0,0.0,0.0,0.0,0.0,0.0,0.0,0.0,0.0,0.0,0.0,0.0,0.0,0.0,0.0,0.0,0.0,0.0,0.0,0.0,0.0,0.0,0.0,0.0,0.0,0.0,0.0,0.0,0.0,0.0,0.0,0.0,0.0,0.0,0.0,0.0
0.2491913895498418,0.2624623161472025,0.18645675245814175,0.10365533119028345,0.08584267079000354,0.1459452013210733,0.18619049194677037,0.0002358753582184555,0.0,0.0,0.17509698559036735,0.0,0.0,0.0,0.2971046874152103,0.09639506806511755,0.0,0.0,0.5469810942768965,0.48131466582218446,0.21789268180002214,0.06677431340490587,0.7425832265249143,1.0,0.7375057226617648,0.5545983378564237,0.0770708425258674,0.7344844426694856,0.0,0.4912109923839561,0.11968425777168382,0.0,0.0,0.0,0.0,0.0,0.0,0.0,0.0,0.0,0.0,0.25810817863106705,0.48503545233521306,0.4926869844199818,0.0,0.0,0.0,0.0,0.0,0.0,0.0,0.0,0.0,0.0,0.0,0.0,0.0,0.0,0.0,0.0,0.0,0.0,0.0,0.0,0.0,0.0,0.0,0.0,0.0,0.0,0.0,0.0,0.0,0.0,0.0,0.0,0.0,0.0,0.0,0.0,0.0,0.0,0.0,0.0,0.0,0.0,0.0,0.0
0.06578892890187217,0.14582792948492468,0.10358465674846377,0.0,0.0,0.0,0.0,0.0,0.0,0.0,0.019955378030134006,0.0,0.0,0.0,0.20230901184262912,0.057761080609362025,0.0,0.0,0.4724003466217766,0.5489920203298708,0.3090639246735009,0.10368594991911811,0.5485827216375256,0.7375057226617648,1.0,0.7454798153049246,0.06827563293530929,0.5430347577542166,0.0,0.3198781826703764,0.04266049057047095,0.0,0.0,0.0,0.0,0.0,0.0,0.0,0.0,0.0,0.13648278217907492,0.4914702488140779,0.6862586358284597,0.25614399420799355,0.0,0.0,0.0,0.0,0.0,0.0,0.0,0.0,0.0,0.0,0.0,0.0,0.0,0.0,0.0,0.0,0.0,0.0,0.0,0.0,0.0,0.0,0.0,0.0,0.0,0.0,0.0,0.0,0.0,0.12242149008399844,0.0,0.0,0.0,0.0,0.0,0.0,0.0,0.0,0.0,0.0,0.0,0.0,0.0,0.0
0.03207183754990056,0.15243198217885506,0.08571143209602744,0.0,0.0,0.0,0.0,0.0,0.0,0.0,0.06693532249832589,0.0,0.0,0.0,0.2973190552621323,0.2149461242184743,0.0,0.0,0.5435460011264132,0.737546502789913,0.5428890478971511,0.31420492317138476,0.4834445428121502,0.5545983378564237,0.7454798153049246,1.0,0.09432756563846682,0.3120644381032069,0.017405046630920903,0.07805061604872056,0.1079871769292357,0.0,0.0,0.0,0.0,0.0,0.0,0.0,0.0,0.03785365556403371,0.3900459266498296,0.6859223181222762,0.48947031159180876,0.17053177478843481,0.0,0.0,0.0,0.0,0.0,0.0,0.0,0.0,0.0,0.0,0.0,0.0,0.0,0.0,0.0,0.0,0.0,0.0,0.0,0.0,0.0,0.0,0.0,0.0,0.0,0.0,0.0,0.17913940056731043,0.0,0.31689731738184707,0.0,0.0,0.0,0.0,0.0,0.0,0.0,0.0,0.0,0.0,0.0,0.0,0.0,0.0
0.30561376823323344,0.5479722080025766,0.7344828325332209,0.5430352023584603,0.31206671131427166,0.2159689442343017,0.0808506002377528,0.0,0.0,0.0,0.012195879436482926,0.0,0.0,0.0,0.08013092980478048,0.0,0.0,0.0,0.15773573306611824,0.13223211992299058,0.020512516914697073,0.0,0.1209970284576307,0.0770708425258674,0.06827563293530929,0.09432756563846682,1.0,0.0,0.7567229374475983,0.0,0.39974470030430814,0.38932638948828113,0.035507957028266396,0.0,0.0,0.0,0.0,0.0,0.0,0.0,0.0,0.0,0.0,0.0,0.0,0.0,0.0,0.0,0.17911634474800486,0.12432713987450954,0.0,0.0,0.07065390502934359,0.2500877508114765,0.0,0.0,0.0,0.0,0.0,0.0,0.0,0.0,0.0,0.0,0.0,0.0,0.0,0.0,0.0,0.0,0.0,0.0,0.0,0.0,0.0,0.0,0.2371208831695386,0.3266062617952898,0.0,0.0,0.0,0.0,0.0,0.0,0.0,0.0,0.0,0.0
0.15787881676986393,0.12105551939286521,0.07714533664782831,0.06843734402348792,0.09455651566309506,0.13245169002830792,0.08023650714806234,0.0,0.0,0.02075853753128555,0.012231709419197703,0.0,0.0,0.0,0.08085956070314107,0.0,0.0,0.0,0.30561684281863494,0.21596702267273243,0.0,0.0,0.5479757281252601,0.7344844426694856,0.5430347577542166,0.3120644381032069,0.0,1.0,0.0,0.7567249491907871,0.0,0.0,0.0,0.0,0.0,0.0,0.0,0.0,0.0,0.0,0.0,0.03550260156900499,0.389325809910002,0.3997449256859712,0.0,0.0,0.0,0.0,0.0,0.0,0.0,0.0,0.0,0.0,0.0,0.0,0.0,0.0,0.0,0.0,0.0,0.0,0.0,0.0,0.0,0.0,0.0,0.0,0.0,0.0,0.0,0.0,0.0,0.0,0.0,0.0,0.0,0.0,0.0,0.0,0.0,0.0,0.0,0.0,0.0,0.0,0.0,0.0
0.07161387103757696,0.3237504688852772,0.49120738748482173,0.3198807000310533,0.0780540889203709,0.0,0.0,0.0,0.0,0.0,0.0,0.0,0.0,0.0,0.0,0.0,0.0,0.0,0.006735272821542083,0.03594324193555242,0.0,0.0,0.0,0.0,0.0,0.017405046630920903,0.7567229374475983,0.0,1.0,0.0,0.23310516771897793,0.22327235263064865,0.0,0.0,0.0,0.0,0.0,0.0,0.0,0.0,0.0,0.0,0.0,0.0,0.0,0.0,0.0,0.12960303820881347,0.335445895494482,0.22271224416310634,0.0,0.0,0.057305589438566895,0.2892232019283257,0.0,0.0,0.0,0.0,0.0,0.0,0.0,0.0,0.0,0.0,0.0,0.0,0.0,0.0,0.0,0.0,0.0,0.0,0.0,0.0,0.0,0.0,0.4107714831059708,0.3479280690202805,0.0,0.0,0.0,0.0,0.0,0.0,0.0,0.0,0.0,0.0
0.006914860454892774,0.0,0.0,0.0,0.017711843729918943,0.036221954975058195,0.0,0.0,0.0,0.0,0.0,0.0,0.0,0.0,0.0,0.0,0.0,0.0,0.07162157550646008,0.0,0.0,0.0,0.32375958795032767,0.4912109923839561,0.3198781826703764,0.07805061604872056,0.0,0.7567249491907871,0.0,1.0,0.0,0.0,0.0,0.0,0.0,0.0,0.0,0.0,0.0,0.0,0.0,0.0,0.2232658020103803,0.233115450210718,0.0,0.0,0.0,0.0,0.0,0.0,0.0,0.0,0.0,0.0,0.0,0.0,0.0,0.0,0.0,0.0,0.0,0.0,0.0,0.0,0.0,0.0,0.0,0.0,0.0,0.0,0.0,0.0,0.0,0.0,0.0,0.0,0.0,0.0,0.0,0.0,0.0,0.0,0.0,0.0,0.0,0.0,0.0,0.0
0.48601108843231017,0.6868679062533669,0.49268988108480605,0.2561470107204906,0.17053668084382476,0.25433862300204535,0.37593086207328563,0.12430110044706942,0.0,0.031573147706863085,0.37539507369988395,0.15086570753274148,0.0,0.0,0.42461811734491217,0.270642368628067,0.09336041959790903,0.03747997614941654,0.3981254267501472,0.2720867453426819,0.17524241824455072,0.1688168000272383,0.2900943577585285,0.11968425777168382,0.04266049057047095,0.1079871769292357,0.39974470030430814,0.0,0.23310516771897793,0.0,1.0,0.0,0.0,0.0,0.0,0.0,0.0,0.0,0.0,0.0,0.0,0.0,0.0,0.16681454369661722,0.0,0.0,0.0,0.0,0.0,0.0018245481939350404,0.0,0.0,0.24116509886992643,0.2988211665035209,0.0,0.0,0.0,0.0,0.0,0.0,0.0,0.0,0.0,0.0,0.0,0.0,0.0,0.0,0.0,0.0,0.0,0.0,0.0,0.0,0.0,0.0,0.0,0.33493962674729566,0.2075679666230546,0.0,0.0,0.0,0.0,0.0,0.0,0.0,0.0,0.0
0.1587041458620951,0.2547220790020392,0.4850345943230943,0.6862578574275879,0.4894711072478389,0.25294576773391264,0.0,0.0,0.0,0.03312055600063226,0.0,0.0,0.0,0.0,0.0,0.0,0.0,0.0,0.0,0.0,0.0,0.0,0.0,0.0,0.0,0.0,0.38932638948828113,0.0,0.22327235263064865,0.0,0.0,1.0,0.40670178414686414,0.0,0.0,0.0,0.0,0.0,0.0,0.0,0.0,0.0,0.0,0.0,0.0,0.0,0.0,0.0,0.0,0.0,0.0,0.0,0.0,0.0,0.0,0.0,0.0,0.0,0.0,0.0,0.0,0.0,0.0,0.0,0.0,0.0,0.0,0.0,0.0,0.0,0.0,0.0,0.0,0.0,0.0,0.0,0.0,0.0,0.0,0.0,0.0,0.0,0.0,0.0,0.0,0.0,0.0,0.0
0.25014792079670517,0.16941558315771849,0.2581140666943862,0.4914744165427534,0.6859260987529732,0.4874661887176856,0.025483906226325227,0.0,0.1418912530565126,0.3921167181580624,0.0,0.0,0.0,0.0,0.0,0.0,0.0,0.0,0.0,0.0,0.0,0.0,0.0,0.0,0.0,0.0,0.035507957028266396,0.0,0.0,0.0,0.0,0.40670178414686414,1.0,0.41914080261572473,0.0,0.0,0.0,0.0,0.0,0.0,0.0,0.0,0.0,0.0,0.0,0.0,0.0,0.0,0.0,0.0,0.0,0.0,0.0,0.0,0.0,0.0,0.0,0.0,0.0,0.0,0.0,0.0,0.0,0.0,0.0,0.0,0.0,0.0,0.0,0.0,0.0,0.0,0.0,0.0,0.0,0.0,0.0,0.0,0.0,0.0,0.0,0.0,0.0,0.0,0.0,0.0,0.0,0.0
0.24827041319120444,0.03585940614265117,0.0,0.13649191663766,0.3900529598583655,0.48483279251204053,0.1564296426012716,0.2524113809887012,0.4919243835167468,0.6859460291268232,0.0,0.0,0.0,0.03563765222786921,0.0,0.0,0.0,0.0,0.0,0.0,0.0,0.0,0.0,0.0,0.0,0.0,0.0,0.0,0.0,0.0,0.0,0.0,0.41914080261572473,1.0,0.40867421361811673,0.0,0.0,0.0,0.0,0.0,0.0,0.0,0.0,0.0,0.0,0.0,0.0,0.0,0.0,0.0,0.0,0.0,0.0,0.0,0.0,0.0,0.0,0.0,0.0,0.0,0.0,0.0,0.0,0.0,0.0,0.0,0.0,0.0,0.0,0.0,0.0,0.0,0.0,0.0,0.0,0.0,0.0,0.0,0.0,0.0,0.0,0.0,0.0,0.0,0.0,0.0,0.0,0.0
0.16324234732414308,0.0,0.0,0.0,0.03785603378424098,0.25591191141166253,0.24992274598751624,0.48595345484604896,0.6858584814863941,0.49261908353149914,0.03132222407082392,0.0,0.14252115702597326,0.39419754863689993,0.0,0.0,0.0,0.0,0.0,0.0,0.0,0.0,0.0,0.0,0.0,0.0,0.0,0.0,0.0,0.0,0.0,0.0,0.0,0.40867421361811673,1.0,0.42561651851149035,0.0,0.0,0.0,0.0,0.0,0.0,0.0,0.0,0.0,0.0,0.0,0.0,0.0,0.0,0.0,0.0,0.0,0.0,0.0,0.0,0.0,0.0,0.0,0.0,0.0,0.0,0.0,0.0,0.0,0.0,0.0,0.0,0.0,0.0,0.0,0.0,0.0,0.0,0.0,0.0,0.0,0.0,0.0,0.0,0.0,0.0,0.0,0.0,0.0,0.0,0.0,0.0
0.034560661326957495,0.0,0.0,0.0,0.0,0.0,0.2498221807601996,0.4857148887906694,0.3931486976521616,0.14236984944511477,0.16110117889509185,0.2546603259996885,0.49137956514396797,0.6859149247949566,0.0,0.0,0.0,0.03535166051045153,0.0,0.0,0.0,0.0,0.0,0.0,0.0,0.0,0.0,0.0,0.0,0.0,0.0,0.0,0.0,0.0,0.42561651851149035,1.0,0.40652805908188344,0.0,0.0,0.0,0.0,0.0,0.0,0.0,0.0,0.0,0.0,0.0,0.0,0.0,0.0,0.0,0.0,0.0,0.0,0.0,0.0,0.0,0.0,0.0,0.0,0.0,0.0,0.0,0.0,0.0,0.0,0.0,0.0,0.0,0.0,0.0,0.0,0.0,0.0,0.0,0.0,0.0,0.0,0.0,0.0,0.0,0.0,0.0,0.0,0.0,0.0,0.0
0.0,0.0,0.0,0.0,0.0,0.0,0.16284532401030125,0.2557628420368661,0.03656352816950039,0.0,0.24914291496054974,0.48622239143984114,0.6858845297316761,0.4914718276300725,0.035393079038143045,0.0,0.1415399953371623,0.393346618891595,0.0,0.0,0.0,0.0,0.0,0.0,0.0,0.0,0.0,0.0,0.0,0.0,0.0,0.0,0.0,0.0,0.0,0.40652805908188344,1.0,0.4240526837949842,0.0,0.0,0.0,0.0,0.0,0.0,0.0,0.0,0.0,0.0,0.0,0.0,0.0,0.0,0.0,0.0,0.0,0.0,0.0,0.0,0.0,0.0,0.0,0.0,0.0,0.0,0.0,0.0,0.0,0.0,0.0,0.0,0.0,0.0,0.0,0.0,0.0,0.0,0.0,0.0,0.0,0.0,0.0,0.0,0.0,0.0,0.0,0.0,0.0,0.0
0.0,0.0,0.0,0.0,0.0,0.0,0.03538286793830955,0.0,0.0,0.0,0.24914482814091787,0.4862239034301022,0.393345861267839,0.14153923143567423,0.16285351520500985,0.2557679759280605,0.49147432409248926,0.6858881847204713,0.0,0.0,0.0,0.036564822833740074,0.0,0.0,0.0,0.0,0.0,0.0,0.0,0.0,0.0,0.0,0.0,0.0,0.0,0.0,0.4240526837949842,1.0,0.40653038923435525,0.0,0.0,0.0,0.0,0.0,0.0,0.0,0.0,0.0,0.0,0.0,0.0,0.0,0.0,0.0,0.0,0.0,0.0,0.0,0.0,0.0,0.0,0.0,0.0,0.0,0.0,0.0,0.0,0.0,0.0,0.0,0.0,0.0,0.0,0.0,0.0,0.0,0.0,0.0,0.0,0.0343326300654266,0.0,0.0,0.0,0.0,0.0,0.0,0.0,0.0
0.0,0.0,0.0,0.0,0.0,0.0,0.0,0.0,0.0,0.0,0.1610977190350713,0.25465793289632727,0.035349931015299166,0.0,0.24982269290182105,0.4857151595739198,0.6859144364694889,0.4913787700474435,0.034561043912477635,0.0,0.1423656557958823,0.39314197216619606,0.0,0.0,0.0,0.0,0.0,0.0,0.0,0.0,0.0,0.0,0.0,0.0,0.0,0.0,0.0,0.40653038923435525,1.0,0.42560355346467876,0.0,0.0,0.0,0.0,0.0,0.0,0.0,0.0,0.0,0.0,0.0,0.25617574502374,0.23430202332105002,0.0,0.0,0.0,0.22204771404203433,0.41610670577238945,0.0,0.0,0.0,0.0,0.0,0.0,0.0,0.0,0.0,0.0,0.0,0.0,0.0,0.0,0.0,0.0,0.0,0.0,0.0,0.0,0.22216531909958437,0.41709001084167807,0.034200693027399184,0.0,0.0,0.0,0.0,0.0,0.0,0.0
0.0,0.0,0.0,0.0,0.0,0.0,0.0,0.0,0.0,0.0,0.031314705149617116,0.0,0.0,0.0,0.24992051118347983,0.48595123310837623,0.394190177700292,0.14251400622327795,0.16324214250620203,0.2559109975145498,0.4926203515699249,0.6858570808831169,0.0,0.0,0.0,0.03785365556403371,0.0,0.0,0.0,0.0,0.0,0.0,0.0,0.0,0.0,0.0,0.0,0.0,0.42560355346467876,1.0,0.40868111120848943,0.0,0.0,0.0,0.07905948913817945,0.0,0.0,0.0,0.0,0.0495210281252493,0.29458777750023574,0.448068838824159,0.39840556135977806,0.2045506496021642,0.18208972546152113,0.12187251106285256,0.22580593425901624,0.40977388923124236,0.0,0.0,0.0,0.0,0.0,0.0,0.0,0.0,0.11240804390993353,0.0,0.0,0.0,0.0,0.0,0.0,0.0,0.0,0.0,0.0,0.0,0.2327409325625518,0.2218992191803688,0.0,0.0,0.0,0.0,0.0,0.0,0.0,0.20772311136493193
0.0,0.0,0.0,0.0,0.0,0.0,0.0,0.0,0.0,0.0,0.0,0.0,0.0,0.0,0.15643198126819938,0.2524134573758043,0.03563804269479829,0.0,0.2482710118514084,0.4848306393302005,0.6859469177965013,0.4919288564877926,0.03585354897355231,0.0,0.13648278217907492,0.3900459266498296,0.0,0.0,0.0,0.0,0.0,0.0,0.0,0.0,0.0,0.0,0.0,0.0,0.0,0.40868111120848943,1.0,0.41912763617659726,0.0,0.0,0.04851938839552678,0.0,0.0,0.0,0.0,0.08386071658454591,0.09722121935634545,0.11223124046685326,0.15024736234917885,0.1490926703072257,0.0,0.0,0.0,0.0,0.0,0.0,0.0,0.0,0.0,0.0,0.0,0.0,0.2874153135475896,0.2479609706966824,0.0,0.0,0.0,0.4221710571630232,0.0,0.42484752855584385,0.0,0.0,0.0,0.0,0.0,0.0,0.0,0.0,0.0,0.0,0.0,0.0,0.0,0.33471630888987175
0.0,0.0,0.0,0.0,0.0,0.0,0.0,0.0,0.0,0.0,0.0,0.0,0.0,0.0,0.02548358128434244,0.0,0.0,0.0,0.25014685927041724,0.4874629153191698,0.39211033745050783,0.14188680386498398,0.16941122983924997,0.25810817863106705,0.4914702488140779,0.6859223181222762,0.0,0.03550260156900499,0.0,0.0,0.0,0.0,0.0,0.0,0.0,0.0,0.0,0.0,0.0,0.0,0.41912763617659726,1.0,0.4066988377351493,0.0,0.0,0.0,0.0,0.0,0.0,0.0,0.0,0.0,0.0,0.0,0.0,0.0,0.0,0.0,0.0,0.0,0.0,0.0,0.0,0.0,0.0,0.0,0.0,0.0,0.0,0.0,0.0,0.30626707094050787,0.0,0.5011945626138256,0.0,0.0,0.0,0.0,0.0,0.0,0.0,0.0,0.0,0.0,0.0,0.0,0.0,0.0
0.0,0.0,0.0,0.0,0.0,0.0,0.0,0.0,0.0,0.0,0.0,0.0,0.0,0.0,0.0,0.0,0.0,0.0,0.1587084636718905,0.25294572410621946,0.0331160213838062,0.0,0.254725123899506,0.48503545233521306,0.6862586358284597,0.48947031159180876,0.0,0.389325809910002,0.0,0.2232658020103803,0.0,0.0,0.0,0.0,0.0,0.0,0.0,0.0,0.0,0.0,0.0,0.4066988377351493,1.0,0.0,0.0,0.0,0.0,0.0,0.0,0.0,0.0,0.0,0.0,0.0,0.0,0.0,0.0,0.0,0.0,0.0,0.0,0.0,0.0,0.0,0.0,0.0,0.0,0.0,0.0,0.0,0.0,0.0,0.0,0.0,0.0,0.0,0.0,0.0,0.0,0.0,0.0,0.0,0.0,0.0,0.0,0.0,0.0,0.0
0.3982841107319246,0.29016444999271124,0.1197573745308933,0.04278345583489968,0.10815839108241296,0.2722810835408394,0.42474616443077223,0.27078798724447695,0.16899956814879397,0.17544723979440163,0.37543511308060873,0.15089628296417532,0.037538188938900166,0.09345959865718918,0.37593710338322345,0.12429723968937283,0.0,0.0,0.48600817836363824,0.2543327718242794,0.03156587713537731,0.0,0.6868640100487787,0.4926869844199818,0.25614399420799355,0.17053177478843481,0.0,0.3997449256859712,0.0,0.233115450210718,0.16681454369661722,0.0,0.0,0.0,0.0,0.0,0.0,0.0,0.0,0.0,0.0,0.0,0.0,1.0,0.0,0.0,0.0,0.0,0.0,0.0,0.0,0.0,0.0,0.0,0.0,0.0,0.0,0.0,0.0,0.0,0.0,0.0,0.0,0.0,0.0,0.0,0.0,0.0,0.0,0.0,0.0,0.0,0.0,0.0,0.0,0.0,0.0,0.0,0.0,0.0,0.0,0.0,0.0,0.0,0.0,0.0,0.0,0.0
0.0,0.0,0.0,0.0,0.0,0.0,0.0,0.0,0.0,0.0,0.0,0.0,0.0,0.0,0.0,0.0,0.0,0.0,0.0,0.0,0.09080314376899123,0.10462370760827015,0.0,0.0,0.0,0.0,0.0,0.0,0.0,0.0,0.0,0.0,0.0,0.0,0.0,0.0,0.0,0.0,0.0,0.07905948913817945,0.04851938839552678,0.0,0.0,0.0,1.0,0.7383146384209073,0.546979548977477,0.4723968073662768,0.5435426711888487,0.7350223316565195,0.7298227342966301,0.5455487799772363,0.477180167299001,0.5420700195033961,0.5221660132493726,0.2988484438318318,0.21486572441648166,0.3048906615452778,0.40781636930205667,0.17141028571460826,0.03826614116455195,0.0837872437278205,0.38394001111832327,0.1616994199016416,0.0,0.0,0.4316168555887773,0.2491913895498418,0.06578892890187217,0.03207183754990056,0.30561376823323344,0.15787881676986376,0.07161387103757696,0.006914860454892774,0.48601108843231017,0.1587041458620952,0.25014792079670517,0.24827041319120452,0.16324234732414317,0.034560661326957495,0.0,0.0,0.0,0.0,0.0,0.0,0.0,0.39828411073192443
0.0,0.0,0.0,0.0,0.0,0.0,0.0,0.0,0.0,0.0,0.0,0.0,0.0,0.0,0.0,0.0,0.0,0.0,0.0,0.0,0.0,0.0,0.0,0.0,0.0,0.0,0.0,0.0,0.0,0.0,0.0,0.0,0.0,0.0,0.0,0.0,0.0,0.0,0.0,0.0,0.0,0.0,0.0,0.0,0.7383146384209073,1.0,0.7425814591543755,0.5485807328169056,0.4834449745678812,0.5500728139725906,0.5328065019051468,0.3053654727622374,0.2189440188381215,0.308047866145535,0.43173975203502446,0.193560564060166,0.05028581661222158,0.08938105748107798,0.4207031230921708,0.22139420360554296,0.05098678493630289,0.03275934272455991,0.43152893316272983,0.2745445183170974,0.13014723942281775,0.10338092231546474,0.41273681930891964,0.2624623161472025,0.14582792948492485,0.15243198217885523,0.5479722080025765,0.12105551939286521,0.3237504688852772,0.0,0.686867906253367,0.2547220790020392,0.16941558315771849,0.03585940614265117,0.0,0.0,0.0,0.0,0.0,0.0,0.0,0.0,0.0,0.2901644499927113
0.0,0.0,0.0,0.0,0.0,0.0,0.0,0.0,0.0,0.0,0.0,0.0,0.0,0.0,0.0,0.0,0.0,0.0,0.0,0.0,0.0,0.0,0.0,0.0,0.0,0.0,0.0,0.0,0.0,0.0,0.0,0.0,0.0,0.0,0.0,0.0,0.0,0.0,0.0,0.0,0.0,0.0,0.0,0.0,0.546979548977477,0.7425814591543755,1.0,0.737506153577777,0.554601191177101,0.4813179543597899,0.2970981491188936,0.09639767246537351,0.06677916527618198,0.21789890798225034,0.175068104629881,0.0,0.0,0.0,0.18611010843381204,0.00012437685239343577,0.0,0.0,0.24909756694332183,0.14580353881065394,0.0,0.0,0.26246064335007935,0.18645675245814175,0.10358465674846377,0.08571143209602744,0.7344828325332209,0.07714533664782816,0.49120738748482184,0.0,0.49268988108480605,0.4850345943230943,0.2581140666943862,0.0,0.0,0.0,0.0,0.0,0.0,0.0,0.0,0.0,0.0,0.1197573745308933
0.0,0.0,0.0,0.0,0.0,0.0,0.0,0.0,0.0,0.0,0.0,0.0,0.0,0.0,0.0,0.0,0.0,0.0,0.0,0.0,0.0,0.0,0.0,0.0,0.0,0.0,0.0,0.0,0.12960303820881347,0.0,0.0,0.0,0.0,0.0,0.0,0.0,0.0,0.0,0.0,0.0,0.0,0.0,0.0,0.0,0.4723968073662768,0.5485807328169056,0.737506153577777,1.0,0.7454815230163095,0.5489930045143545,0.2023025031308441,0.057762103585088376,0.10368856542555359,0.30906866805352573,0.019932610394428698,0.0,0.0,0.0,0.0,0.0,0.0,0.0,0.06574136037259479,0.0,0.0,0.0,0.14587960164684283,0.10365533119028345,0.0,0.0,0.5430352023584603,0.06843734402348776,0.31988070003105323,0.0,0.2561470107204906,0.686257857427588,0.4914744165427535,0.13649191663766,0.0,0.0,0.0,0.0,0.0,0.0,0.0,0.0,0.0,0.04278345583489968
0.0,0.0,0.0,0.0,0.0,0.0,0.0,0.0,0.0,0.0,0.0,0.0,0.0,0.0,0.0,0.0,0.0,0.0,0.0,0.0,0.0,0.0,0.0,0.0,0.0,0.0,0.17911634474800486,0.0,0.335445895494482,0.0,0.0,0.0,0.0,0.0,0.0,0.0,0.0,0.0,0.0,0.0,0.0,0.0,0.0,0.0,0.5435426711888487,0.4834449745678812,0.554601191177101,0.7454815230163095,1.0,0.7375459788856181,0.2973142447938408,0.21494667091451913,0.31420576959752267,0.5428921828327238,0.066920406787494,0.0,0.0,0.0,0.0,0.0,0.0,0.0,0.03206808348361787,0.0,0.0,0.0,0.1525323345653418,0.08584267079000371,0.0,0.0,0.3120667113142718,0.09455651566309506,0.07805408892037105,0.017711843729919272,0.17053668084382484,0.489471107247839,0.6859260987529731,0.3900529598583654,0.03785603378424098,0.0,0.0,0.0,0.0,0.0,0.0,0.0,0.0,0.10815839108241312
0.0,0.0,0.0,0.0,0.0,0.0,0.0,0.0,0.0,0.0,0.0,0.0,0.0,0.0,0.0,0.01208445146437603,0.0,0.0,0.0,0.015524113037484815,0.1529866019851477,0.14081045353705557,0.0,0.0,0.0,0.0,0.12432713987450954,0.0,0.22271224416310634,0.0,0.0018245481939350404,0.0,0.0,0.0,0.0,0.0,0.0,0.0,0.0,0.0495210281252493,0.08386071658454591,0.0,0.0,0.0,0.7350223316565195,0.5500728139725906,0.4813179543597899,0.5489930045143545,0.7375459788856181,1.0,0.5375704098712474,0.4766029279230301,0.5524505057907281,0.7354878822164834,0.28587819497847455,0.08633964479297708,0.060580507086033034,0.21506003879080898,0.1535311092293935,0.0,0.0,0.0,0.16171837867798747,0.0,0.0,0.0,0.27466315225066007,0.14594520132107347,0.0,0.0,0.2159689442343017,0.13245169002830776,0.0,0.03622195497505803,0.25433862300204546,0.2529457677339128,0.4874661887176856,0.4848327925120405,0.25591191141166253,0.0,0.0,0.0,0.0,0.0,0.0,0.0,0.0,0.2722810835408393
0.0,0.0,0.0,0.0,0.0,0.0,0.0,0.0,0.0,0.0,0.0,0.0,0.0,0.0,0.0,0.06266578503021789,0.011469120044193927,0.0,0.0,0.0,0.1464051299351697,0.2236778627408412,0.0,0.0,0.0,0.0,0.0,0.0,0.0,0.0,0.0,0.0,0.0,0.0,0.0,0.0,0.0,0.0,0.0,0.29458777750023574,0.09722121935634545,0.0,0.0,0.0,0.7298227342966301,0.5328065019051468,0.2970981491188936,0.2023025031308441,0.2973142447938408,0.5375704098712474,1.0,0.7368531204987967,0.5418875297663912,0.470201187882328,0.7308325355187072,0.5451763689763346,0.47641619319744977,0.5430541402670799,0.5198739556092256,0.2935208259695467,0.21182650587982368,0.3047950351222265,0.4078421268753016,0.15354562259949708,0.017383534376211297,0.07142873803674468,0.42078270999271666,0.18619049194677037,0.0,0.0,0.0808506002377528,0.08023650714806234,0.0,0.0,0.3759308620732857,0.0,0.025483906226325227,0.1564296426012715,0.24992274598751607,0.24982218076019944,0.16284532401030125,0.03538286793830955,0.0,0.0,0.0,0.0,0.0,0.42474616443077223
0.0,0.0,0.0,0.0,0.0,0.0,0.0,0.0,0.0,0.0,0.0,0.0,0.0,0.0,0.06265458317018935,0.25741433513321993,0.23876049069574123,0.03332174222961462,0.0,0.011930697095727557,0.22156335387983878,0.35817619285093555,0.0,0.0,0.0,0.0,0.0,0.0,0.0,0.0,0.0,0.0,0.0,0.0,0.0,0.0,0.0,0.0,0.25617574502374,0.448068838824159,0.11223124046685326,0.0,0.0,0.0,0.5455487799772363,0.3053654727622374,0.09639767246537351,0.057762103585088376,0.21494667091451913,0.4766029279230301,0.7368531204987967,1.0,0.7348698816397343,0.5487943844841788,0.5434005677217455,0.47900028457485744,0.5523353639799435,0.7361435581353426,0.2935364889665755,0.08718540482234757,0.05936756942407847,0.21596415441938155,0.17145758541016853,0.0,0.0,0.0,0.2214954607265881,0.00023587535821861997,0.0,0.0,0.0,0.0,0.0,0.0,0.12430110044706942,0.0,0.0,0.2524113809887012,0.48595345484604896,0.4857148887906694,0.2557628420368661,0.0,0.0,0.0,0.0,0.0,0.0,0.270787987244477
0.0,0.10809227077386181,0.0,0.0,0.0,0.0,0.0,0.0,0.0,0.0,0.0931069908095262,0.025266404854688375,0.0,0.0,0.22375602804891426,0.3582781789690245,0.2940459426252524,0.11651754683449572,0.1046206507817778,0.1407310519850797,0.2939944133060229,0.4058645639220242,0.0,0.0,0.0,0.0,0.07065390502934359,0.0,0.057305589438566895,0.0,0.24116509886992643,0.0,0.0,0.0,0.0,0.0,0.0,0.0,0.23430202332105002,0.39840556135977806,0.15024736234917885,0.0,0.0,0.0,0.477180167299001,0.2189440188381215,0.06677916527618198,0.10368856542555359,0.31420576959752267,0.5524505057907281,0.5418875297663912,0.7348698816397343,1.0,0.7479066962936943,0.29989138907828855,0.21395766308355324,0.31241815139681983,0.5431541418376852,0.07144486712738062,0.0,0.0,0.0,0.0,0.0,0.0,0.0,0.10350876022232457,0.0,0.0,0.0,0.0,0.0,0.0,0.0,0.0,0.0,0.1418912530565126,0.49192438351674683,0.6858584814863941,0.3931486976521616,0.03656352816950039,0.0,0.0,0.0,0.0,0.0,0.0,0.16899956814879388
