1.0,0.7383167322232317,0.5469799148707408,0.4724004058318217,0.5435446016081945,0.7350218315500777,0.7298237470380219,0.5455506944087535,0.4771860170549895,0.5420708448240592,0.5221653460866901,0.2988603746220708,0.2148676627309361,0.30489165417803804,0.4078023902218783,0.1714363553082542,0.038308122444169354,0.0838184058200047,0.383865445344998,0.1616443802105958,0.0,0.0,0.43145160644938507,0.24900196985074188,0.06563668576028932,0.03197568547209757,0.30561274914536973,0.15765121185517206,0.07161697531172219,0.006675709730188959,0.4860193641160134,0.15870523200763503,0.2501477401915134,0.24826696465193943,0.16324616006248016,0.03455803592148472,0.0,0.0,0.0,0.0,0.0,0.0,0.0,0.3980662601172047,0.0,0.0,0.0,0.0,0.0,0.0,0.0,0.0,0.0,0.0,0.0,0.0,0.0,0.0,0.0,0.0,0.0,0.0,0.0,0.0,0.0,0.005973187185163605,0.0,0.0,0.0,0.0,0.0,0.0,0.0,0.0,0.0,0.0,0.0,0.0,0.0,0.0,0.0,0.0,0.0,0.06598462074474137,0.0,0.0,0.0,0.0
0.7383167322232317,1.0,0.742584347765735,0.5485877833685999,0.4834497286891726,0.5500726739294141,0.5328179505457166,0.3053630155659073,0.21894204294387182,0.3080448002149504,0.43177584031327887,0.19358806795304526,0.05028343427372095,0.08937231910336059,0.42077866134908354,0.22150209871343982,0.05108051548709504,0.03281781421412481,0.43158544231173934,0.2746255895697281,0.13026134648086718,0.10350223413835306,0.4127270997289556,0.26243083524590305,0.14582800007586913,0.15248273203009763,0.5479707745501378,0.12098218033925012,0.32375368704881446,0.0,0.6868695097213741,0.2547253250212529,0.1694191590000849,0.035850199437353944,0.0,0.0,0.0,0.0,0.0,0.0,0.0,0.0,0.0,0.2901042037871575,0.0,0.0,0.0,0.0,0.0,0.0,0.0,0.0,0.0,0.0,0.0,0.0,0.0,0.0,0.0,0.0,0.0,0.0,0.0,0.0,0.0,0.0,0.0,0.0,0.0,0.0,0.0,0.0,0.0,0.0,0.0,0.0,0.0,0.0,0.0,0.0,0.0,0.0,0.0,0.0,0.0,0.0,0.0,0.0
0.5469799148707408,0.742584347765735,1.0,0.7375074472759992,0.5545992223423587,0.48131152654944565,0.29710636868252005,0.09638809284765598,0.06676583508172343,0.2178858029585101,0.17510376648958398,0.0,0.0,0.0,0.18618709036407569,0.0002490368712384752,0.0,0.0,0.24914982424470608,0.1458959793305235,0.0,0.0,0.2624358591572302,0.18639948029448192,0.10357303700999705,0.08577121487824572,0.7344826361957658,0.07702694873221579,0.4912081218981291,0.0,0.4926924969760315,0.48503280543839233,0.25811205879995475,0.0,0.0,0.0,0.0,0.0,0.0,0.0,0.0,0.0,0.0,0.11968581544027529,0.0,0.0,0.0,0.0,0.0,0.0,0.0,0.0,0.0,0.0,0.0,0.0,0.0,0.0,0.0,0.0,0.0,0.0,0.0,0.0,0.0,0.0,0.0,0.0,0.0,0.0,0.0,0.0,0.0,0.0,0.0,0.0,0.0,0.0,0.0,0.0,0.0,0.0,0.0,0.0,0.0,0.0,0.0,0.0
0.4724004058318217,0.5485877833685999,0.7375074472759992,1.0,0.7454800093466506,0.5489890582734936,0.20230654518372695,0.05775256010092314,0.10367460497508847,0.30905526137802486,0.019950197149737704,0.0,0.0,0.0,0.0,0.0,0.0,0.0,0.06570221292023469,0.0,0.0,0.0,0.14573489018452526,0.10343728650904946,0.0,0.0,0.5430364430336153,0.06812885344520715,0.31987757895772445,0.0,0.2561536648727181,0.6862552521980883,0.4914728565723048,0.13646665447826797,0.0,0.0,0.0,0.0,0.0,0.0,0.0,0.0,0.0,0.04260927049782582,0.0,0.0,0.0,0.0,0.0,0.0,0.0,0.0,0.0,0.0,0.0,0.0,0.0,0.0,0.0,0.0,0.0,0.0,0.0,0.0,0.0,0.0,0.0,0.0,0.0,0.0,0.0,0.0,0.0,0.0,0.0,0.0,0.0,0.0,0.0,0.0,0.0,0.0,0.0,0.0,0.0,0.0,0.0,0.0
0.5435446016081945,0.4834497286891726,0.5545992223423587,0.7454800093466506,1.0,0.7375436778792344,0.2973097597748969,0.21493741258173904,0.31419492858902615,0.5428809277897488,0.06691480797214834,0.0,0.0,0.0,0.0,0.0,0.0,0.0,0.03194539189232827,0.0,0.0,0.0,0.15227437506718633,0.08548902624952189,0.0,0.0,0.31206538101469505,0.09408581705647734,0.07804989792964179,0.01717819070127041,0.17054359875300004,0.48946978306957417,0.6859251789107387,0.39003136325017024,0.03784063500981421,0.0,0.0,0.0,0.0,0.0,0.0,0.0,0.0,0.1078692625017448,0.0,0.0,0.0,0.0,0.0,0.0,0.0,0.0,0.0,0.0,0.0,0.0,0.0,0.0,0.0,0.0,0.0,0.0,0.0,0.0,0.056677268563171575,0.12461359540415831,0.0,0.0,0.0,0.0,0.0,0.0,0.0,0.0,0.0,0.0,0.0,0.0,0.0,0.0,0.0,0.0,0.0,0.11083794900577537,0.0,0.0,0.0,0.0
0.7350218315500777,0.5500726739294141,0.48131152654944565,0.5489890582734936,0.7375436778792344,1.0,0.5375621041055421,0.4765993286809727,0.5524515153321781,0.7354867791440035,0.28586140127659715,0.08634916534199916,0.060587302360557836,0.21506266092884394,0.15348201006574066,0.0,0.0,0.0,0.16157514617828336,0.0,0.0,0.0,0.274385379334792,0.1456004856567713,0.0,0.0,0.2159624798587559,0.1320169255478789,0.0,0.035748109212079104,0.254343976710258,0.25294087488224937,0.48746291109339146,0.48482662959064066,0.25591152805989786,0.0,0.0,0.0,0.0,0.0,0.0,0.0,0.0,0.27195000561930466,0.0,0.0,0.0,0.0,0.0,0.0,0.0,0.0,0.0,0.0,0.0,0.0,0.0,0.0,0.0,0.052932776601288395,0.05544242326892422,0.0,0.0,0.0,0.05533045803473032,0.18210338479599147,0.0,0.0,0.0,0.0,0.0,0.0,0.0,0.0,0.0,0.0,0.0,0.0,0.0,0.0,0.0,0.0,0.053600346330450556,0.21120995549605265,0.0,0.0,0.0,0.0
0.7298237470380219,0.5328179505457166,0.29710636868252005,0.20230654518372695,0.2973097597748969,0.5375621041055421,1.0,0.7368538958358634,0.5418866872501724,0.47019117790717496,0.7308253164563903,0.5451782489495841,0.47641391824261775,0.5430549066831505,0.519851527147438,0.2935240332123152,0.21184074280392093,0.3048050877023527,0.4077883640817455,0.1535024598030225,0.01736442533154122,0.07142796858487835,0.4206728780558763,0.18607191921718483,0.0,0.0,0.08086078194480656,0.08009713351561605,0.0,0.0,0.37595656060927224,0.0,0.025473572722360453,0.15641806728918112,0.24992195403839843,0.24982055516578053,0.16284527903754864,0.03539381223609462,0.0,0.0,0.0,0.0,0.0,0.42458148881411073,0.0,0.0,0.0,0.0,0.0,0.0,0.0,0.0,0.0,0.0,0.0,0.0,0.0,0.0,0.0,0.0,0.0,0.0,0.0,0.0,0.0,0.0,0.0,0.0,0.0,0.0,0.0,0.0,0.0,0.0,0.0,0.0,0.0,0.0,0.0,0.0,0.0,0.0,0.0,0.03163757711913034,0.0,0.0,0.0,0.0
0.5455506944087535,0.3053630155659073,0.09638809284765598,0.05775256010092314,0.21493741258173904,0.4765993286809727,0.7368538958358634,1.0,0.7348697385993237,0.5487901000593804,0.5433923813310723,0.47900533375553805,0.5523398191159474,0.7361476810796942,0.29350638576677013,0.08718078602100798,0.059380020951927584,0.21597671420256936,0.1713904664411411,0.0,0.0,0.0,0.22136194020718344,8.040467575167166e-05,0.0,0.0,0.0,0.0,0.0,0.0,0.1243104858113596,0.0,0.0,0.2524078657402038,0.48595395208252845,0.4857150732680941,0.2557700487657205,0.0,0.0,0.0,0.0,0.0,0.0,0.2706012382924014,0.0,0.0,0.0,0.0,0.0,0.0,0.0,0.0,0.0,0.0,0.0,0.0,0.0,0.0,0.0,0.0,0.09031757554689351,0.0,0.0,0.0,0.0,0.02803276504143906,0.0,0.0,0.0,0.0,0.0,0.0,0.0,0.0,0.0,0.0,0.0,0.0,0.0,0.0,0.0,0.0,0.16080938378690163,0.09309540846512246,0.0,0.0,0.0,0.0
0.4771860170549895,0.21894204294387182,0.06676583508172343,0.10367460497508847,0.31419492858902615,0.5524515153321781,0.5418866872501724,0.7348697385993237,1.0,0.7479070988276985,0.29987619437432894,0.21396443399101214,0.3124293818322671,0.5431631319982615,0.07139506475043113,0.0,0.0,0.0,0.0,0.0,0.0,0.0,0.1032928382332851,0.0,0.0,0.0,0.0,0.0,0.0,0.0,0.0,0.0,0.1418733638185061,0.49192492440295,0.6858568678444157,0.3931570009911384,0.03658113556573836,0.0,0.0,0.0,0.0,0.0,0.0,0.16872771077585524,0.0,0.0,0.0,0.0,0.0,0.0,0.0,0.0,0.0,0.0,0.0,0.0,0.0,0.0,0.0,0.17926597342810993,0.30346541882509775,0.13776082740215956,0.0,0.0,0.0,0.20968881189708713,0.0,0.0,0.0,0.0,0.0,0.0,0.0,0.0,0.0,0.0,0.0,0.0,0.0,0.0,0.0,0.012699858310529282,0.34874972870684606,0.24505573250102058,0.0,0.0,0.0,0.0
0.5420708448240592,0.3080448002149504,0.2178858029585101,0.30905526137802486,0.5428809277897488,0.7354867791440035,0.47019117790717496,0.5487901000593804,0.7479070988276985,1.0,0.20243830385719774,0.05572132167796601,0.10311307562356505,0.31146906942692126,0.01732116501392205,0.0,0.0,0.0,0.0,0.0,0.0,0.0,0.12999292612311705,0.0,0.0,0.0,0.0,0.020287668952102912,0.0,0.0,0.03157784244767729,0.0331048188648876,0.39210074639827697,0.6859446192088394,0.49262022949710327,0.14237839034857333,0.0,0.0,0.0,0.0,0.0,0.0,0.0,0.17509850343053301,0.0,0.0,0.0,0.0,0.0,0.0,0.0,0.0,0.0,0.0,0.0,0.0,0.0,0.0,0.0216846887584224,0.24099405946436672,0.28797874239393545,0.09533525917840574,0.0,0.0,0.1272788556743025,0.30824307246477844,0.0,0.0,0.0,0.0,0.0,0.0,0.0,0.0,0.0,0.0,0.0,0.0,0.0,0.0,0.0,0.0,0.2852721435002162,0.32408400473229465,0.0,0.0,0.0,0.0
0.5221653460866901,0.43177584031327887,0.17510376648958398,0.019950197149737704,0.06691480797214834,0.28586140127659715,0.7308253164563903,0.5433923813310723,0.29987619437432894,0.20243830385719774,1.0,0.7354309991008723,0.54214049259248,0.47464883125208435,0.7308282222455856,0.543399962766261,0.47465437014721595,0.5421432828628147,0.522167675146145,0.28587777675469384,0.2024617774378033,0.2998904297443047,0.4317336298475017,0.1750603271120621,0.019921425200666556,0.06691270638555355,0.012246081506092776,0.012187098916873914,0.0,0.0,0.3754644168163444,0.0,0.0,0.0,0.03130693468495659,0.16109531106737868,0.24914221712139786,0.24914315673648327,0.16110178901915737,0.0313201625164595,0.0,0.0,0.0,0.3753629529920279,0.0,0.0,0.0,0.0,0.0,0.0,0.0,0.0,0.0,0.0,0.0,0.0,0.0,0.0,0.0,0.0,0.0,0.0,0.0,0.0,0.0,0.0,0.0,0.0,0.0,0.0,0.0,0.0,0.0,0.0,0.0,0.0,0.0,0.0,0.0,0.0,0.0,0.0,0.0,0.0,0.0,0.0,0.0,0.0
0.2988603746220708,0.19358806795304526,0.0,0.0,0.0,0.08634916534199916,0.5451782489495841,0.47900533375553805,0.21396443399101214,0.05572132167796601,0.7354309991008723,1.0,0.7361611974502912,0.5512984535338692,0.5451760756346066,0.47900106749192456,0.5512983006567902,0.736161223420264,0.29885887464574473,0.08634821003269555,0.05572222139836592,0.21396096333890027,0.19355853197978945,0.0,0.0,0.0,0.0,0.0,0.0,0.0,0.1509102591700732,0.0,0.0,0.0,0.0,0.25466009713533216,0.48622362130468455,0.48622274945421984,0.25465962070802534,0.0,0.0,0.0,0.0,0.15083266978306573,0.0,0.0,0.0,0.0,0.0,0.0,0.0,0.0,0.0,0.0,0.0,0.0,0.0,0.0,0.0,0.0,0.0,0.0,0.0,0.0,0.0,0.0,0.0,0.0,0.0,0.0,0.0,0.0,0.0,0.0,0.0,0.0,0.0,0.0,0.0,0.0,0.0,0.0,0.0,0.0,0.0,0.0,0.0,0.0
0.2148676627309361,0.05028343427372095,0.0,0.0,0.0,0.060587302360557836,0.47641391824261775,0.5523398191159474,0.3124293818322671,0.10311307562356505,0.54214049259248,0.7361611974502912,1.0,0.7473484245806775,0.30479817471889725,0.2159681539099746,0.3119646104518218,0.5435050981929932,0.08380573772682318,0.0,0.0,0.0,0.03276837315061425,0.0,0.0,0.0,0.0,0.0,0.0,0.0,0.0,0.0,0.0,0.0,0.14253621351987678,0.491380830996106,0.6858865036557027,0.39334831303927575,0.03535248858159881,0.0,0.0,0.0,0.0,0.03746345150297127,0.0,0.0,0.0,0.0,0.0,0.0,0.0,0.0,0.0,0.0,0.0,0.0,0.0,0.0,0.0,0.0,0.0,0.0,0.0,0.0,0.0,0.0,0.0,0.0,0.0,0.0,0.0,0.0,0.0,0.0,0.0,0.0,0.0,0.0,0.0,0.0,0.0,0.0,0.0,0.0,0.0,0.0,0.0,0.0
0.30489165417803804,0.08937231910336059,0.0,0.0,0.0,0.21506266092884394,0.5430549066831505,0.7361476810796942,0.5431631319982615,0.31146906942692126,0.47464883125208435,0.5512984535338692,0.7473484245806775,1.0,0.21182591035445722,0.05936959825605299,0.10276970319870042,0.3119654548860467,0.03827629940196697,0.0,0.0,0.0,0.05098897649553624,0.0,0.0,0.0,0.0,0.0,0.0,0.0,0.0,0.0,0.0,0.035647820299803276,0.39421027747032333,0.6859131891064326,0.491472247333778,0.1415438526167647,0.0,0.0,0.0,0.0,0.0,0.09334697391914837,0.0,0.0,0.0,0.0,0.0,0.0,0.0,0.0,0.0,0.0,0.0,0.0,0.0,0.0,0.0,0.0,0.0,0.0,0.0,0.0,0.0,0.0,0.0,0.0,0.0,0.0,0.0,0.0,0.0,0.0,0.0,0.0,0.0,0.0,0.0,0.0,0.0,0.0,0.06631478726549483,0.0,0.0,0.0,0.0,0.0
0.4078023902218783,0.42077866134908354,0.18618709036407569,0.0,0.0,0.15348201006574066,0.519851527147438,0.29350638576677013,0.07139506475043113,0.01732116501392205,0.7308282222455856,0.5451760756346066,0.30479817471889725,0.21182591035445722,1.0,0.7368539747677965,0.5430556105924833,0.4764155289342641,0.729828094334605,0.5375754467716235,0.47020356082751724,0.5418892148592471,0.5328022348591852,0.29709712904941893,0.20229925958508438,0.29731331851188825,0.08025619249179439,0.08084780937735586,0.0,0.0,0.424777398390561,0.0,0.0,0.0,0.0,0.0,0.035389679580548616,0.16284696203869975,0.24982333311332544,0.24992219502523122,0.156431374265455,0.025490209192651048,0.0,0.3758972600225363,0.0,0.0,0.0,0.0,0.0,0.0,0.0,0.0,0.0,0.0,0.0,0.0,0.0,0.0,0.0,0.0,0.0,0.0,0.0,0.0,0.0,0.0,0.0,0.0,0.0,0.0,0.0,0.0,0.0,0.0,0.0,0.0,0.0,0.0,0.0,0.0,0.0,0.0,0.0,0.0,0.0,0.0,0.0,0.0
0.1714363553082542,0.22150209871343982,0.0002490368712384752,0.0,0.0,0.0,0.2935240332123152,0.08718078602100798,0.0,0.0,0.543399962766261,0.47900106749192456,0.2159681539099746,0.05936959825605299,0.7368539747677965,1.0,0.7361450366247839,0.5523355152371704,0.5455510789623277,0.47660708425987675,0.5487977617266959,0.7348718935576882,0.30535696690469405,0.09639548065339583,0.05776084779562978,0.21494780994045773,0.0,0.0,0.0,0.0,0.2708178025714313,0.0,0.0,0.0,0.0,0.0,0.0,0.255765497262305,0.48571621672360765,0.48595271668925677,0.25241282619822525,0.0,0.0,0.12426114968608015,0.0,0.0,0.0,0.0,0.0,0.0,0.0,0.0,0.0,0.0,0.0,0.0,0.0,0.0,0.0,0.0,0.0,0.0,0.0,0.0,0.0,0.0,0.0,0.0,0.0,0.0,0.0,0.0,0.0,0.0,0.0,0.0,0.0,0.0,0.0,0.0,0.0,0.0,0.0,0.0,0.0,0.0,0.0,0.0
0.038308122444169354,0.05108051548709504,0.0,0.0,0.0,0.0,0.21184074280392093,0.059380020951927584,0.0,0.0,0.47465437014721595,0.5512983006567902,0.3119646104518218,0.10276970319870042,0.5430556105924833,0.7361450366247839,1.0,0.7473477919073034,0.3048964448903087,0.21506707079253065,0.31146864359297866,0.5431589196972754,0.08937196258335711,0.0,0.0,0.0,0.0,0.0,0.0,0.0,0.09348820126297608,0.0,0.0,0.0,0.0,0.0,0.1415422920831866,0.4914723941319024,0.685913842349834,0.3941999493975378,0.0356414186448059,0.0,0.0,0.0,0.0,0.0,0.0,0.0,0.0,0.0,0.0,0.0,0.0,0.0,0.0,0.0,0.0,0.0,0.0,0.0,0.0,0.0,0.0,0.0,0.0,0.0,0.0,0.0,0.0,0.0,0.0,0.0,0.0,0.0,0.0,0.0,0.0,0.0,0.0,0.0,0.0,0.0,0.0,0.0,0.0,0.0,0.0,0.0
0.0838184058200047,0.03281781421412481,0.0,0.0,0.0,0.0,0.3048050877023527,0.21597671420256936,0.0,0.0,0.5421432828628147,0.736161223420264,0.5435050981929932,0.3119654548860467,0.4764155289342641,0.5523355152371704,0.7473477919073034,1.0,0.21487380258127783,0.060588870303985604,0.10310979488218162,0.3124225187782115,0.050277706070076034,0.0,0.0,0.0,0.0,0.0,0.0,0.0,0.037557474497219696,0.0,0.0,0.0,0.0,0.035353651017336445,0.39334862145524124,0.6858862949864459,0.49137833531922137,0.14252327810581739,0.0,0.0,0.0,0.0,0.0,0.0,0.0,0.0,0.0,0.0,0.0,0.0,0.0,0.0,0.0,0.0,0.0,0.0,0.0,0.0,0.0,0.0,0.0,0.0,0.0,0.0,0.0,0.0,0.0,0.0,0.0,0.0,0.0,0.0,0.0,0.0,0.0,0.0,0.0,0.0,0.0,0.0,0.0,0.0,0.0,0.0,0.0,0.0
0.383865445344998,0.43158544231173934,0.24914982424470608,0.06570221292023469,0.03194539189232827,0.16157514617828336,0.4077883640817455,0.1713904664411411,0.0,0.0,0.522167675146145,0.29885887464574473,0.08380573772682318,0.03827629940196697,0.729828094334605,0.5455510789623277,0.3048964448903087,0.21487380258127783,1.0,0.7350200420414427,0.5420654971059623,0.47717889669944197,0.7383143897034409,0.5469793234546125,0.47238794031270565,0.5435326343684298,0.15787647410788133,0.30561490090984605,0.006945559327955321,0.07162000913788055,0.39830325926303994,0.0,0.0,0.0,0.0,0.0,0.0,0.0,0.03456569005328536,0.16323910254618992,0.2482650791652893,0.2501421028483333,0.1586930133930249,0.48599499518153405,0.0,0.0,0.0,0.0,0.0,0.0,0.0,0.0,0.0,0.0,0.0,0.0,0.0,0.0,0.0,0.0,0.0,0.0,0.0,0.0,0.0,0.0,0.0,0.0,0.0,0.0,0.0,0.0,0.0,0.0,0.0,0.0,0.0,0.0,0.0,0.0,0.0,0.0,0.0,0.0,0.0,0.0,0.0,0.0
0.1616443802105958,0.2746255895697281,0.1458959793305235,0.0,0.0,0.0,0.1535024598030225,0.0,0.0,0.0,0.28587777675469384,0.08634821003269555,0.0,0.0,0.5375754467716235,0.47660708425987675,0.21506707079253065,0.060588870303985604,0.7350200420414427,1.0,0.7354857609325267,0.5524517342301265,0.5500757208050583,0.4813271786446461,0.5489963440878123,0.7375440591134987,0.13244684073280433,0.21597785386728818,0.0362605968799359,0.0,0.2722874921431655,0.0,0.0,0.0,0.0,0.0,0.0,0.0,0.0,0.25591117487483234,0.4848297575971131,0.48746782381183446,0.2529445093256763,0.2543279781250002,0.0,0.0,0.0,0.0,0.0,0.0,0.0,0.0,0.0,0.0,0.0,0.0,0.0,0.0,0.0,0.0,0.0,0.0,0.0,0.0,0.0,0.0,0.0,0.0,0.0,0.0,0.0,0.0,0.0,0.0,0.0,0.0,0.0,0.0,0.0,0.0,0.0,0.0,0.0,0.0,0.0,0.0,0.0,0.0
0.0,0.13026134648086718,0.0,0.0,0.0,0.0,0.01736442533154122,0.0,0.0,0.0,0.2024617774378033,0.05572222139836592,0.0,0.0,0.47020356082751724,0.5487977617266959,0.31146864359297866,0.10310979488218162,0.5420654971059623,0.7354857609325267,1.0,0.7479085422932163,0.3080443248233873,0.2179040236267735,0.30907347680413866,0.542895178622064,0.02077181133391709,0.0,0.0,0.0,0.17545402985664668,0.0,0.0,0.0,0.0,0.0,0.0,0.0,0.14237811977782003,0.49262016833354594,0.6859448651917988,0.39212965950091905,0.03312195887055932,0.03154991112658522,0.0,0.0,0.0,0.0,0.0,0.0,0.0,0.0,0.0,0.0,0.0,0.0,0.0,0.0,0.0,0.0,0.0,0.0,0.0,0.0,0.0,0.0,0.0,0.0,0.0,0.0,0.0,0.0,0.0,0.0,0.0,0.0,0.0,0.0,0.0,0.0,0.0,0.0,0.0,0.0,0.0,0.0,0.0,0.0
0.0,0.10350223413835306,0.0,0.0,0.0,0.0,0.07142796858487835,0.0,0.0,0.0,0.2998904297443047,0.21396096333890027,0.0,0.0,0.5418892148592471,0.7348718935576882,0.5431589196972754,0.3124225187782115,0.47717889669944197,0.5524517342301265,0.7479085422932163,1.0,0.21893746376504952,0.06678082944138268,0.1036912611584111,0.3142086626543314,0.0,0.0,0.0,0.0,0.16901522701848937,0.0,0.0,0.0,0.0,0.0,0.0,0.036571579411691355,0.39315507436469316,0.6858566340888769,0.4919235831183017,0.1419048265470198,0.0,0.0,0.0,0.0,0.0,0.0,0.0,0.0,0.0,0.0,0.0,0.0,0.0,0.0,0.0,0.0,0.0,0.0,0.0,0.0,0.0,0.0,0.0,0.0,0.0,0.0,0.0,0.0,0.0,0.0,0.0,0.0,0.0,0.0,0.0,0.0,0.0,0.0,0.0,0.0,0.0,0.0,0.0,0.0,0.0,0.0
0.43145160644938507,0.4127270997289556,0.2624358591572302,0.14573489018452526,0.15227437506718633,0.274385379334792,0.4206728780558763,0.22136194020718344,0.1032928382332851,0.12999292612311705,0.4317336298475017,0.19355853197978945,0.03276837315061425,0.05098897649553624,0.5328022348591852,0.30535696690469405,0.08937196258335711,0.050277706070076034,0.7383143897034409,0.5500757208050583,0.3080443248233873,0.21893746376504952,1.0,0.7425807996323871,0.5485741785682664,0.4834405334641867,0.12107766390562336,0.5479738383906072,0.0,0.3237583422009449,0.29020956510313983,0.0,0.0,0.0,0.0,0.0,0.0,0.0,0.0,0.0,0.03585676244575406,0.16941096411683118,0.25471518248548153,0.6868640795435381,0.0,0.0,0.0,0.0,0.0,0.0,0.0,0.0,0.0,0.0,0.0,0.0,0.0,0.0,0.0,0.0,0.0,0.0,0.0,0.0,0.0,0.0,0.0,0.0,0.0,0.0,0.0,0.0,0.0,0.0,0.0,0.0,0.0,0.0,0.0,0.0,0.0,0.0,0.0,0.017905215072138898,0.0,0.0,0.0,0.0
0.24900196985074188,0.26243083524590305,0.18639948029448192,0.10343728650904946,0.08548902624952189,0.1456004856567713,0.18607191921718483,8.040467575167166e-05,0.0,0.0,0.1750603271120621,0.0,0.0,0.0,0.29709712904941893,0.09639548065339583,0.0,0.0,0.5469793234546125,0.4813271786446461,0.2179040236267735,0.06678082944138268,0.7425807996323871,1.0,0.737504756325735,0.5546051608839864,0.07715125889382711,0.7344828043739009,0.0,0.4912085281865297,0.1197877225781356,0.0,0.0,0.0,0.0,0.0,0.0,0.0,0.0,0.0,0.0,0.25811341579013924,0.48503187386576874,0.4926986783464223,0.0,0.0,0.0,0.0,0.0,0.0,0.0,0.0,0.0,0.0,0.0,0.0,0.0,0.0,0.0,0.0,0.0,0.0,0.0,0.0,0.0,0.0,0.0,0.0,0.0,0.0,0.0,0.0,0.0,0.0,0.0,0.0,0.0,0.0,0.0,0.0,0.0,0.0,0.0,0.0,0.0,0.0,0.0,0.0
0.06563668576028932,0.14582800007586913,0.10357303700999705,0.0,0.0,0.0,0.0,0.0,0.0,0.0,0.019921425200666556,0.0,0.0,0.0,0.20229925958508438,0.05776084779562978,0.0,0.0,0.47238794031270565,0.5489963440878123,0.30907347680413866,0.1036912611584111,0.5485741785682664,0.737504756325735,1.0,0.7454850591183382,0.06842029527201661,0.5430365797313216,0.0,0.3198794268541044,0.042790619047375376,0.0,0.0,0.0,0.0,0.0,0.0,0.0,0.0,0.0,0.13650102574831374,0.49147241170969985,0.686255574520718,0.2561463982047696,0.0,0.0,0.0,0.0,0.0,0.0,0.0,0.0,0.0,0.0,0.0,0.0,0.0,0.0,0.0,0.0,0.0,0.0,0.0,0.0,0.0,0.0,0.0,0.0,0.0,0.0,0.0,0.0,0.0,0.0,0.0,0.0,0.0,0.0,0.0,0.0,0.0,0.0,0.0,0.0,0.0,0.0,0.0,0.0
0.03197568547209757,0.15248273203009763,0.08577121487824572,0.0,0.0,0.0,0.0,0.0,0.0,0.0,0.06691270638555355,0.0,0.0,0.0,0.29731331851188825,0.21494780994045773,0.0,0.0,0.5435326343684298,0.7375440591134987,0.542895178622064,0.3142086626543314,0.4834405334641867,0.5546051608839864,0.7454850591183382,1.0,0.09454171333230434,0.31207172540607975,0.01775437907486593,0.07805716992375517,0.1081594096561815,0.0,0.0,0.0,0.0,0.0,0.0,0.0,0.0,0.037858745221850724,0.3900595494097814,0.6859260722061613,0.48947004684921636,0.17052872860910118,0.0,0.0,0.0,0.0,0.0,0.0,0.0,0.0,0.0,0.0,0.0,0.0,0.0,0.0,0.0,0.0,0.0,0.0,0.0,0.0,0.0,0.0,0.0,0.0,0.0,0.0,0.0,0.0,0.0,0.0,0.0,0.0,0.0,0.0,0.0,0.0,0.0,0.0,0.0,0.0,0.0,0.0,0.0,0.0
0.30561274914536973,0.5479707745501378,0.7344826361957658,0.5430364430336153,0.31206538101469505,0.2159624798587559,0.08086078194480656,0.0,0.0,0.0,0.012246081506092776,0.0,0.0,0.0,0.08025619249179439,0.0,0.0,0.0,0.15787647410788133,0.13244684073280433,0.02077181133391709,0.0,0.12107766390562336,0.07715125889382711,0.06842029527201661,0.09454171333230434,1.0,0.0,0.7567238816953032,0.0,0.3997397563969699,0.38932547660941436,0.035507296856036104,0.0,0.0,0.0,0.0,0.0,0.0,0.0,0.0,0.0,0.0,0.0,0.0,0.0,0.0,0.0,0.0,0.0,0.0,0.0,0.0,0.0,0.0,0.0,0.0,0.0,0.0,0.0,0.0,0.0,0.0,0.0,0.0,0.0,0.0,0.0,0.0,0.0,0.0,0.0,0.0,0.0,0.0,0.0,0.0,0.0,0.0,0.0,0.0,0.0,0.0,0.0,0.0,0.0,0.0,0.0
0.15765121185517206,0.12098218033925012,0.07702694873221579,0.06812885344520715,0.09408581705647734,0.1320169255478789,0.08009713351561605,0.0,0.0,0.020287668952102912,0.012187098916873914,0.0,0.0,0.0,0.08084780937735586,0.0,0.0,0.0,0.30561490090984605,0.21597785386728818,0.0,0.0,0.5479738383906072,0.7344828043739009,0.5430365797313216,0.31207172540607975,0.0,1.0,0.0,0.7567241305967871,0.0,0.0,0.0,0.0,0.0,0.0,0.0,0.0,0.0,0.0,0.0,0.035506577747727565,0.38932905854965133,0.39976645293127183,0.0,0.0,0.0,0.0,0.0,0.0,0.0,0.0,0.0,0.0,0.0,0.0,0.0,0.0,0.0,0.0,0.0,0.0,0.0,0.0,0.17208819623591562,0.13832650636246385,0.0,0.0,0.0,0.0,0.0,0.0,0.0,0.0,0.0,0.0,0.0,0.0,0.0,0.0,0.0,0.0,0.0,0.14790479131679843,0.21983982285851625,0.0,0.0,0.0
0.07161697531172219,0.32375368704881446,0.4912081218981291,0.31987757895772445,0.07804989792964179,0.0,0.0,0.0,0.0,0.0,0.0,0.0,0.0,0.0,0.0,0.0,0.0,0.0,0.006945559327955321,0.0362605968799359,0.0,0.0,0.0,0.0,0.0,0.01775437907486593,0.7567238816953032,0.0,1.0,0.0,0.23310673582959976,0.22326327401580218,0.0,0.0,0.0,0.0,0.0,0.0,0.0,0.0,0.0,0.0,0.0,0.0,0.0,0.0,0.0,0.0,0.0,0.0,0.0,0.0,0.0,0.0,0.0,0.0,0.0,0.0,0.0,0.0,0.0,0.0,0.0,0.0,0.0,0.0,0.0,0.0,0.0,0.0,0.0,0.0,0.0,0.0,0.0,0.0,0.0,0.0,0.0,0.0,0.0,0.0,0.0,0.0,0.0,0.0,0.0,0.0
0.006675709730188959,0.0,0.0,0.0,0.01717819070127041,0.035748109212079104,0.0,0.0,0.0,0.0,0.0,0.0,0.0,0.0,0.0,0.0,0.0,0.0,0.07162000913788055,0.0,0.0,0.0,0.3237583422009449,0.4912085281865297,0.3198794268541044,0.07805716992375517,0.0,0.7567241305967871,0.0,1.0,0.0,0.0,0.0,0.0,0.0,0.0,0.0,0.0,0.0,0.0,0.0,0.0,0.22327021092590482,0.23314177074702483,0.0,0.0,0.0,0.0,0.0,0.0,0.0,0.0,0.0,0.0,0.0,0.0,0.0,0.0,0.0,0.0,0.0,0.0,0.0,0.09942676728589216,0.3277358352247395,0.2448070412661953,0.0,0.0,0.0,0.052285754988189506,0.0,0.0,0.0,0.0,0.0,0.0,0.0,0.0,0.0,0.0,0.0,0.0,0.0,0.20977057549560876,0.391010502466893,0.059363753746499937,0.0,0.0
0.4860193641160134,0.6868695097213741,0.4926924969760315,0.2561536648727181,0.17054359875300004,0.254343976710258,0.37595656060927224,0.1243104858113596,0.0,0.03157784244767729,0.3754644168163444,0.1509102591700732,0.0,0.0,0.424777398390561,0.2708178025714313,0.09348820126297608,0.037557474497219696,0.39830325926303994,0.2722874921431655,0.17545402985664668,0.16901522701848937,0.29020956510313983,0.1197877225781356,0.042790619047375376,0.1081594096561815,0.3997397563969699,0.0,0.23310673582959976,0.0,1.0,0.0,0.0,0.0,0.0,0.0,0.0,0.0,0.0,0.0,0.0,0.0,0.0,0.16687477914318216,0.0,0.0,0.0,0.0,0.0,0.0,0.0,0.0,0.0,0.0,0.0,0.0,0.0,0.0,0.0,0.0,0.0,0.0,0.0,0.0,0.0,0.0,0.0,0.0,0.0,0.0,0.0,0.0,0.0,0.0,0.0,0.0,0.0,0.0,0.0,0.0,0.0,0.0,0.0,0.0,0.0,0.0,0.0,0.0
0.15870523200763503,0.2547253250212529,0.48503280543839233,0.6862552521980883,0.48946978306957417,0.25294087488224937,0.0,0.0,0.0,0.0331048188648876,0.0,0.0,0.0,0.0,0.0,0.0,0.0,0.0,0.0,0.0,0.0,0.0,0.0,0.0,0.0,0.0,0.38932547660941436,0.0,0.22326327401580218,0.0,0.0,1.0,0.40670320952514727,0.0,0.0,0.0,0.0,0.0,0.0,0.0,0.0,0.0,0.0,0.0,0.0,0.0,0.0,0.0,0.0,0.0,0.0,0.0,0.0,0.0,0.0,0.0,0.0,0.0,0.0,0.0,0.0,0.0,0.0,0.0,0.0,0.0,0.0,0.0,0.0,0.0,0.0,0.0,0.0,0.0,0.0,0.0,0.0,0.0,0.0,0.0,0.0,0.0,0.0,0.0,0.0,0.0,0.0,0.0
0.2501477401915134,0.1694191590000849,0.25811205879995475,0.4914728565723048,0.6859251789107387,0.48746291109339146,0.025473572722360453,0.0,0.1418733638185061,0.39210074639827697,0.0,0.0,0.0,0.0,0.0,0.0,0.0,0.0,0.0,0.0,0.0,0.0,0.0,0.0,0.0,0.0,0.035507296856036104,0.0,0.0,0.0,0.0,0.40670320952514727,1.0,0.4191037685047243,0.0,0.0,0.0,0.0,0.0,0.0,0.0,0.0,0.0,0.0,0.0,0.0,0.0,0.0,0.0,0.0,0.0,0.0,0.0,0.0,0.0,0.0,0.0,0.0,0.0,0.0,0.0,0.0,0.0,0.0,0.02975535331545037,0.0980398393173973,0.0,0.0,0.0,0.0,0.0,0.0,0.0,0.0,0.0,0.0,0.0,0.0,0.0,0.0,0.0,0.0,0.0,0.02288117624329785,0.0,0.0,0.0,0.0
0.24826696465193943,0.035850199437353944,0.0,0.13646665447826797,0.39003136325017024,0.48482662959064066,0.15641806728918112,0.2524078657402038,0.49192492440295,0.6859446192088394,0.0,0.0,0.0,0.035647820299803276,0.0,0.0,0.0,0.0,0.0,0.0,0.0,0.0,0.0,0.0,0.0,0.0,0.0,0.0,0.0,0.0,0.0,0.0,0.4191037685047243,1.0,0.4086796711445349,0.0,0.0,0.0,0.0,0.0,0.0,0.0,0.0,0.0,0.0,0.0,0.0,0.0,0.0,0.0,0.0,0.0,0.0,0.0,0.0,0.0,0.0,0.0,0.07257641521924316,0.31547677530270146,0.34045953028139986,0.10870641972663256,0.0,0.0,0.1264434817960723,0.3527366706343238,0.0,0.0,0.0,0.0,0.0,0.0,0.0,0.0,0.0,0.0,0.0,0.0,0.0,0.0,0.0,0.0,0.2650657457416024,0.3004960716831977,0.0,0.0,0.0,0.0
0.16324616006248016,0.0,0.0,0.0,0.03784063500981421,0.25591152805989786,0.24992195403839843,0.48595395208252845,0.6858568678444157,0.49262022949710327,0.03130693468495659,0.0,0.14253621351987678,0.39421027747032333,0.0,0.0,0.0,0.0,0.0,0.0,0.0,0.0,0.0,0.0,0.0,0.0,0.0,0.0,0.0,0.0,0.0,0.0,0.0,0.4086796711445349,1.0,0.42563821620277625,0.0,0.0,0.0,0.0,0.0,0.0,0.0,0.0,0.0,0.0,0.0,0.0,0.0,0.0,0.0,0.0,0.0,0.0,0.0,0.0,0.0,0.0,0.0,0.1502157962597759,0.37966048662073437,0.2229658069071528,0.0,0.0,0.0,0.10679861573486271,0.0,0.0,0.0,0.0,0.0,0.0,0.0,0.0,0.0,0.0,0.0,0.0,0.0,0.0,0.0,0.09773780578106493,0.4297156024199955,0.11374988794969507,0.0,0.0,0.0,0.0
0.03455803592148472,0.0,0.0,0.0,0.0,0.0,0.24982055516578053,0.4857150732680941,0.3931570009911384,0.14237839034857333,0.16109531106737868,0.25466009713533216,0.491380830996106,0.6859131891064326,0.0,0.0,0.0,0.035353651017336445,0.0,0.0,0.0,0.0,0.0,0.0,0.0,0.0,0.0,0.0,0.0,0.0,0.0,0.0,0.0,0.0,0.42563821620277625,1.0,0.40653149041879183,0.0,0.0,0.0,0.0,0.0,0.0,0.0,0.0,0.0,0.0,0.0,0.0,0.0,0.0,0.0,0.0,0.0,0.0,0.0,0.0,0.0,0.0,0.0,0.0,0.0,0.0,0.0,0.0,0.0,0.0,0.0,0.0,0.0,0.0,0.0,0.0,0.0,0.0,0.0,0.0,0.0,0.0,0.0,0.0,0.0,0.013865153899309871,0.0,0.0,0.0,0.0,0.0
0.0,0.0,0.0,0.0,0.0,0.0,0.16284527903754864,0.2557700487657205,0.03658113556573836,0.0,0.24914221712139786,0.48622362130468455,0.6858865036557027,0.491472247333778,0.035389679580548616,0.0,0.1415422920831866,0.39334862145524124,0.0,0.0,0.0,0.0,0.0,0.0,0.0,0.0,0.0,0.0,0.0,0.0,0.0,0.0,0.0,0.0,0.0,0.40653149041879183,1.0,0.4240534493191697,0.0,0.0,0.0,0.0,0.0,0.0,0.0,0.0,0.0,0.0,0.0,0.0,0.0,0.0,0.0,0.0,0.0,0.0,0.0,0.0,0.0,0.0,0.0,0.0,0.0,0.0,0.0,0.0,0.0,0.0,0.0,0.0,0.0,0.0,0.0,0.0,0.0,0.0,0.0,0.0,0.0,0.0,0.0,0.0,0.0,0.0,0.0,0.0,0.0,0.0
0.0,0.0,0.0,0.0,0.0,0.0,0.03539381223609462,0.0,0.0,0.0,0.24914315673648327,0.48622274945421984,0.39334831303927575,0.1415438526167647,0.16284696203869975,0.255765497262305,0.4914723941319024,0.6858862949864459,0.0,0.0,0.0,0.036571579411691355,0.0,0.0,0.0,0.0,0.0,0.0,0.0,0.0,0.0,0.0,0.0,0.0,0.0,0.0,0.4240534493191697,1.0,0.40652779144132983,0.0,0.0,0.0,0.0,0.0,0.0,0.0,0.0,0.0,0.0,0.0,0.0,0.0,0.0,0.0,0.0,0.0,0.0,0.0,0.0,0.0,0.0,0.0,0.0,0.0,0.0,0.0,0.0,0.0,0.0,0.0,0.0,0.0,0.0,0.0,0.0,0.0,0.0,0.0,0.0,0.0,0.0,0.0,0.0,0.0,0.0,0.0,0.0,0.0
0.0,0.0,0.0,0.0,0.0,0.0,0.0,0.0,0.0,0.0,0.16110178901915737,0.25465962070802534,0.03535248858159881,0.0,0.24982333311332544,0.48571621672360765,0.685913842349834,0.49137833531922137,0.03456569005328536,0.0,0.14237811977782003,0.39315507436469316,0.0,0.0,0.0,0.0,0.0,0.0,0.0,0.0,0.0,0.0,0.0,0.0,0.0,0.0,0.0,0.40652779144132983,1.0,0.42562408584347267,0.0,0.0,0.0,0.0,0.0,0.0,0.0,0.0,0.0,0.0,0.0,0.0,0.0,0.0,0.0,0.0,0.0,0.0,0.0,0.0,0.0,0.0,0.0,0.0,0.0,0.0,0.0,0.0,0.0,0.0,0.0,0.0,0.0,0.0,0.0,0.0,0.0,0.0,0.0,0.0,0.0,0.0,0.0,0.0,0.0,0.0,0.0,0.0
0.0,0.0,0.0,0.0,0.0,0.0,0.0,0.0,0.0,0.0,0.0313201625164595,0.0,0.0,0.0,0.24992219502523122,0.48595271668925677,0.3941999493975378,0.14252327810581739,0.16323910254618992,0.25591117487483234,0.49262016833354594,0.6858566340888769,0.0,0.0,0.0,0.037858745221850724,0.0,0.0,0.0,0.0,0.0,0.0,0.0,0.0,0.0,0.0,0.0,0.0,0.42562408584347267,1.0,0.40867347056906095,0.0,0.0,0.0,0.0,0.0,0.0,0.0,0.0,0.0,0.0,0.0,0.0,0.0,0.0,0.0,0.0,0.0,0.0,0.0,0.0,0.0,0.0,0.0,0.0,0.0,0.0,0.0,0.0,0.0,0.0,0.0,0.0,0.0,0.0,0.0,0.0,0.0,0.0,0.0,0.0,0.0,0.0,0.0,0.0,0.0,0.0,0.0
0.0,0.0,0.0,0.0,0.0,0.0,0.0,0.0,0.0,0.0,0.0,0.0,0.0,0.0,0.156431374265455,0.25241282619822525,0.0356414186448059,0.0,0.2482650791652893,0.4848297575971131,0.6859448651917988,0.4919235831183017,0.03585676244575406,0.0,0.13650102574831374,0.3900595494097814,0.0,0.0,0.0,0.0,0.0,0.0,0.0,0.0,0.0,0.0,0.0,0.0,0.0,0.40867347056906095,1.0,0.41916503357036217,0.0,0.0,0.0,0.0,0.0,0.0,0.0,0.0,0.0,0.0,0.0,0.0,0.0,0.0,0.0,0.0,0.0,0.0,0.0,0.0,0.0,0.0,0.0,0.0,0.0,0.0,0.0,0.0,0.0,0.0,0.0,0.0,0.0,0.0,0.0,0.0,0.0,0.0,0.0,0.0,0.0,0.0,0.0,0.0,0.0,0.0
0.0,0.0,0.0,0.0,0.0,0.0,0.0,0.0,0.0,0.0,0.0,0.0,0.0,0.0,0.025490209192651048,0.0,0.0,0.0,0.2501421028483333,0.48746782381183446,0.39212965950091905,0.1419048265470198,0.16941096411683118,0.25811341579013924,0.49147241170969985,0.6859260722061613,0.0,0.035506577747727565,0.0,0.0,0.0,0.0,0.0,0.0,0.0,0.0,0.0,0.0,0.0,0.0,0.41916503357036217,1.0,0.40668989104561154,0.0,0.0,0.0,0.0,0.0,0.0,0.0,0.0,0.0,0.0,0.0,0.0,0.0,0.0,0.0,0.0,0.0,0.0,0.0,0.0,0.0,0.0,0.0,0.0,0.0,0.0,0.0,0.0,0.0,0.0,0.0,0.0,0.0,0.0,0.0,0.0,0.0,0.0,0.0,0.0,0.0,0.0,0.0,0.0,0.0
0.0,0.0,0.0,0.0,0.0,0.0,0.0,0.0,0.0,0.0,0.0,0.0,0.0,0.0,0.0,0.0,0.0,0.0,0.1586930133930249,0.2529445093256763,0.03312195887055932,0.0,0.25471518248548153,0.48503187386576874,0.686255574520718,0.48947004684921636,0.0,0.38932905854965133,0.0,0.22327021092590482,0.0,0.0,0.0,0.0,0.0,0.0,0.0,0.0,0.0,0.0,0.0,0.40668989104561154,1.0,0.0,0.0,0.0,0.0,0.0,0.0,0.0,0.0,0.0,0.0,0.0,0.0,0.0,0.0,0.0,0.0,0.0,0.0,0.0,0.0,0.0,0.0,0.0,0.0,0.0,0.0,0.0,0.0,0.0,0.0,0.0,0.0,0.0,0.0,0.0,0.0,0.0,0.0,0.0,0.0,0.0,0.0,0.0,0.0,0.0
0.3980662601172047,0.2901042037871575,0.11968581544027529,0.04260927049782582,0.1078692625017448,0.27195000561930466,0.42458148881411073,0.2706012382924014,0.16872771077585524,0.17509850343053301,0.3753629529920279,0.15083266978306573,0.03746345150297127,0.09334697391914837,0.3758972600225363,0.12426114968608015,0.0,0.0,0.48599499518153405,0.2543279781250002,0.03154991112658522,0.0,0.6868640795435381,0.4926986783464223,0.2561463982047696,0.17052872860910118,0.0,0.39976645293127183,0.0,0.23314177074702483,0.16687477914318216,0.0,0.0,0.0,0.0,0.0,0.0,0.0,0.0,0.0,0.0,0.0,0.0,1.0,0.0,0.0,0.0,0.0,0.0,0.0,0.0,0.0,0.0,0.0,0.0,0.0,0.0,0.0,0.0,0.0,0.0,0.0,0.0,0.0,0.0,0.0,0.0,0.0,0.0,0.0,0.0,0.0,0.0,0.0,0.0,0.0,0.0,0.0,0.0,0.0,0.0,0.0,0.0,0.08751823876580414,0.0,0.0,0.0,0.0
0.0,0.0,0.0,0.0,0.0,0.0,0.0,0.0,0.0,0.0,0.0,0.0,0.0,0.0,0.0,0.0,0.0,0.0,0.0,0.0,0.0,0.0,0.0,0.0,0.0,0.0,0.0,0.0,0.0,0.0,0.0,0.0,0.0,0.0,0.0,0.0,0.0,0.0,0.0,0.0,0.0,0.0,0.0,0.0,1.0,0.7383167322232316,0.5469799148707408,0.47240040583182175,0.5435446016081946,0.7350218315500778,0.7298237470380219,0.5455506944087535,0.47718601705498953,0.5420708448240594,0.52216534608669,0.29886037462207077,0.2148676627309361,0.30489165417803804,0.4078023902218783,0.17143635530825405,0.038308122444169354,0.0838184058200047,0.383865445344998,0.1616443802105958,0.0,0.0,0.43145160644938496,0.24900196985074188,0.06563668576028932,0.03197568547209757,0.30561274914536973,0.1576512118551719,0.07161697531172202,0.006675709730188959,0.4860193641160131,0.15870523200763503,0.2501477401915136,0.2482669646519396,0.16324616006248024,0.03455803592148489,0.0,0.0,0.0,0.0,0.0,0.0,0.0,0.3980662601172047
0.0,0.0,0.0,0.0,0.0,0.0,0.0,0.0,0.0,0.0,0.0,0.0,0.0,0.0,0.0,0.0,0.0,0.0,0.0,0.0,0.0,0.0,0.0,0.0,0.0,0.0,0.0,0.0,0.0,0.0,0.0,0.0,0.0,0.0,0.0,0.0,0.0,0.0,0.0,0.0,0.0,0.0,0.0,0.0,0.7383167322232316,1.0,0.742584347765735,0.5485877833685999,0.4834497286891725,0.5500726739294141,0.5328179505457166,0.3053630155659073,0.21894204294387165,0.30804480021495034,0.43177584031327887,0.19358806795304542,0.05028343427372095,0.08937231910336042,0.42077866134908365,0.22150209871343982,0.051080515487095204,0.032817814214124975,0.4315854423117395,0.27462558956972827,0.13026134648086735,0.10350223413835323,0.4127270997289556,0.26243083524590305,0.14582800007586913,0.15248273203009763,0.5479707745501378,0.12098218033925012,0.3237536870488146,0.0,0.6868695097213741,0.2547253250212527,0.1694191590000848,0.03585019943735378,0.0,0.0,0.0,0.0,0.0,0.0,0.0,0.0,0.0,0.2901042037871575
0.0,0.0,0.0,0.0,0.0,0.0,0.0,0.0,0.0,0.0,0.0,0.0,0.0,0.0,0.0,0.0,0.0,0.0,0.0,0.0,0.0,0.0,0.0,0.0,0.0,0.0,0.0,0.0,0.0,0.0,0.0,0.0,0.0,0.0,0.0,0.0,0.0,0.0,0.0,0.0,0.0,0.0,0.0,0.0,0.5469799148707408,0.742584347765735,1.0,0.7375074472759993,0.5545992223423589,0.4813115265494458,0.29710636868252005,0.09638809284765598,0.06676583508172343,0.21788580295851026,0.17510376648958398,0.0,0.0,0.0,0.18618709036407569,0.0002490368712384752,0.0,0.0,0.24914982424470608,0.1458959793305235,0.0,0.0,0.2624358591572302,0.18639948029448192,0.10357303700999705,0.08577121487824572,0.7344826361957657,0.07702694873221579,0.491208121898129,0.0,0.4926924969760314,0.48503280543839233,0.2581120587999549,0.0,0.0,0.0,0.0,0.0,0.0,0.0,0.0,0.0,0.0,0.11968581544027529
0.0,0.0,0.0,0.0,0.0,0.0,0.0,0.0,0.0,0.0,0.0,0.0,0.0,0.0,0.0,0.0,0.0,0.0,0.0,0.0,0.0,0.0,0.0,0.0,0.0,0.0,0.0,0.0,0.0,0.0,0.0,0.0,0.0,0.0,0.0,0.0,0.0,0.0,0.0,0.0,0.0,0.0,0.0,0.0,0.47240040583182175,0.5485877833685999,0.7375074472759993,1.0,0.7454800093466506,0.5489890582734936,0.20230654518372695,0.05775256010092314,0.10367460497508847,0.30905526137802486,0.019950197149737704,0.0,0.0,0.0,0.0,0.0,0.0,0.0,0.06570221292023469,0.0,0.0,0.0,0.14573489018452526,0.10343728650904946,0.0,0.0,0.5430364430336154,0.06812885344520715,0.3198775789577246,0.0,0.2561536648727181,0.6862552521980883,0.4914728565723047,0.1364666544782678,0.0,0.0,0.0,0.0,0.0,0.0,0.0,0.0,0.0,0.04260927049782582
0.0,0.0,0.0,0.0,0.0,0.0,0.0,0.0,0.0,0.0,0.0,0.0,0.0,0.0,0.0,0.0,0.0,0.0,0.0,0.0,0.0,0.0,0.0,0.0,0.0,0.0,0.0,0.0,0.0,0.0,0.0,0.0,0.0,0.0,0.0,0.0,0.0,0.0,0.0,0.0,0.0,0.0,0.0,0.0,0.5435446016081946,0.4834497286891725,0.5545992223423589,0.7454800093466506,1.0,0.7375436778792344,0.2973097597748969,0.21493741258173904,0.31419492858902615,0.5428809277897488,0.06691480797214834,0.0,0.0,0.0,0.0,0.0,0.0,0.0,0.03194539189232844,0.0,0.0,0.0,0.15227437506718633,0.08548902624952189,0.0,0.0,0.31206538101469516,0.09408581705647734,0.07804989792964179,0.01717819070127041,0.17054359875300004,0.4894697830695742,0.6859251789107387,0.39003136325017024,0.03784063500981421,0.0,0.0,0.0,0.0,0.0,0.0,0.0,0.0,0.1078692625017448
0.0,0.0,0.0,0.0,0.0,0.0,0.0,0.0,0.0,0.0,0.0,0.0,0.0,0.0,0.0,0.0,0.0,0.0,0.0,0.0,0.0,0.0,0.0,0.0,0.0,0.0,0.0,0.0,0.0,0.0,0.0,0.0,0.0,0.0,0.0,0.0,0.0,0.0,0.0,0.0,0.0,0.0,0.0,0.0,0.7350218315500778,0.5500726739294141,0.4813115265494458,0.5489890582734936,0.7375436778792344,1.0,0.5375621041055421,0.4765993286809728,0.5524515153321781,0.7354867791440035,0.2858614012765972,0.08634916534199916,0.060587302360557836,0.2150626609288441,0.15348201006574083,0.0,0.0,0.0,0.16157514617828353,0.0,0.0,0.0,0.274385379334792,0.1456004856567713,0.0,0.0,0.2159624798587559,0.1320169255478789,0.0,0.035748109212079104,0.254343976710258,0.25294087488224937,0.48746291109339146,0.4848266295906406,0.25591152805989786,0.0,0.0,0.0,0.0,0.0,0.0,0.0,0.0,0.27195000561930466
0.0,0.0,0.0,0.0,0.0,0.0,0.0,0.0,0.0,0.0,0.0,0.0,0.0,0.0,0.0,0.0,0.0,0.0,0.0,0.0,0.0,0.0,0.0,0.0,0.0,0.0,0.0,0.0,0.0,0.0,0.0,0.0,0.0,0.0,0.0,0.0,0.0,0.0,0.0,0.0,0.0,0.0,0.0,0.0,0.7298237470380219,0.5328179505457166,0.29710636868252005,0.20230654518372695,0.2973097597748969,0.5375621041055421,1.0,0.7368538958358632,0.5418866872501723,0.47019117790717496,0.7308253164563904,0.5451782489495842,0.47641391824261775,0.5430549066831505,0.5198515271474382,0.29352403321231524,0.2118407428039211,0.3048050877023527,0.40778836408174557,0.1535024598030225,0.01736442533154122,0.07142796858487835,0.4206728780558763,0.18607191921718483,0.0,0.0,0.08086078194480656,0.08009713351561605,0.0,0.0,0.37595656060927224,0.0,0.025473572722360453,0.15641806728918103,0.24992195403839843,0.24982055516578053,0.16284527903754872,0.035393812236094786,0.0,0.0,0.0,0.0,0.0,0.42458148881411073
0.0,0.0,0.0,0.0,0.0,0.0,0.0,0.0,0.0,0.0,0.0,0.0,0.0,0.0,0.0,0.0,0.0,0.0,0.0,0.0,0.0,0.0,0.0,0.0,0.0,0.0,0.0,0.0,0.0,0.0,0.0,0.0,0.0,0.0,0.0,0.0,0.0,0.0,0.0,0.0,0.0,0.0,0.0,0.0,0.5455506944087535,0.3053630155659073,0.09638809284765598,0.05775256010092314,0.21493741258173904,0.4765993286809728,0.7368538958358632,1.0,0.7348697385993237,0.5487901000593806,0.5433923813310723,0.47900533375553805,0.5523398191159473,0.7361476810796942,0.29350638576677013,0.08718078602100798,0.059380020951927584,0.21597671420256936,0.17139046644114125,0.0,0.0,0.0,0.22136194020718344,8.040467575150718e-05,0.0,0.0,0.0,0.0,0.0,0.0,0.12431048581135944,0.0,0.0,0.2524078657402038,0.48595395208252856,0.4857150732680941,0.2557700487657205,0.0,0.0,0.0,0.0,0.0,0.0,0.2706012382924013
0.0,0.0,0.0,0.0,0.0,0.0,0.0,0.0,0.0,0.0,0.0,0.0,0.0,0.0,0.0,0.0,0.0,0.0,0.0,0.0,0.0,0.0,0.0,0.0,0.0,0.0,0.0,0.0,0.0,0.0,0.0,0.0,0.0,0.0,0.0,0.0,0.0,0.0,0.0,0.0,0.0,0.0,0.0,0.0,0.47718601705498953,0.21894204294387165,0.06676583508172343,0.10367460497508847,0.31419492858902615,0.5524515153321781,0.5418866872501723,0.7348697385993237,1.0,0.7479070988276985,0.29987619437432894,0.21396443399101214,0.31242938183226704,0.5431631319982616,0.07139506475043113,0.0,0.0,0.0,0.0,0.0,0.0,0.0,0.1032928382332851,0.0,0.0,0.0,0.0,0.0,0.0,0.0,0.0,0.0,0.1418733638185061,0.49192492440295,0.6858568678444158,0.3931570009911384,0.03658113556573836,0.0,0.0,0.0,0.0,0.0,0.0,0.16872771077585516
0.0,0.0,0.0,0.0,0.0,0.0,0.0,0.0,0.0,0.0,0.0,0.0,0.0,0.0,0.0,0.0,0.0,0.0,0.0,0.0,0.0,0.0,0.0,0.0,0.0,0.0,0.0,0.0,0.0,0.0,0.0,0.0,0.0,0.0,0.0,0.0,0.0,0.0,0.0,0.0,0.0,0.0,0.0,0.0,0.5420708448240594,0.30804480021495034,0.21788580295851026,0.30905526137802486,0.5428809277897488,0.7354867791440035,0.47019117790717496,0.5487901000593806,0.7479070988276985,1.0,0.20243830385719774,0.05572132167796601,0.10311307562356505,0.3114690694269213,0.017321165013922214,0.0,0.0,0.0,0.0,0.0,0.0,0.0,0.12999292612311705,0.0,0.0,0.0,0.0,0.020287668952102912,0.0,0.0,0.03157784244767729,0.0331048188648876,0.39210074639827697,0.6859446192088394,0.49262022949710327,0.14237839034857333,0.0,0.0,0.0,0.0,0.0,0.0,0.0,0.17509850343053301
0.0,0.0,0.0,0.0,0.0,0.0,0.0,0.0,0.0,0.0,0.0,0.0,0.0,0.0,0.0,0.0,0.0,0.0,0.0,0.0,0.0,0.0,0.0,0.0,0.0,0.0,0.0,0.0,0.0,0.0,0.0,0.0,0.0,0.0,0.0,0.0,0.0,0.0,0.0,0.0,0.0,0.0,0.0,0.0,0.52216534608669,0.43177584031327887,0.17510376648958398,0.019950197149737704,0.06691480797214834,0.2858614012765972,0.7308253164563904,0.5433923813310723,0.29987619437432894,0.20243830385719774,1.0,0.7354309991008723,0.54214049259248,0.4746488312520842,0.7308282222455856,0.543399962766261,0.4746543701472161,0.5421432828628147,0.522167675146145,0.28587777675469384,0.20246177743780347,0.2998904297443047,0.4317336298475017,0.1750603271120621,0.019921425200666556,0.06691270638555355,0.012246081506092776,0.012187098916873914,0.0,0.0,0.3754644168163444,0.0,0.0,0.0,0.03130693468495659,0.16109531106737868,0.24914221712139786,0.24914315673648343,0.16110178901915737,0.0313201625164595,0.0,0.0,0.0,0.375362952992028
