1.0,0.7383168096688553,0.5469800915500252,0.47240035561356997,0.5435446288533473,0.7350217856576449,0.7298237783547752,0.5455504432270867,0.4771858763378873,0.5420707284358037,0.5221654088190341,0.29886031475180475,0.2148676015652435,0.30489158484654594,0.40780241352349245,0.17143644941984104,0.038308142754454495,0.08381849400861388,0.38386559268355736,0.16164446164502158,0.0,0.0,0.43145159188192744,0.24900202450154577,0.06563683311224103,0.031975745994856725,0.3056127282400188,0.15765122639393303,0.07161700241807441,0.006675744117080976,0.48601950333163496,0.15870528411046655,0.25014777117584786,0.24826687099053946,0.16324615199692624,0.03455807763882015,0.0,0.0,0.0,0.0,0.0,0.0,0.0,0.3980662712854039,0.0,0.0,0.0,0.0,0.0,0.0,0.0,0.0,0.0,0.0,0.0,0.0,0.0,0.0,0.0,0.0,0.0,0.0,0.0,0.0,0.0,0.0,0.0,0.02420156656598227,0.0,0.0,0.0,0.052547473267609536,0.0,0.0,0.0,0.0,0.0,0.0,0.0,0.0,0.0,0.0,0.0,0.0,0.0,0.0,0.0,0.0
0.7383168096688553,1.0,0.742584469707568,0.54858780022714,0.48344984132935537,0.5500727076728621,0.5328179868283258,0.3053628059575113,0.21894198212135113,0.3080447703764638,0.43177588762092145,0.19358798853115972,0.05028336124646724,0.08937229118128887,0.4207786408627271,0.22150205688664723,0.05108048081174586,0.03281786141117832,0.431585451290429,0.2746255859739553,0.13026133893094305,0.10350216074757929,0.4127271038860653,0.2624308628561348,0.1458280777291069,0.152482733720038,0.5479707130902438,0.1209822169192351,0.3237536627977601,0.0,0.686869534915293,0.2547253927680186,0.16941928384809782,0.03585019597412292,0.0,0.0,0.0,0.0,0.0,0.0,0.0,0.0,0.0,0.29010417925609333,0.0,0.0,0.0,0.0,0.0,0.0,0.0,0.0,0.0,0.0,0.0,0.0,0.0,0.0,0.0,0.0,0.0,0.0,0.0,0.0,0.0,0.0,0.0,0.0,0.0,0.0,0.0,0.0,0.0,0.0,0.0,0.0,0.0,0.0,0.0,0.0,0.0,0.0,0.0,0.0,0.0,0.0,0.0,0.0
0.5469800915500252,0.742584469707568,1.0,0.7375075087126569,0.5545993978751846,0.4813116611120704,0.29710653746472465,0.09638803051440599,0.06676589828817667,0.21788587919120234,0.1751039331905986,0.0,0.0,0.0,0.18618716068320365,0.00024903852955623814,0.0,0.0,0.24914982606376818,0.14589595237662498,0.0,0.0,0.2624359158771133,0.1863994813106429,0.1035730414949377,0.08577115693259581,0.7344824217730005,0.07702697133502036,0.4912079429900207,0.0,0.49269257600470645,0.485032805802267,0.2581122371701916,0.0,0.0,0.0,0.0,0.0,0.0,0.0,0.0,0.0,0.0,0.1196858451639597,0.0,0.0,0.0,0.0,0.0,0.0,0.0,0.0,0.0,0.0,0.0,0.0,0.0,0.0,0.0,0.0,0.0,0.0,0.0,0.0,0.0,0.0,0.0,0.0,0.0,0.0,0.0,0.0,0.0,0.0,0.0,0.0,0.0,0.0,0.0,0.0,0.0,0.0,0.0,0.0,0.0,0.0,0.0,0.0
0.47240035561356997,0.54858780022714,0.7375075087126569,1.0,0.7454799772483198,0.5489889648559495,0.2023065273212696,0.05775230597153745,0.10367443265082908,0.3090551069937141,0.019950212556348178,0.0,0.0,0.0,0.0,0.0,0.0,0.0,0.0657022100962306,0.0,0.0,0.0,0.14573488635334905,0.10343729237088622,0.0,0.0,0.5430364350328618,0.06812885414287492,0.31987759198183796,0.0,0.2561537079268579,0.6862553564241057,0.49147287892066155,0.1364665239939062,0.0,0.0,0.0,0.0,0.0,0.0,0.0,0.0,0.0,0.04260921318381039,0.0,0.0,0.0,0.0,0.0,0.0,0.0,0.0,0.0,0.0,0.0,0.0,0.0,0.0,0.0,0.0,0.0,0.0,0.0,0.0,0.0,0.0,0.0,0.0,0.0,0.0,0.0,0.0,0.0,0.0,0.0,0.0,0.0,0.0,0.0,0.0,0.0,0.0,0.0,0.0,0.0,0.0,0.0,0.0
0.5435446288533473,0.48344984132935537,0.5545993978751846,0.7454799772483198,1.0,0.7375436838486773,0.2973098368705578,0.21493728259045364,0.3141948372282428,0.5428808431982711,0.066914898824625,0.0,0.0,0.0,0.0,0.0,0.0,0.0,0.03194549831197832,0.0,0.0,0.0,0.15227439647460342,0.08548907049633764,0.0,0.0,0.31206537390044964,0.09408582553885904,0.07804990975292307,0.017178218005543325,0.17054373649079982,0.4894698543024061,0.6859251914050656,0.39003127212020783,0.037840673933969796,0.0,0.0,0.0,0.0,0.0,0.0,0.0,0.0,0.10786929511409796,0.0,0.0,0.0,0.0,0.0,0.0,0.0,0.0,0.0,0.0,0.0,0.0,0.0,0.0,0.0,0.0,0.0,0.0,0.0,0.0,0.0,0.0,0.0,0.0,0.0,0.0,0.0,0.0,0.0,0.0,0.0,0.0,0.0,0.0,0.0,0.0,0.0,0.0,0.0,0.0,0.0,0.0,0.0,0.0
0.7350217856576449,0.5500727076728621,0.4813116611120704,0.5489889648559495,0.7375436838486773,1.0,0.5375621467140166,0.4765991908356637,0.5524514372575963,0.7354867184546514,0.2858614379178622,0.08634910201812132,0.060587277454025035,0.21506261483375733,0.15348199445035252,0.0,0.0,0.0,0.16157524559574246,0.0,0.0,0.0,0.27438533567722934,0.14560050929399024,0.0,0.0,0.215962397113099,0.13201692101175663,0.0,0.03574816886647691,0.2543440523391893,0.2529409114369867,0.48746294881355157,0.48482659344952367,0.25591159512510436,0.0,0.0,0.0,0.0,0.0,0.0,0.0,0.0,0.2719500314013702,0.0,0.0,0.0,0.0,0.0,0.0,0.0,0.0,0.0,0.0,0.0,0.0,0.0,0.0,0.0,0.0,0.0,0.0,0.0,0.0,0.0,0.0,0.0,0.0,0.0,0.0,0.0,0.0,0.0,0.0,0.0,0.0,0.0,0.0,0.0,0.0,0.0,0.0,0.0,0.0,0.0,0.0,0.0,0.0
0.7298237783547752,0.5328179868283258,0.29710653746472465,0.2023065273212696,0.2973098368705578,0.5375621467140166,1.0,0.7368536524795753,0.5418866308559137,0.4701911705527285,0.7308253041881576,0.5451781370531184,0.4764138208960934,0.543054836837257,0.5198514907855514,0.2935241317438421,0.2118406937749213,0.30480511280845624,0.4077885520700161,0.15350253389187918,0.017364469742004677,0.07142791881254444,0.4206728457699461,0.18607200232170726,0.0,0.0,0.08086075793931827,0.08009718506486586,0.0,0.0,0.37595664814874563,0.0,0.025473656787025643,0.1564180643445698,0.249921981244449,0.24982059801097514,0.16284523591033556,0.0353937288418622,0.0,0.0,0.0,0.0,0.0,0.4245815560210722,0.0,0.0,0.0,0.0,0.0,0.0,0.0,0.0,0.0,0.0,0.0,0.0,0.0,0.0,0.0,0.0,0.0,0.0,0.0,0.0,0.0,0.0,0.08732669412339045,0.20056238706639753,0.1835000802819886,0.06921285293028934,0.0,0.21464136540672538,0.0,0.13404774187961496,0.0,0.0,0.0,0.0,0.0,0.0,0.0,0.0,0.0,0.0,0.0,0.0,0.07111055391744943,0.0
0.5455504432270867,0.3053628059575113,0.09638803051440599,0.05775230597153745,0.21493728259045364,0.4765991908356637,0.7368536524795753,1.0,0.7348697926862866,0.5487900640077074,0.543392186237063,0.4790052091131415,0.552339859689666,0.7361477788364045,0.2935061604455458,0.08718076758611322,0.05937987513191128,0.21597668971011158,0.1713904510115791,0.0,0.0,0.0,0.22136167204363186,8.027074115788566e-05,0.0,0.0,0.0,0.0,0.0,0.0,0.12431033418107958,0.0,0.0,0.25240784687918455,0.4859541300427468,0.4857153652547714,0.25577012778776037,0.0,0.0,0.0,0.0,0.0,0.0,0.27060113620452997,0.0,0.0,0.0,0.0,0.0,0.0,0.0,0.0,0.0,0.0,0.0,0.0,0.0,0.0,0.0,0.0,0.0,0.0,0.0,0.0,0.0,0.0,0.0,0.16825766103634898,0.16023565448997407,0.0,0.0,0.248982349675566,0.0,0.2213488574366479,0.0,0.0,0.0,0.0,0.0,0.0,0.0,0.0,0.0,0.0,0.0,0.0,0.10425904043197616,0.0
0.4771858763378873,0.21894198212135113,0.06676589828817667,0.10367443265082908,0.3141948372282428,0.5524514372575963,0.5418866308559137,0.7348697926862866,1.0,0.7479070705060871,0.29987613551155495,0.2139643609617926,0.31242940134825775,0.5431630972847356,0.0713949731030093,0.0,0.0,0.0,0.0,0.0,0.0,0.0,0.10329269135130527,0.0,0.0,0.0,0.0,0.0,0.0,0.0,0.0,0.0,0.14187329065554796,0.49192488713591653,0.6858570030256869,0.3931571340637132,0.036581152536846503,0.0,0.0,0.0,0.0,0.0,0.0,0.16872772062885794,0.0,0.0,0.0,0.0,0.0,0.0,0.0,0.0,0.0,0.0,0.0,0.0,0.0,0.0,0.0,0.0,0.0,0.0,0.0,0.0,0.0,0.0,0.0,0.020191206886525873,0.0,0.0,0.0,0.16398429354096838,0.0,0.20366743448827923,0.0,0.0,0.0,0.0,0.0,0.0,0.0,0.0,0.0,0.0,0.0,0.0,0.0,0.0
0.5420707284358037,0.3080447703764638,0.21788587919120234,0.3090551069937141,0.5428808431982711,0.7354867184546514,0.4701911705527285,0.5487900640077074,0.7479070705060871,1.0,0.20243828418593823,0.05572124357330171,0.10311307193904799,0.31146902443338703,0.01732109735024393,0.0,0.0,0.0,0.0,0.0,0.0,0.0,0.12999281630449125,0.0,0.0,0.0,0.0,0.02028761883172889,0.0,0.0,0.03157786421453919,0.03310480194306941,0.39210069563590233,0.6859446224763146,0.4926203501073806,0.14237849676982078,0.0,0.0,0.0,0.0,0.0,0.0,0.0,0.17509852179511265,0.0,0.0,0.0,0.0,0.0,0.0,0.0,0.0,0.0,0.0,0.0,0.0,0.0,0.0,0.0,0.0,0.0,0.0,0.0,0.0,0.0,0.0,0.0,0.0,0.0,0.0,0.0,0.04712363471924377,0.0,0.09121784988149956,0.0,0.0,0.0,0.0,0.0,0.0,0.0,0.0,0.0,0.0,0.0,0.0,0.0,0.0
0.5221654088190341,0.43177588762092145,0.1751039331905986,0.019950212556348178,0.066914898824625,0.2858614379178622,0.7308253041881576,0.543392186237063,0.29987613551155495,0.20243828418593823,1.0,0.735430857293222,0.5421403375650108,0.47464876892575875,0.7308282356154222,0.5434001264147206,0.4746543317684077,0.542143303228475,0.5221679239061022,0.28587791668521684,0.20246187268022234,0.299890423008268,0.4317336455516559,0.17506044439821702,0.019921618110738504,0.06691283258011271,0.012246109446244366,0.012187179191904488,0.0,0.0,0.3754645182202287,0.0,0.0,0.0,0.031306928938473796,0.1610953121415475,0.24914214866803258,0.24914304586680291,0.1611018584269286,0.03132025774003223,0.0,0.0,0.0,0.3753630160165138,0.0,0.0,0.0,0.0,0.0,0.0,0.0,0.0,0.0,0.0,0.0,0.0,0.0,0.0,0.0,0.0,0.0,0.0,0.11771246924921769,0.17346382239684735,0.03490371733580725,0.0,0.17693949565499506,0.2782550447550731,0.324003434527799,0.2702652169653387,0.0,0.20559679222678737,0.0,0.06439270702293363,0.0,0.0,0.0,0.0,0.0,0.0,0.0,0.0,0.0,0.0,0.0,0.10145765953170836,0.1901214672151851,0.0
0.29886031475180475,0.19358798853115972,0.0,0.0,0.0,0.08634910201812132,0.5451781370531184,0.4790052091131415,0.2139643609617926,0.05572124357330171,0.735430857293222,1.0,0.7361611230929787,0.5512984585663371,0.5451759904273094,0.4790012546796189,0.5512982932065118,0.7361613260458154,0.29885899889744594,0.08634824867505335,0.05572223775210552,0.21396091942277817,0.19355841497886148,0.0,0.0,0.0,0.0,0.0,0.0,0.0,0.15091023354692892,0.0,0.0,0.0,0.0,0.2546601193822695,0.48622367622117685,0.48622278093642846,0.2546597666989688,0.0,0.0,0.0,0.0,0.15083263082019516,0.0,0.0,0.0,0.0,0.0,0.0,0.0,0.0,0.0,0.0,0.0,0.0,0.0,0.0,0.0,0.0,0.0,0.0,0.033018650570545136,0.15174009654895504,0.02381312171149267,0.0,0.07735486212816088,0.2282068066016246,0.36018344624136295,0.315990062784038,0.0,0.14669924555260114,0.0,0.003349842623027794,0.0,0.0,0.0,0.0,0.0,0.0,0.0,0.0,0.0,0.0,0.0,0.20809944997404364,0.28632801137052105,0.0
0.2148676015652435,0.05028336124646724,0.0,0.0,0.0,0.060587277454025035,0.4764138208960934,0.552339859689666,0.31242940134825775,0.10311307193904799,0.5421403375650108,0.7361611230929787,1.0,0.7473485148685469,0.3047980496175697,0.21596826840474678,0.3119644949333862,0.5435050356344354,0.0838058572043781,0.0,0.0,0.0,0.032768243515960124,0.0,0.0,0.0,0.0,0.0,0.0,0.0,0.0,0.0,0.0,0.0,0.1425362265238674,0.49138091657367744,0.6858865552003252,0.39334826299851394,0.03535253189284378,0.0,0.0,0.0,0.0,0.037463457125617654,0.0,0.0,0.0,0.0,0.0,0.0,0.0,0.0,0.0,0.0,0.0,0.0,0.0,0.0,0.0,0.0,0.0,0.0,0.0,0.0,0.0,0.0,0.0,0.17321018015139916,0.30594143021758685,0.19567960942033208,0.0,0.15872041354878486,0.0,0.061132849197932916,0.0,0.0,0.0,0.0,0.0,0.0,0.0,0.0,0.0,0.0,0.0,0.09267075093096395,0.3050586244404906,0.0
0.30489158484654594,0.08937229118128887,0.0,0.0,0.0,0.21506261483375733,0.543054836837257,0.7361477788364045,0.5431630972847356,0.31146902443338703,0.47464876892575875,0.5512984585663371,0.7473485148685469,1.0,0.21182586516608318,0.05936979391382774,0.10276969887201837,0.3119655167000655,0.03827648547643819,0.0,0.0,0.0,0.050988868144784656,0.0,0.0,0.0,0.0,0.0,0.0,0.0,0.0,0.0,0.0,0.03564775110117406,0.3942102013207521,0.6859132483228159,0.49147230204969816,0.14154389637024226,0.0,0.0,0.0,0.0,0.0,0.09334700975510775,0.0,0.0,0.0,0.0,0.0,0.0,0.0,0.0,0.0,0.0,0.0,0.0,0.0,0.0,0.0,0.0,0.0,0.0,0.0,0.0,0.0,0.0,0.0,0.16206395423098963,0.22490470593769119,0.05913518515770278,0.0,0.22512004349295175,0.0,0.184306994615068,0.0,0.0,0.0,0.0,0.0,0.0,0.0,0.0,0.0,0.0,0.0,0.0,0.22425011552277685,0.0
0.40780241352349245,0.4207786408627271,0.18618716068320365,0.0,0.0,0.15348199445035252,0.5198514907855514,0.2935061604455458,0.0713949731030093,0.01732109735024393,0.7308282356154222,0.5451759904273094,0.3047980496175697,0.21182586516608318,1.0,0.7368540457782963,0.5430556020793299,0.4764155815772503,0.7298282481837558,0.5375755640823631,0.4702036446516476,0.5418892029536534,0.5328022270905791,0.2970971857610367,0.2022993843031323,0.2973134199565586,0.08025619255428579,0.08084784368688917,0.0,0.0,0.4247774127785298,0.0,0.0,0.0,0.0,0.0,0.03538965104952514,0.16284687477665943,0.24982338931657203,0.24992229117364817,0.1564314914570932,0.02549028451965313,0.0,0.3758972128845491,0.0,0.0,0.0,0.0,0.0,0.0,0.0,0.0,0.0,0.0,0.0,0.0,0.0,0.0,0.10517460730808495,0.06869666601765849,0.0,0.0,0.25228935031286603,0.30263230398691976,0.20972856392600642,0.11070948453070999,0.2441655650003492,0.2628986966268968,0.2925779308835423,0.3162510834377371,0.0,0.12510858615947917,0.0,0.0,0.0,0.0,0.0,0.0,0.0,0.0,0.0,0.0,0.0,0.0,0.038122222613910454,0.13441934569880196,0.09338030614720934,0.02516481296155436
0.17143644941984104,0.22150205688664723,0.00024903852955623814,0.0,0.0,0.0,0.2935241317438421,0.08718076758611322,0.0,0.0,0.5434001264147206,0.4790012546796189,0.21596826840474678,0.05936979391382774,0.7368540457782963,1.0,0.7361451959513579,0.5523357767704244,0.5455510768956919,0.4766070251776902,0.5487976069943261,0.7348716639098295,0.3053569625998015,0.09639547597572343,0.05776082064563296,0.2149477553423534,0.0,0.0,0.0,0.0,0.2708177418642239,0.0,0.0,0.0,0.0,0.0,0.0,0.25576562042412243,0.4857163107549006,0.48595263354714874,0.2524127188496753,0.0,0.0,0.1242611578150287,0.0,0.0,0.0,0.0,0.0,0.0,0.0,0.0,0.0,0.0,0.0,0.0,0.0,0.0,0.06869665669918394,0.09956448726486734,0.0,0.0,0.19728983523934188,0.3211338189150098,0.3124728681692157,0.2090668795806195,0.11625172643888185,0.12384334593895092,0.21640682650888793,0.3223854150626466,0.0,0.0,0.0,0.0,0.0,0.0,0.0,0.0,0.0,0.0,0.0,0.0,0.0,0.017238944093781912,0.19035202314238467,0.19984033230229697,0.017477950871747413,0.0
0.038308142754454495,0.05108048081174586,0.0,0.0,0.0,0.0,0.2118406937749213,0.05937987513191128,0.0,0.0,0.4746543317684077,0.5512982932065118,0.3119644949333862,0.10276969887201837,0.5430556020793299,0.7361451959513579,1.0,0.7473477850422734,0.3048965315547505,0.21506716738194054,0.3114687062679331,0.5431589386511299,0.08937194549190294,0.0,0.0,0.0,0.0,0.0,0.0,0.0,0.09348818583182705,0.0,0.0,0.0,0.0,0.0,0.14154227139360948,0.49147229841040824,0.6859139534852479,0.3942000560404197,0.035641547755027016,0.0,0.0,0.0,0.0,0.0,0.0,0.0,0.0,0.0,0.0,0.0,0.0,0.0,0.0,0.0,0.0,0.0,0.0,0.0,0.0,0.0,0.06607394077438537,0.24937931990833398,0.25072568379084725,0.09349985701995608,0.0,0.05047667396054025,0.2112022579420286,0.3264850996029423,0.0,0.0,0.0,0.0,0.0,0.0,0.0,0.0,0.0,0.0,0.0,0.0,0.0,0.0,0.19575816271231483,0.27716448602866706,0.06150144052089591,0.0
0.08381849400861388,0.03281786141117832,0.0,0.0,0.0,0.0,0.30480511280845624,0.21597668971011158,0.0,0.0,0.542143303228475,0.7361613260458154,0.5435050356344354,0.3119655167000655,0.4764155815772503,0.5523357767704244,0.7473477850422734,1.0,0.21487401878581425,0.06058902738115712,0.10310989672868964,0.3124225511344857,0.050277745736065214,0.0,0.0,0.0,0.0,0.0,0.0,0.0,0.03755755197102847,0.0,0.0,0.0,0.0,0.035353681948031485,0.39334861500203927,0.6858861546503442,0.49137844836659866,0.14252338395383282,0.0,0.0,0.0,0.0,0.0,0.0,0.0,0.0,0.0,0.0,0.0,0.0,0.0,0.0,0.0,0.0,0.0,0.0,0.0,0.0,0.0,0.0,0.008233164888114068,0.18631007216591322,0.12340299782164015,0.0,0.0,0.11017306706650329,0.2938496774541672,0.3416706903228135,0.0,0.0,0.0,0.0,0.0,0.0,0.0,0.0,0.0,0.0,0.0,0.0,0.0,0.0,0.06642257650432638,0.3005999469968277,0.20339106391105924,0.0
0.38386559268355736,0.431585451290429,0.24914982606376818,0.0657022100962306,0.03194549831197832,0.16157524559574246,0.4077885520700161,0.1713904510115791,0.0,0.0,0.5221679239061022,0.29885899889744594,0.0838058572043781,0.03827648547643819,0.7298282481837558,0.5455510768956919,0.3048965315547505,0.21487401878581425,1.0,0.7350199055789225,0.5420653821545836,0.4771787874158612,0.7383144840769172,0.5469793217033748,0.47238790748813764,0.5435325000749125,0.1578763736945599,0.30561493656486916,0.006945452623867616,0.07162000221917494,0.39830325681013545,0.0,0.0,0.0,0.0,0.0,0.0,0.0,0.03456577752071898,0.1632390942752039,0.24826495847088142,0.250141942189454,0.15869294728095673,0.48599506034716705,0.0,0.0,0.0,0.0,0.0,0.0,0.0,0.0,0.0,0.0,0.11771245074273953,0.03301859570904231,0.0,0.0,0.2522893299037704,0.19728976819155694,0.06607383710676225,0.008233059239802734,0.33884830207972705,0.29758837765545404,0.19843668442136586,0.16428688553016038,0.3327336701636563,0.26975674176307557,0.2144489080967882,0.231143642962688,0.0,0.13597636450678505,0.0,0.0,0.0,0.0,0.0,0.0,0.0,0.0,0.0,0.0,0.0,0.0,0.0,0.000133514678924274,0.0,0.16446393463022158
0.16164446164502158,0.2746255859739553,0.14589595237662498,0.0,0.0,0.0,0.15350253389187918,0.0,0.0,0.0,0.28587791668521684,0.08634824867505335,0.0,0.0,0.5375755640823631,0.4766070251776902,0.21506716738194054,0.06058902738115712,0.7350199055789225,1.0,0.7354857955239155,0.5524517559503552,0.5500758162180523,0.4813271756231247,0.5489963168758714,0.737544062848661,0.13244682278218853,0.21597787913937022,0.03626058145511892,0.0,0.2722874837932439,0.0,0.0,0.0,0.0,0.0,0.0,0.0,0.0,0.2559112507416083,0.48482976650095505,0.48746778041213057,0.25294449366884353,0.25432792896505513,0.0,0.0,0.0,0.0,0.0,0.0,0.0,0.0,0.0,0.0,0.17346383222698555,0.15174005248982422,0.0,0.0,0.3026323227795166,0.3211338068708011,0.2493793005745632,0.18631003748071892,0.29758836335397454,0.25136946315943554,0.2295648752931909,0.272423812691711,0.2142677758844645,0.09073008119967432,0.04006252200191236,0.11486734798945944,0.0,0.0,0.0,0.0,0.0,0.0,0.0,0.0,0.0,0.0,0.0,0.0,0.05954026620371502,0.0651950941826723,0.0,0.0,0.0,0.05679551671818957
0.0,0.13026133893094305,0.0,0.0,0.0,0.0,0.017364469742004677,0.0,0.0,0.0,0.20246187268022234,0.05572223775210552,0.0,0.0,0.4702036446516476,0.5487976069943261,0.3114687062679331,0.10310989672868964,0.5420653821545836,0.7354857955239155,1.0,0.7479085566690417,0.3080444106206529,0.21790405359713005,0.3090734767934176,0.5428952576942098,0.02077183506934931,0.0,0.0,0.0,0.17545399968338304,0.0,0.0,0.0,0.0,0.0,0.0,0.0,0.1423781171194971,0.49262018980779176,0.6859448993836853,0.3921296649529863,0.033121988959578824,0.03154986681017098,0.0,0.0,0.0,0.0,0.0,0.0,0.0,0.0,0.0,0.0,0.034903766176877536,0.02381308463136325,0.0,0.0,0.20972860116948913,0.3124728805797263,0.25072565915631334,0.12340299525650143,0.1984367155748228,0.22956486122975947,0.2921114541882105,0.346375002828244,0.058365496097078695,0.0,0.0,0.09081266018400429,0.0,0.0,0.0,0.0,0.0,0.0,0.0,0.0,0.0,0.0,0.0,0.0,0.12211942408727956,0.19567574016839703,0.10068639091471314,0.0,0.0,0.0
0.0,0.10350216074757929,0.0,0.0,0.0,0.0,0.07142791881254444,0.0,0.0,0.0,0.299890423008268,0.21396091942277817,0.0,0.0,0.5418892029536534,0.7348716639098295,0.5431589386511299,0.3124225511344857,0.4771787874158612,0.5524517559503552,0.7479085566690417,1.0,0.21893744934646747,0.06678081320809949,0.1036912546881726,0.31420872203003536,0.0,0.0,0.0,0.0,0.16901514245686286,0.0,0.0,0.0,0.0,0.0,0.0,0.03657150308219406,0.39315504706786203,0.685856730750228,0.49192369105457495,0.14190483940113874,0.0,0.0,0.0,0.0,0.0,0.0,0.0,0.0,0.0,0.0,0.0,0.0,0.0,0.0,0.0,0.0,0.11070951349594217,0.20906693246479852,0.09349986161833801,0.0,0.1642869260969266,0.2724237629879075,0.346374977070894,0.3229265500319437,0.02583770332048193,0.0,0.04112582203091383,0.19101290556307376,0.0,0.0,0.0,0.0,0.0,0.0,0.0,0.0,0.0,0.0,0.0,0.0,0.0,0.17798400535981596,0.2143655016964909,0.06472541963442816,0.0,0.0
0.43145159188192744,0.4127271038860653,0.2624359158771133,0.14573488635334905,0.15227439647460342,0.27438533567722934,0.4206728457699461,0.22136167204363186,0.10329269135130527,0.12999281630449125,0.4317336455516559,0.19355841497886148,0.032768243515960124,0.050988868144784656,0.5328022270905791,0.3053569625998015,0.08937194549190294,0.050277745736065214,0.7383144840769172,0.5500758162180523,0.3080444106206529,0.21893744934646747,1.0,0.7425809063038482,0.5485744097608057,0.4834406382979428,0.12107767365340256,0.5479738790469045,0.0,0.3237583302732368,0.2902096046359027,0.0,0.0,0.0,0.0,0.0,0.0,0.0,0.0,0.0,0.03585686167527808,0.1694110870800178,0.25471533715186084,0.6868638963778614,0.0,0.0,0.0,0.0,0.0,0.0,0.0873267143436717,0.0,0.0,0.0,0.176939471035472,0.07735488313375584,0.0,0.0,0.24416551641382375,0.11625163940753956,0.0,0.0,0.3327335571308218,0.21426769814087382,0.058365391293148224,0.025837638460547388,0.4156554053915505,0.3450400562663057,0.20902497719020885,0.15661372129401283,0.0,0.2741693767279503,0.0,0.12900776821090698,0.0,0.0,0.0,0.0,0.0,0.0,0.0,0.0,0.0,0.0,0.0,0.0,0.0,0.31151046177133246
0.24900202450154577,0.2624308628561348,0.1863994813106429,0.10343729237088622,0.08548907049633764,0.14560050929399024,0.18607200232170726,8.027074115788566e-05,0.0,0.0,0.17506044439821702,0.0,0.0,0.0,0.2970971857610367,0.09639547597572343,0.0,0.0,0.5469793217033748,0.4813271756231247,0.21790405359713005,0.06678081320809949,0.7425809063038482,1.0,0.7375048732280686,0.5546051181896374,0.07715122414047876,0.7344828331383885,0.0,0.49120844757445614,0.11978776144439905,0.0,0.0,0.0,0.0,0.0,0.0,0.0,0.0,0.0,0.0,0.2581134193492499,0.4850319019431272,0.4926986533760487,0.02420159786517316,0.0,0.0,0.0,0.0,0.0,0.20056239252123528,0.16825767511283302,0.02019124133896891,0.0,0.27825503075536473,0.22820682385821334,0.17321012958593426,0.1620639172242359,0.2628987144246193,0.12384330127136639,0.05047666046327999,0.11017300197614845,0.2697566887757024,0.09073011619941554,0.0,0.0,0.3450401422264726,0.2070493281496022,0.02809529675893709,0.0,0.0,0.1504938975406923,0.0,0.02231327025873504,0.0,0.0,0.0,0.0,0.0,0.0,0.0,0.0,0.0,0.0,0.0,0.0,0.0,0.3127356290019734
0.06563683311224103,0.1458280777291069,0.1035730414949377,0.0,0.0,0.0,0.0,0.0,0.0,0.0,0.019921618110738504,0.0,0.0,0.0,0.2022993843031323,0.05776082064563296,0.0,0.0,0.47238790748813764,0.5489963168758714,0.3090734767934176,0.1036912546881726,0.5485744097608057,0.7375048732280686,1.0,0.7454849405296654,0.06842029347614945,0.5430367440163221,0.0,0.319879410878053,0.04279067608853137,0.0,0.0,0.0,0.0,0.0,0.0,0.0,0.0,0.0,0.13650096008057055,0.4914723181971946,0.6862555420256893,0.25614646577562544,0.0,0.0,0.0,0.0,0.0,0.0,0.18350014282738938,0.16023572129767896,0.0,0.0,0.32400345481476983,0.36018343124660174,0.3059414144072957,0.22490470794505532,0.29257794624128114,0.21640670526674008,0.21120216963486077,0.29384955000030405,0.2144488530815685,0.04006251521670556,0.0,0.041125803578847125,0.20902512409532606,0.02809533483119552,0.0,0.0,0.0,0.0,0.0,0.0,0.0,0.0,0.0,0.0,0.0,0.002144867438831355,0.128192296302251,0.09927808158553997,0.0,0.0,0.0,0.0,0.0,0.16541487182238598
0.031975745994856725,0.152482733720038,0.08577115693259581,0.0,0.0,0.0,0.0,0.0,0.0,0.0,0.06691283258011271,0.0,0.0,0.0,0.2973134199565586,0.2149477553423534,0.0,0.0,0.5435325000749125,0.737544062848661,0.5428952576942098,0.31420872203003536,0.4834406382979428,0.5546051181896374,0.7454849405296654,1.0,0.09454171348281752,0.31207172577444975,0.017754371850450132,0.07805701585509231,0.10815941194481053,0.0,0.0,0.0,0.0,0.0,0.0,0.0,0.0,0.03785884714722767,0.39005959495144205,0.6859260921696854,0.4894699963748551,0.17052865108082496,0.0,0.0,0.0,0.0,0.0,0.0,0.06921285878586182,0.0,0.0,0.0,0.2702652369481459,0.31599004421467386,0.19567963058142931,0.05913512067289911,0.31625110763904324,0.322385371868201,0.32648511343523506,0.3416706755726062,0.2311435760711672,0.11486731621055186,0.09081264444186697,0.19101295873883206,0.15661378406224,0.0,0.0,0.0,0.0,0.0,0.0,0.0,0.0,0.0,0.0,0.0,0.0,0.0,0.03545196193058087,0.14858212669910986,0.11828005597470848,0.0,0.0,0.0,0.0,0.05570357419985913
0.3056127282400188,0.5479707130902438,0.7344824217730005,0.5430364350328618,0.31206537390044964,0.215962397113099,0.08086075793931827,0.0,0.0,0.0,0.012246109446244366,0.0,0.0,0.0,0.08025619255428579,0.0,0.0,0.0,0.1578763736945599,0.13244682278218853,0.02077183506934931,0.0,0.12107767365340256,0.07715122414047876,0.06842029347614945,0.09454171348281752,1.0,0.0,0.756723917499324,0.0,0.3997397103235416,0.38932542802852876,0.03550731664874596,0.0,0.0,0.0,0.0,0.0,0.0,0.0,0.0,0.0,0.0,0.0,0.0,0.0,0.0,0.0,0.0,0.0,0.0,0.0,0.0,0.0,0.0,0.0,0.0,0.0,0.0,0.0,0.0,0.0,0.0,0.0,0.0,0.0,0.0,0.0,0.0,0.0,0.0,0.0,0.0,0.0,0.0,0.0,0.0,0.0,0.0,0.0,0.0,0.0,0.0,0.0,0.0,0.0,0.0,0.0
0.15765122639393303,0.1209822169192351,0.07702697133502036,0.06812885414287492,0.09408582553885904,0.13201692101175663,0.08009718506486586,0.0,0.0,0.02028761883172889,0.012187179191904488,0.0,0.0,0.0,0.08084784368688917,0.0,0.0,0.0,0.30561493656486916,0.21597787913937022,0.0,0.0,0.5479738790469045,0.7344828331383885,0.5430367440163221,0.31207172577444975,0.0,1.0,0.0,0.7567240218778897,0.0,0.0,0.0,0.0,0.0,0.0,0.0,0.0,0.0,0.0,0.0,0.035506640047744724,0.3893291588828785,0.399766430129046,0.052547484765467015,0.0,0.0,0.0,0.0,0.0,0.21464134277386404,0.2489823539656768,0.1639843168372161,0.04712361144268696,0.20559674149880405,0.14669928162351595,0.1587203455928322,0.2251200510599687,0.12510856176642765,0.0,0.0,0.0,0.13597625053310466,0.0,0.0,0.0,0.2741693905604544,0.15049385270178195,0.0,0.0,0.0,0.16591969686501817,0.0,0.08900834412528502,0.0,0.0,0.0,0.0,0.005739770678607511,0.044975124361508106,0.0,0.0,0.0,0.0,0.0,0.0,0.0,0.3027539964090965
0.07161700241807441,0.3237536627977601,0.4912079429900207,0.31987759198183796,0.07804990975292307,0.0,0.0,0.0,0.0,0.0,0.0,0.0,0.0,0.0,0.0,0.0,0.0,0.0,0.006945452623867616,0.03626058145511892,0.0,0.0,0.0,0.0,0.0,0.017754371850450132,0.756723917499324,0.0,1.0,0.0,0.2331067102931415,0.22326319241644277,0.0,0.0,0.0,0.0,0.0,0.0,0.0,0.0,0.0,0.0,0.0,0.0,0.0,0.0,0.0,0.0,0.0,0.0,0.0,0.0,0.0,0.0,0.0,0.0,0.0,0.0,0.0,0.0,0.0,0.0,0.0,0.0,0.0,0.0,0.0,0.0,0.0,0.0,0.0,0.0,0.0,0.0,0.0,0.0,0.0,0.0,0.0,0.0,0.0,0.0,0.0,0.0,0.0,0.0,0.0,0.0
0.006675744117080976,0.0,0.0,0.0,0.017178218005543325,0.03574816886647691,0.0,0.0,0.0,0.0,0.0,0.0,0.0,0.0,0.0,0.0,0.0,0.0,0.07162000221917494,0.0,0.0,0.0,0.3237583302732368,0.49120844757445614,0.319879410878053,0.07805701585509231,0.0,0.7567240218778897,0.0,1.0,0.0,0.0,0.0,0.0,0.0,0.0,0.0,0.0,0.0,0.0,0.0,0.0,0.22327010302313802,0.23314180653421981,0.0,0.0,0.0,0.0,0.0,0.0,0.14193283499025539,0.2343693196797834,0.2156478637755193,0.09658361572623413,0.06818038890425443,0.0035468459568524353,0.06472869439810194,0.1951485201589132,0.0,0.0,0.0,0.0,0.0,0.0,0.0,0.0,0.13659648013951442,0.023625831362270765,0.0,0.0,0.0,0.09424422016686708,0.0,0.06101914810889398,0.0,0.0,0.0,0.0,0.086141062745103,0.04816125797386348,0.0,0.0,0.0,0.0,0.0,0.0,0.0,0.195375576137809
0.48601950333163496,0.686869534915293,0.49269257600470645,0.2561537079268579,0.17054373649079982,0.2543440523391893,0.37595664814874563,0.12431033418107958,0.0,0.03157786421453919,0.3754645182202287,0.15091023354692892,0.0,0.0,0.4247774127785298,0.2708177418642239,0.09348818583182705,0.03755755197102847,0.39830325681013545,0.2722874837932439,0.17545399968338304,0.16901514245686286,0.2902096046359027,0.11978776144439905,0.04279067608853137,0.10815941194481053,0.3997397103235416,0.0,0.2331067102931415,0.0,1.0,0.0,0.0,0.0,0.0,0.0,0.0,0.0,0.0,0.0,0.0,0.0,0.0,0.16687477916595553,0.0,0.0,0.0,0.0,0.0,0.0,0.0,0.0,0.0,0.0,0.0,0.0,0.0,0.0,0.0,0.0,0.0,0.0,0.0,0.0,0.0,0.0,0.0,0.0,0.0,0.0,0.0,0.0,0.0,0.0,0.0,0.0,0.0,0.0,0.0,0.0,0.0,0.0,0.0,0.0,0.0,0.0,0.0,0.0
0.15870528411046655,0.2547253927680186,0.485032805802267,0.6862553564241057,0.4894698543024061,0.2529409114369867,0.0,0.0,0.0,0.03310480194306941,0.0,0.0,0.0,0.0,0.0,0.0,0.0,0.0,0.0,0.0,0.0,0.0,0.0,0.0,0.0,0.0,0.38932542802852876,0.0,0.22326319241644277,0.0,0.0,1.0,0.4067033540272318,0.0,0.0,0.0,0.0,0.0,0.0,0.0,0.0,0.0,0.0,0.0,0.0,0.0,0.0,0.0,0.0,0.0,0.0,0.0,0.0,0.0,0.0,0.0,0.0,0.0,0.0,0.0,0.0,0.0,0.0,0.0,0.0,0.0,0.0,0.0,0.0,0.0,0.0,0.0,0.0,0.0,0.0,0.0,0.0,0.0,0.0,0.0,0.0,0.0,0.0,0.0,0.0,0.0,0.0,0.0
0.25014777117584786,0.16941928384809782,0.2581122371701916,0.49147287892066155,0.6859251914050656,0.48746294881355157,0.025473656787025643,0.0,0.14187329065554796,0.39210069563590233,0.0,0.0,0.0,0.0,0.0,0.0,0.0,0.0,0.0,0.0,0.0,0.0,0.0,0.0,0.0,0.0,0.03550731664874596,0.0,0.0,0.0,0.0,0.4067033540272318,1.0,0.419103668051627,0.0,0.0,0.0,0.0,0.0,0.0,0.0,0.0,0.0,0.0,0.0,0.0,0.0,0.0,0.0,0.0,0.0,0.0,0.0,0.0,0.0,0.0,0.0,0.0,0.0,0.0,0.0,0.0,0.0,0.0,0.0,0.0,0.0,0.0,0.0,0.0,0.0,0.0,0.0,0.0,0.0,0.0,0.0,0.0,0.0,0.0,0.0,0.0,0.0,0.0,0.0,0.0,0.0,0.0
0.24826687099053946,0.03585019597412292,0.0,0.1364665239939062,0.39003127212020783,0.48482659344952367,0.1564180643445698,0.25240784687918455,0.49192488713591653,0.6859446224763146,0.0,0.0,0.0,0.03564775110117406,0.0,0.0,0.0,0.0,0.0,0.0,0.0,0.0,0.0,0.0,0.0,0.0,0.0,0.0,0.0,0.0,0.0,0.0,0.419103668051627,1.0,0.40867976372157205,0.0,0.0,0.0,0.0,0.0,0.0,0.0,0.0,0.0,0.0,0.0,0.0,0.0,0.0,0.0,0.0,0.0,0.0,0.0,0.0,0.0,0.0,0.0,0.0,0.0,0.0,0.0,0.0,0.0,0.0,0.0,0.0,0.0,0.0,0.0,0.0,0.0,0.0,0.0,0.0,0.0,0.0,0.0,0.0,0.0,0.0,0.0,0.0,0.0,0.0,0.0,0.0,0.0
0.16324615199692624,0.0,0.0,0.0,0.037840673933969796,0.25591159512510436,0.249921981244449,0.4859541300427468,0.6858570030256869,0.4926203501073806,0.031306928938473796,0.0,0.1425362265238674,0.3942102013207521,0.0,0.0,0.0,0.0,0.0,0.0,0.0,0.0,0.0,0.0,0.0,0.0,0.0,0.0,0.0,0.0,0.0,0.0,0.0,0.40867976372157205,1.0,0.4256382296796621,0.0,0.0,0.0,0.0,0.0,0.0,0.0,0.0,0.0,0.0,0.0,0.0,0.0,0.0,0.0,0.0,0.0,0.0,0.0,0.0,0.0,0.0,0.0,0.0,0.0,0.0,0.0,0.0,0.0,0.0,0.0,0.0,0.0,0.0,0.0,0.0074149907265741504,0.0,0.1051003443663613,0.0,0.0,0.0,0.0,0.0,0.0,0.0,0.0,0.0,0.0,0.0,0.0,0.0,0.0
0.03455807763882015,0.0,0.0,0.0,0.0,0.0,0.24982059801097514,0.4857153652547714,0.3931571340637132,0.14237849676982078,0.1610953121415475,0.2546601193822695,0.49138091657367744,0.6859132483228159,0.0,0.0,0.0,0.035353681948031485,0.0,0.0,0.0,0.0,0.0,0.0,0.0,0.0,0.0,0.0,0.0,0.0,0.0,0.0,0.0,0.0,0.4256382296796621,1.0,0.4065314475308764,0.0,0.0,0.0,0.0,0.0,0.0,0.0,0.0,0.0,0.0,0.0,0.0,0.0,0.0,0.0,0.0,0.0,0.0,0.0,0.0,0.0,0.0,0.0,0.0,0.0,0.0,0.0,0.0,0.0,0.0,0.0,0.0027708192183346354,0.0,0.0,0.05810185779279511,0.0,0.05876149768977371,0.0,0.0,0.0,0.0,0.0,0.0,0.0,0.0,0.0,0.0,0.0,0.0,0.04041562879935249,0.0
0.0,0.0,0.0,0.0,0.0,0.0,0.16284523591033556,0.25577012778776037,0.036581152536846503,0.0,0.24914214866803258,0.48622367622117685,0.6858865552003252,0.49147230204969816,0.03538965104952514,0.0,0.14154227139360948,0.39334861500203927,0.0,0.0,0.0,0.0,0.0,0.0,0.0,0.0,0.0,0.0,0.0,0.0,0.0,0.0,0.0,0.0,0.0,0.4065314475308764,1.0,0.4240535004880957,0.0,0.0,0.0,0.0,0.0,0.0,0.0,0.0,0.0,0.0,0.0,0.0,0.0,0.0,0.0,0.0,0.0,0.0,0.0,0.0,0.0,0.0,0.0,0.0,0.0,0.0,0.0,0.0,0.0,0.0,0.1656073474691133,0.0457992231932615,0.0,0.0,0.0,0.0,0.0,0.0,0.0,0.0,0.0,0.0,0.0,0.0,0.0,0.0,0.0,0.0,0.2067951193919215,0.0
0.0,0.0,0.0,0.0,0.0,0.0,0.0353937288418622,0.0,0.0,0.0,0.24914304586680291,0.48622278093642846,0.39334826299851394,0.14154389637024226,0.16284687477665943,0.25576562042412243,0.49147229841040824,0.6858861546503442,0.0,0.0,0.0,0.03657150308219406,0.0,0.0,0.0,0.0,0.0,0.0,0.0,0.0,0.0,0.0,0.0,0.0,0.0,0.0,0.4240535004880957,1.0,0.40652787301985693,0.0,0.0,0.0,0.0,0.0,0.0,0.0,0.0,0.0,0.0,0.0,0.0,0.0,0.0,0.0,0.0,0.0,0.0,0.0,0.0,0.0,0.0,0.0,0.0,0.0,0.0,0.0,0.0,0.0,0.1282540587549181,0.19194816129343956,0.0,0.0,0.0,0.0,0.0,0.0,0.0,0.0,0.0,0.0,0.0,0.0,0.0,0.0,0.0,0.19751587710916507,0.06136853157104166,0.0
0.0,0.0,0.0,0.0,0.0,0.0,0.0,0.0,0.0,0.0,0.1611018584269286,0.2546597666989688,0.03535253189284378,0.0,0.24982338931657203,0.4857163107549006,0.6859139534852479,0.49137844836659866,0.03456577752071898,0.0,0.1423781171194971,0.39315504706786203,0.0,0.0,0.0,0.0,0.0,0.0,0.0,0.0,0.0,0.0,0.0,0.0,0.0,0.0,0.0,0.40652787301985693,1.0,0.4256240537931755,0.0,0.0,0.0,0.0,0.0,0.0,0.0,0.0,0.0,0.0,0.0,0.0,0.0,0.0,0.0,0.0,0.0,0.0,0.0,0.0,0.0,0.0,0.0,0.0769180215029488,0.15776192197772212,0.0,0.0,0.0,0.0,0.15280196957301945,0.0,0.0,0.0,0.0,0.0,0.0,0.0,0.0,0.0,0.0,0.0,0.0,0.0,0.0,0.14381319760849648,0.13812192501234072,0.0,0.0
0.0,0.0,0.0,0.0,0.0,0.0,0.0,0.0,0.0,0.0,0.03132025774003223,0.0,0.0,0.0,0.24992229117364817,0.48595263354714874,0.3942000560404197,0.14252338395383282,0.1632390942752039,0.2559112507416083,0.49262018980779176,0.685856730750228,0.0,0.0,0.0,0.03785884714722767,0.0,0.0,0.0,0.0,0.0,0.0,0.0,0.0,0.0,0.0,0.0,0.0,0.4256240537931755,1.0,0.4086735641580594,0.0,0.0,0.0,0.0,0.0,0.0,0.0,0.0,0.0,0.0,0.0,0.0,0.0,0.0,0.0,0.0,0.0,0.0,0.02227047202707829,0.0,0.0,0.0,0.0842233250900811,0.2527868749376655,0.22993149313974934,0.0,0.0,0.0,0.0,0.0,0.0,0.0,0.0,0.0,0.0,0.0,0.0,0.0,0.0,0.0,0.0,0.0,0.10926094977297375,0.14607356751285255,0.0,0.0,0.0
0.0,0.0,0.0,0.0,0.0,0.0,0.0,0.0,0.0,0.0,0.0,0.0,0.0,0.0,0.1564314914570932,0.2524127188496753,0.035641547755027016,0.0,0.24826495847088142,0.48482976650095505,0.6859448993836853,0.49192369105457495,0.03585686167527808,0.0,0.13650096008057055,0.39005959495144205,0.0,0.0,0.0,0.0,0.0,0.0,0.0,0.0,0.0,0.0,0.0,0.0,0.0,0.4086735641580594,1.0,0.4191649737998904,0.0,0.0,0.0,0.0,0.0,0.0,0.0,0.0,0.0,0.0,0.0,0.0,0.0,0.0,0.0,0.0,0.04924883907299789,0.24590931991876358,0.2528933028437733,0.08580906662670236,0.0,0.0,0.13007333893774278,0.27693157851321387,0.0,0.0,0.0,0.0,0.0,0.0,0.0,0.0,0.0,0.0,0.0,0.0,0.0,0.0,0.0,0.0,0.14381320941392903,0.14607356528499194,0.0,0.0,0.0,0.0
0.0,0.0,0.0,0.0,0.0,0.0,0.0,0.0,0.0,0.0,0.0,0.0,0.0,0.0,0.02549028451965313,0.0,0.0,0.0,0.250141942189454,0.48746778041213057,0.3921296649529863,0.14190483940113874,0.1694110870800178,0.2581134193492499,0.4914723181971946,0.6859260921696854,0.0,0.035506640047744724,0.0,0.0,0.0,0.0,0.0,0.0,0.0,0.0,0.0,0.0,0.0,0.0,0.4191649737998904,1.0,0.4066898914303101,0.0,0.0,0.0,0.0,0.0,0.0,0.0,0.0,0.0,0.0,0.0,0.13106980272930047,0.26883660021071104,0.11971828608876856,0.0,0.17365187543250626,0.2581668882078803,0.3580594041290326,0.3883348595414761,0.00017246063239292593,0.0,0.0,0.08361664977842588,0.0,0.0,0.0,0.0,0.0,0.0,0.0,0.0,0.0,0.0,0.0,0.0,0.0,0.0,0.0,0.19751587141811733,0.13812187309854018,0.0,0.0,0.0,0.0,0.0
0.0,0.0,0.0,0.0,0.0,0.0,0.0,0.0,0.0,0.0,0.0,0.0,0.0,0.0,0.0,0.0,0.0,0.0,0.15869294728095673,0.25294449366884353,0.033121988959578824,0.0,0.25471533715186084,0.4850319019431272,0.6862555420256893,0.4894699963748551,0.0,0.3893291588828785,0.0,0.22327010302313802,0.0,0.0,0.0,0.0,0.0,0.0,0.0,0.0,0.0,0.0,0.0,0.4066898914303101,1.0,0.0,0.0,0.0,0.0,0.0,0.0,0.0,0.09186533929779728,0.13468875374274503,0.0,0.0,0.24561143925652842,0.3698973998608021,0.3940948566800246,0.2897011402607716,0.12063479285832425,0.02257893061754714,0.07945147533974145,0.26275380844123836,0.0,0.0,0.0,0.0,0.0,0.0,0.0,0.0,0.0,0.0,0.0,0.0,0.0,0.0,0.0,0.0,0.0,0.040415749054544786,0.2067950826027672,0.06136844894784034,0.0,0.0,0.0,0.0,0.0,0.0
0.3980662712854039,0.29010417925609333,0.1196858451639597,0.04260921318381039,0.10786929511409796,0.2719500314013702,0.4245815560210722,0.27060113620452997,0.16872772062885794,0.17509852179511265,0.3753630160165138,0.15083263082019516,0.037463457125617654,0.09334700975510775,0.3758972128845491,0.1242611578150287,0.0,0.0,0.48599506034716705,0.25432792896505513,0.03154986681017098,0.0,0.6868638963778614,0.4926986533760487,0.25614646577562544,0.17052865108082496,0.0,0.399766430129046,0.0,0.23314180653421981,0.16687477916595553,0.0,0.0,0.0,0.0,0.0,0.0,0.0,0.0,0.0,0.0,0.0,0.0,1.0,0.0,0.0,0.0,0.0,0.0,0.0,0.0,0.0,0.0,0.0,0.0,0.0,0.0,0.0,0.03250942552300166,0.0,0.0,0.0,0.21246520099049346,0.07337209087418489,0.0,0.0,0.4024297438972849,0.40401248615045554,0.21369368017353163,0.07196148997079789,0.0,0.39111768100000405,0.0,0.23837699699329018,0.0,0.0,0.0,0.0,0.0,0.0,0.0,0.0,0.0,0.0,0.0,0.0,0.0,0.26570254058357395
0.0,0.0,0.0,0.0,0.0,0.0,0.0,0.0,0.0,0.0,0.0,0.0,0.0,0.0,0.0,0.0,0.0,0.0,0.0,0.0,0.0,0.0,0.0,0.02420159786517316,0.0,0.0,0.0,0.052547484765467015,0.0,0.0,0.0,0.0,0.0,0.0,0.0,0.0,0.0,0.0,0.0,0.0,0.0,0.0,0.0,0.0,1.0,0.7383167221778675,0.5469799904428158,0.47240038207516594,0.5435446093885197,0.7350217686595217,0.729823809769903,0.5455506030344344,0.4771859709813139,0.5420707419456563,0.5221653699460388,0.2988603797596261,0.21486759797531402,0.30489161159040834,0.4078023934209726,0.17143641982112579,0.03830812831151185,0.08381845650895042,0.3838655209440483,0.16164446290819073,0.0,0.0,0.43145158578516274,0.2490019757808258,0.06563673072654111,0.031975750235265075,0.3056127306229557,0.15765120206318606,0.07161701789869088,0.006675698334286137,0.4860194338164749,0.1587051976122286,0.2501477633559083,0.2482668790652551,0.16324620175210786,0.03455809849713671,0.0,0.0,0.0,0.0,0.0,0.0,0.0,0.39806626473399687
0.0,0.0,0.0,0.0,0.0,0.0,0.0,0.0,0.0,0.0,0.0,0.0,0.0,0.0,0.0,0.0,0.0,0.0,0.0,0.0,0.0,0.0,0.0,0.0,0.0,0.0,0.0,0.0,0.0,0.0,0.0,0.0,0.0,0.0,0.0,0.0,0.0,0.0,0.0,0.0,0.0,0.0,0.0,0.0,0.7383167221778675,1.0,0.7425844784952603,0.5485878771094445,0.4834497949146363,0.550072660187864,0.5328179530893503,0.3053628673644449,0.21894198602650833,0.3080447292932033,0.43177581360485556,0.1935879650061503,0.05028330002733888,0.0893722096971157,0.42077860605723877,0.22150205499272108,0.05108043691634151,0.03281779057537246,0.43158544520188047,0.27462563558553277,0.13026136420797735,0.10350217781444868,0.4127271059702553,0.26243085040941516,0.1458280588792369,0.1524827893908962,0.5479708094767753,0.1209822122372065,0.3237537658035411,0.0,0.6868695565520943,0.2547253509697602,0.1694192465034349,0.03585015702568273,0.0,0.0,0.0,0.0,0.0,0.0,0.0,0.0,0.0,0.2901041981756526
0.0,0.0,0.0,0.0,0.0,0.0,0.0,0.0,0.0,0.0,0.0,0.0,0.0,0.0,0.0,0.0,0.0,0.0,0.0,0.0,0.0,0.0,0.0,0.0,0.0,0.0,0.0,0.0,0.0,0.0,0.0,0.0,0.0,0.0,0.0,0.0,0.0,0.0,0.0,0.0,0.0,0.0,0.0,0.0,0.5469799904428158,0.7425844784952603,1.0,0.73750750987436,0.5545992688229022,0.4813115859202337,0.297106496412853,0.09638808143335834,0.06676586178609695,0.21788582855019623,0.17510386550865345,0.0,0.0,0.0,0.1861871315953507,0.00024906747988972665,0.0,0.0,0.24914984877990234,0.14589602664382015,0.0,0.0,0.26243588491395853,0.18639947649835636,0.10357303278142647,0.08577122606594835,0.7344825314888537,0.07702694569948781,0.49120808416363826,0.0,0.4926926395436829,0.4850327222360376,0.25811212108415155,0.0,0.0,0.0,0.0,0.0,0.0,0.0,0.0,0.0,0.0,0.11968583539409874
0.0,0.0,0.0,0.0,0.0,0.0,0.0,0.0,0.0,0.0,0.0,0.0,0.0,0.0,0.0,0.0,0.0,0.0,0.0,0.0,0.0,0.0,0.0,0.0,0.0,0.0,0.0,0.0,0.0,0.0,0.0,0.0,0.0,0.0,0.0,0.0,0.0,0.0,0.0,0.0,0.0,0.0,0.0,0.0,0.47240038207516594,0.5485878771094445,0.73750750987436,1.0,0.7454799258349484,0.5489890225217751,0.20230658346868585,0.057752465819023484,0.10367448846676927,0.30905519098475803,0.019950223773742434,0.0,0.0,0.0,0.0,0.0,0.0,0.0,0.06570225921328358,0.0,0.0,0.0,0.14573488742968907,0.10343732126180569,0.0,0.0,0.5430364680153846,0.06812885083147159,0.3198776731659461,0.0,0.25615380798656284,0.6862552437090663,0.4914728011494378,0.1364665698741196,0.0,0.0,0.0,0.0,0.0,0.0,0.0,0.0,0.0,0.04260923429485006
0.0,0.0,0.0,0.0,0.0,0.0,0.0,0.0,0.0,0.0,0.0,0.0,0.0,0.0,0.0,0.0,0.0,0.0,0.0,0.0,0.0,0.0,0.0,0.0,0.0,0.0,0.0,0.0,0.0,0.0,0.0,0.0,0.0,0.0,0.0,0.0,0.0,0.0,0.0,0.0,0.0,0.0,0.0,0.0,0.5435446093885197,0.4834497949146363,0.5545992688229022,0.7454799258349484,1.0,0.7375437386046761,0.2973098316743548,0.21493740590372154,0.3141948812730757,0.5428809603465975,0.06691483927022572,0.0,0.0,0.0,0.0,0.0,0.0,0.0,0.031945450802212484,0.0,0.0,0.0,0.1522743523213607,0.08548906123334414,0.0,0.0,0.312065332797766,0.0940858154868677,0.07804991620312575,0.017178190286947184,0.17054371138356864,0.489469776009662,0.685925200763534,0.39003136686533874,0.03784071496435086,0.0,0.0,0.0,0.0,0.0,0.0,0.0,0.0,0.10786924763633549
0.0,0.0,0.0,0.0,0.0,0.0,0.0,0.0,0.0,0.0,0.0,0.0,0.0,0.0,0.0,0.0,0.0,0.0,0.0,0.0,0.0,0.0,0.0,0.0,0.0,0.0,0.0,0.0,0.0,0.0,0.0,0.0,0.0,0.0,0.0,0.0,0.0,0.0,0.0,0.0,0.0,0.0,0.0,0.0,0.7350217686595217,0.550072660187864,0.4813115859202337,0.5489890225217751,0.7375437386046761,1.0,0.5375620986800921,0.4765992586865429,0.5524514328758537,0.7354867447487082,0.285861351579062,0.08634912511079888,0.06058718384941274,0.21506259756155655,0.15348195578488052,0.0,0.0,0.0,0.16157518396349305,0.0,0.0,0.0,0.27438532317182013,0.14560051124513862,0.0,0.0,0.21596243289206973,0.13201693638896167,0.0,0.035748142312443366,0.25434401404256396,0.2529408944583841,0.48746299652485076,0.48482660400602795,0.25591157607730075,0.0,0.0,0.0,0.0,0.0,0.0,0.0,0.0,0.27194997653292524
