1.0,0.7383168096688553,0.5469800915500252,0.47240035561356997,0.5435446288533473,0.7350217856576449,0.7298237783547752,0.5455504432270867,0.4771858763378873,0.5420707284358037,0.5221654088190341,0.29886031475180475,0.2148676015652435,0.30489158484654594,0.40780241352349245,0.17143644941984104,0.038308142754454495,0.08381849400861388,0.38386559268355736,0.16164446164502158,0.0,0.0,0.43145159188192744,0.24900202450154577,0.06563683311224103,0.031975745994856725,0.3056127282400188,0.15765122639393303,0.07161700241807441,0.006675744117080976,0.48601950333163496,0.15870528411046655,0.25014777117584786,0.24826687099053946,0.16324615199692624,0.03455807763882015,0.0,0.0,0.0,0.0,0.0,0.0,0.0,0.3980662712854039,0.0,0.0,0.0,0.0,0.0,0.0,0.0,0.0,0.0,0.0,0.0,0.0,0.0,0.0,0.0,0.0,0.0,0.0,0.0,0.0,0.0,0.0,0.0,0.0,0.0,0.0,0.0,0.0,0.0,0.0,0.0,0.0,0.0,0.0,0.0,0.0,0.0,0.0,0.0,0.0,0.0,0.0,0.0,0.0
0.7383168096688553,1.0,0.742584469707568,0.54858780022714,0.48344984132935537,0.5500727076728621,0.5328179868283258,0.3053628059575113,0.21894198212135113,0.3080447703764638,0.43177588762092145,0.19358798853115972,0.05028336124646724,0.08937229118128887,0.4207786408627271,0.22150205688664723,0.05108048081174586,0.03281786141117832,0.431585451290429,0.2746255859739553,0.13026133893094305,0.10350216074757929,0.4127271038860653,0.2624308628561348,0.1458280777291069,0.152482733720038,0.5479707130902438,0.1209822169192351,0.3237536627977601,0.0,0.686869534915293,0.2547253927680186,0.16941928384809782,0.03585019597412292,0.0,0.0,0.0,0.0,0.0,0.0,0.0,0.0,0.0,0.29010417925609333,0.0,0.0,0.0,0.0,0.0,0.0,0.0,0.0,0.0,0.0,0.0,0.0,0.0,0.0,0.0,0.0,0.0,0.0,0.0,0.0,0.0,0.0,0.0,0.0,0.0,0.0,0.0,0.0,0.0,0.0,0.0,0.0,0.0,0.0,0.00750426003644027,0.06938855707995181,0.0,0.0,0.0,0.0,0.0,0.0,0.0,0.0
0.5469800915500252,0.742584469707568,1.0,0.7375075087126569,0.5545993978751846,0.4813116611120704,0.29710653746472465,0.09638803051440599,0.06676589828817667,0.21788587919120234,0.1751039331905986,0.0,0.0,0.0,0.18618716068320365,0.00024903852955623814,0.0,0.0,0.24914982606376818,0.14589595237662498,0.0,0.0,0.2624359158771133,0.1863994813106429,0.1035730414949377,0.08577115693259581,0.7344824217730005,0.07702697133502036,0.4912079429900207,0.0,0.49269257600470645,0.485032805802267,0.2581122371701916,0.0,0.0,0.0,0.0,0.0,0.0,0.0,0.0,0.0,0.0,0.1196858451639597,0.0,0.0,0.0,0.0,0.0,0.0,0.0,0.0,0.07963730392300797,0.0,0.0,0.0,0.0,0.025746806949127093,0.0,0.0,0.0,0.0,0.0,0.0,0.0,0.0,0.0,0.0,0.0,0.0,0.0,0.0,0.0,0.0,0.0,0.0,0.0,0.0,0.15326570499943723,0.09400669591578496,0.0,0.0,0.0,0.0,0.0,0.0,0.0,0.0
0.47240035561356997,0.54858780022714,0.7375075087126569,1.0,0.7454799772483198,0.5489889648559495,0.2023065273212696,0.05775230597153745,0.10367443265082908,0.3090551069937141,0.019950212556348178,0.0,0.0,0.0,0.0,0.0,0.0,0.0,0.0657022100962306,0.0,0.0,0.0,0.14573488635334905,0.10343729237088622,0.0,0.0,0.5430364350328618,0.06812885414287492,0.31987759198183796,0.0,0.2561537079268579,0.6862553564241057,0.49147287892066155,0.1364665239939062,0.0,0.0,0.0,0.0,0.0,0.0,0.0,0.0,0.0,0.04260921318381039,0.0,0.0,0.0,0.0,0.0,0.0,0.0,0.0,0.0,0.0,0.0,0.0,0.0,0.0,0.0,0.0,0.0,0.0,0.0,0.0,0.0,0.0,0.0,0.0,0.0,0.0,0.0,0.0,0.0,0.0,0.0,0.0,0.0,0.0,0.029445197624513666,0.0,0.0,0.0,0.0,0.0,0.0,0.0,0.0,0.0
0.5435446288533473,0.48344984132935537,0.5545993978751846,0.7454799772483198,1.0,0.7375436838486773,0.2973098368705578,0.21493728259045364,0.3141948372282428,0.5428808431982711,0.066914898824625,0.0,0.0,0.0,0.0,0.0,0.0,0.0,0.03194549831197832,0.0,0.0,0.0,0.15227439647460342,0.08548907049633764,0.0,0.0,0.31206537390044964,0.09408582553885904,0.07804990975292307,0.017178218005543325,0.17054373649079982,0.4894698543024061,0.6859251914050656,0.39003127212020783,0.037840673933969796,0.0,0.0,0.0,0.0,0.0,0.0,0.0,0.0,0.10786929511409796,0.0,0.0,0.0,0.0,0.0,0.0,0.0,0.0,0.0,0.0,0.0,0.0,0.0,0.0,0.0,0.0,0.0,0.0,0.0,0.0,0.0,0.0,0.0,0.0,0.0,0.0,0.0,0.0,0.0,0.0,0.0,0.0,0.0,0.0,0.0,0.0,0.0,0.0,0.0,0.0,0.0,0.0,0.0,0.0
0.7350217856576449,0.5500727076728621,0.4813116611120704,0.5489889648559495,0.7375436838486773,1.0,0.5375621467140166,0.4765991908356637,0.5524514372575963,0.7354867184546514,0.2858614379178622,0.08634910201812132,0.060587277454025035,0.21506261483375733,0.15348199445035252,0.0,0.0,0.0,0.16157524559574246,0.0,0.0,0.0,0.27438533567722934,0.14560050929399024,0.0,0.0,0.215962397113099,0.13201692101175663,0.0,0.03574816886647691,0.2543440523391893,0.2529409114369867,0.48746294881355157,0.48482659344952367,0.25591159512510436,0.0,0.0,0.0,0.0,0.0,0.0,0.0,0.0,0.2719500314013702,0.0,0.0,0.0,0.0,0.0,0.0,0.0,0.0,0.0,0.0,0.0,0.0,0.0,0.0,0.0,0.0,0.0,0.0,0.0,0.0,0.0,0.0,0.0,0.0,0.0,0.0,0.0,0.0,0.0,0.0,0.0,0.0,0.0,0.0,0.0,0.0,0.0,0.0,0.0,0.0,0.0,0.0,0.0,0.0
0.7298237783547752,0.5328179868283258,0.29710653746472465,0.2023065273212696,0.2973098368705578,0.5375621467140166,1.0,0.7368536524795753,0.5418866308559137,0.4701911705527285,0.7308253041881576,0.5451781370531184,0.4764138208960934,0.543054836837257,0.5198514907855514,0.2935241317438421,0.2118406937749213,0.30480511280845624,0.4077885520700161,0.15350253389187918,0.017364469742004677,0.07142791881254444,0.4206728457699461,0.18607200232170726,0.0,0.0,0.08086075793931827,0.08009718506486586,0.0,0.0,0.37595664814874563,0.0,0.025473656787025643,0.1564180643445698,0.249921981244449,0.24982059801097514,0.16284523591033556,0.0353937288418622,0.0,0.0,0.0,0.0,0.0,0.4245815560210722,0.0,0.0,0.0,0.0,0.0,0.0,0.0,0.0,0.0,0.0,0.0,0.0,0.0,0.0,0.0,0.0,0.0,0.0,0.0,0.0,0.0,0.0,0.0,0.0,0.0,0.0,0.0,0.0,0.0,0.0,0.0,0.0,0.0,0.0,0.0,0.0,0.0,0.0,0.0,0.0,0.0,0.0,0.0,0.0
0.5455504432270867,0.3053628059575113,0.09638803051440599,0.05775230597153745,0.21493728259045364,0.4765991908356637,0.7368536524795753,1.0,0.7348697926862866,0.5487900640077074,0.543392186237063,0.4790052091131415,0.552339859689666,0.7361477788364045,0.2935061604455458,0.08718076758611322,0.05937987513191128,0.21597668971011158,0.1713904510115791,0.0,0.0,0.0,0.22136167204363186,8.027074115788566e-05,0.0,0.0,0.0,0.0,0.0,0.0,0.12431033418107958,0.0,0.0,0.25240784687918455,0.4859541300427468,0.4857153652547714,0.25577012778776037,0.0,0.0,0.0,0.0,0.0,0.0,0.27060113620452997,0.0,0.0,0.0,0.0,0.0,0.0,0.0,0.0,0.0,0.0,0.0,0.0,0.0,0.0,0.0,0.0,0.0,0.0,0.0,0.0,0.0,0.0,0.0,0.0,0.0,0.0,0.0,0.0,0.0,0.0,0.0,0.0,0.0,0.0,0.0,0.0,0.0,0.0,0.0,0.0,0.0,0.0,0.0,0.0
0.4771858763378873,0.21894198212135113,0.06676589828817667,0.10367443265082908,0.3141948372282428,0.5524514372575963,0.5418866308559137,0.7348697926862866,1.0,0.7479070705060871,0.29987613551155495,0.2139643609617926,0.31242940134825775,0.5431630972847356,0.0713949731030093,0.0,0.0,0.0,0.0,0.0,0.0,0.0,0.10329269135130527,0.0,0.0,0.0,0.0,0.0,0.0,0.0,0.0,0.0,0.14187329065554796,0.49192488713591653,0.6858570030256869,0.3931571340637132,0.036581152536846503,0.0,0.0,0.0,0.0,0.0,0.0,0.16872772062885794,0.0,0.0,0.0,0.0,0.0,0.0,0.0,0.0,0.0,0.0,0.0,0.0,0.0,0.0,0.0,0.0,0.0,0.0,0.0,0.0,0.0,0.0,0.0,0.0,0.0,0.0,0.0,0.0,0.0,0.0,0.0,0.0,0.0,0.0,0.0,0.0,0.0,0.0,0.0,0.0,0.0,0.0,0.0,0.0
0.5420707284358037,0.3080447703764638,0.21788587919120234,0.3090551069937141,0.5428808431982711,0.7354867184546514,0.4701911705527285,0.5487900640077074,0.7479070705060871,1.0,0.20243828418593823,0.05572124357330171,0.10311307193904799,0.31146902443338703,0.01732109735024393,0.0,0.0,0.0,0.0,0.0,0.0,0.0,0.12999281630449125,0.0,0.0,0.0,0.0,0.02028761883172889,0.0,0.0,0.03157786421453919,0.03310480194306941,0.39210069563590233,0.6859446224763146,0.4926203501073806,0.14237849676982078,0.0,0.0,0.0,0.0,0.0,0.0,0.0,0.17509852179511265,0.0,0.0,0.0,0.0,0.0,0.0,0.0,0.0,0.0,0.0,0.0,0.0,0.0,0.0,0.0,0.0,0.0,0.0,0.0,0.0,0.0,0.0,0.0,0.0,0.0,0.0,0.0,0.0,0.0,0.0,0.0,0.0,0.0,0.0,0.0,0.0,0.0,0.0,0.0,0.0,0.0,0.0,0.0,0.0
0.5221654088190341,0.43177588762092145,0.1751039331905986,0.019950212556348178,0.066914898824625,0.2858614379178622,0.7308253041881576,0.543392186237063,0.29987613551155495,0.20243828418593823,1.0,0.735430857293222,0.5421403375650108,0.47464876892575875,0.7308282356154222,0.5434001264147206,0.4746543317684077,0.542143303228475,0.5221679239061022,0.28587791668521684,0.20246187268022234,0.299890423008268,0.4317336455516559,0.17506044439821702,0.019921618110738504,0.06691283258011271,0.012246109446244366,0.012187179191904488,0.0,0.0,0.3754645182202287,0.0,0.0,0.0,0.031306928938473796,0.1610953121415475,0.24914214866803258,0.24914304586680291,0.1611018584269286,0.03132025774003223,0.0,0.0,0.0,0.3753630160165138,0.0,0.0,0.0,0.0,0.0,0.0,0.0,0.0,0.0,0.0,0.0,0.0,0.0,0.0,0.0,0.0,0.0,0.0,0.0,0.0,0.0,0.0,0.0,0.0,0.0,0.0,0.0,0.0,0.0,0.0,0.0,0.0,0.0,0.0,0.0,0.0,0.0,0.0,0.0,0.0,0.0,0.0,0.0,0.0
0.29886031475180475,0.19358798853115972,0.0,0.0,0.0,0.08634910201812132,0.5451781370531184,0.4790052091131415,0.2139643609617926,0.05572124357330171,0.735430857293222,1.0,0.7361611230929787,0.5512984585663371,0.5451759904273094,0.4790012546796189,0.5512982932065118,0.7361613260458154,0.29885899889744594,0.08634824867505335,0.05572223775210552,0.21396091942277817,0.19355841497886148,0.0,0.0,0.0,0.0,0.0,0.0,0.0,0.15091023354692892,0.0,0.0,0.0,0.0,0.2546601193822695,0.48622367622117685,0.48622278093642846,0.2546597666989688,0.0,0.0,0.0,0.0,0.15083263082019516,0.0,0.0,0.0,0.0,0.0,0.0,0.0,0.0,0.0,0.0,0.0,0.0,0.0,0.0,0.0,0.0,0.0,0.0,0.0,0.0,0.0,0.0,0.0,0.0,0.0,0.0,0.0,0.0,0.0,0.0,0.0,0.0,0.0,0.0,0.0,0.0,0.0,0.0,0.0,0.0,0.0,0.0,0.0,0.0
0.2148676015652435,0.05028336124646724,0.0,0.0,0.0,0.060587277454025035,0.4764138208960934,0.552339859689666,0.31242940134825775,0.10311307193904799,0.5421403375650108,0.7361611230929787,1.0,0.7473485148685469,0.3047980496175697,0.21596826840474678,0.3119644949333862,0.5435050356344354,0.0838058572043781,0.0,0.0,0.0,0.032768243515960124,0.0,0.0,0.0,0.0,0.0,0.0,0.0,0.0,0.0,0.0,0.0,0.1425362265238674,0.49138091657367744,0.6858865552003252,0.39334826299851394,0.03535253189284378,0.0,0.0,0.0,0.0,0.037463457125617654,0.0,0.0,0.0,0.0,0.0,0.0,0.0,0.0,0.0,0.0,0.0,0.0,0.0,0.0,0.0,0.0,0.0,0.0,0.0,0.0,0.0,0.0,0.0,0.0,0.0,0.0,0.0,0.0,0.0,0.0,0.0,0.0,0.0,0.0,0.0,0.0,0.0,0.0,0.0,0.0,0.0,0.0,0.0,0.0
0.30489158484654594,0.08937229118128887,0.0,0.0,0.0,0.21506261483375733,0.543054836837257,0.7361477788364045,0.5431630972847356,0.31146902443338703,0.47464876892575875,0.5512984585663371,0.7473485148685469,1.0,0.21182586516608318,0.05936979391382774,0.10276969887201837,0.3119655167000655,0.03827648547643819,0.0,0.0,0.0,0.050988868144784656,0.0,0.0,0.0,0.0,0.0,0.0,0.0,0.0,0.0,0.0,0.03564775110117406,0.3942102013207521,0.6859132483228159,0.49147230204969816,0.14154389637024226,0.0,0.0,0.0,0.0,0.0,0.09334700975510775,0.0,0.0,0.0,0.0,0.0,0.0,0.0,0.0,0.0,0.0,0.0,0.0,0.0,0.0,0.0,0.0,0.0,0.0,0.0,0.0,0.0,0.0,0.0,0.0,0.0,0.0,0.0,0.0,0.0,0.0,0.0,0.0,0.0,0.0,0.0,0.0,0.0,0.0,0.0,0.0,0.0,0.0,0.0,0.0
0.40780241352349245,0.4207786408627271,0.18618716068320365,0.0,0.0,0.15348199445035252,0.5198514907855514,0.2935061604455458,0.0713949731030093,0.01732109735024393,0.7308282356154222,0.5451759904273094,0.3047980496175697,0.21182586516608318,1.0,0.7368540457782963,0.5430556020793299,0.4764155815772503,0.7298282481837558,0.5375755640823631,0.4702036446516476,0.5418892029536534,0.5328022270905791,0.2970971857610367,0.2022993843031323,0.2973134199565586,0.08025619255428579,0.08084784368688917,0.0,0.0,0.4247774127785298,0.0,0.0,0.0,0.0,0.0,0.03538965104952514,0.16284687477665943,0.24982338931657203,0.24992229117364817,0.1564314914570932,0.02549028451965313,0.0,0.3758972128845491,0.0,0.0,0.0,0.0,0.0,0.0,0.0,0.0,0.0,0.0,0.0,0.0,0.0,0.0,0.0,0.0,0.0,0.0,0.0,0.0,0.0,0.0,0.0,0.0,0.0,0.0,0.0,0.0,0.0,0.0,0.0,0.0,0.0,0.0,0.0,0.0,0.0,0.0,0.0,0.0,0.0,0.0,0.0,0.0
0.17143644941984104,0.22150205688664723,0.00024903852955623814,0.0,0.0,0.0,0.2935241317438421,0.08718076758611322,0.0,0.0,0.5434001264147206,0.4790012546796189,0.21596826840474678,0.05936979391382774,0.7368540457782963,1.0,0.7361451959513579,0.5523357767704244,0.5455510768956919,0.4766070251776902,0.5487976069943261,0.7348716639098295,0.3053569625998015,0.09639547597572343,0.05776082064563296,0.2149477553423534,0.0,0.0,0.0,0.0,0.2708177418642239,0.0,0.0,0.0,0.0,0.0,0.0,0.25576562042412243,0.4857163107549006,0.48595263354714874,0.2524127188496753,0.0,0.0,0.1242611578150287,0.0,0.0,0.0,0.0,0.0,0.0,0.0,0.0,0.0,0.0,0.0,0.0,0.0,0.0,0.0,0.0,0.0,0.0,0.0,0.0,0.0,0.0,0.0,0.0,0.0,0.0,0.0,0.0,0.0,0.0,0.0,0.0,0.0,0.0,0.0,0.0,0.0,0.0,0.0,0.0,0.0,0.0,0.0,0.0
0.038308142754454495,0.05108048081174586,0.0,0.0,0.0,0.0,0.2118406937749213,0.05937987513191128,0.0,0.0,0.4746543317684077,0.5512982932065118,0.3119644949333862,0.10276969887201837,0.5430556020793299,0.7361451959513579,1.0,0.7473477850422734,0.3048965315547505,0.21506716738194054,0.3114687062679331,0.5431589386511299,0.08937194549190294,0.0,0.0,0.0,0.0,0.0,0.0,0.0,0.09348818583182705,0.0,0.0,0.0,0.0,0.0,0.14154227139360948,0.49147229841040824,0.6859139534852479,0.3942000560404197,0.035641547755027016,0.0,0.0,0.0,0.0,0.0,0.0,0.0,0.0,0.0,0.0,0.0,0.0,0.0,0.0,0.0,0.0,0.0,0.0,0.0,0.0,0.0,0.0,0.0,0.0,0.0,0.0,0.0,0.0,0.0,0.0,0.0,0.0,0.0,0.0,0.0,0.0,0.0,0.0,0.0,0.0,0.0,0.0,0.0,0.0,0.0,0.0,0.0
0.08381849400861388,0.03281786141117832,0.0,0.0,0.0,0.0,0.30480511280845624,0.21597668971011158,0.0,0.0,0.542143303228475,0.7361613260458154,0.5435050356344354,0.3119655167000655,0.4764155815772503,0.5523357767704244,0.7473477850422734,1.0,0.21487401878581425,0.06058902738115712,0.10310989672868964,0.3124225511344857,0.050277745736065214,0.0,0.0,0.0,0.0,0.0,0.0,0.0,0.03755755197102847,0.0,0.0,0.0,0.0,0.035353681948031485,0.39334861500203927,0.6858861546503442,0.49137844836659866,0.14252338395383282,0.0,0.0,0.0,0.0,0.0,0.0,0.0,0.0,0.0,0.0,0.0,0.0,0.0,0.0,0.0,0.0,0.0,0.0,0.0,0.0,0.0,0.0,0.0,0.0,0.0,0.0,0.0,0.0,0.0,0.0,0.0,0.0,0.0,0.0,0.0,0.0,0.0,0.0,0.0,0.0,0.0,0.0,0.0,0.0,0.0,0.0,0.0,0.0
0.38386559268355736,0.431585451290429,0.24914982606376818,0.0657022100962306,0.03194549831197832,0.16157524559574246,0.4077885520700161,0.1713904510115791,0.0,0.0,0.5221679239061022,0.29885899889744594,0.0838058572043781,0.03827648547643819,0.7298282481837558,0.5455510768956919,0.3048965315547505,0.21487401878581425,1.0,0.7350199055789225,0.5420653821545836,0.4771787874158612,0.7383144840769172,0.5469793217033748,0.47238790748813764,0.5435325000749125,0.1578763736945599,0.30561493656486916,0.006945452623867616,0.07162000221917494,0.39830325681013545,0.0,0.0,0.0,0.0,0.0,0.0,0.0,0.03456577752071898,0.1632390942752039,0.24826495847088142,0.250141942189454,0.15869294728095673,0.48599506034716705,0.0,0.0,0.0,0.0,0.0,0.0,0.0,0.0,0.0,0.0,0.0,0.0,0.0,0.06935538306874955,0.0,0.0,0.0,0.0,0.0,0.0,0.0,0.0,0.0,0.0,0.0,0.0,0.0,0.0,0.0,0.0,0.0,0.0,0.0,0.0,0.0,0.13578293914129577,0.0,0.0,0.0,0.0,0.0,0.0,0.0,0.0
0.16164446164502158,0.2746255859739553,0.14589595237662498,0.0,0.0,0.0,0.15350253389187918,0.0,0.0,0.0,0.28587791668521684,0.08634824867505335,0.0,0.0,0.5375755640823631,0.4766070251776902,0.21506716738194054,0.06058902738115712,0.7350199055789225,1.0,0.7354857955239155,0.5524517559503552,0.5500758162180523,0.4813271756231247,0.5489963168758714,0.737544062848661,0.13244682278218853,0.21597787913937022,0.03626058145511892,0.0,0.2722874837932439,0.0,0.0,0.0,0.0,0.0,0.0,0.0,0.0,0.2559112507416083,0.48482976650095505,0.48746778041213057,0.25294449366884353,0.25432792896505513,0.0,0.0,0.0,0.0,0.0,0.0,0.0,0.06865967197519603,0.02044588625681325,0.0,0.0,0.0,0.1918695147154378,0.2710683706673655,0.0,0.0,0.0,0.0,0.0,0.0,0.0,0.0,0.0,0.0,0.0,0.0,0.0,0.0,0.0,0.0,0.0,0.0,0.0,0.0,0.027642610145686468,0.30889214340332266,0.13821471348244138,0.0,0.0,0.0,0.0,0.0,0.0,0.0
0.0,0.13026133893094305,0.0,0.0,0.0,0.0,0.017364469742004677,0.0,0.0,0.0,0.20246187268022234,0.05572223775210552,0.0,0.0,0.4702036446516476,0.5487976069943261,0.3114687062679331,0.10310989672868964,0.5420653821545836,0.7354857955239155,1.0,0.7479085566690417,0.3080444106206529,0.21790405359713005,0.3090734767934176,0.5428952576942098,0.02077183506934931,0.0,0.0,0.0,0.17545399968338304,0.0,0.0,0.0,0.0,0.0,0.0,0.0,0.1423781171194971,0.49262018980779176,0.6859448993836853,0.3921296649529863,0.033121988959578824,0.03154986681017098,0.0,0.0,0.0,0.0,0.0,0.0,0.0,0.05650674945741674,0.0,0.0,0.0,0.07684864010934303,0.3050553764177181,0.3001515747981494,0.0,0.0,0.0,0.0,0.0,0.0,0.0,0.0,0.0,0.0,0.0,0.0,0.0,0.0,0.0,0.0,0.0,0.0,0.0,0.0,0.0,0.2993201530266101,0.30641751257219396,0.0,0.0,0.0,0.0,0.0,0.0,0.0
0.0,0.10350216074757929,0.0,0.0,0.0,0.0,0.07142791881254444,0.0,0.0,0.0,0.299890423008268,0.21396091942277817,0.0,0.0,0.5418892029536534,0.7348716639098295,0.5431589386511299,0.3124225511344857,0.4771787874158612,0.5524517559503552,0.7479085566690417,1.0,0.21893744934646747,0.06678081320809949,0.1036912546881726,0.31420872203003536,0.0,0.0,0.0,0.0,0.16901514245686286,0.0,0.0,0.0,0.0,0.0,0.0,0.03657150308219406,0.39315504706786203,0.685856730750228,0.49192369105457495,0.14190483940113874,0.0,0.0,0.0,0.0,0.0,0.0,0.0,0.0,0.0,0.0,0.0,0.0,0.0,0.0,0.14662566620049006,0.11217726600397782,0.0,0.0,0.0,0.0,0.0,0.0,0.0,0.0,0.0,0.0,0.0,0.0,0.0,0.0,0.0,0.0,0.0,0.0,0.0,0.0,0.0,0.11678744544308398,0.1891279609876082,0.0,0.0,0.0,0.0,0.0,0.0,0.0
0.43145159188192744,0.4127271038860653,0.2624359158771133,0.14573488635334905,0.15227439647460342,0.27438533567722934,0.4206728457699461,0.22136167204363186,0.10329269135130527,0.12999281630449125,0.4317336455516559,0.19355841497886148,0.032768243515960124,0.050988868144784656,0.5328022270905791,0.3053569625998015,0.08937194549190294,0.050277745736065214,0.7383144840769172,0.5500758162180523,0.3080444106206529,0.21893744934646747,1.0,0.7425809063038482,0.5485744097608057,0.4834406382979428,0.12107767365340256,0.5479738790469045,0.0,0.3237583302732368,0.2902096046359027,0.0,0.0,0.0,0.0,0.0,0.0,0.0,0.0,0.0,0.03585686167527808,0.1694110870800178,0.25471533715186084,0.6868638963778614,0.0,0.0,0.0,0.0,0.0,0.0,0.0,0.0,0.0,0.0,0.0,0.0,0.0,0.0,0.0,0.0,0.0,0.0,0.0,0.0,0.0,0.0,0.0,0.0,0.0,0.0,0.0,0.0,0.0,0.0,0.0,0.0,0.0,0.0,0.0,0.0003460352199078529,0.0,0.0,0.0,0.0,0.0,0.0,0.0,0.0
0.24900202450154577,0.2624308628561348,0.1863994813106429,0.10343729237088622,0.08548907049633764,0.14560050929399024,0.18607200232170726,8.027074115788566e-05,0.0,0.0,0.17506044439821702,0.0,0.0,0.0,0.2970971857610367,0.09639547597572343,0.0,0.0,0.5469793217033748,0.4813271756231247,0.21790405359713005,0.06678081320809949,0.7425809063038482,1.0,0.7375048732280686,0.5546051181896374,0.07715122414047876,0.7344828331383885,0.0,0.49120844757445614,0.11978776144439905,0.0,0.0,0.0,0.0,0.0,0.0,0.0,0.0,0.0,0.0,0.2581134193492499,0.4850319019431272,0.4926986533760487,0.0,0.0,0.0,0.0,0.0,0.0,0.0,0.0,0.0,0.0,0.0,0.0,0.0,0.0,0.0,0.0,0.0,0.0,0.0,0.0,0.0,0.0,0.0,0.0,0.0,0.0,0.0,0.0,0.0,0.0,0.0,0.0,0.0,0.0,0.0,0.007985730514583128,0.0,0.0,0.0,0.0,0.0,0.0,0.0,0.0
0.06563683311224103,0.1458280777291069,0.1035730414949377,0.0,0.0,0.0,0.0,0.0,0.0,0.0,0.019921618110738504,0.0,0.0,0.0,0.2022993843031323,0.05776082064563296,0.0,0.0,0.47238790748813764,0.5489963168758714,0.3090734767934176,0.1036912546881726,0.5485744097608057,0.7375048732280686,1.0,0.7454849405296654,0.06842029347614945,0.5430367440163221,0.0,0.319879410878053,0.04279067608853137,0.0,0.0,0.0,0.0,0.0,0.0,0.0,0.0,0.0,0.13650096008057055,0.4914723181971946,0.6862555420256893,0.25614646577562544,0.0,0.0,0.0,0.0,0.0,0.0,0.0,0.054143231498158084,0.09308148806015826,0.0,0.0,0.0,0.0,0.14606737605608858,0.0,0.0,0.0,0.0,0.0,0.0,0.0,0.0,0.0,0.0,0.0,0.0,0.0,0.0,0.0,0.0,0.0,0.0,0.0,0.0,0.11251501927165417,0.15843420453520157,0.0,0.0,0.0,0.0,0.0,0.0,0.0,0.0
0.031975745994856725,0.152482733720038,0.08577115693259581,0.0,0.0,0.0,0.0,0.0,0.0,0.0,0.06691283258011271,0.0,0.0,0.0,0.2973134199565586,0.2149477553423534,0.0,0.0,0.5435325000749125,0.737544062848661,0.5428952576942098,0.31420872203003536,0.4834406382979428,0.5546051181896374,0.7454849405296654,1.0,0.09454171348281752,0.31207172577444975,0.017754371850450132,0.07805701585509231,0.10815941194481053,0.0,0.0,0.0,0.0,0.0,0.0,0.0,0.0,0.03785884714722767,0.39005959495144205,0.6859260921696854,0.4894699963748551,0.17052865108082496,0.0,0.0,0.0,0.0,0.0,0.0,0.0,0.17188126770661388,0.14361414096878747,0.0,0.0,0.0,0.20179299807719855,0.3186290462503936,0.0,0.0,0.0,0.0,0.0,0.0,0.0,0.0,0.0,0.0,0.0,0.0,0.0,0.0,0.0,0.0,0.0,0.0,0.0,0.0,0.13812591933776094,0.32411600041002636,0.08819331198949114,0.0,0.0,0.0,0.0,0.0,0.0,0.0
0.3056127282400188,0.5479707130902438,0.7344824217730005,0.5430364350328618,0.31206537390044964,0.215962397113099,0.08086075793931827,0.0,0.0,0.0,0.012246109446244366,0.0,0.0,0.0,0.08025619255428579,0.0,0.0,0.0,0.1578763736945599,0.13244682278218853,0.02077183506934931,0.0,0.12107767365340256,0.07715122414047876,0.06842029347614945,0.09454171348281752,1.0,0.0,0.756723917499324,0.0,0.3997397103235416,0.38932542802852876,0.03550731664874596,0.0,0.0,0.0,0.0,0.0,0.0,0.0,0.0,0.0,0.0,0.0,0.0,0.0,0.0,0.0,0.0,0.0,0.0,0.1642976160089038,0.2863578192647086,0.12841322543658262,0.0,0.0,0.015111248889574627,0.21736456248721867,0.0,0.0,0.0,0.0,0.0,0.0,0.0,0.0,0.0,0.0,0.0,0.0,0.0,0.0,0.0,0.0,0.0,0.0,0.0,0.013333654527558142,0.335398639694135,0.2600587879749325,0.0,0.0,0.0,0.0,0.0,0.0,0.0,0.0
0.15765122639393303,0.1209822169192351,0.07702697133502036,0.06812885414287492,0.09408582553885904,0.13201692101175663,0.08009718506486586,0.0,0.0,0.02028761883172889,0.012187179191904488,0.0,0.0,0.0,0.08084784368688917,0.0,0.0,0.0,0.30561493656486916,0.21597787913937022,0.0,0.0,0.5479738790469045,0.7344828331383885,0.5430367440163221,0.31207172577444975,0.0,1.0,0.0,0.7567240218778897,0.0,0.0,0.0,0.0,0.0,0.0,0.0,0.0,0.0,0.0,0.0,0.035506640047744724,0.3893291588828785,0.399766430129046,0.0,0.0,0.0,0.0,0.0,0.0,0.0,0.0,0.0,0.0,0.0,0.0,0.0,0.0,0.0,0.0,0.0,0.0,0.0,0.0,0.0,0.0,0.0,0.0,0.0,0.0,0.0,0.0,0.0,0.0,0.0,0.0,0.0,0.0,0.0,0.0,0.0,0.0,0.0,0.0,0.0,0.0,0.0,0.0
0.07161700241807441,0.3237536627977601,0.4912079429900207,0.31987759198183796,0.07804990975292307,0.0,0.0,0.0,0.0,0.0,0.0,0.0,0.0,0.0,0.0,0.0,0.0,0.0,0.006945452623867616,0.03626058145511892,0.0,0.0,0.0,0.0,0.0,0.017754371850450132,0.756723917499324,0.0,1.0,0.0,0.2331067102931415,0.22326319241644277,0.0,0.0,0.0,0.0,0.0,0.0,0.0,0.0,0.0,0.0,0.0,0.0,0.0,0.0,0.0,0.0,0.0,0.04524730658388476,0.059241564127315356,0.30003608171084106,0.4135766642531128,0.25439505559375053,0.0,0.0,0.1134992974720686,0.3243374823164821,0.0,0.0,0.0,0.0,0.0,0.0,0.0,0.0,0.0,0.0,0.0,0.0,0.0,0.0,0.0,0.0,0.0,0.0,0.0,0.10296742508020917,0.4160246366550093,0.324199657955215,0.0,0.0,0.0,0.0,0.0,0.0,0.0,0.0
0.006675744117080976,0.0,0.0,0.0,0.017178218005543325,0.03574816886647691,0.0,0.0,0.0,0.0,0.0,0.0,0.0,0.0,0.0,0.0,0.0,0.0,0.07162000221917494,0.0,0.0,0.0,0.3237583302732368,0.49120844757445614,0.319879410878053,0.07805701585509231,0.0,0.7567240218778897,0.0,1.0,0.0,0.0,0.0,0.0,0.0,0.0,0.0,0.0,0.0,0.0,0.0,0.0,0.22327010302313802,0.23314180653421981,0.0,0.0,0.0,0.0,0.0,0.0,0.0,0.0,0.0,0.0,0.0,0.0,0.0,0.0,0.0,0.0,0.0,0.0,0.0,0.0,0.0,0.0,0.0,0.0,0.0,0.0,0.0,0.0,0.0,0.0,0.0,0.0,0.0,0.0,0.0,0.0,0.0,0.0,0.0,0.0,0.0,0.0,0.0,0.0
0.48601950333163496,0.686869534915293,0.49269257600470645,0.2561537079268579,0.17054373649079982,0.2543440523391893,0.37595664814874563,0.12431033418107958,0.0,0.03157786421453919,0.3754645182202287,0.15091023354692892,0.0,0.0,0.4247774127785298,0.2708177418642239,0.09348818583182705,0.03755755197102847,0.39830325681013545,0.2722874837932439,0.17545399968338304,0.16901514245686286,0.2902096046359027,0.11978776144439905,0.04279067608853137,0.10815941194481053,0.3997397103235416,0.0,0.2331067102931415,0.0,1.0,0.0,0.0,0.0,0.0,0.0,0.0,0.0,0.0,0.0,0.0,0.0,0.0,0.16687477916595553,0.0,0.0,0.0,0.0,0.0,0.0,0.0,0.0,0.0,0.0,0.0,0.0,0.0,0.0,0.0,0.0,0.0,0.0,0.0,0.0,0.0,0.0,0.0,0.0,0.0,0.0,0.0,0.0,0.0,0.0,0.0,0.0,0.0,0.0,0.0,0.08055102552773405,0.0,0.0,0.0,0.0,0.0,0.0,0.0,0.0
0.15870528411046655,0.2547253927680186,0.485032805802267,0.6862553564241057,0.4894698543024061,0.2529409114369867,0.0,0.0,0.0,0.03310480194306941,0.0,0.0,0.0,0.0,0.0,0.0,0.0,0.0,0.0,0.0,0.0,0.0,0.0,0.0,0.0,0.0,0.38932542802852876,0.0,0.22326319241644277,0.0,0.0,1.0,0.4067033540272318,0.0,0.0,0.0,0.0,0.0,0.0,0.0,0.0,0.0,0.0,0.0,0.0,0.0,0.0,0.0,0.0,0.0,0.0,0.0,0.0,0.0,0.0,0.0,0.0,0.0,0.0,0.0,0.0,0.0,0.0,0.0,0.0,0.0,0.0,0.0,0.0,0.0,0.0,0.0,0.0,0.0,0.0,0.0,0.0,0.0,0.0,0.0,0.0,0.0,0.0,0.0,0.0,0.0,0.0,0.0
0.25014777117584786,0.16941928384809782,0.2581122371701916,0.49147287892066155,0.6859251914050656,0.48746294881355157,0.025473656787025643,0.0,0.14187329065554796,0.39210069563590233,0.0,0.0,0.0,0.0,0.0,0.0,0.0,0.0,0.0,0.0,0.0,0.0,0.0,0.0,0.0,0.0,0.03550731664874596,0.0,0.0,0.0,0.0,0.4067033540272318,1.0,0.419103668051627,0.0,0.0,0.0,0.0,0.0,0.0,0.0,0.0,0.0,0.0,0.0,0.0,0.0,0.0,0.0,0.0,0.0,0.0,0.0,0.0,0.0,0.0,0.0,0.0,0.0,0.0,0.0,0.0,0.0,0.0,0.0,0.0,0.0,0.0,0.0,0.0,0.0,0.0,0.0,0.0,0.0,0.0,0.0,0.0,0.0,0.0,0.0,0.0,0.0,0.0,0.0,0.0,0.0,0.0
0.24826687099053946,0.03585019597412292,0.0,0.1364665239939062,0.39003127212020783,0.48482659344952367,0.1564180643445698,0.25240784687918455,0.49192488713591653,0.6859446224763146,0.0,0.0,0.0,0.03564775110117406,0.0,0.0,0.0,0.0,0.0,0.0,0.0,0.0,0.0,0.0,0.0,0.0,0.0,0.0,0.0,0.0,0.0,0.0,0.419103668051627,1.0,0.40867976372157205,0.0,0.0,0.0,0.0,0.0,0.0,0.0,0.0,0.0,0.0,0.0,0.0,0.0,0.0,0.0,0.0,0.0,0.0,0.0,0.0,0.0,0.0,0.0,0.0,0.0,0.0,0.0,0.0,0.0,0.0,0.0,0.0,0.0,0.0,0.0,0.0,0.0,0.0,0.0,0.0,0.0,0.0,0.0,0.0,0.0,0.0,0.0,0.0,0.0,0.0,0.0,0.0,0.0
0.16324615199692624,0.0,0.0,0.0,0.037840673933969796,0.25591159512510436,0.249921981244449,0.4859541300427468,0.6858570030256869,0.4926203501073806,0.031306928938473796,0.0,0.1425362265238674,0.3942102013207521,0.0,0.0,0.0,0.0,0.0,0.0,0.0,0.0,0.0,0.0,0.0,0.0,0.0,0.0,0.0,0.0,0.0,0.0,0.0,0.40867976372157205,1.0,0.4256382296796621,0.0,0.0,0.0,0.0,0.0,0.0,0.0,0.0,0.0,0.0,0.0,0.0,0.0,0.0,0.0,0.0,0.0,0.0,0.0,0.0,0.0,0.0,0.0,0.0,0.0,0.0,0.0,0.0,0.0,0.0,0.0,0.0,0.0,0.0,0.0,0.0,0.0,0.0,0.0,0.0,0.0,0.0,0.0,0.0,0.0,0.0,0.0,0.0,0.0,0.0,0.0,0.0
0.03455807763882015,0.0,0.0,0.0,0.0,0.0,0.24982059801097514,0.4857153652547714,0.3931571340637132,0.14237849676982078,0.1610953121415475,0.2546601193822695,0.49138091657367744,0.6859132483228159,0.0,0.0,0.0,0.035353681948031485,0.0,0.0,0.0,0.0,0.0,0.0,0.0,0.0,0.0,0.0,0.0,0.0,0.0,0.0,0.0,0.0,0.4256382296796621,1.0,0.4065314475308764,0.0,0.0,0.0,0.0,0.0,0.0,0.0,0.0,0.0,0.0,0.0,0.0,0.0,0.0,0.0,0.0,0.0,0.0,0.0,0.0,0.0,0.0,0.0,0.0,0.0,0.0,0.0,0.0,0.0,0.0,0.0,0.0,0.0,0.0,0.0,0.0,0.0,0.0,0.0,0.0,0.0,0.0,0.0,0.0,0.0,0.0,0.0,0.0,0.0,0.0,0.0
0.0,0.0,0.0,0.0,0.0,0.0,0.16284523591033556,0.25577012778776037,0.036581152536846503,0.0,0.24914214866803258,0.48622367622117685,0.6858865552003252,0.49147230204969816,0.03538965104952514,0.0,0.14154227139360948,0.39334861500203927,0.0,0.0,0.0,0.0,0.0,0.0,0.0,0.0,0.0,0.0,0.0,0.0,0.0,0.0,0.0,0.0,0.0,0.4065314475308764,1.0,0.4240535004880957,0.0,0.0,0.0,0.0,0.0,0.0,0.0,0.0,0.0,0.0,0.0,0.0,0.0,0.0,0.0,0.0,0.0,0.0,0.0,0.0,0.0,0.0,0.0,0.0,0.0,0.0,0.0,0.0,0.0,0.0,0.0,0.0,0.0,0.0,0.0,0.0,0.0,0.0,0.0,0.0,0.0,0.0,0.0,0.0,0.0,0.0,0.0,0.0,0.0,0.0
0.0,0.0,0.0,0.0,0.0,0.0,0.0353937288418622,0.0,0.0,0.0,0.24914304586680291,0.48622278093642846,0.39334826299851394,0.14154389637024226,0.16284687477665943,0.25576562042412243,0.49147229841040824,0.6858861546503442,0.0,0.0,0.0,0.03657150308219406,0.0,0.0,0.0,0.0,0.0,0.0,0.0,0.0,0.0,0.0,0.0,0.0,0.0,0.0,0.4240535004880957,1.0,0.40652787301985693,0.0,0.0,0.0,0.0,0.0,0.0,0.0,0.0,0.0,0.0,0.0,0.0,0.0,0.0,0.0,0.0,0.0,0.0,0.0,0.0,0.0,0.0,0.0,0.0,0.0,0.0,0.0,0.0,0.0,0.0,0.0,0.0,0.0,0.0,0.0,0.0,0.0,0.0,0.0,0.0,0.0,0.0,0.0,0.0,0.0,0.0,0.0,0.0,0.0
0.0,0.0,0.0,0.0,0.0,0.0,0.0,0.0,0.0,0.0,0.1611018584269286,0.2546597666989688,0.03535253189284378,0.0,0.24982338931657203,0.4857163107549006,0.6859139534852479,0.49137844836659866,0.03456577752071898,0.0,0.1423781171194971,0.39315504706786203,0.0,0.0,0.0,0.0,0.0,0.0,0.0,0.0,0.0,0.0,0.0,0.0,0.0,0.0,0.0,0.40652787301985693,1.0,0.4256240537931755,0.0,0.0,0.0,0.0,0.0,0.0,0.0,0.0,0.0,0.0,0.0,0.0,0.0,0.0,0.0,0.0,0.0,0.0,0.0,0.0,0.0,0.0,0.0,0.0,0.0,0.0,0.0,0.0,0.0,0.0,0.0,0.0,0.0,0.0,0.0,0.0,0.0,0.0,0.0,0.0,0.0,0.0,0.0,0.0,0.0,0.0,0.0,0.0
0.0,0.0,0.0,0.0,0.0,0.0,0.0,0.0,0.0,0.0,0.03132025774003223,0.0,0.0,0.0,0.24992229117364817,0.48595263354714874,0.3942000560404197,0.14252338395383282,0.1632390942752039,0.2559112507416083,0.49262018980779176,0.685856730750228,0.0,0.0,0.0,0.03785884714722767,0.0,0.0,0.0,0.0,0.0,0.0,0.0,0.0,0.0,0.0,0.0,0.0,0.4256240537931755,1.0,0.4086735641580594,0.0,0.0,0.0,0.0,0.0,0.0,0.0,0.0,0.0,0.0,0.0,0.0,0.0,0.0,0.0,0.018679820333342586,0.0,0.0,0.0,0.0,0.0,0.0,0.0,0.0,0.0,0.0,0.0,0.0,0.0,0.0,0.0,0.0,0.0,0.0,0.0,0.0,0.0,0.0,0.0,0.1081682856136951,0.0,0.0,0.0,0.0,0.0,0.0,0.0
0.0,0.0,0.0,0.0,0.0,0.0,0.0,0.0,0.0,0.0,0.0,0.0,0.0,0.0,0.1564314914570932,0.2524127188496753,0.035641547755027016,0.0,0.24826495847088142,0.48482976650095505,0.6859448993836853,0.49192369105457495,0.03585686167527808,0.0,0.13650096008057055,0.39005959495144205,0.0,0.0,0.0,0.0,0.0,0.0,0.0,0.0,0.0,0.0,0.0,0.0,0.0,0.4086735641580594,1.0,0.4191649737998904,0.0,0.0,0.0,0.0,0.0,0.0,0.0,0.0,0.0,0.04152432178134407,0.0,0.0,0.0,0.16511350046512183,0.4235084082728261,0.35471823992473606,0.0,0.0,0.0,0.051979101655029725,0.0,0.0,0.0,0.0,0.0,0.0,0.0,0.0,0.0,0.0,0.0,0.0,0.0,0.0,0.0,0.0,0.0,0.2801569112636809,0.4198806150296013,0.0,0.0,0.0,0.0,0.0,0.0,0.0
0.0,0.0,0.0,0.0,0.0,0.0,0.0,0.0,0.0,0.0,0.0,0.0,0.0,0.0,0.02549028451965313,0.0,0.0,0.0,0.250141942189454,0.48746778041213057,0.3921296649529863,0.14190483940113874,0.1694110870800178,0.2581134193492499,0.4914723181971946,0.6859260921696854,0.0,0.035506640047744724,0.0,0.0,0.0,0.0,0.0,0.0,0.0,0.0,0.0,0.0,0.0,0.0,0.4191649737998904,1.0,0.4066898914303101,0.0,0.0,0.0,0.0,0.0,0.0,0.0,0.0,0.2076173651935436,0.11313115338695251,0.0,0.0,0.04846627078255477,0.26734320778539805,0.3838288379742956,0.0,0.0,0.0,0.0,0.0,0.0,0.0,0.0,0.0,0.0,0.0,0.0,0.0,0.0,0.0,0.0,0.0,0.0,0.0,0.0,0.04666288323308585,0.31582011554690514,0.09012067682540213,0.0,0.0,0.0,0.0,0.0,0.0,0.0
0.0,0.0,0.0,0.0,0.0,0.0,0.0,0.0,0.0,0.0,0.0,0.0,0.0,0.0,0.0,0.0,0.0,0.0,0.15869294728095673,0.25294449366884353,0.033121988959578824,0.0,0.25471533715186084,0.4850319019431272,0.6862555420256893,0.4894699963748551,0.0,0.3893291588828785,0.0,0.22327010302313802,0.0,0.0,0.0,0.0,0.0,0.0,0.0,0.0,0.0,0.0,0.0,0.4066898914303101,1.0,0.0,0.0,0.0,0.0,0.0,0.0,0.0,0.0,0.0,0.0,0.0,0.0,0.0,0.0,0.0,0.0,0.0,0.0,0.0,0.0,0.0,0.0,0.0,0.0,0.0,0.0,0.0,0.0,0.0,0.0,0.0,0.0,0.0,0.0,0.0,0.0,0.0,0.0,0.0,0.0,0.0,0.0,0.0,0.0,0.0
0.3980662712854039,0.29010417925609333,0.1196858451639597,0.04260921318381039,0.10786929511409796,0.2719500314013702,0.4245815560210722,0.27060113620452997,0.16872772062885794,0.17509852179511265,0.3753630160165138,0.15083263082019516,0.037463457125617654,0.09334700975510775,0.3758972128845491,0.1242611578150287,0.0,0.0,0.48599506034716705,0.25432792896505513,0.03154986681017098,0.0,0.6868638963778614,0.4926986533760487,0.25614646577562544,0.17052865108082496,0.0,0.399766430129046,0.0,0.23314180653421981,0.16687477916595553,0.0,0.0,0.0,0.0,0.0,0.0,0.0,0.0,0.0,0.0,0.0,0.0,1.0,0.0,0.0,0.0,0.0,0.0,0.0,0.0,0.0,0.0,0.0,0.0,0.0,0.0,0.0,0.0,0.0,0.0,0.0,0.0,0.0,0.0,0.0,0.0,0.0,0.0,0.0,0.0,0.0,0.0,0.0,0.0,0.0,0.0,0.0,0.0,0.0,0.0,0.0,0.0,0.0,0.0,0.0,0.0,0.0
0.0,0.0,0.0,0.0,0.0,0.0,0.0,0.0,0.0,0.0,0.0,0.0,0.0,0.0,0.0,0.0,0.0,0.0,0.0,0.0,0.0,0.0,0.0,0.0,0.0,0.0,0.0,0.0,0.0,0.0,0.0,0.0,0.0,0.0,0.0,0.0,0.0,0.0,0.0,0.0,0.0,0.0,0.0,0.0,1.0,0.7383168096688553,0.5469799734885452,0.4724003556135699,0.5435446288533474,0.7350217856576448,0.7298237783547752,0.5455505670120839,0.47718605273789483,0.5420707284358037,0.5221654088190341,0.29886031475180475,0.21486764268346575,0.30489158484654594,0.40780241352349245,0.17143632532894842,0.03830814275445466,0.08381849400861388,0.38386546966277857,0.16164446164502158,0.0,0.0,0.43145159188192744,0.24900202450154563,0.06563673107108674,0.03197574599485656,0.3056127282400188,0.15765122639393303,0.07161700241807441,0.00667576239047398,0.4860195033316351,0.15870528411046655,0.25014777117584774,0.24826687099053937,0.16324615199692624,0.03455807763882015,0.0,0.0,0.0,0.0,0.0,0.0,0.0,0.3980662612434901
0.0,0.0,0.0,0.0,0.0,0.0,0.0,0.0,0.0,0.0,0.0,0.0,0.0,0.0,0.0,0.0,0.0,0.0,0.0,0.0,0.0,0.0,0.0,0.0,0.0,0.0,0.0,0.0,0.0,0.0,0.0,0.0,0.0,0.0,0.0,0.0,0.0,0.0,0.0,0.0,0.0,0.0,0.0,0.0,0.7383168096688553,1.0,0.742584436283565,0.5485878002271402,0.4834498413293554,0.550072707672862,0.5328179868283257,0.3053629515506219,0.21894215765858624,0.30804477037646383,0.43177588762092145,0.19358798853115972,0.050283442495544665,0.0893722911812887,0.4207786408627271,0.2215019824653258,0.05108048081174586,0.03281786141117832,0.431585396898804,0.2746255859739555,0.13026133893094305,0.10350216074757912,0.4127271038860653,0.2624308628561348,0.14582801865066086,0.15248273372003784,0.5479707130902439,0.1209822169192351,0.32375366279776013,0.0,0.6868695349152931,0.2547253927680187,0.1694192838480979,0.03585019597412292,0.0,0.0,0.0,0.0,0.0,0.0,0.0,0.0,0.0,0.2901042462152984
0.0,0.0,0.0,0.0,0.0,0.0,0.0,0.0,0.0,0.0,0.0,0.0,0.0,0.0,0.0,0.0,0.0,0.0,0.0,0.0,0.0,0.0,0.0,0.0,0.0,0.0,0.0,0.0,0.0,0.0,0.0,0.0,0.0,0.0,0.0,0.0,0.0,0.0,0.0,0.0,0.0,0.0,0.0,0.0,0.5469799734885452,0.742584436283565,1.0,0.737507370040819,0.5545992169999577,0.48131148705564575,0.29710644682145076,0.09638803051440599,0.0667658982881765,0.21788570449529637,0.17510389719739233,0.0,0.0,0.0,0.18618717755784756,0.00024903852955623814,0.0,0.0,0.24914982606376834,0.14589603209848256,0.0,0.0,0.2624358979801078,0.18639947646278285,0.10357304149493786,0.08577124096676472,0.7344825951840727,0.07702692680369029,0.4912081162906561,0.0,0.4926926263917212,0.48503273327810137,0.2581120638092373,0.0,0.0,0.0,0.0,0.0,0.0,0.0,0.0,0.0,0.0,0.1196858451639597
0.0,0.0,0.0,0.0,0.0,0.0,0.0,0.0,0.0,0.0,0.0,0.0,0.0,0.0,0.0,0.0,0.0,0.0,0.0,0.0,0.0,0.0,0.0,0.0,0.0,0.0,0.0,0.0,0.0,0.0,0.0,0.0,0.0,0.0,0.0,0.0,0.0,0.0,0.0,0.0,0.0,0.0,0.0,0.0,0.4724003556135699,0.5485878002271402,0.737507370040819,1.0,0.7454799772483198,0.5489889648559494,0.2023065273212696,0.05775238380448413,0.10367455460237555,0.3090551069937141,0.019950212556348178,0.0,0.0,0.0,0.0,0.0,0.0,0.0,0.06570214725389187,0.0,0.0,0.0,0.14573488635334905,0.10343729237088622,0.0,0.0,0.5430364350328618,0.06812885414287492,0.319877591981838,0.0,0.25615370792685804,0.6862553564241058,0.49147287892066155,0.13646652399390607,0.0,0.0,0.0,0.0,0.0,0.0,0.0,0.0,0.0,0.04260922760029387
0.0,0.0,0.0,0.0,0.0,0.0,0.0,0.0,0.0,0.0,0.0,0.0,0.0,0.0,0.0,0.0,0.0,0.0,0.0,0.0,0.0,0.0,0.0,0.0,0.0,0.0,0.0,0.0,0.0,0.0,0.0,0.0,0.0,0.0,0.0,0.0,0.0,0.0,0.0,0.0,0.0,0.0,0.0,0.0,0.5435446288533474,0.4834498413293554,0.5545992169999577,0.7454799772483198,1.0,0.7375436838486774,0.29730983687055784,0.21493731975472877,0.31419493222120054,0.5428808431982712,0.06691489882462515,0.0,0.0,0.0,0.0,0.0,0.0,0.0,0.031945392042052455,0.0,0.0,0.0,0.15227439647460358,0.08548907049633764,0.0,0.0,0.31206537390044964,0.09408582553885904,0.07804990975292307,0.017178208127534133,0.17054373649080007,0.48946985430240614,0.6859251914050655,0.39003127212020783,0.037840673933969796,0.0,0.0,0.0,0.0,0.0,0.0,0.0,0.0,0.10786925406010779
0.0,0.0,0.0,0.0,0.0,0.0,0.0,0.0,0.0,0.0,0.0,0.0,0.0,0.0,0.0,0.0,0.0,0.0,0.0,0.0,0.0,0.0,0.0,0.0,0.0,0.0,0.0,0.0,0.04524730658388476,0.0,0.0,0.0,0.0,0.0,0.0,0.0,0.0,0.0,0.0,0.0,0.0,0.0,0.0,0.0,0.7350217856576448,0.550072707672862,0.48131148705564575,0.5489889648559494,0.7375436838486774,1.0,0.5375621467140166,0.4765992280102054,0.5524515611046312,0.7354867184546515,0.2858614379178622,0.08634910201812132,0.06058727264932403,0.21506261483375733,0.15348199445035252,0.0,0.0,0.0,0.16157511130321625,0.0,0.0,0.0,0.2743853356772292,0.14560050929399024,0.0,0.0,0.215962397113099,0.13201692101175663,0.0,0.03574814841419128,0.25434405233918933,0.2529409114369867,0.48746294881355146,0.4848265934495237,0.2559115951251044,0.0,0.0,0.0,0.0,0.0,0.0,0.0,0.0,0.27194996359462964
0.0,0.0,0.0,0.0,0.0,0.0,0.0,0.0,0.0,0.0,0.0,0.0,0.0,0.0,0.0,0.0,0.0,0.0,0.0,0.0,0.0,0.0,0.0,0.0,0.0,0.0,0.0,0.0,0.059241564127315356,0.0,0.0,0.0,0.0,0.0,0.0,0.0,0.0,0.0,0.0,0.0,0.0,0.0,0.0,0.0,0.7298237783547752,0.5328179868283257,0.29710644682145076,0.2023065273212696,0.29730983687055784,0.5375621467140166,1.0,0.7368538273848493,0.5418868098422971,0.4701911705527287,0.7308253041881576,0.5451781370531184,0.47641386301883965,0.543054836837257,0.5198514907855514,0.2935239717305263,0.2118406937749213,0.30480511280845607,0.4077884068082301,0.15350253389187934,0.017364469742004677,0.07142791881254444,0.420672845769946,0.18607200232170726,0.0,0.0,0.08086075793931827,0.08009718506486586,0.0,0.0,0.37595664814874563,0.0,0.025473656787025477,0.1564180643445698,0.24992198124444917,0.24982059801097523,0.16284523591033556,0.0353937288418622,0.0,0.0,0.0,0.0,0.0,0.4245815232858941
0.0,0.0,0.0,0.0,0.0,0.0,0.0,0.0,0.0,0.0,0.0,0.0,0.0,0.0,0.0,0.0,0.0,0.0,0.0,0.06865967197519603,0.05650674945741674,0.0,0.0,0.0,0.054143231498158084,0.17188126770661388,0.1642976160089038,0.0,0.30003608171084106,0.0,0.0,0.0,0.0,0.0,0.0,0.0,0.0,0.0,0.0,0.0,0.04152432178134407,0.2076173651935436,0.0,0.0,0.5455505670120839,0.3053629515506219,0.09638803051440599,0.05775238380448413,0.21493731975472877,0.4765992280102054,0.7368538273848493,1.0,0.7348697926862866,0.5487900044037206,0.5433923615463663,0.47900534315098175,0.552339859689666,0.7361477391926273,0.29350633521147784,0.08718076758611322,0.05938003401455527,0.2159768242432957,0.17139045101157893,0.0,0.0,0.0,0.22136179602681227,8.037654367212512e-05,0.0,0.0,0.0,0.0,0.0,0.0,0.12431050410838143,0.0,0.0,0.25240776107270807,0.48595395297222344,0.4857152509692988,0.25577015453598856,0.0,0.0,0.0,0.0,0.0,0.0,0.27060113620452997
0.0,0.0,0.07963730392300797,0.0,0.0,0.0,0.0,0.0,0.0,0.0,0.0,0.0,0.0,0.0,0.0,0.0,0.0,0.0,0.0,0.02044588625681325,0.0,0.0,0.0,0.0,0.09308148806015826,0.14361414096878747,0.2863578192647086,0.0,0.4135766642531128,0.0,0.0,0.0,0.0,0.0,0.0,0.0,0.0,0.0,0.0,0.0,0.0,0.11313115338695251,0.0,0.0,0.47718605273789483,0.21894215765858624,0.0667658982881765,0.10367455460237555,0.31419493222120054,0.5524515611046312,0.5418868098422971,0.7348697926862866,1.0,0.7479071065105007,0.29987630122218456,0.2139644955655966,0.31242940134825775,0.5431631531258296,0.07139514480294587,0.0,0.0,0.0,0.0,0.0,0.0,0.0,0.10329283912352558,0.0,0.0,0.0,0.0,0.0,0.0,0.0,0.0,0.0,0.14187333987639428,0.4919248403519162,0.6858568288056625,0.39315711402873543,0.036581214686623016,0.0,0.0,0.0,0.0,0.0,0.0,0.16872772062885794
0.0,0.0,0.0,0.0,0.0,0.0,0.0,0.0,0.0,0.0,0.0,0.0,0.0,0.0,0.0,0.0,0.0,0.0,0.0,0.0,0.0,0.0,0.0,0.0,0.0,0.0,0.12841322543658262,0.0,0.25439505559375053,0.0,0.0,0.0,0.0,0.0,0.0,0.0,0.0,0.0,0.0,0.0,0.0,0.0,0.0,0.0,0.5420707284358037,0.30804477037646383,0.21788570449529637,0.3090551069937141,0.5428808431982712,0.7354867184546515,0.4701911705527287,0.5487900044037206,0.7479071065105007,1.0,0.20243828418593823,0.05572124357330187,0.10311301522655551,0.31146902443338703,0.017321097350244098,0.0,0.0,0.0,0.0,0.0,0.0,0.0,0.12999281630449142,0.0,0.0,0.0,0.0,0.02028761883172889,0.0,0.0,0.031577864214539356,0.03310480194306958,0.3921006956359023,0.6859446224763144,0.4926203501073806,0.14237849676982078,0.0,0.0,0.0,0.0,0.0,0.0,0.0,0.17509839810727285
