1.0,0.738316732223232,0.5469799148707412,0.4724004058318214,0.5435446016081947,0.735021831550078,0.7298237470380221,0.5455506944087535,0.47718601705498936,0.5420708448240593,0.5221653460866901,0.29886037462207077,0.21486766273093627,0.30489165417803776,0.4078023902218785,0.17143635530825438,0.03830812244416903,0.08381840582000487,0.38386544534499784,0.16164438021059613,0.0,0.0,0.43145160644938474,0.24900196985074255,0.06563668576028948,0.031975685472098066,0.30561274914536973,0.15765121185517286,0.07161697531172202,0.006675709730187808,0.4860193641160134,0.15870523200763478,0.2501477401915133,0.2482669646519395,0.16324616006248016,0.03455803592148472,0.0,0.0,0.0,0.0,0.0,0.0,0.0,0.39806626011720564,0.2917431046428464,0.3090179117608391,0.3205588289566108,0.3155919006877417,0.31291646727537076,0.3073016716764244,0.14447218169096468,0.08294946093568589,0.09722439623211537,0.18880585672655573,0.0,0.0,0.0,0.0,0.0,0.0,0.0,0.0,0.0,0.0,0.0,0.0,0.0,0.0,0.0,0.0,0.1964059107535838,0.0,0.023877820662744145,0.0,0.10538512247869966,0.10817780902115187,0.10621314372295265,0.0,0.0,0.0,0.0,0.0,0.0,0.0,0.0,0.0,0.0,0.0
0.738316732223232,1.0,0.7425843477657349,0.5485877833685993,0.4834497286891724,0.5500726739294141,0.5328179505457172,0.3053630155659076,0.21894204294387182,0.3080448002149505,0.4317758403132796,0.19358806795304576,0.05028343427372161,0.08937231910336059,0.4207786613490847,0.2215020987134408,0.051080515487095204,0.03281781421412547,0.4315854423117404,0.2746255895697296,0.13026134648086718,0.10350223413835373,0.41272709972895655,0.262430835245905,0.1458280000758706,0.1524827320300993,0.5479707745501372,0.12098218033925226,0.3237536870488139,0.0,0.6868695097213742,0.25472532502125206,0.16941915900008447,0.035850199437353944,0.0,0.0,0.0,0.0,0.0,0.0,0.0,0.0,0.0,0.2901042037871596,0.30901796131769643,0.4039303138011064,0.3959060409180421,0.2943954605069805,0.22561931843276617,0.23544649300115533,0.17264619753315527,0.049330290619298355,0.0,0.06806323070899802,0.07186154846637928,0.0,0.0,0.0,0.0,0.0,0.0,0.0,0.0,0.0,0.0,0.0,0.0,0.0,0.0,0.0,0.33149416950888244,0.0,0.18616671032989773,0.0,0.2609083745550778,0.07819977006493341,0.0,0.0,0.0,0.0,0.0,0.0,0.0,0.0,0.0,0.0,0.0,0.0
0.5469799148707412,0.7425843477657349,1.0,0.7375074472759988,0.5545992223423587,0.4813115265494456,0.29710636868252055,0.09638809284765631,0.06676583508172343,0.2178858029585101,0.17510376648958445,0.0,0.0,0.0,0.18618709036407635,0.00024903687123929756,0.0,0.0,0.24914982424470658,0.14589597933052464,0.0,0.0,0.2624358591572307,0.18639948029448342,0.1035730370099982,0.08577121487824704,0.7344826361957656,0.07702694873221759,0.49120812189812885,0.0,0.49269249697603157,0.48503280543839183,0.25811205879995464,0.0,0.0,0.0,0.0,0.0,0.0,0.0,0.0,0.0,0.0,0.11968581544027677,0.3205588252733793,0.3959059504830419,0.2939892323832627,0.1417826511504052,0.09655385269086314,0.17792958520004548,0.2652130551076548,0.13561229958924043,0.02123314781960167,0.03047320752452768,0.22480906941674103,0.14415220946976354,0.04722507761970856,0.028942815888877805,0.13389558502043933,0.0631575903825733,0.03150529793063833,0.052364409885179014,0.0,0.0,0.0,0.0,0.0,0.0,0.0,0.0,0.22425353105646606,0.0,0.08305254681233788,0.0,0.31790172133099776,0.0,0.0,0.0,0.0,0.0,0.0,0.0,0.0,0.0,0.0,0.0,0.0,0.0
0.4724004058318214,0.5485877833685993,0.7375074472759988,1.0,0.7454800093466504,0.548989058273493,0.20230654518372695,0.057752560100922806,0.10367460497508815,0.30905526137802447,0.019950197149737378,0.0,0.0,0.0,0.0,0.0,0.0,0.0,0.06570221292023402,0.0,0.0,0.0,0.14573489018452443,0.10343728650904961,0.0,0.0,0.5430364430336153,0.06812885344520764,0.31987757895772445,0.0,0.25615366487271773,0.6862552521980883,0.4914728565723048,0.13646665447826764,0.0,0.0,0.0,0.0,0.0,0.0,0.0,0.0,0.0,0.04260927049782631,0.31559193543678693,0.29439536291662693,0.14178268255180915,0.021285916713612615,0.043569337121071645,0.1844601753314956,0.34110863345007636,0.2810293092309359,0.1550981872149924,0.10492220366613815,0.29161692445645787,0.27502336008886685,0.23843332006638082,0.22443208795956332,0.13002220040785178,0.0519165350295308,0.0734503248188885,0.1608171620497801,0.0,0.0,0.0,0.0,0.0,0.0,0.0,0.0,0.01717563869965462,0.0,0.0,0.0,0.199462247964054,0.0,0.0,0.0,0.0,0.0,0.01584896701403127,0.0,0.0,0.0,0.0,0.0,0.0,0.0
0.5435446016081947,0.4834497286891724,0.5545992223423587,0.7454800093466504,1.0,0.737543677879234,0.2973097597748973,0.21493741258173937,0.31419492858902603,0.5428809277897487,0.06691480797214866,0.0,0.0,0.0,0.0,0.0,0.0,0.0,0.0319453918923286,0.0,0.0,0.0,0.1522743750671865,0.08548902624952304,0.0,0.0,0.312065381014695,0.09408581705647898,0.07804989792964162,0.017178190701269587,0.17054359875300004,0.48946978306957367,0.6859251789107385,0.3900313632501701,0.03784063500981421,0.0,0.0,0.0,0.0,0.0,0.0,0.0,0.0,0.10786926250174629,0.31291643657673823,0.22561920725866333,0.09655386404640681,0.043569268780720816,0.12038538385177025,0.2626049687321977,0.32349991091450475,0.3424892646345998,0.2889863737357762,0.24172913711272898,0.1950920865744142,0.17415431453924998,0.2088801913816895,0.271488012810773,0.0,0.0,0.0,0.009259604824618106,0.0,0.0,0.0,0.0,0.0,0.0,0.0,0.0,0.0,0.0,0.0,0.0,0.06916336435322536,0.0,0.0,0.0023924425187883936,0.08027328305203926,0.07932642228082937,0.0,0.0,0.0,0.0,0.0,0.0,0.0,0.0
0.735021831550078,0.5500726739294141,0.4813115265494456,0.548989058273493,0.737543677879234,1.0,0.5375621041055427,0.4765993286809732,0.5524515153321783,0.7354867791440035,0.2858614012765978,0.08634916534199948,0.060587302360558495,0.2150626609288441,0.1534820100657415,0.0,0.0,0.0,0.16157514617828417,0.0,0.0,0.0,0.2743853793347928,0.14560048565677294,0.0,0.0,0.2159624798587556,0.13201692554788086,0.0,0.03574810921207894,0.254343976710258,0.25294087488224853,0.4874629110933908,0.48482662959064066,0.25591152805989803,0.0,0.0,0.0,0.0,0.0,0.0,0.0,0.0,0.2719500056193067,0.30730166566137185,0.2354464447409008,0.17792964329262612,0.18446015978699232,0.2626050230751743,0.3362759424979926,0.22825460572888942,0.2380728763288411,0.2647247674378144,0.3004894833704229,0.048625718599857475,0.0,0.0,0.10500574602014104,0.0,0.0,0.0,0.0,0.0,0.0,0.0,0.0,0.0,0.0,0.0,0.0,0.005610343294820809,0.0,0.0,0.0,0.029864136675827054,0.0,0.07115404726872483,0.10476942848397663,0.05096902414684268,0.0,0.0,0.0,0.0,0.0,0.0,0.0,0.0,0.0
0.7298237470380221,0.5328179505457172,0.29710636868252055,0.20230654518372695,0.2973097597748973,0.5375621041055427,1.0,0.7368538958358634,0.5418866872501726,0.47019117790717535,0.7308253164563902,0.545178248949584,0.47641391824261786,0.5430549066831505,0.519851527147438,0.29352403321231524,0.2118407428039206,0.3048050877023527,0.4077883640817452,0.1535024598030225,0.017364425331540728,0.07142796858487818,0.42067287805587583,0.186071919217185,0.0,0.0,0.08086078194480673,0.08009713351561655,0.0,0.0,0.37595656060927257,0.0,0.025473572722360453,0.15641806728918153,0.2499219540383985,0.24982055516578053,0.16284527903754864,0.03539381223609445,0.0,0.0,0.0,0.0,0.0,0.4245814888141112,0.14447215747801878,0.1726461609945997,0.26521304425137066,0.3411086126946585,0.323499950106179,0.22825462199026553,0.0,0.0,0.0,0.11054257734846637,0.0,0.0,0.0,0.0,0.0,0.0,0.0,0.0,0.0,0.0,0.0,0.0,0.0,0.0,0.0,0.0,0.16026449768745518,0.0,0.001203185820942657,0.0,0.0,0.19964363436268348,0.17286036485582829,0.0,0.0,0.0,0.0,0.0,0.0,0.0,0.0,0.0,0.0,0.0
0.5455506944087535,0.3053630155659076,0.09638809284765631,0.057752560100922806,0.21493741258173937,0.4765993286809732,0.7368538958358634,1.0,0.7348697385993239,0.5487901000593809,0.5433923813310723,0.479005333755538,0.5523398191159477,0.736147681079694,0.2935063857667702,0.08718078602100798,0.05938002095192726,0.21597671420256953,0.1713904664411411,0.0,0.0,0.0,0.22136194020718328,8.040467575200062e-05,0.0,0.0,0.0,0.0,0.0,0.0,0.12431048581135976,0.0,0.0,0.25240786574020413,0.48595395208252856,0.4857150732680941,0.2557700487657205,0.0,0.0,0.0,0.0,0.0,0.0,0.27060123829240196,0.08294946800743451,0.04933033428067427,0.13561236693446513,0.2810292861456407,0.3424892782239116,0.23807289360830408,0.0,0.0,0.02081923014044274,0.1848617970758423,0.0,0.0,0.0,0.0,0.0,0.0,0.0,0.0,0.0,0.0,0.0,0.0,0.0,0.0,0.0,0.0,0.0,0.0,0.0,0.0,0.0,0.14740174238697898,0.26335497663539426,0.10143537204538684,0.0,0.0,0.0,0.0,0.0,0.0,0.0,0.0,0.0,0.0
0.47718601705498936,0.21894204294387182,0.06676583508172343,0.10367460497508815,0.31419492858902603,0.5524515153321783,0.5418866872501726,0.7348697385993239,1.0,0.7479070988276987,0.2998761943743293,0.2139644339910123,0.3124293818322675,0.5431631319982615,0.07139506475043146,0.0,0.0,0.0,0.0,0.0,0.0,0.0,0.10329283823328543,0.0,0.0,0.0,0.0,0.0,0.0,0.0,0.0,0.0,0.14187336381850563,0.4919249244029501,0.6858568678444157,0.39315700099113854,0.036581135565738526,0.0,0.0,0.0,0.0,0.0,0.0,0.1687277107758563,0.0972243560723592,0.0,0.021233129670136856,0.15509804714635292,0.28898631779003014,0.26472473904743554,0.0,0.020819273398937632,0.1735703041985345,0.29539514450837556,0.0,0.0,0.0,0.0,0.0,0.0,0.0,0.0,0.0,0.0,0.0,0.0,0.0,0.0,0.0,0.0,0.0,0.0,0.0,0.0,0.0,0.0,0.21678672792354145,0.22359709243021966,0.008222972215809372,0.0,0.0,0.0,0.0,0.0,0.0,0.0,0.0,0.0
0.5420708448240593,0.3080448002149505,0.2178858029585101,0.30905526137802447,0.5428809277897487,0.7354867791440035,0.47019117790717535,0.5487901000593809,0.7479070988276987,1.0,0.20243830385719824,0.055721321677966174,0.10311307562356553,0.3114690694269213,0.01732116501392271,0.0,0.0,0.0,0.0,0.0,0.0,0.0,0.12999292612311752,0.0,0.0,0.0,0.0,0.020287668952104394,0.0,0.0,0.03157784244767729,0.03310481886488694,0.3921007463982764,0.6859446192088394,0.49262022949710343,0.1423783903485735,0.0,0.0,0.0,0.0,0.0,0.0,0.0,0.17509850343053465,0.18880585533571423,0.06806322283321782,0.030473302322008986,0.10492220346813293,0.2417292102244626,0.30048950315694184,0.11054255533023617,0.18486179333685657,0.2953951356246982,0.3462090218974001,0.0,0.0,0.0,0.05127744724714782,0.0,0.0,0.0,0.0,0.0,0.0,0.0,0.0,0.0,0.0,0.0,0.0,0.0,0.0,0.0,0.0,0.0,0.0,0.11389704068369255,0.21440751552052256,0.1311520098337554,0.0,0.0,0.0,0.0,0.0,0.0,0.0,0.0,0.0
0.5221653460866901,0.4317758403132796,0.17510376648958445,0.019950197149737378,0.06691480797214866,0.2858614012765978,0.7308253164563902,0.5433923813310723,0.2998761943743293,0.20243830385719824,1.0,0.7354309991008723,0.54214049259248,0.4746488312520845,0.7308282222455856,0.5433999627662611,0.4746543701472158,0.5421432828628148,0.5221676751461449,0.285877776754694,0.20246177743780297,0.2998904297443047,0.4317336298475015,0.17506032711206243,0.01992142520066672,0.06691270638555372,0.012246081506092776,0.012187098916874244,0.0,0.0,0.3754644168163448,0.0,0.0,0.0,0.03130693468495675,0.16109531106737868,0.24914221712139786,0.24914315673648318,0.16110178901915712,0.03132016251645933,0.0,0.0,0.0,0.3753629529920284,0.0,0.07186154524589088,0.22480904289343057,0.2916169403872915,0.19509213913510778,0.04862576508367707,0.0,0.0,0.0,0.0,0.0,0.0,0.0,0.0,0.0,0.0,0.0,0.0,0.0,0.0,0.0,0.0,0.0,0.0,0.0,0.0,0.20062366433442616,0.0,0.09286656649678668,0.0,0.0,0.21687768224299273,0.04613064689729831,0.0,0.0,0.0,0.0,0.0,0.0,0.0,0.0,0.0,0.0,0.0
0.29886037462207077,0.19358806795304576,0.0,0.0,0.0,0.08634916534199948,0.545178248949584,0.479005333755538,0.2139644339910123,0.055721321677966174,0.7354309991008723,1.0,0.736161197450291,0.5512984535338693,0.5451760756346067,0.4790010674919247,0.5512983006567901,0.736161223420264,0.29885887464574484,0.08634821003269588,0.05572222139836575,0.21396096333890044,0.19355853197978945,0.0,0.0,0.0,0.0,0.0,0.0,0.0,0.15091025917007336,0.0,0.0,0.0,0.0,0.25466009713533216,0.4862236213046845,0.4862227494542197,0.2546596207080253,0.0,0.0,0.0,0.0,0.15083266978306611,0.0,0.0,0.14415220519903738,0.27502336190865834,0.17415431391518688,0.0,0.0,0.0,0.0,0.0,0.0,0.0,0.0,0.0,0.0,0.0,0.0,0.0,0.0,0.0,0.0,0.0,0.0,0.0,0.0,0.0,0.12561130585861008,0.0,0.02704642514687157,0.0,0.0,0.2663685843239329,0.07377130126742583,0.0,0.0,0.0,0.0,0.0,0.0,0.0,0.0,0.0,0.0,0.0
0.21486766273093627,0.05028343427372161,0.0,0.0,0.0,0.060587302360558495,0.47641391824261786,0.5523398191159477,0.3124293818322675,0.10311307562356553,0.54214049259248,0.736161197450291,1.0,0.7473484245806779,0.3047981747188971,0.21596815390997443,0.31196461045182144,0.5435050981929932,0.08380573772682284,0.0,0.0,0.0,0.03276837315061392,0.0,0.0,0.0,0.0,0.0,0.0,0.0,0.0,0.0,0.0,0.0,0.1425362135198771,0.4913808309961062,0.6858865036557026,0.3933483130392754,0.035352488581598486,0.0,0.0,0.0,0.0,0.03746345150297127,0.0,0.0,0.04722507162930285,0.23843328802187352,0.20888020791639728,0.0,0.0,0.0,0.0,0.0,0.0,0.0,0.0,0.0,0.0,0.0,0.0,0.0,0.0,0.0,0.0,0.0,0.0,0.0,0.0,0.0,0.0,0.0,0.0,0.0,0.0,0.22661274601360812,0.1711469377260982,0.0,0.0,0.0,0.0,0.0,0.0,0.0,0.0,0.0,0.0,0.0
0.30489165417803776,0.08937231910336059,0.0,0.0,0.0,0.2150626609288441,0.5430549066831505,0.736147681079694,0.5431631319982615,0.3114690694269213,0.4746488312520845,0.5512984535338693,0.7473484245806779,1.0,0.21182591035445753,0.05936959825605331,0.10276970319870042,0.31196545488604704,0.03827629940196713,0.0,0.0,0.0,0.0509889764955364,0.0,0.0,0.0,0.0,0.0,0.0,0.0,0.0,0.0,0.0,0.035647820299803276,0.39421027747032317,0.6859131891064326,0.49147224733377826,0.1415438526167647,0.0,0.0,0.0,0.0,0.0,0.09334697391914902,0.0,0.0,0.028942829931667947,0.22443203311637294,0.27148800492738817,0.10500577101442143,0.0,0.0,0.0,0.051277490368902875,0.0,0.0,0.0,0.0,0.0,0.0,0.0,0.0,0.0,0.0,0.0,0.0,0.0,0.0,0.0,0.0,0.0,0.0,0.0,0.0,0.0,0.15336775562088623,0.25120235378247796,0.010942089028569083,0.0,0.0,0.0,0.0,0.0,0.0,0.0,0.0,0.0,0.0
0.4078023902218785,0.4207786613490847,0.18618709036407635,0.0,0.0,0.1534820100657415,0.519851527147438,0.2935063857667702,0.07139506475043146,0.01732116501392271,0.7308282222455856,0.5451760756346067,0.3047981747188971,0.21182591035445753,1.0,0.7368539747677965,0.5430556105924834,0.4764155289342641,0.7298280943346048,0.5375754467716236,0.4702035608275168,0.5418892148592471,0.532802234859185,0.2970971290494191,0.20229925958508438,0.29731331851188847,0.08025619249179455,0.08084780937735601,0.0,0.0,0.4247773983905616,0.0,0.0,0.0,0.0,0.0,0.035389679580548616,0.16284696203869992,0.24982333311332544,0.24992219502523114,0.156431374265455,0.025490209192651377,0.0,0.3758972600225365,0.0,0.0,0.1338955908784089,0.130022260462837,0.0,0.0,0.0,0.0,0.0,0.0,0.0,0.0,0.0,0.0,0.0,0.0,0.0,0.0,0.0,0.0,0.0,0.0,0.0,0.0,0.0,0.0,0.18355768706867548,0.0,0.13412352774133365,0.0,0.0,0.05410074749418487,0.0,0.0,0.0,0.0,0.0,0.0,0.0,0.0,0.0,0.0,0.0,0.0
0.17143635530825438,0.2215020987134408,0.00024903687123929756,0.0,0.0,0.0,0.29352403321231524,0.08718078602100798,0.0,0.0,0.5433999627662611,0.4790010674919247,0.21596815390997443,0.05936959825605331,0.7368539747677965,1.0,0.7361450366247841,0.5523355152371704,0.5455510789623276,0.47660708425987675,0.5487977617266955,0.734871893557688,0.3053569669046939,0.09639548065339583,0.057760847795629615,0.21494780994045773,0.0,0.0,0.0,0.0,0.270817802571432,0.0,0.0,0.0,0.0,0.0,0.0,0.2557654972623053,0.48571621672360776,0.48595271668925666,0.2524128261982252,0.0,0.0,0.1242611496860803,0.0,0.0,0.06315756575522409,0.05191656556223128,0.0,0.0,0.0,0.0,0.0,0.0,0.0,0.0,0.0,0.0,0.0,0.0,0.0,0.0,0.0,0.0,0.0,0.0,0.0,0.0,0.0,0.0,0.17941761743651843,0.0,0.19062151963907853,0.0,0.0,0.01840320487580801,0.0,0.0,0.0,0.0,0.0,0.0,0.0,0.0,0.0,0.0,0.0,0.0
0.03830812244416903,0.051080515487095204,0.0,0.0,0.0,0.0,0.2118407428039206,0.05938002095192726,0.0,0.0,0.4746543701472158,0.5512983006567901,0.31196461045182144,0.10276970319870042,0.5430556105924834,0.7361450366247841,1.0,0.7473477919073033,0.30489644489030887,0.21506707079253098,0.31146864359297866,0.5431589196972756,0.08937196258335728,0.0,0.0,0.0,0.0,0.0,0.0,0.0,0.09348820126297591,0.0,0.0,0.0,0.0,0.0,0.14154229208318644,0.4914723941319024,0.685913842349834,0.39419994939753794,0.03564141864480623,0.0,0.0,0.0,0.0,0.0,0.03150528445847552,0.07345040614632695,0.0,0.0,0.0,0.0,0.0,0.0,0.0,0.0,0.0,0.0,0.0,0.0,0.0,0.0,0.0,0.0,0.0,0.0,0.0,0.0,0.0,0.0,0.14410604838295193,0.0,0.1545310786817729,0.0,0.0,0.09005694457323585,0.0,0.0,0.0,0.0,0.0,0.0,0.0,0.0,0.0,0.0,0.0,0.0
0.08381840582000487,0.03281781421412547,0.0,0.0,0.0,0.0,0.3048050877023527,0.21597671420256953,0.0,0.0,0.5421432828628148,0.736161223420264,0.5435050981929932,0.31196545488604704,0.4764155289342641,0.5523355152371704,0.7473477919073033,1.0,0.21487380258127767,0.060588870303985604,0.10310979488218114,0.3124225187782114,0.050277706070075874,0.0,0.0,0.0,0.0,0.0,0.0,0.0,0.03755747449722003,0.0,0.0,0.0,0.0,0.035353651017336604,0.39334862145524124,0.6858862949864459,0.4913783353192211,0.14252327810581739,0.0,0.0,0.0,0.0,0.0,0.0,0.05236434735172209,0.1608171859176333,0.009259628416304077,0.0,0.0,0.0,0.0,0.0,0.0,0.0,0.0,0.0,0.0,0.0,0.0,0.0,0.0,0.0,0.0,0.0,0.0,0.0,0.0,0.0,0.10197159020247919,0.0,0.05863685804628009,0.0,0.0,0.19448893561158603,0.0,0.0,0.0,0.0,0.0,0.0,0.0,0.0,0.0,0.0,0.0,0.0
0.38386544534499784,0.4315854423117404,0.24914982424470658,0.06570221292023402,0.0319453918923286,0.16157514617828417,0.4077883640817452,0.1713904664411411,0.0,0.0,0.5221676751461449,0.29885887464574484,0.08380573772682284,0.03827629940196713,0.7298280943346048,0.5455510789623276,0.30489644489030887,0.21487380258127767,1.0,0.7350200420414429,0.5420654971059623,0.47717889669944197,0.7383143897034409,0.5469793234546129,0.4723879403127058,0.5435326343684301,0.1578764741078812,0.30561490090984633,0.006945559327954993,0.07162000913788005,0.3983032592630404,0.0,0.0,0.0,0.0,0.0,0.0,0.0,0.03456569005328552,0.16323910254618992,0.2482650791652893,0.25014210284833366,0.1586930133930254,0.48599499518153416,0.0,0.0,0.0,0.0,0.0,0.0,0.0,0.0,0.0,0.0,0.0,0.0,0.0,0.0,0.0,0.0,0.0,0.0,0.0,0.0,0.0,0.0,0.0,0.0,0.0,0.0,0.03283950150157169,0.0,0.0,0.0,0.0,0.0,0.0,0.0,0.0,0.0,0.0,0.0,0.0,0.0,0.0,0.0,0.0,0.0
0.16164438021059613,0.2746255895697296,0.14589597933052464,0.0,0.0,0.0,0.1535024598030225,0.0,0.0,0.0,0.285877776754694,0.08634821003269588,0.0,0.0,0.5375754467716236,0.47660708425987675,0.21506707079253098,0.060588870303985604,0.7350200420414429,1.0,0.7354857609325268,0.5524517342301266,0.5500757208050583,0.48132717864464614,0.5489963440878122,0.7375440591134989,0.13244684073280466,0.21597785386728818,0.03626059687993607,0.0,0.2722874921431665,0.0,0.0,0.0,0.0,0.0,0.0,0.0,0.0,0.2559111748748324,0.4848297575971131,0.4874678238118346,0.2529445093256766,0.25432797812500013,0.0,0.0,0.0,0.0,0.0,0.0,0.0,0.0,0.0,0.0,0.0,0.0,0.0,0.0,0.0,0.0,0.0,0.0,0.0,0.0,0.0,0.0,0.0,0.0,0.0,0.0,0.0,0.0,0.0,0.0,0.0,0.0,0.0,0.0,0.0,0.0,0.0,0.0,0.0,0.0,0.0,0.0,0.0,0.0
0.0,0.13026134648086718,0.0,0.0,0.0,0.0,0.017364425331540728,0.0,0.0,0.0,0.20246177743780297,0.05572222139836575,0.0,0.0,0.4702035608275168,0.5487977617266955,0.31146864359297866,0.10310979488218114,0.5420654971059623,0.7354857609325268,1.0,0.747908542293216,0.3080443248233873,0.21790402362677383,0.30907347680413905,0.5428951786220646,0.020771811333916267,0.0,0.0,0.0,0.17545402985664635,0.0,0.0,0.0,0.0,0.0,0.0,0.0,0.14237811977782003,0.49262016833354577,0.6859448651917991,0.3921296595009197,0.03312195887055998,0.03154991112658522,0.0,0.0,0.0,0.0,0.0,0.0,0.0,0.0,0.0,0.0,0.0,0.0,0.0,0.0,0.0,0.0,0.0,0.0,0.0,0.0,0.0,0.0,0.0,0.0,0.0,0.0,0.0,0.0,0.03693080036128379,0.0,0.0,0.0,0.0,0.0,0.0,0.0,0.0,0.0,0.0,0.0,0.0,0.0,0.0,0.0
0.0,0.10350223413835373,0.0,0.0,0.0,0.0,0.07142796858487818,0.0,0.0,0.0,0.2998904297443047,0.21396096333890044,0.0,0.0,0.5418892148592471,0.734871893557688,0.5431589196972756,0.3124225187782114,0.47717889669944197,0.5524517342301266,0.747908542293216,1.0,0.21893746376504936,0.06678082944138285,0.10369126115841126,0.31420866265433167,0.0,0.0,0.0,0.0,0.16901522701848978,0.0,0.0,0.0,0.0,0.0,0.0,0.03657157941169152,0.3931550743646934,0.6858566340888769,0.4919235831183017,0.14190482654702014,0.0,0.0,0.0,0.0,0.0,0.0,0.0,0.0,0.0,0.0,0.0,0.0,0.0,0.0,0.0,0.0,0.0,0.0,0.0,0.0,0.0,0.0,0.0,0.0,0.0,0.0,0.0,0.0,0.07975042327868337,0.0,0.14410846823009896,0.0,0.0,0.0,0.0,0.0,0.0,0.0,0.0,0.0,0.0,0.0,0.0,0.0,0.0,0.0
0.43145160644938474,0.41272709972895655,0.2624358591572307,0.14573489018452443,0.1522743750671865,0.2743853793347928,0.42067287805587583,0.22136194020718328,0.10329283823328543,0.12999292612311752,0.4317336298475015,0.19355853197978945,0.03276837315061392,0.0509889764955364,0.532802234859185,0.3053569669046939,0.08937196258335728,0.050277706070075874,0.7383143897034409,0.5500757208050583,0.3080443248233873,0.21893746376504936,1.0,0.7425807996323875,0.5485741785682666,0.48344053346418686,0.12107766390562304,0.5479738383906076,0.0,0.3237583422009445,0.2902095651031401,0.0,0.0,0.0,0.0,0.0,0.0,0.0,0.0,0.0,0.03585676244575406,0.16941096411683143,0.25471518248548203,0.6868640795435379,0.0,0.0,0.0,0.0,0.0,0.0,0.0,0.0,0.0,0.0,0.0,0.0,0.0,0.0,0.0,0.0,0.0,0.0,0.0,0.0,0.0,0.0,0.0,0.0,0.0,0.0,0.0,0.0,0.0,0.0,0.0,0.0,0.0,0.0,0.0,0.0,0.0,0.0,0.0,0.0,0.0,0.0,0.0,0.0
0.24900196985074255,0.262430835245905,0.18639948029448342,0.10343728650904961,0.08548902624952304,0.14560048565677294,0.186071919217185,8.040467575200062e-05,0.0,0.0,0.17506032711206243,0.0,0.0,0.0,0.2970971290494191,0.09639548065339583,0.0,0.0,0.5469793234546129,0.48132717864464614,0.21790402362677383,0.06678082944138285,0.7425807996323875,1.0,0.7375047563257349,0.5546051608839864,0.07715125889382776,0.734482804373901,0.0,0.4912085281865292,0.11978772257813675,0.0,0.0,0.0,0.0,0.0,0.0,0.0,0.0,0.0,0.0,0.25811341579013924,0.48503187386576885,0.49269867834642217,0.0,0.0,0.0,0.0,0.0,0.0,0.0,0.0,0.0,0.0,0.0,0.0,0.0,0.0,0.0,0.0,0.0,0.0,0.0,0.0,0.0,0.0,0.0,0.0,0.0,0.0,0.0,0.0,0.0,0.0,0.0,0.0,0.0,0.0,0.0,0.0,0.0,0.0,0.0,0.0,0.0,0.0,0.0,0.0
0.06563668576028948,0.1458280000758706,0.1035730370099982,0.0,0.0,0.0,0.0,0.0,0.0,0.0,0.01992142520066672,0.0,0.0,0.0,0.20229925958508438,0.057760847795629615,0.0,0.0,0.4723879403127058,0.5489963440878122,0.30907347680413905,0.10369126115841126,0.5485741785682666,0.7375047563257349,1.0,0.745485059118338,0.06842029527201694,0.5430365797313217,0.0,0.31987942685410425,0.04279061904737636,0.0,0.0,0.0,0.0,0.0,0.0,0.0,0.0,0.0,0.13650102574831374,0.49147241170969985,0.6862555745207182,0.2561463982047695,0.0,0.0,0.0,0.0,0.0,0.0,0.0,0.0,0.0,0.0,0.0,0.0,0.0,0.0,0.0,0.0,0.0,0.0,0.0,0.0,0.0,0.0,0.0,0.0,0.0,0.0,0.0,0.0,0.0,0.0,0.0,0.0,0.0,0.0,0.0,0.0,0.0,0.0,0.0,0.0,0.0,0.0,0.0,0.0
0.031975685472098066,0.1524827320300993,0.08577121487824704,0.0,0.0,0.0,0.0,0.0,0.0,0.0,0.06691270638555372,0.0,0.0,0.0,0.29731331851188847,0.21494780994045773,0.0,0.0,0.5435326343684301,0.7375440591134989,0.5428951786220646,0.31420866265433167,0.48344053346418686,0.5546051608839864,0.745485059118338,1.0,0.09454171333230516,0.3120717254060798,0.01775437907486659,0.07805716992375483,0.10815940965618281,0.0,0.0,0.0,0.0,0.0,0.0,0.0,0.0,0.03785874522185106,0.3900595494097815,0.6859260722061613,0.4894700468492164,0.17052872860910118,0.0,0.0,0.0,0.0,0.0,0.0,0.0,0.0,0.0,0.0,0.0,0.0,0.0,0.0,0.0,0.0,0.0,0.0,0.0,0.0,0.0,0.0,0.0,0.0,0.0,0.0,0.0,0.0,0.0,0.0,0.0,0.0,0.0,0.0,0.0,0.0,0.0,0.0,0.0,0.0,0.0,0.0,0.0,0.0
0.30561274914536973,0.5479707745501372,0.7344826361957656,0.5430364430336153,0.312065381014695,0.2159624798587556,0.08086078194480673,0.0,0.0,0.0,0.012246081506092776,0.0,0.0,0.0,0.08025619249179455,0.0,0.0,0.0,0.1578764741078812,0.13244684073280466,0.020771811333916267,0.0,0.12107766390562304,0.07715125889382776,0.06842029527201694,0.09454171333230516,1.0,0.0,0.756723881695303,0.0,0.39973975639696957,0.38932547660941424,0.035507296856036104,0.0,0.0,0.0,0.0,0.0,0.0,0.0,0.0,0.0,0.0,0.0,0.196406003756033,0.3314941549081146,0.22425358624345684,0.017175711474631115,0.0,0.005610386141396643,0.16026459449394082,0.0,0.0,0.0,0.2006237644205177,0.12561133854707698,0.0,0.0,0.1835577181032999,0.17941761538324927,0.14410606210449797,0.10197168597262113,0.03283950543818816,0.0,0.0,0.07975038580862487,0.0,0.0,0.0,0.0,0.22615642372885766,0.0,0.13454644206705169,0.0,0.33108459474279317,0.0,0.0,0.0,0.0,0.0,0.0,0.0,0.0,0.0,0.0,0.0,0.0,0.0
0.15765121185517286,0.12098218033925226,0.07702694873221759,0.06812885344520764,0.09408581705647898,0.13201692554788086,0.08009713351561655,0.0,0.0,0.020287668952104394,0.012187098916874244,0.0,0.0,0.0,0.08084780937735601,0.0,0.0,0.0,0.30561490090984633,0.21597785386728818,0.0,0.0,0.5479738383906076,0.734482804373901,0.5430365797313217,0.3120717254060798,0.0,1.0,0.0,0.7567241305967867,0.0,0.0,0.0,0.0,0.0,0.0,0.0,0.0,0.0,0.0,0.0,0.035506577747727565,0.38932905854965133,0.39976645293127183,0.0,0.0,0.0,0.0,0.0,0.0,0.0,0.0,0.0,0.0,0.0,0.0,0.0,0.0,0.0,0.0,0.0,0.0,0.0,0.0,0.0,0.0,0.0,0.0,0.0,0.0,0.0,0.0,0.0,0.0,0.0,0.0,0.0,0.0,0.0,0.0,0.0,0.0,0.0,0.0,0.0,0.0,0.0,0.0
0.07161697531172202,0.3237536870488139,0.49120812189812885,0.31987757895772445,0.07804989792964162,0.0,0.0,0.0,0.0,0.0,0.0,0.0,0.0,0.0,0.0,0.0,0.0,0.0,0.006945559327954993,0.03626059687993607,0.0,0.0,0.0,0.0,0.0,0.01775437907486659,0.756723881695303,0.0,1.0,0.0,0.23310673582959943,0.2232632740158021,0.0,0.0,0.0,0.0,0.0,0.0,0.0,0.0,0.0,0.0,0.0,0.0,0.025282449909731327,0.19711765086026586,0.08793800993870016,0.0,0.0,0.0,0.0012740182688422534,0.0,0.0,0.0,0.09832939568568246,0.028637390421787916,0.0,0.0,0.14201318264040114,0.2018345417603408,0.1636211814004005,0.06208619524709956,0.0,0.0,0.03910316777193555,0.1525854312321604,0.0,0.0,0.0,0.0,0.14246094843027585,0.0,0.09223318604526422,0.0,0.2390416464619367,0.0,0.0,0.0,0.0,0.0,0.0,0.0,0.0,0.0026122082454829126,0.0,0.0,0.0,0.0
0.006675709730187808,0.0,0.0,0.0,0.017178190701269587,0.03574810921207894,0.0,0.0,0.0,0.0,0.0,0.0,0.0,0.0,0.0,0.0,0.0,0.0,0.07162000913788005,0.0,0.0,0.0,0.3237583422009445,0.4912085281865292,0.31987942685410425,0.07805716992375483,0.0,0.7567241305967867,0.0,1.0,0.0,0.0,0.0,0.0,0.0,0.0,0.0,0.0,0.0,0.0,0.0,0.0,0.22327021092590482,0.23314177074702386,0.0,0.0,0.0,0.0,0.0,0.0,0.0,0.0,0.0,0.0,0.0,0.0,0.0,0.0,0.0,0.0,0.0,0.0,0.0,0.0,0.0,0.0,0.0,0.0,0.0,0.0,0.0,0.0,0.0,0.0,0.0,0.0,0.0,0.0,0.0,0.0,0.0,0.0,0.0,0.0,0.0,0.0,0.0,0.0
0.4860193641160134,0.6868695097213742,0.49269249697603157,0.25615366487271773,0.17054359875300004,0.254343976710258,0.37595656060927257,0.12431048581135976,0.0,0.03157784244767729,0.3754644168163448,0.15091025917007336,0.0,0.0,0.4247773983905616,0.270817802571432,0.09348820126297591,0.03755747449722003,0.3983032592630404,0.2722874921431665,0.17545402985664635,0.16901522701848978,0.2902095651031401,0.11978772257813675,0.04279061904737636,0.10815940965618281,0.39973975639696957,0.0,0.23310673582959943,0.0,1.0,0.0,0.0,0.0,0.0,0.0,0.0,0.0,0.0,0.0,0.0,0.0,0.0,0.16687477914318385,0.13614349695070282,0.337058683337182,0.4106865378293474,0.2576786622912527,0.0893499197794734,0.03858049922067083,0.0,0.0,0.0,0.0,0.0,0.0,0.0,0.0,0.0,0.0,0.0,0.0,0.0,0.0,0.0,0.0,0.0,0.0,0.0,0.0,0.42771701534003187,0.0,0.2916537865235011,0.0,0.16843245304662247,0.02679200841844249,0.0,0.0,0.0,0.0,0.0,0.0,0.0,0.0,0.0,0.0,0.0,0.0
0.15870523200763478,0.25472532502125206,0.48503280543839183,0.6862552521980883,0.48946978306957367,0.25294087488224853,0.0,0.0,0.0,0.03310481886488694,0.0,0.0,0.0,0.0,0.0,0.0,0.0,0.0,0.0,0.0,0.0,0.0,0.0,0.0,0.0,0.0,0.38932547660941424,0.0,0.2232632740158021,0.0,0.0,1.0,0.40670320952514716,0.0,0.0,0.0,0.0,0.0,0.0,0.0,0.0,0.0,0.0,0.0,0.1397513067146068,0.10102357414837142,0.0,0.0,0.0,0.0,0.2579128367182043,0.19042326240225685,0.0,0.0,0.28017691544784684,0.3441125223746698,0.2927533124892513,0.19813057255896208,0.0698909158152721,0.023774538464618574,0.11634147267437284,0.25125363124135713,0.0,0.0,0.0,0.0,0.0,0.0,0.0,0.0,0.0,0.0,0.0,0.0,0.026791939514173704,0.0,0.0,0.0,0.0,0.0,0.04536794959056874,0.032301607733346345,0.0,0.0,0.0,0.0,0.0,0.0
0.2501477401915133,0.16941915900008447,0.25811205879995464,0.4914728565723048,0.6859251789107385,0.4874629110933908,0.025473572722360453,0.0,0.14187336381850563,0.3921007463982764,0.0,0.0,0.0,0.0,0.0,0.0,0.0,0.0,0.0,0.0,0.0,0.0,0.0,0.0,0.0,0.0,0.035507296856036104,0.0,0.0,0.0,0.0,0.40670320952514716,1.0,0.4191037685047237,0.0,0.0,0.0,0.0,0.0,0.0,0.0,0.0,0.0,0.0,0.13721306848661347,0.0,0.0,0.0,0.0,0.09192138710697086,0.22331232047544464,0.34021933222317796,0.2800594749141755,0.14713959035796956,0.05959448945408309,0.09530262537228117,0.22109887877273984,0.32451979289253136,0.0,0.0,0.0,0.0,0.0,0.0,0.0,0.0,0.0,0.0,0.0,0.0,0.0,0.0,0.0,0.0,0.0,0.0,0.0,0.0,0.06902190427190452,0.1297215042758086,0.0,0.0,0.0,0.0,0.0,0.0,0.0,0.0
0.2482669646519395,0.035850199437353944,0.0,0.13646665447826764,0.3900313632501701,0.48482662959064066,0.15641806728918153,0.25240786574020413,0.4919249244029501,0.6859446192088394,0.0,0.0,0.0,0.035647820299803276,0.0,0.0,0.0,0.0,0.0,0.0,0.0,0.0,0.0,0.0,0.0,0.0,0.0,0.0,0.0,0.0,0.0,0.0,0.4191037685047237,1.0,0.4086796711445351,0.0,0.0,0.0,0.0,0.0,0.0,0.0,0.0,0.0,0.0,0.0,0.0,0.0,0.003090791455817694,0.1353480770926357,0.0,0.13104094052983795,0.28885750999237425,0.2769857909462704,0.0,0.0,0.0,0.014135675657365752,0.0,0.0,0.0,0.0,0.0,0.0,0.0,0.0,0.0,0.0,0.0,0.0,0.0,0.0,0.0,0.0,0.0,0.0,0.0,0.11463211577554669,0.14211421742298075,0.0,0.0,0.0,0.0,0.0,0.0,0.0,0.0,0.0
0.16324616006248016,0.0,0.0,0.0,0.03784063500981421,0.25591152805989803,0.2499219540383985,0.48595395208252856,0.6858568678444157,0.49262022949710343,0.03130693468495675,0.0,0.1425362135198771,0.39421027747032317,0.0,0.0,0.0,0.0,0.0,0.0,0.0,0.0,0.0,0.0,0.0,0.0,0.0,0.0,0.0,0.0,0.0,0.0,0.0,0.4086796711445351,1.0,0.42563821620277636,0.0,0.0,0.0,0.0,0.0,0.0,0.0,0.0,0.0,0.0,0.0,0.0,0.10370224412998767,0.06584507239600036,0.0,0.0,0.010622883306747209,0.16943081181335076,0.0,0.0,0.0,0.0,0.0,0.0,0.0,0.0,0.0,0.0,0.0,0.0,0.0,0.0,0.0,0.0,0.0,0.0,0.0,0.0,0.0,0.0,0.06902185510857316,0.14211420164281918,0.0,0.0,0.0,0.0,0.0,0.0,0.0,0.0,0.0,0.0
0.03455803592148472,0.0,0.0,0.0,0.0,0.0,0.24982055516578053,0.4857150732680941,0.39315700099113854,0.1423783903485735,0.16109531106737868,0.25466009713533216,0.4913808309961062,0.6859131891064326,0.0,0.0,0.0,0.035353651017336604,0.0,0.0,0.0,0.0,0.0,0.0,0.0,0.0,0.0,0.0,0.0,0.0,0.0,0.0,0.0,0.0,0.42563821620277636,1.0,0.40653149041879194,0.0,0.0,0.0,0.0,0.0,0.0,0.0,0.0,0.0,0.0,0.0,0.10247899923293734,0.0,0.0,0.0,0.0,0.0,0.0,0.0,0.0,0.0,0.0,0.0,0.0,0.0,0.0,0.0,0.0,0.0,0.0,0.0,0.0,0.0,0.0,0.0,0.0,0.0,0.0,0.0,0.12972141593717046,0.0,0.0,0.0,0.0,0.0,0.0,0.0,0.0,0.0,0.0,0.0
0.0,0.0,0.0,0.0,0.0,0.0,0.16284527903754864,0.2557700487657205,0.036581135565738526,0.0,0.24914221712139786,0.4862236213046845,0.6858865036557026,0.49147224733377826,0.035389679580548616,0.0,0.14154229208318644,0.39334862145524124,0.0,0.0,0.0,0.0,0.0,0.0,0.0,0.0,0.0,0.0,0.0,0.0,0.0,0.0,0.0,0.0,0.0,0.40653149041879194,1.0,0.42405344931916955,0.0,0.0,0.0,0.0,0.0,0.0,0.0,0.0,0.0,0.020474670228047907,0.0,0.0,0.0,0.0,0.0,0.0,0.0,0.0,0.0,0.0,0.0,0.0,0.0,0.0,0.0,0.0,0.0,0.0,0.0,0.0,0.0,0.0,0.0,0.0,0.0,0.0,0.0,0.04536795414325371,0.0,0.0,0.0,0.0,0.0,0.0,0.0,0.0,0.0,0.0,0.0,0.0
0.0,0.0,0.0,0.0,0.0,0.0,0.03539381223609445,0.0,0.0,0.0,0.24914315673648318,0.4862227494542197,0.3933483130392754,0.1415438526167647,0.16284696203869992,0.2557654972623053,0.4914723941319024,0.6858862949864459,0.0,0.0,0.0,0.03657157941169152,0.0,0.0,0.0,0.0,0.0,0.0,0.0,0.0,0.0,0.0,0.0,0.0,0.0,0.0,0.42405344931916955,1.0,0.40652779144132983,0.0,0.0,0.0,0.0,0.0,0.0,0.0,0.0,0.0,0.0,0.0,0.0,0.0,0.0,0.0,0.0,0.0,0.0,0.0,0.0,0.0,0.0,0.0,0.0,0.0,0.0,0.0,0.0,0.0,0.0,0.0,0.0,0.0,0.0,0.0,0.0,0.03230161119581387,0.0,0.0,0.0,0.0,0.0,0.0,0.0,0.0,0.0,0.0,0.0,0.0
0.0,0.0,0.0,0.0,0.0,0.0,0.0,0.0,0.0,0.0,0.16110178901915712,0.2546596207080253,0.035352488581598486,0.0,0.24982333311332544,0.48571621672360776,0.685913842349834,0.4913783353192211,0.03456569005328552,0.0,0.14237811977782003,0.3931550743646934,0.0,0.0,0.0,0.0,0.0,0.0,0.0,0.0,0.0,0.0,0.0,0.0,0.0,0.0,0.0,0.40652779144132983,1.0,0.425624085843473,0.0,0.0,0.0,0.0,0.0,0.0,0.0,0.0,0.0,0.0,0.0,0.0,0.0,0.0,0.0,0.0,0.0,0.0,0.0,0.0,0.0,0.0,0.0,0.0,0.0,0.0,0.0,0.0,0.0,0.0,0.0,0.0,0.0,0.0,0.0,0.0,0.0,0.0,0.0,0.0,0.0,0.0,0.0,0.0,0.0,0.0,0.0,0.0
0.0,0.0,0.0,0.0,0.0,0.0,0.0,0.0,0.0,0.0,0.03132016251645933,0.0,0.0,0.0,0.24992219502523114,0.48595271668925666,0.39419994939753794,0.14252327810581739,0.16323910254618992,0.2559111748748324,0.49262016833354577,0.6858566340888769,0.0,0.0,0.0,0.03785874522185106,0.0,0.0,0.0,0.0,0.0,0.0,0.0,0.0,0.0,0.0,0.0,0.0,0.425624085843473,1.0,0.40867347056906106,0.0,0.0,0.0,0.0,0.0,0.0,0.0,0.0,0.0,0.0,0.0,0.0,0.0,0.0,0.0,0.0,0.0,0.0,0.0,0.0,0.0,0.0,0.0,0.0,0.0,0.0,0.0,0.0,0.0,0.0,0.0,0.003187128803548134,0.0,0.0,0.0,0.0,0.0,0.0,0.0,0.0,0.0,0.0,0.0,0.0,0.0,0.0,0.0
0.0,0.0,0.0,0.0,0.0,0.0,0.0,0.0,0.0,0.0,0.0,0.0,0.0,0.0,0.156431374265455,0.2524128261982252,0.03564141864480623,0.0,0.2482650791652893,0.4848297575971131,0.6859448651917991,0.4919235831183017,0.03585676244575406,0.0,0.13650102574831374,0.3900595494097815,0.0,0.0,0.0,0.0,0.0,0.0,0.0,0.0,0.0,0.0,0.0,0.0,0.0,0.40867347056906106,1.0,0.4191650335703624,0.0,0.0,0.0,0.0,0.0,0.0,0.0,0.0,0.0,0.0,0.0,0.0,0.0,0.0,0.0,0.0,0.0,0.0,0.0,0.0,0.0,0.0,0.0,0.0,0.0,0.0,0.0,0.0,0.0,0.0,0.0,0.0,0.0,0.0,0.0,0.0,0.0,0.0,0.0,0.0,0.0,0.0,0.0,0.0,0.0,0.0
0.0,0.0,0.0,0.0,0.0,0.0,0.0,0.0,0.0,0.0,0.0,0.0,0.0,0.0,0.025490209192651377,0.0,0.0,0.0,0.25014210284833366,0.4874678238118346,0.3921296595009197,0.14190482654702014,0.16941096411683143,0.25811341579013924,0.49147241170969985,0.6859260722061613,0.0,0.035506577747727565,0.0,0.0,0.0,0.0,0.0,0.0,0.0,0.0,0.0,0.0,0.0,0.0,0.4191650335703624,1.0,0.40668989104561165,0.0,0.0,0.0,0.0,0.0,0.0,0.0,0.0,0.0,0.0,0.0,0.0,0.0,0.0,0.0,0.0,0.0,0.0,0.0,0.0,0.0,0.0,0.0,0.0,0.0,0.0,0.0,0.0,0.0,0.0,0.0,0.0,0.0,0.0,0.0,0.0,0.0,0.0,0.0,0.0,0.0,0.0,0.0,0.0,0.0
0.0,0.0,0.0,0.0,0.0,0.0,0.0,0.0,0.0,0.0,0.0,0.0,0.0,0.0,0.0,0.0,0.0,0.0,0.1586930133930254,0.2529445093256766,0.03312195887055998,0.0,0.25471518248548203,0.48503187386576885,0.6862555745207182,0.4894700468492164,0.0,0.38932905854965133,0.0,0.22327021092590482,0.0,0.0,0.0,0.0,0.0,0.0,0.0,0.0,0.0,0.0,0.0,0.40668989104561165,1.0,0.0,0.0,0.0,0.0,0.0,0.0,0.0,0.0,0.0,0.0,0.0,0.0,0.0,0.0,0.0,0.0,0.0,0.0,0.0,0.0,0.0,0.0,0.0,0.0,0.0,0.0,0.0,0.0,0.0,0.0,0.0,0.0,0.0,0.0,0.0,0.0,0.0,0.0,0.0,0.0,0.0,0.0,0.0,0.0,0.0
0.39806626011720564,0.2901042037871596,0.11968581544027677,0.04260927049782631,0.10786926250174629,0.2719500056193067,0.4245814888141112,0.27060123829240196,0.1687277107758563,0.17509850343053465,0.3753629529920284,0.15083266978306611,0.03746345150297127,0.09334697391914902,0.3758972600225365,0.1242611496860803,0.0,0.0,0.48599499518153416,0.25432797812500013,0.03154991112658522,0.0,0.6868640795435379,0.49269867834642217,0.2561463982047695,0.17052872860910118,0.0,0.39976645293127183,0.0,0.23314177074702386,0.16687477914318385,0.0,0.0,0.0,0.0,0.0,0.0,0.0,0.0,0.0,0.0,0.0,0.0,1.0,0.0,0.0,0.0,0.0,0.0,0.0,0.0,0.0,0.0,0.0,0.0,0.0,0.0,0.0,0.0,0.0,0.0,0.0,0.0,0.0,0.0,0.0,0.0,0.0,0.0,0.0,0.0,0.0,0.0,0.0,0.0,0.0,0.0,0.0,0.0,0.0,0.0,0.0,0.0,0.0,0.0,0.0,0.0,0.0
0.2917431046428464,0.30901796131769643,0.3205588252733793,0.31559193543678693,0.31291643657673823,0.30730166566137185,0.14447215747801878,0.08294946800743451,0.0972243560723592,0.18880585533571423,0.0,0.0,0.0,0.0,0.0,0.0,0.0,0.0,0.0,0.0,0.0,0.0,0.0,0.0,0.0,0.0,0.196406003756033,0.0,0.025282449909731327,0.0,0.13614349695070282,0.1397513067146068,0.13721306848661347,0.0,0.0,0.0,0.0,0.0,0.0,0.0,0.0,0.0,0.0,0.0,1.0,0.7383167221778675,0.5469799904428158,0.47240038207516594,0.5435446093885197,0.7350217686595217,0.729823809769903,0.5455506030344344,0.4771859709813139,0.5420707419456563,0.5221653699460388,0.2988603797596261,0.21486759797531402,0.30489161159040834,0.4078023934209726,0.17143641982112579,0.03830812831151185,0.08381845650895042,0.3838655209440483,0.16164446290819073,0.0,0.0,0.43145158578516274,0.2490019757808258,0.06563673072654111,0.031975750235265075,0.3056127306229557,0.15765120206318606,0.07161701789869088,0.006675698334286137,0.4860194338164749,0.1587051976122286,0.2501477633559083,0.2482668790652551,0.16324620175210786,0.03455809849713671,0.0,0.0,0.0,0.0,0.0,0.0,0.0,0.39806626473399687
0.3090179117608391,0.4039303138011064,0.3959059504830419,0.29439536291662693,0.22561920725866333,0.2354464447409008,0.1726461609945997,0.04933033428067427,0.0,0.06806322283321782,0.07186154524589088,0.0,0.0,0.0,0.0,0.0,0.0,0.0,0.0,0.0,0.0,0.0,0.0,0.0,0.0,0.0,0.3314941549081146,0.0,0.19711765086026586,0.0,0.337058683337182,0.10102357414837142,0.0,0.0,0.0,0.0,0.0,0.0,0.0,0.0,0.0,0.0,0.0,0.0,0.7383167221778675,1.0,0.7425844784952603,0.5485878771094445,0.4834497949146363,0.550072660187864,0.5328179530893503,0.3053628673644449,0.21894198602650833,0.3080447292932033,0.43177581360485556,0.1935879650061503,0.05028330002733888,0.0893722096971157,0.42077860605723877,0.22150205499272108,0.05108043691634151,0.03281779057537246,0.43158544520188047,0.27462563558553277,0.13026136420797735,0.10350217781444868,0.4127271059702553,0.26243085040941516,0.1458280588792369,0.1524827893908962,0.5479708094767753,0.1209822122372065,0.3237537658035411,0.0,0.6868695565520943,0.2547253509697602,0.1694192465034349,0.03585015702568273,0.0,0.0,0.0,0.0,0.0,0.0,0.0,0.0,0.0,0.2901041981756526
0.3205588289566108,0.3959060409180421,0.2939892323832627,0.14178268255180915,0.09655386404640681,0.17792964329262612,0.26521304425137066,0.13561236693446513,0.021233129670136856,0.030473302322008986,0.22480904289343057,0.14415220519903738,0.04722507162930285,0.028942829931667947,0.1338955908784089,0.06315756575522409,0.03150528445847552,0.05236434735172209,0.0,0.0,0.0,0.0,0.0,0.0,0.0,0.0,0.22425358624345684,0.0,0.08793800993870016,0.0,0.4106865378293474,0.0,0.0,0.0,0.0,0.0,0.0,0.0,0.0,0.0,0.0,0.0,0.0,0.0,0.5469799904428158,0.7425844784952603,1.0,0.73750750987436,0.5545992688229022,0.4813115859202337,0.297106496412853,0.09638808143335834,0.06676586178609695,0.21788582855019623,0.17510386550865345,0.0,0.0,0.0,0.1861871315953507,0.00024906747988972665,0.0,0.0,0.24914984877990234,0.14589602664382015,0.0,0.0,0.26243588491395853,0.18639947649835636,0.10357303278142647,0.08577122606594835,0.7344825314888537,0.07702694569948781,0.49120808416363826,0.0,0.4926926395436829,0.4850327222360376,0.25811212108415155,0.0,0.0,0.0,0.0,0.0,0.0,0.0,0.0,0.0,0.0,0.11968583539409874
0.3155919006877417,0.2943954605069805,0.1417826511504052,0.021285916713612615,0.043569268780720816,0.18446015978699232,0.3411086126946585,0.2810292861456407,0.15509804714635292,0.10492220346813293,0.2916169403872915,0.27502336190865834,0.23843328802187352,0.22443203311637294,0.130022260462837,0.05191656556223128,0.07345040614632695,0.1608171859176333,0.0,0.0,0.0,0.0,0.0,0.0,0.0,0.0,0.017175711474631115,0.0,0.0,0.0,0.2576786622912527,0.0,0.0,0.0,0.0,0.0,0.020474670228047907,0.0,0.0,0.0,0.0,0.0,0.0,0.0,0.47240038207516594,0.5485878771094445,0.73750750987436,1.0,0.7454799258349484,0.5489890225217751,0.20230658346868585,0.057752465819023484,0.10367448846676927,0.30905519098475803,0.019950223773742434,0.0,0.0,0.0,0.0,0.0,0.0,0.0,0.06570225921328358,0.0,0.0,0.0,0.14573488742968907,0.10343732126180569,0.0,0.0,0.5430364680153846,0.06812885083147159,0.3198776731659461,0.0,0.25615380798656284,0.6862552437090663,0.4914728011494378,0.1364665698741196,0.0,0.0,0.0,0.0,0.0,0.0,0.0,0.0,0.0,0.04260923429485006
0.31291646727537076,0.22561931843276617,0.09655385269086314,0.043569337121071645,0.12038538385177025,0.2626050230751743,0.323499950106179,0.3424892782239116,0.28898631779003014,0.2417292102244626,0.19509213913510778,0.17415431391518688,0.20888020791639728,0.27148800492738817,0.0,0.0,0.0,0.009259628416304077,0.0,0.0,0.0,0.0,0.0,0.0,0.0,0.0,0.0,0.0,0.0,0.0,0.0893499197794734,0.0,0.0,0.003090791455817694,0.10370224412998767,0.10247899923293734,0.0,0.0,0.0,0.0,0.0,0.0,0.0,0.0,0.5435446093885197,0.4834497949146363,0.5545992688229022,0.7454799258349484,1.0,0.7375437386046761,0.2973098316743548,0.21493740590372154,0.3141948812730757,0.5428809603465975,0.06691483927022572,0.0,0.0,0.0,0.0,0.0,0.0,0.0,0.031945450802212484,0.0,0.0,0.0,0.1522743523213607,0.08548906123334414,0.0,0.0,0.312065332797766,0.0940858154868677,0.07804991620312575,0.017178190286947184,0.17054371138356864,0.489469776009662,0.685925200763534,0.39003136686533874,0.03784071496435086,0.0,0.0,0.0,0.0,0.0,0.0,0.0,0.0,0.10786924763633549
