1.0,0.7383167322232319,0.5469799148707409,0.47240040583182175,0.5435446016081945,0.7350218315500777,0.7298237470380221,0.5455506944087535,0.47718601705498936,0.5420708448240592,0.5221653460866901,0.29886037462207077,0.21486766273093594,0.3048916541780381,0.4078023902218785,0.17143635530825388,0.03830812244416952,0.08381840582000487,0.38386544534499784,0.1616443802105953,0.0,0.0,0.43145160644938474,0.2490019698507414,0.06563668576028867,0.03197568547209724,0.30561274914536973,0.15765121185517172,0.07161697531172219,0.006675709730188795,0.4860193641160134,0.15870523200763537,0.2501477401915136,0.24826696465193943,0.16324616006248016,0.03455803592148472,0.0,0.0,0.0,0.0,0.0,0.0,0.0,0.39806626011720436,0.0,0.0,0.0,0.0,0.0,0.0,0.0,0.0,0.0,0.0,0.0,0.0,0.0,0.0,0.0,0.0,0.0,0.0,0.0,0.0,0.0,0.0,0.0,0.0,0.0,0.0,0.0,0.0,0.0,0.0,0.0,0.0,0.0,0.0,0.0,0.0,0.0,0.0,0.0,0.0,0.0,0.0,0.0,0.0
0.7383167322232319,1.0,0.7425843477657349,0.5485877833685998,0.4834497286891724,0.5500726739294141,0.532817950545717,0.30536301556590745,0.21894204294387182,0.3080448002149505,0.43177584031327926,0.19358806795304542,0.05028343427372095,0.08937231910336076,0.4207786613490842,0.22150209871343965,0.051080515487095364,0.0328178142141253,0.4315854423117398,0.27462558956972805,0.13026134648086768,0.1035022341383534,0.41272709972895594,0.2624308352459031,0.1458280000758688,0.1524827320300978,0.5479707745501374,0.12098218033925046,0.3237536870488144,0.0,0.6868695097213741,0.2547253250212529,0.1694191590000848,0.035850199437353944,0.0,0.0,0.0,0.0,0.0,0.0,0.0,0.0,0.0,0.29010420378715773,0.0,0.0,0.0,0.0,0.0,0.0,0.0,0.0,0.0,0.0,0.0,0.0,0.0,0.0,0.0,0.0,0.0,0.0,0.0,0.0,0.0,0.0,0.0,0.0,0.0,0.0,0.0,0.0,0.0,0.0,0.0,0.0,0.0,0.0,0.0075043291688697625,0.06938850757677315,0.0,0.0,0.0,0.0,0.0,0.0,0.0,0.0
0.5469799148707409,0.7425843477657349,1.0,0.7375074472759992,0.5545992223423587,0.48131152654944576,0.2971063686825202,0.09638809284765615,0.0667658350817231,0.2178858029585101,0.17510376648958415,0.0,0.0,0.0,0.18618709036407602,0.00024903687123814625,0.0,0.0,0.24914982424470608,0.145895979330523,0.0,0.0,0.26243585915723006,0.18639948029448145,0.1035730370099964,0.0857712148782454,0.7344826361957657,0.07702694873221562,0.4912081218981292,0.0,0.49269249697603135,0.48503280543839256,0.25811205879995475,0.0,0.0,0.0,0.0,0.0,0.0,0.0,0.0,0.0,0.0,0.11968581544027512,0.0,0.0,0.0,0.0,0.0,0.0,0.0,0.0,0.07963752219121098,0.0,0.0,0.0,0.0,0.025746937434418145,0.0,0.0,0.0,0.0,0.0,0.0,0.0,0.0,0.0,0.0,0.0,0.0,0.0,0.0,0.0,0.0,0.0,0.0,0.0,0.0,0.15326590803541834,0.09400675492765262,0.0,0.0,0.0,0.0,0.0,0.0,0.0,0.0
0.47240040583182175,0.5485877833685998,0.7375074472759992,1.0,0.7454800093466507,0.5489890582734938,0.2023065451837273,0.05775256010092314,0.1036746049750883,0.309055261378025,0.019950197149737704,0.0,0.0,0.0,0.0,0.0,0.0,0.0,0.06570221292023469,0.0,0.0,0.0,0.1457348901845251,0.10343728650904896,0.0,0.0,0.5430364430336153,0.06812885344520699,0.31987757895772445,0.0,0.25615366487271796,0.6862552521980886,0.4914728565723048,0.13646665447826797,0.0,0.0,0.0,0.0,0.0,0.0,0.0,0.0,0.0,0.04260927049782582,0.0,0.0,0.0,0.0,0.0,0.0,0.0,0.0,0.0,0.0,0.0,0.0,0.0,0.0,0.0,0.0,0.0,0.0,0.0,0.0,0.0,0.0,0.0,0.0,0.0,0.0,0.0,0.0,0.0,0.0,0.0,0.0,0.0,0.0,0.029445152690276102,0.0,0.0,0.0,0.0,0.0,0.0,0.0,0.0,0.0
0.5435446016081945,0.4834497286891724,0.5545992223423587,0.7454800093466507,1.0,0.7375436778792344,0.297309759774897,0.21493741258173904,0.3141949285890258,0.542880927789749,0.06691480797214834,0.0,0.0,0.0,0.0,0.0,0.0,0.0,0.03194539189232827,0.0,0.0,0.0,0.152274375067186,0.08548902624952123,0.0,0.0,0.31206538101469505,0.094085817056477,0.07804989792964179,0.017178190701270246,0.17054359875299988,0.4894697830695744,0.6859251789107388,0.3900313632501701,0.03784063500981404,0.0,0.0,0.0,0.0,0.0,0.0,0.0,0.0,0.10786926250174464,0.0,0.0,0.0,0.0,0.0,0.0,0.0,0.0,0.0,0.0,0.0,0.0,0.0,0.0,0.0,0.0,0.0,0.0,0.0,0.0,0.0,0.0,0.0,0.0,0.0,0.0,0.0,0.0,0.0,0.0,0.0,0.0,0.0,0.0,0.0,0.0,0.0,0.0,0.0,0.0,0.0,0.0,0.0,0.0
0.7350218315500777,0.5500726739294141,0.48131152654944576,0.5489890582734938,0.7375436778792344,1.0,0.5375621041055423,0.4765993286809727,0.5524515153321778,0.7354867791440035,0.2858614012765972,0.08634916534199899,0.06058730236055767,0.2150626609288441,0.15348201006574083,0.0,0.0,0.0,0.1615751461782832,0.0,0.0,0.0,0.2743853793347917,0.1456004856567708,0.0,0.0,0.2159624798587559,0.13201692554787856,0.0,0.03574810921207894,0.25434397671025794,0.2529408748822496,0.48746291109339157,0.48482662959064066,0.25591152805989786,0.0,0.0,0.0,0.0,0.0,0.0,0.0,0.0,0.2719500056193043,0.0,0.0,0.0,0.0,0.0,0.0,0.0,0.0,0.0,0.0,0.0,0.0,0.0,0.0,0.0,0.0,0.0,0.0,0.0,0.0,0.0,0.0,0.0,0.0,0.0,0.0,0.0,0.0,0.0,0.0,0.0,0.0,0.0,0.0,0.0,0.0,0.0,0.0,0.0,0.0,0.0,0.0,0.0,0.0
0.7298237470380221,0.532817950545717,0.2971063686825202,0.2023065451837273,0.297309759774897,0.5375621041055423,1.0,0.7368538958358634,0.5418866872501726,0.47019117790717496,0.7308253164563902,0.545178248949584,0.4764139182426177,0.5430549066831505,0.519851527147438,0.29352403321231474,0.21184074280392093,0.3048050877023527,0.4077883640817452,0.153502459803022,0.01736442533154122,0.07142796858487818,0.42067287805587583,0.18607191921718433,0.0,0.0,0.08086078194480673,0.08009713351561555,0.0,0.0,0.37595656060927257,0.0,0.025473572722360782,0.15641806728918137,0.2499219540383985,0.24982055516578053,0.16284527903754864,0.03539381223609462,0.0,0.0,0.0,0.0,0.0,0.4245814888141102,0.0,0.0,0.0,0.0,0.0,0.0,0.0,0.0,0.0,0.0,0.0,0.0,0.0,0.0,0.0,0.0,0.0,0.0,0.0,0.0,0.0,0.0,0.0,0.0,0.0,0.0,0.0,0.0,0.0,0.0,0.0,0.0,0.0,0.0,0.0,0.0,0.0,0.0,0.0,0.0,0.0,0.0,0.0,0.0
0.5455506944087535,0.30536301556590745,0.09638809284765615,0.05775256010092314,0.21493741258173904,0.4765993286809727,0.7368538958358634,1.0,0.7348697385993239,0.5487901000593804,0.5433923813310723,0.479005333755538,0.5523398191159473,0.7361476810796942,0.2935063857667702,0.08718078602100765,0.059380020951927584,0.21597671420256953,0.1713904664411411,0.0,0.0,0.0,0.22136194020718328,8.040467575134271e-05,0.0,0.0,0.0,0.0,0.0,0.0,0.12431048581135976,0.0,0.0,0.2524078657402039,0.48595395208252856,0.4857150732680941,0.2557700487657205,0.0,0.0,0.0,0.0,0.0,0.0,0.2706012382924011,0.0,0.0,0.0,0.0,0.0,0.0,0.0,0.0,0.0,0.0,0.0,0.0,0.0,0.0,0.0,0.0,0.0,0.0,0.0,0.0,0.0,0.0,0.0,0.0,0.0,0.0,0.0,0.0,0.0,0.0,0.0,0.0,0.0,0.0,0.0,0.0,0.0,0.0,0.0,0.0,0.0,0.0,0.0,0.0
0.47718601705498936,0.21894204294387182,0.0667658350817231,0.1036746049750883,0.3141949285890258,0.5524515153321778,0.5418866872501726,0.7348697385993239,1.0,0.7479070988276981,0.2998761943743293,0.2139644339910123,0.3124293818322672,0.5431631319982618,0.07139506475043146,0.0,0.0,0.0,0.0,0.0,0.0,0.0,0.10329283823328543,0.0,0.0,0.0,0.0,0.0,0.0,0.0,0.0,0.0,0.14187336381850593,0.4919249244029498,0.6858568678444157,0.39315700099113854,0.036581135565738526,0.0,0.0,0.0,0.0,0.0,0.0,0.1687277107758555,0.0,0.0,0.0,0.0,0.0,0.0,0.0,0.0,0.0,0.0,0.0,0.0,0.0,0.0,0.0,0.0,0.0,0.0,0.0,0.0,0.0,0.0,0.0,0.0,0.0,0.0,0.0,0.0,0.0,0.0,0.0,0.0,0.0,0.0,0.0,0.0,0.0,0.0,0.0,0.0,0.0,0.0,0.0,0.0
0.5420708448240592,0.3080448002149505,0.2178858029585101,0.309055261378025,0.542880927789749,0.7354867791440035,0.47019117790717496,0.5487901000593804,0.7479070988276981,1.0,0.20243830385719774,0.05572132167796584,0.10311307562356471,0.3114690694269213,0.01732116501392205,0.0,0.0,0.0,0.0,0.0,0.0,0.0,0.12999292612311672,0.0,0.0,0.0,0.0,0.02028766895210242,0.0,0.0,0.03157784244767729,0.033104818864887926,0.39210074639827713,0.6859446192088395,0.49262022949710316,0.14237839034857316,0.0,0.0,0.0,0.0,0.0,0.0,0.0,0.17509850343053268,0.0,0.0,0.0,0.0,0.0,0.0,0.0,0.0,0.0,0.0,0.0,0.0,0.0,0.0,0.0,0.0,0.0,0.0,0.0,0.0,0.0,0.0,0.0,0.0,0.0,0.0,0.0,0.0,0.0,0.0,0.0,0.0,0.0,0.0,0.0,0.0,0.0,0.0,0.0,0.0,0.0,0.0,0.0,0.0
0.5221653460866901,0.43177584031327926,0.17510376648958415,0.019950197149737704,0.06691480797214834,0.2858614012765972,0.7308253164563902,0.5433923813310723,0.2998761943743293,0.20243830385719774,1.0,0.7354309991008723,0.54214049259248,0.47464883125208424,0.7308282222455856,0.5433999627662608,0.474654370147216,0.5421432828628148,0.5221676751461449,0.28587777675469345,0.2024617774378033,0.2998904297443047,0.4317336298475015,0.17506032711206176,0.019921425200666226,0.06691270638555322,0.012246081506092776,0.012187098916873751,0.0,0.0,0.3754644168163448,0.0,0.0,0.0,0.03130693468495675,0.16109531106737868,0.24914221712139786,0.24914315673648327,0.16110178901915737,0.03132016251645933,0.0,0.0,0.0,0.3753629529920277,0.0,0.0,0.0,0.0,0.0,0.0,0.0,0.0,0.0,0.0,0.0,0.0,0.0,0.0,0.0,0.0,0.0,0.0,0.0,0.0,0.0,0.0,0.0,0.0,0.0,0.0,0.0,0.0,0.0,0.0,0.0,0.0,0.0,0.0,0.0,0.0,0.0,0.0,0.0,0.0,0.0,0.0,0.0,0.0
0.29886037462207077,0.19358806795304542,0.0,0.0,0.0,0.08634916534199899,0.545178248949584,0.479005333755538,0.2139644339910123,0.05572132167796584,0.7354309991008723,1.0,0.7361611974502912,0.551298453533869,0.5451760756346067,0.4790010674919244,0.5512983006567903,0.736161223420264,0.29885887464574484,0.08634821003269538,0.05572222139836608,0.21396096333890044,0.19355853197978945,0.0,0.0,0.0,0.0,0.0,0.0,0.0,0.15091025917007336,0.0,0.0,0.0,0.0,0.25466009713533216,0.4862236213046845,0.48622274945421984,0.2546596207080254,0.0,0.0,0.0,0.0,0.15083266978306573,0.0,0.0,0.0,0.0,0.0,0.0,0.0,0.0,0.0,0.0,0.0,0.0,0.0,0.0,0.0,0.0,0.0,0.0,0.0,0.0,0.0,0.0,0.0,0.0,0.0,0.0,0.0,0.0,0.0,0.0,0.0,0.0,0.0,0.0,0.0,0.0,0.0,0.0,0.0,0.0,0.0,0.0,0.0,0.0
0.21486766273093594,0.05028343427372095,0.0,0.0,0.0,0.06058730236055767,0.4764139182426177,0.5523398191159473,0.3124293818322672,0.10311307562356471,0.54214049259248,0.7361611974502912,1.0,0.7473484245806775,0.3047981747188973,0.21596815390997443,0.3119646104518219,0.5435050981929934,0.08380573772682318,0.0,0.0,0.0,0.03276837315061425,0.0,0.0,0.0,0.0,0.0,0.0,0.0,0.0,0.0,0.0,0.0,0.14253621351987678,0.491380830996106,0.6858865036557028,0.3933483130392758,0.03535248858159881,0.0,0.0,0.0,0.0,0.03746345150297127,0.0,0.0,0.0,0.0,0.0,0.0,0.0,0.0,0.0,0.0,0.0,0.0,0.0,0.0,0.0,0.0,0.0,0.0,0.0,0.0,0.0,0.0,0.0,0.0,0.0,0.0,0.0,0.0,0.0,0.0,0.0,0.0,0.0,0.0,0.0,0.0,0.0,0.0,0.0,0.0,0.0,0.0,0.0,0.0
0.3048916541780381,0.08937231910336076,0.0,0.0,0.0,0.2150626609288441,0.5430549066831505,0.7361476810796942,0.5431631319982618,0.3114690694269213,0.47464883125208424,0.551298453533869,0.7473484245806775,1.0,0.21182591035445722,0.05936959825605282,0.10276970319870042,0.3119654548860467,0.03827629940196681,0.0,0.0,0.0,0.05098897649553591,0.0,0.0,0.0,0.0,0.0,0.0,0.0,0.0,0.0,0.0,0.03564782029980344,0.3942102774703235,0.6859131891064326,0.491472247333778,0.1415438526167647,0.0,0.0,0.0,0.0,0.0,0.09334697391914804,0.0,0.0,0.0,0.0,0.0,0.0,0.0,0.0,0.0,0.0,0.0,0.0,0.0,0.0,0.0,0.0,0.0,0.0,0.0,0.0,0.0,0.0,0.0,0.0,0.0,0.0,0.0,0.0,0.0,0.0,0.0,0.0,0.0,0.0,0.0,0.0,0.0,0.0,0.0,0.0,0.0,0.0,0.0,0.0
0.4078023902218785,0.4207786613490842,0.18618709036407602,0.0,0.0,0.15348201006574083,0.519851527147438,0.2935063857667702,0.07139506475043146,0.01732116501392205,0.7308282222455856,0.5451760756346067,0.3047981747188973,0.21182591035445722,1.0,0.7368539747677962,0.5430556105924833,0.4764155289342641,0.7298280943346048,0.5375754467716232,0.47020356082751724,0.5418892148592471,0.532802234859185,0.2970971290494186,0.20229925958508388,0.2973133185118879,0.08025619249179455,0.08084780937735553,0.0,0.0,0.4247773983905616,0.0,0.0,0.0,0.0,0.0,0.035389679580548616,0.16284696203869975,0.24982333311332544,0.24992219502523114,0.156431374265455,0.025490209192650885,0.0,0.37589726002253615,0.0,0.0,0.0,0.0,0.0,0.0,0.0,0.0,0.0,0.0,0.0,0.0,0.0,0.0,0.0,0.0,0.0,0.0,0.0,0.0,0.0,0.0,0.0,0.0,0.0,0.0,0.0,0.0,0.0,0.0,0.0,0.0,0.0,0.0,0.0,0.0,0.0,0.0,0.0,0.0,0.0,0.0,0.0,0.0
0.17143635530825388,0.22150209871343965,0.00024903687123814625,0.0,0.0,0.0,0.29352403321231474,0.08718078602100765,0.0,0.0,0.5433999627662608,0.4790010674919244,0.21596815390997443,0.05936959825605282,0.7368539747677962,1.0,0.7361450366247837,0.5523355152371701,0.5455510789623278,0.47660708425987675,0.5487977617266963,0.7348718935576883,0.30535696690469416,0.09639548065339583,0.057760847795629615,0.21494780994045773,0.0,0.0,0.0,0.0,0.2708178025714312,0.0,0.0,0.0,0.0,0.0,0.0,0.25576549726230496,0.4857162167236076,0.48595271668925694,0.2524128261982255,0.0,0.0,0.1242611496860803,0.0,0.0,0.0,0.0,0.0,0.0,0.0,0.0,0.0,0.0,0.0,0.0,0.0,0.0,0.0,0.0,0.0,0.0,0.0,0.0,0.0,0.0,0.0,0.0,0.0,0.0,0.0,0.0,0.0,0.0,0.0,0.0,0.0,0.0,0.0,0.0,0.0,0.0,0.0,0.0,0.0,0.0,0.0,0.0
0.03830812244416952,0.051080515487095364,0.0,0.0,0.0,0.0,0.21184074280392093,0.059380020951927584,0.0,0.0,0.474654370147216,0.5512983006567903,0.3119646104518219,0.10276970319870042,0.5430556105924833,0.7361450366247837,1.0,0.7473477919073034,0.30489644489030865,0.21506707079253032,0.31146864359297866,0.5431589196972753,0.08937196258335695,0.0,0.0,0.0,0.0,0.0,0.0,0.0,0.09348820126297641,0.0,0.0,0.0,0.0,0.0,0.1415422920831866,0.4914723941319024,0.685913842349834,0.3941999493975377,0.0356414186448059,0.0,0.0,0.0,0.0,0.0,0.0,0.0,0.0,0.0,0.0,0.0,0.0,0.0,0.0,0.0,0.0,0.0,0.0,0.0,0.0,0.0,0.0,0.0,0.0,0.0,0.0,0.0,0.0,0.0,0.0,0.0,0.0,0.0,0.0,0.0,0.0,0.0,0.0,0.0,0.0,0.0,0.0,0.0,0.0,0.0,0.0,0.0
0.08381840582000487,0.0328178142141253,0.0,0.0,0.0,0.0,0.3048050877023527,0.21597671420256953,0.0,0.0,0.5421432828628148,0.736161223420264,0.5435050981929934,0.3119654548860467,0.4764155289342641,0.5523355152371701,0.7473477919073034,1.0,0.21487380258127767,0.06058887030398528,0.10310979488218162,0.3124225187782114,0.050277706070075874,0.0,0.0,0.0,0.0,0.0,0.0,0.0,0.03755747449722003,0.0,0.0,0.0,0.0,0.035353651017336604,0.39334862145524124,0.6858862949864459,0.49137833531922126,0.14252327810581739,0.0,0.0,0.0,0.0,0.0,0.0,0.0,0.0,0.0,0.0,0.0,0.0,0.0,0.0,0.0,0.0,0.0,0.0,0.0,0.0,0.0,0.0,0.0,0.0,0.0,0.0,0.0,0.0,0.0,0.0,0.0,0.0,0.0,0.0,0.0,0.0,0.0,0.0,0.0,0.0,0.0,0.0,0.0,0.0,0.0,0.0,0.0,0.0
0.38386544534499784,0.4315854423117398,0.24914982424470608,0.06570221292023469,0.03194539189232827,0.1615751461782832,0.4077883640817452,0.1713904664411411,0.0,0.0,0.5221676751461449,0.29885887464574484,0.08380573772682318,0.03827629940196681,0.7298280943346048,0.5455510789623278,0.30489644489030865,0.21487380258127767,1.0,0.7350200420414426,0.5420654971059624,0.47717889669944197,0.7383143897034409,0.5469793234546124,0.47238794031270526,0.5435326343684298,0.1578764741078812,0.30561490090984594,0.00694555932795565,0.07162000913788055,0.3983032592630404,0.0,0.0,0.0,0.0,0.0,0.0,0.0,0.03456569005328536,0.16323910254618992,0.2482650791652893,0.2501421028483332,0.1586930133930249,0.48599499518153405,0.0,0.0,0.0,0.0,0.0,0.0,0.0,0.0,0.0,0.0,0.0,0.0,0.0,0.0693555737118275,0.0,0.0,0.0,0.0,0.0,0.0,0.0,0.0,0.0,0.0,0.0,0.0,0.0,0.0,0.0,0.0,0.0,0.0,0.0,0.0,0.0,0.13578305057693968,0.0,0.0,0.0,0.0,0.0,0.0,0.0,0.0
0.1616443802105953,0.27462558956972805,0.145895979330523,0.0,0.0,0.0,0.153502459803022,0.0,0.0,0.0,0.28587777675469345,0.08634821003269538,0.0,0.0,0.5375754467716232,0.47660708425987675,0.21506707079253032,0.06058887030398528,0.7350200420414426,1.0,0.7354857609325266,0.5524517342301264,0.5500757208050583,0.48132717864464614,0.5489963440878122,0.7375440591134989,0.1324468407328035,0.21597785386728818,0.036260596879935575,0.0,0.27228749214316533,0.0,0.0,0.0,0.0,0.0,0.0,0.0,0.0,0.2559111748748322,0.4848297575971132,0.4874678238118346,0.2529445093256766,0.25432797812500013,0.0,0.0,0.0,0.0,0.0,0.0,0.0,0.0686596696643196,0.020445971826092483,0.0,0.0,0.0,0.19186965594632224,0.27106842489787497,0.0,0.0,0.0,0.0,0.0,0.0,0.0,0.0,0.0,0.0,0.0,0.0,0.0,0.0,0.0,0.0,0.0,0.0,0.0,0.0,0.027642739704497557,0.3088921328871821,0.13821476573758645,0.0,0.0,0.0,0.0,0.0,0.0,0.0
0.0,0.13026134648086768,0.0,0.0,0.0,0.0,0.01736442533154122,0.0,0.0,0.0,0.2024617774378033,0.05572222139836608,0.0,0.0,0.47020356082751724,0.5487977617266963,0.31146864359297866,0.10310979488218162,0.5420654971059624,0.7354857609325266,1.0,0.7479085422932163,0.3080443248233872,0.21790402362677333,0.3090734768041383,0.5428951786220639,0.020771811333917256,0.0,0.0,0.0,0.17545402985664735,0.0,0.0,0.0,0.0,0.0,0.0,0.0,0.14237811977782003,0.492620168333546,0.6859448651917988,0.3921296595009189,0.03312195887055932,0.03154991112658522,0.0,0.0,0.0,0.0,0.0,0.0,0.0,0.056506687349842016,0.0,0.0,0.0,0.0768486590810627,0.3050554798778258,0.30015157611084786,0.0,0.0,0.0,0.0,0.0,0.0,0.0,0.0,0.0,0.0,0.0,0.0,0.0,0.0,0.0,0.0,0.0,0.0,0.0,0.0,0.0,0.2993201003852746,0.3064175659194992,0.0,0.0,0.0,0.0,0.0,0.0,0.0
0.0,0.1035022341383534,0.0,0.0,0.0,0.0,0.07142796858487818,0.0,0.0,0.0,0.2998904297443047,0.21396096333890044,0.0,0.0,0.5418892148592471,0.7348718935576883,0.5431589196972753,0.3124225187782114,0.47717889669944197,0.5524517342301264,0.7479085422932163,1.0,0.21893746376504936,0.06678082944138251,0.10369126115841093,0.31420866265433123,0.0,0.0,0.0,0.0,0.16901522701848978,0.0,0.0,0.0,0.0,0.0,0.0,0.036571579411691355,0.39315507436469316,0.6858566340888769,0.4919235831183017,0.14190482654701964,0.0,0.0,0.0,0.0,0.0,0.0,0.0,0.0,0.0,0.0,0.0,0.0,0.0,0.0,0.14662570154989296,0.11217722591660292,0.0,0.0,0.0,0.0,0.0,0.0,0.0,0.0,0.0,0.0,0.0,0.0,0.0,0.0,0.0,0.0,0.0,0.0,0.0,0.0,0.0,0.11678736501045042,0.18912795434266155,0.0,0.0,0.0,0.0,0.0,0.0,0.0
0.43145160644938474,0.41272709972895594,0.26243585915723006,0.1457348901845251,0.152274375067186,0.2743853793347917,0.42067287805587583,0.22136194020718328,0.10329283823328543,0.12999292612311672,0.4317336298475015,0.19355853197978945,0.03276837315061425,0.05098897649553591,0.532802234859185,0.30535696690469416,0.08937196258335695,0.050277706070075874,0.7383143897034409,0.5500757208050583,0.3080443248233872,0.21893746376504936,1.0,0.7425807996323871,0.5485741785682662,0.48344053346418664,0.12107766390562304,0.5479738383906072,0.0,0.3237583422009449,0.2902095651031401,0.0,0.0,0.0,0.0,0.0,0.0,0.0,0.0,0.0,0.03585676244575406,0.16941096411683118,0.25471518248548153,0.6868640795435381,0.0,0.0,0.0,0.0,0.0,0.0,0.0,0.0,0.0,0.0,0.0,0.0,0.0,0.0,0.0,0.0,0.0,0.0,0.0,0.0,0.0,0.0,0.0,0.0,0.0,0.0,0.0,0.0,0.0,0.0,0.0,0.0,0.0,0.0,0.0,0.00034588962674399047,0.0,0.0,0.0,0.0,0.0,0.0,0.0,0.0
0.2490019698507414,0.2624308352459031,0.18639948029448145,0.10343728650904896,0.08548902624952123,0.1456004856567708,0.18607191921718433,8.040467575134271e-05,0.0,0.0,0.17506032711206176,0.0,0.0,0.0,0.2970971290494186,0.09639548065339583,0.0,0.0,0.5469793234546124,0.48132717864464614,0.21790402362677333,0.06678082944138251,0.7425807996323871,1.0,0.7375047563257349,0.5546051608839864,0.07715125889382644,0.734482804373901,0.0,0.4912085281865298,0.1197877225781356,0.0,0.0,0.0,0.0,0.0,0.0,0.0,0.0,0.0,0.0,0.25811341579013924,0.48503187386576885,0.49269867834642217,0.0,0.0,0.0,0.0,0.0,0.0,0.0,0.0,0.0,0.0,0.0,0.0,0.0,0.0,0.0,0.0,0.0,0.0,0.0,0.0,0.0,0.0,0.0,0.0,0.0,0.0,0.0,0.0,0.0,0.0,0.0,0.0,0.0,0.0,0.0,0.007985710084249982,0.0,0.0,0.0,0.0,0.0,0.0,0.0,0.0
0.06563668576028867,0.1458280000758688,0.1035730370099964,0.0,0.0,0.0,0.0,0.0,0.0,0.0,0.019921425200666226,0.0,0.0,0.0,0.20229925958508388,0.057760847795629615,0.0,0.0,0.47238794031270526,0.5489963440878122,0.3090734768041383,0.10369126115841093,0.5485741785682662,0.7375047563257349,1.0,0.745485059118338,0.06842029527201562,0.5430365797313217,0.0,0.31987942685410453,0.04279061904737521,0.0,0.0,0.0,0.0,0.0,0.0,0.0,0.0,0.0,0.13650102574831358,0.49147241170969985,0.6862555745207182,0.2561463982047695,0.0,0.0,0.0,0.0,0.0,0.0,0.0,0.05414332817922058,0.09308165526586959,0.0,0.0,0.0,0.0,0.14606750368882046,0.0,0.0,0.0,0.0,0.0,0.0,0.0,0.0,0.0,0.0,0.0,0.0,0.0,0.0,0.0,0.0,0.0,0.0,0.0,0.0,0.11251515258874371,0.15843426509956596,0.0,0.0,0.0,0.0,0.0,0.0,0.0,0.0
0.03197568547209724,0.1524827320300978,0.0857712148782454,0.0,0.0,0.0,0.0,0.0,0.0,0.0,0.06691270638555322,0.0,0.0,0.0,0.2973133185118879,0.21494780994045773,0.0,0.0,0.5435326343684298,0.7375440591134989,0.5428951786220639,0.31420866265433123,0.48344053346418664,0.5546051608839864,0.745485059118338,1.0,0.094541713332304,0.3120717254060798,0.01775437907486593,0.07805716992375517,0.10815940965618166,0.0,0.0,0.0,0.0,0.0,0.0,0.0,0.0,0.037858745221850724,0.3900595494097813,0.6859260722061613,0.4894700468492164,0.17052872860910118,0.0,0.0,0.0,0.0,0.0,0.0,0.0,0.17188124548080652,0.14361420996426116,0.0,0.0,0.0,0.201793074432855,0.3186290584747234,0.0,0.0,0.0,0.0,0.0,0.0,0.0,0.0,0.0,0.0,0.0,0.0,0.0,0.0,0.0,0.0,0.0,0.0,0.0,0.0,0.13812601620991355,0.3241159672909358,0.08819328847842167,0.0,0.0,0.0,0.0,0.0,0.0,0.0
0.30561274914536973,0.5479707745501374,0.7344826361957657,0.5430364430336153,0.31206538101469505,0.2159624798587559,0.08086078194480673,0.0,0.0,0.0,0.012246081506092776,0.0,0.0,0.0,0.08025619249179455,0.0,0.0,0.0,0.1578764741078812,0.1324468407328035,0.020771811333917256,0.0,0.12107766390562304,0.07715125889382644,0.06842029527201562,0.094541713332304,1.0,0.0,0.7567238816953032,0.0,0.39973975639696957,0.3893254766094145,0.035507296856036104,0.0,0.0,0.0,0.0,0.0,0.0,0.0,0.0,0.0,0.0,0.0,0.0,0.0,0.0,0.0,0.0,0.0,0.0,0.16429750236492774,0.28635781100819185,0.1284131108094768,0.0,0.0,0.015111274522478492,0.21736451053438025,0.0,0.0,0.0,0.0,0.0,0.0,0.0,0.0,0.0,0.0,0.0,0.0,0.0,0.0,0.0,0.0,0.0,0.0,0.0,0.013333590223374764,0.3353986412816244,0.2600586985119069,0.0,0.0,0.0,0.0,0.0,0.0,0.0,0.0
0.15765121185517172,0.12098218033925046,0.07702694873221562,0.06812885344520699,0.094085817056477,0.13201692554787856,0.08009713351561555,0.0,0.0,0.02028766895210242,0.012187098916873751,0.0,0.0,0.0,0.08084780937735553,0.0,0.0,0.0,0.30561490090984594,0.21597785386728818,0.0,0.0,0.5479738383906072,0.734482804373901,0.5430365797313217,0.3120717254060798,0.0,1.0,0.0,0.7567241305967873,0.0,0.0,0.0,0.0,0.0,0.0,0.0,0.0,0.0,0.0,0.0,0.035506577747727565,0.38932905854965133,0.39976645293127183,0.0,0.0,0.0,0.0,0.0,0.0,0.0,0.0,0.0,0.0,0.0,0.0,0.0,0.0,0.0,0.0,0.0,0.0,0.0,0.0,0.0,0.0,0.0,0.0,0.0,0.0,0.0,0.0,0.0,0.0,0.0,0.0,0.0,0.0,0.0,0.0,0.0,0.0,0.0,0.0,0.0,0.0,0.0,0.0
0.07161697531172219,0.3237536870488144,0.4912081218981292,0.31987757895772445,0.07804989792964179,0.0,0.0,0.0,0.0,0.0,0.0,0.0,0.0,0.0,0.0,0.0,0.0,0.0,0.00694555932795565,0.036260596879935575,0.0,0.0,0.0,0.0,0.0,0.01775437907486593,0.7567238816953032,0.0,1.0,0.0,0.23310673582959976,0.22326327401580218,0.0,0.0,0.0,0.0,0.0,0.0,0.0,0.0,0.0,0.0,0.0,0.0,0.0,0.0,0.0,0.0,0.0,0.045247304568482534,0.05924141689948665,0.30003600933073604,0.41357670244167805,0.2543950242016388,0.0,0.0,0.11349932035664109,0.3243374492871964,0.0,0.0,0.0,0.0,0.0,0.0,0.0,0.0,0.0,0.0,0.0,0.0,0.0,0.0,0.0,0.0,0.0,0.0,0.0,0.10296745585261166,0.41602470428349125,0.32419960383560553,0.0,0.0,0.0,0.0,0.0,0.0,0.0,0.0
0.006675709730188795,0.0,0.0,0.0,0.017178190701270246,0.03574810921207894,0.0,0.0,0.0,0.0,0.0,0.0,0.0,0.0,0.0,0.0,0.0,0.0,0.07162000913788055,0.0,0.0,0.0,0.3237583422009449,0.4912085281865298,0.31987942685410453,0.07805716992375517,0.0,0.7567241305967873,0.0,1.0,0.0,0.0,0.0,0.0,0.0,0.0,0.0,0.0,0.0,0.0,0.0,0.0,0.22327021092590482,0.233141770747025,0.0,0.0,0.0,0.0,0.0,0.0,0.0,0.0,0.0,0.0,0.0,0.0,0.0,0.0,0.0,0.0,0.0,0.0,0.0,0.0,0.0,0.0,0.0,0.0,0.0,0.0,0.0,0.0,0.0,0.0,0.0,0.0,0.0,0.0,0.0,0.0,0.0,0.0,0.0,0.0,0.0,0.0,0.0,0.0
0.4860193641160134,0.6868695097213741,0.49269249697603135,0.25615366487271796,0.17054359875299988,0.25434397671025794,0.37595656060927257,0.12431048581135976,0.0,0.03157784244767729,0.3754644168163448,0.15091025917007336,0.0,0.0,0.4247773983905616,0.2708178025714312,0.09348820126297641,0.03755747449722003,0.3983032592630404,0.27228749214316533,0.17545402985664735,0.16901522701848978,0.2902095651031401,0.1197877225781356,0.04279061904737521,0.10815940965618166,0.39973975639696957,0.0,0.23310673582959976,0.0,1.0,0.0,0.0,0.0,0.0,0.0,0.0,0.0,0.0,0.0,0.0,0.0,0.0,0.16687477914318247,0.0,0.0,0.0,0.0,0.0,0.0,0.0,0.0,0.0,0.0,0.0,0.0,0.0,0.0,0.0,0.0,0.0,0.0,0.0,0.0,0.0,0.0,0.0,0.0,0.0,0.0,0.0,0.0,0.0,0.0,0.0,0.0,0.0,0.0,0.0,0.08055099780855994,0.0,0.0,0.0,0.0,0.0,0.0,0.0,0.0
0.15870523200763537,0.2547253250212529,0.48503280543839256,0.6862552521980886,0.4894697830695744,0.2529408748822496,0.0,0.0,0.0,0.033104818864887926,0.0,0.0,0.0,0.0,0.0,0.0,0.0,0.0,0.0,0.0,0.0,0.0,0.0,0.0,0.0,0.0,0.3893254766094145,0.0,0.22326327401580218,0.0,0.0,1.0,0.4067032095251474,0.0,0.0,0.0,0.0,0.0,0.0,0.0,0.0,0.0,0.0,0.0,0.0,0.0,0.0,0.0,0.0,0.0,0.0,0.0,0.0,0.0,0.0,0.0,0.0,0.0,0.0,0.0,0.0,0.0,0.0,0.0,0.0,0.0,0.0,0.0,0.0,0.0,0.0,0.0,0.0,0.0,0.0,0.0,0.0,0.0,0.0,0.0,0.0,0.0,0.0,0.0,0.0,0.0,0.0,0.0
0.2501477401915136,0.1694191590000848,0.25811205879995475,0.4914728565723048,0.6859251789107388,0.48746291109339157,0.025473572722360782,0.0,0.14187336381850593,0.39210074639827713,0.0,0.0,0.0,0.0,0.0,0.0,0.0,0.0,0.0,0.0,0.0,0.0,0.0,0.0,0.0,0.0,0.035507296856036104,0.0,0.0,0.0,0.0,0.4067032095251474,1.0,0.4191037685047243,0.0,0.0,0.0,0.0,0.0,0.0,0.0,0.0,0.0,0.0,0.0,0.0,0.0,0.0,0.0,0.0,0.0,0.0,0.0,0.0,0.0,0.0,0.0,0.0,0.0,0.0,0.0,0.0,0.0,0.0,0.0,0.0,0.0,0.0,0.0,0.0,0.0,0.0,0.0,0.0,0.0,0.0,0.0,0.0,0.0,0.0,0.0,0.0,0.0,0.0,0.0,0.0,0.0,0.0
0.24826696465193943,0.035850199437353944,0.0,0.13646665447826797,0.3900313632501701,0.48482662959064066,0.15641806728918137,0.2524078657402039,0.4919249244029498,0.6859446192088395,0.0,0.0,0.0,0.03564782029980344,0.0,0.0,0.0,0.0,0.0,0.0,0.0,0.0,0.0,0.0,0.0,0.0,0.0,0.0,0.0,0.0,0.0,0.0,0.4191037685047243,1.0,0.4086796711445349,0.0,0.0,0.0,0.0,0.0,0.0,0.0,0.0,0.0,0.0,0.0,0.0,0.0,0.0,0.0,0.0,0.0,0.0,0.0,0.0,0.0,0.0,0.0,0.0,0.0,0.0,0.0,0.0,0.0,0.0,0.0,0.0,0.0,0.0,0.0,0.0,0.0,0.0,0.0,0.0,0.0,0.0,0.0,0.0,0.0,0.0,0.0,0.0,0.0,0.0,0.0,0.0,0.0
0.16324616006248016,0.0,0.0,0.0,0.03784063500981404,0.25591152805989786,0.2499219540383985,0.48595395208252856,0.6858568678444157,0.49262022949710316,0.03130693468495675,0.0,0.14253621351987678,0.3942102774703235,0.0,0.0,0.0,0.0,0.0,0.0,0.0,0.0,0.0,0.0,0.0,0.0,0.0,0.0,0.0,0.0,0.0,0.0,0.0,0.4086796711445349,1.0,0.42563821620277636,0.0,0.0,0.0,0.0,0.0,0.0,0.0,0.0,0.0,0.0,0.0,0.0,0.0,0.0,0.0,0.0,0.0,0.0,0.0,0.0,0.0,0.0,0.0,0.0,0.0,0.0,0.0,0.0,0.0,0.0,0.0,0.0,0.0,0.0,0.0,0.0,0.0,0.0,0.0,0.0,0.0,0.0,0.0,0.0,0.0,0.0,0.0,0.0,0.0,0.0,0.0,0.0
0.03455803592148472,0.0,0.0,0.0,0.0,0.0,0.24982055516578053,0.4857150732680941,0.39315700099113854,0.14237839034857316,0.16109531106737868,0.25466009713533216,0.491380830996106,0.6859131891064326,0.0,0.0,0.0,0.035353651017336604,0.0,0.0,0.0,0.0,0.0,0.0,0.0,0.0,0.0,0.0,0.0,0.0,0.0,0.0,0.0,0.0,0.42563821620277636,1.0,0.40653149041879194,0.0,0.0,0.0,0.0,0.0,0.0,0.0,0.0,0.0,0.0,0.0,0.0,0.0,0.0,0.0,0.0,0.0,0.0,0.0,0.0,0.0,0.0,0.0,0.0,0.0,0.0,0.0,0.0,0.0,0.0,0.0,0.0,0.0,0.0,0.0,0.0,0.0,0.0,0.0,0.0,0.0,0.0,0.0,0.0,0.0,0.0,0.0,0.0,0.0,0.0,0.0
0.0,0.0,0.0,0.0,0.0,0.0,0.16284527903754864,0.2557700487657205,0.036581135565738526,0.0,0.24914221712139786,0.4862236213046845,0.6858865036557028,0.491472247333778,0.035389679580548616,0.0,0.1415422920831866,0.39334862145524124,0.0,0.0,0.0,0.0,0.0,0.0,0.0,0.0,0.0,0.0,0.0,0.0,0.0,0.0,0.0,0.0,0.0,0.40653149041879194,1.0,0.4240534493191697,0.0,0.0,0.0,0.0,0.0,0.0,0.0,0.0,0.0,0.0,0.0,0.0,0.0,0.0,0.0,0.0,0.0,0.0,0.0,0.0,0.0,0.0,0.0,0.0,0.0,0.0,0.0,0.0,0.0,0.0,0.0,0.0,0.0,0.0,0.0,0.0,0.0,0.0,0.0,0.0,0.0,0.0,0.0,0.0,0.0,0.0,0.0,0.0,0.0,0.0
0.0,0.0,0.0,0.0,0.0,0.0,0.03539381223609462,0.0,0.0,0.0,0.24914315673648327,0.48622274945421984,0.3933483130392758,0.1415438526167647,0.16284696203869975,0.25576549726230496,0.4914723941319024,0.6858862949864459,0.0,0.0,0.0,0.036571579411691355,0.0,0.0,0.0,0.0,0.0,0.0,0.0,0.0,0.0,0.0,0.0,0.0,0.0,0.0,0.4240534493191697,1.0,0.40652779144132983,0.0,0.0,0.0,0.0,0.0,0.0,0.0,0.0,0.0,0.0,0.0,0.0,0.0,0.0,0.0,0.0,0.0,0.0,0.0,0.0,0.0,0.0,0.0,0.0,0.0,0.0,0.0,0.0,0.0,0.0,0.0,0.0,0.0,0.0,0.0,0.0,0.0,0.0,0.0,0.0,0.0,0.0,0.0,0.0,0.0,0.0,0.0,0.0,0.0
0.0,0.0,0.0,0.0,0.0,0.0,0.0,0.0,0.0,0.0,0.16110178901915737,0.2546596207080254,0.03535248858159881,0.0,0.24982333311332544,0.4857162167236076,0.685913842349834,0.49137833531922126,0.03456569005328536,0.0,0.14237811977782003,0.39315507436469316,0.0,0.0,0.0,0.0,0.0,0.0,0.0,0.0,0.0,0.0,0.0,0.0,0.0,0.0,0.0,0.40652779144132983,1.0,0.42562408584347267,0.0,0.0,0.0,0.0,0.0,0.0,0.0,0.0,0.0,0.0,0.0,0.0,0.0,0.0,0.0,0.0,0.0,0.0,0.0,0.0,0.0,0.0,0.0,0.0,0.0,0.0,0.0,0.0,0.0,0.0,0.0,0.0,0.0,0.0,0.0,0.0,0.0,0.0,0.0,0.0,0.0,0.0,0.0,0.0,0.0,0.0,0.0,0.0
0.0,0.0,0.0,0.0,0.0,0.0,0.0,0.0,0.0,0.0,0.03132016251645933,0.0,0.0,0.0,0.24992219502523114,0.48595271668925694,0.3941999493975377,0.14252327810581739,0.16323910254618992,0.2559111748748322,0.492620168333546,0.6858566340888769,0.0,0.0,0.0,0.037858745221850724,0.0,0.0,0.0,0.0,0.0,0.0,0.0,0.0,0.0,0.0,0.0,0.0,0.42562408584347267,1.0,0.40867347056906106,0.0,0.0,0.0,0.0,0.0,0.0,0.0,0.0,0.0,0.0,0.0,0.0,0.0,0.0,0.0,0.018679909405120078,0.0,0.0,0.0,0.0,0.0,0.0,0.0,0.0,0.0,0.0,0.0,0.0,0.0,0.0,0.0,0.0,0.0,0.0,0.0,0.0,0.0,0.0,0.0,0.10816836287216777,0.0,0.0,0.0,0.0,0.0,0.0,0.0
0.0,0.0,0.0,0.0,0.0,0.0,0.0,0.0,0.0,0.0,0.0,0.0,0.0,0.0,0.156431374265455,0.2524128261982255,0.0356414186448059,0.0,0.2482650791652893,0.4848297575971132,0.6859448651917988,0.4919235831183017,0.03585676244575406,0.0,0.13650102574831358,0.3900595494097813,0.0,0.0,0.0,0.0,0.0,0.0,0.0,0.0,0.0,0.0,0.0,0.0,0.0,0.40867347056906106,1.0,0.419165033570362,0.0,0.0,0.0,0.0,0.0,0.0,0.0,0.0,0.0,0.041524310324030714,0.0,0.0,0.0,0.16511357828938922,0.4235085718647934,0.3547182931653038,0.0,0.0,0.0,0.05197906766478795,0.0,0.0,0.0,0.0,0.0,0.0,0.0,0.0,0.0,0.0,0.0,0.0,0.0,0.0,0.0,0.0,0.0,0.28015691423599953,0.41988070253515036,0.0,0.0,0.0,0.0,0.0,0.0,0.0
0.0,0.0,0.0,0.0,0.0,0.0,0.0,0.0,0.0,0.0,0.0,0.0,0.0,0.0,0.025490209192650885,0.0,0.0,0.0,0.2501421028483332,0.4874678238118346,0.3921296595009189,0.14190482654701964,0.16941096411683118,0.25811341579013924,0.49147241170969985,0.6859260722061613,0.0,0.035506577747727565,0.0,0.0,0.0,0.0,0.0,0.0,0.0,0.0,0.0,0.0,0.0,0.0,0.419165033570362,1.0,0.40668989104561165,0.0,0.0,0.0,0.0,0.0,0.0,0.0,0.0,0.20761733144172154,0.11313117530581923,0.0,0.0,0.04846631853639861,0.26734333286471307,0.3838288668601908,0.0,0.0,0.0,0.0,0.0,0.0,0.0,0.0,0.0,0.0,0.0,0.0,0.0,0.0,0.0,0.0,0.0,0.0,0.0,0.0,0.04666294301340509,0.3158201108211004,0.09012069887921004,0.0,0.0,0.0,0.0,0.0,0.0,0.0
0.0,0.0,0.0,0.0,0.0,0.0,0.0,0.0,0.0,0.0,0.0,0.0,0.0,0.0,0.0,0.0,0.0,0.0,0.1586930133930249,0.2529445093256766,0.03312195887055932,0.0,0.25471518248548153,0.48503187386576885,0.6862555745207182,0.4894700468492164,0.0,0.38932905854965133,0.0,0.22327021092590482,0.0,0.0,0.0,0.0,0.0,0.0,0.0,0.0,0.0,0.0,0.0,0.40668989104561165,1.0,0.0,0.0,0.0,0.0,0.0,0.0,0.0,0.0,0.0,0.0,0.0,0.0,0.0,0.0,0.0,0.0,0.0,0.0,0.0,0.0,0.0,0.0,0.0,0.0,0.0,0.0,0.0,0.0,0.0,0.0,0.0,0.0,0.0,0.0,0.0,0.0,0.0,0.0,0.0,0.0,0.0,0.0,0.0,0.0,0.0
0.39806626011720436,0.29010420378715773,0.11968581544027512,0.04260927049782582,0.10786926250174464,0.2719500056193043,0.4245814888141102,0.2706012382924011,0.1687277107758555,0.17509850343053268,0.3753629529920277,0.15083266978306573,0.03746345150297127,0.09334697391914804,0.37589726002253615,0.1242611496860803,0.0,0.0,0.48599499518153405,0.25432797812500013,0.03154991112658522,0.0,0.6868640795435381,0.49269867834642217,0.2561463982047695,0.17052872860910118,0.0,0.39976645293127183,0.0,0.233141770747025,0.16687477914318247,0.0,0.0,0.0,0.0,0.0,0.0,0.0,0.0,0.0,0.0,0.0,0.0,1.0,0.0,0.0,0.0,0.0,0.0,0.0,0.0,0.0,0.0,0.0,0.0,0.0,0.0,0.0,0.0,0.0,0.0,0.0,0.0,0.0,0.0,0.0,0.0,0.0,0.0,0.0,0.0,0.0,0.0,0.0,0.0,0.0,0.0,0.0,0.0,0.0,0.0,0.0,0.0,0.0,0.0,0.0,0.0,0.0
0.0,0.0,0.0,0.0,0.0,0.0,0.0,0.0,0.0,0.0,0.0,0.0,0.0,0.0,0.0,0.0,0.0,0.0,0.0,0.0,0.0,0.0,0.0,0.0,0.0,0.0,0.0,0.0,0.0,0.0,0.0,0.0,0.0,0.0,0.0,0.0,0.0,0.0,0.0,0.0,0.0,0.0,0.0,0.0,1.0,0.7383166033697444,0.546979914870741,0.4724004058318216,0.5435446016081945,0.7350218315500775,0.7298239047231353,0.5455506944087534,0.4771860170549893,0.5420708448240591,0.5221654534804996,0.29886037462207077,0.2148676627309361,0.30489165417803804,0.4078023902218786,0.17143635530825388,0.038308122444169354,0.08381852389040426,0.38386544534499784,0.1616443802105953,0.0,0.0,0.4314516064493848,0.24900196985074158,0.06563668576028883,0.031975685472097407,0.30561274914536996,0.15765121185517172,0.07161697531172219,0.006675709730188795,0.48601929375743036,0.15870523200763553,0.2501477401915136,0.24826696465193943,0.16324616006248008,0.03455821484635766,0.0,0.0,0.0,0.0,0.0,0.0,0.0,0.39806626011720436
0.0,0.0,0.0,0.0,0.0,0.0,0.0,0.0,0.0,0.0,0.0,0.0,0.0,0.0,0.0,0.0,0.0,0.0,0.0,0.0,0.0,0.0,0.0,0.0,0.0,0.0,0.0,0.0,0.0,0.0,0.0,0.0,0.0,0.0,0.0,0.0,0.0,0.0,0.0,0.0,0.0,0.0,0.0,0.0,0.7383166033697444,1.0,0.7425845034496443,0.5485878903791884,0.48344975795200484,0.5500726148138276,0.532817950545717,0.30536285282124626,0.21894190893846538,0.30804470985929766,0.43177584031327926,0.19358790473230594,0.050283257419965775,0.08937214475350999,0.4207785735117775,0.22150201944413428,0.051080402115663615,0.032817814214125135,0.43158542874583183,0.27462562555646575,0.13026136484204726,0.10350220401761803,0.4127271018880079,0.2624308930015035,0.1458280904994584,0.15248281287252094,0.5479709363580441,0.12098223726436215,0.32375384145216557,0.0,0.6868695097213741,0.2547254515881374,0.16941918709144926,0.03585013332489506,0.0,0.0,0.0,0.0,0.0,0.0,0.0,0.0,0.0,0.2901041624567964
0.0,0.0,0.0,0.0,0.0,0.0,0.0,0.0,0.0,0.0,0.0,0.0,0.0,0.0,0.0,0.0,0.0,0.0,0.0,0.0,0.0,0.0,0.0,0.0,0.0,0.0,0.0,0.0,0.0,0.0,0.0,0.0,0.0,0.0,0.0,0.0,0.0,0.0,0.0,0.0,0.0,0.0,0.0,0.0,0.546979914870741,0.7425845034496443,1.0,0.7375074472759992,0.5545992223423589,0.4813115265494459,0.2971065342794785,0.09638809284765615,0.06676583508172326,0.2178858029585101,0.1751039181580698,0.0,0.0,0.0,0.18618709036407602,0.0002490368712383107,0.0,0.0,0.24914982424470608,0.145895979330523,0.0,0.0,0.26243585915723006,0.18639948029448145,0.1035730370099964,0.0857712148782454,0.7344826361957657,0.07702694873221562,0.491208121898129,0.0,0.4926926125583137,0.4850328054383926,0.2581120587999549,0.0,0.0,0.0,0.0,0.0,0.0,0.0,0.0,0.0,0.0,0.11968581544027512
0.0,0.0,0.0,0.0,0.0,0.0,0.0,0.0,0.0,0.0,0.0,0.0,0.0,0.0,0.0,0.0,0.0,0.0,0.0,0.0,0.0,0.0,0.0,0.0,0.0,0.0,0.0,0.0,0.0,0.0,0.0,0.0,0.0,0.0,0.0,0.0,0.0,0.0,0.0,0.0,0.0,0.0,0.0,0.0,0.4724004058318216,0.5485878903791884,0.7375074472759992,1.0,0.7454800093466504,0.5489890582734938,0.2023067014185106,0.05775256010092297,0.10367460497508815,0.30905526137802486,0.019950333205250734,0.0,0.0,0.0,0.0,0.0,0.0,0.0,0.06570221292023452,0.0,0.0,0.0,0.1457348901845251,0.10343728650904896,0.0,0.0,0.5430364430336154,0.06812885344520699,0.31987757895772445,0.0,0.25615375016527697,0.6862552521980888,0.4914728565723048,0.1364666544782678,0.0,0.0,0.0,0.0,0.0,0.0,0.0,0.0,0.0,0.04260927049782565
0.0,0.0,0.0,0.0,0.0,0.0,0.0,0.0,0.0,0.0,0.0,0.0,0.0,0.0,0.0,0.0,0.0,0.0,0.0,0.0,0.0,0.0,0.0,0.0,0.0,0.0,0.0,0.0,0.0,0.0,0.0,0.0,0.0,0.0,0.0,0.0,0.0,0.0,0.0,0.0,0.0,0.0,0.0,0.0,0.5435446016081945,0.48344975795200484,0.5545992223423589,0.7454800093466504,1.0,0.7375436778792345,0.29730988989952023,0.2149374125817392,0.314194928589026,0.5428809277897491,0.06691491530534614,0.0,0.0,0.0,0.0,0.0,0.0,0.0,0.03194539189232827,0.0,0.0,0.0,0.15227437506718583,0.08548902624952123,0.0,0.0,0.312065381014695,0.094085817056477,0.07804989792964179,0.017178190701270246,0.17054362753134633,0.4894697830695744,0.6859251789107388,0.39003136325017024,0.03784063500981421,0.0,0.0,0.0,0.0,0.0,0.0,0.0,0.0,0.10786926250174464
0.0,0.0,0.0,0.0,0.0,0.0,0.0,0.0,0.0,0.0,0.0,0.0,0.0,0.0,0.0,0.0,0.0,0.0,0.0,0.0,0.0,0.0,0.0,0.0,0.0,0.0,0.0,0.0,0.045247304568482534,0.0,0.0,0.0,0.0,0.0,0.0,0.0,0.0,0.0,0.0,0.0,0.0,0.0,0.0,0.0,0.7350218315500775,0.5500726148138276,0.4813115265494459,0.5489890582734938,0.7375436778792345,1.0,0.5375622116310226,0.47659932868097254,0.5524515153321777,0.7354867791440035,0.28586148310605153,0.08634916534199882,0.06058730236055767,0.2150626609288441,0.15348201006574083,0.0,0.0,0.0,0.1615751461782832,0.0,0.0,0.0,0.2743853793347917,0.14560048565677097,0.0,0.0,0.21596247985875608,0.13201692554787856,0.0,0.035748109212079104,0.2543439433703211,0.25294087488224987,0.4874629110933916,0.4848266295906406,0.2559115280598978,0.0,0.0,0.0,0.0,0.0,0.0,0.0,0.0,0.2719500056193043
0.0,0.0,0.0,0.0,0.0,0.0,0.0,0.0,0.0,0.0,0.0,0.0,0.0,0.0,0.0,0.0,0.0,0.0,0.0,0.0,0.0,0.0,0.0,0.0,0.0,0.0,0.0,0.0,0.05924141689948665,0.0,0.0,0.0,0.0,0.0,0.0,0.0,0.0,0.0,0.0,0.0,0.0,0.0,0.0,0.0,0.7298239047231353,0.532817950545717,0.2971065342794785,0.2023067014185106,0.29730988989952023,0.5375622116310226,1.0,0.7368537562674146,0.5418866253780885,0.4701912039533683,0.7308253164563902,0.5451781273600005,0.4764137432200686,0.5430547262539703,0.5198515801400586,0.2935240538932447,0.21184070314341427,0.30480508770235276,0.4077884799364727,0.15350258080211668,0.017364519253443577,0.07142802169696658,0.42067301198630885,0.18607206532386417,0.0,0.0,0.08086094455724958,0.08009727087768986,0.0,0.0,0.37595656060927257,0.0,0.025473684705337913,0.15641809472826365,0.24992186498554986,0.24982055516578053,0.16284510404571667,0.035393693419584246,0.0,0.0,0.0,0.0,0.0,0.4245816005007932
0.0,0.0,0.0,0.0,0.0,0.0,0.0,0.0,0.0,0.0,0.0,0.0,0.0,0.0,0.0,0.0,0.0,0.0,0.0,0.0686596696643196,0.056506687349842016,0.0,0.0,0.0,0.05414332817922058,0.17188124548080652,0.16429750236492774,0.0,0.30003600933073604,0.0,0.0,0.0,0.0,0.0,0.0,0.0,0.0,0.0,0.0,0.0,0.041524310324030714,0.20761733144172154,0.0,0.0,0.5455506944087534,0.30536285282124626,0.09638809284765615,0.05775256010092297,0.2149374125817392,0.47659932868097254,0.7368537562674146,1.0,0.734869738599324,0.5487901000593804,0.5433923199804008,0.479005333755538,0.5523398191159474,0.7361476810796942,0.2935063857667702,0.08718078602100798,0.05938002095192742,0.21597675099262037,0.1713904664411411,0.0,0.0,0.0,0.22136194020718328,8.040467575134271e-05,0.0,0.0,0.0,0.0,0.0,0.0,0.1243103448110346,0.0,0.0,0.2524078657402039,0.48595395208252856,0.48571525566537194,0.2557700487657205,0.0,0.0,0.0,0.0,0.0,0.0,0.2706012382924011
0.0,0.0,0.07963752219121098,0.0,0.0,0.0,0.0,0.0,0.0,0.0,0.0,0.0,0.0,0.0,0.0,0.0,0.0,0.0,0.0,0.020445971826092483,0.0,0.0,0.0,0.0,0.09308165526586959,0.14361420996426116,0.28635781100819185,0.0,0.41357670244167805,0.0,0.0,0.0,0.0,0.0,0.0,0.0,0.0,0.0,0.0,0.0,0.0,0.11313117530581923,0.0,0.0,0.4771860170549893,0.21894190893846538,0.06676583508172326,0.10367460497508815,0.314194928589026,0.5524515153321777,0.5418866253780885,0.734869738599324,1.0,0.7479070988276981,0.29987616633541775,0.2139644339910123,0.3124293818322674,0.5431631319982618,0.07139506475043161,0.0,0.0,0.0,0.0,0.0,0.0,0.0,0.10329283823328543,0.0,0.0,0.0,0.0,0.0,0.0,0.0,0.0,0.0,0.1418733638185058,0.4919249244029498,0.6858568678444157,0.39315716617802765,0.03658113556573869,0.0,0.0,0.0,0.0,0.0,0.0,0.1687277107758555
0.0,0.0,0.0,0.0,0.0,0.0,0.0,0.0,0.0,0.0,0.0,0.0,0.0,0.0,0.0,0.0,0.0,0.0,0.0,0.0,0.0,0.0,0.0,0.0,0.0,0.0,0.1284131108094768,0.0,0.2543950242016388,0.0,0.0,0.0,0.0,0.0,0.0,0.0,0.0,0.0,0.0,0.0,0.0,0.0,0.0,0.0,0.5420708448240591,0.30804470985929766,0.2178858029585101,0.30905526137802486,0.5428809277897491,0.7354867791440035,0.4701912039533683,0.5487901000593804,0.7479070988276981,1.0,0.20243833208475748,0.05572132167796584,0.10311307562356488,0.31146906942692115,0.01732116501392205,0.0,0.0,0.0,0.0,0.0,0.0,0.0,0.12999292612311672,0.0,0.0,0.0,0.0,0.02028766895210242,0.0,0.0,0.0315777757954117,0.03310481886488809,0.3921007463982771,0.6859446192088395,0.49262022949710327,0.14237855650045703,0.0,0.0,0.0,0.0,0.0,0.0,0.0,0.1750985034305326
0.0,0.0,0.0,0.0,0.0,0.0,0.0,0.0,0.0,0.0,0.0,0.0,0.0,0.0,0.0,0.0,0.0,0.0,0.0,0.0,0.0,0.0,0.0,0.0,0.0,0.0,0.0,0.0,0.0,0.0,0.0,0.0,0.0,0.0,0.0,0.0,0.0,0.0,0.0,0.0,0.0,0.0,0.0,0.0,0.5221654534804996,0.43177584031327926,0.1751039181580698,0.019950333205250734,0.06691491530534614,0.28586148310605153,0.7308253164563902,0.5433923199804008,0.29987616633541775,0.20243833208475748,1.0,0.7354308230112262,0.5421403114765462,0.474648690903072,0.7308283491461477,0.5434000138488199,0.4746543272324629,0.5421432828628148,0.5221678369691055,0.2858779323851367,0.20246190408342452,0.2998905126343576,0.43173378171862536,0.17506048183131268,0.01992159077167268,0.06691287094748553,0.012246241644349504,0.012187235656820195,0.0,0.0,0.3754644168163446,0.0,0.0,0.0,0.03130687856539541,0.16109531106737868,0.24914203211609673,0.24914301176635872,0.16110178901915737,0.03132016251645933,0.0,0.0,0.0,0.3753630709652577
