1.0,0.7383171292028815,0.5469827119677394,0.47239662734603693,0.54354036226552,0.7350218079928026,0.7298246041897327,0.5455511226470771,0.47718346914523285,0.5420696455826757,0.5221516272290166,0.29883363976817345,0.21485116554381356,0.3048856144830752,0.4077785720919729,0.1713747063059478,0.03824373094128933,0.08377159178370538,0.383907321509575,0.16166136599502384,0.0,0.0,0.4316655173426174,0.24929362331571694,0.06585275638804922,0.032072214215125495,0.3056215373350331,0.1580666203770109,0.07163071665923094,0.007169394751913994,0.4860123101108269,0.15870361585488013,0.2501453021143536,0.2482683016768691,0.16324695381361715,0.0345601252657642,0.0,0.0,0.0,0.0,0.0,0.0,0.0,0.3983686775721061,0.0,0.0,0.0,0.0,0.0,0.0,0.0,0.0,0.0,0.0,0.0,0.0,0.0,0.0,0.0,0.0,0.0,0.0,0.0,0.0,0.0,0.0,0.0,0.0,0.0,0.0,0.0,0.0,0.0,0.0,0.0,0.0,0.0,0.0,0.0,0.0,0.0,0.0,0.0,0.0,0.0,0.0,0.0,0.0
0.7383171292028815,1.0,0.7425853295412501,0.5485839650719931,0.48344783065362384,0.5500750849245798,0.5328089936695525,0.3053565531008802,0.21893935160009814,0.3080459435699655,0.4317299960509641,0.19352588073794585,0.050241377458908165,0.08935209894367768,0.42069435444613856,0.22136114634934687,0.050948538946376375,0.03271941014084333,0.43159130160025255,0.2745967431396658,0.1301406129959549,0.10334352763887787,0.4129368135586623,0.2627527867550707,0.14607142404953208,0.15256708901176477,0.5479821698154299,0.12143411948514903,0.32377040028767545,0.0,0.6868664945524684,0.25472492091666177,0.16941788053465945,0.03585590094583031,0.0,0.0,0.0,0.0,0.0,0.0,0.0,0.0,0.0,0.2903710336983249,0.0,0.0,0.0,0.0,0.0,0.0,0.0,0.0,0.0,0.0,0.0,0.0,0.0,0.0,0.0,0.0,0.0,0.0,0.0,0.0,0.0,0.0,0.0,0.0,0.0,0.0,0.0,0.0,0.0,0.0,0.0,0.0,0.0,0.0,0.0,0.0,0.0,0.0,0.0,0.0,0.0,0.0,0.0,0.0
0.5469827119677394,0.7425853295412501,1.0,0.7375071259820847,0.5546028283334452,0.4813180220317725,0.29710268619029045,0.09638329643184068,0.0667669494502228,0.21789180424508445,0.1750668543919214,0.0,0.0,0.0,0.18612597597847558,0.0001052649675001602,0.0,0.0,0.24921425830513766,0.14592153021293977,0.0,0.0,0.2627484286868071,0.18690436476770236,0.103989974184171,0.08595798885685685,0.7344819133232745,0.07772720364215732,0.4912090379477675,0.0,0.49269373234476244,0.48503452933930197,0.2581143742732209,0.0,0.0,0.0,0.0,0.0,0.0,0.0,0.0,0.0,0.0,0.12003859556781162,0.0,0.0,0.0,0.0,0.0,0.0,0.0,0.0,0.0,0.0,0.0,0.0,0.0,0.0,0.0,0.0,0.0,0.0,0.0,0.0,0.0,0.0,0.0,0.0,0.0,0.0,0.0,0.0,0.0,0.0,0.0,0.0,0.0,0.0,0.0,0.0,0.0,0.0,0.0,0.0,0.0,0.0,0.0,0.0
0.47239662734603693,0.5485839650719931,0.7375071259820847,1.0,0.7454816576644155,0.5489900946061446,0.20230370008747323,0.05774805781891173,0.10367508164456159,0.3090590753898978,0.019927063529266615,0.0,0.0,0.0,0.0,0.0,0.0,0.0,0.06580959605278676,0.0,0.0,0.0,0.14610848315944144,0.10404546824450038,0.0,0.0,0.5430286953492846,0.06901601273259293,0.3198685223812854,0.0,0.25614996374867705,0.6862573244689854,0.49147348192524243,0.13647905499889626,0.0,0.0,0.0,0.0,0.0,0.0,0.0,0.0,0.0,0.04302949833085529,0.0,0.0,0.0,0.0,0.0,0.0,0.0,0.0,0.0,0.0,0.0,0.0,0.0,0.0,0.0,0.0,0.0,0.0,0.0,0.0,0.0,0.0,0.0,0.0,0.0,0.0,0.0,0.0,0.0,0.0,0.0,0.0,0.0,0.0,0.0,0.0,0.0,0.0,0.0,0.0,0.0,0.0,0.0,0.0
0.54354036226552,0.48344783065362384,0.5546028283334452,0.7454816576644155,1.0,0.7375422843811595,0.2973114944834502,0.21493753128275908,0.31419731499603915,0.5428844900386531,0.06690754865749442,0.0,0.0,0.0,0.0,0.0,0.0,0.0,0.03206527590293569,0.0,0.0,0.0,0.1526444223130361,0.08606209414275688,0.0,0.0,0.3120622221727463,0.09494721421906639,0.07804535109129183,0.018243742491790362,0.17053808143665353,0.4894705616100511,0.6859257543337646,0.3900429520378177,0.03784661930732803,0.0,0.0,0.0,0.0,0.0,0.0,0.0,0.0,0.10830755452266251,0.0,0.0,0.0,0.0,0.0,0.0,0.0,0.0,0.0,0.0,0.0,0.0,0.0,0.0,0.0,0.0,0.0,0.0,0.0,0.0,0.0,0.0,0.0,0.0,0.0,0.0,0.0,0.0,0.0,0.0,0.0,0.0,0.0,0.0,0.0,0.0,0.0,0.0,0.0,0.0,0.0,0.0,0.0,0.0
0.7350218079928026,0.5500750849245798,0.4813180220317725,0.5489900946061446,0.7375422843811595,1.0,0.5375684576119723,0.4766026865802026,0.5524521125477599,0.7354870343637621,0.28586353608940523,0.08632763350702852,0.06057023050313069,0.21505769929337207,0.1534930003028431,0.0,0.0,0.0,0.1616754696139759,0.0,0.0,0.0,0.2746934856767195,0.14603799188435557,0.0,0.0,0.2159668043714188,0.1326604031091746,0.0,0.036530422082124196,0.2543388749258111,0.25294181036090924,0.48746254314642895,0.4848300728674154,0.25591481903800056,0.0,0.0,0.0,0.0,0.0,0.0,0.0,0.0,0.2723504055449274,0.0,0.0,0.0,0.0,0.0,0.0,0.0,0.0,0.0,0.0,0.0,0.0,0.0,0.0,0.0,0.0,0.0,0.0,0.0,0.0,0.0,0.0,0.0,0.0,0.0,0.0,0.0,0.0,0.0,0.0,0.0,0.0,0.0,0.0,0.0,0.0,0.0,0.0,0.0,0.0,0.0,0.0,0.0,0.0
0.7298246041897327,0.5328089936695525,0.29710268619029045,0.20230370008747323,0.2973114944834502,0.5375684576119723,1.0,0.7368532463739482,0.5418850434078853,0.47019663952437796,0.7308212728799867,0.54516994551783,0.4764096166242682,0.543051339537593,0.5198450365778389,0.2935033632277208,0.21181807553277476,0.3047901487076364,0.4078022467365299,0.15350758742132956,0.017345380359269563,0.07140190445188292,0.42076683666086107,0.1861969275604798,0.0,0.0,0.08086240351223932,0.08028093189100476,0.0,0.0,0.3759314877956269,0.0,0.02547981699813213,0.1564248662539332,0.24992236467276155,0.24982253395932247,0.1628383529248748,0.035379944410316194,0.0,0.0,0.0,0.0,0.0,0.4247418742277939,0.0,0.0,0.0,0.0,0.0,0.0,0.0,0.0,0.0,0.0,0.0,0.0,0.0,0.0,0.0,0.0,0.0,0.0,0.0,0.0,0.0,0.0,0.0,0.0,0.0,0.0,0.0,0.0,0.0,0.0,0.0,0.0,0.0,0.0,0.0,0.0,0.0,0.0,0.0,0.0,0.0,0.0,0.0,0.0
0.5455511226470771,0.3053565531008802,0.09638329643184068,0.05774805781891173,0.21493753128275908,0.4766026865802026,0.7368532463739482,1.0,0.7348698219281384,0.5487945876204534,0.543394806636992,0.47900339863592034,0.5523398312039107,0.7361469525141726,0.29351628742049307,0.08717947594535821,0.059370013790027626,0.2159712554415742,0.1714149779492522,0.0,0.0,0.0,0.22145023004418599,0.00020058638886585363,0.0,0.0,0.0,0.0,0.0,0.0,0.12428749998591049,0.0,0.0,0.2524107403702062,0.48595466860475395,0.4857200678649886,0.2557667682779771,0.0,0.0,0.0,0.0,0.0,0.0,0.2707419102869002,0.0,0.0,0.0,0.0,0.0,0.0,0.0,0.0,0.0,0.0,0.0,0.0,0.0,0.0,0.0,0.0,0.0,0.0,0.0,0.0,0.0,0.0,0.0,0.0,0.0,0.0,0.0,0.0,0.0,0.0,0.0,0.0,0.0,0.0,0.0,0.0,0.0,0.0,0.0,0.0,0.0,0.0,0.0,0.0
0.47718346914523285,0.21893935160009814,0.0667669494502228,0.10367508164456159,0.31419731499603915,0.5524521125477599,0.5418850434078853,0.7348698219281384,1.0,0.7479087784788925,0.29988154302091297,0.21396107907571218,0.3124281875490944,0.5431651406592883,0.07141475028041912,0.0,0.0,0.0,0.0,0.0,0.0,0.0,0.10345060325221722,0.0,0.0,0.0,0.0,0.0,0.0,0.0,0.0,0.0,0.14188079785654872,0.49192468529293565,0.685860205862555,0.39316746995533086,0.036575352746742354,0.0,0.0,0.0,0.0,0.0,0.0,0.16894776925626834,0.0,0.0,0.0,0.0,0.0,0.0,0.0,0.0,0.0,0.0,0.0,0.0,0.0,0.0,0.0,0.0,0.0,0.0,0.0,0.0,0.0,0.0,0.0,0.0,0.0,0.0,0.0,0.0,0.0,0.0,0.0,0.0,0.0,0.0,0.0,0.0,0.0,0.0,0.0,0.0,0.0,0.0,0.0,0.0
0.5420696455826757,0.3080459435699655,0.21789180424508445,0.3090590753898978,0.5428844900386531,0.7354870343637621,0.47019663952437796,0.5487945876204534,0.7479087784788925,1.0,0.2024495131456881,0.055713859448332945,0.10310645536795138,0.31146974076441286,0.017349990251560834,0.0,0.0,0.0,0.0,0.0,0.0,0.0,0.13025368035311582,0.0,0.0,0.0,0.0,0.02084069225680981,0.0,0.0,0.031568351307681056,0.03310840913345629,0.3921076682096104,0.6859449942143752,0.49262386274714415,0.1423863581911148,0.0,0.0,0.0,0.0,0.0,0.0,0.0,0.17544058988971217,0.0,0.0,0.0,0.0,0.0,0.0,0.0,0.0,0.0,0.0,0.0,0.0,0.0,0.0,0.0,0.0,0.0,0.0,0.0,0.0,0.0,0.0,0.0,0.0,0.0,0.0,0.0,0.0,0.0,0.0,0.0,0.0,0.0,0.0,0.0,0.0,0.0,0.0,0.0,0.0,0.0,0.0,0.0,0.0
0.5221516272290166,0.4317299960509641,0.1750668543919214,0.019927063529266615,0.06690754865749442,0.28586353608940523,0.7308212728799867,0.543394806636992,0.29988154302091297,0.2024495131456881,1.0,0.7354279624618562,0.5421377368014673,0.47464757235554034,0.7308271929703812,0.5433957883185107,0.4746477659516276,0.5421376249021473,0.5221650610910578,0.2858739981028821,0.20245234383095714,0.29988240822752243,0.43175852316229424,0.17509236961315536,0.019948870464098992,0.06692258175046258,0.012211666931405159,0.012237977054117246,0.0,0.0,0.3753862611781818,0.0,0.0,0.0,0.03131655568520755,0.16109794573578565,0.24913793380926194,0.24913770903582083,0.16109676116013943,0.03131372613978029,0.0,0.0,0.0,0.37542545677958,0.0,0.0,0.0,0.0,0.0,0.0,0.0,0.0,0.0,0.0,0.0,0.0,0.0,0.0,0.0,0.0,0.0,0.0,0.0,0.0,0.0,0.0,0.0,0.0,0.0,0.0,0.0,0.0,0.0,0.0,0.0,0.0,0.0,0.0,0.0,0.0,0.0,0.0,0.0,0.0,0.0,0.0,0.0,0.0
0.29883363976817345,0.19352588073794585,0.0,0.0,0.0,0.08632763350702852,0.54516994551783,0.47900339863592034,0.21396107907571218,0.055713859448332945,0.7354279624618562,1.0,0.7361598409755248,0.5512980662455997,0.54517713942445,0.4790062720087958,0.5512982716225976,0.7361616823086502,0.2988476346099387,0.08633868635312236,0.0557168841845893,0.21396171984384227,0.19355075576942754,0.0,0.0,0.0,0.0,0.0,0.0,0.0,0.15082131989951064,0.0,0.0,0.0,0.0,0.2546607238667208,0.48622204716707446,0.48622160194914243,0.25466099470898224,0.0,0.0,0.0,0.0,0.15085336140026084,0.0,0.0,0.0,0.0,0.0,0.0,0.0,0.0,0.0,0.0,0.0,0.0,0.0,0.0,0.0,0.0,0.0,0.0,0.0,0.0,0.0,0.0,0.0,0.0,0.0,0.0,0.0,0.0,0.0,0.0,0.0,0.0,0.0,0.0,0.0,0.0,0.0,0.0,0.0,0.0,0.0,0.0,0.0,0.0
0.21485116554381356,0.050241377458908165,0.0,0.0,0.0,0.06057023050313069,0.4764096166242682,0.5523398312039107,0.3124281875490944,0.10310645536795138,0.5421377368014673,0.7361598409755248,1.0,0.7473502283762978,0.3048018378131135,0.21597559088604365,0.311964874925575,0.5435067016369495,0.08379768781010741,0.0,0.0,0.0,0.03276533187681092,0.0,0.0,0.0,0.0,0.0,0.0,0.0,0.0,0.0,0.0,0.0,0.14253941378254728,0.49138088269297014,0.6858843579918972,0.3933478180342641,0.03535378693720242,0.0,0.0,0.0,0.0,0.03748587135514933,0.0,0.0,0.0,0.0,0.0,0.0,0.0,0.0,0.0,0.0,0.0,0.0,0.0,0.0,0.0,0.0,0.0,0.0,0.0,0.0,0.0,0.0,0.0,0.0,0.0,0.0,0.0,0.0,0.0,0.0,0.0,0.0,0.0,0.0,0.0,0.0,0.0,0.0,0.0,0.0,0.0,0.0,0.0,0.0
0.3048856144830752,0.08935209894367768,0.0,0.0,0.0,0.21505769929337207,0.543051339537593,0.7361469525141726,0.5431651406592883,0.31146974076441286,0.47464757235554034,0.5512980662455997,0.7473502283762978,1.0,0.21183420025157626,0.059377538938553666,0.10276945531140799,0.3119672520956683,0.038281668213216866,0.0,0.0,0.0,0.05101865159194439,0.0,0.0,0.0,0.0,0.0,0.0,0.0,0.0,0.0,0.0,0.03564603848959328,0.39421421004792195,0.6859160023174253,0.4914719462982565,0.1415438990246016,0.0,0.0,0.0,0.0,0.0,0.09340620647353184,0.0,0.0,0.0,0.0,0.0,0.0,0.0,0.0,0.0,0.0,0.0,0.0,0.0,0.0,0.0,0.0,0.0,0.0,0.0,0.0,0.0,0.0,0.0,0.0,0.0,0.0,0.0,0.0,0.0,0.0,0.0,0.0,0.0,0.0,0.0,0.0,0.0,0.0,0.0,0.0,0.0,0.0,0.0,0.0
0.4077785720919729,0.42069435444613856,0.18612597597847558,0.0,0.0,0.1534930003028431,0.5198450365778389,0.29351628742049307,0.07141475028041912,0.017349990251560834,0.7308271929703812,0.54517713942445,0.3048018378131135,0.21183420025157626,1.0,0.7368531540586604,0.5430539774250299,0.47641233026205476,0.7298279299407706,0.5375704102780495,0.4701950032291497,0.5418846782352759,0.5328178172951524,0.2971093156931466,0.2023102469240868,0.2973152944201576,0.08019315471249237,0.08086770291861675,0.0,0.0,0.4246272441432287,0.0,0.0,0.0,0.0,0.0,0.03539295286698196,0.16284411687369288,0.24982201405145293,0.2499196754847687,0.15642423888787954,0.025481824600234796,0.0,0.37594274752406365,0.0,0.0,0.0,0.0,0.0,0.0,0.0,0.0,0.0,0.0,0.0,0.0,0.0,0.0,0.0,0.0,0.0,0.0,0.0,0.0,0.0,0.0,0.0,0.0,0.0,0.0,0.0,0.0,0.0,0.0,0.0,0.0,0.0,0.0,0.0,0.0,0.0,0.0,0.0,0.0,0.0,0.0,0.0,0.0
0.1713747063059478,0.22136114634934687,0.0001052649675001602,0.0,0.0,0.0,0.2935033632277208,0.08717947594535821,0.0,0.0,0.5433957883185107,0.4790062720087958,0.21597559088604365,0.059377538938553666,0.7368531540586604,1.0,0.7361487836022972,0.5523388891909848,0.5455526977578992,0.476601592174961,0.5487908540089259,0.734867469865617,0.3053587665517679,0.0963829401701922,0.057748379721756525,0.2149363860920341,0.0,0.0,0.0,0.0,0.27061431588131085,0.0,0.0,0.0,0.0,0.0,0.0,0.25577038085897696,0.48571827246127325,0.4859515186499451,0.2524076183160766,0.0,0.0,0.12429091287953993,0.0,0.0,0.0,0.0,0.0,0.0,0.0,0.0,0.0,0.0,0.0,0.0,0.0,0.0,0.0,0.0,0.0,0.0,0.0,0.0,0.0,0.0,0.0,0.0,0.0,0.0,0.0,0.0,0.0,0.0,0.0,0.0,0.0,0.0,0.0,0.0,0.0,0.0,0.0,0.0,0.0,0.0,0.0,0.0
0.03824373094128933,0.050948538946376375,0.0,0.0,0.0,0.0,0.21181807553277476,0.059370013790027626,0.0,0.0,0.4746477659516276,0.5512982716225976,0.311964874925575,0.10276945531140799,0.5430539774250299,0.7361487836022972,1.0,0.7473463822070185,0.304889762628229,0.21505817725904405,0.31146628077816496,0.5431617228738761,0.08935718988376544,0.0,0.0,0.0,0.0,0.0,0.0,0.0,0.09331585186829951,0.0,0.0,0.0,0.0,0.0,0.14154673271343235,0.4914725713464519,0.6859149881146902,0.3942097033355888,0.035642119404886645,0.0,0.0,0.0,0.0,0.0,0.0,0.0,0.0,0.0,0.0,0.0,0.0,0.0,0.0,0.0,0.0,0.0,0.0,0.0,0.0,0.0,0.0,0.0,0.0,0.0,0.0,0.0,0.0,0.0,0.0,0.0,0.0,0.0,0.0,0.0,0.0,0.0,0.0,0.0,0.0,0.0,0.0,0.0,0.0,0.0,0.0,0.0
0.08377159178370538,0.03271941014084333,0.0,0.0,0.0,0.0,0.3047901487076364,0.2159712554415742,0.0,0.0,0.5421376249021473,0.7361616823086502,0.5435067016369495,0.3119672520956683,0.47641233026205476,0.5523388891909848,0.7473463822070185,1.0,0.21485743119141135,0.060572516048052735,0.10310225083446885,0.3124226991245394,0.050252780024224314,0.0,0.0,0.0,0.0,0.0,0.0,0.0,0.03742838864821666,0.0,0.0,0.0,0.0,0.035356521352684446,0.3933535197836086,0.6858869130512625,0.4913788660612427,0.14253162231708663,0.0,0.0,0.0,0.0,0.0,0.0,0.0,0.0,0.0,0.0,0.0,0.0,0.0,0.0,0.0,0.0,0.0,0.0,0.0,0.0,0.0,0.0,0.0,0.0,0.0,0.0,0.0,0.0,0.0,0.0,0.0,0.0,0.0,0.0,0.0,0.0,0.0,0.0,0.0,0.0,0.0,0.0,0.0,0.0,0.0,0.0,0.0,0.0
0.383907321509575,0.43159130160025255,0.24921425830513766,0.06580959605278676,0.03206527590293569,0.1616754696139759,0.4078022467365299,0.1714149779492522,0.0,0.0,0.5221650610910578,0.2988476346099387,0.08379768781010741,0.038281668213216866,0.7298279299407706,0.5455526977578992,0.304889762628229,0.21485743119141135,1.0,0.7350233558272915,0.542069087881558,0.4771851560466264,0.7383183526283801,0.5469841394642858,0.4724000129047369,0.543542945392456,0.1579501144226124,0.30562141980664165,0.007019115729236195,0.07163199452031802,0.398236170950129,0.0,0.0,0.0,0.0,0.0,0.0,0.0,0.034559591904898115,0.16324533823249313,0.24826853869867632,0.250147349858106,0.15870501364873288,0.486011801922851,0.0,0.0,0.0,0.0,0.0,0.0,0.0,0.0,0.0,0.0,0.0,0.0,0.0,0.0,0.0,0.0,0.0,0.0,0.0,0.0,0.0,0.0,0.0,0.0,0.0,0.0,0.0,0.0,0.0,0.0,0.0,0.0,0.0,0.0,0.0,0.0,0.0,0.0,0.0,0.0,0.0,0.0,0.0,0.0
0.16166136599502384,0.2745967431396658,0.14592153021293977,0.0,0.0,0.0,0.15350758742132956,0.0,0.0,0.0,0.2858739981028821,0.08633868635312236,0.0,0.0,0.5375704102780495,0.476601592174961,0.21505817725904405,0.060572516048052735,0.7350233558272915,1.0,0.735484919743453,0.5524517009078218,0.5500734747544739,0.48131681820169026,0.5489904197144343,0.737542694218482,0.13248274912419636,0.21596537467498347,0.03629777625441296,0.0,0.27219199643104447,0.0,0.0,0.0,0.0,0.0,0.0,0.0,0.0,0.25591018542991917,0.484828208219972,0.48746237730865694,0.25294050632894716,0.25433524185025325,0.0,0.0,0.0,0.0,0.0,0.0,0.0,0.0,0.0,0.0,0.0,0.0,0.0,0.0,0.0,0.0,0.0,0.0,0.0,0.0,0.0,0.0,0.0,0.0,0.0,0.0,0.0,0.0,0.0,0.0,0.0,0.0,0.0,0.0,0.0,0.0,0.0,0.0,0.0,0.0,0.0,0.0,0.0,0.0
0.0,0.1301406129959549,0.0,0.0,0.0,0.0,0.017345380359269563,0.0,0.0,0.0,0.20245234383095714,0.0557168841845893,0.0,0.0,0.4701950032291497,0.5487908540089259,0.31146628077816496,0.10310225083446885,0.542069087881558,0.735484919743453,1.0,0.7479080508198911,0.30804185752993407,0.2178869596579974,0.3090558321524988,0.5428819051873532,0.02064439455663505,0.0,0.0,0.0,0.17527318430515876,0.0,0.0,0.0,0.0,0.0,0.0,0.0,0.14237690849379092,0.4926197400489247,0.6859460718809138,0.3921045715159141,0.0331035654558924,0.03156260073089034,0.0,0.0,0.0,0.0,0.0,0.0,0.0,0.0,0.0,0.0,0.0,0.0,0.0,0.0,0.0,0.0,0.0,0.0,0.0,0.0,0.0,0.0,0.0,0.0,0.0,0.0,0.0,0.0,0.0,0.0,0.0,0.0,0.0,0.0,0.0,0.0,0.0,0.0,0.0,0.0,0.0,0.0,0.0,0.0
0.0,0.10334352763887787,0.0,0.0,0.0,0.0,0.07140190445188292,0.0,0.0,0.0,0.29988240822752243,0.21396171984384227,0.0,0.0,0.5418846782352759,0.734867469865617,0.5431617228738761,0.3124226991245394,0.4771851560466264,0.5524517009078218,0.7479080508198911,1.0,0.21893825424354435,0.06676378414973638,0.1036732784485059,0.3141955761053017,0.0,0.0,0.0,0.0,0.16879535636802975,0.0,0.0,0.0,0.0,0.0,0.0,0.036574456485237015,0.39315856004760413,0.6858568574320921,0.49192398220900185,0.1418773411181827,0.0,0.0,0.0,0.0,0.0,0.0,0.0,0.0,0.0,0.0,0.0,0.0,0.0,0.0,0.0,0.0,0.0,0.0,0.0,0.0,0.0,0.0,0.0,0.0,0.0,0.0,0.0,0.0,0.0,0.0,0.0,0.0,0.0,0.0,0.0,0.0,0.0,0.0,0.0,0.0,0.0,0.0,0.0,0.0,0.0,0.0
0.4316655173426174,0.4129368135586623,0.2627484286868071,0.14610848315944144,0.1526444223130361,0.2746934856767195,0.42076683666086107,0.22145023004418599,0.10345060325221722,0.13025368035311582,0.43175852316229424,0.19355075576942754,0.03276533187681092,0.05101865159194439,0.5328178172951524,0.3053587665517679,0.08935718988376544,0.050252780024224314,0.7383183526283801,0.5500734747544739,0.30804185752993407,0.21893825424354435,1.0,0.7425831127534326,0.5485831330382392,0.48344589221291856,0.12138505906054405,0.5479787141395672,0.0,0.32376915344860574,0.2903136868661532,0.0,0.0,0.0,0.0,0.0,0.0,0.0,0.0,0.0,0.035851520229845946,0.16941605031236737,0.2547222165857753,0.6868637378461844,0.0,0.0,0.0,0.0,0.0,0.0,0.0,0.0,0.0,0.0,0.0,0.0,0.0,0.0,0.0,0.0,0.0,0.0,0.0,0.0,0.0,0.0,0.0,0.0,0.0,0.0,0.0,0.0,0.0,0.0,0.0,0.0,0.0,0.0,0.0,0.0,0.0,0.0,0.0,0.0,0.0,0.0,0.0,0.0
0.24929362331571694,0.2627527867550707,0.18690436476770236,0.10404546824450038,0.08606209414275688,0.14603799188435557,0.1861969275604798,0.00020058638886585363,0.0,0.0,0.17509236961315536,0.0,0.0,0.0,0.2971093156931466,0.0963829401701922,0.0,0.0,0.5469841394642858,0.48131681820169026,0.2178869596579974,0.06676378414973638,0.7425831127534326,1.0,0.7375080810090945,0.5546018799101243,0.0776671520604923,0.7344819275093769,0.0,0.4912101642439345,0.11998149654344252,0.0,0.0,0.0,0.0,0.0,0.0,0.0,0.0,0.0,0.0,0.25811407798862557,0.48503418651785396,0.49268661914938133,0.0,0.0,0.0,0.0,0.0,0.0,0.0,0.0,0.0,0.0,0.0,0.0,0.0,0.0,0.0,0.0,0.0,0.0,0.0,0.0,0.0,0.0,0.0,0.0,0.0,0.0,0.0,0.0,0.13436674034775323,0.0,0.0,0.0,0.0,0.0,0.0,0.0,0.0,0.0,0.0,0.0,0.0,0.0,0.0,0.0
0.06585275638804922,0.14607142404953208,0.103989974184171,0.0,0.0,0.0,0.0,0.0,0.0,0.0,0.019948870464098992,0.0,0.0,0.0,0.2023102469240868,0.057748379721756525,0.0,0.0,0.4724000129047369,0.5489904197144343,0.3090558321524988,0.1036732784485059,0.5485831330382392,0.7375080810090945,1.0,0.7454810812774645,0.06888640333650356,0.5430308360641042,0.0,0.3198705241336004,0.042934220993635475,0.0,0.0,0.0,0.0,0.0,0.0,0.0,0.0,0.0,0.13647387671641018,0.4914733380913935,0.6862553365266514,0.25614480591982514,0.0,0.0,0.0,0.0,0.0,0.0,0.0,0.0,0.0,0.0,0.0,0.0,0.0,0.0,0.0,0.0,0.0,0.0,0.0,0.0,0.0,0.0,0.0,0.0,0.0,0.0,0.2150716176661222,0.0,0.33415267304737667,0.0,0.0,0.0,0.0,0.0,0.0,0.0,0.0,0.0,0.0,0.0,0.0,0.0,0.0,0.0
0.032072214215125495,0.15256708901176477,0.08595798885685685,0.0,0.0,0.0,0.0,0.0,0.0,0.0,0.06692258175046258,0.0,0.0,0.0,0.2973152944201576,0.2149363860920341,0.0,0.0,0.543542945392456,0.737542694218482,0.5428819051873532,0.3141955761053017,0.48344589221291856,0.5546018799101243,0.7454810812774645,1.0,0.09476486863698984,0.3120621647760511,0.017985474289035568,0.07804526229736507,0.10817270511728805,0.0,0.0,0.0,0.0,0.0,0.0,0.0,0.0,0.03783971659194077,0.3900386606518697,0.6859259145373784,0.48946886314811894,0.17053279088944392,0.0,0.0,0.0,0.02181935995117771,0.0,0.0,0.0,0.0,0.0,0.0,0.0,0.0,0.0,0.0,0.0,0.0,0.0,0.0,0.0,0.0,0.0,0.0,0.0,0.0,0.0,0.0,0.14971645450371374,0.0,0.21367793352383577,0.0,0.0,0.07804920172578557,0.0,0.0,0.0,0.0,0.0,0.0,0.0,0.0,0.0,0.0,0.0,0.0
0.3056215373350331,0.5479821698154299,0.7344819133232745,0.5430286953492846,0.3120622221727463,0.2159668043714188,0.08086240351223932,0.0,0.0,0.0,0.012211666931405159,0.0,0.0,0.0,0.08019315471249237,0.0,0.0,0.0,0.1579501144226124,0.13248274912419636,0.02064439455663505,0.0,0.12138505906054405,0.0776671520604923,0.06888640333650356,0.09476486863698984,1.0,0.0,0.756725540958928,0.0,0.39976196558290344,0.3893154356309484,0.035499514882087406,0.0,0.0,0.0,0.0,0.0,0.0,0.0,0.0,0.0,0.0,0.0,0.0,0.0,0.0,0.0,0.0,0.0,0.0,0.0,0.0,0.0,0.0,0.0,0.0,0.0,0.0,0.0,0.0,0.0,0.0,0.0,0.0,0.0,0.0,0.0,0.0,0.0,0.0,0.0,0.0,0.0,0.0,0.0,0.0,0.0,0.0,0.0,0.0,0.0,0.0,0.0,0.0,0.0,0.0,0.0
0.1580666203770109,0.12143411948514903,0.07772720364215732,0.06901601273259293,0.09494721421906639,0.1326604031091746,0.08028093189100476,0.0,0.0,0.02084069225680981,0.012237977054117246,0.0,0.0,0.0,0.08086770291861675,0.0,0.0,0.0,0.30562141980664165,0.21596537467498347,0.0,0.0,0.5479787141395672,0.7344819275093769,0.5430308360641042,0.3120621647760511,0.0,1.0,0.0,0.7567266323103453,0.0,0.0,0.0,0.0,0.0,0.0,0.0,0.0,0.0,0.0,0.0,0.035500698462983246,0.38931841201276074,0.3997516283300685,0.0,0.0,0.0,0.0,0.0,0.0,0.0,0.0,0.0,0.0,0.0,0.0,0.0,0.0,0.0,0.0,0.0,0.0,0.0,0.0,0.0,0.0,0.0,0.0,0.0,0.0,0.0,0.0,0.11265015700227725,0.0,0.0,0.0,0.0,0.0,0.0,0.0,0.0,0.0,0.0,0.0,0.0,0.0,0.0,0.0
0.07163071665923094,0.32377040028767545,0.4912090379477675,0.3198685223812854,0.07804535109129183,0.0,0.0,0.0,0.0,0.0,0.0,0.0,0.0,0.0,0.0,0.0,0.0,0.0,0.007019115729236195,0.03629777625441296,0.0,0.0,0.0,0.0,0.0,0.017985474289035568,0.756725540958928,0.0,1.0,0.0,0.23314190992348402,0.22324700989472637,0.0,0.0,0.0,0.0,0.0,0.0,0.0,0.0,0.0,0.0,0.0,0.0,0.0,0.0,0.0,0.0,0.0,0.0,0.0,0.0,0.0,0.0,0.0,0.0,0.0,0.0,0.0,0.0,0.0,0.0,0.0,0.0,0.0,0.0,0.0,0.0,0.0,0.0,0.0,0.0,0.0,0.0,0.0,0.0,0.0,0.0,0.0,0.0,0.0,0.0,0.0,0.0,0.0,0.0,0.0,0.0
0.007169394751913994,0.0,0.0,0.0,0.018243742491790362,0.036530422082124196,0.0,0.0,0.0,0.0,0.0,0.0,0.0,0.0,0.0,0.0,0.0,0.0,0.07163199452031802,0.0,0.0,0.0,0.32376915344860574,0.4912101642439345,0.3198705241336004,0.07804526229736507,0.0,0.7567266323103453,0.0,1.0,0.0,0.0,0.0,0.0,0.0,0.0,0.0,0.0,0.0,0.0,0.0,0.0,0.2232500468191468,0.233133899931471,0.0,0.0,0.0,0.0,0.0,0.0,0.0,0.0,0.0,0.0,0.0,0.0,0.0,0.0,0.0,0.0,0.0,0.0,0.0,0.0,0.0,0.0,0.0,0.0,0.0,0.0,0.0,0.0,0.011995897370148544,0.0,0.0,0.0,0.0,0.0,0.0,0.0,0.0,0.0,0.0,0.0,0.0,0.0,0.0,0.0
0.4860123101108269,0.6868664945524684,0.49269373234476244,0.25614996374867705,0.17053808143665353,0.2543388749258111,0.3759314877956269,0.12428749998591049,0.0,0.031568351307681056,0.3753862611781818,0.15082131989951064,0.0,0.0,0.4246272441432287,0.27061431588131085,0.09331585186829951,0.03742838864821666,0.398236170950129,0.27219199643104447,0.17527318430515876,0.16879535636802975,0.2903136868661532,0.11998149654344252,0.042934220993635475,0.10817270511728805,0.39976196558290344,0.0,0.23314190992348402,0.0,1.0,0.0,0.0,0.0,0.0,0.0,0.0,0.0,0.0,0.0,0.0,0.0,0.0,0.1670726014427709,0.0,0.0,0.0,0.0,0.0,0.0,0.0,0.0,0.0,0.0,0.0,0.0,0.0,0.0,0.0,0.0,0.0,0.0,0.0,0.0,0.0,0.0,0.0,0.0,0.0,0.0,0.0,0.0,0.0,0.0,0.0,0.0,0.0,0.0,0.0,0.0,0.0,0.0,0.0,0.0,0.0,0.0,0.0,0.0
0.15870361585488013,0.25472492091666177,0.48503452933930197,0.6862573244689854,0.4894705616100511,0.25294181036090924,0.0,0.0,0.0,0.03310840913345629,0.0,0.0,0.0,0.0,0.0,0.0,0.0,0.0,0.0,0.0,0.0,0.0,0.0,0.0,0.0,0.0,0.3893154356309484,0.0,0.22324700989472637,0.0,0.0,1.0,0.40669951332679266,0.0,0.0,0.0,0.0,0.0,0.0,0.0,0.0,0.0,0.0,0.0,0.0,0.0,0.0,0.0,0.0,0.0,0.0,0.0,0.0,0.0,0.0,0.0,0.0,0.0,0.0,0.0,0.0,0.0,0.0,0.0,0.0,0.0,0.0,0.0,0.0,0.0,0.0,0.0,0.0,0.0,0.0,0.0,0.0,0.0,0.0,0.0,0.0,0.0,0.0,0.0,0.0,0.0,0.0,0.0
0.2501453021143536,0.16941788053465945,0.2581143742732209,0.49147348192524243,0.6859257543337646,0.48746254314642895,0.02547981699813213,0.0,0.14188079785654872,0.3921076682096104,0.0,0.0,0.0,0.0,0.0,0.0,0.0,0.0,0.0,0.0,0.0,0.0,0.0,0.0,0.0,0.0,0.035499514882087406,0.0,0.0,0.0,0.0,0.40669951332679266,1.0,0.4191246523026069,0.0,0.0,0.0,0.0,0.0,0.0,0.0,0.0,0.0,0.0,0.0,0.0,0.0,0.0,0.0,0.0,0.0,0.0,0.0,0.0,0.0,0.0,0.0,0.0,0.0,0.0,0.0,0.0,0.0,0.0,0.0,0.0,0.0,0.0,0.0,0.0,0.0,0.0,0.0,0.0,0.0,0.0,0.0,0.0,0.0,0.0,0.0,0.0,0.0,0.0,0.0,0.0,0.0,0.0
0.2482683016768691,0.03585590094583031,0.0,0.13647905499889626,0.3900429520378177,0.4848300728674154,0.1564248662539332,0.2524107403702062,0.49192468529293565,0.6859449942143752,0.0,0.0,0.0,0.03564603848959328,0.0,0.0,0.0,0.0,0.0,0.0,0.0,0.0,0.0,0.0,0.0,0.0,0.0,0.0,0.0,0.0,0.0,0.0,0.4191246523026069,1.0,0.4086787722256976,0.0,0.0,0.0,0.0,0.0,0.0,0.0,0.0,0.0,0.0,0.0,0.0,0.0,0.0,0.0,0.0,0.0,0.0,0.0,0.0,0.0,0.0,0.0,0.0,0.0,0.0,0.0,0.0,0.0,0.0,0.0,0.0,0.0,0.0,0.0,0.0,0.0,0.0,0.0,0.0,0.0,0.0,0.0,0.0,0.0,0.0,0.0,0.0,0.0,0.0,0.0,0.0,0.0
0.16324695381361715,0.0,0.0,0.0,0.03784661930732803,0.25591481903800056,0.24992236467276155,0.48595466860475395,0.685860205862555,0.49262386274714415,0.03131655568520755,0.0,0.14253941378254728,0.39421421004792195,0.0,0.0,0.0,0.0,0.0,0.0,0.0,0.0,0.0,0.0,0.0,0.0,0.0,0.0,0.0,0.0,0.0,0.0,0.0,0.4086787722256976,1.0,0.4256519456942219,0.0,0.0,0.0,0.0,0.0,0.0,0.0,0.0,0.0,0.0,0.0,0.0,0.0,0.0,0.0,0.0,0.0,0.0,0.0,0.0,0.0,0.0,0.0,0.0,0.0,0.0,0.0,0.0,0.0,0.0,0.0,0.0,0.0,0.0,0.0,0.0,0.0,0.0,0.0,0.0,0.0,0.0,0.0,0.0,0.0,0.0,0.0,0.0,0.0,0.0,0.0,0.0
0.0345601252657642,0.0,0.0,0.0,0.0,0.0,0.24982253395932247,0.4857200678649886,0.39316746995533086,0.1423863581911148,0.16109794573578565,0.2546607238667208,0.49138088269297014,0.6859160023174253,0.0,0.0,0.0,0.035356521352684446,0.0,0.0,0.0,0.0,0.0,0.0,0.0,0.0,0.0,0.0,0.0,0.0,0.0,0.0,0.0,0.0,0.4256519456942219,1.0,0.4065259754191321,0.0,0.0,0.0,0.0,0.0,0.0,0.0,0.0,0.0,0.0,0.0,0.0,0.0,0.0,0.0,0.0,0.0,0.0,0.0,0.0,0.0,0.0,0.0,0.0,0.0,0.0,0.0,0.0,0.0,0.0,0.0,0.0,0.0,0.0,0.0,0.0,0.0,0.0,0.0,0.0,0.0,0.0,0.0,0.0,0.0,0.0,0.0,0.0,0.0,0.0,0.0
0.0,0.0,0.0,0.0,0.0,0.0,0.1628383529248748,0.2557667682779771,0.036575352746742354,0.0,0.24913793380926194,0.48622204716707446,0.6858843579918972,0.4914719462982565,0.03539295286698196,0.0,0.14154673271343235,0.3933535197836086,0.0,0.0,0.0,0.0,0.0,0.0,0.0,0.0,0.0,0.0,0.0,0.0,0.0,0.0,0.0,0.0,0.0,0.4065259754191321,1.0,0.4240579755613691,0.0,0.0,0.0,0.0,0.0,0.0,0.0,0.0,0.0,0.0,0.0,0.0,0.0,0.0,0.0,0.0,0.0,0.0,0.0,0.0,0.0,0.0,0.0,0.0,0.0,0.0,0.0,0.0,0.0,0.0,0.0,0.0,0.0,0.0,0.0,0.0,0.0,0.0,0.0,0.0,0.0,0.0,0.0,0.0,0.0,0.0,0.0,0.0,0.0,0.0
0.0,0.0,0.0,0.0,0.0,0.0,0.035379944410316194,0.0,0.0,0.0,0.24913770903582083,0.48622160194914243,0.3933478180342641,0.1415438990246016,0.16284411687369288,0.25577038085897696,0.4914725713464519,0.6858869130512625,0.0,0.0,0.0,0.036574456485237015,0.0,0.0,0.0,0.0,0.0,0.0,0.0,0.0,0.0,0.0,0.0,0.0,0.0,0.0,0.4240579755613691,1.0,0.4065304955086469,0.0,0.0,0.0,0.0,0.0,0.0,0.0,0.0,0.0,0.0,0.0,0.0,0.0,0.0,0.0,0.0,0.0,0.0,0.0,0.0,0.0,0.0,0.0,0.0,0.0,0.0,0.0,0.0,0.0,0.0,0.0,0.0,0.0,0.0,0.0,0.0,0.0,0.0,0.0,0.0,0.0,0.0,0.0,0.0,0.0,0.0,0.0,0.0,0.0
0.0,0.0,0.0,0.0,0.0,0.0,0.0,0.0,0.0,0.0,0.16109676116013943,0.25466099470898224,0.03535378693720242,0.0,0.24982201405145293,0.48571827246127325,0.6859149881146902,0.4913788660612427,0.034559591904898115,0.0,0.14237690849379092,0.39315856004760413,0.0,0.0,0.0,0.0,0.0,0.0,0.0,0.0,0.0,0.0,0.0,0.0,0.0,0.0,0.0,0.4065304955086469,1.0,0.42564008497140443,0.0,0.0,0.0,0.0,0.0,0.0,0.0,0.0,0.0,0.0,0.0,0.0,0.0,0.0,0.0,0.0,0.0,0.0,0.0,0.0,0.0,0.0,0.0,0.0,0.0,0.0,0.0,0.0,0.0,0.0,0.0,0.0,0.0,0.0,0.0,0.0,0.0,0.0,0.0,0.0,0.0,0.0,0.0,0.0,0.0,0.0,0.0,0.0
0.0,0.0,0.0,0.0,0.0,0.0,0.0,0.0,0.0,0.0,0.03131372613978029,0.0,0.0,0.0,0.2499196754847687,0.4859515186499451,0.3942097033355888,0.14253162231708663,0.16324533823249313,0.25591018542991917,0.4926197400489247,0.6858568574320921,0.0,0.0,0.0,0.03783971659194077,0.0,0.0,0.0,0.0,0.0,0.0,0.0,0.0,0.0,0.0,0.0,0.0,0.42564008497140443,1.0,0.4086730575876994,0.0,0.0,0.0,0.0,0.0,0.0,0.0,0.0,0.0,0.0,0.0,0.0,0.0,0.0,0.0,0.0,0.0,0.0,0.0,0.0,0.0,0.0,0.0,0.0,0.0,0.0,0.0,0.0,0.0,0.0,0.0,0.0,0.0,0.0,0.0,0.0,0.0,0.0,0.0,0.0,0.0,0.0,0.0,0.0,0.0,0.0,0.0
0.0,0.0,0.0,0.0,0.0,0.0,0.0,0.0,0.0,0.0,0.0,0.0,0.0,0.0,0.15642423888787954,0.2524076183160766,0.035642119404886645,0.0,0.24826853869867632,0.484828208219972,0.6859460718809138,0.49192398220900185,0.035851520229845946,0.0,0.13647387671641018,0.3900386606518697,0.0,0.0,0.0,0.0,0.0,0.0,0.0,0.0,0.0,0.0,0.0,0.0,0.0,0.4086730575876994,1.0,0.41911689019590886,0.0,0.0,0.0,0.0,0.0,0.0,0.0,0.0,0.0,0.0,0.0,0.0,0.0,0.0,0.0,0.0,0.0,0.0,0.0,0.0,0.0,0.0,0.0,0.0,0.0,0.0,0.0,0.0,0.0,0.0,0.0,0.0,0.0,0.0,0.0,0.0,0.0,0.0,0.0,0.0,0.0,0.0,0.0,0.0,0.0,0.0
0.0,0.0,0.0,0.0,0.0,0.0,0.0,0.0,0.0,0.0,0.0,0.0,0.0,0.0,0.025481824600234796,0.0,0.0,0.0,0.250147349858106,0.48746237730865694,0.3921045715159141,0.1418773411181827,0.16941605031236737,0.25811407798862557,0.4914733380913935,0.6859259145373784,0.0,0.035500698462983246,0.0,0.0,0.0,0.0,0.0,0.0,0.0,0.0,0.0,0.0,0.0,0.0,0.41911689019590886,1.0,0.4066989886026558,0.0,0.0,0.0,0.01756560694535754,0.10692053625828163,0.0,0.0,0.0,0.0,0.0,0.0,0.0,0.0,0.0,0.0,0.0,0.0,0.0,0.0,0.0,0.0,0.0,0.0,0.0,0.0,0.0,0.0,0.179212991126472,0.0,0.19891976106999149,0.0,0.0,0.19195717481455182,0.0,0.0,0.0,0.0,0.0,0.0,0.0,0.0,0.0,0.0,0.0,0.0
0.0,0.0,0.0,0.0,0.0,0.0,0.0,0.0,0.0,0.0,0.0,0.0,0.0,0.0,0.0,0.0,0.0,0.0,0.15870501364873288,0.25294050632894716,0.0331035654558924,0.0,0.2547222165857753,0.48503418651785396,0.6862553365266514,0.48946886314811894,0.0,0.38931841201276074,0.0,0.2232500468191468,0.0,0.0,0.0,0.0,0.0,0.0,0.0,0.0,0.0,0.0,0.0,0.4066989886026558,1.0,0.0,0.0,0.0,0.05543144040564268,0.0,0.0,0.0,0.0,0.0,0.0,0.0,0.0,0.0,0.0,0.0,0.0,0.0,0.0,0.0,0.0,0.0,0.0,0.0,0.0,0.0,0.0,0.0,0.3586739997995167,0.0,0.5360291826410518,0.0,0.0,0.0,0.0,0.0,0.0,0.0,0.0,0.0,0.0,0.0,0.0,0.0,0.0,0.0
0.3983686775721061,0.2903710336983249,0.12003859556781162,0.04302949833085529,0.10830755452266251,0.2723504055449274,0.4247418742277939,0.2707419102869002,0.16894776925626834,0.17544058988971217,0.37542545677958,0.15085336140026084,0.03748587135514933,0.09340620647353184,0.37594274752406365,0.12429091287953993,0.0,0.0,0.486011801922851,0.25433524185025325,0.03156260073089034,0.0,0.6868637378461844,0.49268661914938133,0.25614480591982514,0.17053279088944392,0.0,0.3997516283300685,0.0,0.233133899931471,0.1670726014427709,0.0,0.0,0.0,0.0,0.0,0.0,0.0,0.0,0.0,0.0,0.0,0.0,1.0,0.0,0.0,0.0,0.0,0.0,0.0,0.0,0.0,0.0,0.0,0.0,0.0,0.0,0.0,0.0,0.0,0.0,0.0,0.0,0.0,0.0,0.0,0.0,0.0,0.0,0.0,0.0,0.0,0.0,0.0,0.0,0.0,0.0,0.0,0.0,0.0,0.0,0.0,0.0,0.0,0.0,0.0,0.0,0.0
0.0,0.0,0.0,0.0,0.0,0.0,0.0,0.0,0.0,0.0,0.0,0.0,0.0,0.0,0.0,0.0,0.0,0.0,0.0,0.0,0.0,0.0,0.0,0.0,0.0,0.0,0.0,0.0,0.0,0.0,0.0,0.0,0.0,0.0,0.0,0.0,0.0,0.0,0.0,0.0,0.0,0.0,0.0,0.0,1.0,0.7383171292028815,0.5469827119677394,0.4723966273460368,0.5435403622655199,0.7350218079928024,0.7298246041897327,0.5455511226470771,0.4771834691452328,0.5420696455826756,0.5221516272290166,0.29883363976817356,0.21485116554381356,0.3048856144830752,0.407778572091973,0.17137470630594798,0.03824373094128933,0.08377159178370538,0.38390732150957546,0.16166136599502384,0.0,0.0,0.43166551734261754,0.24929362331571744,0.06585275638804938,0.032072214215125495,0.30562153733503306,0.15806662037701125,0.07163071665923094,0.007169394751914322,0.4860123101108269,0.15870361585488013,0.2501453021143535,0.2482683016768691,0.16324695381361715,0.0345601252657642,0.0,0.0,0.0,0.0,0.0,0.0,0.0,0.39836867757210626
0.0,0.0,0.0,0.0,0.0,0.0,0.0,0.0,0.0,0.0,0.0,0.0,0.0,0.0,0.0,0.0,0.0,0.0,0.0,0.0,0.0,0.0,0.0,0.0,0.0,0.0,0.0,0.0,0.0,0.0,0.0,0.0,0.0,0.0,0.0,0.0,0.0,0.0,0.0,0.0,0.0,0.0,0.0,0.0,0.7383171292028815,1.0,0.7425853295412501,0.5485839650719933,0.48344783065362384,0.5500750849245798,0.5328089936695525,0.30535655310088017,0.21893935160009814,0.3080459435699655,0.43172999605096396,0.19352588073794585,0.050241377458908165,0.08935209894367768,0.4206943544461385,0.22136114634934687,0.05094853894637621,0.03271941014084333,0.4315913016002527,0.27459674313966537,0.13014061299595472,0.1033435276388777,0.41293681355866213,0.26275278675507086,0.1460714240495319,0.1525670890117646,0.5479821698154299,0.12143411948514919,0.32377040028767545,0.0,0.6868664945524683,0.2547249209166618,0.1694178805346595,0.03585590094583031,0.0,0.0,0.0,0.0,0.0,0.0,0.0,0.0,0.0,0.29037103369832484
0.0,0.0,0.0,0.0,0.0,0.0,0.0,0.0,0.0,0.0,0.0,0.0,0.0,0.0,0.0,0.0,0.0,0.0,0.0,0.0,0.0,0.0,0.0,0.0,0.0,0.0,0.0,0.0,0.0,0.0,0.0,0.0,0.0,0.0,0.0,0.0,0.0,0.0,0.0,0.0,0.0,0.01756560694535754,0.05543144040564268,0.0,0.5469827119677394,0.7425853295412501,1.0,0.7375071259820847,0.5546028283334452,0.4813180220317725,0.29710268619029034,0.09638329643184068,0.0667669494502228,0.21789180424508445,0.17506685439192127,0.0,0.0,0.0,0.1861259759784754,0.00010526496749999573,0.0,0.0,0.24921425830513783,0.14592153021293944,0.0,0.0,0.2627484286868069,0.18690436476770253,0.10398997418417066,0.08595798885685668,0.7344819133232745,0.07772720364215747,0.4912090379477675,0.0,0.49269373234476244,0.4850345293393021,0.25811437427322104,0.0,0.0,0.0,0.0,0.0,0.0,0.0,0.0,0.0,0.0,0.12003859556781145
0.0,0.0,0.0,0.0,0.0,0.0,0.0,0.0,0.0,0.0,0.0,0.0,0.0,0.0,0.0,0.0,0.0,0.0,0.0,0.0,0.0,0.0,0.0,0.0,0.0,0.02181935995117771,0.0,0.0,0.0,0.0,0.0,0.0,0.0,0.0,0.0,0.0,0.0,0.0,0.0,0.0,0.0,0.10692053625828163,0.0,0.0,0.4723966273460368,0.5485839650719933,0.7375071259820847,1.0,0.7454816576644155,0.5489900946061446,0.20230370008747323,0.05774805781891173,0.10367508164456159,0.30905907538989785,0.019927063529266615,0.0,0.0,0.0,0.0,0.0,0.0,0.0,0.06580959605278693,0.0,0.0,0.0,0.14610848315944144,0.10404546824450071,0.0,0.0,0.5430286953492846,0.06901601273259327,0.3198685223812854,0.0,0.25614996374867705,0.6862573244689854,0.49147348192524243,0.13647905499889626,0.0,0.0,0.0,0.0,0.0,0.0,0.0,0.0,0.0,0.04302949833085529
0.0,0.0,0.0,0.0,0.0,0.0,0.0,0.0,0.0,0.0,0.0,0.0,0.0,0.0,0.0,0.0,0.0,0.0,0.0,0.0,0.0,0.0,0.0,0.0,0.0,0.0,0.0,0.0,0.0,0.0,0.0,0.0,0.0,0.0,0.0,0.0,0.0,0.0,0.0,0.0,0.0,0.0,0.0,0.0,0.5435403622655199,0.48344783065362384,0.5546028283334452,0.7454816576644155,1.0,0.7375422843811595,0.29731149448345007,0.21493753128275908,0.31419731499603915,0.5428844900386531,0.06690754865749425,0.0,0.0,0.0,0.0,0.0,0.0,0.0,0.032065275902935855,0.0,0.0,0.0,0.15264442231303593,0.08606209414275705,0.0,0.0,0.3120622221727463,0.09494721421906656,0.07804535109129183,0.01824374249179053,0.17053808143665344,0.4894705616100511,0.6859257543337647,0.3900429520378176,0.03784661930732803,0.0,0.0,0.0,0.0,0.0,0.0,0.0,0.0,0.10830755452266234
0.0,0.0,0.0,0.0,0.0,0.0,0.0,0.0,0.0,0.0,0.0,0.0,0.0,0.0,0.0,0.0,0.0,0.0,0.0,0.0,0.0,0.0,0.0,0.0,0.0,0.0,0.0,0.0,0.0,0.0,0.0,0.0,0.0,0.0,0.0,0.0,0.0,0.0,0.0,0.0,0.0,0.0,0.0,0.0,0.7350218079928024,0.5500750849245798,0.4813180220317725,0.5489900946061446,0.7375422843811595,1.0,0.5375684576119721,0.4766026865802025,0.5524521125477599,0.7354870343637621,0.28586353608940507,0.08632763350702852,0.06057023050313069,0.2150576992933719,0.1534930003028431,0.0,0.0,0.0,0.16167546961397605,0.0,0.0,0.0,0.2746934856767193,0.14603799188435573,0.0,0.0,0.2159668043714188,0.13266040310917476,0.0,0.03653042208212436,0.2543388749258111,0.25294181036090935,0.487462543146429,0.4848300728674154,0.2559148190380005,0.0,0.0,0.0,0.0,0.0,0.0,0.0,0.0,0.2723504055449273
0.0,0.0,0.0,0.0,0.0,0.0,0.0,0.0,0.0,0.0,0.0,0.0,0.0,0.0,0.0,0.0,0.0,0.0,0.0,0.0,0.0,0.0,0.0,0.0,0.0,0.0,0.0,0.0,0.0,0.0,0.0,0.0,0.0,0.0,0.0,0.0,0.0,0.0,0.0,0.0,0.0,0.0,0.0,0.0,0.7298246041897327,0.5328089936695525,0.29710268619029034,0.20230370008747323,0.29731149448345007,0.5375684576119721,1.0,0.7368532463739482,0.5418850434078853,0.4701966395243779,0.7308212728799865,0.54516994551783,0.4764096166242682,0.543051339537593,0.5198450365778389,0.2935033632277208,0.21181807553277476,0.3047901487076364,0.4078022467365301,0.1535075874213294,0.017345380359269563,0.07140190445188292,0.42076683666086107,0.18619692756048015,0.0,0.0,0.08086240351223915,0.08028093189100508,0.0,0.0,0.3759314877956269,0.0,0.02547981699813213,0.1564248662539333,0.24992236467276155,0.24982253395932255,0.16283835292487486,0.035379944410316194,0.0,0.0,0.0,0.0,0.0,0.4247418742277939
0.0,0.0,0.0,0.0,0.0,0.0,0.0,0.0,0.0,0.0,0.0,0.0,0.0,0.0,0.0,0.0,0.0,0.0,0.0,0.0,0.0,0.0,0.0,0.0,0.0,0.0,0.0,0.0,0.0,0.0,0.0,0.0,0.0,0.0,0.0,0.0,0.0,0.0,0.0,0.0,0.0,0.0,0.0,0.0,0.5455511226470771,0.30535655310088017,0.09638329643184068,0.05774805781891173,0.21493753128275908,0.4766026865802025,0.7368532463739482,1.0,0.7348698219281383,0.5487945876204533,0.5433948066369919,0.47900339863592034,0.5523398312039107,0.7361469525141726,0.29351628742049307,0.08717947594535821,0.059370013790027626,0.2159712554415742,0.17141497794925237,0.0,0.0,0.0,0.22145023004418599,0.00020058638886618257,0.0,0.0,0.0,0.0,0.0,0.0,0.12428749998591049,0.0,0.0,0.2524107403702062,0.48595466860475395,0.4857200678649886,0.2557667682779771,0.0,0.0,0.0,0.0,0.0,0.0,0.2707419102869002
0.0,0.0,0.0,0.0,0.0,0.0,0.0,0.0,0.0,0.0,0.0,0.0,0.0,0.0,0.0,0.0,0.0,0.0,0.0,0.0,0.0,0.0,0.0,0.0,0.0,0.0,0.0,0.0,0.0,0.0,0.0,0.0,0.0,0.0,0.0,0.0,0.0,0.0,0.0,0.0,0.0,0.0,0.0,0.0,0.4771834691452328,0.21893935160009814,0.0667669494502228,0.10367508164456159,0.31419731499603915,0.5524521125477599,0.5418850434078853,0.7348698219281383,1.0,0.7479087784788925,0.2998815430209128,0.21396107907571202,0.31242818754909435,0.5431651406592883,0.07141475028041895,0.0,0.0,0.0,0.0,0.0,0.0,0.0,0.10345060325221722,0.0,0.0,0.0,0.0,0.0,0.0,0.0,0.0,0.0,0.14188079785654886,0.49192468529293576,0.685860205862555,0.3931674699553308,0.036575352746742354,0.0,0.0,0.0,0.0,0.0,0.0,0.16894776925626817
0.0,0.0,0.0,0.0,0.0,0.0,0.0,0.0,0.0,0.0,0.0,0.0,0.0,0.0,0.0,0.0,0.0,0.0,0.0,0.0,0.0,0.0,0.0,0.0,0.0,0.0,0.0,0.0,0.0,0.0,0.0,0.0,0.0,0.0,0.0,0.0,0.0,0.0,0.0,0.0,0.0,0.0,0.0,0.0,0.5420696455826756,0.3080459435699655,0.21789180424508445,0.30905907538989785,0.5428844900386531,0.7354870343637621,0.4701966395243779,0.5487945876204533,0.7479087784788925,1.0,0.20244951314568793,0.05571385944833278,0.10310645536795138,0.31146974076441275,0.017349990251560834,0.0,0.0,0.0,0.0,0.0,0.0,0.0,0.13025368035311566,0.0,0.0,0.0,0.0,0.020840692256809977,0.0,0.0,0.031568351307681056,0.03310840913345629,0.39210766820961046,0.6859449942143753,0.4926238627471441,0.1423863581911148,0.0,0.0,0.0,0.0,0.0,0.0,0.0,0.1754405898897121
0.0,0.0,0.0,0.0,0.0,0.0,0.0,0.0,0.0,0.0,0.0,0.0,0.0,0.0,0.0,0.0,0.0,0.0,0.0,0.0,0.0,0.0,0.0,0.0,0.0,0.0,0.0,0.0,0.0,0.0,0.0,0.0,0.0,0.0,0.0,0.0,0.0,0.0,0.0,0.0,0.0,0.0,0.0,0.0,0.5221516272290166,0.43172999605096396,0.17506685439192127,0.019927063529266615,0.06690754865749425,0.28586353608940507,0.7308212728799865,0.5433948066369919,0.2998815430209128,0.20244951314568793,1.0,0.7354279624618562,0.5421377368014673,0.4746475723555403,0.7308271929703812,0.5433957883185107,0.4746477659516276,0.5421376249021473,0.5221650610910581,0.285873998102882,0.20245234383095714,0.2998824082275225,0.4317585231622943,0.17509236961315552,0.019948870464098992,0.06692258175046258,0.012211666931404831,0.01223797705411741,0.0,0.0,0.3753862611781817,0.0,0.0,0.0,0.03131655568520755,0.16109794573578565,0.24913793380926194,0.24913770903582083,0.16109676116013943,0.03131372613978046,0.0,0.0,0.0,0.37542545677958006
0.0,0.0,0.0,0.0,0.0,0.0,0.0,0.0,0.0,0.0,0.0,0.0,0.0,0.0,0.0,0.0,0.0,0.0,0.0,0.0,0.0,0.0,0.0,0.0,0.0,0.0,0.0,0.0,0.0,0.0,0.0,0.0,0.0,0.0,0.0,0.0,0.0,0.0,0.0,0.0,0.0,0.0,0.0,0.0,0.29883363976817356,0.19352588073794585,0.0,0.0,0.0,0.08632763350702852,0.54516994551783,0.47900339863592034,0.21396107907571202,0.05571385944833278,0.7354279624618562,1.0,0.7361598409755249,0.5512980662455997,0.54517713942445,0.4790062720087958,0.5512982716225976,0.7361616823086502,0.29884763460993874,0.08633868635312236,0.0557168841845893,0.21396171984384227,0.19355075576942754,0.0,0.0,0.0,0.0,0.0,0.0,0.0,0.15082131989951064,0.0,0.0,0.0,0.0,0.2546607238667208,0.48622204716707446,0.48622160194914243,0.25466099470898224,0.0,0.0,0.0,0.0,0.15085336140026084
