1.0,0.7383171292028815,0.5469827119677394,0.4723966273460368,0.54354036226552,0.7350218079928024,0.7298246041897327,0.5455511226470772,0.47718346914523285,0.5420696455826756,0.5221516272290168,0.29883363976817345,0.21485116554381356,0.3048856144830752,0.4077785720919729,0.1713747063059478,0.03824373094128933,0.08377159178370522,0.383907321509575,0.16166136599502384,0.0,0.0,0.4316655173426174,0.2492936233157171,0.06585275638804938,0.032072214215125336,0.3056215373350331,0.15806662037701108,0.07163071665923094,0.007169394751914158,0.4860123101108269,0.15870361585488013,0.2501453021143536,0.2482683016768691,0.16324695381361715,0.0345601252657642,0.0,0.0,0.0,0.0,0.0,0.0,0.0,0.3983686775721062,0.0,0.0,0.0,0.0,0.0,0.0,0.0,0.0,0.0,0.0,0.0,0.0,0.0,0.0,0.0,0.0,0.0,0.0,0.0,0.0,0.08782761096918477,0.10154149948623736,0.0,0.0,0.0,0.0,0.0,0.0,0.0,0.0,0.0,0.0,0.0,0.0,0.0,0.0,0.0,0.0,0.0,0.058723069212593876,0.03526784980141053,0.0,0.0,0.0
0.7383171292028815,1.0,0.7425853295412499,0.5485839650719931,0.48344783065362384,0.5500750849245798,0.5328089936695526,0.3053565531008802,0.21893935160009814,0.3080459435699655,0.4317299960509641,0.19352588073794585,0.050241377458908165,0.08935209894367768,0.42069435444613856,0.22136114634934687,0.05094853894637621,0.03271941014084333,0.4315913016002524,0.27459674313966564,0.13014061299595472,0.10334352763887787,0.41293681355866213,0.2627527867550707,0.14607142404953208,0.1525670890117646,0.5479821698154299,0.12143411948514903,0.32377040028767534,0.0,0.6868664945524683,0.2547249209166618,0.1694178805346595,0.03585590094583031,0.0,0.0,0.0,0.0,0.0,0.0,0.0,0.0,0.0,0.29037103369832484,0.0,0.0,0.0,0.0,0.0,0.0,0.0,0.0,0.0,0.0,0.0,0.0,0.0,0.0,0.0,0.0,0.0,0.0,0.0,0.0,0.0,0.0,0.0,0.0,0.0,0.0,0.0,0.0,0.0,0.0,0.0,0.0,0.0,0.0,0.0,0.0,0.0,0.0,0.0,0.0,0.0,0.0,0.0,0.0
0.5469827119677394,0.7425853295412499,1.0,0.7375071259820847,0.5546028283334452,0.4813180220317725,0.29710268619029045,0.09638329643184068,0.0667669494502228,0.21789180424508428,0.1750668543919214,0.0,0.0,0.0,0.18612597597847558,0.00010526496749999573,0.0,0.0,0.24921425830513766,0.1459215302129396,0.0,0.0,0.2627484286868069,0.18690436476770236,0.103989974184171,0.08595798885685668,0.7344819133232745,0.07772720364215732,0.4912090379477675,0.0,0.4926937323447623,0.48503452933930213,0.25811437427322104,0.0,0.0,0.0,0.0,0.0,0.0,0.0,0.0,0.0,0.0,0.12003859556781162,0.0,0.0,0.0,0.0,0.0,0.0,0.0,0.0,0.0,0.0,0.0,0.0,0.0,0.0,0.0,0.0,0.0,0.0,0.0,0.0,0.0,0.0,0.0,0.0,0.0,0.0,0.0,0.0,0.0,0.0,0.0,0.0,0.0,0.0,0.0,0.0,0.0,0.0,0.0,0.0,0.0,0.0,0.0,0.0
0.4723966273460368,0.5485839650719931,0.7375071259820847,1.0,0.7454816576644155,0.5489900946061446,0.2023037000874734,0.05774805781891173,0.10367508164456159,0.3090590753898978,0.019927063529266615,0.0,0.0,0.0,0.0,0.0,0.0,0.0,0.06580959605278676,0.0,0.0,0.0,0.14610848315944128,0.10404546824450038,0.0,0.0,0.5430286953492846,0.06901601273259293,0.3198685223812853,0.0,0.256149963748677,0.6862573244689854,0.49147348192524243,0.1364790549988961,0.0,0.0,0.0,0.0,0.0,0.0,0.0,0.0,0.0,0.04302949833085529,0.0,0.0,0.0,0.0,0.0,0.0,0.0,0.0,0.0,0.0,0.0,0.0,0.0,0.0,0.0,0.0,0.0,0.0,0.0,0.0,0.0,0.0,0.0,0.0,0.0,0.0,0.0,0.0,0.11807049505908236,0.0,0.0,0.0,0.0,0.0,0.0,0.0,0.0,0.0,0.0,0.0,0.0,0.0,0.0,0.0
0.54354036226552,0.48344783065362384,0.5546028283334452,0.7454816576644155,1.0,0.7375422843811598,0.2973114944834502,0.21493753128275908,0.31419731499603915,0.5428844900386531,0.06690754865749442,0.0,0.0,0.0,0.0,0.0,0.0,0.0,0.03206527590293569,0.0,0.0,0.0,0.15264442231303593,0.08606209414275705,0.0,0.0,0.3120622221727463,0.09494721421906656,0.07804535109129183,0.01824374249179053,0.17053808143665344,0.4894705616100511,0.6859257543337646,0.3900429520378176,0.037846619307328196,0.0,0.0,0.0,0.0,0.0,0.0,0.0,0.0,0.10830755452266251,0.0,0.0,0.0,0.0,0.0,0.0,0.0,0.0,0.0,0.0,0.0,0.0,0.0,0.0,0.0,0.0,0.0,0.0,0.0,0.0,0.0,0.0,0.0,0.0,0.0,0.0,0.17478259329480184,0.0,0.31261467675316695,0.0,0.0,0.0,0.0,0.0,0.0,0.0,0.0,0.0,0.0,0.0,0.0,0.0,0.0,0.0
0.7350218079928024,0.5500750849245798,0.4813180220317725,0.5489900946061446,0.7375422843811598,1.0,0.5375684576119721,0.4766026865802025,0.5524521125477598,0.735487034363762,0.2858635360894051,0.08632763350702852,0.06057023050313069,0.2150576992933719,0.1534930003028431,0.0,0.0,0.0,0.1616754696139759,0.0,0.0,0.0,0.2746934856767193,0.14603799188435573,0.0,0.0,0.21596680437141896,0.13266040310917476,0.0,0.036530422082124196,0.2543388749258111,0.2529418103609094,0.4874625431464291,0.4848300728674154,0.2559148190380005,0.0,0.0,0.0,0.0,0.0,0.0,0.0,0.0,0.2723504055449273,0.0,0.0,0.0,0.0,0.0,0.0,0.0,0.0,0.0,0.0,0.0,0.0,0.0,0.0,0.0,0.009293152615331084,0.0,0.0,0.0,0.012793234850471659,0.1509209895129161,0.13871851298201923,0.0,0.0,0.0,0.0,0.12027182361230546,0.0,0.20674500869431278,0.0,0.0,0.0,0.0,0.0,0.0,0.0,0.0,0.0,0.0,0.037059872682904976,0.06370715446088088,0.0,0.0,0.0
0.7298246041897327,0.5328089936695526,0.29710268619029045,0.2023037000874734,0.2973114944834502,0.5375684576119721,1.0,0.7368532463739482,0.5418850434078853,0.47019663952437796,0.7308212728799867,0.5451699455178299,0.4764096166242681,0.543051339537593,0.519845036577839,0.2935033632277208,0.21181807553277476,0.30479014870763627,0.40780224673653004,0.15350758742132972,0.017345380359269563,0.07140190445188309,0.4207668366608611,0.18619692756048015,0.0,0.0,0.08086240351223932,0.08028093189100491,0.0,0.0,0.3759314877956269,0.0,0.025479816998132294,0.1564248662539333,0.24992236467276155,0.2498225339593223,0.1628383529248748,0.03537994441031603,0.0,0.0,0.0,0.0,0.0,0.4247418742277941,0.0,0.0,0.0,0.0,0.0,0.0,0.0,0.0,0.0,0.0,0.0,0.0,0.0,0.0,0.0,0.05873044530904964,0.007748292451807147,0.0,0.0,0.0,0.14327991960531578,0.2201834239203641,0.0,0.0,0.0,0.0,0.0,0.0,0.0,0.0,0.0,0.0,0.0,0.0,0.0,0.0,0.0,0.0,0.0,0.22501535844155165,0.07290638454739112,0.0,0.0,0.0
0.5455511226470772,0.3053565531008802,0.09638329643184068,0.05774805781891173,0.21493753128275908,0.4766026865802025,0.7368532463739482,1.0,0.7348698219281384,0.5487945876204534,0.543394806636992,0.4790033986359203,0.5523398312039106,0.7361469525141726,0.29351628742049307,0.08717947594535821,0.059370013790027626,0.2159712554415742,0.1714149779492522,0.0,0.0,0.0,0.22145023004418599,0.00020058638886618257,0.0,0.0,0.0,0.0,0.0,0.0,0.12428749998591065,0.0,0.0,0.25241074037020633,0.48595466860475395,0.48572006786498845,0.2557667682779771,0.0,0.0,0.0,0.0,0.0,0.0,0.27074191028690026,0.0,0.0,0.0,0.0,0.0,0.0,0.0,0.0,0.0,0.0,0.0,0.0,0.0,0.0,0.058740734513384275,0.25376901456654344,0.23522161791741436,0.02956319070941174,0.0,0.009233732642902408,0.2193832291528848,0.3554774393034445,0.0,0.0,0.0,0.0,0.0,0.0,0.0,0.0,0.0,0.0,0.0,0.0,0.0,0.0,0.0,0.0,0.19548457484719214,0.34498516706356736,0.08570308627761,0.0,0.0,0.0
0.47718346914523285,0.21893935160009814,0.0667669494502228,0.10367508164456159,0.31419731499603915,0.5524521125477598,0.5418850434078853,0.7348698219281384,1.0,0.7479087784788925,0.29988154302091297,0.21396107907571202,0.3124281875490944,0.5431651406592883,0.07141475028041912,0.0,0.0,0.0,0.0,0.0,0.0,0.0,0.10345060325221722,0.0,0.0,0.0,0.0,0.0,0.0,0.0,0.0,0.0,0.14188079785654886,0.49192468529293576,0.685860205862555,0.39316746995533086,0.036575352746742354,0.0,0.0,0.0,0.0,0.0,0.0,0.16894776925626834,0.0,0.1040987643740959,0.0,0.0,0.0,0.0,0.0,0.0,0.0,0.0,0.0891054671577507,0.0215288577815284,0.0,0.0,0.22024597015037153,0.3555321008616853,0.2915807089129637,0.11349149754353383,0.1015743858851185,0.1387067825716976,0.2929006434126716,0.4045220544858454,0.0,0.0,0.0,0.0,0.06785414536312996,0.0,0.052169184765951275,0.0,0.18268720023982313,0.0,0.0,0.0,0.0,0.0,0.0,0.0,0.17997488726460772,0.3082855636657898,0.11628047820025524,0.0,0.0,0.0
0.5420696455826756,0.3080459435699655,0.21789180424508428,0.3090590753898978,0.5428844900386531,0.735487034363762,0.47019663952437796,0.5487945876204534,0.7479087784788925,1.0,0.2024495131456881,0.05571385944833278,0.10310645536795138,0.31146974076441286,0.017349990251560997,0.0,0.0,0.0,0.0,0.0,0.0,0.0,0.13025368035311566,0.0,0.0,0.0,0.0,0.02084069225680981,0.0,0.0,0.031568351307681056,0.03310840913345646,0.39210766820961046,0.6859449942143753,0.49262386274714415,0.1423863581911148,0.0,0.0,0.0,0.0,0.0,0.0,0.0,0.17544058988971217,0.0,0.1670295515074792,0.11121898318663137,0.0,0.0,0.0,0.0,0.0,0.0,0.0,0.000947529118026297,0.0,0.0,0.0,0.14337704498229106,0.21946457894596919,0.09716859243750513,0.0,0.0878980115644827,0.15094302178653315,0.26600329149152935,0.29293336046641005,0.0,0.0,0.0,0.0,0.24664525342252647,0.0,0.270617176978274,0.0,0.2270671856242625,0.0,0.0,0.0,0.0,0.0,0.0,0.0,0.0,0.1582164763860353,0.11536773984589628,0.0,0.0,0.0
0.5221516272290168,0.4317299960509641,0.1750668543919214,0.019927063529266615,0.06690754865749442,0.2858635360894051,0.7308212728799867,0.543394806636992,0.29988154302091297,0.2024495131456881,1.0,0.735427962461856,0.5421377368014672,0.4746475723555403,0.7308271929703812,0.5433957883185107,0.4746477659516276,0.5421376249021472,0.5221650610910579,0.28587399810288217,0.20245234383095714,0.29988240822752243,0.4317585231622943,0.17509236961315552,0.019948870464098992,0.06692258175046258,0.012211666931404996,0.012237977054117246,0.0,0.0,0.37538626117818186,0.0,0.0,0.0,0.03131655568520755,0.16109794573578556,0.24913793380926186,0.24913770903582066,0.16109676116013935,0.03131372613978046,0.0,0.0,0.0,0.37542545677958017,0.0,0.0,0.0,0.0,0.0,0.0,0.0,0.0,0.0,0.0,0.0,0.0,0.0,0.0,0.0,0.0,0.0,0.0,0.0,0.0,0.000831671727494436,0.08902250231182753,0.0,0.0,0.0,0.0,0.0,0.0,0.0,0.0,0.0,0.0,0.0,0.0,0.0,0.0,0.0,0.0,0.0,0.13710001542091074,0.0,0.0,0.0,0.0
0.29883363976817345,0.19352588073794585,0.0,0.0,0.0,0.08632763350702852,0.5451699455178299,0.4790033986359203,0.21396107907571202,0.05571385944833278,0.735427962461856,1.0,0.7361598409755248,0.5512980662455997,0.54517713942445,0.47900627200879586,0.5512982716225976,0.7361616823086502,0.2988476346099387,0.08633868635312236,0.0557168841845893,0.21396171984384227,0.19355075576942754,0.0,0.0,0.0,0.0,0.0,0.0,0.0,0.15082131989951056,0.0,0.0,0.0,0.0,0.2546607238667208,0.4862220471670745,0.48622160194914243,0.25466099470898224,0.0,0.0,0.0,0.0,0.15085336140026084,0.0,0.0,0.0,0.0,0.0,0.0,0.0,0.0,0.0,0.0,0.0,0.0,0.0,0.0,0.0,0.0,0.0,0.0,0.0,0.0,0.0,0.021436797100779316,0.0,0.0,0.0,0.0,0.0,0.0,0.0,0.0,0.0,0.0,0.0,0.0,0.0,0.0,0.0,0.0,0.0,0.09075729748183693,0.0,0.0,0.0,0.0
0.21485116554381356,0.050241377458908165,0.0,0.0,0.0,0.06057023050313069,0.4764096166242681,0.5523398312039106,0.3124281875490944,0.10310645536795138,0.5421377368014672,0.7361598409755248,1.0,0.7473502283762977,0.30480183781311343,0.21597559088604382,0.311964874925575,0.5435067016369494,0.08379768781010741,0.0,0.0,0.0,0.03276533187681092,0.0,0.0,0.0,0.0,0.0,0.0,0.0,0.0,0.0,0.0,0.0,0.14253941378254711,0.49138088269297026,0.6858843579918972,0.3933478180342641,0.035353786937202585,0.0,0.0,0.0,0.0,0.03748587135514933,0.0,0.0,0.0,0.0,0.0,0.0,0.0,0.0,0.0,0.0,0.0,0.0,0.0,0.0,0.0,0.029517023985505243,0.11851426883838374,0.0,0.0,0.0,0.0,0.11339990408961004,0.0,0.0,0.0,0.0,0.0,0.0,0.0,0.0,0.0,0.0,0.0,0.0,0.0,0.0,0.0,0.0,0.16795817988165687,0.17220454164350657,0.0,0.0,0.0,0.0
0.3048856144830752,0.08935209894367768,0.0,0.0,0.0,0.2150576992933719,0.543051339537593,0.7361469525141726,0.5431651406592883,0.31146974076441286,0.4746475723555403,0.5512980662455997,0.7473502283762977,1.0,0.21183420025157626,0.059377538938553825,0.10276945531140799,0.31196725209566817,0.038281668213216866,0.0,0.0,0.0,0.05101865159194423,0.0,0.0,0.0,0.0,0.0,0.0,0.0,0.0,0.0,0.0,0.03564603848959345,0.39421421004792195,0.6859160023174253,0.4914719462982565,0.1415438990246016,0.0,0.0,0.0,0.0,0.0,0.09340620647353184,0.0,0.0,0.0,0.0,0.0,0.0,0.0,0.0,0.0,0.0,0.0,0.0,0.0,0.0,0.007730669600135863,0.23519066678437348,0.30597753602602,0.11853592350234465,0.0,0.0,0.09707345820558708,0.29150015602372686,0.0,0.0,0.0,0.0,0.0,0.0,0.0,0.0,0.0,0.0,0.0,0.0,0.0,0.0,0.0,0.0,0.3187556150009613,0.315558779341172,0.0,0.0,0.0,0.0
0.4077785720919729,0.42069435444613856,0.18612597597847558,0.0,0.0,0.1534930003028431,0.519845036577839,0.29351628742049307,0.07141475028041912,0.017349990251560997,0.7308271929703812,0.54517713942445,0.30480183781311343,0.21183420025157626,1.0,0.7368531540586603,0.5430539774250299,0.4764123302620546,0.7298279299407707,0.5375704102780496,0.4701950032291497,0.5418846782352759,0.5328178172951525,0.29710931569314675,0.20231024692408694,0.2973152944201575,0.08019315471249237,0.0808677029186169,0.0,0.0,0.4246272441432287,0.0,0.0,0.0,0.0,0.0,0.03539295286698196,0.1628441168736927,0.2498220140514528,0.2499196754847687,0.15642423888787954,0.025481824600234963,0.0,0.37594274752406376,0.0,0.0,0.0,0.0,0.0,0.0,0.0,0.0,0.0,0.0,0.0,0.0,0.0,0.0,0.0,0.0,0.0,0.0,0.0,0.0,0.0,0.0,0.0,0.0,0.0,0.0,0.0,0.0,0.0,0.0,0.0,0.0,0.0,0.0,0.0,0.0,0.0,0.0,0.0,0.0,0.0,0.0,0.0,0.0
0.1713747063059478,0.22136114634934687,0.00010526496749999573,0.0,0.0,0.0,0.2935033632277208,0.08717947594535821,0.0,0.0,0.5433957883185107,0.47900627200879586,0.21597559088604382,0.059377538938553825,0.7368531540586603,1.0,0.7361487836022973,0.552338889190985,0.545552697757899,0.47660159217496095,0.5487908540089258,0.7348674698656169,0.30535876655176775,0.0963829401701922,0.05774837972175636,0.21493638609203394,0.0,0.0,0.0,0.0,0.2706143158813108,0.0,0.0,0.0,0.0,0.0,0.0,0.25577038085897696,0.48571827246127325,0.48595151864994507,0.2524076183160765,0.0,0.0,0.12429091287953993,0.0,0.0,0.0,0.0,0.0,0.0,0.0,0.0,0.0,0.0,0.0,0.0,0.0,0.0,0.0,0.0,0.0,0.0,0.0,0.0,0.0,0.0,0.0,0.0,0.0,0.0,0.0,0.0,0.0,0.0,0.0,0.0,0.0,0.0,0.0,0.0,0.0,0.0,0.0,0.0,0.0,0.0,0.0,0.0
0.03824373094128933,0.05094853894637621,0.0,0.0,0.0,0.0,0.21181807553277476,0.059370013790027626,0.0,0.0,0.4746477659516276,0.5512982716225976,0.311964874925575,0.10276945531140799,0.5430539774250299,0.7361487836022973,1.0,0.7473463822070183,0.30488976262822914,0.21505817725904405,0.31146628077816507,0.5431617228738761,0.0893571898837656,0.0,0.0,0.0,0.0,0.0,0.0,0.0,0.09331585186829951,0.0,0.0,0.0,0.0,0.0,0.14154673271343235,0.4914725713464517,0.6859149881146901,0.3942097033355889,0.03564211940488681,0.0,0.0,0.0,0.0,0.0,0.0,0.0,0.0,0.0,0.0,0.0,0.0,0.0,0.0,0.0,0.0,0.0,0.0,0.0,0.0,0.0,0.0,0.0,0.0,0.0,0.0,0.0,0.0,0.0,0.0,0.0,0.0,0.0,0.0,0.0,0.0,0.0,0.0,0.0,0.0,0.0,0.0,0.0,0.0,0.0,0.0,0.0
0.08377159178370522,0.03271941014084333,0.0,0.0,0.0,0.0,0.30479014870763627,0.2159712554415742,0.0,0.0,0.5421376249021472,0.7361616823086502,0.5435067016369494,0.31196725209566817,0.4764123302620546,0.552338889190985,0.7473463822070183,1.0,0.21485743119141135,0.060572516048052735,0.10310225083446885,0.31242269912453924,0.050252780024224154,0.0,0.0,0.0,0.0,0.0,0.0,0.0,0.03742838864821666,0.0,0.0,0.0,0.0,0.035356521352684446,0.3933535197836086,0.6858869130512626,0.4913788660612428,0.1425316223170868,0.0,0.0,0.0,0.0,0.0,0.0,0.0,0.0,0.0,0.0,0.0,0.0,0.0,0.0,0.0,0.0,0.0,0.0,0.0,0.0,0.0,0.0,0.0,0.0,0.0,0.0,0.0,0.0,0.0,0.0,0.0,0.0,0.0,0.0,0.0,0.0,0.0,0.0,0.0,0.0,0.0,0.0,0.0,0.0,0.0,0.0,0.0,0.0
0.383907321509575,0.4315913016002524,0.24921425830513766,0.06580959605278676,0.03206527590293569,0.1616754696139759,0.40780224673653004,0.1714149779492522,0.0,0.0,0.5221650610910579,0.2988476346099387,0.08379768781010741,0.038281668213216866,0.7298279299407707,0.545552697757899,0.30488976262822914,0.21485743119141135,1.0,0.7350233558272915,0.542069087881558,0.47718515604662654,0.7383183526283801,0.5469841394642859,0.4724000129047369,0.5435429453924558,0.1579501144226124,0.30562141980664165,0.007019115729236031,0.07163199452031818,0.398236170950129,0.0,0.0,0.0,0.0,0.0,0.0,0.0,0.034559591904898115,0.16324533823249313,0.24826853869867632,0.250147349858106,0.1587050136487328,0.486011801922851,0.0,0.0,0.0,0.0,0.0,0.0,0.0,0.0,0.0,0.0,0.0,0.0,0.0,0.0,0.0,0.0,0.0,0.0,0.0,0.0,0.0,0.0,0.0,0.0,0.0,0.0,0.0,0.0,0.0,0.0,0.0,0.0,0.0,0.0,0.0,0.0,0.0,0.0,0.0,0.0,0.0,0.0,0.0,0.0
0.16166136599502384,0.27459674313966564,0.1459215302129396,0.0,0.0,0.0,0.15350758742132972,0.0,0.0,0.0,0.28587399810288217,0.08633868635312236,0.0,0.0,0.5375704102780496,0.47660159217496095,0.21505817725904405,0.060572516048052735,0.7350233558272915,1.0,0.735484919743453,0.5524517009078219,0.5500734747544739,0.48131681820169026,0.5489904197144343,0.7375426942184818,0.13248274912419603,0.21596537467498347,0.03629777625441279,0.0,0.27219199643104447,0.0,0.0,0.0,0.0,0.0,0.0,0.0,0.0,0.25591018542991917,0.48482820821997213,0.4874623773086569,0.252940506328947,0.25433524185025325,0.0,0.0,0.0,0.0,0.0,0.0,0.0,0.0,0.0,0.0,0.0,0.0,0.0,0.0,0.0,0.0,0.0,0.0,0.0,0.0,0.0,0.0,0.0,0.0,0.0,0.0,0.0,0.0,0.0,0.0,0.0,0.0,0.0,0.0,0.0,0.0,0.0,0.0,0.0,0.0,0.0,0.0,0.0,0.0
0.0,0.13014061299595472,0.0,0.0,0.0,0.0,0.017345380359269563,0.0,0.0,0.0,0.20245234383095714,0.0557168841845893,0.0,0.0,0.4701950032291497,0.5487908540089258,0.31146628077816507,0.10310225083446885,0.542069087881558,0.735484919743453,1.0,0.7479080508198911,0.30804185752993407,0.2178869596579974,0.3090558321524988,0.5428819051873531,0.020644394556634884,0.0,0.0,0.0,0.17527318430515867,0.0,0.0,0.0,0.0,0.0,0.0,0.0,0.14237690849379092,0.49261974004892467,0.6859460718809138,0.3921045715159141,0.0331035654558924,0.03156260073089034,0.0,0.0,0.0,0.0,0.0,0.0,0.0,0.0,0.0,0.0,0.0,0.0,0.0,0.0,0.0,0.0,0.0,0.0,0.0,0.0,0.0,0.0,0.0,0.0,0.0,0.0,0.0,0.0,0.0,0.0,0.0,0.0,0.0,0.0,0.0,0.0,0.0,0.0,0.0,0.0,0.0,0.0,0.0,0.0
0.0,0.10334352763887787,0.0,0.0,0.0,0.0,0.07140190445188309,0.0,0.0,0.0,0.29988240822752243,0.21396171984384227,0.0,0.0,0.5418846782352759,0.7348674698656169,0.5431617228738761,0.31242269912453924,0.47718515604662654,0.5524517009078219,0.7479080508198911,1.0,0.21893825424354435,0.06676378414973638,0.1036732784485059,0.31419557610530163,0.0,0.0,0.0,0.0,0.16879535636802984,0.0,0.0,0.0,0.0,0.0,0.0,0.03657445648523685,0.39315856004760397,0.6858568574320919,0.49192398220900196,0.14187734111818287,0.0,0.0,0.0,0.0,0.0,0.0,0.0,0.0,0.0,0.0,0.0,0.0,0.0,0.0,0.0,0.0,0.0,0.0,0.0,0.0,0.0,0.0,0.0,0.0,0.0,0.0,0.0,0.0,0.0,0.0,0.0,0.0,0.0,0.0,0.0,0.0,0.0,0.0,0.0,0.0,0.0,0.0,0.0,0.0,0.0,0.0
0.4316655173426174,0.41293681355866213,0.2627484286868069,0.14610848315944128,0.15264442231303593,0.2746934856767193,0.4207668366608611,0.22145023004418599,0.10345060325221722,0.13025368035311566,0.4317585231622943,0.19355075576942754,0.03276533187681092,0.05101865159194423,0.5328178172951525,0.30535876655176775,0.0893571898837656,0.050252780024224154,0.7383183526283801,0.5500734747544739,0.30804185752993407,0.21893825424354435,1.0,0.7425831127534328,0.5485831330382392,0.48344589221291856,0.12138505906054405,0.5479787141395673,0.0,0.32376915344860574,0.2903136868661532,0.0,0.0,0.0,0.0,0.0,0.0,0.0,0.0,0.0,0.035851520229845946,0.16941605031236737,0.2547222165857753,0.6868637378461844,0.0,0.0,0.0,0.0,0.0,0.0,0.0,0.0,0.0,0.0,0.0,0.0,0.0,0.0,0.0,0.0,0.0,0.0,0.0,0.0,0.1670231640662335,0.1041417167997508,0.0,0.0,0.0,0.0,0.0,0.0,0.0,0.0,0.0,0.0,0.0,0.0,0.0,0.0,0.0,0.0,0.0,0.08337792817721651,0.21826933601388648,0.0,0.0,0.0
0.2492936233157171,0.2627527867550707,0.18690436476770236,0.10404546824450038,0.08606209414275705,0.14603799188435573,0.18619692756048015,0.00020058638886618257,0.0,0.0,0.17509236961315552,0.0,0.0,0.0,0.29710931569314675,0.0963829401701922,0.0,0.0,0.5469841394642859,0.48131681820169026,0.2178869596579974,0.06676378414973638,0.7425831127534328,1.0,0.7375080810090944,0.5546018799101243,0.0776671520604923,0.7344819275093769,0.0,0.4912101642439345,0.11998149654344252,0.0,0.0,0.0,0.0,0.0,0.0,0.0,0.0,0.0,0.0,0.25811407798862557,0.4850341865178538,0.4926866191493814,0.0,0.0,0.0,0.0,0.0,0.0,0.0,0.0,0.0,0.0,0.0,0.0,0.0,0.0,0.0,0.0,0.0,0.0,0.0,0.0,0.11127799487913972,0.0,0.0,0.0,0.0,0.0,0.0,0.0,0.0,0.0,0.0,0.0,0.0,0.0,0.0,0.0,0.0,0.0,0.0,0.0,0.18781568596110937,0.0,0.0,0.0
0.06585275638804938,0.14607142404953208,0.103989974184171,0.0,0.0,0.0,0.0,0.0,0.0,0.0,0.019948870464098992,0.0,0.0,0.0,0.20231024692408694,0.05774837972175636,0.0,0.0,0.4724000129047369,0.5489904197144343,0.3090558321524988,0.1036732784485059,0.5485831330382392,0.7375080810090944,1.0,0.7454810812774647,0.06888640333650356,0.5430308360641042,0.0,0.3198705241336004,0.042934220993635475,0.0,0.0,0.0,0.0,0.0,0.0,0.0,0.0,0.0,0.13647387671641018,0.4914733380913935,0.6862553365266512,0.25614480591982514,0.0,0.0,0.0,0.0,0.0,0.0,0.0,0.0,0.0,0.0,0.0,0.0,0.0,0.0,0.0,0.0,0.0,0.0,0.0,0.0,0.0,0.0,0.0,0.0,0.0,0.0,0.0,0.0,0.0,0.0,0.0,0.0,0.0,0.0,0.0,0.0,0.0,0.0,0.0,0.0,0.0,0.0,0.0,0.0
0.032072214215125336,0.1525670890117646,0.08595798885685668,0.0,0.0,0.0,0.0,0.0,0.0,0.0,0.06692258175046258,0.0,0.0,0.0,0.2973152944201575,0.21493638609203394,0.0,0.0,0.5435429453924558,0.7375426942184818,0.5428819051873531,0.31419557610530163,0.48344589221291856,0.5546018799101243,0.7454810812774647,1.0,0.09476486863698967,0.3120621647760511,0.017985474289035568,0.07804526229736507,0.10817270511728788,0.0,0.0,0.0,0.0,0.0,0.0,0.0,0.0,0.03783971659194044,0.3900386606518697,0.6859259145373785,0.48946886314811905,0.17053279088944384,0.0,0.0,0.0,0.0,0.0,0.0,0.0,0.0,0.0,0.0,0.0,0.0,0.0,0.0,0.0,0.0,0.0,0.0,0.0,0.0,0.0,0.0,0.0,0.0,0.0,0.0,0.0,0.0,0.0,0.0,0.0,0.0,0.0,0.0,0.0,0.0,0.0,0.0,0.0,0.0,0.0,0.0,0.0,0.0
0.3056215373350331,0.5479821698154299,0.7344819133232745,0.5430286953492846,0.3120622221727463,0.21596680437141896,0.08086240351223932,0.0,0.0,0.0,0.012211666931404996,0.0,0.0,0.0,0.08019315471249237,0.0,0.0,0.0,0.1579501144226124,0.13248274912419603,0.020644394556634884,0.0,0.12138505906054405,0.0776671520604923,0.06888640333650356,0.09476486863698967,1.0,0.0,0.7567255409589279,0.0,0.3997619655829034,0.3893154356309484,0.035499514882087406,0.0,0.0,0.0,0.0,0.0,0.0,0.0,0.0,0.0,0.0,0.0,0.0,0.0,0.0,0.0,0.0,0.0,0.0,0.0,0.0,0.0,0.0,0.0,0.0,0.0,0.0,0.0,0.0,0.0,0.0,0.0,0.0,0.0,0.0,0.0,0.0,0.0,0.0,0.0,0.0,0.0,0.0,0.0,0.0,0.0,0.0,0.0,0.0,0.0,0.0,0.0,0.0,0.0,0.0,0.0
0.15806662037701108,0.12143411948514903,0.07772720364215732,0.06901601273259293,0.09494721421906656,0.13266040310917476,0.08028093189100491,0.0,0.0,0.02084069225680981,0.012237977054117246,0.0,0.0,0.0,0.0808677029186169,0.0,0.0,0.0,0.30562141980664165,0.21596537467498347,0.0,0.0,0.5479787141395673,0.7344819275093769,0.5430308360641042,0.3120621647760511,0.0,1.0,0.0,0.7567266323103453,0.0,0.0,0.0,0.0,0.0,0.0,0.0,0.0,0.0,0.0,0.0,0.035500698462983246,0.38931841201276063,0.3997516283300685,0.0,0.0,0.0,0.0,0.0,0.0,0.0,0.0,0.0,0.0,0.0,0.0,0.0,0.0,0.0,0.0,0.0,0.0,0.0,0.12033636516916739,0.24673730105221786,0.06797330983517678,0.0,0.0,0.0,0.17478220974908418,0.0,0.0,0.0,0.0,0.0,0.0,0.0,0.0,0.0,0.0,0.0,0.0,0.0,0.0,0.3233865723867236,0.23276195616207077,0.0,0.0
0.07163071665923094,0.32377040028767534,0.4912090379477675,0.3198685223812853,0.07804535109129183,0.0,0.0,0.0,0.0,0.0,0.0,0.0,0.0,0.0,0.0,0.0,0.0,0.0,0.007019115729236031,0.03629777625441279,0.0,0.0,0.0,0.0,0.0,0.017985474289035568,0.7567255409589279,0.0,1.0,0.0,0.23314190992348394,0.22324700989472637,0.0,0.0,0.0,0.0,0.0,0.0,0.0,0.0,0.0,0.0,0.0,0.0,0.0,0.0,0.0,0.0,0.0,0.0,0.0,0.0,0.0,0.0,0.0,0.0,0.0,0.0,0.0,0.0,0.0,0.0,0.0,0.0,0.0,0.0,0.0,0.0,0.0,0.0,0.0,0.0,0.0,0.0,0.0,0.0,0.0,0.0,0.0,0.0,0.0,0.0,0.0,0.0,0.0,0.0,0.0,0.0
0.007169394751914158,0.0,0.0,0.0,0.01824374249179053,0.036530422082124196,0.0,0.0,0.0,0.0,0.0,0.0,0.0,0.0,0.0,0.0,0.0,0.0,0.07163199452031818,0.0,0.0,0.0,0.32376915344860574,0.4912101642439345,0.3198705241336004,0.07804526229736507,0.0,0.7567266323103453,0.0,1.0,0.0,0.0,0.0,0.0,0.0,0.0,0.0,0.0,0.0,0.0,0.0,0.0,0.2232500468191468,0.23313389993147107,0.0,0.0,0.0,0.0,0.0,0.0,0.0,0.0,0.0,0.0,0.0,0.0,0.0,0.0,0.0,0.0,0.0,0.0,0.0,0.21900387761923196,0.28665756390785657,0.055377636150334794,0.0,0.0,0.12500850858874588,0.3310249932259235,0.0,0.0,0.0,0.0,0.0,0.0,0.0,0.0,0.0,0.0,0.0,0.0,0.0,0.0,0.3459441640345764,0.406239691464761,0.0,0.0
0.4860123101108269,0.6868664945524683,0.4926937323447623,0.256149963748677,0.17053808143665344,0.2543388749258111,0.3759314877956269,0.12428749998591065,0.0,0.031568351307681056,0.37538626117818186,0.15082131989951056,0.0,0.0,0.4246272441432287,0.2706143158813108,0.09331585186829951,0.03742838864821666,0.398236170950129,0.27219199643104447,0.17527318430515867,0.16879535636802984,0.2903136868661532,0.11998149654344252,0.042934220993635475,0.10817270511728788,0.3997619655829034,0.0,0.23314190992348394,0.0,1.0,0.0,0.0,0.0,0.0,0.0,0.0,0.0,0.0,0.0,0.0,0.0,0.0,0.1670726014427709,0.0,0.0,0.0,0.0,0.0,0.0,0.0,0.0,0.0,0.0,0.0,0.0,0.0,0.0,0.0,0.0,0.0,0.0,0.0,0.0,0.0,0.0,0.0,0.0,0.0,0.0,0.0,0.0,0.0,0.0,0.0,0.0,0.0,0.0,0.0,0.0,0.0,0.0,0.0,0.0,0.0,0.0,0.0,0.0
0.15870361585488013,0.2547249209166618,0.48503452933930213,0.6862573244689854,0.4894705616100511,0.2529418103609094,0.0,0.0,0.0,0.03310840913345646,0.0,0.0,0.0,0.0,0.0,0.0,0.0,0.0,0.0,0.0,0.0,0.0,0.0,0.0,0.0,0.0,0.3893154356309484,0.0,0.22324700989472637,0.0,0.0,1.0,0.40669951332679266,0.0,0.0,0.0,0.0,0.0,0.0,0.0,0.0,0.0,0.0,0.0,0.0,0.0,0.0,0.0,0.0,0.0,0.0,0.0,0.0,0.0,0.0,0.0,0.0,0.0,0.0,0.0,0.0,0.0,0.0,0.0,0.0,0.0,0.0,0.0,0.0,0.0,0.0,0.0,0.0,0.0,0.0,0.0,0.0,0.0,0.0,0.0,0.0,0.0,0.0,0.0,0.0,0.0,0.0,0.0
0.2501453021143536,0.1694178805346595,0.25811437427322104,0.49147348192524243,0.6859257543337646,0.4874625431464291,0.025479816998132294,0.0,0.14188079785654886,0.39210766820961046,0.0,0.0,0.0,0.0,0.0,0.0,0.0,0.0,0.0,0.0,0.0,0.0,0.0,0.0,0.0,0.0,0.035499514882087406,0.0,0.0,0.0,0.0,0.40669951332679266,1.0,0.4191246523026069,0.0,0.0,0.0,0.0,0.0,0.0,0.0,0.0,0.0,0.0,0.0,0.0,0.0,0.0,0.0,0.0,0.0,0.0,0.0,0.0,0.0,0.0,0.0,0.0,0.0,0.0,0.0,0.0,0.0,0.0,0.0,0.0,0.0,0.0,0.0,0.0,0.30075982016567626,0.0,0.4957011043921305,0.0,0.0,0.0,0.0,0.0,0.0,0.0,0.0,0.0,0.0,0.0,0.0,0.0,0.0,0.0
0.2482683016768691,0.03585590094583031,0.0,0.1364790549988961,0.3900429520378176,0.4848300728674154,0.1564248662539333,0.25241074037020633,0.49192468529293576,0.6859449942143753,0.0,0.0,0.0,0.03564603848959345,0.0,0.0,0.0,0.0,0.0,0.0,0.0,0.0,0.0,0.0,0.0,0.0,0.0,0.0,0.0,0.0,0.0,0.0,0.4191246523026069,1.0,0.4086787722256977,0.0,0.0,0.0,0.0,0.0,0.0,0.0,0.0,0.0,0.0,0.2820461616914542,0.24259505645494878,0.0,0.0,0.0,0.0,0.0,0.0,0.0,0.0,0.0,0.0,0.0,0.09436803904624877,0.11086532860973053,0.0,0.0,0.045718847282022766,0.08239349067001128,0.14909529845464,0.15030568821215398,0.0,0.0,0.0,0.0,0.41768676510794306,0.0,0.42196936001953333,0.0,0.3298288983289114,0.0,0.0,0.0,0.0,0.0,0.0,0.0,0.0,0.0,0.0,0.0,0.0,0.0
0.16324695381361715,0.0,0.0,0.0,0.037846619307328196,0.2559148190380005,0.24992236467276155,0.48595466860475395,0.685860205862555,0.49262386274714415,0.03131655568520755,0.0,0.14253941378254711,0.39421421004792195,0.0,0.0,0.0,0.0,0.0,0.0,0.0,0.0,0.0,0.0,0.0,0.0,0.0,0.0,0.0,0.0,0.0,0.0,0.0,0.4086787722256977,1.0,0.4256519456942219,0.0,0.0,0.0,0.0,0.0,0.0,0.0,0.0,0.0,0.1076445492253874,0.0,0.0,0.0,0.0,0.0,0.0,0.0,0.0,0.17723594735240955,0.11738405022674252,0.0,0.0,0.29079018605552837,0.4457691926353851,0.4077914545111894,0.2226093283842236,0.07592543854855045,0.04788698195952286,0.20437988988462139,0.3982851981991138,0.0,0.0,0.0,0.0,0.0,0.0,0.0,0.0,0.203219328016362,0.0,0.0,0.0,0.0,0.0,0.0,0.0,0.22166484905354605,0.23424107412585995,0.0,0.0,0.0,0.0
0.0345601252657642,0.0,0.0,0.0,0.0,0.0,0.2498225339593223,0.48572006786498845,0.39316746995533086,0.1423863581911148,0.16109794573578556,0.2546607238667208,0.49138088269297026,0.6859160023174253,0.0,0.0,0.0,0.035356521352684446,0.0,0.0,0.0,0.0,0.0,0.0,0.0,0.0,0.0,0.0,0.0,0.0,0.0,0.0,0.0,0.0,0.4256519456942219,1.0,0.4065259754191322,0.0,0.0,0.0,0.0,0.0,0.0,0.0,0.0,0.0,0.0,0.0,0.0,0.0,0.0,0.0,0.0,0.0,0.0,0.0,0.0,0.0,0.0,0.25251350944275747,0.4118020574204295,0.21702247141794018,0.0,0.0,0.0,0.23242177318903084,0.0,0.0,0.0,0.0,0.0,0.0,0.0,0.0,0.0,0.0,0.0,0.0,0.0,0.0,0.0,0.02942647499098086,0.4138820255006743,0.2215610778999824,0.0,0.0,0.0,0.0
0.0,0.0,0.0,0.0,0.0,0.0,0.1628383529248748,0.2557667682779771,0.036575352746742354,0.0,0.24913793380926186,0.4862220471670745,0.6858843579918972,0.4914719462982565,0.03539295286698196,0.0,0.14154673271343235,0.3933535197836086,0.0,0.0,0.0,0.0,0.0,0.0,0.0,0.0,0.0,0.0,0.0,0.0,0.0,0.0,0.0,0.0,0.0,0.4065259754191322,1.0,0.424057975561369,0.0,0.0,0.0,0.0,0.0,0.0,0.0,0.0,0.0,0.0,0.0,0.0,0.0,0.0,0.0,0.0,0.0,0.0,0.0,0.0,0.0,0.0,0.0,0.0,0.0,0.0,0.0,0.0,0.0,0.0,0.0,0.0,0.0,0.0,0.0,0.0,0.0,0.0,0.0,0.0,0.0,0.0,0.0,0.0,0.029366467068590234,0.0,0.0,0.0,0.0,0.0
0.0,0.0,0.0,0.0,0.0,0.0,0.03537994441031603,0.0,0.0,0.0,0.24913770903582066,0.48622160194914243,0.3933478180342641,0.1415438990246016,0.1628441168736927,0.25577038085897696,0.4914725713464517,0.6858869130512626,0.0,0.0,0.0,0.03657445648523685,0.0,0.0,0.0,0.0,0.0,0.0,0.0,0.0,0.0,0.0,0.0,0.0,0.0,0.0,0.424057975561369,1.0,0.406530495508647,0.0,0.0,0.0,0.0,0.0,0.0,0.0,0.0,0.0,0.0,0.0,0.0,0.0,0.0,0.0,0.0,0.0,0.0,0.0,0.0,0.0,0.0,0.0,0.0,0.0,0.0,0.0,0.0,0.0,0.0,0.0,0.0,0.0,0.0,0.0,0.0,0.0,0.0,0.0,0.0,0.0,0.0,0.0,0.0,0.0,0.0,0.0,0.0,0.0
0.0,0.0,0.0,0.0,0.0,0.0,0.0,0.0,0.0,0.0,0.16109676116013935,0.25466099470898224,0.035353786937202585,0.0,0.2498220140514528,0.48571827246127325,0.6859149881146901,0.4913788660612428,0.034559591904898115,0.0,0.14237690849379092,0.39315856004760397,0.0,0.0,0.0,0.0,0.0,0.0,0.0,0.0,0.0,0.0,0.0,0.0,0.0,0.0,0.0,0.406530495508647,1.0,0.42564008497140443,0.0,0.0,0.0,0.0,0.0,0.0,0.0,0.0,0.0,0.0,0.0,0.0,0.0,0.0,0.0,0.0,0.0,0.0,0.0,0.0,0.0,0.0,0.0,0.0,0.0,0.0,0.0,0.0,0.0,0.0,0.0,0.0,0.0,0.0,0.0,0.0,0.0,0.0,0.0,0.0,0.0,0.0,0.0,0.0,0.0,0.0,0.0,0.0
0.0,0.0,0.0,0.0,0.0,0.0,0.0,0.0,0.0,0.0,0.03131372613978046,0.0,0.0,0.0,0.2499196754847687,0.48595151864994507,0.3942097033355889,0.1425316223170868,0.16324533823249313,0.25591018542991917,0.49261974004892467,0.6858568574320919,0.0,0.0,0.0,0.03783971659194044,0.0,0.0,0.0,0.0,0.0,0.0,0.0,0.0,0.0,0.0,0.0,0.0,0.42564008497140443,1.0,0.4086730575876993,0.0,0.0,0.0,0.0,0.0,0.0,0.0,0.0,0.0,0.0,0.0,0.0,0.0,0.0,0.0,0.0,0.0,0.0,0.0,0.0,0.0,0.0,0.0,0.0,0.0,0.0,0.0,0.0,0.0,0.0,0.0,0.0,0.0,0.0,0.0,0.0,0.0,0.0,0.0,0.0,0.0,0.0,0.0,0.0,0.0,0.0,0.0
0.0,0.0,0.0,0.0,0.0,0.0,0.0,0.0,0.0,0.0,0.0,0.0,0.0,0.0,0.15642423888787954,0.2524076183160765,0.03564211940488681,0.0,0.24826853869867632,0.48482820821997213,0.6859460718809138,0.49192398220900196,0.035851520229845946,0.0,0.13647387671641018,0.3900386606518697,0.0,0.0,0.0,0.0,0.0,0.0,0.0,0.0,0.0,0.0,0.0,0.0,0.0,0.4086730575876993,1.0,0.41911689019590886,0.0,0.0,0.0,0.0,0.0,0.0,0.0,0.0,0.0,0.0,0.0,0.0,0.0,0.0,0.0,0.0,0.0,0.0,0.0,0.0,0.0,0.0,0.0,0.0,0.0,0.0,0.0,0.0,0.0,0.0,0.0,0.0,0.0,0.0,0.0,0.0,0.0,0.0,0.0,0.0,0.0,0.0,0.0,0.0,0.0,0.0
0.0,0.0,0.0,0.0,0.0,0.0,0.0,0.0,0.0,0.0,0.0,0.0,0.0,0.0,0.025481824600234963,0.0,0.0,0.0,0.250147349858106,0.4874623773086569,0.3921045715159141,0.14187734111818287,0.16941605031236737,0.25811407798862557,0.4914733380913935,0.6859259145373785,0.0,0.035500698462983246,0.0,0.0,0.0,0.0,0.0,0.0,0.0,0.0,0.0,0.0,0.0,0.0,0.41911689019590886,1.0,0.4066989886026558,0.0,0.0,0.0,0.0,0.0,0.0,0.0,0.0,0.0,0.0,0.0,0.0,0.0,0.0,0.0,0.0,0.0,0.0,0.0,0.0,0.0,0.0,0.0,0.0,0.0,0.0,0.0,0.0,0.0,0.0,0.0,0.0,0.0,0.0,0.0,0.0,0.0,0.0,0.0,0.0,0.0,0.0,0.0,0.0,0.0
0.0,0.0,0.0,0.0,0.0,0.0,0.0,0.0,0.0,0.0,0.0,0.0,0.0,0.0,0.0,0.0,0.0,0.0,0.1587050136487328,0.252940506328947,0.0331035654558924,0.0,0.2547222165857753,0.4850341865178538,0.6862553365266512,0.48946886314811905,0.0,0.38931841201276063,0.0,0.2232500468191468,0.0,0.0,0.0,0.0,0.0,0.0,0.0,0.0,0.0,0.0,0.0,0.4066989886026558,1.0,0.0,0.0,0.0,0.0,0.0,0.0,0.0,0.0,0.0,0.0,0.0,0.0,0.0,0.0,0.0,0.0,0.0,0.0,0.0,0.0,0.0,0.0,0.0,0.0,0.0,0.0,0.0,0.0,0.0,0.0,0.0,0.0,0.0,0.0,0.0,0.0,0.0,0.0,0.0,0.0,0.0,0.0,0.0,0.0,0.0
0.3983686775721062,0.29037103369832484,0.12003859556781162,0.04302949833085529,0.10830755452266251,0.2723504055449273,0.4247418742277941,0.27074191028690026,0.16894776925626834,0.17544058988971217,0.37542545677958017,0.15085336140026084,0.03748587135514933,0.09340620647353184,0.37594274752406376,0.12429091287953993,0.0,0.0,0.486011801922851,0.25433524185025325,0.03156260073089034,0.0,0.6868637378461844,0.4926866191493814,0.25614480591982514,0.17053279088944384,0.0,0.3997516283300685,0.0,0.23313389993147107,0.1670726014427709,0.0,0.0,0.0,0.0,0.0,0.0,0.0,0.0,0.0,0.0,0.0,0.0,1.0,0.0,0.0,0.0,0.0,0.0,0.0,0.0,0.0,0.0,0.0,0.0,0.0,0.0,0.0,0.0,0.0,0.0,0.0,0.0,0.0,0.29327056539734325,0.2360245778786967,0.0,0.0,0.0,0.0,0.0,0.0,0.0,0.0,0.0,0.0,0.0,0.0,0.0,0.0,0.0,0.0,0.0,0.20324718165871863,0.32965947585376215,0.0,0.0,0.0
0.0,0.0,0.0,0.0,0.0,0.0,0.0,0.0,0.0,0.0,0.0,0.0,0.0,0.0,0.0,0.0,0.0,0.0,0.0,0.0,0.0,0.0,0.0,0.0,0.0,0.0,0.0,0.0,0.0,0.0,0.0,0.0,0.0,0.0,0.0,0.0,0.0,0.0,0.0,0.0,0.0,0.0,0.0,0.0,1.0,0.7383171292028815,0.5469827119677394,0.4723966273460368,0.54354036226552,0.7350218079928027,0.7298246041897327,0.5455511226470772,0.47718346914523285,0.5420696455826759,0.5221516272290168,0.2988336397681734,0.21485116554381356,0.3048856144830752,0.4077785720919729,0.1713747063059478,0.03824373094128917,0.08377159178370522,0.38390732150957496,0.16166136599502384,0.0,0.0,0.43166551734261727,0.2492936233157171,0.06585275638804922,0.03207221421512517,0.3056215373350331,0.15806662037701108,0.07163071665923078,0.007169394751914158,0.48601231011082663,0.15870361585488013,0.25014530211435376,0.2482683016768692,0.1632469538136173,0.034560125265764366,0.0,0.0,0.0,0.0,0.0,0.0,0.0,0.3983686775721062
0.0,0.0,0.0,0.0,0.0,0.0,0.0,0.0,0.1040987643740959,0.1670295515074792,0.0,0.0,0.0,0.0,0.0,0.0,0.0,0.0,0.0,0.0,0.0,0.0,0.0,0.0,0.0,0.0,0.0,0.0,0.0,0.0,0.0,0.0,0.0,0.2820461616914542,0.1076445492253874,0.0,0.0,0.0,0.0,0.0,0.0,0.0,0.0,0.0,0.7383171292028815,1.0,0.7425853295412499,0.5485839650719931,0.48344783065362384,0.5500750849245799,0.5328089936695525,0.3053565531008802,0.21893935160009814,0.3080459435699657,0.4317299960509641,0.19352588073794585,0.050241377458908165,0.08935209894367768,0.42069435444613856,0.22136114634934687,0.05094853894637621,0.03271941014084333,0.4315913016002524,0.27459674313966564,0.13014061299595472,0.10334352763887787,0.4129368135586622,0.2627527867550707,0.14607142404953208,0.1525670890117646,0.54798216981543,0.12143411948514903,0.3237704002876753,0.0,0.6868664945524682,0.2547249209166618,0.16941788053465967,0.03585590094583031,0.0,0.0,0.0,0.0,0.0,0.0,0.0,0.0,0.0,0.29037103369832484
0.0,0.0,0.0,0.0,0.0,0.0,0.0,0.0,0.0,0.11121898318663137,0.0,0.0,0.0,0.0,0.0,0.0,0.0,0.0,0.0,0.0,0.0,0.0,0.0,0.0,0.0,0.0,0.0,0.0,0.0,0.0,0.0,0.0,0.0,0.24259505645494878,0.0,0.0,0.0,0.0,0.0,0.0,0.0,0.0,0.0,0.0,0.5469827119677394,0.7425853295412499,1.0,0.7375071259820847,0.5546028283334453,0.4813180220317727,0.29710268619029045,0.09638329643184068,0.0667669494502228,0.2178918042450846,0.1750668543919214,0.0,0.0,0.0,0.18612597597847558,0.00010526496749999573,0.0,0.0,0.24921425830513766,0.14592153021293944,0.0,0.0,0.2627484286868069,0.18690436476770253,0.103989974184171,0.08595798885685668,0.7344819133232745,0.07772720364215747,0.4912090379477673,0.0,0.49269373234476227,0.48503452933930213,0.25811437427322126,0.0,0.0,0.0,0.0,0.0,0.0,0.0,0.0,0.0,0.0,0.12003859556781162
0.0,0.0,0.0,0.0,0.0,0.0,0.0,0.0,0.0,0.0,0.0,0.0,0.0,0.0,0.0,0.0,0.0,0.0,0.0,0.0,0.0,0.0,0.0,0.0,0.0,0.0,0.0,0.0,0.0,0.0,0.0,0.0,0.0,0.0,0.0,0.0,0.0,0.0,0.0,0.0,0.0,0.0,0.0,0.0,0.4723966273460368,0.5485839650719931,0.7375071259820847,1.0,0.7454816576644157,0.5489900946061447,0.2023037000874734,0.05774805781891173,0.10367508164456159,0.3090590753898979,0.019927063529266615,0.0,0.0,0.0,0.0,0.0,0.0,0.0,0.06580959605278659,0.0,0.0,0.0,0.14610848315944128,0.10404546824450038,0.0,0.0,0.5430286953492846,0.06901601273259293,0.31986852238128516,0.0,0.2561499637486768,0.6862573244689854,0.4914734819252427,0.13647905499889626,0.0,0.0,0.0,0.0,0.0,0.0,0.0,0.0,0.0,0.04302949833085529
0.0,0.0,0.0,0.0,0.0,0.0,0.0,0.0,0.0,0.0,0.0,0.0,0.0,0.0,0.0,0.0,0.0,0.0,0.0,0.0,0.0,0.0,0.0,0.0,0.0,0.0,0.0,0.0,0.0,0.0,0.0,0.0,0.0,0.0,0.0,0.0,0.0,0.0,0.0,0.0,0.0,0.0,0.0,0.0,0.54354036226552,0.48344783065362384,0.5546028283334453,0.7454816576644157,1.0,0.7375422843811598,0.2973114944834502,0.21493753128275908,0.31419731499603915,0.5428844900386532,0.06690754865749442,0.0,0.0,0.0,0.0,0.0,0.0,0.0,0.03206527590293569,0.0,0.0,0.0,0.15264442231303593,0.08606209414275705,0.0,0.0,0.3120622221727464,0.09494721421906656,0.07804535109129151,0.01824374249179053,0.1705380814366534,0.4894705616100512,0.6859257543337648,0.3900429520378176,0.037846619307328196,0.0,0.0,0.0,0.0,0.0,0.0,0.0,0.0,0.10830755452266234
0.0,0.0,0.0,0.0,0.0,0.0,0.0,0.0,0.0,0.0,0.0,0.0,0.0,0.0,0.0,0.0,0.0,0.0,0.0,0.0,0.0,0.0,0.0,0.0,0.0,0.0,0.0,0.0,0.0,0.0,0.0,0.0,0.0,0.0,0.0,0.0,0.0,0.0,0.0,0.0,0.0,0.0,0.0,0.0,0.7350218079928027,0.5500750849245799,0.4813180220317727,0.5489900946061447,0.7375422843811598,1.0,0.5375684576119723,0.4766026865802025,0.5524521125477598,0.735487034363762,0.2858635360894051,0.08632763350702852,0.06057023050313069,0.2150576992933719,0.1534930003028431,0.0,0.0,0.0,0.16167546961397605,0.0,0.0,0.0,0.2746934856767193,0.14603799188435573,0.0,0.0,0.21596680437141896,0.13266040310917476,0.0,0.036530422082124196,0.2543388749258111,0.2529418103609095,0.4874625431464291,0.48483007286741525,0.2559148190380005,0.0,0.0,0.0,0.0,0.0,0.0,0.0,0.0,0.2723504055449274
0.0,0.0,0.0,0.0,0.0,0.0,0.0,0.0,0.0,0.0,0.0,0.0,0.0,0.0,0.0,0.0,0.0,0.0,0.0,0.0,0.0,0.0,0.0,0.0,0.0,0.0,0.0,0.0,0.0,0.0,0.0,0.0,0.0,0.0,0.0,0.0,0.0,0.0,0.0,0.0,0.0,0.0,0.0,0.0,0.7298246041897327,0.5328089936695525,0.29710268619029045,0.2023037000874734,0.2973114944834502,0.5375684576119723,1.0,0.7368532463739482,0.5418850434078853,0.47019663952437807,0.7308212728799865,0.5451699455178298,0.4764096166242681,0.543051339537593,0.519845036577839,0.2935033632277208,0.21181807553277476,0.30479014870763627,0.40780224673653004,0.15350758742132956,0.0173453803592694,0.07140190445188309,0.42076683666086107,0.18619692756048015,0.0,0.0,0.08086240351223949,0.08028093189100491,0.0,0.0,0.37593148779562674,0.0,0.025479816998132294,0.1564248662539333,0.24992236467276172,0.2498225339593223,0.1628383529248748,0.03537994441031603,0.0,0.0,0.0,0.0,0.0,0.4247418742277941
0.0,0.0,0.0,0.0,0.0,0.0,0.0,0.0,0.0,0.0,0.0,0.0,0.0,0.0,0.0,0.0,0.0,0.0,0.0,0.0,0.0,0.0,0.0,0.0,0.0,0.0,0.0,0.0,0.0,0.0,0.0,0.0,0.0,0.0,0.0,0.0,0.0,0.0,0.0,0.0,0.0,0.0,0.0,0.0,0.5455511226470772,0.3053565531008802,0.09638329643184068,0.05774805781891173,0.21493753128275908,0.4766026865802025,0.7368532463739482,1.0,0.7348698219281384,0.5487945876204534,0.5433948066369919,0.4790033986359201,0.5523398312039106,0.7361469525141726,0.29351628742049307,0.08717947594535821,0.05937001379002746,0.2159712554415742,0.1714149779492522,0.0,0.0,0.0,0.22145023004418599,0.00020058638886618257,0.0,0.0,0.0,0.0,0.0,0.0,0.12428749998591049,0.0,0.0,0.25241074037020633,0.4859546686047541,0.48572006786498845,0.255766768277977,0.0,0.0,0.0,0.0,0.0,0.0,0.27074191028690026
0.0,0.0,0.0,0.0,0.0,0.0,0.0,0.0,0.0,0.0,0.0,0.0,0.0,0.0,0.0,0.0,0.0,0.0,0.0,0.0,0.0,0.0,0.0,0.0,0.0,0.0,0.0,0.0,0.0,0.0,0.0,0.0,0.0,0.0,0.0,0.0,0.0,0.0,0.0,0.0,0.0,0.0,0.0,0.0,0.47718346914523285,0.21893935160009814,0.0667669494502228,0.10367508164456159,0.31419731499603915,0.5524521125477598,0.5418850434078853,0.7348698219281384,1.0,0.7479087784788925,0.2998815430209128,0.21396107907571202,0.31242818754909435,0.5431651406592883,0.07141475028041912,0.0,0.0,0.0,0.0,0.0,0.0,0.0,0.10345060325221705,0.0,0.0,0.0,0.0,0.0,0.0,0.0,0.0,0.0,0.14188079785654886,0.49192468529293576,0.6858602058625553,0.39316746995533086,0.036575352746742194,0.0,0.0,0.0,0.0,0.0,0.0,0.16894776925626825
0.0,0.0,0.0,0.0,0.0,0.0,0.0,0.0,0.0,0.0,0.0,0.0,0.0,0.0,0.0,0.0,0.0,0.0,0.0,0.0,0.0,0.0,0.0,0.0,0.0,0.0,0.0,0.0,0.0,0.0,0.0,0.0,0.0,0.0,0.0,0.0,0.0,0.0,0.0,0.0,0.0,0.0,0.0,0.0,0.5420696455826759,0.3080459435699657,0.2178918042450846,0.3090590753898979,0.5428844900386532,0.735487034363762,0.47019663952437807,0.5487945876204534,0.7479087784788925,1.0,0.2024495131456881,0.05571385944833278,0.10310645536795138,0.3114697407644129,0.017349990251560997,0.0,0.0,0.0,0.0,0.0,0.0,0.0,0.13025368035311566,0.0,0.0,0.0,0.0,0.02084069225680981,0.0,0.0,0.031568351307681056,0.03310840913345646,0.39210766820961046,0.6859449942143752,0.49262386274714415,0.1423863581911148,0.0,0.0,0.0,0.0,0.0,0.0,0.0,0.17544058988971226
