1.0,0.7383165638069309,0.5469829179440747,0.4723965910498659,0.5435408677298117,0.7350219645647316,0.7298261286603945,0.5455521686402963,0.47718564108120887,0.5420703616131995,0.5221554473113408,0.29883831762918733,0.2148539845796935,0.3048888227998438,0.40778336910935736,0.17138264629620042,0.038253147505902,0.08377800481715995,0.38390470232797563,0.16165888992099953,0.0,0.0,0.4316513064229789,0.24927611916604797,0.0658375627178224,0.032063691754855655,0.3056212506476308,0.15804302850359014,0.0716293748101938,0.007135649140177749,0.48601121821955684,0.15870091022632699,0.25014422581372875,0.24826702154770816,0.1632459307105465,0.0345592247969414,0.0,0.0,0.0,0.0,0.0,0.0,0.0,0.39834839712541653,0.0,0.0,0.0,0.0,0.0,0.0,0.0,0.0,0.0,0.0,0.0,0.0,0.0,0.0,0.0,0.0,0.0,0.0,0.0,0.0,0.0,0.0,0.0,0.0,0.0,0.0,0.0,0.0,0.0,0.0,0.0,0.0,0.0,0.0,0.0,0.0,0.0,0.0,0.0,0.0,0.0,0.0,0.0,0.0
0.7383165638069309,1.0,0.7425851775082147,0.5485832460548002,0.48344730016500315,0.5500742807325107,0.5328109920764157,0.3053568602071649,0.21894012589207024,0.3080454094247401,0.4317362416386426,0.19353231858373285,0.050244911025791046,0.08935493594329316,0.4207084116889589,0.22137925790204413,0.05096482174942596,0.03273024881050552,0.4316006036772302,0.27460663984386546,0.1301547174352374,0.10336102655136054,0.41293418197583087,0.2627455886012479,0.14606698875724258,0.1525696629020063,0.5479814372463581,0.12141965867788644,0.32376893551069497,0.0,0.6868651840528419,0.2547220044634914,0.1694155469293557,0.03585299734841316,0.0,0.0,0.0,0.0,0.0,0.0,0.0,0.0,0.0,0.29036290926541725,0.0,0.0,0.0,0.0,0.0,0.0,0.0,0.0,0.0,0.0,0.0,0.0,0.0,0.0,0.0,0.0,0.0,0.0,0.0,0.0,0.0,0.0,0.0,0.0,0.0,0.0,0.0,0.0,0.0,0.0,0.0,0.0,0.0,0.0,0.0,0.0,0.0,0.0,0.0,0.0,0.0,0.0,0.0,0.0
0.5469829179440747,0.7425851775082147,1.0,0.7375071621860878,0.554603110153489,0.4813182024446719,0.2971048461971684,0.09638377038938352,0.06676787434820931,0.21789195920745116,0.17507291232131164,0.0,0.0,0.0,0.1861403395446305,0.00012505123533239297,0.0,0.0,0.24922510988198252,0.145934789936842,0.0,0.0,0.26274767949696787,0.18689757687791714,0.10398745858924308,0.08596380289147043,0.7344826235078522,0.07771026105845737,0.4912088200525192,0.0,0.4926911768826736,0.485032558107609,0.25811288645901914,0.0,0.0,0.0,0.0,0.0,0.0,0.0,0.0,0.0,0.0,0.12003125568158884,0.0,0.0,0.0,0.0,0.0,0.0,0.0,0.0,0.0,0.0,0.0,0.0,0.0,0.0,0.0,0.0,0.0,0.0,0.0,0.0,0.0,0.0,0.0,0.0,0.0,0.0,0.0,0.0,0.0,0.0,0.0,0.0,0.0,0.0,0.0,0.0,0.0,0.0,0.0,0.0,0.0,0.0,0.0,0.0
0.4723965910498659,0.5485832460548002,0.7375071621860878,1.0,0.745481560309831,0.5489900205763983,0.20230514699065996,0.057748132479619636,0.10367544965237939,0.3090589485344582,0.01993194901297786,0.0,0.0,0.0,0.0,0.0,0.0,0.0,0.06581429279809203,0.0,0.0,0.0,0.14610095932143335,0.10402972103504135,0.0,0.0,0.5430312063964662,0.06898709708434281,0.3198703043319341,0.0,0.2561473147760648,0.6862546611536854,0.49147190476810076,0.13647603018444351,0.0,0.0,0.0,0.0,0.0,0.0,0.0,0.0,0.0,0.043015048550582885,0.0,0.0,0.0,0.0,0.0,0.0,0.0,0.0,0.0,0.0,0.0,0.0,0.0,0.0,0.0,0.0,0.0,0.0,0.0,0.0,0.0,0.0,0.0,0.0,0.0,0.0,0.0,0.0,0.0,0.0,0.0,0.0,0.0,0.0,0.0002245782366584171,0.0,0.0,0.0,0.0,0.0,0.0,0.0,0.0,0.0
0.5435408677298117,0.48344730016500315,0.554603110153489,0.745481560309831,1.0,0.737542630548914,0.2973128400454047,0.21493786125956216,0.3141978672188349,0.5428846399751164,0.0669117226152725,0.0,0.0,0.0,0.0,0.0,0.0,0.0,0.0320646077391569,0.0,0.0,0.0,0.15263097492637956,0.08604009715785467,0.0,0.0,0.31206423109474385,0.09491122294219037,0.0780465286902052,0.018187126189100036,0.17053600366568017,0.4894677674488929,0.6859239267125834,0.39004006069426134,0.03784516676163328,0.0,0.0,0.0,0.0,0.0,0.0,0.0,0.0,0.1082867851665104,0.0,0.0,0.0,0.0,0.0,0.0,0.0,0.0,0.14038489715754635,0.060455913048032814,0.0,0.0,0.0,0.0,0.0,0.0,0.0,0.0,0.0,0.0,0.0,0.0,0.0,0.0,0.0,0.0,0.0,0.0,0.0,0.0,0.0,0.0,0.0,0.02672291664988613,0.1981480484013165,0.0,0.0,0.0,0.0,0.0,0.0,0.0,0.0,0.0
0.7350219645647316,0.5500742807325107,0.4813182024446719,0.5489900205763983,0.737542630548914,1.0,0.5375690103899667,0.476602904703761,0.5524531964252384,0.7354873985349404,0.28586635398615146,0.08633119339521077,0.060571540036640795,0.21505931299391004,0.1534959217887215,0.0,0.0,0.0,0.161670497269774,0.0,0.0,0.0,0.274675685729847,0.14601408691740214,0.0,0.0,0.21596767395906413,0.13262579736464078,0.0,0.036480932183499244,0.2543370646594999,0.252939056288854,0.48746164610454396,0.48482805017095054,0.2559135001057788,0.0,0.0,0.0,0.0,0.0,0.0,0.0,0.0,0.27232471286349047,0.0,0.0,0.0,0.0,0.0,0.0,0.0,0.0,0.13436248738762757,0.12701982746859822,0.0,0.0,0.0,0.0,0.0,0.0,0.0,0.0,0.0,0.0,0.0,0.0,0.0,0.0,0.0,0.0,0.0,0.0,0.0,0.0,0.0,0.0,0.0,0.1348814245570001,0.15372829809657734,0.0,0.0,0.0,0.0,0.0,0.0,0.0,0.0,0.0
0.7298261286603945,0.5328109920764157,0.2971048461971684,0.20230514699065996,0.2973128400454047,0.5375690103899667,1.0,0.7368531091112214,0.541886381604673,0.4701967429720656,0.7308230703929446,0.545172797659874,0.47641113896430964,0.5430537429591656,0.5198445853276638,0.2935050370489256,0.2118223873609902,0.3047929033546457,0.4077965354065884,0.15350201452088588,0.01734410342558764,0.07140330957510284,0.4207533680827164,0.18618333933097936,0.0,0.0,0.08086361183803874,0.08026475591997181,0.0,0.0,0.37593408857856603,0.0,0.02547948095327336,0.15642391331166927,0.24992006427797225,0.24982128747092971,0.1628418292642218,0.03538256756521509,0.0,0.0,0.0,0.0,0.0,0.4247242423231784,0.0,0.0,0.0,0.0,0.0,0.0,0.0,0.0,0.0,0.0,0.0,0.0,0.0,0.0,0.0,0.0,0.0,0.0,0.0,0.0,0.0,0.0,0.0,0.0,0.0,0.0,0.0,0.0,0.0,0.0,0.0,0.0,0.0,0.0,0.0,0.0,0.0,0.0,0.0,0.0,0.0,0.0,0.0,0.0
0.5455521686402963,0.3053568602071649,0.09638377038938352,0.057748132479619636,0.21493786125956216,0.476602904703761,0.7368531091112214,1.0,0.7348707470798855,0.5487943928744042,0.543395340292692,0.47900441293386486,0.5523395381435844,0.7361483550766221,0.2935134124819729,0.08717801065323831,0.05937143162253516,0.21597093428386027,0.17140769793325197,0.0,0.0,0.0,0.22143587713182547,0.00018550755060997158,0.0,0.0,0.0,0.0,0.0,0.0,0.124287768977286,0.0,0.0,0.2524106147367303,0.485952552159817,0.4857180331977492,0.2557693139552996,0.0,0.0,0.0,0.0,0.0,0.0,0.27072324226539385,0.0,0.0,0.0,0.0,0.0,0.0,0.0,0.0,0.0,0.05583104391585483,0.0,0.0,0.0,0.0,0.0,0.0,0.0,0.0,0.0,0.0,0.0,0.0,0.0,0.0,0.0,0.0,0.0,0.0,0.0,0.0,0.0,0.0,0.0,0.1203952313760045,0.0,0.0,0.0,0.0,0.0,0.0,0.0,0.0,0.0,0.0
0.47718564108120887,0.21894012589207024,0.06676787434820931,0.10367544965237939,0.3141978672188349,0.5524531964252384,0.541886381604673,0.7348707470798855,1.0,0.7479088404345166,0.29988376917575627,0.21396300089015163,0.3124276512167239,0.5431651729219333,0.07141388979884868,0.0,0.0,0.0,0.0,0.0,0.0,0.0,0.10343515193428116,0.0,0.0,0.0,0.0,0.0,0.0,0.0,0.0,0.0,0.14188058959311292,0.49192492014971645,0.6858569279791196,0.3931632456000475,0.036577506655811234,0.0,0.0,0.0,0.0,0.0,0.0,0.16892625758873908,0.0,0.0,0.0,0.0,0.14038489715754635,0.13436248738762757,0.0,0.0,0.1723372391176841,0.290133430597471,0.0,0.0,0.0,0.0,0.0,0.0,0.0,0.0,0.0,0.0,0.0,0.0,0.0,0.0,0.0,0.0,0.0,0.0,0.0,0.0,0.0,0.0,0.1537417406614988,0.33314557590994986,0.09269177815137507,0.0,0.0,0.0,0.0,0.0,0.0,0.0,0.0,0.0
0.5420703616131995,0.3080454094247401,0.21789195920745116,0.3090589485344582,0.5428846399751164,0.7354873985349404,0.4701967429720656,0.5487943928744042,0.7479088404345166,1.0,0.20245122506530766,0.05571583946400798,0.10310609599660947,0.3114698787189608,0.017349771685372148,0.0,0.0,0.0,0.0,0.0,0.0,0.0,0.13023497095677006,0.0,0.0,0.0,0.0,0.020806429199141045,0.0,0.0,0.03156691106114504,0.033105666313329715,0.39210746907387295,0.6859440728295036,0.4926223827393985,0.1423823250193502,0.0,0.0,0.0,0.0,0.0,0.0,0.0,0.17541426531176194,0.0,0.0,0.0,0.0,0.060455913048032814,0.12701982746859822,0.0,0.05583104391585483,0.29013343059747104,0.3292576109850867,0.0,0.0,0.0,0.0,0.0,0.0,0.0,0.0,0.0,0.0,0.0,0.0,0.0,0.0,0.0,0.0,0.0,0.0,0.0,0.0,0.0,0.0,0.0323676863846449,0.3348542695569619,0.2559033266356619,0.0,0.0,0.0,0.0,0.0,0.0,0.0,0.0,0.0
0.5221554473113408,0.4317362416386426,0.17507291232131164,0.01993194901297786,0.0669117226152725,0.28586635398615146,0.7308230703929446,0.543395340292692,0.29988376917575627,0.20245122506530766,1.0,0.7354291736553156,0.5421387977815618,0.4746497613831834,0.730824951971831,0.5433938460949251,0.4746481818943616,0.5421380826466907,0.5221623305183531,0.2858703017451995,0.2024504138852145,0.2998812333225816,0.43175335700875783,0.1750882093798663,0.01994269232106808,0.0669176646355531,0.012216342552824744,0.012234090721064673,0.0,0.0,0.37539520133380855,0.0,0.0,0.0,0.03131470403822153,0.16109754237303167,0.24913962060432449,0.24913805368892877,0.16109683080119794,0.031311826273369925,0.0,0.0,0.0,0.37542146190659853,0.0,0.0,0.0,0.0,0.0,0.0,0.0,0.0,0.0,0.0,0.0,0.0,0.0,0.0,0.0,0.0,0.0,0.0,0.0,0.0,0.0,0.0,0.0,0.0,0.0,0.0,0.0,0.0,0.0,0.0,0.0,0.0,0.0,0.0,0.0,0.0,0.0,0.0,0.0,0.0,0.0,0.0,0.0,0.0
0.29883831762918733,0.19353231858373285,0.0,0.0,0.0,0.08633119339521077,0.545172797659874,0.47900441293386486,0.21396300089015163,0.05571583946400798,0.7354291736553156,1.0,0.7361606892679724,0.5512995889127777,0.5451760287297471,0.47900424075391884,0.5512975492304757,0.7361597180247141,0.29884724620853964,0.0863374938812051,0.0557169943521253,0.21396196756959807,0.19354826872532174,0.0,0.0,0.0,0.0,0.0,0.0,0.0,0.15082957639017178,0.0,0.0,0.0,0.0,0.25466095861199745,0.48622228116097954,0.4862202679956365,0.2546593516855366,0.0,0.0,0.0,0.0,0.15085190759679187,0.0,0.0,0.0,0.0,0.0,0.0,0.0,0.0,0.0,0.0,0.0,0.0,0.0,0.0,0.0,0.0,0.0,0.0,0.0,0.0,0.0,0.0,0.0,0.0,0.0,0.0,0.0,0.0,0.0,0.0,0.0,0.0,0.0,0.0,0.0,0.0,0.0,0.0,0.0,0.0,0.0,0.0,0.0,0.0
0.2148539845796935,0.050244911025791046,0.0,0.0,0.0,0.060571540036640795,0.47641113896430964,0.5523395381435844,0.3124276512167239,0.10310609599660947,0.5421387977815618,0.7361606892679724,1.0,0.7473496153390191,0.3047998648157111,0.2159737145918698,0.311965219336497,0.5435053492145684,0.08379494777023619,0.0,0.0,0.0,0.03275909675235039,0.0,0.0,0.0,0.0,0.0,0.0,0.0,0.0,0.0,0.0,0.0,0.1425359276467733,0.49138041463279625,0.685886280545956,0.3933473963795099,0.03535317895671918,0.0,0.0,0.0,0.0,0.03747934954245697,0.0,0.0,0.0,0.0,0.0,0.0,0.0,0.0,0.0,0.0,0.0,0.0,0.0,0.0,0.0,0.0,0.0,0.0,0.0,0.0,0.0,0.0,0.0,0.0,0.0,0.0,0.0,0.0,0.0,0.0,0.0,0.0,0.0,0.0,0.0,0.0,0.0,0.0,0.0,0.0,0.0,0.0,0.0,0.0
0.3048888227998438,0.08935493594329316,0.0,0.0,0.0,0.21505931299391004,0.5430537429591656,0.7361483550766221,0.5431651729219333,0.3114698787189608,0.4746497613831834,0.5512995889127777,0.7473496153390191,1.0,0.21183243411292416,0.0593759734522534,0.10277022894082646,0.3119661149554883,0.038277478492705595,0.0,0.0,0.0,0.05100957924554861,0.0,0.0,0.0,0.0,0.0,0.0,0.0,0.0,0.0,0.0,0.035646396803263536,0.3942113089452456,0.6859135226894467,0.49147383317236965,0.14154311346606552,0.0,0.0,0.0,0.0,0.0,0.0933952665948535,0.0,0.0,0.0,0.0,0.0,0.0,0.0,0.0,0.0,0.0,0.0,0.0,0.0,0.0,0.0,0.0,0.0,0.0,0.0,0.0,0.0,0.0,0.0,0.0,0.0,0.0,0.0,0.0,0.0,0.0,0.0,0.0,0.0,0.012348182479775701,0.0,0.0,0.0,0.0,0.0,0.0,0.0,0.0,0.0,0.0
0.40778336910935736,0.4207084116889589,0.1861403395446305,0.0,0.0,0.1534959217887215,0.5198445853276638,0.2935134124819729,0.07141388979884868,0.017349771685372148,0.730824951971831,0.5451760287297471,0.3047998648157111,0.21183243411292416,1.0,0.7368524383391998,0.543054527877286,0.47641300604324394,0.7298283513717051,0.5375697131769724,0.4701955428395702,0.5418848382502497,0.5328159106351928,0.2971084727721274,0.20230776024185218,0.2973136364981598,0.08020880201213419,0.08086709149571761,0.0,0.0,0.4246509512658706,0.0,0.0,0.0,0.0,0.0,0.03539111260595724,0.1628439979122442,0.24982338417587846,0.2499194305531404,0.15642340959978726,0.02548020099116144,0.0,0.37594265188260645,0.0,0.0,0.0,0.0,0.0,0.0,0.0,0.0,0.0,0.0,0.0,0.0,0.0,0.0,0.0,0.0,0.0,0.0,0.0,0.0,0.0,0.0,0.0,0.0,0.0,0.0,0.0,0.0,0.0,0.0,0.0,0.0,0.0,0.0,0.0,0.0,0.0,0.0,0.0,0.0,0.0,0.0,0.0,0.0
0.17138264629620042,0.22137925790204413,0.00012505123533239297,0.0,0.0,0.0,0.2935050370489256,0.08717801065323831,0.0,0.0,0.5433938460949251,0.47900424075391884,0.2159737145918698,0.0593759734522534,0.7368524383391998,1.0,0.736149140760609,0.5523397918205021,0.5455531279903123,0.47660213065474677,0.5487926170998064,0.7348696144580558,0.3053568923778129,0.09638244986333616,0.05774710209922908,0.2149359558857801,0.0,0.0,0.0,0.0,0.2706416789421151,0.0,0.0,0.0,0.0,0.0,0.0,0.255770353502734,0.48572047407198526,0.48595238179728234,0.25240881204791293,0.0,0.0,0.1242906326269601,0.0,0.0,0.0,0.0,0.0,0.0,0.0,0.0,0.0,0.0,0.0,0.0,0.0,0.0,0.0,0.0,0.0,0.0,0.0,0.0,0.0,0.0,0.0,0.0,0.0,0.0,0.0,0.0,0.0,0.0,0.0,0.0,0.0,0.0,0.0,0.0,0.0,0.0,0.0,0.0,0.0,0.0,0.0,0.0
0.038253147505902,0.05096482174942596,0.0,0.0,0.0,0.0,0.2118223873609902,0.05937143162253516,0.0,0.0,0.4746481818943616,0.5512975492304757,0.311965219336497,0.10277022894082646,0.543054527877286,0.736149140760609,1.0,0.7473482805714305,0.30489153924629475,0.21505976697990006,0.31146850999219133,0.5431643200133688,0.08935689204684275,0.0,0.0,0.0,0.0,0.0,0.0,0.0,0.09333736681150528,0.0,0.0,0.0,0.0,0.0,0.14154479311238188,0.491473145798704,0.6859147803493425,0.39420998942298874,0.03564411984386013,0.0,0.0,0.0,0.0,0.0,0.0,0.0,0.0,0.0,0.0,0.0,0.0,0.0,0.0,0.0,0.0,0.0,0.0,0.0,0.0,0.0,0.0,0.0,0.0,0.0,0.0,0.0,0.0,0.0,0.0,0.0,0.0,0.0,0.0,0.0,0.0,0.0,0.0,0.0,0.0,0.0,0.0,0.0,0.0,0.0,0.0,0.0
0.08377800481715995,0.03273024881050552,0.0,0.0,0.0,0.0,0.3047929033546457,0.21597093428386027,0.0,0.0,0.5421380826466907,0.7361597180247141,0.5435053492145684,0.3119661149554883,0.47641300604324394,0.5523397918205021,0.7473482805714305,1.0,0.21485944956999792,0.06057468610441121,0.10310589357764706,0.31242668137473767,0.050252285248704336,0.0,0.0,0.0,0.0,0.0,0.0,0.0,0.03744260474103005,0.0,0.0,0.0,0.0,0.03535454250932564,0.3933497841434507,0.6858860893949458,0.49137949352021043,0.1425339122126214,0.0,0.0,0.0,0.0,0.0,0.0,0.0,0.0,0.0,0.0,0.0,0.0,0.0,0.0,0.0,0.0,0.0,0.0,0.0,0.0,0.0,0.0,0.0,0.0,0.0,0.0,0.0,0.0,0.0,0.0,0.0,0.0,0.0,0.0,0.0,0.0,0.0,0.0,0.0,0.0,0.0,0.0,0.0,0.0,0.0,0.0,0.0,0.0
0.38390470232797563,0.4316006036772302,0.24922510988198252,0.06581429279809203,0.0320646077391569,0.161670497269774,0.4077965354065884,0.17140769793325197,0.0,0.0,0.5221623305183531,0.29884724620853964,0.08379494777023619,0.038277478492705595,0.7298283513717051,0.5455531279903123,0.30489153924629475,0.21485944956999792,1.0,0.7350225016335633,0.5420704743059999,0.477185542539518,0.7383167833413272,0.5469829358161333,0.4723970829342103,0.5435410463908739,0.15796552830321392,0.30562055153577194,0.007038844312346244,0.07162935016597198,0.3982582243352598,0.0,0.0,0.0,0.0,0.0,0.0,0.0,0.03456309172059429,0.16324685775006292,0.24826817360988224,0.2501451847934885,0.15870198072702874,0.48601272241572924,0.0,0.0,0.0,0.0,0.0,0.0,0.0,0.0,0.0,0.0,0.0,0.0,0.0,0.0,0.0,0.0,0.0,0.0,0.0,0.0,0.0,0.0,0.0,0.0,0.0,0.0,0.0,0.0,0.0,0.0,0.0,0.0,0.0,0.0,0.0,0.0,0.0,0.0,0.0,0.0,0.0,0.0,0.0,0.0
0.16165888992099953,0.27460663984386546,0.145934789936842,0.0,0.0,0.0,0.15350201452088588,0.0,0.0,0.0,0.2858703017451995,0.0863374938812051,0.0,0.0,0.5375697131769724,0.47660213065474677,0.21505976697990006,0.06057468610441121,0.7350225016335633,1.0,0.7354867485422018,0.5524515942758201,0.5500728256335614,0.4813163095739449,0.5489893622031374,0.737541602282557,0.13250350728374713,0.21596519780051893,0.03632617769489339,0.0,0.27221460871018194,0.0,0.0,0.0,0.0,0.0,0.0,0.0,0.0,0.25591248085991164,0.48482859076537627,0.487461504680782,0.2529389670673626,0.25433636092463835,0.0,0.0,0.0,0.0,0.0,0.0,0.0,0.0,0.0,0.0,0.0,0.0,0.0,0.0,0.0,0.0,0.0,0.0,0.0,0.0,0.0,0.0,0.0,0.0,0.0,0.0,0.0,0.0,0.0,0.0,0.0,0.0,0.0,0.0,0.0,0.0,0.0,0.0,0.0,0.0,0.0,0.0,0.0,0.0
0.0,0.1301547174352374,0.0,0.0,0.0,0.0,0.01734410342558764,0.0,0.0,0.0,0.2024504138852145,0.0557169943521253,0.0,0.0,0.4701955428395702,0.5487926170998064,0.31146850999219133,0.10310589357764706,0.5420704743059999,0.7354867485422018,1.0,0.7479072815711604,0.3080430709929574,0.21788864024534832,0.3090570035625513,0.5428823838772796,0.020668412505285384,0.0,0.0,0.0,0.1752980353133073,0.0,0.0,0.0,0.0,0.0,0.0,0.0,0.14238196646136886,0.4926212811046156,0.6859447608869347,0.3921052800207902,0.03310403983041873,0.03156575963026764,0.0,0.0,0.0,0.0,0.0,0.0,0.0,0.0,0.0,0.0,0.0,0.0,0.0,0.0,0.0,0.0,0.0,0.0,0.0,0.0,0.0,0.0,0.0,0.0,0.0,0.0,0.0,0.0,0.0,0.0,0.0,0.0,0.0,0.0,0.0,0.0,0.0,0.0,0.0,0.0,0.0,0.0,0.0,0.0
0.0,0.10336102655136054,0.0,0.0,0.0,0.0,0.07140330957510284,0.0,0.0,0.0,0.2998812333225816,0.21396196756959807,0.0,0.0,0.5418848382502497,0.7348696144580558,0.5431643200133688,0.31242668137473767,0.477185542539518,0.5524515942758201,0.7479072815711604,1.0,0.21893748699762045,0.06676373948652531,0.10367234932778743,0.3141944437287511,0.0,0.0,0.0,0.0,0.16882254249555365,0.0,0.0,0.0,0.0,0.0,0.0,0.036577878571444344,0.39316404216068096,0.6858579235148013,0.49192318324390655,0.14187684550877044,0.0,0.0,0.0,0.0,0.0,0.0,0.0,0.0,0.0,0.0,0.0,0.0,0.0,0.0,0.0,0.0,0.0,0.0,0.0,0.0,0.0,0.0,0.0,0.0,0.0,0.0,0.0,0.0,0.0,0.0,0.0,0.0,0.0,0.0,0.0,0.0,0.0,0.0,0.0,0.0,0.0,0.0,0.0,0.0,0.0,0.0
0.4316513064229789,0.41293418197583087,0.26274767949696787,0.14610095932143335,0.15263097492637956,0.274675685729847,0.4207533680827164,0.22143587713182547,0.10343515193428116,0.13023497095677006,0.43175335700875783,0.19354826872532174,0.03275909675235039,0.05100957924554861,0.5328159106351928,0.3053568923778129,0.08935689204684275,0.050252285248704336,0.7383167833413272,0.5500728256335614,0.3080430709929574,0.21893748699762045,1.0,0.7425842915566437,0.5485818425011191,0.48344582356797366,0.12139059508871655,0.5479799760219018,0.0,0.32376854332603033,0.29032321498586283,0.0,0.0,0.0,0.0,0.0,0.0,0.0,0.0,0.0,0.03585146186015612,0.16941481794481705,0.25472115515305643,0.6868648797653257,0.0,0.0,0.0,0.0,0.0,0.0,0.0,0.0,0.0,0.0,0.0,0.0,0.0,0.0,0.0,0.0,0.0,0.0,0.0,0.0,0.0,0.0,0.0,0.0,0.0,0.0,0.0,0.0,0.0,0.0,0.0,0.0,0.0,0.0,0.0,0.0,0.0,0.0,0.0,0.0,0.0,0.0,0.0,0.0
0.24927611916604797,0.2627455886012479,0.18689757687791714,0.10402972103504135,0.08604009715785467,0.14601408691740214,0.18618333933097936,0.00018550755060997158,0.0,0.0,0.1750882093798663,0.0,0.0,0.0,0.2971084727721274,0.09638244986333616,0.0,0.0,0.5469829358161333,0.4813163095739449,0.21788864024534832,0.06676373948652531,0.7425842915566437,1.0,0.7375058444697264,0.5546018065322429,0.07766898840378798,0.7344821999241883,0.0,0.49120844531831187,0.11998766941269169,0.0,0.0,0.0,0.0,0.0,0.0,0.0,0.0,0.0,0.0,0.25811220409482266,0.48503198106690537,0.49268803062204186,0.0,0.0,0.0,0.0,0.0,0.0,0.0,0.0,0.0,0.0,0.0,0.0,0.0,0.0,0.0,0.0,0.0,0.0,0.0,0.0,0.0,0.0,0.0,0.0,0.0,0.0,0.0,0.0,0.0,0.0,0.0,0.0,0.0,0.0,0.0,0.0,0.0,0.0,0.0,0.0,0.0,0.0,0.0,0.0
0.0658375627178224,0.14606698875724258,0.10398745858924308,0.0,0.0,0.0,0.0,0.0,0.0,0.0,0.01994269232106808,0.0,0.0,0.0,0.20230776024185218,0.05774710209922908,0.0,0.0,0.4723970829342103,0.5489893622031374,0.3090570035625513,0.10367234932778743,0.5485818425011191,0.7375058444697264,1.0,0.7454819980686375,0.0688939892413698,0.5430295029583848,0.0,0.31986759852417596,0.04294275135937485,0.0,0.0,0.0,0.0,0.0,0.0,0.0,0.0,0.0,0.13647477049419923,0.4914729239988817,0.6862552242586069,0.25614406701326864,0.0,0.0,0.0,0.0,0.0,0.0,0.0,0.0,0.0,0.0,0.0,0.0,0.0,0.0,0.0,0.0,0.0,0.0,0.0,0.0,0.0,0.0,0.0,0.0,0.0,0.0,0.0,0.0,0.0,0.0,0.0,0.0,0.0,0.0,0.0,0.0,0.0,0.0,0.0,0.0,0.0,0.0,0.0,0.0
0.032063691754855655,0.1525696629020063,0.08596380289147043,0.0,0.0,0.0,0.0,0.0,0.0,0.0,0.0669176646355531,0.0,0.0,0.0,0.2973136364981598,0.2149359558857801,0.0,0.0,0.5435410463908739,0.737541602282557,0.5428823838772796,0.3141944437287511,0.48344582356797366,0.5546018065322429,0.7454819980686375,1.0,0.0947799924000089,0.3120626298674442,0.01801124076393019,0.07804408748309681,0.10818738823605416,0.0,0.0,0.0,0.0,0.0,0.0,0.0,0.0,0.037841711585833486,0.3900386655190516,0.6859247587444346,0.48946882548740417,0.1705339676930732,0.0,0.0,0.0,0.0,0.0,0.0,0.0,0.0,0.0,0.0,0.0,0.0,0.0,0.0,0.0,0.0,0.0,0.0,0.0,0.0,0.0,0.0,0.0,0.0,0.0,0.0,0.0,0.0,0.0,0.0,0.0,0.0,0.0,0.0,0.0,0.0,0.0,0.0,0.0,0.0,0.0,0.0,0.0,0.0
0.3056212506476308,0.5479814372463581,0.7344826235078522,0.5430312063964662,0.31206423109474385,0.21596767395906413,0.08086361183803874,0.0,0.0,0.0,0.012216342552824744,0.0,0.0,0.0,0.08020880201213419,0.0,0.0,0.0,0.15796552830321392,0.13250350728374713,0.020668412505285384,0.0,0.12139059508871655,0.07766898840378798,0.0688939892413698,0.0947799924000089,1.0,0.0,0.7567246108702109,0.0,0.39975762457301495,0.3893181675842483,0.03550031398572153,0.0,0.0,0.0,0.0,0.0,0.0,0.0,0.0,0.0,0.0,0.0,0.0,0.0,0.0,0.0,0.0,0.0,0.0,0.0,0.0,0.0,0.0,0.0,0.0,0.0,0.0,0.0,0.0,0.0,0.0,0.0,0.0,0.0,0.0,0.0,0.0,0.0,0.0,0.0,0.0,0.0,0.0,0.0,0.0,0.0,0.0,0.0,0.0,0.0,0.0,0.0,0.0,0.0,0.0,0.0
0.15804302850359014,0.12141965867788644,0.07771026105845737,0.06898709708434281,0.09491122294219037,0.13262579736464078,0.08026475591997181,0.0,0.0,0.020806429199141045,0.012234090721064673,0.0,0.0,0.0,0.08086709149571761,0.0,0.0,0.0,0.30562055153577194,0.21596519780051893,0.0,0.0,0.5479799760219018,0.7344821999241883,0.5430295029583848,0.3120626298674442,0.0,1.0,0.0,0.7567246570834786,0.0,0.0,0.0,0.0,0.0,0.0,0.0,0.0,0.0,0.0,0.0,0.03549918164083043,0.38931672298537556,0.3997524536286665,0.0,0.0,0.0,0.0,0.0,0.0,0.0,0.0,0.0,0.0,0.0,0.0,0.0,0.0,0.0,0.0,0.0,0.0,0.0,0.0,0.0,0.0,0.0,0.0,0.0,0.0,0.0,0.0,0.0,0.0,0.0,0.0,0.0,0.0,0.0,0.0,0.0,0.0,0.0,0.0,0.0,0.0,0.0,0.0
0.0716293748101938,0.32376893551069497,0.4912088200525192,0.3198703043319341,0.0780465286902052,0.0,0.0,0.0,0.0,0.0,0.0,0.0,0.0,0.0,0.0,0.0,0.0,0.0,0.007038844312346244,0.03632617769489339,0.0,0.0,0.0,0.0,0.0,0.01801124076393019,0.7567246108702109,0.0,1.0,0.0,0.23313683960964682,0.22325055908845345,0.0,0.0,0.0,0.0,0.0,0.0,0.0,0.0,0.0,0.0,0.0,0.0,0.0,0.0,0.0,0.0,0.0,0.0,0.0,0.0,0.0,0.0,0.0,0.0,0.0,0.0,0.0,0.0,0.0,0.0,0.0,0.0,0.0,0.0,0.0,0.0,0.0,0.0,0.0,0.0,0.0,0.0,0.0,0.0,0.0,0.0,0.0,0.0,0.0,0.0,0.0,0.0,0.0,0.0,0.0,0.0
0.007135649140177749,0.0,0.0,0.0,0.018187126189100036,0.036480932183499244,0.0,0.0,0.0,0.0,0.0,0.0,0.0,0.0,0.0,0.0,0.0,0.0,0.07162935016597198,0.0,0.0,0.0,0.32376854332603033,0.49120844531831187,0.31986759852417596,0.07804408748309681,0.0,0.7567246570834786,0.0,1.0,0.0,0.0,0.0,0.0,0.0,0.0,0.0,0.0,0.0,0.0,0.0,0.0,0.22324684201702197,0.23313293440641022,0.0,0.0,0.0,0.0,0.0,0.0,0.0,0.0,0.0,0.0,0.0,0.0,0.0,0.0,0.0,0.0,0.0,0.0,0.0,0.0,0.0,0.0,0.0,0.0,0.0,0.0,0.0,0.0,0.0,0.0,0.0,0.0,0.0,0.0,0.0,0.0,0.0,0.0,0.0,0.0,0.0,0.0,0.0,0.0
0.48601121821955684,0.6868651840528419,0.4926911768826736,0.2561473147760648,0.17053600366568017,0.2543370646594999,0.37593408857856603,0.124287768977286,0.0,0.03156691106114504,0.37539520133380855,0.15082957639017178,0.0,0.0,0.4246509512658706,0.2706416789421151,0.09333736681150528,0.03744260474103005,0.3982582243352598,0.27221460871018194,0.1752980353133073,0.16882254249555365,0.29032321498586283,0.11998766941269169,0.04294275135937485,0.10818738823605416,0.39975762457301495,0.0,0.23313683960964682,0.0,1.0,0.0,0.0,0.0,0.0,0.0,0.0,0.0,0.0,0.0,0.0,0.0,0.0,0.1670774705270654,0.0,0.0,0.0,0.0,0.0,0.0,0.0,0.0,0.0,0.0,0.0,0.0,0.0,0.0,0.0,0.0,0.0,0.0,0.0,0.0,0.0,0.0,0.0,0.0,0.0,0.0,0.0,0.0,0.0,0.0,0.0,0.0,0.0,0.0,0.0,0.0,0.0,0.0,0.0,0.0,0.0,0.0,0.0,0.0
0.15870091022632699,0.2547220044634914,0.485032558107609,0.6862546611536854,0.4894677674488929,0.252939056288854,0.0,0.0,0.0,0.033105666313329715,0.0,0.0,0.0,0.0,0.0,0.0,0.0,0.0,0.0,0.0,0.0,0.0,0.0,0.0,0.0,0.0,0.3893181675842483,0.0,0.22325055908845345,0.0,0.0,1.0,0.40669550360577,0.0,0.0,0.0,0.0,0.0,0.0,0.0,0.0,0.0,0.0,0.0,0.0,0.0,0.0,0.0,0.0,0.0,0.0,0.0,0.0,0.0,0.0,0.0,0.0,0.0,0.0,0.0,0.0,0.0,0.0,0.0,0.0,0.0,0.0,0.0,0.0,0.0,0.0,0.0,0.0,0.0,0.0,0.0,0.0,0.0,0.0,0.0,0.0,0.0,0.0,0.0,0.0,0.0,0.0,0.0
0.25014422581372875,0.1694155469293557,0.25811288645901914,0.49147190476810076,0.6859239267125834,0.48746164610454396,0.02547948095327336,0.0,0.14188058959311292,0.39210746907387295,0.0,0.0,0.0,0.0,0.0,0.0,0.0,0.0,0.0,0.0,0.0,0.0,0.0,0.0,0.0,0.0,0.03550031398572153,0.0,0.0,0.0,0.0,0.40669550360577,1.0,0.4191216858673461,0.0,0.0,0.0,0.0,0.0,0.0,0.0,0.0,0.0,0.0,0.0,0.0,0.0,0.0,0.0,0.0,0.0,0.0,0.19861373195504642,0.041814714468201765,0.0,0.0,0.0,0.0,0.0,0.0,0.0,0.0,0.0,0.0,0.0,0.0,0.0,0.0,0.0,0.0,0.0,0.0,0.0,0.0,0.0,0.0,0.0,0.0,0.27550634977747496,0.04412049422992893,0.0,0.0,0.0,0.0,0.0,0.0,0.0,0.0
0.24826702154770816,0.03585299734841316,0.0,0.13647603018444351,0.39004006069426134,0.48482805017095054,0.15642391331166927,0.2524106147367303,0.49192492014971645,0.6859440728295036,0.0,0.0,0.0,0.035646396803263536,0.0,0.0,0.0,0.0,0.0,0.0,0.0,0.0,0.0,0.0,0.0,0.0,0.0,0.0,0.0,0.0,0.0,0.0,0.4191216858673461,1.0,0.40868040498248975,0.0,0.0,0.0,0.0,0.0,0.0,0.0,0.0,0.0,0.0,0.0,0.0,0.0,0.03452242820798709,0.17424873028894755,0.0,0.1555345094331159,0.4303794521324714,0.43258685540851555,0.0,0.0,0.0,0.015952197461911195,0.0,0.0,0.0,0.0,0.0,0.0,0.0,0.0,0.0,0.0,0.0,0.0,0.0,0.0,0.0,0.0,0.0,0.0,0.0,0.3660727367780819,0.3673427405862641,0.0,0.0,0.0,0.0,0.0,0.0,0.0,0.0,0.0
0.1632459307105465,0.0,0.0,0.0,0.03784516676163328,0.2559135001057788,0.24992006427797225,0.485952552159817,0.6858569279791196,0.4926223827393985,0.03131470403822153,0.0,0.1425359276467733,0.3942113089452456,0.0,0.0,0.0,0.0,0.0,0.0,0.0,0.0,0.0,0.0,0.0,0.0,0.0,0.0,0.0,0.0,0.0,0.0,0.0,0.40868040498248975,1.0,0.4256453862069514,0.0,0.0,0.0,0.0,0.0,0.0,0.0,0.0,0.0,0.0,0.0,0.0002901249947263973,0.2559807323844759,0.1985963659620856,0.0,0.0,0.11974535933431253,0.33059281431401305,0.0,0.0,0.0,0.0,0.0,0.0,0.0,0.0,0.0,0.0,0.0,0.0,0.0,0.0,0.0,0.0,0.0,0.0,0.0,0.0,0.0,0.0,0.27550634977747496,0.3673427405862641,0.0,0.0,0.0,0.0,0.0,0.0,0.0,0.0,0.0,0.0
0.0345592247969414,0.0,0.0,0.0,0.0,0.0,0.24982128747092971,0.4857180331977492,0.3931632456000475,0.1423823250193502,0.16109754237303167,0.25466095861199745,0.49138041463279625,0.6859135226894467,0.0,0.0,0.0,0.03535454250932564,0.0,0.0,0.0,0.0,0.0,0.0,0.0,0.0,0.0,0.0,0.0,0.0,0.0,0.0,0.0,0.0,0.4256453862069514,1.0,0.40653085688828944,0.0,0.0,0.0,0.0,0.0,0.0,0.0,0.0,0.0,0.0,0.0,0.0,0.0,0.0,0.0,0.0,0.0,0.0,0.0,0.0,0.0,0.0,0.0,0.0,0.0,0.0,0.0,0.0,0.0,0.0,0.0,0.0,0.0,0.0,0.0,0.0,0.0,0.0,0.0,0.04412049422992893,0.0,0.0,0.0,0.0,0.0,0.0,0.0,0.0,0.0,0.0,0.0
0.0,0.0,0.0,0.0,0.0,0.0,0.1628418292642218,0.2557693139552996,0.036577506655811234,0.0,0.24913962060432449,0.48622228116097954,0.685886280545956,0.49147383317236965,0.03539111260595724,0.0,0.14154479311238188,0.3933497841434507,0.0,0.0,0.0,0.0,0.0,0.0,0.0,0.0,0.0,0.0,0.0,0.0,0.0,0.0,0.0,0.0,0.0,0.40653085688828944,1.0,0.4240533117276813,0.0,0.0,0.0,0.0,0.0,0.0,0.0,0.0,0.0,0.0,0.0,0.0,0.0,0.0,0.0,0.0,0.0,0.0,0.0,0.0,0.0,0.0,0.0,0.0,0.0,0.0,0.0,0.0,0.0,0.0,0.0,0.0,0.0,0.0,0.0,0.0,0.0,0.0,0.0,0.0,0.0,0.0,0.0,0.0,0.0,0.0,0.0,0.0,0.0,0.0
0.0,0.0,0.0,0.0,0.0,0.0,0.03538256756521509,0.0,0.0,0.0,0.24913805368892877,0.4862202679956365,0.3933473963795099,0.14154311346606552,0.1628439979122442,0.255770353502734,0.491473145798704,0.6858860893949458,0.0,0.0,0.0,0.036577878571444344,0.0,0.0,0.0,0.0,0.0,0.0,0.0,0.0,0.0,0.0,0.0,0.0,0.0,0.0,0.4240533117276813,1.0,0.40652960536765154,0.0,0.0,0.0,0.0,0.0,0.0,0.0,0.0,0.0,0.0,0.0,0.0,0.0,0.0,0.0,0.0,0.0,0.0,0.0,0.0,0.0,0.0,0.0,0.0,0.0,0.0,0.0,0.0,0.0,0.0,0.0,0.0,0.0,0.0,0.0,0.0,0.0,0.0,0.0,0.0,0.0,0.0,0.0,0.0,0.0,0.0,0.0,0.0,0.0
0.0,0.0,0.0,0.0,0.0,0.0,0.0,0.0,0.0,0.0,0.16109683080119794,0.2546593516855366,0.03535317895671918,0.0,0.24982338417587846,0.48572047407198526,0.6859147803493425,0.49137949352021043,0.03456309172059429,0.0,0.14238196646136886,0.39316404216068096,0.0,0.0,0.0,0.0,0.0,0.0,0.0,0.0,0.0,0.0,0.0,0.0,0.0,0.0,0.0,0.40652960536765154,1.0,0.4256444655654865,0.0,0.0,0.0,0.0,0.0,0.0,0.0,0.0,0.0,0.0,0.0,0.0,0.0,0.0,0.0,0.0,0.0,0.0,0.0,0.0,0.0,0.0,0.0,0.0,0.0,0.0,0.0,0.0,0.0,0.0,0.0,0.0,0.0,0.0,0.0,0.0,0.0,0.0,0.0,0.0,0.0,0.0,0.0,0.0,0.0,0.0,0.0,0.0
0.0,0.0,0.0,0.0,0.0,0.0,0.0,0.0,0.0,0.0,0.031311826273369925,0.0,0.0,0.0,0.2499194305531404,0.48595238179728234,0.39420998942298874,0.1425339122126214,0.16324685775006292,0.25591248085991164,0.4926212811046156,0.6858579235148013,0.0,0.0,0.0,0.037841711585833486,0.0,0.0,0.0,0.0,0.0,0.0,0.0,0.0,0.0,0.0,0.0,0.0,0.4256444655654865,1.0,0.40867655739421777,0.0,0.0,0.0,0.0,0.0,0.0,0.0,0.0,0.0,0.0,0.0,0.0,0.0,0.0,0.0,0.0,0.0,0.0,0.0,0.0,0.0,0.0,0.0,0.0,0.0,0.0,0.0,0.0,0.0,0.0,0.0,0.0,0.0,0.0,0.0,0.0,0.0,0.0,0.0,0.0,0.0,0.0,0.0,0.0,0.0,0.0,0.0
0.0,0.0,0.0,0.0,0.0,0.0,0.0,0.0,0.0,0.0,0.0,0.0,0.0,0.0,0.15642340959978726,0.25240881204791293,0.03564411984386013,0.0,0.24826817360988224,0.48482859076537627,0.6859447608869347,0.49192318324390655,0.03585146186015612,0.0,0.13647477049419923,0.3900386655190516,0.0,0.0,0.0,0.0,0.0,0.0,0.0,0.0,0.0,0.0,0.0,0.0,0.0,0.40867655739421777,1.0,0.4191186708813624,0.0,0.0,0.0,0.0,0.0,0.0,0.0,0.0,0.0,0.0,0.0,0.0,0.0,0.0,0.0,0.0,0.0,0.0,0.0,0.0,0.0,0.0,0.0,0.0,0.0,0.0,0.0,0.0,0.0,0.0,0.0,0.0,0.0,0.0,0.0,0.0,0.0,0.0,0.0,0.0,0.0,0.0,0.0,0.0,0.0,0.0
0.0,0.0,0.0,0.0,0.0,0.0,0.0,0.0,0.0,0.0,0.0,0.0,0.0,0.0,0.02548020099116144,0.0,0.0,0.0,0.2501451847934885,0.487461504680782,0.3921052800207902,0.14187684550877044,0.16941481794481705,0.25811220409482266,0.4914729239988817,0.6859247587444346,0.0,0.03549918164083043,0.0,0.0,0.0,0.0,0.0,0.0,0.0,0.0,0.0,0.0,0.0,0.0,0.4191186708813624,1.0,0.40669725430843867,0.0,0.0,0.0,0.0,0.0,0.0,0.0,0.0,0.0,0.0,0.0,0.0,0.0,0.0,0.0,0.0,0.0,0.0,0.0,0.0,0.0,0.0,0.0,0.0,0.0,0.0,0.0,0.0,0.0,0.0,0.0,0.0,0.0,0.0,0.0,0.0,0.0,0.0,0.0,0.0,0.0,0.0,0.0,0.0,0.0
0.0,0.0,0.0,0.0,0.0,0.0,0.0,0.0,0.0,0.0,0.0,0.0,0.0,0.0,0.0,0.0,0.0,0.0,0.15870198072702874,0.2529389670673626,0.03310403983041873,0.0,0.25472115515305643,0.48503198106690537,0.6862552242586069,0.48946882548740417,0.0,0.38931672298537556,0.0,0.22324684201702197,0.0,0.0,0.0,0.0,0.0,0.0,0.0,0.0,0.0,0.0,0.0,0.40669725430843867,1.0,0.0,0.0,0.0,0.0,0.0,0.0,0.0,0.0,0.0,0.0,0.0,0.0,0.0,0.0,0.0,0.0,0.0,0.0,0.0,0.0,0.0,0.0,0.0,0.0,0.0,0.0,0.0,0.0,0.0,0.0,0.0,0.0,0.0,0.0,0.0,0.0,0.0,0.0,0.0,0.0,0.0,0.0,0.0,0.0,0.0
0.39834839712541653,0.29036290926541725,0.12003125568158884,0.043015048550582885,0.1082867851665104,0.27232471286349047,0.4247242423231784,0.27072324226539385,0.16892625758873908,0.17541426531176194,0.37542146190659853,0.15085190759679187,0.03747934954245697,0.0933952665948535,0.37594265188260645,0.1242906326269601,0.0,0.0,0.48601272241572924,0.25433636092463835,0.03156575963026764,0.0,0.6868648797653257,0.49268803062204186,0.25614406701326864,0.1705339676930732,0.0,0.3997524536286665,0.0,0.23313293440641022,0.1670774705270654,0.0,0.0,0.0,0.0,0.0,0.0,0.0,0.0,0.0,0.0,0.0,0.0,1.0,0.0,0.0,0.0,0.0,0.0,0.0,0.0,0.0,0.0,0.0,0.0,0.0,0.0,0.0,0.0,0.0,0.0,0.0,0.0,0.0,0.0,0.0,0.0,0.0,0.0,0.0,0.0,0.0,0.0,0.0,0.0,0.0,0.0,0.0,0.0,0.0,0.0,0.0,0.0,0.0,0.0,0.0,0.0,0.0
0.0,0.0,0.0,0.0,0.0,0.0,0.0,0.0,0.0,0.0,0.0,0.0,0.0,0.0,0.0,0.0,0.0,0.0,0.0,0.0,0.0,0.0,0.0,0.0,0.0,0.0,0.0,0.0,0.0,0.0,0.0,0.0,0.0,0.0,0.0,0.0,0.0,0.0,0.0,0.0,0.0,0.0,0.0,0.0,1.0,0.7383165638069311,0.5469829179440747,0.4723965910498659,0.5435408677298117,0.7350219645647315,0.7298261286603946,0.5455521686402962,0.47718564108120864,0.5420703616131993,0.5221554473113408,0.29883831762918717,0.21485398457969368,0.30488882279984364,0.40778336910935736,0.17138264629620042,0.038253147505902,0.08377800481715995,0.3839047023279757,0.16165888992099953,0.0,0.0,0.43165130642297905,0.24927611916604814,0.06583756271782257,0.03206369175485598,0.30562125064763096,0.1580430285035903,0.0716293748101938,0.007135649140177749,0.486011218219557,0.1587009102263269,0.25014422581372864,0.24826702154770816,0.16324593071054633,0.034559224796941075,0.0,0.0,0.0,0.0,0.0,0.0,0.0,0.39834839712541653
0.0,0.0,0.0,0.0,0.0,0.0,0.0,0.0,0.0,0.0,0.0,0.0,0.0,0.0,0.0,0.0,0.0,0.0,0.0,0.0,0.0,0.0,0.0,0.0,0.0,0.0,0.0,0.0,0.0,0.0,0.0,0.0,0.0,0.0,0.0,0.0,0.0,0.0,0.0,0.0,0.0,0.0,0.0,0.0,0.7383165638069311,1.0,0.7425851775082147,0.5485832460548001,0.48344730016500315,0.5500742807325109,0.5328109920764159,0.3053568602071649,0.21894012589207024,0.3080454094247401,0.4317362416386425,0.19353231858373268,0.05024491102579121,0.08935493594329333,0.4207084116889589,0.22137925790204413,0.05096482174942596,0.03273024881050569,0.43160060367723013,0.2746066398438654,0.1301547174352374,0.10336102655136037,0.41293418197583087,0.2627455886012479,0.14606698875724242,0.1525696629020063,0.547981437246358,0.12141965867788627,0.3237689355106949,0.0,0.6868651840528419,0.25472200446349136,0.1694155469293558,0.035852997348413324,0.0,0.0,0.0,0.0,0.0,0.0,0.0,0.0,0.0,0.29036290926541714
0.0,0.0,0.0,0.0,0.0,0.0,0.0,0.0,0.0,0.0,0.0,0.0,0.0,0.0,0.0,0.0,0.0,0.0,0.0,0.0,0.0,0.0,0.0,0.0,0.0,0.0,0.0,0.0,0.0,0.0,0.0,0.0,0.0,0.0,0.0,0.0,0.0,0.0,0.0,0.0,0.0,0.0,0.0,0.0,0.5469829179440747,0.7425851775082147,1.0,0.7375071621860878,0.554603110153489,0.48131820244467205,0.2971048461971685,0.09638377038938352,0.06676787434820931,0.217891959207451,0.17507291232131147,0.0,0.0,0.0,0.1861403395446305,0.00012505123533255744,0.0,0.0,0.24922510988198235,0.145934789936842,0.0,0.0,0.26274767949696787,0.18689757687791714,0.10398745858924308,0.08596380289147043,0.7344826235078523,0.07771026105845753,0.49120882005251915,0.0,0.4926911768826735,0.485032558107609,0.2581128864590194,0.0,0.0,0.0,0.0,0.0,0.0,0.0,0.0,0.0,0.0,0.12003125568158868
0.0,0.0,0.0,0.0,0.0,0.0,0.0,0.0,0.0,0.0,0.0,0.0,0.0,0.0,0.0,0.0,0.0,0.0,0.0,0.0,0.0,0.0,0.0,0.0,0.0,0.0,0.0,0.0,0.0,0.0,0.0,0.0,0.0,0.0,0.0002901249947263973,0.0,0.0,0.0,0.0,0.0,0.0,0.0,0.0,0.0,0.4723965910498659,0.5485832460548001,0.7375071621860878,1.0,0.745481560309831,0.5489900205763985,0.20230514699065996,0.057748132479619636,0.10367544965237956,0.30905894853445814,0.01993194901297753,0.0,0.0,0.0,0.0,0.0,0.0,0.0,0.06581429279809187,0.0,0.0,0.0,0.14610095932143335,0.10402972103504135,0.0,0.0,0.5430312063964662,0.06898709708434281,0.3198703043319339,0.0,0.2561473147760645,0.6862546611536854,0.49147190476810104,0.13647603018444368,0.0,0.0,0.0,0.0,0.0,0.0,0.0,0.0,0.0,0.04301504855058272
0.0,0.0,0.0,0.0,0.0,0.0,0.0,0.0,0.14038489715754635,0.060455913048032814,0.0,0.0,0.0,0.0,0.0,0.0,0.0,0.0,0.0,0.0,0.0,0.0,0.0,0.0,0.0,0.0,0.0,0.0,0.0,0.0,0.0,0.0,0.0,0.03452242820798709,0.2559807323844759,0.0,0.0,0.0,0.0,0.0,0.0,0.0,0.0,0.0,0.5435408677298117,0.48344730016500315,0.554603110153489,0.745481560309831,1.0,0.7375426305489141,0.29731284004540487,0.21493786125956216,0.314197867218835,0.5428846399751164,0.0669117226152725,0.0,0.0,0.0,0.0,0.0,0.0,0.0,0.0320646077391569,0.0,0.0,0.0,0.15263097492637956,0.08604009715785482,0.0,0.0,0.31206423109474396,0.09491122294219054,0.07804652869020504,0.018187126189100036,0.17053600366568009,0.48946776744889275,0.6859239267125835,0.3900400606942615,0.03784516676163328,0.0,0.0,0.0,0.0,0.0,0.0,0.0,0.0,0.1082867851665104
0.0,0.0,0.0,0.0,0.0,0.0,0.0,0.0,0.13436248738762757,0.12701982746859822,0.0,0.0,0.0,0.0,0.0,0.0,0.0,0.0,0.0,0.0,0.0,0.0,0.0,0.0,0.0,0.0,0.0,0.0,0.0,0.0,0.0,0.0,0.0,0.17424873028894755,0.1985963659620856,0.0,0.0,0.0,0.0,0.0,0.0,0.0,0.0,0.0,0.7350219645647315,0.5500742807325109,0.48131820244467205,0.5489900205763985,0.7375426305489141,1.0,0.5375690103899667,0.4766029047037608,0.5524531964252384,0.7354873985349404,0.28586635398615146,0.08633119339521061,0.060571540036640795,0.21505931299391004,0.15349592178872135,0.0,0.0,0.0,0.161670497269774,0.0,0.0,0.0,0.274675685729847,0.14601408691740214,0.0,0.0,0.2159676739590643,0.13262579736464078,0.0,0.036480932183499244,0.25433706465949985,0.252939056288854,0.48746164610454407,0.4848280501709507,0.2559135001057786,0.0,0.0,0.0,0.0,0.0,0.0,0.0,0.0,0.2723247128634903
0.0,0.0,0.0,0.0,0.0,0.0,0.0,0.0,0.0,0.0,0.0,0.0,0.0,0.0,0.0,0.0,0.0,0.0,0.0,0.0,0.0,0.0,0.0,0.0,0.0,0.0,0.0,0.0,0.0,0.0,0.0,0.0,0.0,0.0,0.0,0.0,0.0,0.0,0.0,0.0,0.0,0.0,0.0,0.0,0.7298261286603946,0.5328109920764159,0.2971048461971685,0.20230514699065996,0.29731284004540487,0.5375690103899667,1.0,0.7368531091112215,0.5418863816046731,0.47019674297206565,0.7308230703929446,0.5451727976598739,0.4764111389643097,0.5430537429591658,0.5198445853276636,0.2935050370489256,0.21182238736099004,0.30479290335464576,0.4077965354065883,0.15350201452088574,0.01734410342558764,0.07140330957510267,0.42075336808271635,0.1861833393309792,0.0,0.0,0.08086361183803874,0.08026475591997165,0.0,0.0,0.3759340885785661,0.0,0.02547948095327336,0.15642391331166944,0.24992006427797225,0.24982128747092955,0.1628418292642218,0.03538256756521525,0.0,0.0,0.0,0.0,0.0,0.4247242423231782
0.0,0.0,0.0,0.0,0.0,0.0,0.0,0.0,0.0,0.05583104391585483,0.0,0.0,0.0,0.0,0.0,0.0,0.0,0.0,0.0,0.0,0.0,0.0,0.0,0.0,0.0,0.0,0.0,0.0,0.0,0.0,0.0,0.0,0.0,0.1555345094331159,0.0,0.0,0.0,0.0,0.0,0.0,0.0,0.0,0.0,0.0,0.5455521686402962,0.3053568602071649,0.09638377038938352,0.057748132479619636,0.21493786125956216,0.4766029047037608,0.7368531091112215,1.0,0.7348707470798854,0.5487943928744042,0.543395340292692,0.47900441293386486,0.5523395381435845,0.7361483550766221,0.2935134124819728,0.08717801065323846,0.05937143162253499,0.21597093428386044,0.17140769793325197,0.0,0.0,0.0,0.22143587713182564,0.00018550755061013606,0.0,0.0,0.0,0.0,0.0,0.0,0.124287768977286,0.0,0.0,0.2524106147367303,0.48595255215981686,0.48571803319774903,0.2557693139552996,0.0,0.0,0.0,0.0,0.0,0.0,0.27072324226539385
0.0,0.0,0.0,0.0,0.14038489715754635,0.13436248738762757,0.0,0.0,0.1723372391176841,0.29013343059747104,0.0,0.0,0.0,0.0,0.0,0.0,0.0,0.0,0.0,0.0,0.0,0.0,0.0,0.0,0.0,0.0,0.0,0.0,0.0,0.0,0.0,0.0,0.19861373195504642,0.4303794521324714,0.11974535933431253,0.0,0.0,0.0,0.0,0.0,0.0,0.0,0.0,0.0,0.47718564108120864,0.21894012589207024,0.06676787434820931,0.10367544965237956,0.314197867218835,0.5524531964252384,0.5418863816046731,0.7348707470798854,1.0,0.7479088404345168,0.29988376917575627,0.21396300089015163,0.3124276512167239,0.5431651729219333,0.07141388979884868,0.0,0.0,0.0,0.0,0.0,0.0,0.0,0.10343515193428116,0.0,0.0,0.0,0.0,0.0,0.0,0.0,0.0,0.0,0.14188058959311292,0.49192492014971645,0.6858569279791196,0.39316324560004734,0.036577506655811234,0.0,0.0,0.0,0.0,0.0,0.0,0.168926257588739
0.0,0.0,0.0,0.0,0.060455913048032814,0.12701982746859822,0.0,0.05583104391585483,0.290133430597471,0.3292576109850867,0.0,0.0,0.0,0.0,0.0,0.0,0.0,0.0,0.0,0.0,0.0,0.0,0.0,0.0,0.0,0.0,0.0,0.0,0.0,0.0,0.0,0.0,0.041814714468201765,0.43258685540851555,0.33059281431401305,0.0,0.0,0.0,0.0,0.0,0.0,0.0,0.0,0.0,0.5420703616131993,0.3080454094247401,0.217891959207451,0.30905894853445814,0.5428846399751164,0.7354873985349404,0.47019674297206565,0.5487943928744042,0.7479088404345168,1.0,0.20245122506530783,0.05571583946400798,0.10310609599660964,0.31146987871896087,0.017349771685372148,0.0,0.0,0.0,0.0,0.0,0.0,0.0,0.13023497095677006,0.0,0.0,0.0,0.0,0.020806429199141045,0.0,0.0,0.03156691106114504,0.03310566631332939,0.3921074690738727,0.6859440728295036,0.49262238273939857,0.1423823250193502,0.0,0.0,0.0,0.0,0.0,0.0,0.0,0.17541426531176194
0.0,0.0,0.0,0.0,0.0,0.0,0.0,0.0,0.0,0.0,0.0,0.0,0.0,0.0,0.0,0.0,0.0,0.0,0.0,0.0,0.0,0.0,0.0,0.0,0.0,0.0,0.0,0.0,0.0,0.0,0.0,0.0,0.0,0.0,0.0,0.0,0.0,0.0,0.0,0.0,0.0,0.0,0.0,0.0,0.5221554473113408,0.4317362416386425,0.17507291232131147,0.01993194901297753,0.0669117226152725,0.28586635398615146,0.7308230703929446,0.543395340292692,0.29988376917575627,0.20245122506530783,1.0,0.7354291736553156,0.5421387977815619,0.47464976138318354,0.7308249519718307,0.543393846094925,0.4746481818943614,0.5421380826466907,0.522162330518353,0.28587030174519945,0.20245041388521434,0.29988123332258143,0.431753357008758,0.17508820937986647,0.01994269232106808,0.06691766463555325,0.01221634255282458,0.012234090721064836,0.0,0.0,0.3753952013338084,0.0,0.0,0.0,0.031314704038221695,0.16109754237303167,0.24913962060432457,0.24913805368892894,0.16109683080119785,0.031311826273369765,0.0,0.0,0.0,0.3754214619065984
