1.0,0.7383165638069309,0.5469829179440747,0.4723965910498659,0.5435408677298117,0.7350219645647316,0.7298261286603945,0.5455521686402963,0.47718564108120887,0.5420703616131995,0.5221554473113408,0.29883831762918733,0.2148539845796935,0.3048888227998438,0.40778336910935736,0.17138264629620042,0.038253147505902,0.08377800481715995,0.38390470232797563,0.16165888992099953,0.0,0.0,0.4316513064229789,0.24927611916604797,0.0658375627178224,0.032063691754855655,0.3056212506476308,0.15804302850359014,0.0716293748101938,0.007135649140177749,0.48601121821955684,0.15870091022632699,0.25014422581372875,0.24826702154770816,0.1632459307105465,0.0345592247969414,0.0,0.0,0.0,0.0,0.0,0.0,0.0,0.39834839712541653,0.28785086289197104,0.295454367284953,0.25185979360857114,0.20213510283858627,0.2077335845565961,0.25527067894749694,0.19060628425587792,0.1337754566798087,0.10830076876190856,0.1521880440237375,0.057285747914631216,0.0,0.0,0.0017415322686074204,0.0,0.0,0.0,0.0,0.0,0.0,0.0,0.0,0.0,0.0,0.0,0.0,0.13147647926505668,0.0,0.0,0.0,0.12710177268707917,0.0,0.0,0.0,0.0,0.0,0.0,0.0,0.0,0.0,0.0,0.0,0.0,0.0
0.7383165638069309,1.0,0.7425851775082147,0.5485832460548002,0.48344730016500315,0.5500742807325107,0.5328109920764157,0.3053568602071649,0.21894012589207024,0.3080454094247401,0.4317362416386426,0.19353231858373285,0.050244911025791046,0.08935493594329316,0.4207084116889589,0.22137925790204413,0.05096482174942596,0.03273024881050552,0.4316006036772302,0.27460663984386546,0.1301547174352374,0.10336102655136054,0.41293418197583087,0.2627455886012479,0.14606698875724258,0.1525696629020063,0.5479814372463581,0.12141965867788644,0.32376893551069497,0.0,0.6868651840528419,0.2547220044634914,0.1694155469293557,0.03585299734841316,0.0,0.0,0.0,0.0,0.0,0.0,0.0,0.0,0.0,0.29036290926541725,0.29545436728495283,0.21096949030623258,0.13029761982196145,0.12314023847155411,0.20821676158337551,0.30710149090069694,0.24663892150706934,0.2705858000501282,0.2815890996005678,0.2876869460250399,0.07705457668176598,0.021505458342003625,0.0585753211178457,0.1584945275001954,0.0,0.0,0.0,0.0,0.0,0.0,0.0,0.0,0.0,0.0,0.0,0.0,0.0,0.0,0.0,0.0,0.017576906550484692,0.0,0.011932916251334158,0.08203478889209186,0.0760346549931466,0.0,0.0,0.0,0.0,0.0,0.0,0.0,0.0,0.0
0.5469829179440747,0.7425851775082147,1.0,0.7375071621860878,0.554603110153489,0.4813182024446719,0.2971048461971684,0.09638377038938352,0.06676787434820931,0.21789195920745116,0.17507291232131164,0.0,0.0,0.0,0.1861403395446305,0.00012505123533239297,0.0,0.0,0.24922510988198252,0.145934789936842,0.0,0.0,0.26274767949696787,0.18689757687791714,0.10398745858924308,0.08596380289147043,0.7344826235078522,0.07771026105845737,0.4912088200525192,0.0,0.4926911768826736,0.485032558107609,0.25811288645901914,0.0,0.0,0.0,0.0,0.0,0.0,0.0,0.0,0.0,0.0,0.12003125568158884,0.25185979360857097,0.13029761982196145,0.0,0.0,0.053720720633906434,0.2166825896525757,0.2986923911924491,0.36902666297832354,0.3252244639112387,0.24199371341184295,0.16673969901163338,0.1768334223258575,0.2552003651657871,0.3337457834163959,0.0,0.0,0.0,0.0034968233070419995,0.0,0.0,0.0,0.0,0.0,0.0,0.0,0.0,0.0,0.0,0.0,0.0,0.0,0.0,0.0,0.009809254315995388,0.14725771595355105,0.17020095258990145,0.046680853303783694,0.0,0.0,0.0,0.0,0.0,0.0,0.0
0.4723965910498659,0.5485832460548002,0.7375071621860878,1.0,0.745481560309831,0.5489900205763983,0.20230514699065996,0.057748132479619636,0.10367544965237939,0.3090589485344582,0.01993194901297786,0.0,0.0,0.0,0.0,0.0,0.0,0.0,0.06581429279809203,0.0,0.0,0.0,0.14610095932143335,0.10402972103504135,0.0,0.0,0.5430312063964662,0.06898709708434281,0.3198703043319341,0.0,0.2561473147760648,0.6862546611536854,0.49147190476810076,0.13647603018444351,0.0,0.0,0.0,0.0,0.0,0.0,0.0,0.0,0.0,0.043015048550582885,0.2021351028385861,0.12314023847155428,0.0,0.0,0.0,0.08938346317823519,0.29318150342708255,0.30947370303032423,0.17971832209850513,0.07324086862683737,0.248794601438404,0.3048897925827703,0.3411347383146331,0.3248649134881203,0.044472302799180304,0.0,0.0447436532088323,0.1873800518082833,0.0,0.0,0.0,0.0,0.0,0.0,0.0,0.0,0.0,0.0,0.0,0.0,0.022109971047753925,0.0,0.0,0.0,0.0,0.1239316871095879,0.15640279367464766,0.035086100812369375,0.0,0.0,0.0,0.0,0.0,0.0
0.5435408677298117,0.48344730016500315,0.554603110153489,0.745481560309831,1.0,0.737542630548914,0.2973128400454047,0.21493786125956216,0.3141978672188349,0.5428846399751164,0.0669117226152725,0.0,0.0,0.0,0.0,0.0,0.0,0.0,0.0320646077391569,0.0,0.0,0.0,0.15263097492637956,0.08604009715785467,0.0,0.0,0.31206423109474385,0.09491122294219037,0.0780465286902052,0.018187126189100036,0.17053600366568017,0.4894677674488929,0.6859239267125834,0.39004006069426134,0.03784516676163328,0.0,0.0,0.0,0.0,0.0,0.0,0.0,0.0,0.1082867851665104,0.2077335845565961,0.20821676158337568,0.053720720633906434,0.0,0.0,0.05934285251854054,0.24951516866472603,0.18181307259111973,0.03717996149656379,0.0,0.24153018305605187,0.25358034296808946,0.203912105167828,0.15375542428945932,0.09813103034037661,0.056980355201989685,0.10316002128589033,0.180455730784494,0.0,0.0,0.0,0.0,0.0,0.0,0.0,0.0,0.0,0.0,0.0,0.0,0.14283665976803042,0.0,0.0,0.0,0.0,0.0,0.003321960012144921,0.0008887800364463402,0.0,0.0,0.0,0.0,0.0,0.0
0.7350219645647316,0.5500742807325107,0.4813182024446719,0.5489900205763983,0.737542630548914,1.0,0.5375690103899667,0.476602904703761,0.5524531964252384,0.7354873985349404,0.28586635398615146,0.08633119339521077,0.060571540036640795,0.21505931299391004,0.1534959217887215,0.0,0.0,0.0,0.161670497269774,0.0,0.0,0.0,0.274675685729847,0.14601408691740214,0.0,0.0,0.21596767395906413,0.13262579736464078,0.0,0.036480932183499244,0.2543370646594999,0.252939056288854,0.48746164610454396,0.48482805017095054,0.2559135001057788,0.0,0.0,0.0,0.0,0.0,0.0,0.0,0.0,0.27232471286349047,0.25527067894749694,0.30710149090069705,0.21668258965257586,0.08938346317823519,0.05934285251854054,0.13830756745042555,0.2050481680606442,0.10523634465406577,0.0071037521941025505,0.011973442922562432,0.1486848758157679,0.08729887005460484,0.01726825878348443,0.009421198307187371,0.03706725615914839,0.0,0.0,0.0,0.0,0.0,0.0,0.0,0.0,0.0,0.0,0.0,0.14007733326794558,0.0,0.0,0.0,0.21198682725328996,0.0,0.0,0.0,0.0,0.0,0.0,0.0,0.0,0.0,0.0,0.0,0.0,0.0
0.7298261286603945,0.5328109920764157,0.2971048461971684,0.20230514699065996,0.2973128400454047,0.5375690103899667,1.0,0.7368531091112214,0.541886381604673,0.4701967429720656,0.7308230703929446,0.545172797659874,0.47641113896430964,0.5430537429591656,0.5198445853276638,0.2935050370489256,0.2118223873609902,0.3047929033546457,0.4077965354065884,0.15350201452088588,0.01734410342558764,0.07140330957510284,0.4207533680827164,0.18618333933097936,0.0,0.0,0.08086361183803874,0.08026475591997181,0.0,0.0,0.37593408857856603,0.0,0.02547948095327336,0.15642391331166927,0.24992006427797225,0.24982128747092971,0.1628418292642218,0.03538256756521509,0.0,0.0,0.0,0.0,0.0,0.4247242423231784,0.19060628425587775,0.24663892150706934,0.298692391192449,0.29318150342708243,0.24951516866472587,0.20504816806064402,0.02579888000592879,0.0,0.0,0.06793300154497964,0.0,0.0,0.0,0.0,0.0,0.0,0.0,0.0,0.0,0.0,0.0,0.0,0.0,0.0,0.0,0.0,0.21728742955311972,0.0,0.06959631244068336,0.0,0.05154149318600928,0.11820571478202899,0.04932841148725333,0.0,0.0,0.0,0.0,0.0,0.0,0.0,0.0,0.0,0.0,0.0
0.5455521686402963,0.3053568602071649,0.09638377038938352,0.057748132479619636,0.21493786125956216,0.476602904703761,0.7368531091112214,1.0,0.7348707470798855,0.5487943928744042,0.543395340292692,0.47900441293386486,0.5523395381435844,0.7361483550766221,0.2935134124819729,0.08717801065323831,0.05937143162253516,0.21597093428386027,0.17140769793325197,0.0,0.0,0.0,0.22143587713182547,0.00018550755060997158,0.0,0.0,0.0,0.0,0.0,0.0,0.124287768977286,0.0,0.0,0.2524106147367303,0.485952552159817,0.4857180331977492,0.2557693139552996,0.0,0.0,0.0,0.0,0.0,0.0,0.27072324226539385,0.1337754566798087,0.2705858000501284,0.3690266629783236,0.30947370303032434,0.18181307259111973,0.10523634465406594,0.0,0.0,0.0,0.0,0.0,0.0,0.0,0.0,0.0,0.0,0.0,0.0,0.0,0.0,0.0,0.0,0.0,0.0,0.0,0.0,0.3784094375657132,0.0,0.27879344154559144,0.0,0.10841757617744197,0.16509185466009915,0.0,0.0,0.0,0.0,0.0,0.0,0.0,0.0,0.0,0.0,0.0,0.0
0.47718564108120887,0.21894012589207024,0.06676787434820931,0.10367544965237939,0.3141978672188349,0.5524531964252384,0.541886381604673,0.7348707470798855,1.0,0.7479088404345166,0.29988376917575627,0.21396300089015163,0.3124276512167239,0.5431651729219333,0.07141388979884868,0.0,0.0,0.0,0.0,0.0,0.0,0.0,0.10343515193428116,0.0,0.0,0.0,0.0,0.0,0.0,0.0,0.0,0.0,0.14188058959311292,0.49192492014971645,0.6858569279791196,0.3931632456000475,0.036577506655811234,0.0,0.0,0.0,0.0,0.0,0.0,0.16892625758873908,0.10830076876190839,0.2815890996005678,0.3252244639112386,0.17971832209850513,0.03717996149656362,0.0071037521941025505,0.0,0.0,0.0,0.0,0.0,0.0,0.0,0.0,0.0,0.0,0.0,0.0,0.0,0.0,0.0,0.0,0.0,0.0,0.0,0.0,0.38531809149530855,0.0,0.3245933389757107,0.0,0.19076230850759235,0.007814232124467363,0.0,0.0,0.0,0.0,0.0,0.0,0.0,0.0,0.0,0.0,0.0,0.0
0.5420703616131995,0.3080454094247401,0.21789195920745116,0.3090589485344582,0.5428846399751164,0.7354873985349404,0.4701967429720656,0.5487943928744042,0.7479088404345166,1.0,0.20245122506530766,0.05571583946400798,0.10310609599660947,0.3114698787189608,0.017349771685372148,0.0,0.0,0.0,0.0,0.0,0.0,0.0,0.13023497095677006,0.0,0.0,0.0,0.0,0.020806429199141045,0.0,0.0,0.03156691106114504,0.033105666313329715,0.39210746907387295,0.6859440728295036,0.4926223827393985,0.1423823250193502,0.0,0.0,0.0,0.0,0.0,0.0,0.0,0.17541426531176194,0.1521880440237375,0.28768694602504,0.24199371341184295,0.07324086862683737,0.0,0.011973442922562597,0.06793300154497997,0.0,0.0,0.0,0.05011063689241979,0.0,0.0,0.0,0.009113176042131013,0.0,0.0,0.0,0.0,0.0,0.0,0.0,0.0,0.0,0.0,0.0,0.2505572939028251,0.0,0.1621911574226708,0.0,0.2329556584232486,0.0,0.0,0.0,0.0,0.0,0.0,0.0,0.0,0.0,0.0,0.0,0.0,0.0
0.5221554473113408,0.4317362416386426,0.17507291232131164,0.01993194901297786,0.0669117226152725,0.28586635398615146,0.7308230703929446,0.543395340292692,0.29988376917575627,0.20245122506530766,1.0,0.7354291736553156,0.5421387977815618,0.4746497613831834,0.730824951971831,0.5433938460949251,0.4746481818943616,0.5421380826466907,0.5221623305183531,0.2858703017451995,0.2024504138852145,0.2998812333225816,0.43175335700875783,0.1750882093798663,0.01994269232106808,0.0669176646355531,0.012216342552824744,0.012234090721064673,0.0,0.0,0.37539520133380855,0.0,0.0,0.0,0.03131470403822153,0.16109754237303167,0.24913962060432449,0.24913805368892877,0.16109683080119794,0.031311826273369925,0.0,0.0,0.0,0.37542146190659853,0.05728574791463138,0.07705457668176631,0.16673969901163355,0.24879460143840418,0.24153018305605187,0.1486848758157679,0.0,0.0,0.0,0.05011063689241979,0.0,0.0,0.0,0.0,0.0,0.0,0.0,0.0,0.0,0.0,0.0,0.0,0.0,0.0,0.0,0.0,0.06690430081494099,0.0,0.0,0.0,0.0,0.11664724543326442,0.10749131811033565,0.0,0.0,0.0,0.0,0.0,0.0,0.0,0.0,0.0,0.0,0.0
0.29883831762918733,0.19353231858373285,0.0,0.0,0.0,0.08633119339521077,0.545172797659874,0.47900441293386486,0.21396300089015163,0.05571583946400798,0.7354291736553156,1.0,0.7361606892679724,0.5512995889127777,0.5451760287297471,0.47900424075391884,0.5512975492304757,0.7361597180247141,0.29884724620853964,0.0863374938812051,0.0557169943521253,0.21396196756959807,0.19354826872532174,0.0,0.0,0.0,0.0,0.0,0.0,0.0,0.15082957639017178,0.0,0.0,0.0,0.0,0.25466095861199745,0.48622228116097954,0.4862202679956365,0.2546593516855366,0.0,0.0,0.0,0.0,0.15085190759679187,0.0,0.021505458342003625,0.17683342232585766,0.3048897925827703,0.2535803429680893,0.087298870054605,0.0,0.0,0.0,0.0,0.0,0.0,0.0,0.0,0.0,0.0,0.0,0.0,0.0,0.0,0.0,0.0,0.0,0.0,0.0,0.0,0.10946244314170711,0.0,0.0,0.0,0.0,0.24202399895478977,0.14974438584058092,0.0,0.0,0.0,0.0,0.0,0.0,0.0,0.0,0.0,0.0,0.0
0.2148539845796935,0.050244911025791046,0.0,0.0,0.0,0.060571540036640795,0.47641113896430964,0.5523395381435844,0.3124276512167239,0.10310609599660947,0.5421387977815618,0.7361606892679724,1.0,0.7473496153390191,0.3047998648157111,0.2159737145918698,0.311965219336497,0.5435053492145684,0.08379494777023619,0.0,0.0,0.0,0.03275909675235039,0.0,0.0,0.0,0.0,0.0,0.0,0.0,0.0,0.0,0.0,0.0,0.1425359276467733,0.49138041463279625,0.685886280545956,0.3933473963795099,0.03535317895671918,0.0,0.0,0.0,0.0,0.03747934954245697,0.0,0.0585753211178457,0.2552003651657871,0.34113473831463315,0.20391210516782785,0.017268258783484595,0.0,0.0,0.0,0.0,0.0,0.0,0.0,0.0,0.0,0.0,0.0,0.0,0.0,0.0,0.0,0.0,0.0,0.0,0.0,0.0,0.26413065073796327,0.0,0.17610746059804158,0.0,0.0,0.3171725461049007,0.06256641731219101,0.0,0.0,0.0,0.0,0.0,0.0,0.0,0.0,0.0,0.0,0.0
0.3048888227998438,0.08935493594329316,0.0,0.0,0.0,0.21505931299391004,0.5430537429591656,0.7361483550766221,0.5431651729219333,0.3114698787189608,0.4746497613831834,0.5512995889127777,0.7473496153390191,1.0,0.21183243411292416,0.0593759734522534,0.10277022894082646,0.3119661149554883,0.038277478492705595,0.0,0.0,0.0,0.05100957924554861,0.0,0.0,0.0,0.0,0.0,0.0,0.0,0.0,0.0,0.0,0.035646396803263536,0.3942113089452456,0.6859135226894467,0.49147383317236965,0.14154311346606552,0.0,0.0,0.0,0.0,0.0,0.0933952665948535,0.001741532268607585,0.15849452750019558,0.33374578341639605,0.32486491348812047,0.15375542428945946,0.009421198307187535,0.0,0.0,0.0,0.0,0.0,0.0,0.0,0.0,0.0,0.0,0.0,0.0,0.0,0.0,0.0,0.0,0.0,0.0,0.0,0.0,0.39563610115145625,0.0,0.33588620430320737,0.0,0.0,0.2561984158217777,0.0,0.0,0.0,0.0,0.0,0.0,0.0,0.0,0.0,0.0,0.0,0.0
0.40778336910935736,0.4207084116889589,0.1861403395446305,0.0,0.0,0.1534959217887215,0.5198445853276638,0.2935134124819729,0.07141388979884868,0.017349771685372148,0.730824951971831,0.5451760287297471,0.3047998648157111,0.21183243411292416,1.0,0.7368524383391998,0.543054527877286,0.47641300604324394,0.7298283513717051,0.5375697131769724,0.4701955428395702,0.5418848382502497,0.5328159106351928,0.2971084727721274,0.20230776024185218,0.2973136364981598,0.08020880201213419,0.08086709149571761,0.0,0.0,0.4246509512658706,0.0,0.0,0.0,0.0,0.0,0.03539111260595724,0.1628439979122442,0.24982338417587846,0.2499194305531404,0.15642340959978726,0.02548020099116144,0.0,0.37594265188260645,0.0,0.0,0.0,0.04447230279918047,0.09813103034037644,0.03706725615914839,0.0,0.0,0.0,0.009113176042131013,0.0,0.0,0.0,0.0,0.0,0.0,0.0,0.0,0.0,0.0,0.0,0.0,0.0,0.0,0.0,0.0,0.0,0.0,0.0,0.0,0.0,0.0,0.002751130543955577,0.0,0.0,0.0,0.0,0.0,0.0,0.0,0.0,0.0,0.0,0.0
0.17138264629620042,0.22137925790204413,0.00012505123533239297,0.0,0.0,0.0,0.2935050370489256,0.08717801065323831,0.0,0.0,0.5433938460949251,0.47900424075391884,0.2159737145918698,0.0593759734522534,0.7368524383391998,1.0,0.736149140760609,0.5523397918205021,0.5455531279903123,0.47660213065474677,0.5487926170998064,0.7348696144580558,0.3053568923778129,0.09638244986333616,0.05774710209922908,0.2149359558857801,0.0,0.0,0.0,0.0,0.2706416789421151,0.0,0.0,0.0,0.0,0.0,0.0,0.255770353502734,0.48572047407198526,0.48595238179728234,0.25240881204791293,0.0,0.0,0.1242906326269601,0.0,0.0,0.0,0.0,0.05698035520198952,0.0,0.0,0.0,0.0,0.0,0.0,0.0,0.0,0.0,0.0,0.0,0.0,0.0,0.0,0.0,0.0,0.0,0.0,0.0,0.0,0.0,0.0,0.0,0.0,0.0,0.0,0.0,0.018785513825163004,0.0,0.0,0.0,0.0,0.0,0.0,0.0,0.0,0.0,0.0,0.0
0.038253147505902,0.05096482174942596,0.0,0.0,0.0,0.0,0.2118223873609902,0.05937143162253516,0.0,0.0,0.4746481818943616,0.5512975492304757,0.311965219336497,0.10277022894082646,0.543054527877286,0.736149140760609,1.0,0.7473482805714305,0.30489153924629475,0.21505976697990006,0.31146850999219133,0.5431643200133688,0.08935689204684275,0.0,0.0,0.0,0.0,0.0,0.0,0.0,0.09333736681150528,0.0,0.0,0.0,0.0,0.0,0.14154479311238188,0.491473145798704,0.6859147803493425,0.39420998942298874,0.03564411984386013,0.0,0.0,0.0,0.0,0.0,0.0,0.044743653208832466,0.10316002128589066,0.0,0.0,0.0,0.0,0.0,0.0,0.0,0.0,0.0,0.0,0.0,0.0,0.0,0.0,0.0,0.0,0.0,0.0,0.0,0.0,0.0,0.0,0.0,0.0,0.0,0.0,0.0,0.09525702084318934,0.0,0.0,0.0,0.0,0.0,0.0,0.0,0.0,0.0,0.0,0.0
0.08377800481715995,0.03273024881050552,0.0,0.0,0.0,0.0,0.3047929033546457,0.21597093428386027,0.0,0.0,0.5421380826466907,0.7361597180247141,0.5435053492145684,0.3119661149554883,0.47641300604324394,0.5523397918205021,0.7473482805714305,1.0,0.21485944956999792,0.06057468610441121,0.10310589357764706,0.31242668137473767,0.050252285248704336,0.0,0.0,0.0,0.0,0.0,0.0,0.0,0.03744260474103005,0.0,0.0,0.0,0.0,0.03535454250932564,0.3933497841434507,0.6858860893949458,0.49137949352021043,0.1425339122126214,0.0,0.0,0.0,0.0,0.0,0.0,0.0034968233070423282,0.1873800518082833,0.18045573078449384,0.0,0.0,0.0,0.0,0.0,0.0,0.0,0.0,0.0,0.0,0.0,0.0,0.0,0.0,0.0,0.0,0.0,0.0,0.0,0.0,0.0,0.0,0.0,0.0,0.0,0.0,0.15282618300714151,0.14366918663815612,0.0,0.0,0.0,0.0,0.0,0.0,0.0,0.0,0.0,0.0,0.0
0.38390470232797563,0.4316006036772302,0.24922510988198252,0.06581429279809203,0.0320646077391569,0.161670497269774,0.4077965354065884,0.17140769793325197,0.0,0.0,0.5221623305183531,0.29884724620853964,0.08379494777023619,0.038277478492705595,0.7298283513717051,0.5455531279903123,0.30489153924629475,0.21485944956999792,1.0,0.7350225016335633,0.5420704743059999,0.477185542539518,0.7383167833413272,0.5469829358161333,0.4723970829342103,0.5435410463908739,0.15796552830321392,0.30562055153577194,0.007038844312346244,0.07162935016597198,0.3982582243352598,0.0,0.0,0.0,0.0,0.0,0.0,0.0,0.03456309172059429,0.16324685775006292,0.24826817360988224,0.2501451847934885,0.15870198072702874,0.48601272241572924,0.0,0.0,0.0,0.0,0.0,0.0,0.0,0.0,0.0,0.0,0.0,0.0,0.0,0.0,0.0,0.0,0.0,0.0,0.0,0.0,0.0,0.0,0.0,0.0,0.0,0.0,0.0,0.0,0.0,0.0,0.0,0.0,0.0,0.0,0.0,0.0,0.0,0.0,0.0,0.0,0.0,0.0,0.0,0.0
0.16165888992099953,0.27460663984386546,0.145934789936842,0.0,0.0,0.0,0.15350201452088588,0.0,0.0,0.0,0.2858703017451995,0.0863374938812051,0.0,0.0,0.5375697131769724,0.47660213065474677,0.21505976697990006,0.06057468610441121,0.7350225016335633,1.0,0.7354867485422018,0.5524515942758201,0.5500728256335614,0.4813163095739449,0.5489893622031374,0.737541602282557,0.13250350728374713,0.21596519780051893,0.03632617769489339,0.0,0.27221460871018194,0.0,0.0,0.0,0.0,0.0,0.0,0.0,0.0,0.25591248085991164,0.48482859076537627,0.487461504680782,0.2529389670673626,0.25433636092463835,0.0,0.0,0.0,0.0,0.0,0.0,0.0,0.0,0.0,0.0,0.0,0.0,0.0,0.0,0.0,0.0,0.0,0.0,0.0,0.0,0.0,0.0,0.0,0.0,0.0,0.0,0.0,0.0,0.0,0.0,0.0,0.0,0.0,0.0,0.0,0.0,0.0,0.0,0.0,0.0,0.0,0.0,0.0,0.0
0.0,0.1301547174352374,0.0,0.0,0.0,0.0,0.01734410342558764,0.0,0.0,0.0,0.2024504138852145,0.0557169943521253,0.0,0.0,0.4701955428395702,0.5487926170998064,0.31146850999219133,0.10310589357764706,0.5420704743059999,0.7354867485422018,1.0,0.7479072815711604,0.3080430709929574,0.21788864024534832,0.3090570035625513,0.5428823838772796,0.020668412505285384,0.0,0.0,0.0,0.1752980353133073,0.0,0.0,0.0,0.0,0.0,0.0,0.0,0.14238196646136886,0.4926212811046156,0.6859447608869347,0.3921052800207902,0.03310403983041873,0.03156575963026764,0.0,0.0,0.0,0.0,0.0,0.0,0.0,0.0,0.0,0.0,0.0,0.0,0.0,0.0,0.0,0.0,0.0,0.0,0.0,0.0,0.0,0.0,0.0,0.0,0.0,0.0,0.0,0.0,0.0,0.0,0.0,0.0,0.0,0.0,0.0,0.0,0.0,0.0,0.0,0.0,0.0,0.0,0.0,0.0
0.0,0.10336102655136054,0.0,0.0,0.0,0.0,0.07140330957510284,0.0,0.0,0.0,0.2998812333225816,0.21396196756959807,0.0,0.0,0.5418848382502497,0.7348696144580558,0.5431643200133688,0.31242668137473767,0.477185542539518,0.5524515942758201,0.7479072815711604,1.0,0.21893748699762045,0.06676373948652531,0.10367234932778743,0.3141944437287511,0.0,0.0,0.0,0.0,0.16882254249555365,0.0,0.0,0.0,0.0,0.0,0.0,0.036577878571444344,0.39316404216068096,0.6858579235148013,0.49192318324390655,0.14187684550877044,0.0,0.0,0.0,0.0,0.0,0.0,0.0,0.0,0.0,0.0,0.0,0.0,0.0,0.0,0.0,0.0,0.0,0.0,0.0,0.0,0.0,0.0,0.0,0.0,0.0,0.0,0.0,0.0,0.0,0.0,0.0,0.0,0.0,0.0,0.0,0.0,0.0,0.0,0.0,0.0,0.0,0.0,0.0,0.0,0.0,0.0
0.4316513064229789,0.41293418197583087,0.26274767949696787,0.14610095932143335,0.15263097492637956,0.274675685729847,0.4207533680827164,0.22143587713182547,0.10343515193428116,0.13023497095677006,0.43175335700875783,0.19354826872532174,0.03275909675235039,0.05100957924554861,0.5328159106351928,0.3053568923778129,0.08935689204684275,0.050252285248704336,0.7383167833413272,0.5500728256335614,0.3080430709929574,0.21893748699762045,1.0,0.7425842915566437,0.5485818425011191,0.48344582356797366,0.12139059508871655,0.5479799760219018,0.0,0.32376854332603033,0.29032321498586283,0.0,0.0,0.0,0.0,0.0,0.0,0.0,0.0,0.0,0.03585146186015612,0.16941481794481705,0.25472115515305643,0.6868648797653257,0.0,0.0,0.0,0.0,0.0,0.0,0.0,0.0,0.0,0.0,0.0,0.0,0.0,0.0,0.0,0.0,0.0,0.0,0.0,0.0,0.0,0.0,0.0,0.0,0.0,0.0,0.0,0.0,0.0,0.0,0.0,0.0,0.0,0.0,0.0,0.0,0.0,0.0,0.0,0.0,0.0,0.0,0.0,0.0
0.24927611916604797,0.2627455886012479,0.18689757687791714,0.10402972103504135,0.08604009715785467,0.14601408691740214,0.18618333933097936,0.00018550755060997158,0.0,0.0,0.1750882093798663,0.0,0.0,0.0,0.2971084727721274,0.09638244986333616,0.0,0.0,0.5469829358161333,0.4813163095739449,0.21788864024534832,0.06676373948652531,0.7425842915566437,1.0,0.7375058444697264,0.5546018065322429,0.07766898840378798,0.7344821999241883,0.0,0.49120844531831187,0.11998766941269169,0.0,0.0,0.0,0.0,0.0,0.0,0.0,0.0,0.0,0.0,0.25811220409482266,0.48503198106690537,0.49268803062204186,0.0,0.0,0.0,0.0,0.0,0.0,0.0,0.0,0.0,0.0,0.0,0.0,0.0,0.0,0.0,0.0,0.0,0.0,0.0,0.0,0.0,0.0,0.0,0.0,0.0,0.0,0.0,0.0,0.0,0.0,0.0,0.0,0.0,0.0,0.0,0.0,0.0,0.0,0.0,0.0,0.0,0.0,0.0,0.0
0.0658375627178224,0.14606698875724258,0.10398745858924308,0.0,0.0,0.0,0.0,0.0,0.0,0.0,0.01994269232106808,0.0,0.0,0.0,0.20230776024185218,0.05774710209922908,0.0,0.0,0.4723970829342103,0.5489893622031374,0.3090570035625513,0.10367234932778743,0.5485818425011191,0.7375058444697264,1.0,0.7454819980686375,0.0688939892413698,0.5430295029583848,0.0,0.31986759852417596,0.04294275135937485,0.0,0.0,0.0,0.0,0.0,0.0,0.0,0.0,0.0,0.13647477049419923,0.4914729239988817,0.6862552242586069,0.25614406701326864,0.0,0.0,0.0,0.0,0.0,0.0,0.0,0.0,0.0,0.0,0.0,0.0,0.0,0.0,0.0,0.0,0.0,0.0,0.0,0.0,0.0,0.0,0.0,0.0,0.0,0.0,0.0,0.0,0.0,0.0,0.0,0.0,0.0,0.0,0.0,0.0,0.0,0.0,0.0,0.0,0.0,0.0,0.0,0.0
0.032063691754855655,0.1525696629020063,0.08596380289147043,0.0,0.0,0.0,0.0,0.0,0.0,0.0,0.0669176646355531,0.0,0.0,0.0,0.2973136364981598,0.2149359558857801,0.0,0.0,0.5435410463908739,0.737541602282557,0.5428823838772796,0.3141944437287511,0.48344582356797366,0.5546018065322429,0.7454819980686375,1.0,0.0947799924000089,0.3120626298674442,0.01801124076393019,0.07804408748309681,0.10818738823605416,0.0,0.0,0.0,0.0,0.0,0.0,0.0,0.0,0.037841711585833486,0.3900386655190516,0.6859247587444346,0.48946882548740417,0.1705339676930732,0.0,0.0,0.0,0.0,0.0,0.0,0.0,0.0,0.0,0.0,0.0,0.0,0.0,0.0,0.0,0.0,0.0,0.0,0.0,0.0,0.0,0.0,0.0,0.0,0.0,0.0,0.0,0.0,0.0,0.0,0.0,0.0,0.0,0.0,0.0,0.0,0.0,0.0,0.0,0.0,0.0,0.0,0.0,0.0
0.3056212506476308,0.5479814372463581,0.7344826235078522,0.5430312063964662,0.31206423109474385,0.21596767395906413,0.08086361183803874,0.0,0.0,0.0,0.012216342552824744,0.0,0.0,0.0,0.08020880201213419,0.0,0.0,0.0,0.15796552830321392,0.13250350728374713,0.020668412505285384,0.0,0.12139059508871655,0.07766898840378798,0.0688939892413698,0.0947799924000089,1.0,0.0,0.7567246108702109,0.0,0.39975762457301495,0.3893181675842483,0.03550031398572153,0.0,0.0,0.0,0.0,0.0,0.0,0.0,0.0,0.0,0.0,0.0,0.13147647926505668,0.0,0.0,0.0,0.0,0.14007733326794558,0.2172874295531199,0.3784094375657132,0.3853180914953086,0.2505572939028253,0.06690430081494099,0.10946244314170728,0.2641306507379634,0.3956361011514562,0.0,0.0,0.0,0.0,0.0,0.0,0.0,0.0,0.0,0.0,0.0,0.0,0.0,0.0,0.0,0.0,0.0,0.0,0.0,0.0471526260433501,0.2819654941100756,0.3088057210795059,0.08275607336535029,0.0,0.0,0.0,0.0,0.0,0.0,0.0
0.15804302850359014,0.12141965867788644,0.07771026105845737,0.06898709708434281,0.09491122294219037,0.13262579736464078,0.08026475591997181,0.0,0.0,0.020806429199141045,0.012234090721064673,0.0,0.0,0.0,0.08086709149571761,0.0,0.0,0.0,0.30562055153577194,0.21596519780051893,0.0,0.0,0.5479799760219018,0.7344821999241883,0.5430295029583848,0.3120626298674442,0.0,1.0,0.0,0.7567246570834786,0.0,0.0,0.0,0.0,0.0,0.0,0.0,0.0,0.0,0.0,0.0,0.03549918164083043,0.38931672298537556,0.3997524536286665,0.0,0.0,0.0,0.0,0.0,0.0,0.0,0.0,0.0,0.0,0.0,0.0,0.0,0.0,0.0,0.0,0.0,0.0,0.0,0.0,0.0,0.0,0.0,0.0,0.0,0.0,0.0,0.0,0.0,0.0,0.0,0.0,0.0,0.0,0.0,0.0,0.0,0.0,0.0,0.0,0.0,0.0,0.0,0.0
0.0716293748101938,0.32376893551069497,0.4912088200525192,0.3198703043319341,0.0780465286902052,0.0,0.0,0.0,0.0,0.0,0.0,0.0,0.0,0.0,0.0,0.0,0.0,0.0,0.007038844312346244,0.03632617769489339,0.0,0.0,0.0,0.0,0.0,0.01801124076393019,0.7567246108702109,0.0,1.0,0.0,0.23313683960964682,0.22325055908845345,0.0,0.0,0.0,0.0,0.0,0.0,0.0,0.0,0.0,0.0,0.0,0.0,0.0,0.0,0.0,0.0,0.0,0.0,0.07369021317248846,0.29519305575415566,0.3436870647978114,0.17173181374165145,0.0,0.0,0.1864667229861617,0.3556442163210431,0.0,0.0,0.0,0.0,0.0,0.0,0.0,0.0,0.0,0.0,0.0,0.0,0.0,0.0,0.0,0.0,0.0,0.0,0.0,0.0,0.30755701924749335,0.3375123591387324,0.023081709789495593,0.0,0.0,0.0,0.0,0.0,0.0,0.0
0.007135649140177749,0.0,0.0,0.0,0.018187126189100036,0.036480932183499244,0.0,0.0,0.0,0.0,0.0,0.0,0.0,0.0,0.0,0.0,0.0,0.0,0.07162935016597198,0.0,0.0,0.0,0.32376854332603033,0.49120844531831187,0.31986759852417596,0.07804408748309681,0.0,0.7567246570834786,0.0,1.0,0.0,0.0,0.0,0.0,0.0,0.0,0.0,0.0,0.0,0.0,0.0,0.0,0.22324684201702197,0.23313293440641022,0.0,0.0,0.0,0.0,0.0,0.0,0.0,0.0,0.0,0.0,0.0,0.0,0.0,0.0,0.0,0.0,0.0,0.0,0.0,0.0,0.0,0.0,0.0,0.0,0.0,0.0,0.0,0.0,0.0,0.0,0.0,0.0,0.0,0.0,0.0,0.0,0.0,0.0,0.0,0.0,0.0,0.0,0.0,0.0
0.48601121821955684,0.6868651840528419,0.4926911768826736,0.2561473147760648,0.17053600366568017,0.2543370646594999,0.37593408857856603,0.124287768977286,0.0,0.03156691106114504,0.37539520133380855,0.15082957639017178,0.0,0.0,0.4246509512658706,0.2706416789421151,0.09333736681150528,0.03744260474103005,0.3982582243352598,0.27221460871018194,0.1752980353133073,0.16882254249555365,0.29032321498586283,0.11998766941269169,0.04294275135937485,0.10818738823605416,0.39975762457301495,0.0,0.23313683960964682,0.0,1.0,0.0,0.0,0.0,0.0,0.0,0.0,0.0,0.0,0.0,0.0,0.0,0.0,0.1670774705270654,0.16419846232302074,0.022707008462348646,0.0,0.028563120492313476,0.18452582840846016,0.27385858066214486,0.06658470411589718,0.14006098357851335,0.24643934591889924,0.3009475013123306,0.0,0.0,0.0,0.0,0.0,0.0,0.0,0.0,0.0,0.0,0.0,0.0,0.0,0.0,0.0,0.0,0.0,0.0,0.0,0.0,0.0,0.0,0.0,0.09731679132025131,0.011550328798709038,0.0,0.0,0.0,0.0,0.0,0.0,0.0,0.0,0.0
0.15870091022632699,0.2547220044634914,0.485032558107609,0.6862546611536854,0.4894677674488929,0.252939056288854,0.0,0.0,0.0,0.033105666313329715,0.0,0.0,0.0,0.0,0.0,0.0,0.0,0.0,0.0,0.0,0.0,0.0,0.0,0.0,0.0,0.0,0.3893181675842483,0.0,0.22325055908845345,0.0,0.0,1.0,0.40669550360577,0.0,0.0,0.0,0.0,0.0,0.0,0.0,0.0,0.0,0.0,0.0,0.0,0.0,0.0,0.0,0.0,0.0,0.15270594732606618,0.21327655865180276,0.01009494102203918,0.0,0.15069261371761414,0.31266258238178574,0.4097444375517855,0.330974030008995,0.0,0.0,0.0,0.19743095412405834,0.0,0.0,0.0,0.0,0.0,0.0,0.0,0.0,0.0,0.0,0.0,0.0,0.0,0.0,0.0,0.0,0.0,0.09516972916526889,0.23640513596945653,0.056466281940479895,0.0,0.0,0.0,0.0,0.0,0.0
0.25014422581372875,0.1694155469293557,0.25811288645901914,0.49147190476810076,0.6859239267125834,0.48746164610454396,0.02547948095327336,0.0,0.14188058959311292,0.39210746907387295,0.0,0.0,0.0,0.0,0.0,0.0,0.0,0.0,0.0,0.0,0.0,0.0,0.0,0.0,0.0,0.0,0.03550031398572153,0.0,0.0,0.0,0.0,0.40669550360577,1.0,0.4191216858673461,0.0,0.0,0.0,0.0,0.0,0.0,0.0,0.0,0.0,0.0,0.0,0.015415729128517814,0.0,0.0,0.0,0.0,0.06372569905051867,0.0,0.0,0.0,0.13886438224780184,0.19344968505720975,0.08082742906359583,0.0,0.0035540920902773273,0.02426836714255508,0.12305930922325876,0.1856013415899625,0.0,0.0,0.0,0.0,0.0,0.0,0.0,0.0,0.0,0.0,0.0,0.0,0.0,0.0,0.0,0.0,0.0,0.0,0.0,0.0,0.0,0.0,0.0,0.0,0.0,0.0
0.24826702154770816,0.03585299734841316,0.0,0.13647603018444351,0.39004006069426134,0.48482805017095054,0.15642391331166927,0.2524106147367303,0.49192492014971645,0.6859440728295036,0.0,0.0,0.0,0.035646396803263536,0.0,0.0,0.0,0.0,0.0,0.0,0.0,0.0,0.0,0.0,0.0,0.0,0.0,0.0,0.0,0.0,0.0,0.0,0.4191216858673461,1.0,0.40868040498248975,0.0,0.0,0.0,0.0,0.0,0.0,0.0,0.0,0.0,0.0,0.10597795694193708,0.012672242417793298,0.0,0.0,0.0,0.0,0.0,0.0,0.0,0.0,0.0,0.0,0.0,0.0,0.0,0.0,0.0,0.0,0.0,0.0,0.0,0.0,0.0,0.0,0.0,0.060914875749782216,0.0,0.0,0.0,0.09731679132025142,0.0,0.0,0.0,0.0,0.0,0.0,0.0,0.0,0.0,0.0,0.0,0.0,0.0
0.1632459307105465,0.0,0.0,0.0,0.03784516676163328,0.2559135001057788,0.24992006427797225,0.485952552159817,0.6858569279791196,0.4926223827393985,0.03131470403822153,0.0,0.1425359276467733,0.3942113089452456,0.0,0.0,0.0,0.0,0.0,0.0,0.0,0.0,0.0,0.0,0.0,0.0,0.0,0.0,0.0,0.0,0.0,0.0,0.0,0.40868040498248975,1.0,0.4256453862069514,0.0,0.0,0.0,0.0,0.0,0.0,0.0,0.0,0.0,0.09822658779018961,0.19023724070554457,0.0,0.0,0.0,0.0,0.0,0.0,0.0,0.0,0.0,0.0,0.0,0.0,0.0,0.0,0.0,0.0,0.0,0.0,0.0,0.0,0.0,0.0,0.0,0.3642616431087101,0.0,0.3752489947756499,0.0,0.01155032879870925,0.0,0.0,0.0,0.0,0.0,0.0,0.0,0.0,0.0,0.0,0.0,0.0,0.0
0.0345592247969414,0.0,0.0,0.0,0.0,0.0,0.24982128747092971,0.4857180331977492,0.3931632456000475,0.1423823250193502,0.16109754237303167,0.25466095861199745,0.49138041463279625,0.6859135226894467,0.0,0.0,0.0,0.03535454250932564,0.0,0.0,0.0,0.0,0.0,0.0,0.0,0.0,0.0,0.0,0.0,0.0,0.0,0.0,0.0,0.0,0.4256453862069514,1.0,0.40653085688828944,0.0,0.0,0.0,0.0,0.0,0.0,0.0,0.0,0.0,0.21987682870465763,0.1601031364573626,0.0,0.0,0.0,0.0,0.0,0.0,0.0,0.0,0.0,0.0,0.0,0.0,0.0,0.0,0.0,0.0,0.0,0.0,0.0,0.0,0.0,0.0,0.3989356205333331,0.0,0.41179737598266397,0.0,0.0,0.095169729165269,0.0,0.0,0.0,0.0,0.0,0.0,0.0,0.0,0.0,0.0,0.0,0.0
0.0,0.0,0.0,0.0,0.0,0.0,0.1628418292642218,0.2557693139552996,0.036577506655811234,0.0,0.24913962060432449,0.48622228116097954,0.685886280545956,0.49147383317236965,0.03539111260595724,0.0,0.14154479311238188,0.3933497841434507,0.0,0.0,0.0,0.0,0.0,0.0,0.0,0.0,0.0,0.0,0.0,0.0,0.0,0.0,0.0,0.0,0.0,0.40653085688828944,1.0,0.4240533117276813,0.0,0.0,0.0,0.0,0.0,0.0,0.0,0.0,0.06030540857426602,0.20205145594332485,0.004291527288416884,0.0,0.0,0.0,0.0,0.0,0.0,0.0,0.0,0.0,0.0,0.0,0.0,0.0,0.0,0.0,0.0,0.0,0.0,0.0,0.0,0.0,0.10690975984997388,0.0,0.028161894719240823,0.0,0.0,0.23640513596945664,0.0,0.0,0.0,0.0,0.0,0.0,0.0,0.0,0.0,0.0,0.0,0.0
0.0,0.0,0.0,0.0,0.0,0.0,0.03538256756521509,0.0,0.0,0.0,0.24913805368892877,0.4862202679956365,0.3933473963795099,0.14154311346606552,0.1628439979122442,0.255770353502734,0.491473145798704,0.6858860893949458,0.0,0.0,0.0,0.036577878571444344,0.0,0.0,0.0,0.0,0.0,0.0,0.0,0.0,0.0,0.0,0.0,0.0,0.0,0.0,0.4240533117276813,1.0,0.40652960536765154,0.0,0.0,0.0,0.0,0.0,0.0,0.0,0.0,0.04532654171932886,0.0011481847360785794,0.0,0.0,0.0,0.0,0.0,0.0,0.0,0.0,0.0,0.0,0.0,0.0,0.0,0.0,0.0,0.0,0.0,0.0,0.0,0.0,0.0,0.0,0.0,0.0,0.0,0.0,0.056466281940479895,0.0,0.0,0.0,0.0,0.0,0.0,0.0,0.0,0.0,0.0,0.0,0.0
0.0,0.0,0.0,0.0,0.0,0.0,0.0,0.0,0.0,0.0,0.16109683080119794,0.2546593516855366,0.03535317895671918,0.0,0.24982338417587846,0.48572047407198526,0.6859147803493425,0.49137949352021043,0.03456309172059429,0.0,0.14238196646136886,0.39316404216068096,0.0,0.0,0.0,0.0,0.0,0.0,0.0,0.0,0.0,0.0,0.0,0.0,0.0,0.0,0.0,0.40652960536765154,1.0,0.4256444655654865,0.0,0.0,0.0,0.0,0.0,0.0,0.0,0.0,0.0,0.0,0.0,0.0,0.0,0.0,0.0,0.0,0.0,0.0,0.0,0.0,0.0,0.0,0.0,0.0,0.0,0.0,0.0,0.0,0.0,0.0,0.0,0.0,0.0,0.0,0.0,0.0,0.0,0.0,0.0,0.0,0.0,0.0,0.0,0.0,0.0,0.0,0.0,0.0
0.0,0.0,0.0,0.0,0.0,0.0,0.0,0.0,0.0,0.0,0.031311826273369925,0.0,0.0,0.0,0.2499194305531404,0.48595238179728234,0.39420998942298874,0.1425339122126214,0.16324685775006292,0.25591248085991164,0.4926212811046156,0.6858579235148013,0.0,0.0,0.0,0.037841711585833486,0.0,0.0,0.0,0.0,0.0,0.0,0.0,0.0,0.0,0.0,0.0,0.0,0.4256444655654865,1.0,0.40867655739421777,0.0,0.0,0.0,0.0,0.0,0.0,0.0,0.0,0.0,0.0,0.0,0.0,0.0,0.0,0.0,0.0,0.0,0.0,0.0,0.0,0.0,0.0,0.0,0.0,0.0,0.0,0.0,0.0,0.0,0.0,0.0,0.0,0.0,0.0,0.0,0.0,0.0,0.0,0.0,0.0,0.0,0.0,0.0,0.0,0.0,0.0,0.0
0.0,0.0,0.0,0.0,0.0,0.0,0.0,0.0,0.0,0.0,0.0,0.0,0.0,0.0,0.15642340959978726,0.25240881204791293,0.03564411984386013,0.0,0.24826817360988224,0.48482859076537627,0.6859447608869347,0.49192318324390655,0.03585146186015612,0.0,0.13647477049419923,0.3900386655190516,0.0,0.0,0.0,0.0,0.0,0.0,0.0,0.0,0.0,0.0,0.0,0.0,0.0,0.40867655739421777,1.0,0.4191186708813624,0.0,0.0,0.0,0.0,0.0,0.0,0.0,0.0,0.0,0.0,0.0,0.0,0.0,0.0,0.0,0.0,0.0,0.0,0.0,0.0,0.0,0.0,0.0,0.0,0.0,0.0,0.0,0.0,0.0,0.0,0.0,0.0,0.0,0.0,0.0,0.0,0.0,0.0,0.0,0.0,0.0,0.0,0.0,0.0,0.0,0.0
0.0,0.0,0.0,0.0,0.0,0.0,0.0,0.0,0.0,0.0,0.0,0.0,0.0,0.0,0.02548020099116144,0.0,0.0,0.0,0.2501451847934885,0.487461504680782,0.3921052800207902,0.14187684550877044,0.16941481794481705,0.25811220409482266,0.4914729239988817,0.6859247587444346,0.0,0.03549918164083043,0.0,0.0,0.0,0.0,0.0,0.0,0.0,0.0,0.0,0.0,0.0,0.0,0.4191186708813624,1.0,0.40669725430843867,0.0,0.0,0.0,0.0,0.0,0.0,0.0,0.0,0.0,0.0,0.0,0.0,0.0,0.0,0.0,0.0,0.0,0.0,0.0,0.0,0.0,0.0,0.0,0.0,0.0,0.0,0.0,0.0,0.0,0.0,0.0,0.0,0.0,0.0,0.0,0.0,0.0,0.0,0.0,0.0,0.0,0.0,0.0,0.0,0.0
0.0,0.0,0.0,0.0,0.0,0.0,0.0,0.0,0.0,0.0,0.0,0.0,0.0,0.0,0.0,0.0,0.0,0.0,0.15870198072702874,0.2529389670673626,0.03310403983041873,0.0,0.25472115515305643,0.48503198106690537,0.6862552242586069,0.48946882548740417,0.0,0.38931672298537556,0.0,0.22324684201702197,0.0,0.0,0.0,0.0,0.0,0.0,0.0,0.0,0.0,0.0,0.0,0.40669725430843867,1.0,0.0,0.0,0.0,0.0,0.0,0.0,0.0,0.0,0.0,0.0,0.0,0.0,0.0,0.0,0.0,0.0,0.0,0.0,0.0,0.0,0.0,0.0,0.0,0.0,0.0,0.0,0.0,0.0,0.0,0.0,0.0,0.0,0.0,0.0,0.0,0.0,0.0,0.0,0.0,0.0,0.0,0.0,0.0,0.0,0.0
0.39834839712541653,0.29036290926541725,0.12003125568158884,0.043015048550582885,0.1082867851665104,0.27232471286349047,0.4247242423231784,0.27072324226539385,0.16892625758873908,0.17541426531176194,0.37542146190659853,0.15085190759679187,0.03747934954245697,0.0933952665948535,0.37594265188260645,0.1242906326269601,0.0,0.0,0.48601272241572924,0.25433636092463835,0.03156575963026764,0.0,0.6868648797653257,0.49268803062204186,0.25614406701326864,0.1705339676930732,0.0,0.3997524536286665,0.0,0.23313293440641022,0.1670774705270654,0.0,0.0,0.0,0.0,0.0,0.0,0.0,0.0,0.0,0.0,0.0,0.0,1.0,0.0,0.0,0.0,0.0,0.0,0.0,0.0,0.0,0.0,0.0,0.0,0.0,0.0,0.0,0.0,0.0,0.0,0.0,0.0,0.0,0.0,0.0,0.0,0.0,0.0,0.0,0.0,0.0,0.0,0.0,0.0,0.0,0.0,0.0,0.0,0.0,0.0,0.0,0.0,0.0,0.0,0.0,0.0,0.0
0.28785086289197104,0.29545436728495283,0.25185979360857097,0.2021351028385861,0.2077335845565961,0.25527067894749694,0.19060628425587775,0.1337754566798087,0.10830076876190839,0.1521880440237375,0.05728574791463138,0.0,0.0,0.001741532268607585,0.0,0.0,0.0,0.0,0.0,0.0,0.0,0.0,0.0,0.0,0.0,0.0,0.13147647926505668,0.0,0.0,0.0,0.16419846232302074,0.0,0.0,0.0,0.0,0.0,0.0,0.0,0.0,0.0,0.0,0.0,0.0,0.0,1.0,0.7383165638069309,0.5469829179440747,0.4723965910498659,0.5435408677298118,0.7350219645647315,0.7298261286603946,0.5455521686402963,0.4771856410812088,0.5420703616131995,0.5221554473113407,0.29883831762918717,0.21485398457969368,0.30488882279984375,0.40778336910935736,0.17138264629620042,0.038253147505902,0.08377800481715995,0.38390470232797563,0.16165888992099953,0.0,0.0,0.43165130642297905,0.24927611916604814,0.06583756271782257,0.03206369175485598,0.3056212506476308,0.1580430285035903,0.0716293748101938,0.007135649140177749,0.48601121821955684,0.1587009102263269,0.25014422581372875,0.24826702154770833,0.1632459307105465,0.03455922479694124,0.0,0.0,0.0,0.0,0.0,0.0,0.0,0.39834839712541653
0.295454367284953,0.21096949030623258,0.13029761982196145,0.12314023847155428,0.20821676158337568,0.30710149090069705,0.24663892150706934,0.2705858000501284,0.2815890996005678,0.28768694602504,0.07705457668176631,0.021505458342003625,0.0585753211178457,0.15849452750019558,0.0,0.0,0.0,0.0,0.0,0.0,0.0,0.0,0.0,0.0,0.0,0.0,0.0,0.0,0.0,0.0,0.022707008462348646,0.0,0.015415729128517814,0.10597795694193708,0.09822658779018961,0.0,0.0,0.0,0.0,0.0,0.0,0.0,0.0,0.0,0.7383165638069309,1.0,0.7425851775082147,0.5485832460548001,0.48344730016500315,0.5500742807325107,0.5328109920764158,0.3053568602071649,0.21894012589207024,0.3080454094247401,0.4317362416386425,0.19353231858373268,0.05024491102579121,0.08935493594329333,0.42070841168895895,0.2213792579020443,0.05096482174942596,0.03273024881050569,0.43160060367723013,0.2746066398438654,0.13015471743523757,0.10336102655136037,0.41293418197583087,0.2627455886012479,0.14606698875724242,0.1525696629020063,0.547981437246358,0.12141965867788627,0.32376893551069497,0.0,0.6868651840528419,0.25472200446349125,0.1694155469293557,0.03585299734841316,0.0,0.0,0.0,0.0,0.0,0.0,0.0,0.0,0.0,0.29036290926541714
0.25185979360857114,0.13029761982196145,0.0,0.0,0.053720720633906434,0.21668258965257586,0.298692391192449,0.3690266629783236,0.3252244639112386,0.24199371341184295,0.16673969901163355,0.17683342232585766,0.2552003651657871,0.33374578341639605,0.0,0.0,0.0,0.0034968233070423282,0.0,0.0,0.0,0.0,0.0,0.0,0.0,0.0,0.0,0.0,0.0,0.0,0.0,0.0,0.0,0.012672242417793298,0.19023724070554457,0.21987682870465763,0.06030540857426602,0.0,0.0,0.0,0.0,0.0,0.0,0.0,0.5469829179440747,0.7425851775082147,1.0,0.7375071621860878,0.554603110153489,0.481318202444672,0.2971048461971685,0.09638377038938352,0.06676787434820931,0.217891959207451,0.17507291232131147,0.0,0.0,0.0,0.1861403395446305,0.00012505123533255744,0.0,0.0,0.24922510988198235,0.145934789936842,0.0,0.0,0.26274767949696787,0.18689757687791714,0.10398745858924308,0.08596380289147043,0.7344826235078522,0.07771026105845737,0.4912088200525193,0.0,0.4926911768826735,0.48503255810760887,0.25811288645901914,0.0,0.0,0.0,0.0,0.0,0.0,0.0,0.0,0.0,0.0,0.12003125568158868
0.20213510283858627,0.12314023847155411,0.0,0.0,0.0,0.08938346317823519,0.29318150342708243,0.30947370303032434,0.17971832209850513,0.07324086862683737,0.24879460143840418,0.3048897925827703,0.34113473831463315,0.32486491348812047,0.04447230279918047,0.0,0.044743653208832466,0.1873800518082833,0.0,0.0,0.0,0.0,0.0,0.0,0.0,0.0,0.0,0.0,0.0,0.0,0.028563120492313476,0.0,0.0,0.0,0.0,0.1601031364573626,0.20205145594332485,0.04532654171932886,0.0,0.0,0.0,0.0,0.0,0.0,0.4723965910498659,0.5485832460548001,0.7375071621860878,1.0,0.7454815603098308,0.5489900205763983,0.20230514699065996,0.05774813247961947,0.10367544965237939,0.30905894853445814,0.01993194901297753,0.0,0.0,0.0,0.0,0.0,0.0,0.0,0.06581429279809187,0.0,0.0,0.0,0.14610095932143335,0.10402972103504135,0.0,0.0,0.5430312063964662,0.06898709708434281,0.31987030433193414,0.0,0.2561473147760646,0.6862546611536854,0.4914719047681009,0.13647603018444351,0.0,0.0,0.0,0.0,0.0,0.0,0.0,0.0,0.0,0.04301504855058272
0.2077335845565961,0.20821676158337551,0.053720720633906434,0.0,0.0,0.05934285251854054,0.24951516866472587,0.18181307259111973,0.03717996149656362,0.0,0.24153018305605187,0.2535803429680893,0.20391210516782785,0.15375542428945946,0.09813103034037644,0.05698035520198952,0.10316002128589066,0.18045573078449384,0.0,0.0,0.0,0.0,0.0,0.0,0.0,0.0,0.0,0.0,0.0,0.0,0.18452582840846016,0.0,0.0,0.0,0.0,0.0,0.004291527288416884,0.0011481847360785794,0.0,0.0,0.0,0.0,0.0,0.0,0.5435408677298118,0.48344730016500315,0.554603110153489,0.7454815603098308,1.0,0.7375426305489141,0.29731284004540487,0.21493786125956216,0.314197867218835,0.5428846399751164,0.0669117226152725,0.0,0.0,0.0,0.0,0.0,0.0,0.0,0.032064607739157064,0.0,0.0,0.0,0.15263097492637956,0.08604009715785482,0.0,0.0,0.31206423109474385,0.09491122294219054,0.0780465286902052,0.018187126189100036,0.17053600366568017,0.48946776744889287,0.6859239267125834,0.39004006069426145,0.03784516676163328,0.0,0.0,0.0,0.0,0.0,0.0,0.0,0.0,0.1082867851665104
