1.0,0.7383166801283008,0.5469819032007215,0.47239606343452145,0.5435399703376854,0.7350238114244281,0.7298229345345312,0.5455531163351027,0.4771884510350091,0.5420743353750281,0.5221553710170644,0.29884380498902857,0.2148583571104203,0.3048904159434596,0.4077800147404605,0.17138388879014074,0.03826216324089629,0.08378650222499477,0.38387097223122707,0.1615891232797742,0.0,0.0,0.431602480467439,0.24916747000702985,0.06569687224930827,0.03194060688136895,0.3056207679107979,0.15793578015827425,0.0716292211549451,0.007037028930726071,0.48600716103091507,0.1587027371722001,0.25014559101547834,0.2482716996644586,0.1632499444874917,0.034560355240727064,0.0,0.0,0.0,0.0,0.0,0.0,0.0,0.39835038977801973,0.0,0.0,0.0,0.0,0.0,0.0,0.0,0.0,0.0,0.0,0.0,0.0,0.0,0.0,0.0,0.0,0.0,0.0,0.0,0.0,0.0,0.0,0.0,0.0,0.0,0.0,0.0,0.0,0.0,0.0,0.0,0.0,0.0,0.0,0.0,0.0,0.0,0.0,0.0,0.0,0.0,0.0,0.0,0.0
0.7383166801283008,1.0,0.7425848190720137,0.548583948311672,0.4834487567556097,0.5500790121558288,0.5328079906858321,0.3053586612293995,0.2189431414316453,0.3080502684057208,0.43173958485716024,0.1935433802694007,0.05025253127721581,0.08935781284741105,0.4207020816048434,0.22138176029764894,0.05098103525842916,0.03274583189562082,0.43153135531151393,0.27447774495850663,0.13007715671992276,0.10333982470867853,0.41283639168403496,0.26255334433917465,0.1458217732192477,0.15235276290080454,0.5479811432983256,0.12123362540453902,0.3237689808568086,0.0,0.6868673375467472,0.2547259760910146,0.16941882671750952,0.0358587534664196,0.0,0.0,0.0,0.0,0.0,0.0,0.0,0.0,0.0,0.29033171045437667,0.0,0.0,0.0,0.0,0.0,0.0,0.0,0.0,0.0,0.0,0.0,0.0,0.0,0.0,0.0,0.0,0.0,0.0,0.0,0.0,0.0,0.0,0.0,0.0,0.0,0.0,0.0,0.0,0.0,0.0,0.0,0.0,0.0,0.0,0.0,0.0,0.0,0.0,0.0,0.0,0.0,0.0,0.0,0.0
0.5469819032007215,0.7425848190720137,1.0,0.7375077091927644,0.5546050492462206,0.48132295916581047,0.29710087732796203,0.09638543989916021,0.06677027739948858,0.2178963828932726,0.17507467121854478,0.0,0.0,0.0,0.18613031297871388,0.00012604286629294795,0.0,0.0,0.249140923119173,0.14577245376379294,0.0,0.0,0.26261729081779284,0.1866266529679588,0.10363936609997278,0.08566957574973445,0.7344828023083487,0.07743026406061754,0.4912086307757063,0.0,0.4926996226245553,0.4850369806989612,0.2581162568132278,0.0,0.0,0.0,0.0,0.0,0.0,0.0,0.0,0.0,0.0,0.11997303641876204,0.0,0.0,0.0,0.0,0.0,0.0,0.0,0.0,0.0,0.0,0.0,0.0,0.0,0.0,0.0,0.0,0.0,0.0,0.0,0.0,0.0,0.0,0.0,0.0,0.0,0.0,0.0,0.0,0.0,0.0,0.0,0.0,0.0,0.0,0.0,0.0,0.0,0.0,0.0,0.0,0.0,0.0,0.0,0.0
0.47239606343452145,0.548583948311672,0.7375077091927644,1.0,0.7454834550141456,0.5489939025337743,0.20230142829495154,0.05774855581102972,0.10367609527311913,0.30906199828407754,0.019932504382278695,0.0,0.0,0.0,0.0,0.0,0.0,0.0,0.06574885555845901,0.0,0.0,0.0,0.1459881948138593,0.10377561114514554,0.0,0.0,0.5430314722767056,0.06869986327568753,0.31986942907060567,0.0,0.25615448500588534,0.6862570519431527,0.49147456988902655,0.13648098505398798,0.0,0.0,0.0,0.0,0.0,0.0,0.0,0.0,0.0,0.04296422184196322,0.0,0.0,0.0,0.0,0.0,0.0,0.0,0.0,0.0,0.0,0.0,0.0,0.0,0.0,0.0,0.0,0.0,0.0,0.0,0.0,0.0,0.0,0.0,0.0,0.0,0.0,0.0,0.0,0.0,0.0,0.0,0.0,0.0,0.0,0.0,0.0,0.0,0.0,0.0,0.0,0.0,0.0,0.0,0.0
0.5435399703376854,0.4834487567556097,0.5546050492462206,0.7454834550141456,1.0,0.7375436119286909,0.2973083976390491,0.21493632730651066,0.3141963666806117,0.5428853673924561,0.0669094345806023,0.0,0.0,0.0,0.0,0.0,0.0,0.0,0.032017859345679786,0.0,0.0,0.0,0.15254825263108848,0.08584995781756187,0.0,0.0,0.31206693245123207,0.09468870383973223,0.07804882717134955,0.017956999447769278,0.17054021909979197,0.48946996633506085,0.6859257191315606,0.39004330288475875,0.03784525398900462,0.0,0.0,0.0,0.0,0.0,0.0,0.0,0.0,0.10825393894147556,0.0,0.0,0.0,0.0,0.0,0.0,0.0,0.0,0.0,0.0,0.0,0.0,0.0,0.0,0.0,0.0,0.0,0.0,0.0,0.0,0.0,0.0,0.0,0.0,0.0,0.0,0.0,0.0,0.0,0.0,0.0,0.0,0.0,0.0,0.0,0.0,0.0,0.0,0.0,0.0,0.0,0.0,0.0,0.0
0.7350238114244281,0.5500790121558288,0.48132295916581047,0.5489939025337743,0.7375436119286909,1.0,0.5375654503898808,0.4766003421706855,0.552450542547475,0.735486863294439,0.2858640647024794,0.08633427590004454,0.060573765343601066,0.21505824230231077,0.1534926064758099,0.0,0.0,0.0,0.16164144965803484,0.0,0.0,0.0,0.27462649612263074,0.1458953354613017,0.0,0.0,0.21597346564485304,0.13249423855225748,0.0,0.036350313861772184,0.2543400221242425,0.25294375236285305,0.4874632838791822,0.48482943494726216,0.2559123696232401,0.0,0.0,0.0,0.0,0.0,0.0,0.0,0.0,0.27231918765813096,0.0,0.0,0.0,0.0,0.0,0.0,0.0,0.0,0.0,0.0,0.0,0.0,0.0,0.0,0.0,0.0,0.0,0.0,0.0,0.0,0.0,0.0,0.0,0.0,0.0,0.0,0.0,0.0,0.0,0.0,0.0,0.0,0.0,0.0,0.0,0.0,0.0,0.0,0.0,0.0,0.0,0.0,0.0,0.0
0.7298229345345312,0.5328079906858321,0.29710087732796203,0.20230142829495154,0.2973083976390491,0.5375654503898808,1.0,0.7368556441552225,0.5418899757557142,0.47019778280505065,0.7308224609221028,0.5451754688569154,0.47641507673772887,0.5430568378109102,0.519844984839715,0.29350584559334947,0.21182610900685214,0.30479670730734215,0.40779423446283514,0.1534804242998553,0.01732961856877916,0.07139913627585674,0.42076303013421745,0.18617180054726187,0.0,0.0,0.08086058380867141,0.08026183415639325,0.0,0.0,0.3759229533439903,0.0,0.0254773440844981,0.15642542680989527,0.2499252056632391,0.2498247908782724,0.16284482263114855,0.03538167116279218,0.0,0.0,0.0,0.0,0.0,0.4247718921627954,0.0,0.0,0.0,0.0,0.0,0.0,0.0,0.0,0.0,0.0,0.0,0.0,0.0,0.0,0.0,0.0,0.0,0.0,0.0,0.0,0.0,0.0,0.0,0.0,0.0,0.0,0.0,0.0,0.0,0.0,0.0,0.0,0.0,0.0,0.0,0.0,0.0,0.0,0.0,0.0,0.0,0.0,0.0,0.0
0.5455531163351027,0.3053586612293995,0.09638543989916021,0.05774855581102972,0.21493632730651066,0.4766003421706855,0.7368556441552225,1.0,0.7348722843267663,0.5487943144758926,0.5433931727868256,0.4790028047363409,0.5523401256617655,0.7361489869998336,0.293515259381116,0.08717852334317144,0.05937182477986045,0.2159707053868952,0.17142006720850425,0.0,0.0,0.0,0.22146997629543508,0.00021476121355567266,0.0,0.0,0.0,0.0,0.0,0.0,0.12428231395954395,0.0,0.0,0.25241015229835245,0.48595523447813765,0.48571879951055114,0.2557684215582172,0.0,0.0,0.0,0.0,0.0,0.0,0.27078793323211997,0.0,0.0,0.0,0.0,0.0,0.0,0.0,0.0,0.0,0.0,0.0,0.0,0.0,0.0,0.0,0.0,0.0,0.0,0.0,0.0,0.0,0.0,0.0,0.0,0.0,0.0,0.0,0.0,0.0,0.0,0.0,0.0,0.0,0.0,0.0,0.0,0.0,0.0,0.0,0.0,0.0,0.0,0.0,0.0
0.4771884510350091,0.2189431414316453,0.06677027739948858,0.10367609527311913,0.3141963666806117,0.552450542547475,0.5418899757557142,0.7348722843267663,1.0,0.747907514793004,0.2998833766545977,0.2139630782879552,0.3124289815625369,0.5431664985113954,0.0714178360737807,0.0,0.0,0.0,0.0,0.0,0.0,0.0,0.10346303096729319,0.0,0.0,0.0,0.0,0.0,0.0,0.0,0.0,0.0,0.14187982756007445,0.4919225749910354,0.6858581575406585,0.39316330674497196,0.0365765531980325,0.0,0.0,0.0,0.0,0.0,0.0,0.16898487178800212,0.0,0.0,0.0,0.0,0.0,0.0,0.0,0.0,0.0,0.0,0.0,0.0,0.0,0.0,0.0,0.0,0.0,0.0,0.0,0.0,0.0,0.0,0.0,0.0,0.0,0.0,0.0,0.0,0.0,0.0,0.0,0.0,0.0,0.0,0.0,0.0,0.0,0.0,0.0,0.0,0.0,0.0,0.0,0.0
0.5420743353750281,0.3080502684057208,0.2178963828932726,0.30906199828407754,0.5428853673924561,0.735486863294439,0.47019778280505065,0.5487943144758926,0.747907514793004,1.0,0.20244974386757741,0.055717327361848805,0.10310819131572801,0.31147047227074187,0.017350238627841692,0.0,0.0,0.0,0.0,0.0,0.0,0.0,0.13022664014583513,0.0,0.0,0.0,0.0,0.0207575896894463,0.0,0.0,0.031568599598459944,0.033108920729518106,0.3921083795438336,0.6859441755499881,0.49262218282381165,0.14238169346930435,0.0,0.0,0.0,0.0,0.0,0.0,0.0,0.17544004591562615,0.0,0.0,0.0,0.0,0.0,0.0,0.0,0.0,0.0,0.0,0.0,0.0,0.0,0.0,0.0,0.0,0.0,0.0,0.0,0.0,0.0,0.0,0.0,0.0,0.0,0.0,0.0,0.0,0.0,0.0,0.0,0.0,0.0,0.0,0.0,0.0,0.0,0.0,0.0,0.0,0.0,0.0,0.0,0.0
0.5221553710170644,0.43173958485716024,0.17507467121854478,0.019932504382278695,0.0669094345806023,0.2858640647024794,0.7308224609221028,0.5433931727868256,0.2998833766545977,0.20244974386757741,1.0,0.7354302293607392,0.5421393123956081,0.4746480109059952,0.7308256663166249,0.5433967338870271,0.47465279629459944,0.542141672221507,0.5221658294983801,0.2858663428725816,0.2024490081565528,0.2998827192277183,0.4317701653485952,0.17510137275194,0.019943214301387624,0.06691050293991953,0.012219027288371213,0.012252570223920019,0.0,0.0,0.3753899325334412,0.0,0.0,0.0,0.03131502186337044,0.161097028629155,0.2491412800941647,0.2491372974845278,0.16110024519973223,0.0313144316052604,0.0,0.0,0.0,0.375455374440295,0.0,0.0,0.0,0.0,0.0,0.0,0.0,0.0,0.0,0.0,0.0,0.0,0.0,0.0,0.0,0.0,0.0,0.0,0.0,0.0,0.0,0.0,0.0,0.0,0.0,0.0,0.07870681114056524,0.0,0.07272814492407521,0.0,0.0,0.0,0.0,0.0,0.0,0.0,0.0,0.0,0.0,0.0,0.0,0.0,0.0,0.0
0.29884380498902857,0.1935433802694007,0.0,0.0,0.0,0.08633427590004454,0.5451754688569154,0.4790028047363409,0.2139630782879552,0.055717327361848805,0.7354302293607392,1.0,0.7361585565748057,0.5512951119910617,0.545174890592741,0.47900386265814116,0.5512983038379314,0.7361612924637287,0.29885841292545523,0.08634909942038695,0.055723352825231366,0.21396281199918224,0.1935804516749475,0.0,0.0,0.0,0.0,0.0,0.0,0.0,0.1508332348349214,0.0,0.0,0.0,0.0,0.2546570266784189,0.48622212433654005,0.4862174894841761,0.25466145112178384,0.0,0.0,0.0,0.0,0.1508944000247756,0.0,0.0,0.0,0.0,0.0,0.0,0.0,0.0,0.0,0.0,0.0,0.0,0.0,0.0,0.0,0.0,0.0,0.0,0.0,0.0,0.0,0.0,0.0,0.0,0.0,0.0,0.10291727967324676,0.0,0.12700883216744982,0.0,0.0,0.0,0.0,0.0,0.0,0.0,0.0,0.0,0.0,0.0,0.0,0.0,0.0,0.0
0.2148583571104203,0.05025253127721581,0.0,0.0,0.0,0.060573765343601066,0.47641507673772887,0.5523401256617655,0.3124289815625369,0.10310819131572801,0.5421393123956081,0.7361585565748057,1.0,0.7473476311242553,0.30480140309482545,0.21597268914600165,0.3119617447813125,0.5435021002972846,0.08381654706432973,0.0,0.0,0.0,0.03281002874836121,0.0,0.0,0.0,0.0,0.0,0.0,0.0,0.0,0.0,0.0,0.0,0.1425364995415493,0.49137839147551415,0.6858858203803067,0.39333868762117496,0.035351250416980735,0.0,0.0,0.0,0.0,0.03754334816204434,0.0,0.0,0.0,0.0,0.0,0.0,0.0,0.0,0.0,0.0,0.0,0.0,0.0,0.0,0.0,0.0,0.0,0.0,0.0,0.0,0.0,0.0,0.0,0.0,0.0,0.0,0.0,0.0,0.014800698074451328,0.0,0.0,0.0,0.0,0.0,0.0,0.0,0.0,0.0,0.0,0.0,0.0,0.0,0.0,0.0
0.3048904159434596,0.08935781284741105,0.0,0.0,0.0,0.21505824230231077,0.5430568378109102,0.7361489869998336,0.5431664985113954,0.31147047227074187,0.4746480109059952,0.5512951119910617,0.7473476311242553,1.0,0.21183493306027476,0.059375177766128016,0.10276631409225045,0.3119616242596695,0.038301093897935276,0.0,0.0,0.0,0.05106418013161358,0.0,0.0,0.0,0.0,0.0,0.0,0.0,0.0,0.0,0.0,0.035645851209289425,0.3942131767303839,0.685914361354089,0.4914705259783287,0.14153258457480314,0.0,0.0,0.0,0.0,0.0,0.09346968418541295,0.0,0.0,0.0,0.0,0.0,0.0,0.0,0.0,0.0,0.0,0.0,0.0,0.0,0.0,0.0,0.0,0.0,0.0,0.0,0.0,0.0,0.0,0.0,0.0,0.0,0.0,0.0,0.0,0.0,0.0,0.0,0.0,0.0,0.0,0.0,0.0,0.0,0.0,0.0,0.0,0.0,0.0,0.0,0.0
0.4077800147404605,0.4207020816048434,0.18613031297871388,0.0,0.0,0.1534926064758099,0.519844984839715,0.293515259381116,0.0714178360737807,0.017350238627841692,0.7308256663166249,0.545174890592741,0.30480140309482545,0.21183493306027476,1.0,0.736852061170034,0.5430531078289508,0.47641149271696,0.7298280934166304,0.5375684063403813,0.47019805058453795,0.5418871074690362,0.5328220694008665,0.2971145499456933,0.2023091777549408,0.29731116275298386,0.08019171047870795,0.08087317187569473,0.0,0.0,0.424631617922777,0.0,0.0,0.0,0.0,0.0,0.035394270942561666,0.16284043465611683,0.249819457102867,0.24992240782076688,0.1564244068234565,0.025477455077243135,0.0,0.3759542208738466,0.0,0.10517369063587964,0.17193679117936195,0.09423391198652557,0.0,0.0,0.0,0.0,0.0,0.0,0.0,0.0,0.0,0.0,0.0,0.0,0.0,0.0,0.0,0.0,0.0,0.0,0.0,0.0,0.0,0.0,0.20267615358074687,0.0,0.13587371158725736,0.0,0.0,0.0,0.0,0.0,0.0,0.0,0.0,0.0,0.0,0.0,0.0,0.0,0.0,0.0
0.17138388879014074,0.22138176029764894,0.00012604286629294795,0.0,0.0,0.0,0.29350584559334947,0.08717852334317144,0.0,0.0,0.5433967338870271,0.47900386265814116,0.21597268914600165,0.059375177766128016,0.736852061170034,1.0,0.7361478075620349,0.5523381799052912,0.5455494554251219,0.47660130101769943,0.5487945390858183,0.7348700795297398,0.3053611843410058,0.09639170472455068,0.057755359233810095,0.21493985830225978,0.0,0.0,0.0,0.0,0.27063548520181524,0.0,0.0,0.0,0.0,0.0,0.0,0.2557678600530439,0.48571564616410096,0.48595399774725,0.2524096055057574,0.0,0.0,0.12429793107019967,0.08321126045535217,0.1892494374718499,0.2967524652617703,0.2877619295963571,0.18558845151094186,0.09346908932415984,0.0,0.0,0.0,0.0,0.0,0.0,0.0,0.0,0.0,0.0,0.0,0.0,0.0,0.0,0.0,0.0,0.0,0.0,0.0,0.0,0.27892188889189073,0.0,0.16948271419439043,0.0,0.003122129585521995,0.15883453718818927,0.0,0.0,0.0,0.0,0.0,0.0,0.0,0.0,0.0,0.0,0.0,0.0
0.03826216324089629,0.05098103525842916,0.0,0.0,0.0,0.0,0.21182610900685214,0.05937182477986045,0.0,0.0,0.47465279629459944,0.5512983038379314,0.3119617447813125,0.10276631409225045,0.5430531078289508,0.7361478075620349,1.0,0.7473469747335907,0.304892276722018,0.21506521698913394,0.3114718366800781,0.5431620367729506,0.08937098093903655,0.0,0.0,0.0,0.0,0.0,0.0,0.0,0.0933482152547509,0.0,0.0,0.0,0.0,0.0,0.1415416303061449,0.4914712510788129,0.685914137600028,0.3942060573207931,0.03564624828770155,0.0,0.0,0.0,0.0,0.06520471499889995,0.23896770489690575,0.2822222763248214,0.1452610300573144,0.0,0.0,0.0,0.0,0.0,0.0,0.0,0.0,0.0,0.0,0.0,0.0,0.0,0.0,0.0,0.0,0.0,0.0,0.0,0.0,0.0,0.2610207241297353,0.0,0.18321006668845533,0.0,0.0,0.22753370604888726,0.0,0.0,0.0,0.0,0.0,0.0,0.0,0.0,0.0,0.0,0.0,0.0
0.08378650222499477,0.03274583189562082,0.0,0.0,0.0,0.0,0.30479670730734215,0.2159707053868952,0.0,0.0,0.542141672221507,0.7361612924637287,0.5435021002972846,0.3119616242596695,0.47641149271696,0.5523381799052912,0.7473469747335907,1.0,0.21486834784198763,0.06058905404114459,0.10311408976374511,0.3124263268218935,0.050280752271493076,0.0,0.0,0.0,0.0,0.0,0.0,0.0,0.03745191169882034,0.0,0.0,0.0,0.0,0.03534953741028244,0.39334731770139086,0.6858835036689799,0.4913811294603794,0.14253004555244086,0.0,0.0,0.0,0.0,0.0,0.0,0.09431138804907543,0.10373059342092011,0.0,0.0,0.0,0.0,0.0,0.0,0.0,0.0,0.0,0.0,0.0,0.0,0.0,0.0,0.0,0.0,0.0,0.0,0.0,0.0,0.0,0.0,0.18983963513115257,0.0,0.18065545622939172,0.0,0.0,0.07445571573326115,0.0,0.0,0.0,0.0,0.0,0.0,0.0,0.0,0.0,0.0,0.0,0.0
0.38387097223122707,0.43153135531151393,0.249140923119173,0.06574885555845901,0.032017859345679786,0.16164144965803484,0.40779423446283514,0.17142006720850425,0.0,0.0,0.5221658294983801,0.29885841292545523,0.08381654706432973,0.038301093897935276,0.7298280934166304,0.5455494554251219,0.304892276722018,0.21486834784198763,1.0,0.735022413766164,0.5420697510561185,0.47718267103147083,0.7383203001934548,0.5469856044851444,0.4723984762929794,0.5435401827392725,0.1578530451801302,0.3056210900413447,0.006908436857683563,0.07163054717238745,0.3981671645644977,0.0,0.0,0.0,0.0,0.0,0.0,0.0,0.03455907810677834,0.16324446448095886,0.2482669936291218,0.25014481350807405,0.15870093766934348,0.4860179248394983,0.059821001225041776,0.1719658219670689,0.15852607741582542,0.034572184722516906,0.0,0.0,0.0,0.0,0.0,0.0,0.0,0.0,0.0,0.0,0.0,0.0,0.0,0.0,0.0,0.0,0.0,0.0,0.0,0.0,0.0,0.0,0.15752106801418955,0.0,0.06891538278309593,0.0,0.08065797896140167,0.0,0.0,0.0,0.0,0.0,0.0,0.0,0.0,0.0,0.0,0.0,0.0,0.0
0.1615891232797742,0.27447774495850663,0.14577245376379294,0.0,0.0,0.0,0.1534804242998553,0.0,0.0,0.0,0.2858663428725816,0.08634909942038695,0.0,0.0,0.5375684063403813,0.47660130101769943,0.21506521698913394,0.06058905404114459,0.735022413766164,1.0,0.7354843421182612,0.5524505934766649,0.5500763393181864,0.4813173209721329,0.5489899212734882,0.7375412754697143,0.13228399233699178,0.21596428558562256,0.03607004175183991,0.0,0.2720594999701019,0.0,0.0,0.0,0.0,0.0,0.0,0.0,0.0,0.2559125741643665,0.48482634822594173,0.48746170533237215,0.252937999797571,0.2543411945258293,0.235436551498751,0.279924750357576,0.21071785507446655,0.10589239887507447,0.08065280728488929,0.1448132927082746,0.16846870965474137,0.08224895615047113,0.006876658078769689,0.024311219344781254,0.08953732155071867,0.022957231510419222,0.0,0.0,0.0,0.0,0.0,0.0,0.0,0.0,0.0,0.0,0.0,0.0,0.0,0.0,0.12905452754616967,0.0,0.0,0.0,0.1636554083062173,0.0,0.0,0.0,0.0,0.0,0.0,0.0,0.0,0.0,0.0,0.0,0.0,0.0
0.0,0.13007715671992276,0.0,0.0,0.0,0.0,0.01732961856877916,0.0,0.0,0.0,0.2024490081565528,0.055723352825231366,0.0,0.0,0.47019805058453795,0.5487945390858183,0.3114718366800781,0.10311408976374511,0.5420697510561185,0.7354843421182612,1.0,0.7479097614702854,0.3080442557528662,0.2178870818136963,0.30905461677178164,0.5428796925500227,0.02052649783450429,0.0,0.0,0.0,0.1751988678289683,0.0,0.0,0.0,0.0,0.0,0.0,0.0,0.14237956793802561,0.49262413030361374,0.6859434865205477,0.39210324995513535,0.033100461828726925,0.031568915908104095,0.34233127811280917,0.3365710390718411,0.2994845652656935,0.2682710316603039,0.2862530846000075,0.329389234303557,0.2296781662175291,0.17655474221038808,0.16787956910750557,0.22610887858065332,0.07652150094578165,0.0,0.0,0.027891335642513917,0.0,0.0,0.0,0.0,0.0,0.0,0.0,0.0,0.0,0.0,0.0,0.0,0.16029044262955658,0.0,0.0,0.0,0.14787628316908327,0.03539390119222531,0.06517663993466143,0.013346063982265417,0.0,0.0,0.0,0.0,0.0,0.0,0.0,0.0,0.0,0.0
0.0,0.10333982470867853,0.0,0.0,0.0,0.0,0.07139913627585674,0.0,0.0,0.0,0.2998827192277183,0.21396281199918224,0.0,0.0,0.5418871074690362,0.7348700795297398,0.5431620367729506,0.3124263268218935,0.47718267103147083,0.5524505934766649,0.7479097614702854,1.0,0.2189389624064534,0.06676746834114332,0.1036769165032307,0.3141974645193608,0.0,0.0,0.0,0.0,0.16878844148754804,0.0,0.0,0.0,0.0,0.0,0.0,0.036578076269583516,0.39315499681129185,0.6858586646018636,0.4919247820703468,0.14188154767737374,0.0,0.0,0.2634984650441999,0.29893790726650565,0.3568888843673481,0.38208016330539063,0.3587187346495519,0.30524247645212826,0.08459765145784397,0.01321654423980278,0.04695003542160105,0.17035133946567116,0.0,0.0,0.0,0.0,0.0,0.0,0.0,0.0,0.0,0.0,0.0,0.0,0.0,0.0,0.0,0.0,0.24320464463466893,0.0,0.07457345106898611,0.0,0.07872745172916584,0.2004579587243134,0.16550830091604646,0.0,0.0,0.0,0.0,0.0,0.0,0.0,0.0,0.0,0.0,0.0
0.431602480467439,0.41283639168403496,0.26261729081779284,0.1459881948138593,0.15254825263108848,0.27462649612263074,0.42076303013421745,0.22146997629543508,0.10346303096729319,0.13022664014583513,0.4317701653485952,0.1935804516749475,0.03281002874836121,0.05106418013161358,0.5328220694008665,0.3053611843410058,0.08937098093903655,0.050280752271493076,0.7383203001934548,0.5500763393181864,0.3080442557528662,0.2189389624064534,1.0,0.7425880717278829,0.5485871546457847,0.483449274630623,0.1212287951749341,0.5479790959344817,0.0,0.3237670041394737,0.2902204796660468,0.0,0.0,0.0,0.0,0.0,0.0,0.0,0.0,0.0,0.03585105509479876,0.1694185034114421,0.25472333904542094,0.6868658822196682,0.0,0.045110735568080824,0.004488824000873894,0.0,0.0,0.0,0.0,0.0,0.0,0.0,0.0,0.0,0.0,0.0,0.0,0.0,0.0,0.0,0.0,0.0,0.0,0.0,0.0,0.0,0.0,0.0,0.044171500970351794,0.0,0.0,0.0,0.00797225680768594,0.0,0.0,0.0,0.0,0.0,0.0,0.0,0.0,0.0,0.0,0.0,0.0,0.0
0.24916747000702985,0.26255334433917465,0.1866266529679588,0.10377561114514554,0.08584995781756187,0.1458953354613017,0.18617180054726187,0.00021476121355567266,0.0,0.0,0.17510137275194,0.0,0.0,0.0,0.2971145499456933,0.09639170472455068,0.0,0.0,0.5469856044851444,0.4813173209721329,0.2178870818136963,0.06676746834114332,0.7425880717278829,1.0,0.7375070620265383,0.5546015198363009,0.07734008354035256,0.7344805035667255,0.0,0.49120893231530266,0.11980481488405173,0.0,0.0,0.0,0.0,0.0,0.0,0.0,0.0,0.0,0.0,0.2581114129734774,0.4850299126666506,0.4926948384021751,0.0,0.0,0.0,0.0,0.0,0.0,0.0,0.0,0.0,0.0,0.0,0.0,0.0,0.0,0.0,0.0,0.0,0.0,0.0,0.0,0.0,0.0,0.0,0.0,0.0,0.0,0.0,0.0,0.0,0.0,0.0,0.0,0.0,0.0,0.0,0.0,0.0,0.0,0.0,0.0,0.0,0.0,0.0,0.0
0.06569687224930827,0.1458217732192477,0.10363936609997278,0.0,0.0,0.0,0.0,0.0,0.0,0.0,0.019943214301387624,0.0,0.0,0.0,0.2023091777549408,0.057755359233810095,0.0,0.0,0.4723984762929794,0.5489899212734882,0.30905461677178164,0.1036769165032307,0.5485871546457847,0.7375070620265383,1.0,0.7454813410875302,0.06844702378827468,0.5430307554739646,0.0,0.3198726535469427,0.0427017751563001,0.0,0.0,0.0,0.0,0.0,0.0,0.0,0.0,0.0,0.13646948851367796,0.4914710178977506,0.6862528676821151,0.2561516285185135,0.0269149082427727,0.0708585827194896,0.0,0.0,0.0,0.0,0.07240402957429805,0.0,0.0,0.0,0.11896486340940898,0.1531281517767486,0.0705598119607398,0.0,0.022391097538393124,0.04217113134580968,0.1134048407595025,0.15101981747125387,0.0,0.0,0.0,0.0,0.0,0.0,0.0,0.0,0.0,0.0,0.0,0.0,0.046927851039081245,0.0,0.0,0.0,0.0,0.0,0.0,0.0,0.0,0.0,0.0,0.0,0.0,0.0
0.03194060688136895,0.15235276290080454,0.08566957574973445,0.0,0.0,0.0,0.0,0.0,0.0,0.0,0.06691050293991953,0.0,0.0,0.0,0.29731116275298386,0.21493985830225978,0.0,0.0,0.5435401827392725,0.7375412754697143,0.5428796925500227,0.3141974645193608,0.483449274630623,0.5546015198363009,0.7454813410875302,1.0,0.09438574837315147,0.31206168543158275,0.01755122663009536,0.07804658397873089,0.10795693817111371,0.0,0.0,0.0,0.0,0.0,0.0,0.0,0.0,0.0378471985757629,0.3900348105746809,0.6859250623420765,0.4894679615819275,0.17053903660930325,0.2046160986457732,0.21150921445685006,0.07263934116807776,0.0,0.0,0.06901357742674871,0.225667203049426,0.1582499162001073,0.0291072056831338,0.0,0.20074833547692794,0.1987776128344469,0.15219396876406072,0.11644744813047044,0.05952758246311761,0.010352086325185986,0.04560428224056992,0.11818955288863847,0.0,0.0,0.0,0.0,0.0,0.0,0.0,0.0,0.0,0.0,0.0,0.0,0.1358804242331888,0.0,0.0,0.0,0.0,0.0,0.0,0.0,0.0,0.0,0.0,0.0,0.0,0.0
0.3056207679107979,0.5479811432983256,0.7344828023083487,0.5430314722767056,0.31206693245123207,0.21597346564485304,0.08086058380867141,0.0,0.0,0.0,0.012219027288371213,0.0,0.0,0.0,0.08019171047870795,0.0,0.0,0.0,0.1578530451801302,0.13228399233699178,0.02052649783450429,0.0,0.1212287951749341,0.07734008354035256,0.06844702378827468,0.09438574837315147,1.0,0.0,0.7567242633694322,0.0,0.3997693416312046,0.3893221944489928,0.0355044442684928,0.0,0.0,0.0,0.0,0.0,0.0,0.0,0.0,0.0,0.0,0.0,0.0,0.0,0.0,0.0,0.0,0.0,0.0,0.0,0.0,0.0,0.0,0.0,0.0,0.0,0.0,0.0,0.0,0.0,0.0,0.0,0.0,0.0,0.0,0.0,0.0,0.0,0.0,0.0,0.0,0.0,0.0,0.0,0.0,0.0,0.0,0.0,0.0,0.0,0.0,0.0,0.0,0.0,0.0,0.0
0.15793578015827425,0.12123362540453902,0.07743026406061754,0.06869986327568753,0.09468870383973223,0.13249423855225748,0.08026183415639325,0.0,0.0,0.0207575896894463,0.012252570223920019,0.0,0.0,0.0,0.08087317187569473,0.0,0.0,0.0,0.3056210900413447,0.21596428558562256,0.0,0.0,0.5479790959344817,0.7344805035667255,0.5430307554739646,0.31206168543158275,0.0,1.0,0.0,0.7567268193701492,0.0,0.0,0.0,0.0,0.0,0.0,0.0,0.0,0.0,0.0,0.0,0.03549778743377692,0.38931671965799625,0.3997552763451872,0.0,0.0,0.0,0.0,0.0,0.0,0.0,0.0,0.0,0.0,0.0,0.0,0.0,0.0,0.0,0.0,0.0,0.0,0.0,0.0,0.0,0.0,0.0,0.0,0.0,0.0,0.0,0.0,0.0,0.0,0.0,0.0,0.0,0.0,0.0,0.0,0.0,0.0,0.0,0.0,0.0,0.0,0.0,0.0
0.0716292211549451,0.3237689808568086,0.4912086307757063,0.31986942907060567,0.07804882717134955,0.0,0.0,0.0,0.0,0.0,0.0,0.0,0.0,0.0,0.0,0.0,0.0,0.0,0.006908436857683563,0.03607004175183991,0.0,0.0,0.0,0.0,0.0,0.01755122663009536,0.7567242633694322,0.0,1.0,0.0,0.23315056628027087,0.2232524549481819,0.0,0.0,0.0,0.0,0.0,0.0,0.0,0.0,0.0,0.0,0.0,0.0,0.0,0.0,0.0,0.0,0.0,0.0,0.0,0.0,0.0,0.0,0.0,0.0,0.0,0.0,0.0,0.0,0.0,0.0,0.0,0.0,0.0,0.0,0.0,0.0,0.0,0.0,0.0,0.0,0.0,0.0,0.0,0.0,0.0,0.0,0.0,0.0,0.0,0.0,0.0,0.0,0.0,0.0,0.0,0.0
0.007037028930726071,0.0,0.0,0.0,0.017956999447769278,0.036350313861772184,0.0,0.0,0.0,0.0,0.0,0.0,0.0,0.0,0.0,0.0,0.0,0.0,0.07163054717238745,0.0,0.0,0.0,0.3237670041394737,0.49120893231530266,0.3198726535469427,0.07804658397873089,0.0,0.7567268193701492,0.0,1.0,0.0,0.0,0.0,0.0,0.0,0.0,0.0,0.0,0.0,0.0,0.0,0.0,0.22325278599511053,0.23313236091380074,0.0,0.0,0.0,0.0,0.0,0.0,0.0,0.0,0.0,0.0,0.0,0.0,0.0,0.0,0.0,0.0,0.0,0.0,0.0,0.0,0.0,0.0,0.0,0.0,0.0,0.0,0.0,0.0,0.0,0.0,0.0,0.0,0.0,0.0,0.0,0.0,0.0,0.0,0.0,0.0,0.0,0.0,0.0,0.0
0.48600716103091507,0.6868673375467472,0.4926996226245553,0.25615448500588534,0.17054021909979197,0.2543400221242425,0.3759229533439903,0.12428231395954395,0.0,0.031568599598459944,0.3753899325334412,0.1508332348349214,0.0,0.0,0.424631617922777,0.27063548520181524,0.0933482152547509,0.03745191169882034,0.3981671645644977,0.2720594999701019,0.1751988678289683,0.16878844148754804,0.2902204796660468,0.11980481488405173,0.0427017751563001,0.10795693817111371,0.3997693416312046,0.0,0.23315056628027087,0.0,1.0,0.0,0.0,0.0,0.0,0.0,0.0,0.0,0.0,0.0,0.0,0.0,0.0,0.16702835518119347,0.0,0.0,0.0,0.0,0.0,0.0,0.0,0.0,0.0,0.0,0.0,0.0,0.0,0.0,0.0,0.0,0.0,0.0,0.0,0.0,0.0,0.0,0.0,0.0,0.0,0.0,0.0,0.0,0.0,0.0,0.0,0.0,0.0,0.0,0.0,0.0,0.0,0.0,0.0,0.0,0.0,0.0,0.0,0.0
0.1587027371722001,0.2547259760910146,0.4850369806989612,0.6862570519431527,0.48946996633506085,0.25294375236285305,0.0,0.0,0.0,0.033108920729518106,0.0,0.0,0.0,0.0,0.0,0.0,0.0,0.0,0.0,0.0,0.0,0.0,0.0,0.0,0.0,0.0,0.3893221944489928,0.0,0.2232524549481819,0.0,0.0,1.0,0.4066966509274187,0.0,0.0,0.0,0.0,0.0,0.0,0.0,0.0,0.0,0.0,0.0,0.0,0.0,0.0,0.0,0.0,0.0,0.0,0.0,0.0,0.0,0.0,0.0,0.0,0.0,0.0,0.0,0.0,0.0,0.0,0.0,0.0,0.0,0.0,0.0,0.0,0.0,0.0,0.0,0.0,0.0,0.0,0.0,0.0,0.0,0.0,0.0,0.0,0.0,0.0,0.0,0.0,0.0,0.0,0.0
0.25014559101547834,0.16941882671750952,0.2581162568132278,0.49147456988902655,0.6859257191315606,0.4874632838791822,0.0254773440844981,0.0,0.14187982756007445,0.3921083795438336,0.0,0.0,0.0,0.0,0.0,0.0,0.0,0.0,0.0,0.0,0.0,0.0,0.0,0.0,0.0,0.0,0.0355044442684928,0.0,0.0,0.0,0.0,0.4066966509274187,1.0,0.41912553704508654,0.0,0.0,0.0,0.0,0.0,0.0,0.0,0.0,0.0,0.0,0.0,0.0,0.0,0.0,0.0,0.0,0.0,0.0,0.0,0.0,0.0,0.0,0.0,0.0,0.0,0.0,0.0,0.0,0.0,0.0,0.0,0.0,0.0,0.0,0.0,0.0,0.0,0.0,0.0,0.0,0.0,0.0,0.0,0.0,0.0,0.0,0.0,0.0,0.0,0.0,0.0,0.0,0.0,0.0
0.2482716996644586,0.0358587534664196,0.0,0.13648098505398798,0.39004330288475875,0.48482943494726216,0.15642542680989527,0.25241015229835245,0.4919225749910354,0.6859441755499881,0.0,0.0,0.0,0.035645851209289425,0.0,0.0,0.0,0.0,0.0,0.0,0.0,0.0,0.0,0.0,0.0,0.0,0.0,0.0,0.0,0.0,0.0,0.0,0.41912553704508654,1.0,0.4086768458840033,0.0,0.0,0.0,0.0,0.0,0.0,0.0,0.0,0.0,0.0,0.0,0.0,0.0,0.0,0.0,0.0,0.0,0.0,0.0,0.0,0.0,0.0,0.0,0.0,0.0,0.0,0.0,0.0,0.0,0.0,0.0,0.0,0.0,0.0,0.0,0.0,0.0,0.0,0.0,0.0,0.0,0.0,0.0,0.0,0.0,0.0,0.0,0.0,0.0,0.0,0.0,0.0,0.0
0.1632499444874917,0.0,0.0,0.0,0.03784525398900462,0.2559123696232401,0.2499252056632391,0.48595523447813765,0.6858581575406585,0.49262218282381165,0.03131502186337044,0.0,0.1425364995415493,0.3942131767303839,0.0,0.0,0.0,0.0,0.0,0.0,0.0,0.0,0.0,0.0,0.0,0.0,0.0,0.0,0.0,0.0,0.0,0.0,0.0,0.4086768458840033,1.0,0.42564564078104794,0.0,0.0,0.0,0.0,0.0,0.0,0.0,0.0,0.0,0.0,0.0,0.0,0.0,0.0,0.0,0.0,0.0,0.0,0.0,0.0,0.0,0.0,0.0,0.0,0.0,0.0,0.0,0.0,0.0,0.0,0.0,0.0,0.0,0.0,0.0,0.0,0.0,0.0,0.0,0.0,0.0,0.0,0.0,0.0,0.0,0.0,0.0,0.0,0.0,0.0,0.0,0.0
0.034560355240727064,0.0,0.0,0.0,0.0,0.0,0.2498247908782724,0.48571879951055114,0.39316330674497196,0.14238169346930435,0.161097028629155,0.2546570266784189,0.49137839147551415,0.685914361354089,0.0,0.0,0.0,0.03534953741028244,0.0,0.0,0.0,0.0,0.0,0.0,0.0,0.0,0.0,0.0,0.0,0.0,0.0,0.0,0.0,0.0,0.42564564078104794,1.0,0.4065244110003326,0.0,0.0,0.0,0.0,0.0,0.0,0.0,0.0,0.0,0.0,0.0,0.0,0.0,0.0,0.0,0.0,0.0,0.0,0.0,0.0,0.0,0.0,0.0,0.0,0.0,0.0,0.0,0.0,0.0,0.0,0.0,0.0,0.0,0.0,0.0,0.0,0.0,0.0,0.0,0.0,0.0,0.0,0.0,0.0,0.0,0.0,0.0,0.0,0.0,0.0,0.0
0.0,0.0,0.0,0.0,0.0,0.0,0.16284482263114855,0.2557684215582172,0.0365765531980325,0.0,0.2491412800941647,0.48622212433654005,0.6858858203803067,0.4914705259783287,0.035394270942561666,0.0,0.1415416303061449,0.39334731770139086,0.0,0.0,0.0,0.0,0.0,0.0,0.0,0.0,0.0,0.0,0.0,0.0,0.0,0.0,0.0,0.0,0.0,0.4065244110003326,1.0,0.4240429160804989,0.0,0.0,0.0,0.0,0.0,0.0,0.0,0.0,0.0,0.0,0.0,0.0,0.0,0.0,0.0,0.0,0.0,0.0,0.0,0.0,0.0,0.0,0.0,0.0,0.0,0.0,0.0,0.0,0.0,0.0,0.0,0.0,0.0,0.0,0.0,0.0,0.0,0.0,0.0,0.0,0.0,0.0,0.0,0.0,0.0,0.0,0.0,0.0,0.0,0.0
0.0,0.0,0.0,0.0,0.0,0.0,0.03538167116279218,0.0,0.0,0.0,0.2491372974845278,0.4862174894841761,0.39333868762117496,0.14153258457480314,0.16284043465611683,0.2557678600530439,0.4914712510788129,0.6858835036689799,0.0,0.0,0.0,0.036578076269583516,0.0,0.0,0.0,0.0,0.0,0.0,0.0,0.0,0.0,0.0,0.0,0.0,0.0,0.0,0.4240429160804989,1.0,0.40653551783707736,0.0,0.0,0.0,0.0,0.0,0.0,0.0,0.0,0.0,0.0,0.0,0.0,0.0,0.0,0.0,0.0,0.0,0.0,0.0,0.0,0.0,0.0,0.0,0.0,0.0,0.0,0.0,0.0,0.0,0.0,0.0,0.0,0.0,0.014088512914600672,0.0,0.0,0.0,0.0,0.0,0.0,0.0,0.0,0.0,0.0,0.0,0.0,0.0,0.0,0.0
0.0,0.0,0.0,0.0,0.0,0.0,0.0,0.0,0.0,0.0,0.16110024519973223,0.25466145112178384,0.035351250416980735,0.0,0.249819457102867,0.48571564616410096,0.685914137600028,0.4913811294603794,0.03455907810677834,0.0,0.14237956793802561,0.39315499681129185,0.0,0.0,0.0,0.0,0.0,0.0,0.0,0.0,0.0,0.0,0.0,0.0,0.0,0.0,0.0,0.40653551783707736,1.0,0.425628283670228,0.0,0.0,0.0,0.0,0.0,0.0,0.1684090851322295,0.3123793791406029,0.1635097387275812,0.0,0.0,0.0,0.0,0.0,0.0,0.0,0.0,0.0,0.0,0.0,0.0,0.0,0.0,0.0,0.0,0.0,0.0,0.0,0.0,0.0,0.1461213893755497,0.0,0.011327294601798193,0.0,0.0,0.2809143084609645,0.0020453266903072503,0.0,0.0,0.0,0.0,0.0,0.0,0.0,0.0,0.0,0.0,0.0
0.0,0.0,0.0,0.0,0.0,0.0,0.0,0.0,0.0,0.0,0.0313144316052604,0.0,0.0,0.0,0.24992240782076688,0.48595399774725,0.3942060573207931,0.14253004555244086,0.16324446448095886,0.2559125741643665,0.49262413030361374,0.6858586646018636,0.0,0.0,0.0,0.0378471985757629,0.0,0.0,0.0,0.0,0.0,0.0,0.0,0.0,0.0,0.0,0.0,0.0,0.425628283670228,1.0,0.40868027443839844,0.0,0.0,0.0,0.18658071473609816,0.18486817363904284,0.2944246985807469,0.4319170554352723,0.45780619817790896,0.33218017295097146,0.0,0.0,0.0,0.18566665981696087,0.0,0.0,0.0,0.0,0.0,0.0,0.0,0.0,0.0,0.0,0.0,0.0,0.0,0.0,0.0,0.0,0.10406751879308743,0.0,0.0,0.0,0.0,0.221434600793881,0.2693697785730943,0.01250611812183242,0.0,0.0,0.0,0.0,0.0,0.0,0.0,0.0,0.0,0.0
0.0,0.0,0.0,0.0,0.0,0.0,0.0,0.0,0.0,0.0,0.0,0.0,0.0,0.0,0.1564244068234565,0.2524096055057574,0.03564624828770155,0.0,0.2482669936291218,0.48482634822594173,0.6859434865205477,0.4919247820703468,0.03585105509479876,0.0,0.13646948851367796,0.3900348105746809,0.0,0.0,0.0,0.0,0.0,0.0,0.0,0.0,0.0,0.0,0.0,0.0,0.0,0.40868027443839844,1.0,0.41911449037027626,0.0,0.0,0.37288810654543847,0.26338236957475747,0.1614221358839161,0.15357407923562574,0.26284898906160015,0.3900787704408659,0.2786985838392206,0.2812758378382264,0.2972413304286617,0.3341317236426876,0.04257595694169605,0.0,0.0,0.09689705628433196,0.0,0.0,0.0,0.0,0.0,0.0,0.0,0.0,0.0,0.0,0.0,0.0,0.0,0.0,0.0,0.0,0.0,0.0,0.0,0.055481245006611946,0.0026959051747405117,0.0,0.0,0.0,0.0,0.0,0.0,0.0,0.0,0.0
0.0,0.0,0.0,0.0,0.0,0.0,0.0,0.0,0.0,0.0,0.0,0.0,0.0,0.0,0.025477455077243135,0.0,0.0,0.0,0.25014481350807405,0.48746170533237215,0.39210324995513535,0.14188154767737374,0.1694185034114421,0.2581114129734774,0.4914710178977506,0.6859250623420765,0.0,0.03549778743377692,0.0,0.0,0.0,0.0,0.0,0.0,0.0,0.0,0.0,0.0,0.0,0.0,0.41911449037027626,1.0,0.406695362107829,0.0,0.1835442173565189,0.10802147510205493,0.0,0.0,0.0,0.02532690688741503,0.2728112769343451,0.25300035858879405,0.08270321739224985,0.0,0.21509066875950003,0.251934231338938,0.25747963069762747,0.23480977665715264,0.0,0.0,0.0,0.10135710840256754,0.0,0.0,0.0,0.0,0.0,0.0,0.0,0.0,0.0,0.0,0.0,0.0,0.0,0.0,0.0,0.0,0.0,0.0,0.0,0.0,0.0,0.0,0.0,0.0,0.0,0.0
0.0,0.0,0.0,0.0,0.0,0.0,0.0,0.0,0.0,0.0,0.0,0.0,0.0,0.0,0.0,0.0,0.0,0.0,0.15870093766934348,0.252937999797571,0.033100461828726925,0.0,0.25472333904542094,0.4850299126666506,0.6862528676821151,0.4894679615819275,0.0,0.38931671965799625,0.0,0.22325278599511053,0.0,0.0,0.0,0.0,0.0,0.0,0.0,0.0,0.0,0.0,0.0,0.406695362107829,1.0,0.0,0.0,0.0,0.0,0.0,0.0,0.0,0.0,0.0,0.0,0.0,0.00956959626632666,0.127542911750106,0.03360753514025469,0.0,0.0,0.0,0.10662258012190663,0.180556163428444,0.0,0.0,0.0,0.0,0.0,0.0,0.0,0.0,0.0,0.0,0.0,0.0,0.0,0.0,0.0,0.0,0.0,0.0,0.0,0.022310984753222216,0.0,0.0,0.0,0.0,0.0,0.0
0.39835038977801973,0.29033171045437667,0.11997303641876204,0.04296422184196322,0.10825393894147556,0.27231918765813096,0.4247718921627954,0.27078793323211997,0.16898487178800212,0.17544004591562615,0.375455374440295,0.1508944000247756,0.03754334816204434,0.09346968418541295,0.3759542208738466,0.12429793107019967,0.0,0.0,0.4860179248394983,0.2543411945258293,0.031568915908104095,0.0,0.6868658822196682,0.4926948384021751,0.2561516285185135,0.17053903660930325,0.0,0.3997552763451872,0.0,0.23313236091380074,0.16702835518119347,0.0,0.0,0.0,0.0,0.0,0.0,0.0,0.0,0.0,0.0,0.0,0.0,1.0,0.0,0.0,0.0,0.0,0.0,0.0,0.0,0.0,0.0,0.0,0.0,0.0,0.0,0.0,0.0,0.0,0.0,0.0,0.0,0.0,0.0,0.0,0.0,0.0,0.0,0.0,0.0,0.0,0.0,0.0,0.0,0.0,0.0,0.0,0.0,0.0,0.0,0.0,0.0,0.0,0.0,0.0,0.0,0.0
0.0,0.0,0.0,0.0,0.0,0.0,0.0,0.0,0.0,0.0,0.0,0.0,0.0,0.0,0.0,0.08321126045535217,0.0,0.0,0.059821001225041776,0.235436551498751,0.34233127811280917,0.2634984650441999,0.0,0.0,0.0269149082427727,0.2046160986457732,0.0,0.0,0.0,0.0,0.0,0.0,0.0,0.0,0.0,0.0,0.0,0.0,0.0,0.18658071473609816,0.37288810654543847,0.1835442173565189,0.0,0.0,1.0,0.7383166801283008,0.5469819032007213,0.47239606343452145,0.5435399703376855,0.735023811424428,0.7298229345345313,0.5455531163351027,0.4771884510350093,0.5420743353750281,0.5221553710170643,0.29884380498902857,0.2148583571104203,0.3048904159434597,0.4077800147404605,0.17138388879014074,0.038262163240896124,0.0837865022249946,0.38387097223122707,0.1615891232797742,0.0,0.0,0.43160248046743904,0.24916747000702968,0.06569687224930827,0.031940606881368794,0.3056207679107979,0.15793578015827425,0.07162922115494494,0.0070370289307262355,0.4860071610309151,0.1587027371722001,0.25014559101547834,0.24827169966445878,0.16324994448749194,0.034560355240727224,0.0,0.0,0.0,0.0,0.0,0.0,0.0,0.39835038977801973
0.0,0.0,0.0,0.0,0.0,0.0,0.0,0.0,0.0,0.0,0.0,0.0,0.0,0.0,0.10517369063587964,0.1892494374718499,0.06520471499889995,0.0,0.1719658219670689,0.279924750357576,0.3365710390718411,0.29893790726650565,0.045110735568080824,0.0,0.0708585827194896,0.21150921445685006,0.0,0.0,0.0,0.0,0.0,0.0,0.0,0.0,0.0,0.0,0.0,0.0,0.0,0.18486817363904284,0.26338236957475747,0.10802147510205493,0.0,0.0,0.7383166801283008,1.0,0.7425848190720137,0.548583948311672,0.4834487567556099,0.5500790121558288,0.5328079906858321,0.3053586612293995,0.21894314143164548,0.3080502684057208,0.4317395848571601,0.1935433802694007,0.05025253127721581,0.08935781284741105,0.4207020816048433,0.22138176029764878,0.050981035258428994,0.03274583189562065,0.4315313553115138,0.27447774495850646,0.1300771567199226,0.10333982470867836,0.4128363916840348,0.2625533443391744,0.1458217732192477,0.15235276290080438,0.5479811432983256,0.12123362540453902,0.3237689808568085,0.0,0.6868673375467472,0.25472597609101466,0.1694188267175096,0.03585875346641976,0.0,0.0,0.0,0.0,0.0,0.0,0.0,0.0,0.0,0.2903317104543766
0.0,0.0,0.0,0.0,0.0,0.0,0.0,0.0,0.0,0.0,0.0,0.0,0.0,0.0,0.17193679117936195,0.2967524652617703,0.23896770489690575,0.09431138804907543,0.15852607741582542,0.21071785507446655,0.2994845652656935,0.3568888843673481,0.004488824000873894,0.0,0.0,0.07263934116807776,0.0,0.0,0.0,0.0,0.0,0.0,0.0,0.0,0.0,0.0,0.0,0.0,0.1684090851322295,0.2944246985807469,0.1614221358839161,0.0,0.0,0.0,0.5469819032007213,0.7425848190720137,1.0,0.7375077091927643,0.5546050492462206,0.4813229591658103,0.29710087732796203,0.09638543989916004,0.06677027739948858,0.21789638289327243,0.17507467121854478,0.0,0.0,0.0,0.18613031297871388,0.00012604286629294795,0.0,0.0,0.24914092311917282,0.14577245376379294,0.0,0.0,0.26261729081779267,0.1866266529679585,0.10363936609997278,0.08566957574973429,0.7344828023083488,0.07743026406061754,0.4912086307757063,0.0,0.4926996226245554,0.4850369806989611,0.2581162568132277,0.0,0.0,0.0,0.0,0.0,0.0,0.0,0.0,0.0,0.0,0.11997303641876188
0.0,0.0,0.0,0.0,0.0,0.0,0.0,0.0,0.0,0.0,0.0,0.0,0.0,0.0,0.09423391198652557,0.2877619295963571,0.2822222763248214,0.10373059342092011,0.034572184722516906,0.10589239887507447,0.2682710316603039,0.38208016330539063,0.0,0.0,0.0,0.0,0.0,0.0,0.0,0.0,0.0,0.0,0.0,0.0,0.0,0.0,0.0,0.0,0.3123793791406029,0.4319170554352723,0.15357407923562574,0.0,0.0,0.0,0.47239606343452145,0.548583948311672,0.7375077091927643,1.0,0.7454834550141458,0.5489939025337743,0.2023014282949517,0.05774855581102972,0.1036760952731193,0.30906199828407754,0.019932504382278695,0.0,0.0,0.0,0.0,0.0,0.0,0.0,0.06574885555845901,0.0,0.0,0.0,0.14598819481385947,0.1037756111451452,0.0,0.0,0.5430314722767056,0.06869986327568785,0.3198694290706055,0.0,0.25615448500588545,0.6862570519431527,0.49147456988902655,0.13648098505398798,0.0,0.0,0.0,0.0,0.0,0.0,0.0,0.0,0.0,0.04296422184196322
0.0,0.0,0.0,0.0,0.0,0.0,0.0,0.0,0.0,0.0,0.0,0.0,0.0,0.0,0.0,0.18558845151094186,0.1452610300573144,0.0,0.0,0.08065280728488929,0.2862530846000075,0.3587187346495519,0.0,0.0,0.0,0.0,0.0,0.0,0.0,0.0,0.0,0.0,0.0,0.0,0.0,0.0,0.0,0.0,0.1635097387275812,0.45780619817790896,0.26284898906160015,0.0,0.0,0.0,0.5435399703376855,0.4834487567556099,0.5546050492462206,0.7454834550141458,1.0,0.7375436119286909,0.2973083976390491,0.21493632730651066,0.3141963666806117,0.5428853673924559,0.0669094345806023,0.0,0.0,0.0,0.0,0.0,0.0,0.0,0.032017859345679786,0.0,0.0,0.0,0.15254825263108848,0.0858499578175617,0.0,0.0,0.3120669324512322,0.09468870383973223,0.07804882717134955,0.017956999447769278,0.17054021909979214,0.4894699663350609,0.6859257191315606,0.39004330288475875,0.037845253989004776,0.0,0.0,0.0,0.0,0.0,0.0,0.0,0.0,0.10825393894147556
0.0,0.0,0.0,0.0,0.0,0.0,0.0,0.0,0.0,0.0,0.0,0.0,0.0,0.0,0.0,0.09346908932415984,0.0,0.0,0.0,0.1448132927082746,0.329389234303557,0.30524247645212826,0.0,0.0,0.0,0.06901357742674871,0.0,0.0,0.0,0.0,0.0,0.0,0.0,0.0,0.0,0.0,0.0,0.0,0.0,0.33218017295097146,0.3900787704408659,0.02532690688741503,0.0,0.0,0.735023811424428,0.5500790121558288,0.4813229591658103,0.5489939025337743,0.7375436119286909,1.0,0.5375654503898808,0.47660034217068536,0.5524505425474752,0.735486863294439,0.2858640647024792,0.08633427590004437,0.0605737653436009,0.21505824230231077,0.1534926064758099,0.0,0.0,0.0,0.16164144965803484,0.0,0.0,0.0,0.2746264961226307,0.14589533546130137,0.0,0.0,0.2159734656448532,0.13249423855225748,0.0,0.036350313861772184,0.2543400221242425,0.25294375236285305,0.48746328387918225,0.4848294349472623,0.25591236962324027,0.0,0.0,0.0,0.0,0.0,0.0,0.0,0.0,0.27231918765813096
0.0,0.0,0.0,0.0,0.0,0.0,0.0,0.0,0.0,0.0,0.0,0.0,0.0,0.0,0.0,0.0,0.0,0.0,0.0,0.16846870965474137,0.2296781662175291,0.08459765145784397,0.0,0.0,0.07240402957429805,0.225667203049426,0.0,0.0,0.0,0.0,0.0,0.0,0.0,0.0,0.0,0.0,0.0,0.0,0.0,0.0,0.2786985838392206,0.2728112769343451,0.0,0.0,0.7298229345345313,0.5328079906858321,0.29710087732796203,0.2023014282949517,0.2973083976390491,0.5375654503898808,1.0,0.7368556441552224,0.5418899757557142,0.4701977828050506,0.7308224609221026,0.5451754688569153,0.47641507673772887,0.5430568378109102,0.519844984839715,0.2935058455933493,0.21182610900685214,0.3047967073073421,0.4077942344628351,0.1534804242998553,0.01732961856877916,0.07139913627585674,0.42076303013421734,0.1861718005472617,0.0,0.0,0.08086058380867157,0.08026183415639325,0.0,0.0,0.37592295334399045,0.0,0.0254773440844981,0.15642542680989535,0.24992520566323925,0.24982479087827222,0.16284482263114855,0.03538167116279218,0.0,0.0,0.0,0.0,0.0,0.4247718921627953
0.0,0.0,0.0,0.0,0.0,0.0,0.0,0.0,0.0,0.0,0.0,0.0,0.0,0.0,0.0,0.0,0.0,0.0,0.0,0.08224895615047113,0.17655474221038808,0.01321654423980278,0.0,0.0,0.0,0.1582499162001073,0.0,0.0,0.0,0.0,0.0,0.0,0.0,0.0,0.0,0.0,0.0,0.0,0.0,0.0,0.2812758378382264,0.25300035858879405,0.0,0.0,0.5455531163351027,0.3053586612293995,0.09638543989916004,0.05774855581102972,0.21493632730651066,0.47660034217068536,0.7368556441552224,1.0,0.7348722843267665,0.5487943144758924,0.5433931727868255,0.4790028047363407,0.5523401256617654,0.7361489869998336,0.29351525938111583,0.08717852334317128,0.059371824779860284,0.2159707053868952,0.17142006720850408,0.0,0.0,0.0,0.22146997629543508,0.00021476121355567266,0.0,0.0,0.0,0.0,0.0,0.0,0.12428231395954395,0.0,0.0,0.25241015229835256,0.48595523447813793,0.48571879951055125,0.2557684215582173,0.0,0.0,0.0,0.0,0.0,0.0,0.27078793323211997
