1.0,0.7383132921175147,0.546983699011977,0.47240042506911584,0.5435426537245863,0.7350217716302995,0.7298262169509846,0.5455502432467368,0.4771830983098374,0.5420717632346116,0.5221699658044138,0.2988620180910343,0.21487373451716152,0.30489309773310364,0.40779180861451514,0.17139560484788793,0.038278047019862635,0.08380747388447621,0.3838630492119419,0.16157573904822053,0.0,0.0,0.4315783670813325,0.24913742699142255,0.06568143573602683,0.0319344047700761,0.3056164307262156,0.15785539691496772,0.07161884003962612,0.006905862475116194,0.48600921983017936,0.15870670240793022,0.2501437386505685,0.24826728268870119,0.1632427165278154,0.034560296339046,0.0,0.0,0.0,0.0,0.0,0.0,0.0,0.3982874144189096,0.0,0.0,0.0,0.0,0.0,0.0,0.0,0.0,0.0,0.0,0.0,0.0,0.0,0.0,0.0,0.0,0.0,0.0,0.0,0.0,0.0903090317402279,0.09954455582343127,0.0,0.0,0.0,0.0,0.0,0.0,0.0,0.0,0.0,0.0,0.0,0.0,0.0,0.0,0.0,0.0,0.0,0.04756547229096702,0.03314823413223241,0.0,0.0,0.0
0.7383132921175147,1.0,0.7425840634889598,0.5485804547392955,0.48344058703703335,0.5500679894000841,0.5328118807582267,0.30536316565147154,0.2189408157750748,0.3080436268636296,0.4317587025178498,0.19358165737238536,0.050292506138888506,0.08937804920417533,0.42070858316287896,0.22139866780969894,0.05101625355486535,0.03279134293239721,0.4314855223256163,0.2744249494836831,0.13003285897297545,0.10332524941940491,0.41275751466624366,0.26246038202132205,0.14574879420523057,0.15229968169251726,0.5479739828012237,0.12108834190344742,0.3237553412501925,0.0,0.6868646521099092,0.2547228408395883,0.16940631152490152,0.03584855786868611,0.0,0.0,0.0,0.0,0.0,0.0,0.0,0.0,0.0,0.2902247135194718,0.0,0.0,0.0,0.0,0.0,0.0,0.0,0.0,0.0,0.0,0.0,0.0,0.0,0.0,0.0,0.0,0.0,0.0,0.0,0.0,0.0,0.0,0.0,0.0,0.0,0.0,0.0,0.0,0.0,0.0,0.0,0.0,0.0,0.0,0.0,0.0,0.0,0.0,0.0,0.0,0.0,0.0,0.0,0.0
0.546983699011977,0.7425840634889598,1.0,0.7375054056582461,0.55460007905731,0.48131812302071336,0.297107178411528,0.09639932637504083,0.06677942748970284,0.2178976799999559,0.17508810435993594,0.0,0.0,0.0,0.18611489637702397,0.00012851497704839213,0.0,0.0,0.24904701346696317,0.1456593654861974,0.0,0.0,0.26247385867473544,0.18643980864690043,0.10346924102960037,0.08553573603930295,0.7344838565181934,0.07717359329101887,0.4912107308414765,0.0,0.49268487977532205,0.4850348708211273,0.25810739210041167,0.0,0.0,0.0,0.0,0.0,0.0,0.0,0.0,0.0,0.0,0.11981369236621214,0.0,0.0,0.0,0.0,0.0,0.0,0.0,0.0,0.0,0.0,0.0,0.0,0.0,0.0,0.0,0.0,0.0,0.0,0.0,0.0,0.0,0.0,0.0,0.0,0.0,0.0,0.0,0.0,0.0,0.0,0.0,0.0,0.0,0.0,0.0,0.0,0.0,0.0,0.0,0.0,0.0,0.0,0.0,0.0
0.47240042506911584,0.5485804547392955,0.7375054056582461,1.0,0.7454822151486099,0.548993942581527,0.20230949628930694,0.05776307579340437,0.10368828881387682,0.3090666210234517,0.019945047643599823,0.0,0.0,0.0,0.0,0.0,0.0,0.0,0.06566842755699397,0.0,0.0,0.0,0.14585663128378787,0.10359414375951953,0.0,0.0,0.5430386797114561,0.06842252773184941,0.31988587799632295,0.0,0.2561409243055742,0.6862566717614139,0.49146928606806206,0.13648177715961532,0.0,0.0,0.0,0.0,0.0,0.0,0.0,0.0,0.0,0.04280863613238087,0.0,0.0,0.0,0.0,0.0,0.0,0.0,0.0,0.0,0.0,0.0,0.0,0.0,0.0,0.0,0.0,0.0,0.0,0.0,0.0,0.0,0.0,0.0,0.0,0.0,0.0,0.0,0.0,0.14654066716594588,0.0,0.0,0.0,0.0,0.0,0.0,0.0,0.0,0.0,0.0,0.0,0.0,0.0,0.0,0.0
0.5435426537245863,0.48344058703703335,0.55460007905731,0.7454822151486099,1.0,0.7375449178669833,0.29731632544690767,0.21494554772952343,0.31420449342191276,0.5428886481598776,0.06692240915544298,0.0,0.0,0.0,0.0,0.0,0.0,0.0,0.031975232465112066,0.0,0.0,0.0,0.1524708681065941,0.0857426848835743,0.0,0.0,0.3120691165091804,0.09449081826332072,0.07805851182810856,0.017671809994585896,0.17052892451087082,0.4894697184657624,0.6859214270848839,0.39004309779945545,0.03785353178842666,0.0,0.0,0.0,0.0,0.0,0.0,0.0,0.0,0.10814259645950561,0.0,0.0,0.0,0.0,0.0,0.0,0.0,0.0,0.0,0.0,0.0,0.0,0.0,0.0,0.0,0.0,0.0,0.0,0.0,0.0,0.0,0.0,0.0,0.0,0.0,0.0,0.20379929773995456,0.0,0.34584060061851685,0.0,0.0,0.0,0.0,0.0,0.0,0.0,0.0,0.0,0.0,0.0,0.0,0.0,0.0,0.0
0.7350217716302995,0.5500679894000841,0.48131812302071336,0.548993942581527,0.7375449178669833,1.0,0.5375718705669162,0.47660425085795854,0.5524535010368301,0.7354889944608402,0.285876428957626,0.08635190069555779,0.06059056330929241,0.2150648403124079,0.15349784980136522,0.0,0.0,0.0,0.16162446816016704,0.0,0.0,0.0,0.274590627282612,0.1458464307372915,0.0,0.0,0.2159699625472973,0.13237934176587543,0.0,0.0361667627346511,0.254332829078248,0.25294443241722353,0.4874619674363435,0.48482883183135794,0.2559139086398602,0.0,0.0,0.0,0.0,0.0,0.0,0.0,0.0,0.2722465702252841,0.0,0.0,0.0,0.0,0.0,0.0,0.0,0.0,0.0,0.0,0.0,0.0,0.0,0.0,0.0,0.0017594295361155897,0.0,0.0,0.0,0.013223891378237873,0.1405470645230589,0.12386198564943121,0.0,0.0,0.0,0.0,0.15682297579047172,0.0,0.2460586678364755,0.0,0.017693233019562434,0.0,0.0,0.0,0.0,0.0,0.0,0.0,0.0,0.013376804948699717,0.048139307388135155,0.0,0.0,0.0
0.7298262169509846,0.5328118807582267,0.297107178411528,0.20230949628930694,0.29731632544690767,0.5375718705669162,1.0,0.7368546667780944,0.5418908374910065,0.4702043022704732,0.7308283303202283,0.5451815667131441,0.4764194887771904,0.5430553626947385,0.5198473582850088,0.29350697574372975,0.21182827703382426,0.3048031086881869,0.40778820045117065,0.15346974094930133,0.017315144154342096,0.07139061396411105,0.4207507229936791,0.1861565931389166,0.0,0.0,0.08085768719118266,0.08021740893349583,0.0,0.0,0.3759393680559226,0.0,0.025481569391668582,0.15642969827774358,0.24992299923156475,0.24982197890018001,0.16285094492741456,0.03539487197491773,0.0,0.0,0.0,0.0,0.0,0.42473517333218525,0.0,0.0,0.0,0.0,0.0,0.0,0.0,0.0,0.0,0.0,0.0,0.0,0.0,0.0,0.0,0.071332587458239,0.01434356972319121,0.0,0.0,0.0,0.15559397893034307,0.22842160021217844,0.0,0.0,0.0,0.0,0.0,0.0,0.0,0.0,0.0,0.0,0.0,0.0,0.0,0.0,0.0,0.0,0.0,0.22331746270956637,0.0808333789872998,0.0,0.0,0.0
0.5455502432467368,0.30536316565147154,0.09639932637504083,0.05776307579340437,0.21494554772952343,0.47660425085795854,0.7368546667780944,1.0,0.734871176678331,0.5487970824093844,0.5433963149824511,0.4790049707552512,0.552339883363556,0.7361461257868074,0.2935153291553715,0.08717902448766657,0.05937340037498445,0.21597469445903678,0.1714143744144342,0.0,0.0,0.0,0.2214587394233134,0.0001982232590216184,0.0,0.0,0.0,0.0,0.0,0.0,0.12430146322565831,0.0,0.0,0.2524123142666649,0.48595169037548347,0.4857152233385966,0.25576822906284374,0.0,0.0,0.0,0.0,0.0,0.0,0.27075953639563693,0.0,0.0,0.0,0.0,0.0,0.0,0.0,0.0,0.0,0.0,0.0,0.0,0.0,0.0,0.07825822243939556,0.2644206667699223,0.23866801858167708,0.036902801904382374,0.0,0.025419818573793215,0.22787979006030068,0.35937630024127404,0.0,0.0,0.0,0.0,0.0,0.0,0.0,0.0,0.0,0.0,0.0,0.0,0.0,0.0,0.0,0.0,0.18789014755910569,0.33581627756949844,0.08889085845619804,0.0,0.0,0.0
0.4771830983098374,0.2189408157750748,0.06677942748970284,0.10368828881387682,0.31420449342191276,0.5524535010368301,0.5418908374910065,0.734871176678331,1.0,0.747909855788775,0.2998875820937398,0.21396424517842585,0.3124251907388645,0.5431592371153547,0.07141914373401906,0.0,0.0,0.0,0.0,0.0,0.0,0.0,0.10345278594198656,0.0,0.0,0.0,0.0,0.0,0.0,0.0,0.0,0.0,0.14188669749780572,0.4919263082905984,0.6858562487673991,0.3931529070736087,0.03657141250953786,0.0,0.0,0.0,0.0,0.0,0.0,0.16895489221519686,0.0,0.13873153456650267,0.025423982212696334,0.0,0.0,0.0,0.0,0.0,0.0,0.0,0.10338618506145632,0.02834739601164776,0.0,0.0,0.22931580221585074,0.3504987665639803,0.2796566326805781,0.10892885752959168,0.1132011543902061,0.1442331696074149,0.2864781473115503,0.3901750263891235,0.0,0.0,0.0,0.0,0.10703126145365204,0.0,0.08942852015967175,0.0,0.2151122988561211,0.0,0.0,0.0,0.0,0.0,0.0,0.0,0.15710930626545666,0.28100287297323007,0.10518300611868733,0.0,0.0,0.0
0.5420717632346116,0.3080436268636296,0.2178976799999559,0.3090666210234517,0.5428886481598776,0.7354889944608402,0.4702043022704732,0.5487970824093844,0.747909855788775,1.0,0.20246078823394273,0.05572771026817479,0.10311420092105843,0.31146967429542444,0.017357252162391364,0.0,0.0,0.0,0.0,0.0,0.0,0.0,0.13021182959074334,0.0,0.0,0.0,0.0,0.020676906188025736,0.0,0.0,0.03156923932960536,0.033114612299410526,0.39211010578253225,0.6859425465417008,0.4926221362380298,0.14237681706407165,0.0,0.0,0.0,0.0,0.0,0.0,0.0,0.17539728460598883,0.0,0.19521340337326196,0.14692922923294002,0.0,0.0,0.0,0.0,0.0,0.0,0.0,0.006533516803679446,0.0,0.0,0.0,0.14301317427493446,0.20600872388734404,0.07978344821734515,0.0,0.09120750454233414,0.14784267958456163,0.24992229183450793,0.2706622584712123,0.0,0.0,0.0,0.0,0.2853329350138445,0.0,0.30906254349765067,0.0,0.2501405449453604,0.0,0.0,0.0,0.0,0.0,0.0,0.0,0.0,0.1266500101576989,0.09490618638730809,0.0,0.0,0.0
0.5221699658044138,0.4317587025178498,0.17508810435993594,0.019945047643599823,0.06692240915544298,0.285876428957626,0.7308283303202283,0.5433963149824511,0.2998875820937398,0.20246078823394273,1.0,0.7354317036671143,0.542140627593793,0.4746472843188823,0.7308238215811901,0.5433938687523993,0.4746491433510458,0.5421417683268047,0.5221602820315419,0.2858573963937397,0.20243785101084097,0.29987510829043945,0.43176034274477326,0.17509065634874682,0.01993506851719593,0.066904802724263,0.012217771529680765,0.012227808278286815,0.0,0.0,0.3754276723350323,0.0,0.0,0.0,0.03131467324690619,0.16109471337662293,0.24914379008391102,0.24914257695241387,0.16109488113447415,0.031307947137388936,0.0,0.0,0.0,0.37543437224901055,0.0,0.0,0.0,0.0,0.0,0.0,0.0,0.0,0.0,0.0,0.0,0.0,0.0,0.0,0.0,0.0,0.0,0.0,0.0,0.0,0.02323961437613877,0.10904760728191049,0.0,0.0,0.0,0.0,0.0,0.0,0.0,0.0,0.0,0.0,0.0,0.0,0.0,0.0,0.0,0.0,0.0,0.15126798483306006,0.0,0.0,0.0,0.0
0.2988620180910343,0.19358165737238536,0.0,0.0,0.0,0.08635190069555779,0.5451815667131441,0.4790049707552512,0.21396424517842585,0.05572771026817479,0.7354317036671143,1.0,0.7361604523871225,0.5512961646946127,0.545176131990928,0.4790072431242025,0.5513017008077196,0.736163451746267,0.2988560001361619,0.08634552788434242,0.055722475214323795,0.2139661435236662,0.19357064823416076,0.0,0.0,0.0,0.0,0.0,0.0,0.0,0.15089487398913892,0.0,0.0,0.0,0.0,0.25465632289885015,0.4862252355297241,0.4862243030543175,0.25466234487716466,0.0,0.0,0.0,0.0,0.15087795163819437,0.0,0.0,0.0,0.0,0.0,0.0,0.0,0.0,0.0,0.0,0.0,0.0,0.0,0.0,0.0,0.0,0.0,0.0,0.0,0.0,0.0,0.04659930455317067,0.0,0.0,0.0,0.0,0.0,0.0,0.0,0.0,0.0,0.0,0.0,0.0,0.0,0.0,0.0,0.0,0.0,0.11212848196891537,0.0,0.0,0.0,0.0
0.21487373451716152,0.050292506138888506,0.0,0.0,0.0,0.06059056330929241,0.4764194887771904,0.552339883363556,0.3124251907388645,0.10311420092105843,0.542140627593793,0.7361604523871225,1.0,0.7473474593608317,0.30479983152295326,0.21597714006421606,0.3119707468444097,0.5435102805039795,0.0838078420858493,0.0,0.0,0.0,0.032789955931557264,0.0,0.0,0.0,0.0,0.0,0.0,0.0,0.0,0.0,0.0,0.0,0.14252389877115362,0.4913756746613013,0.6858866558686078,0.39335500264949386,0.03535932278524642,0.0,0.0,0.0,0.0,0.03751512091299244,0.0,0.0,0.0,0.0,0.0,0.0,0.0,0.0,0.0,0.0,0.0,0.0,0.0,0.0,0.0,0.055876179693251114,0.14146906856253777,0.0,0.0,0.0,0.0,0.13609137944051694,0.0,0.0,0.0,0.0,0.0,0.0,0.0,0.0,0.0,0.0,0.0,0.0,0.0,0.0,0.0,0.0,0.18493492756728244,0.18968685993533718,0.0,0.0,0.0,0.0
0.30489309773310364,0.08937804920417533,0.0,0.0,0.0,0.2150648403124079,0.5430553626947385,0.7361461257868074,0.5431592371153547,0.31146967429542444,0.4746472843188823,0.5512961646946127,0.7473474593608317,1.0,0.21183007033454979,0.059375484055523016,0.10277114330272756,0.311967716329154,0.038288377382114346,0.0,0.0,0.0,0.05104108691028825,0.0,0.0,0.0,0.0,0.0,0.0,0.0,0.0,0.0,0.0,0.03564436474822079,0.39420002202342824,0.6859132936079753,0.49147077207498435,0.1415479333029757,0.0,0.0,0.0,0.0,0.0,0.09343556365473488,0.0,0.0,0.0,0.0,0.0,0.0,0.0,0.0,0.0,0.0,0.0,0.0,0.0,0.0,0.03347879206139725,0.2549675207483805,0.3200502222203168,0.13471793637654567,0.0,0.0,0.11232565737240789,0.305114270971471,0.0,0.0,0.0,0.0,0.0,0.0,0.0,0.0,0.0,0.0,0.0,0.0,0.0,0.0,0.0,0.0,0.3218591518114993,0.31913173125300554,0.0,0.0,0.0,0.0
0.40779180861451514,0.42070858316287896,0.18611489637702397,0.0,0.0,0.15349784980136522,0.5198473582850088,0.2935153291553715,0.07141914373401906,0.017357252162391364,0.7308238215811901,0.545176131990928,0.30479983152295326,0.21183007033454979,1.0,0.7368523656354222,0.5430502402472831,0.47641223590960585,0.729824113882704,0.5375620788904265,0.4701909366433516,0.5418835023998188,0.5328133731695311,0.29710678744916436,0.20230323185323287,0.2973069677327706,0.08014936861223404,0.08085898116028062,0.0,0.0,0.42465503593171805,0.0,0.0,0.0,0.0,0.0,0.03539374518579943,0.16284309042420794,0.24981624015623807,0.2499198294201579,0.15641827483339296,0.025474642610083066,0.0,0.37594006077750924,0.0,0.0,0.0,0.0,0.0,0.0,0.0,0.0,0.0,0.0,0.0,0.0,0.0,0.0,0.0,0.0,0.0,0.0,0.0,0.0,0.0,0.0,0.0,0.0,0.0,0.0,0.0,0.0,0.0,0.0,0.0,0.0,0.0,0.0,0.0,0.0,0.0,0.0,0.0,0.0,0.0,0.0,0.0,0.0
0.17139560484788793,0.22139866780969894,0.00012851497704839213,0.0,0.0,0.0,0.29350697574372975,0.08717902448766657,0.0,0.0,0.5433938687523993,0.4790072431242025,0.21597714006421606,0.059375484055523016,0.7368523656354222,1.0,0.7361449702315915,0.5523408288611767,0.5455497217645947,0.4766002064696695,0.5487926160929818,0.7348694238923503,0.30535741975124353,0.09638967707371973,0.05775378970885499,0.21493852828953744,0.0,0.0,0.0,0.0,0.2706690507548878,0.0,0.0,0.0,0.0,0.0,0.0,0.25577100450165974,0.4857127448077132,0.48595384890354465,0.2524102268420927,0.0,0.0,0.12429242623792668,0.0,0.0,0.0,0.0,0.0,0.0,0.0,0.0,0.0,0.0,0.0,0.0,0.0,0.0,0.0,0.0,0.0,0.0,0.0,0.0,0.0,0.0,0.0,0.0,0.0,0.0,0.0,0.0,0.0,0.0,0.0,0.0,0.0,0.0,0.0,0.0,0.0,0.0,0.0,0.0,0.0,0.0,0.0,0.0
0.038278047019862635,0.05101625355486535,0.0,0.0,0.0,0.0,0.21182827703382426,0.05937340037498445,0.0,0.0,0.4746491433510458,0.5513017008077196,0.3119707468444097,0.10277114330272756,0.5430502402472831,0.7361449702315915,1.0,0.7473509409928842,0.30488841652856497,0.21506109020734537,0.3114705016863013,0.5431634391780414,0.08936228731223522,0.0,0.0,0.0,0.0,0.0,0.0,0.0,0.09340475795957286,0.0,0.0,0.0,0.0,0.0,0.14155686923601743,0.4914761789278546,0.6859126623409816,0.3942113807808222,0.03564957351012522,0.0,0.0,0.0,0.0,0.0,0.0,0.0,0.0,0.0,0.0,0.0,0.0,0.0,0.0,0.0,0.0,0.0,0.0,0.0,0.0,0.0,0.0,0.0,0.0,0.0,0.0,0.0,0.0,0.0,0.0,0.0,0.0,0.0,0.0,0.0,0.0,0.0,0.0,0.0,0.0,0.0,0.0,0.0,0.0,0.0,0.0,0.0
0.08380747388447621,0.03279134293239721,0.0,0.0,0.0,0.0,0.3048031086881869,0.21597469445903678,0.0,0.0,0.5421417683268047,0.736163451746267,0.5435102805039795,0.311967716329154,0.47641223590960585,0.5523408288611767,0.7473509409928842,1.0,0.21486716783474968,0.06058759779611599,0.10311668877481484,0.3124324290418937,0.05027305985282082,0.0,0.0,0.0,0.0,0.0,0.0,0.0,0.037521435474768786,0.0,0.0,0.0,0.0,0.035354929538915586,0.3933597514911478,0.6858860850874299,0.4913813371714274,0.14253998495066716,0.0,0.0,0.0,0.0,0.0,0.0,0.0,0.0,0.0,0.0,0.0,0.0,0.0,0.0,0.0,0.0,0.0,0.0,0.0,0.0,0.0,0.0,0.0,0.0,0.0,0.0,0.0,0.0,0.0,0.0,0.0,0.0,0.0,0.0,0.0,0.0,0.0,0.0,0.0,0.0,0.0,0.0,0.0,0.0,0.0,0.0,0.0,0.0
0.3838630492119419,0.4314855223256163,0.24904701346696317,0.06566842755699397,0.031975232465112066,0.16162446816016704,0.40778820045117065,0.1714143744144342,0.0,0.0,0.5221602820315419,0.2988560001361619,0.0838078420858493,0.038288377382114346,0.729824113882704,0.5455497217645947,0.30488841652856497,0.21486716783474968,1.0,0.7350188114072534,0.5420669970990466,0.4771826958064955,0.7383169818602088,0.5469837594476511,0.4723964954612762,0.5435385184196111,0.15771358489224785,0.3056164515578694,0.006742327340325044,0.071617394530868,0.39812685016309246,0.0,0.0,0.0,0.0,0.0,0.0,0.0,0.03455616453931023,0.16324440218471903,0.24826425656985474,0.2501433921880944,0.15869851809049576,0.4860126858655951,0.0,0.0,0.0,0.0,0.0,0.0,0.0,0.0,0.0,0.0,0.0,0.0,0.0,0.0,0.0,0.0,0.0,0.0,0.0,0.0,0.0,0.0,0.0,0.0,0.0,0.0,0.0,0.0,0.0,0.0,0.0,0.0,0.0,0.0,0.0,0.0,0.0,0.0,0.0,0.0,0.007611835588774017,0.0,0.0,0.0
0.16157573904822053,0.2744249494836831,0.1456593654861974,0.0,0.0,0.0,0.15346974094930133,0.0,0.0,0.0,0.2858573963937397,0.08634552788434242,0.0,0.0,0.5375620788904265,0.4766002064696695,0.21506109020734537,0.06058759779611599,0.7350188114072534,1.0,0.7354855357876021,0.5524516468643749,0.5500724754137064,0.4813187652482426,0.5489930314120978,0.7375434209674502,0.1321049512245603,0.21596985865909754,0.035848567375551366,0.0,0.272004470956445,0.0,0.0,0.0,0.0,0.0,0.0,0.0,0.0,0.2559132362330895,0.4848271629233252,0.487464641079069,0.25294036208814463,0.25433740873717087,0.0,0.0,0.0,0.0,0.0,0.0,0.0,0.0,0.0,0.0,0.0,0.0,0.0,0.0,0.0,0.0,0.0,0.0,0.0,0.0,0.0,0.0,0.0,0.0,0.0,0.0,0.0,0.0,0.0,0.0,0.0,0.0,0.0,0.0,0.0,0.0,0.0,0.0,0.0,0.0,0.0,0.0,0.0,0.0
0.0,0.13003285897297545,0.0,0.0,0.0,0.0,0.017315144154342096,0.0,0.0,0.0,0.20243785101084097,0.055722475214323795,0.0,0.0,0.4701909366433516,0.5487926160929818,0.3114705016863013,0.10311668877481484,0.5420669970990466,0.7354855357876021,1.0,0.7479092642993451,0.30804238195765343,0.21789168869391234,0.3090609220904669,0.5428834221942556,0.020375647963999377,0.0,0.0,0.0,0.17515135680691682,0.0,0.0,0.0,0.0,0.0,0.0,0.0,0.142382235834692,0.4926237427219977,0.6859450833984699,0.39210937520966793,0.03310679750971862,0.03156721693204977,0.0,0.0,0.0,0.0,0.0,0.0,0.0,0.0,0.0,0.0,0.0,0.0,0.0,0.0,0.0,0.0,0.0,0.0,0.0,0.0,0.0,0.0,0.0,0.0,0.0,0.0,0.0,0.0,0.0,0.0,0.0,0.0,0.0,0.0,0.0,0.0,0.0,0.0,0.0,0.0,0.0,0.0,0.0,0.0
0.0,0.10332524941940491,0.0,0.0,0.0,0.0,0.07139061396411105,0.0,0.0,0.0,0.29987510829043945,0.2139661435236662,0.0,0.0,0.5418835023998188,0.7348694238923503,0.5431634391780414,0.3124324290418937,0.4771826958064955,0.5524516468643749,0.7479092642993451,1.0,0.21893817062647272,0.0667710332750782,0.10368056289388367,0.314198844210084,0.0,0.0,0.0,0.0,0.1687789890867643,0.0,0.0,0.0,0.0,0.0,0.0,0.03658542860651358,0.39315947556425335,0.6858584613501668,0.4919269623936906,0.1418846748964681,0.0,0.0,0.0,0.0,0.0,0.0,0.0,0.0,0.0,0.0,0.0,0.0,0.0,0.0,0.0,0.0,0.0,0.0,0.0,0.0,0.0,0.0,0.0,0.0,0.0,0.0,0.0,0.0,0.0,0.0,0.0,0.0,0.0,0.0,0.0,0.0,0.0,0.0,0.0,0.0,0.0,0.0,0.0,0.0,0.0,0.0
0.4315783670813325,0.41275751466624366,0.26247385867473544,0.14585663128378787,0.1524708681065941,0.274590627282612,0.4207507229936791,0.2214587394233134,0.10345278594198656,0.13021182959074334,0.43176034274477326,0.19357064823416076,0.032789955931557264,0.05104108691028825,0.5328133731695311,0.30535741975124353,0.08936228731223522,0.05027305985282082,0.7383169818602088,0.5500724754137064,0.30804238195765343,0.21893817062647272,1.0,0.7425865059538566,0.5485830022189403,0.4834460135867462,0.1210448385448618,0.5479736399078305,0.0,0.32375212601505604,0.29015653598579194,0.0,0.0,0.0,0.0,0.0,0.0,0.0,0.0,0.0,0.0358502190313745,0.1694149422461953,0.25472002490551704,0.6868665218595178,0.0,0.0,0.0,0.0,0.0,0.0,0.0,0.0,0.0,0.0,0.0,0.0,0.0,0.0,0.0,0.0,0.0,0.0,0.0,0.0,0.18720029440090089,0.11820556237047976,0.0,0.0,0.0,0.0,0.0,0.0,0.0,0.0,0.0,0.0,0.0,0.0,0.0,0.0,0.0,0.0,0.0,0.08960496168909608,0.23733537158982845,0.0,0.0,0.0
0.24913742699142255,0.26246038202132205,0.18643980864690043,0.10359414375951953,0.0857426848835743,0.1458464307372915,0.1861565931389166,0.0001982232590216184,0.0,0.0,0.17509065634874682,0.0,0.0,0.0,0.29710678744916436,0.09638967707371973,0.0,0.0,0.5469837594476511,0.4813187652482426,0.21789168869391234,0.0667710332750782,0.7425865059538566,1.0,0.7375051399129512,0.5546025077568714,0.07709746375244265,0.7344826464699205,0.0,0.49120866578854266,0.11972601510162036,0.0,0.0,0.0,0.0,0.0,0.0,0.0,0.0,0.0,0.0,0.258111832235951,0.48502910524945353,0.49269509239506476,0.0,0.0,0.0,0.0,0.0,0.0,0.0,0.0,0.0,0.0,0.0,0.0,0.0,0.0,0.0,0.0,0.0,0.0,0.0,0.0,0.12680291033227584,0.0,0.0,0.0,0.0,0.0,0.0,0.0,0.0,0.0,0.0,0.0,0.0,0.0,0.0,0.0,0.0,0.0,0.0,0.0,0.2017440319020804,0.01458774874487793,0.0,0.0
0.06568143573602683,0.14574879420523057,0.10346924102960037,0.0,0.0,0.0,0.0,0.0,0.0,0.0,0.01993506851719593,0.0,0.0,0.0,0.20230323185323287,0.05775378970885499,0.0,0.0,0.4723964954612762,0.5489930314120978,0.3090609220904669,0.10368056289388367,0.5485830022189403,0.7375051399129512,1.0,0.7454840703281589,0.06819839242790701,0.5430382786749217,0.0,0.3198862391491591,0.04263279055289432,0.0,0.0,0.0,0.0,0.0,0.0,0.0,0.0,0.0,0.13647727476343616,0.49147312974133694,0.6862525089894502,0.25614933080719776,0.0,0.0,0.0,0.0,0.0,0.0,0.0,0.0,0.0,0.0,0.0,0.0,0.0,0.0,0.0,0.0,0.0,0.0,0.0,0.0,0.0,0.0,0.0,0.0,0.0,0.0,0.0,0.0,0.0,0.0,0.0,0.0,0.0,0.0,0.0,0.0,0.0,0.0,0.0,0.0,0.0,0.0,0.0,0.0
0.0319344047700761,0.15229968169251726,0.08553573603930295,0.0,0.0,0.0,0.0,0.0,0.0,0.0,0.066904802724263,0.0,0.0,0.0,0.2973069677327706,0.21493852828953744,0.0,0.0,0.5435385184196111,0.7375434209674502,0.5428834221942556,0.314198844210084,0.4834460135867462,0.5546025077568714,0.7454840703281589,1.0,0.09416992264493484,0.31207112416060856,0.017284780012298745,0.07806092594280108,0.10790145624295727,0.0,0.0,0.0,0.0,0.0,0.0,0.0,0.0,0.03784755990379212,0.3900380815959136,0.6859246358692731,0.48946897229161707,0.17053738403134974,0.0,0.0,0.0,0.0,0.0,0.0,0.0,0.0,0.0,0.0,0.0,0.0,0.0,0.0,0.0,0.0,0.0,0.0,0.0,0.0,0.0,0.0,0.0,0.0,0.0,0.0,0.0,0.0,0.0,0.0,0.0,0.0,0.0,0.0,0.0,0.0,0.0,0.0,0.0,0.0,0.0,0.0,0.0,0.0
0.3056164307262156,0.5479739828012237,0.7344838565181934,0.5430386797114561,0.3120691165091804,0.2159699625472973,0.08085768719118266,0.0,0.0,0.0,0.012217771529680765,0.0,0.0,0.0,0.08014936861223404,0.0,0.0,0.0,0.15771358489224785,0.1321049512245603,0.020375647963999377,0.0,0.1210448385448618,0.07709746375244265,0.06819839242790701,0.09416992264493484,1.0,0.0,0.7567252540343887,0.0,0.39973685035452683,0.38933413590377275,0.03550554942962052,0.0,0.0,0.0,0.0,0.0,0.0,0.0,0.0,0.0,0.0,0.0,0.0,0.0,0.0,0.0,0.0,0.0,0.0,0.0,0.0,0.0,0.0,0.0,0.0,0.0,0.0,0.0,0.0,0.0,0.0,0.0,0.0,0.0,0.0,0.0,0.0,0.0,0.0,0.0,0.0,0.0,0.0,0.0,0.0,0.0,0.0,0.0,0.0,0.0,0.0,0.0,0.0,0.0,0.0,0.0
0.15785539691496772,0.12108834190344742,0.07717359329101887,0.06842252773184941,0.09449081826332072,0.13237934176587543,0.08021740893349583,0.0,0.0,0.020676906188025736,0.012227808278286815,0.0,0.0,0.0,0.08085898116028062,0.0,0.0,0.0,0.3056164515578694,0.21596985865909754,0.0,0.0,0.5479736399078305,0.7344826464699205,0.5430382786749217,0.31207112416060856,0.0,1.0,0.0,0.7567243891512961,0.0,0.0,0.0,0.0,0.0,0.0,0.0,0.0,0.0,0.0,0.0,0.035509190029039815,0.3893292908201359,0.39974744098308057,0.0,0.0,0.0,0.0,0.0,0.0,0.0,0.0,0.0,0.0,0.0,0.0,0.0,0.0,0.0,0.0,0.0,0.0,0.0,0.13735277104387225,0.254105032708058,0.06950197464193,0.0,0.0,0.0,0.19710750906509475,0.0,0.0,0.0,0.0,0.0,0.0,0.0,0.0,0.0,0.0,0.0,0.0,0.0,0.0,0.32603867318210733,0.25446409230819794,0.0,0.0
0.07161884003962612,0.3237553412501925,0.4912107308414765,0.31988587799632295,0.07805851182810856,0.0,0.0,0.0,0.0,0.0,0.0,0.0,0.0,0.0,0.0,0.0,0.0,0.0,0.006742327340325044,0.035848567375551366,0.0,0.0,0.0,0.0,0.0,0.017284780012298745,0.7567252540343887,0.0,1.0,0.0,0.23310089768044673,0.223282826047632,0.0,0.0,0.0,0.0,0.0,0.0,0.0,0.0,0.0,0.0,0.0,0.0,0.0,0.0,0.0,0.0,0.0,0.0,0.0,0.0,0.0,0.0,0.0,0.0,0.0,0.0,0.0,0.0,0.0,0.0,0.0,0.0,0.0,0.0,0.0,0.0,0.0,0.0,0.0,0.0,0.0,0.0,0.0,0.0,0.0,0.0,0.0,0.0,0.0,0.0,0.0,0.0,0.0,0.0,0.0,0.0
0.006905862475116194,0.0,0.0,0.0,0.017671809994585896,0.0361667627346511,0.0,0.0,0.0,0.0,0.0,0.0,0.0,0.0,0.0,0.0,0.0,0.0,0.071617394530868,0.0,0.0,0.0,0.32375212601505604,0.49120866578854266,0.3198862391491591,0.07806092594280108,0.0,0.7567243891512961,0.0,1.0,0.0,0.0,0.0,0.0,0.0,0.0,0.0,0.0,0.0,0.0,0.0,0.0,0.22328071076494105,0.23310768026536466,0.0,0.0,0.0,0.0,0.0,0.0,0.0,0.0,0.0,0.0,0.0,0.0,0.0,0.0,0.0,0.0,0.0,0.0,0.0,0.230408157425936,0.28498164453775465,0.04939484652064177,0.0,0.0,0.14982477105661127,0.34980818341512016,0.0,0.0,0.0,0.0,0.0,0.0,0.0,0.0,0.0,0.0,0.0,0.0,0.0,0.0,0.3358225474012755,0.42285306400664147,0.014386025826712667,0.0
0.48600921983017936,0.6868646521099092,0.49268487977532205,0.2561409243055742,0.17052892451087082,0.254332829078248,0.3759393680559226,0.12430146322565831,0.0,0.03156923932960536,0.3754276723350323,0.15089487398913892,0.0,0.0,0.42465503593171805,0.2706690507548878,0.09340475795957286,0.037521435474768786,0.39812685016309246,0.272004470956445,0.17515135680691682,0.1687789890867643,0.29015653598579194,0.11972601510162036,0.04263279055289432,0.10790145624295727,0.39973685035452683,0.0,0.23310089768044673,0.0,1.0,0.0,0.0,0.0,0.0,0.0,0.0,0.0,0.0,0.0,0.0,0.0,0.0,0.1669257845855329,0.0,0.0,0.0,0.0,0.0,0.0,0.0,0.0,0.0,0.0,0.0,0.0,0.0,0.0,0.0,0.0,0.0,0.0,0.0,0.0,0.0,0.0,0.0,0.0,0.0,0.0,0.0,0.0,0.0,0.0,0.0,0.0,0.0,0.0,0.0,0.0,0.0,0.0,0.0,0.0,0.0,0.0,0.0,0.0
0.15870670240793022,0.2547228408395883,0.4850348708211273,0.6862566717614139,0.4894697184657624,0.25294443241722353,0.0,0.0,0.0,0.033114612299410526,0.0,0.0,0.0,0.0,0.0,0.0,0.0,0.0,0.0,0.0,0.0,0.0,0.0,0.0,0.0,0.0,0.38933413590377275,0.0,0.223282826047632,0.0,0.0,1.0,0.40669310700819084,0.0,0.0,0.0,0.0,0.0,0.0,0.0,0.0,0.0,0.0,0.0,0.0,0.0,0.0,0.0,0.0,0.0,0.0,0.0,0.0,0.0,0.0,0.0,0.0,0.0,0.0,0.0,0.0,0.0,0.0,0.0,0.0,0.0,0.0,0.0,0.0,0.0,0.0,0.0,0.010844156482132748,0.0,0.0,0.0,0.0,0.0,0.0,0.0,0.0,0.0,0.0,0.0,0.0,0.0,0.0,0.0
0.2501437386505685,0.16940631152490152,0.25810739210041167,0.49146928606806206,0.6859214270848839,0.4874619674363435,0.025481569391668582,0.0,0.14188669749780572,0.39211010578253225,0.0,0.0,0.0,0.0,0.0,0.0,0.0,0.0,0.0,0.0,0.0,0.0,0.0,0.0,0.0,0.0,0.03550554942962052,0.0,0.0,0.0,0.0,0.40669310700819084,1.0,0.41912684811541484,0.0,0.0,0.0,0.0,0.0,0.0,0.0,0.0,0.0,0.0,0.0,0.0,0.012715708293384271,0.0,0.0,0.0,0.0,0.0,0.0,0.0,0.0,0.0,0.0,0.0,0.0,0.0,0.0,0.0,0.0,0.0,0.0,0.0,0.0,0.0,0.0,0.0,0.3313507059485236,0.0,0.5322575744119001,0.0,0.0,0.0,0.0,0.0,0.0,0.0,0.0,0.0,0.0,0.0,0.0,0.0,0.0,0.0
0.24826728268870119,0.03584855786868611,0.0,0.13648177715961532,0.39004309779945545,0.48482883183135794,0.15642969827774358,0.2524123142666649,0.4919263082905984,0.6859425465417008,0.0,0.0,0.0,0.03564436474822079,0.0,0.0,0.0,0.0,0.0,0.0,0.0,0.0,0.0,0.0,0.0,0.0,0.0,0.0,0.0,0.0,0.0,0.0,0.41912684811541484,1.0,0.4086826310840916,0.0,0.0,0.0,0.0,0.0,0.0,0.0,0.0,0.0,0.004565953634701903,0.3108744643962376,0.2855467899849901,0.0,0.0,0.0,0.0,0.0,0.0,0.0,0.0,0.0,0.0,0.0,0.08062309752770509,0.08067415044582352,0.0,0.0,0.03755889523257255,0.06518123580145982,0.11558813927354211,0.11020522210651204,0.0,0.0,0.0,0.0,0.46504979058142903,0.0,0.46668597862070066,0.0,0.34635616851070716,0.0,0.0,0.0,0.0,0.0,0.0,0.0,0.0,0.0,0.0,0.0,0.0,0.0
0.1632427165278154,0.0,0.0,0.0,0.03785353178842666,0.2559139086398602,0.24992299923156475,0.48595169037548347,0.6858562487673991,0.4926221362380298,0.03131467324690619,0.0,0.14252389877115362,0.39420002202342824,0.0,0.0,0.0,0.0,0.0,0.0,0.0,0.0,0.0,0.0,0.0,0.0,0.0,0.0,0.0,0.0,0.0,0.0,0.0,0.4086826310840916,1.0,0.42562235118873065,0.0,0.0,0.0,0.0,0.0,0.0,0.0,0.0,0.0,0.1535762862360778,0.0,0.0,0.0,0.0,0.0008372297025113415,0.0,0.0,0.0,0.1953545105959496,0.12415028962769765,0.0,0.0,0.2997005706035869,0.4321961551277864,0.38329346859351704,0.2108419384926131,0.08831829880121678,0.05134455686194545,0.1919813507524215,0.3738303678072011,0.0,0.0,0.0,0.0,0.0,0.0,0.0,0.0,0.24589755550059283,0.0,0.0,0.0,0.0,0.0,0.0,0.0,0.18208558650366546,0.19461192958999085,0.0,0.0,0.0,0.0
0.034560296339046,0.0,0.0,0.0,0.0,0.0,0.24982197890018001,0.4857152233385966,0.3931529070736087,0.14237681706407165,0.16109471337662293,0.25465632289885015,0.4913756746613013,0.6859132936079753,0.0,0.0,0.0,0.035354929538915586,0.0,0.0,0.0,0.0,0.0,0.0,0.0,0.0,0.0,0.0,0.0,0.0,0.0,0.0,0.0,0.0,0.42562235118873065,1.0,0.40652004063505315,0.0,0.0,0.0,0.0,0.0,0.0,0.0,0.0,0.0,0.0,0.0,0.0,0.0,0.0,0.0,0.0,0.0,0.0,0.0,0.0,0.0,0.003775125457478285,0.2746670140132999,0.42661830451777044,0.2368475503091171,0.0,0.0,0.0,0.24407553185290576,0.0,0.0,0.0,0.0,0.0,0.0,0.0,0.0,0.0,0.0,0.0,0.0,0.0,0.0,0.0,0.04072489756407544,0.40974959219026935,0.21903756973874347,0.0,0.0,0.0,0.0
0.0,0.0,0.0,0.0,0.0,0.0,0.16285094492741456,0.25576822906284374,0.03657141250953786,0.0,0.24914379008391102,0.4862252355297241,0.6858866558686078,0.49147077207498435,0.03539374518579943,0.0,0.14155686923601743,0.3933597514911478,0.0,0.0,0.0,0.0,0.0,0.0,0.0,0.0,0.0,0.0,0.0,0.0,0.0,0.0,0.0,0.0,0.0,0.40652004063505315,1.0,0.42407159547447487,0.0,0.0,0.0,0.0,0.0,0.0,0.0,0.0,0.0,0.0,0.0,0.0,0.0,0.0,0.0,0.0,0.0,0.0,0.0,0.0,0.0,0.0,0.0,0.0,0.0,0.0,0.0,0.0,0.0,0.0,0.0,0.0,0.0,0.0,0.0,0.0,0.0,0.0,0.0,0.0,0.0,0.0,0.0,0.0,0.059359385065219566,0.0,0.0,0.0,0.0,0.0
0.0,0.0,0.0,0.0,0.0,0.0,0.03539487197491773,0.0,0.0,0.0,0.24914257695241387,0.4862243030543175,0.39335500264949386,0.1415479333029757,0.16284309042420794,0.25577100450165974,0.4914761789278546,0.6858860850874299,0.0,0.0,0.0,0.03658542860651358,0.0,0.0,0.0,0.0,0.0,0.0,0.0,0.0,0.0,0.0,0.0,0.0,0.0,0.0,0.42407159547447487,1.0,0.40653569672103657,0.0,0.0,0.0,0.0,0.0,0.0,0.0,0.0,0.0,0.0,0.0,0.0,0.0,0.0,0.0,0.0,0.0,0.0,0.0,0.0,0.0,0.0,0.0,0.0,0.0,0.0,0.0,0.0,0.0,0.0,0.0,0.0,0.0,0.0,0.0,0.0,0.0,0.0,0.0,0.0,0.0,0.0,0.0,0.0,0.0,0.0,0.0,0.0,0.0
0.0,0.0,0.0,0.0,0.0,0.0,0.0,0.0,0.0,0.0,0.16109488113447415,0.25466234487716466,0.03535932278524642,0.0,0.24981624015623807,0.4857127448077132,0.6859126623409816,0.4913813371714274,0.03455616453931023,0.0,0.142382235834692,0.39315947556425335,0.0,0.0,0.0,0.0,0.0,0.0,0.0,0.0,0.0,0.0,0.0,0.0,0.0,0.0,0.0,0.40653569672103657,1.0,0.42564182735900835,0.0,0.0,0.0,0.0,0.0,0.0,0.0,0.0,0.0,0.0,0.0,0.0,0.0,0.0,0.0,0.0,0.0,0.0,0.0,0.0,0.0,0.0,0.0,0.0,0.0,0.0,0.0,0.0,0.0,0.0,0.0,0.0,0.0,0.0,0.0,0.0,0.0,0.0,0.0,0.0,0.0,0.0,0.0,0.0,0.0,0.0,0.0,0.0
0.0,0.0,0.0,0.0,0.0,0.0,0.0,0.0,0.0,0.0,0.031307947137388936,0.0,0.0,0.0,0.2499198294201579,0.48595384890354465,0.3942113807808222,0.14253998495066716,0.16324440218471903,0.2559132362330895,0.4926237427219977,0.6858584613501668,0.0,0.0,0.0,0.03784755990379212,0.0,0.0,0.0,0.0,0.0,0.0,0.0,0.0,0.0,0.0,0.0,0.0,0.42564182735900835,1.0,0.40868380852053,0.0,0.0,0.0,0.0,0.0,0.0,0.0,0.0,0.0,0.0,0.0,0.0,0.0,0.0,0.0,0.0,0.0,0.0,0.0,0.0,0.0,0.0,0.0,0.0,0.0,0.0,0.0,0.0,0.0,0.0,0.0,0.0,0.0,0.0,0.0,0.0,0.0,0.0,0.0,0.0,0.0,0.0,0.0,0.0,0.0,0.0,0.0
0.0,0.0,0.0,0.0,0.0,0.0,0.0,0.0,0.0,0.0,0.0,0.0,0.0,0.0,0.15641827483339296,0.2524102268420927,0.03564957351012522,0.0,0.24826425656985474,0.4848271629233252,0.6859450833984699,0.4919269623936906,0.0358502190313745,0.0,0.13647727476343616,0.3900380815959136,0.0,0.0,0.0,0.0,0.0,0.0,0.0,0.0,0.0,0.0,0.0,0.0,0.0,0.40868380852053,1.0,0.41912215402037195,0.0,0.0,0.0,0.0,0.0,0.0,0.0,0.0,0.0,0.0,0.0,0.0,0.0,0.0,0.0,0.0,0.0,0.0,0.0,0.0,0.0,0.0,0.0,0.0,0.0,0.0,0.0,0.0,0.0,0.0,0.0,0.0,0.0,0.0,0.0,0.0,0.0,0.0,0.0,0.0,0.0,0.0,0.0,0.0,0.0,0.0
0.0,0.0,0.0,0.0,0.0,0.0,0.0,0.0,0.0,0.0,0.0,0.0,0.0,0.0,0.025474642610083066,0.0,0.0,0.0,0.2501433921880944,0.487464641079069,0.39210937520966793,0.1418846748964681,0.1694149422461953,0.258111832235951,0.49147312974133694,0.6859246358692731,0.0,0.035509190029039815,0.0,0.0,0.0,0.0,0.0,0.0,0.0,0.0,0.0,0.0,0.0,0.0,0.41912215402037195,1.0,0.4066960852999306,0.0,0.0,0.0,0.0,0.0,0.0,0.0,0.0,0.0,0.0,0.0,0.0,0.0,0.0,0.0,0.0,0.0,0.0,0.0,0.0,0.0,0.0,0.0,0.0,0.0,0.0,0.0,0.0,0.0,0.0,0.0,0.0,0.0,0.0,0.0,0.0,0.0,0.0,0.0,0.0,0.0,0.0,0.0,0.0,0.0
0.0,0.0,0.0,0.0,0.0,0.0,0.0,0.0,0.0,0.0,0.0,0.0,0.0,0.0,0.0,0.0,0.0,0.0,0.15869851809049576,0.25294036208814463,0.03310679750971862,0.0,0.25472002490551704,0.48502910524945353,0.6862525089894502,0.48946897229161707,0.0,0.3893292908201359,0.0,0.22328071076494105,0.0,0.0,0.0,0.0,0.0,0.0,0.0,0.0,0.0,0.0,0.0,0.4066960852999306,1.0,0.0,0.0,0.0,0.0,0.0,0.0,0.0,0.0,0.0,0.0,0.0,0.0,0.0,0.0,0.0,0.0,0.0,0.0,0.0,0.0,0.0,0.0,0.0,0.0,0.0,0.0,0.0,0.0,0.0,0.0,0.0,0.0,0.0,0.0,0.0,0.0,0.0,0.0,0.0,0.0,0.0,0.0,0.0,0.0,0.0
0.3982874144189096,0.2902247135194718,0.11981369236621214,0.04280863613238087,0.10814259645950561,0.2722465702252841,0.42473517333218525,0.27075953639563693,0.16895489221519686,0.17539728460598883,0.37543437224901055,0.15087795163819437,0.03751512091299244,0.09343556365473488,0.37594006077750924,0.12429242623792668,0.0,0.0,0.4860126858655951,0.25433740873717087,0.03156721693204977,0.0,0.6868665218595178,0.49269509239506476,0.25614933080719776,0.17053738403134974,0.0,0.39974744098308057,0.0,0.23310768026536466,0.1669257845855329,0.0,0.0,0.0,0.0,0.0,0.0,0.0,0.0,0.0,0.0,0.0,0.0,1.0,0.0,0.0,0.0,0.0,0.0,0.0,0.0,0.0,0.0,0.0,0.0,0.0,0.0,0.0,0.0,0.0,0.0,0.0,0.0,0.028695666775067016,0.31854155852451443,0.2519688751096648,0.0,0.0,0.0,0.0,0.0,0.0,0.0,0.0,0.0,0.0,0.0,0.0,0.0,0.0,0.0,0.0,0.0,0.20556056425937838,0.35164600725350986,0.0,0.0,0.0
0.0,0.0,0.0,0.0,0.0,0.0,0.0,0.0,0.0,0.0,0.0,0.0,0.0,0.0,0.0,0.0,0.0,0.0,0.0,0.0,0.0,0.0,0.0,0.0,0.0,0.0,0.0,0.0,0.0,0.0,0.0,0.0,0.0,0.004565953634701903,0.0,0.0,0.0,0.0,0.0,0.0,0.0,0.0,0.0,0.0,1.0,0.7383132921175147,0.546983699011977,0.47240042506911584,0.5435426537245863,0.7350217716302995,0.7298262169509846,0.5455502432467368,0.4771830983098373,0.5420717632346116,0.5221699658044138,0.2988620180910343,0.21487373451716152,0.30489309773310364,0.40779180861451514,0.17139560484788793,0.038278047019862635,0.08380747388447621,0.3838630492119418,0.16157573904822053,0.0,0.0,0.4315783670813325,0.24913742699142255,0.06568143573602683,0.0319344047700761,0.3056164307262156,0.15785539691496772,0.07161884003962612,0.0069058624751160294,0.48600921983017936,0.15870670240793022,0.2501437386505685,0.24826728268870119,0.1632427165278154,0.034560296339046,0.0,0.0,0.0,0.0,0.0,0.0,0.0,0.3982874144189096
0.0,0.0,0.0,0.0,0.0,0.0,0.0,0.0,0.13873153456650267,0.19521340337326196,0.0,0.0,0.0,0.0,0.0,0.0,0.0,0.0,0.0,0.0,0.0,0.0,0.0,0.0,0.0,0.0,0.0,0.0,0.0,0.0,0.0,0.0,0.0,0.3108744643962376,0.1535762862360778,0.0,0.0,0.0,0.0,0.0,0.0,0.0,0.0,0.0,0.7383132921175147,1.0,0.7425840634889598,0.5485804547392955,0.48344058703703346,0.5500679894000841,0.5328118807582267,0.3053631656514716,0.2189408157750748,0.3080436268636297,0.4317587025178498,0.19358165737238536,0.050292506138888506,0.08937804920417533,0.42070858316287896,0.22139866780969894,0.05101625355486535,0.03279134293239721,0.4314855223256163,0.2744249494836831,0.1300328589729753,0.10332524941940507,0.41275751466624366,0.26246038202132205,0.14574879420523057,0.15229968169251726,0.5479739828012237,0.12108834190344742,0.3237553412501925,0.0,0.6868646521099092,0.2547228408395883,0.16940631152490152,0.03584855786868611,0.0,0.0,0.0,0.0,0.0,0.0,0.0,0.0,0.0,0.2902247135194718
0.0,0.0,0.0,0.0,0.0,0.0,0.0,0.0,0.025423982212696334,0.14692922923294002,0.0,0.0,0.0,0.0,0.0,0.0,0.0,0.0,0.0,0.0,0.0,0.0,0.0,0.0,0.0,0.0,0.0,0.0,0.0,0.0,0.0,0.0,0.012715708293384271,0.2855467899849901,0.0,0.0,0.0,0.0,0.0,0.0,0.0,0.0,0.0,0.0,0.546983699011977,0.7425840634889598,1.0,0.7375054056582461,0.5546000790573101,0.48131812302071336,0.297107178411528,0.09639932637504083,0.06677942748970267,0.21789767999995607,0.17508810435993594,0.0,0.0,0.0,0.18611489637702397,0.00012851497704839213,0.0,0.0,0.24904701346696317,0.1456593654861974,0.0,0.0,0.26247385867473544,0.18643980864690043,0.10346924102960037,0.08553573603930295,0.7344838565181934,0.07717359329101887,0.4912107308414765,0.0,0.49268487977532205,0.4850348708211273,0.2581073921004117,0.0,0.0,0.0,0.0,0.0,0.0,0.0,0.0,0.0,0.0,0.11981369236621214
0.0,0.0,0.0,0.0,0.0,0.0,0.0,0.0,0.0,0.0,0.0,0.0,0.0,0.0,0.0,0.0,0.0,0.0,0.0,0.0,0.0,0.0,0.0,0.0,0.0,0.0,0.0,0.0,0.0,0.0,0.0,0.0,0.0,0.0,0.0,0.0,0.0,0.0,0.0,0.0,0.0,0.0,0.0,0.0,0.47240042506911584,0.5485804547392955,0.7375054056582461,1.0,0.7454822151486101,0.548993942581527,0.20230949628930694,0.05776307579340437,0.10368828881387682,0.3090666210234517,0.019945047643599823,0.0,0.0,0.0,0.0,0.0,0.0,0.0,0.06566842755699397,0.0,0.0,0.0,0.14585663128378787,0.10359414375951953,0.0,0.0,0.5430386797114561,0.06842252773184941,0.31988587799632295,0.0,0.2561409243055742,0.6862566717614139,0.49146928606806217,0.13648177715961549,0.0,0.0,0.0,0.0,0.0,0.0,0.0,0.0,0.0,0.04280863613238087
0.0,0.0,0.0,0.0,0.0,0.0,0.0,0.0,0.0,0.0,0.0,0.0,0.0,0.0,0.0,0.0,0.0,0.0,0.0,0.0,0.0,0.0,0.0,0.0,0.0,0.0,0.0,0.0,0.0,0.0,0.0,0.0,0.0,0.0,0.0,0.0,0.0,0.0,0.0,0.0,0.0,0.0,0.0,0.0,0.5435426537245863,0.48344058703703346,0.5546000790573101,0.7454822151486101,1.0,0.7375449178669833,0.29731632544690767,0.21494554772952343,0.3142044934219127,0.5428886481598776,0.06692240915544298,0.0,0.0,0.0,0.0,0.0,0.0,0.0,0.031975232465112066,0.0,0.0,0.0,0.1524708681065941,0.0857426848835743,0.0,0.0,0.31206911650918046,0.09449081826332072,0.07805851182810856,0.017671809994585896,0.17052892451087082,0.4894697184657624,0.6859214270848839,0.39004309779945545,0.03785353178842666,0.0,0.0,0.0,0.0,0.0,0.0,0.0,0.0,0.10814259645950561
0.0,0.0,0.0,0.0,0.0,0.0,0.0,0.0,0.0,0.0,0.0,0.0,0.0,0.0,0.0,0.0,0.0,0.0,0.0,0.0,0.0,0.0,0.0,0.0,0.0,0.0,0.0,0.0,0.0,0.0,0.0,0.0,0.0,0.0,0.0,0.0,0.0,0.0,0.0,0.0,0.0,0.0,0.0,0.0,0.7350217716302995,0.5500679894000841,0.48131812302071336,0.548993942581527,0.7375449178669833,1.0,0.5375718705669162,0.47660425085795854,0.5524535010368301,0.7354889944608402,0.285876428957626,0.08635190069555779,0.06059056330929241,0.2150648403124079,0.15349784980136522,0.0,0.0,0.0,0.16162446816016687,0.0,0.0,0.0,0.274590627282612,0.1458464307372915,0.0,0.0,0.2159699625472973,0.13237934176587543,0.0,0.036166762734650935,0.254332829078248,0.25294443241722353,0.4874619674363435,0.48482883183135794,0.25591390863986024,0.0,0.0,0.0,0.0,0.0,0.0,0.0,0.0,0.2722465702252841
0.0,0.0,0.0,0.0,0.0,0.0,0.0,0.0,0.0,0.0,0.0,0.0,0.0,0.0,0.0,0.0,0.0,0.0,0.0,0.0,0.0,0.0,0.0,0.0,0.0,0.0,0.0,0.0,0.0,0.0,0.0,0.0,0.0,0.0,0.0008372297025113415,0.0,0.0,0.0,0.0,0.0,0.0,0.0,0.0,0.0,0.7298262169509846,0.5328118807582267,0.297107178411528,0.20230949628930694,0.29731632544690767,0.5375718705669162,1.0,0.7368546667780944,0.5418908374910064,0.4702043022704732,0.7308283303202283,0.5451815667131441,0.4764194887771904,0.5430553626947385,0.5198473582850088,0.29350697574372975,0.21182827703382426,0.3048031086881869,0.40778820045117065,0.1534697409493015,0.017315144154342096,0.07139061396411121,0.4207507229936791,0.1861565931389166,0.0,0.0,0.08085768719118266,0.08021740893349583,0.0,0.0,0.3759393680559226,0.0,0.025481569391668582,0.15642969827774358,0.24992299923156475,0.24982197890018001,0.16285094492741456,0.0353948719749179,0.0,0.0,0.0,0.0,0.0,0.42473517333218525
0.0,0.0,0.0,0.0,0.0,0.0,0.0,0.0,0.0,0.0,0.0,0.0,0.0,0.0,0.0,0.0,0.0,0.0,0.0,0.0,0.0,0.0,0.0,0.0,0.0,0.0,0.0,0.0,0.0,0.0,0.0,0.0,0.0,0.0,0.0,0.0,0.0,0.0,0.0,0.0,0.0,0.0,0.0,0.0,0.5455502432467368,0.3053631656514716,0.09639932637504083,0.05776307579340437,0.21494554772952343,0.47660425085795854,0.7368546667780944,1.0,0.7348711766783309,0.5487970824093844,0.5433963149824511,0.4790049707552513,0.5523398833635561,0.7361461257868074,0.2935153291553715,0.08717902448766657,0.05937340037498445,0.21597469445903678,0.1714143744144342,0.0,0.0,0.0,0.2214587394233134,0.0001982232590216184,0.0,0.0,0.0,0.0,0.0,0.0,0.12430146322565831,0.0,0.0,0.2524123142666649,0.48595169037548347,0.4857152233385965,0.25576822906284374,0.0,0.0,0.0,0.0,0.0,0.0,0.27075953639563705
0.0,0.0,0.0,0.0,0.0,0.0,0.0,0.0,0.0,0.0,0.0,0.0,0.0,0.0,0.0,0.0,0.0,0.0,0.0,0.0,0.0,0.0,0.0,0.0,0.0,0.0,0.0,0.0,0.0,0.0,0.0,0.0,0.0,0.0,0.0,0.0,0.0,0.0,0.0,0.0,0.0,0.0,0.0,0.0,0.4771830983098373,0.2189408157750748,0.06677942748970267,0.10368828881387682,0.3142044934219127,0.5524535010368301,0.5418908374910064,0.7348711766783309,1.0,0.747909855788775,0.2998875820937396,0.21396424517842585,0.3124251907388645,0.5431592371153547,0.07141914373401889,0.0,0.0,0.0,0.0,0.0,0.0,0.0,0.10345278594198656,0.0,0.0,0.0,0.0,0.0,0.0,0.0,0.0,0.0,0.14188669749780572,0.4919263082905984,0.6858562487673994,0.3931529070736087,0.03657141250953786,0.0,0.0,0.0,0.0,0.0,0.0,0.16895489221519686
