1.0,0.7383162430209574,0.5469822672187099,0.47239516545945526,0.5435391077280212,0.7350213168235439,0.7298271175638178,0.5455536551688592,0.4771832840917119,0.542069217761381,0.5221542660530102,0.2988406188041917,0.2148544222116446,0.30489048946760994,0.4077770011704244,0.17137080107662025,0.03824716106395458,0.08377983505046625,0.3838951348650102,0.16162935200936174,0.0,0.0,0.4316578625899148,0.249269293297655,0.06580960200027584,0.03202457812840289,0.3056180181545917,0.1580444852954975,0.07162782454309177,0.007145975826741722,0.4860145043797884,0.15870083050227238,0.25014395343744045,0.2482686627247969,0.16324453548263526,0.03456191267936504,0.0,0.0,0.0,0.0,0.0,0.0,0.0,0.398382468027648,0.0,0.0,0.0,0.0,0.0,0.0,0.0,0.0,0.0,0.0,0.0,0.0,0.0,0.0,0.0,0.0,0.0,0.0,0.0,0.0,0.0,0.0,0.0,0.0,0.0,0.0,0.0,0.0,0.0,0.0,0.0,0.0,0.0,0.0,0.0,0.0,0.0,0.0,0.0,0.0,0.0,0.0,0.0,0.0
0.7383162430209574,1.0,0.742585482304371,0.5485820752002025,0.4834468088427691,0.5500735406679615,0.5328117581611058,0.3053597713139665,0.2189383087878282,0.3080441591899535,0.43173634194273763,0.19354041622588983,0.050251002620434075,0.08936008237792749,0.4206892727148636,0.22135711761141103,0.05095888068898351,0.032737292234091955,0.43155076471102793,0.274524237348941,0.13008738859162097,0.10331991959034616,0.41289017825766455,0.26267389945739894,0.14596639754980353,0.15246224156695,0.5479780943747805,0.12135873093586103,0.323767063025335,0.0,0.6868669416498604,0.25472245781236924,0.1694159810434746,0.03585437366567167,0.0,0.0,0.0,0.0,0.0,0.0,0.0,0.0,0.0,0.29035277576137625,0.0,0.0,0.0,0.0,0.0,0.0,0.0,0.0,0.0,0.0,0.0,0.0,0.0,0.0,0.0,0.0,0.0,0.0,0.0,0.0,0.0,0.0,0.0,0.0,0.0,0.0,0.0,0.0,0.0,0.0,0.0,0.0,0.0,0.0,0.0,0.0,0.0,0.0,0.0,0.0,0.0,0.0,0.0,0.0
0.5469822672187099,0.742585482304371,1.0,0.73750511269686,0.5546028114804518,0.48131714578903345,0.2971056362582612,0.09638868713286863,0.06676736182053254,0.21789118950155445,0.17507114677149963,0.0,0.0,0.0,0.18611286634331609,9.703187676276577e-05,0.0,0.0,0.24915107856895533,0.14581586852715783,0.0,0.0,0.26266620808352986,0.18676522188503306,0.10381445156751244,0.08579533373412991,0.7344816088948091,0.07758496908341911,0.4912101703854636,0.0,0.4926914474661302,0.48503225930791105,0.25811281942986114,0.0,0.0,0.0,0.0,0.0,0.0,0.0,0.0,0.0,0.0,0.11999220530262893,0.0,0.0,0.0,0.0,0.0,0.0,0.0,0.0,0.0,0.0,0.0,0.0,0.0,0.0,0.0,0.0,0.0,0.0,0.0,0.0,0.0,0.0,0.0,0.0,0.0,0.0,0.0,0.0,0.0,0.0,0.0,0.0,0.0,0.0,0.0,0.0,0.0,0.0,0.0,0.0,0.0,0.0,0.0,0.0
0.47239516545945526,0.5485820752002025,0.73750511269686,1.0,0.7454834505381512,0.5489897683971465,0.20230487456906027,0.05775330336881531,0.10367632309864137,0.309060018235158,0.01992650552930877,0.0,0.0,0.0,0.0,0.0,0.0,0.0,0.06574757394260096,0.0,0.0,0.0,0.14602370594589767,0.10390035646570886,0.0,0.0,0.5430309693599259,0.068854563198088,0.31987300238463984,0.0,0.25614661914186787,0.6862560886490925,0.4914738416714339,0.13647938937512288,0.0,0.0,0.0,0.0,0.0,0.0,0.0,0.0,0.0,0.0429773559044474,0.0,0.0,0.0,0.0,0.0,0.0,0.0,0.0,0.0,0.0,0.0,0.0,0.0,0.0,0.0,0.0,0.0,0.0,0.0,0.0,0.0,0.0,0.0,0.0,0.0,0.0,0.0,0.0,0.0,0.0,0.0,0.0,0.0,0.0,0.0,0.0,0.0,0.0,0.0,0.0,0.0,0.0,0.0,0.0
0.5435391077280212,0.4834468088427691,0.5546028114804518,0.7454834505381512,1.0,0.7375410530667537,0.297312130191192,0.21494090336567714,0.3141967939318946,0.5428841841774638,0.0669060161369785,0.0,0.0,0.0,0.0,0.0,0.0,0.0,0.03202595142850698,0.0,0.0,0.0,0.15259167910331936,0.08596944534188138,0.0,0.0,0.31206505182878724,0.09483998886120655,0.07805046582399258,0.018124896000253764,0.17053735699700914,0.4894704575306632,0.6859248356573274,0.3900417262948129,0.03784531256907578,0.0,0.0,0.0,0.0,0.0,0.0,0.0,0.0,0.1082791026353469,0.0,0.0,0.0,0.0,0.0,0.0,0.0,0.0,0.0,0.0,0.0,0.0,0.0,0.0,0.0,0.0,0.0,0.0,0.0,0.0,0.0,0.0,0.0,0.0,0.0,0.0,0.0,0.0,0.0,0.0,0.0,0.0,0.0,0.0,0.0,0.0,0.0,0.0,0.0,0.0,0.0,0.0,0.0,0.0
0.7350213168235439,0.5500735406679615,0.48131714578903345,0.5489897683971465,0.7375410530667537,1.0,0.5375701045422497,0.47660561281952,0.5524519294118517,0.7354875271642842,0.2858634734511893,0.08633313459029314,0.06057376136109324,0.21506301212468423,0.1534883236380943,0.0,0.0,0.0,0.16166066532734114,0.0,0.0,0.0,0.27468031940450116,0.14600559824500306,0.0,0.0,0.21596574202721772,0.13262649624733502,0.0,0.03649328183672489,0.25433920506257446,0.2529399146273727,0.4874619891919658,0.4848306460326418,0.25591305443078083,0.0,0.0,0.0,0.0,0.0,0.0,0.0,0.0,0.27235831743557026,0.0,0.0,0.0,0.0,0.0,0.0,0.0,0.0,0.0,0.0,0.0,0.0,0.0,0.0,0.0,0.0,0.0,0.0,0.0,0.0,0.0,0.0,0.0,0.0,0.0,0.0,0.0,0.0,0.0,0.0,0.0,0.0,0.0,0.0,0.0,0.0,0.0,0.0,0.0,0.0,0.0,0.0,0.0,0.0
0.7298271175638178,0.5328117581611058,0.2971056362582612,0.20230487456906027,0.297312130191192,0.5375701045422497,1.0,0.7368551445341794,0.5418874569138196,0.4701978122536912,0.7308205734758791,0.5451699414490195,0.4764070121442078,0.5430536333286331,0.5198467338392865,0.29349950661754165,0.21181614507140803,0.30479031175088966,0.4078104333269285,0.15350277992482875,0.017338215363785235,0.07139536634333568,0.4207899436382311,0.18621620113608722,0.0,0.0,0.08086124948469617,0.08030477185301353,0.0,0.0,0.3759389772200083,0.0,0.025480321661086682,0.1564272370429541,0.24992196445026355,0.24982224737366077,0.1628393940490457,0.035380816899431226,0.0,0.0,0.0,0.0,0.0,0.4247798215422923,0.0,0.0,0.0,0.0,0.0,0.0,0.0,0.0,0.0,0.0,0.0,0.0,0.0,0.0,0.0,0.0,0.0,0.0,0.0,0.0,0.0,0.0,0.0,0.0,0.0,0.0,0.0,0.0,0.0,0.0,0.0,0.0,0.0,0.0,0.0,0.0,0.0,0.0,0.0,0.0,0.0,0.0,0.0,0.0
0.5455536551688592,0.3053597713139665,0.09638868713286863,0.05775330336881531,0.21494090336567714,0.47660561281952,0.7368551445341794,1.0,0.7348716866492905,0.5487950953935158,0.5433965222433303,0.4790017294389159,0.5523351197178502,0.7361468398291062,0.2935232073380438,0.08717923471372223,0.05936800957796711,0.21596916026986385,0.1714366256670062,0.0,0.0,0.0,0.2214932971543423,0.0002474941586409711,0.0,0.0,0.0,0.0,0.0,0.0,0.1242943626331075,0.0,0.0,0.252412747139341,0.4859531055468955,0.4857180398993732,0.2557650768082266,0.0,0.0,0.0,0.0,0.0,0.0,0.2708002493330581,0.0,0.0,0.0,0.0,0.0,0.0,0.0,0.0,0.0,0.0,0.0,0.0,0.0,0.0,0.0,0.0,0.0,0.0,0.0,0.0,0.0,0.0,0.0,0.0,0.0,0.0,0.0,0.0,0.0,0.0,0.0,0.0,0.0,0.0,0.0,0.0,0.0,0.0,0.0,0.0,0.0,0.0,0.0,0.0
0.4771832840917119,0.2189383087878282,0.06676736182053254,0.10367632309864137,0.3141967939318946,0.5524519294118517,0.5418874569138196,0.7348716866492905,1.0,0.747906494967928,0.2998836828718476,0.21396145056020424,0.3124263436770522,0.5431669736786441,0.07142151027242759,0.0,0.0,0.0,0.0,0.0,0.0,0.0,0.1034932752044742,0.0,0.0,0.0,0.0,0.0,0.0,0.0,0.0,0.0,0.14188176989157172,0.49192411285441984,0.6858579080481164,0.3931686757883583,0.036576029676112856,0.0,0.0,0.0,0.0,0.0,0.0,0.16900818111536883,0.0,0.0,0.0,0.0,0.0,0.0,0.0,0.0,0.0,0.0,0.0,0.0,0.0,0.0,0.0,0.0,0.0,0.0,0.0,0.0,0.0,0.0,0.0,0.0,0.0,0.0,0.0,0.0,0.0,0.0,0.0,0.0,0.0,0.0,0.0,0.0,0.0,0.0,0.0,0.0,0.0,0.0,0.0,0.0
0.542069217761381,0.3080441591899535,0.21789118950155445,0.309060018235158,0.5428841841774638,0.7354875271642842,0.4701978122536912,0.5487950953935158,0.747906494967928,1.0,0.20244905204263688,0.05571439081875764,0.10310459459175454,0.31147069220888546,0.017350922456538242,0.0,0.0,0.0,0.0,0.0,0.0,0.0,0.13027402645361108,0.0,0.0,0.0,0.0,0.020864151465089138,0.0,0.0,0.03156873998724548,0.033108143392232205,0.3921091483398514,0.6859464574770855,0.49262044990310494,0.14238646606919725,0.0,0.0,0.0,0.0,0.0,0.0,0.0,0.17547974095586813,0.0,0.0,0.0,0.0,0.0,0.0,0.0,0.0,0.0,0.0,0.0,0.0,0.0,0.0,0.0,0.0,0.0,0.0,0.0,0.0,0.0,0.0,0.0,0.0,0.0,0.0,0.0,0.0,0.0,0.0,0.0,0.0,0.0,0.0,0.0,0.0,0.0,0.0,0.0,0.0,0.0,0.0,0.0,0.0
0.5221542660530102,0.43173634194273763,0.17507114677149963,0.01992650552930877,0.0669060161369785,0.2858634734511893,0.7308205734758791,0.5433965222433303,0.2998836828718476,0.20244905204263688,1.0,0.7354304319569898,0.5421375729371187,0.474651125562968,0.7308291834127195,0.5433940833163144,0.47464883931194884,0.5421403580216181,0.5221715092295762,0.28587236428657714,0.20245015355511103,0.299879760738833,0.4317722288840922,0.1751069964498003,0.019954727529975902,0.0669215583700175,0.012211263860171979,0.012253923202558116,0.0,0.0,0.3754021777875805,0.0,0.0,0.0,0.03131621957540222,0.16109853280240252,0.24914132075014467,0.24914160499900598,0.1610961362865172,0.03130722006216833,0.0,0.0,0.0,0.3754399943698856,0.0,0.0,0.0,0.0,0.0,0.0,0.0,0.0,0.0,0.0,0.0,0.0,0.0,0.0,0.0,0.0,0.0,0.0,0.0,0.0,0.0,0.0,0.0,0.0,0.0,0.0,0.0,0.0,0.0,0.0,0.0,0.0,0.0,0.0,0.0,0.0,0.0,0.0,0.0,0.0,0.0,0.0,0.0,0.0
0.2988406188041917,0.19354041622588983,0.0,0.0,0.0,0.08633313459029314,0.5451699414490195,0.4790017294389159,0.21396145056020424,0.05571439081875764,0.7354304319569898,1.0,0.7361572331067755,0.5512967228255189,0.5451818172789902,0.47900587443943143,0.5512981724841277,0.7361618674283366,0.29885964945741084,0.08634567125879729,0.05572031084522422,0.2139610813253844,0.19357186315971814,0.0,0.0,0.0,0.0,0.0,0.0,0.0,0.15084333710267517,0.0,0.0,0.0,0.0,0.25465620612076345,0.4862218779611087,0.4862227672277092,0.25465941411757204,0.0,0.0,0.0,0.0,0.15087306163192435,0.0,0.0,0.0,0.0,0.0,0.0,0.0,0.0,0.0,0.0,0.0,0.0,0.0,0.0,0.0,0.0,0.0,0.0,0.0,0.0,0.0,0.0,0.0,0.0,0.0,0.0,0.0,0.0,0.0,0.0,0.0,0.0,0.0,0.0,0.0,0.0,0.0,0.0,0.0,0.0,0.0,0.0,0.0,0.0
0.2148544222116446,0.050251002620434075,0.0,0.0,0.0,0.06057376136109324,0.4764070121442078,0.5523351197178502,0.3124263436770522,0.10310459459175454,0.5421375729371187,0.7361572331067755,1.0,0.7473468966422204,0.30480565501836515,0.21597409596956496,0.31196252870473795,0.5435042189060778,0.0838142456401427,0.0,0.0,0.0,0.032796814274172734,0.0,0.0,0.0,0.0,0.0,0.0,0.0,0.0,0.0,0.0,0.0,0.1425349425833091,0.49137627468969153,0.6858882823189004,0.3933460965668211,0.035349993013120855,0.0,0.0,0.0,0.0,0.03751911871649451,0.0,0.0,0.0,0.0,0.0,0.0,0.0,0.0,0.0,0.0,0.0,0.0,0.0,0.0,0.0,0.0,0.0,0.0,0.0,0.0,0.0,0.0,0.0,0.0,0.0,0.0,0.0,0.0,0.0,0.0,0.0,0.0,0.0,0.0,0.0,0.0,0.0,0.0,0.0,0.0,0.0,0.0,0.0,0.0
0.30489048946760994,0.08936008237792749,0.0,0.0,0.0,0.21506301212468423,0.5430536333286331,0.7361468398291062,0.5431669736786441,0.31147069220888546,0.474651125562968,0.5512967228255189,0.7473468966422204,1.0,0.21184321111146265,0.05937929837986351,0.102767887294643,0.31196438755632666,0.03830781410381331,0.0,0.0,0.0,0.05106543757703149,0.0,0.0,0.0,0.0,0.0,0.0,0.0,0.0,0.0,0.0,0.035648399644106835,0.39421300817862875,0.685912863970664,0.4914701235591669,0.14153925274668497,0.0,0.0,0.0,0.0,0.0,0.09346065575170892,0.0,0.0,0.0,0.0,0.0,0.0,0.0,0.0,0.0,0.0,0.0,0.0,0.0,0.0,0.0,0.0,0.0,0.0,0.0,0.0,0.0,0.0,0.0,0.0,0.0,0.0,0.0,0.0,0.0,0.0,0.0,0.0,0.0,0.0,0.0,0.0,0.0,0.0,0.0,0.0,0.0,0.0,0.0,0.0
0.4077770011704244,0.4206892727148636,0.18611286634331609,0.0,0.0,0.1534883236380943,0.5198467338392865,0.2935232073380438,0.07142151027242759,0.017350922456538242,0.7308291834127195,0.5451818172789902,0.30480565501836515,0.21184321111146265,1.0,0.7368537933128673,0.5430571597964295,0.476416771114665,0.7298269897835518,0.5375656406303886,0.4701944960967407,0.5418854409602509,0.532817126711864,0.29711079571023524,0.20230765795306635,0.2973099994897132,0.08016995740389851,0.08086833487828093,0.0,0.0,0.42463290756657324,0.0,0.0,0.0,0.0,0.0,0.03540006886823506,0.16284996882808536,0.249823571012376,0.24991881282372388,0.15642445676165412,0.025476595787977386,0.0,0.375937545673146,0.0,0.0,0.0,0.0,0.0,0.0,0.0,0.0,0.0,0.0,0.0,0.0,0.0,0.0,0.0,0.0,0.0,0.0,0.0,0.0,0.0,0.0,0.0,0.0,0.0,0.0,0.0,0.0,0.0,0.0,0.0,0.0,0.0,0.0,0.0,0.0,0.0,0.0,0.0,0.0,0.0,0.0,0.0,0.0
0.17137080107662025,0.22135711761141103,9.703187676276577e-05,0.0,0.0,0.0,0.29349950661754165,0.08717923471372223,0.0,0.0,0.5433940833163144,0.47900587443943143,0.21597409596956496,0.05937929837986351,0.7368537933128673,1.0,0.7361489053546644,0.5523393419817354,0.5455523699528706,0.47659782956783603,0.5487894301160869,0.7348667362715077,0.3053588900339968,0.09638622450364924,0.05774858921340902,0.21493398426894703,0.0,0.0,0.0,0.0,0.2706175098036522,0.0,0.0,0.0,0.0,0.0,0.0,0.2557725602197585,0.4857178349157641,0.48594880083963066,0.2524079418406211,0.0,0.0,0.12428590505533424,0.0,0.0,0.0,0.0,0.0,0.0,0.0,0.0,0.0,0.0,0.0,0.0,0.0,0.0,0.0,0.0,0.0,0.0,0.0,0.0,0.0,0.0,0.0,0.0,0.0,0.0,0.0,0.0,0.0,0.0,0.0,0.0,0.0,0.0,0.0,0.0,0.0,0.0,0.0,0.0,0.0,0.0,0.0,0.0
0.03824716106395458,0.05095888068898351,0.0,0.0,0.0,0.0,0.21181614507140803,0.05936800957796711,0.0,0.0,0.47464883931194884,0.5512981724841277,0.31196252870473795,0.102767887294643,0.5430571597964295,0.7361489053546644,1.0,0.7473469241029239,0.304892950478258,0.21505748374192343,0.3114645076055267,0.5431581622652435,0.0893632463781281,0.0,0.0,0.0,0.0,0.0,0.0,0.0,0.0933334573038716,0.0,0.0,0.0,0.0,0.0,0.1415447653753488,0.49147439442899493,0.6859136357096718,0.3942003614042964,0.035641478606028225,0.0,0.0,0.0,0.0,0.0,0.0,0.0,0.0,0.0,0.0,0.0,0.0,0.0,0.0,0.0,0.0,0.0,0.0,0.0,0.0,0.0,0.0,0.0,0.0,0.0,0.0,0.0,0.0,0.0,0.0,0.0,0.0,0.0,0.0,0.0,0.0,0.0,0.0,0.0,0.0,0.0,0.0,0.0,0.0,0.0,0.0,0.0
0.08377983505046625,0.032737292234091955,0.0,0.0,0.0,0.0,0.30479031175088966,0.21596916026986385,0.0,0.0,0.5421403580216181,0.7361618674283366,0.5435042189060778,0.31196438755632666,0.476416771114665,0.5523393419817354,0.7473469241029239,1.0,0.21486579081118506,0.06057769877227289,0.10310487258022498,0.3124216422332371,0.050266944446417,0.0,0.0,0.0,0.0,0.0,0.0,0.0,0.037453802934874686,0.0,0.0,0.0,0.0,0.03535002840730836,0.3933502964716433,0.6858881160422861,0.49137816705411963,0.14252379700155282,0.0,0.0,0.0,0.0,0.0,0.0,0.0,0.0,0.0,0.0,0.0,0.0,0.0,0.0,0.0,0.0,0.0,0.0,0.0,0.0,0.0,0.0,0.0,0.0,0.0,0.0,0.0,0.0,0.0,0.0,0.0,0.0,0.0,0.0,0.0,0.0,0.0,0.0,0.0,0.0,0.0,0.0,0.0,0.0,0.0,0.0,0.0,0.0
0.3838951348650102,0.43155076471102793,0.24915107856895533,0.06574757394260096,0.03202595142850698,0.16166066532734114,0.4078104333269285,0.1714366256670062,0.0,0.0,0.5221715092295762,0.29885964945741084,0.0838142456401427,0.03830781410381331,0.7298269897835518,0.5455523699528706,0.304892950478258,0.21486579081118506,1.0,0.7350219631678976,0.542071173276222,0.47718631624589075,0.7383178291379311,0.5469852690983182,0.47239831891666456,0.5435396966386309,0.1578635554380569,0.30562155220713766,0.006924249819613066,0.071629774051962,0.3982021825201614,0.0,0.0,0.0,0.0,0.0,0.0,0.0,0.0345603828829318,0.16324597028895882,0.2482699855260372,0.25014399394048425,0.15870042525466893,0.48600799485861595,0.0,0.0,0.0,0.0,0.0,0.0,0.0,0.0,0.0,0.0,0.0,0.0,0.0,0.0,0.0,0.0,0.0,0.0,0.0,0.0,0.0,0.0,0.0,0.0,0.0,0.0,0.0,0.0,0.0,0.0,0.0,0.0,0.0,0.0,0.0,0.0,0.0,0.0,0.0,0.0,0.0,0.0,0.0,0.0
0.16162935200936174,0.274524237348941,0.14581586852715783,0.0,0.0,0.0,0.15350277992482875,0.0,0.0,0.0,0.28587236428657714,0.08634567125879729,0.0,0.0,0.5375656406303886,0.47659782956783603,0.21505748374192343,0.06057769877227289,0.7350219631678976,1.0,0.7354854508534182,0.5524502219281904,0.5500750219373178,0.4813203498949537,0.548992500725979,0.7375427684946007,0.13233530271361257,0.21596943885107348,0.036130294086465196,0.0,0.27211786506943086,0.0,0.0,0.0,0.0,0.0,0.0,0.0,0.0,0.25591025840986725,0.4848286012003052,0.48746252527213413,0.25293892206841817,0.2543340287730303,0.0,0.0,0.0,0.0,0.0,0.0,0.0,0.0,0.0,0.0,0.0,0.0,0.0,0.0,0.0,0.0,0.0,0.0,0.0,0.0,0.0,0.0,0.0,0.0,0.0,0.0,0.0,0.0,0.0,0.0,0.0,0.0,0.0,0.0,0.0,0.0,0.0,0.0,0.0,0.0,0.0,0.0,0.0,0.0
0.0,0.13008738859162097,0.0,0.0,0.0,0.0,0.017338215363785235,0.0,0.0,0.0,0.20245015355511103,0.05572031084522422,0.0,0.0,0.4701944960967407,0.5487894301160869,0.3114645076055267,0.10310487258022498,0.542071173276222,0.7354854508534182,1.0,0.7479076793280495,0.30804458107770716,0.21789081965398477,0.30905750868411946,0.5428818452433092,0.020531291258834343,0.0,0.0,0.0,0.17521634039289388,0.0,0.0,0.0,0.0,0.0,0.0,0.0,0.14237313393849887,0.49262109019954065,0.6859466655453792,0.3921055939861097,0.03310106729128537,0.03156177363747749,0.0,0.0,0.0,0.0,0.0,0.0,0.0,0.0,0.0,0.0,0.0,0.0,0.0,0.0,0.0,0.0,0.0,0.0,0.0,0.0,0.0,0.0,0.0,0.0,0.0,0.0,0.0,0.0,0.0,0.0,0.0,0.0,0.0,0.0,0.0,0.0,0.0,0.0,0.0,0.0,0.0,0.0,0.0,0.0
0.0,0.10331991959034616,0.0,0.0,0.0,0.0,0.07139536634333568,0.0,0.0,0.0,0.299879760738833,0.2139610813253844,0.0,0.0,0.5418854409602509,0.7348667362715077,0.5431581622652435,0.3124216422332371,0.47718631624589075,0.5524502219281904,0.7479076793280495,1.0,0.21893929304412488,0.06676713538379948,0.10367447307786512,0.3141950459336004,0.0,0.0,0.0,0.0,0.1687728324066473,0.0,0.0,0.0,0.0,0.0,0.0,0.03657515919904301,0.39315352770878925,0.685856441751326,0.49192587390786563,0.14187863178824128,0.0,0.0,0.0,0.0,0.0,0.0,0.0,0.0,0.0,0.0,0.0,0.0,0.0,0.0,0.0,0.0,0.0,0.0,0.0,0.0,0.0,0.0,0.0,0.0,0.0,0.0,0.0,0.0,0.0,0.0,0.0,0.0,0.0,0.0,0.0,0.0,0.0,0.0,0.0,0.0,0.0,0.0,0.0,0.0,0.0,0.0
0.4316578625899148,0.41289017825766455,0.26266620808352986,0.14602370594589767,0.15259167910331936,0.27468031940450116,0.4207899436382311,0.2214932971543423,0.1034932752044742,0.13027402645361108,0.4317722288840922,0.19357186315971814,0.032796814274172734,0.05106543757703149,0.532817126711864,0.3053588900339968,0.0893632463781281,0.050266944446417,0.7383178291379311,0.5500750219373178,0.30804458107770716,0.21893929304412488,1.0,0.7425865332564365,0.5485845191308266,0.48344642043316943,0.12127907484658743,0.5479798217215845,0.0,0.3237679857340078,0.29028053208701005,0.0,0.0,0.0,0.0,0.0,0.0,0.0,0.0,0.0,0.03585298519709995,0.16941496332418213,0.25472182498201035,0.6868635002287461,0.0,0.0,0.0,0.0,0.0,0.0,0.0,0.0,0.0,0.0,0.0,0.0,0.0,0.0,0.0,0.0,0.0,0.0,0.0,0.0,0.0,0.0,0.0,0.0,0.0,0.0,0.0,0.0,0.0,0.0,0.0,0.0,0.0,0.0,0.0,0.0,0.0,0.0,0.0,0.0,0.0,0.0,0.0,0.0
0.249269293297655,0.26267389945739894,0.18676522188503306,0.10390035646570886,0.08596944534188138,0.14600559824500306,0.18621620113608722,0.0002474941586409711,0.0,0.0,0.1751069964498003,0.0,0.0,0.0,0.29711079571023524,0.09638622450364924,0.0,0.0,0.5469852690983182,0.4813203498949537,0.21789081965398477,0.06676713538379948,0.7425865332564365,1.0,0.7375077222689209,0.5546030778410228,0.0774896699785994,0.7344822821038687,0.0,0.4912075471580492,0.11991848816089665,0.0,0.0,0.0,0.0,0.0,0.0,0.0,0.0,0.0,0.0,0.25811204072076194,0.48503192769738546,0.4926940563444653,0.0,0.0,0.0,0.0,0.0,0.0,0.0,0.0,0.0,0.0,0.0,0.0,0.0,0.0,0.0,0.0,0.0,0.0,0.0,0.0,0.0,0.0,0.0,0.0,0.0,0.0,0.0,0.0,0.0,0.0,0.0,0.0,0.0,0.0,0.0,0.0,0.0,0.0,0.0,0.0,0.0,0.0,0.0,0.0
0.06580960200027584,0.14596639754980353,0.10381445156751244,0.0,0.0,0.0,0.0,0.0,0.0,0.0,0.019954727529975902,0.0,0.0,0.0,0.20230765795306635,0.05774858921340902,0.0,0.0,0.47239831891666456,0.548992500725979,0.30905750868411946,0.10367447307786512,0.5485845191308266,0.7375077222689209,1.0,0.7454822979315175,0.068651141421939,0.5430343117486919,0.0,0.31987083905685787,0.04284036373014226,0.0,0.0,0.0,0.0,0.0,0.0,0.0,0.0,0.0,0.13647290918742863,0.4914707497343759,0.6862524041321054,0.2561490552462883,0.0,0.0,0.0,0.0,0.0,0.0,0.0,0.0,0.0,0.0,0.0,0.0,0.0,0.0,0.0,0.0,0.0,0.0,0.0,0.0,0.0,0.0,0.0,0.0,0.0,0.0,0.0,0.0,0.0,0.0,0.0,0.0,0.0,0.0,0.0,0.0,0.0,0.0,0.0,0.0,0.0,0.0,0.0,0.0
0.03202457812840289,0.15246224156695,0.08579533373412991,0.0,0.0,0.0,0.0,0.0,0.0,0.0,0.0669215583700175,0.0,0.0,0.0,0.2973099994897132,0.21493398426894703,0.0,0.0,0.5435396966386309,0.7375427684946007,0.5428818452433092,0.3141950459336004,0.48344642043316943,0.5546030778410228,0.7454822979315175,1.0,0.09453903578625575,0.31206616137730697,0.017725416278164898,0.07804650632392698,0.10807074741860949,0.0,0.0,0.0,0.0,0.0,0.0,0.0,0.0,0.03784197428504106,0.3900369400195506,0.6859242732476166,0.48946668487064654,0.17053358046536807,0.0,0.0,0.0,0.0,0.0,0.0,0.0,0.0,0.0,0.0,0.0,0.0,0.0,0.0,0.0,0.0,0.0,0.0,0.0,0.0,0.0,0.0,0.0,0.0,0.0,0.0,0.0,0.0,0.0,0.0,0.0,0.0,0.0,0.0,0.0,0.0,0.0,0.0,0.0,0.0,0.0,0.0,0.0,0.0
0.3056180181545917,0.5479780943747805,0.7344816088948091,0.5430309693599259,0.31206505182878724,0.21596574202721772,0.08086124948469617,0.0,0.0,0.0,0.012211263860171979,0.0,0.0,0.0,0.08016995740389851,0.0,0.0,0.0,0.1578635554380569,0.13233530271361257,0.020531291258834343,0.0,0.12127907484658743,0.0774896699785994,0.068651141421939,0.09453903578625575,1.0,0.0,0.7567269805785696,0.0,0.3997512145177559,0.3893205904460415,0.03550189531998457,0.0,0.0,0.0,0.0,0.0,0.0,0.0,0.0,0.0,0.0,0.0,0.0,0.0,0.0,0.0,0.0,0.0,0.0,0.0,0.0,0.0,0.0,0.0,0.0,0.0,0.0,0.0,0.0,0.0,0.0,0.0,0.0,0.0,0.0,0.0,0.0,0.0,0.0,0.0,0.0,0.0,0.0,0.0,0.0,0.0,0.0,0.0,0.0,0.0,0.0,0.0,0.0,0.0,0.0,0.0
0.1580444852954975,0.12135873093586103,0.07758496908341911,0.068854563198088,0.09483998886120655,0.13262649624733502,0.08030477185301353,0.0,0.0,0.020864151465089138,0.012253923202558116,0.0,0.0,0.0,0.08086833487828093,0.0,0.0,0.0,0.30562155220713766,0.21596943885107348,0.0,0.0,0.5479798217215845,0.7344822821038687,0.5430343117486919,0.31206616137730697,0.0,1.0,0.0,0.7567236815735491,0.0,0.0,0.0,0.0,0.0,0.0,0.0,0.0,0.0,0.0,0.0,0.03550179124943453,0.38932341959813066,0.3997590216017589,0.0,0.0,0.0,0.0,0.0,0.0,0.0,0.0,0.0,0.0,0.0,0.0,0.0,0.0,0.0,0.0,0.0,0.0,0.0,0.0,0.0,0.0,0.0,0.0,0.0,0.0,0.0,0.0,0.0,0.0,0.0,0.0,0.0,0.0,0.0,0.0,0.0,0.0,0.0,0.0,0.0,0.0,0.0,0.0
0.07162782454309177,0.323767063025335,0.4912101703854636,0.31987300238463984,0.07805046582399258,0.0,0.0,0.0,0.0,0.0,0.0,0.0,0.0,0.0,0.0,0.0,0.0,0.0,0.006924249819613066,0.036130294086465196,0.0,0.0,0.0,0.0,0.0,0.017725416278164898,0.7567269805785696,0.0,1.0,0.0,0.233129462695277,0.22325615069993188,0.0,0.0,0.0,0.0,0.0,0.0,0.0,0.0,0.0,0.0,0.0,0.0,0.0,0.0,0.0,0.0,0.0,0.0,0.0,0.0,0.0,0.0,0.0,0.0,0.0,0.0,0.0,0.0,0.0,0.0,0.0,0.0,0.0,0.0,0.0,0.0,0.0,0.0,0.0,0.0,0.0,0.0,0.0,0.0,0.0,0.0,0.0,0.0,0.0,0.0,0.0,0.0,0.0,0.0,0.0,0.0
0.007145975826741722,0.0,0.0,0.0,0.018124896000253764,0.03649328183672489,0.0,0.0,0.0,0.0,0.0,0.0,0.0,0.0,0.0,0.0,0.0,0.0,0.071629774051962,0.0,0.0,0.0,0.3237679857340078,0.4912075471580492,0.31987083905685787,0.07804650632392698,0.0,0.7567236815735491,0.0,1.0,0.0,0.0,0.0,0.0,0.0,0.0,0.0,0.0,0.0,0.0,0.0,0.0,0.2232534851503717,0.23314094393125542,0.0,0.0,0.0,0.0,0.0,0.0,0.0,0.0,0.0,0.0,0.0,0.0,0.0,0.0,0.0,0.0,0.0,0.0,0.0,0.0,0.0,0.0,0.0,0.0,0.0,0.0,0.0,0.0,0.0,0.0,0.0,0.0,0.0,0.0,0.0,0.0,0.0,0.0,0.0,0.0,0.0,0.0,0.0,0.0
0.4860145043797884,0.6868669416498604,0.4926914474661302,0.25614661914186787,0.17053735699700914,0.25433920506257446,0.3759389772200083,0.1242943626331075,0.0,0.03156873998724548,0.3754021777875805,0.15084333710267517,0.0,0.0,0.42463290756657324,0.2706175098036522,0.0933334573038716,0.037453802934874686,0.3982021825201614,0.27211786506943086,0.17521634039289388,0.1687728324066473,0.29028053208701005,0.11991848816089665,0.04284036373014226,0.10807074741860949,0.3997512145177559,0.0,0.233129462695277,0.0,1.0,0.0,0.0,0.0,0.0,0.0,0.0,0.0,0.0,0.0,0.0,0.0,0.0,0.1670636714014697,0.0,0.0,0.0,0.0,0.0,0.0,0.0,0.0,0.0,0.0,0.0,0.0,0.0,0.0,0.0,0.0,0.0,0.0,0.0,0.0,0.0,0.0,0.0,0.0,0.0,0.0,0.0,0.0,0.0,0.0,0.0,0.0,0.0,0.0,0.0,0.0,0.0,0.0,0.0,0.0,0.0,0.0,0.0,0.0
0.15870083050227238,0.25472245781236924,0.48503225930791105,0.6862560886490925,0.4894704575306632,0.2529399146273727,0.0,0.0,0.0,0.033108143392232205,0.0,0.0,0.0,0.0,0.0,0.0,0.0,0.0,0.0,0.0,0.0,0.0,0.0,0.0,0.0,0.0,0.3893205904460415,0.0,0.22325615069993188,0.0,0.0,1.0,0.4066980653208131,0.0,0.0,0.0,0.0,0.0,0.0,0.0,0.0,0.0,0.0,0.0,0.0,0.0,0.0,0.0,0.0,0.0,0.0,0.0,0.0,0.0,0.0,0.0,0.0,0.0,0.0,0.0,0.0,0.0,0.0,0.0,0.0,0.0,0.0,0.0,0.0,0.0,0.0,0.0,0.0,0.0,0.0,0.0,0.0,0.0,0.0,0.0,0.0,0.0,0.0,0.0,0.0,0.0,0.0,0.0
0.25014395343744045,0.1694159810434746,0.25811281942986114,0.4914738416714339,0.6859248356573274,0.4874619891919658,0.025480321661086682,0.0,0.14188176989157172,0.3921091483398514,0.0,0.0,0.0,0.0,0.0,0.0,0.0,0.0,0.0,0.0,0.0,0.0,0.0,0.0,0.0,0.0,0.03550189531998457,0.0,0.0,0.0,0.0,0.4066980653208131,1.0,0.4191251159872623,0.0,0.0,0.0,0.0,0.0,0.0,0.0,0.0,0.0,0.0,0.0,0.0,0.0,0.0,0.0,0.0,0.0,0.0,0.0,0.0,0.0,0.0,0.0,0.0,0.0,0.0,0.0,0.0,0.0,0.0,0.0,0.0,0.0,0.0,0.0,0.0,0.0,0.0,0.0,0.0,0.0,0.0,0.0,0.0,0.0,0.0,0.0,0.0,0.0,0.0,0.0,0.0,0.0,0.0
0.2482686627247969,0.03585437366567167,0.0,0.13647938937512288,0.3900417262948129,0.4848306460326418,0.1564272370429541,0.252412747139341,0.49192411285441984,0.6859464574770855,0.0,0.0,0.0,0.035648399644106835,0.0,0.0,0.0,0.0,0.0,0.0,0.0,0.0,0.0,0.0,0.0,0.0,0.0,0.0,0.0,0.0,0.0,0.0,0.4191251159872623,1.0,0.4086769152608917,0.0,0.0,0.0,0.0,0.0,0.0,0.0,0.0,0.0,0.0,0.0,0.0,0.0,0.0,0.0,0.0,0.0,0.0,0.0,0.0,0.0,0.0,0.0,0.0,0.0,0.0,0.0,0.0,0.0,0.0,0.0,0.0,0.0,0.0,0.0,0.0,0.0,0.0,0.0,0.0,0.0,0.0,0.0,0.0,0.0,0.0,0.0,0.0,0.0,0.0,0.0,0.0,0.0
0.16324453548263526,0.0,0.0,0.0,0.03784531256907578,0.25591305443078083,0.24992196445026355,0.4859531055468955,0.6858579080481164,0.49262044990310494,0.03131621957540222,0.0,0.1425349425833091,0.39421300817862875,0.0,0.0,0.0,0.0,0.0,0.0,0.0,0.0,0.0,0.0,0.0,0.0,0.0,0.0,0.0,0.0,0.0,0.0,0.0,0.4086769152608917,1.0,0.4256527898403624,0.0,0.0,0.0,0.0,0.0,0.0,0.0,0.0,0.0,0.0,0.0,0.0,0.0,0.0,0.0,0.0,0.0,0.0,0.0,0.0,0.0,0.0,0.0,0.0,0.0,0.0,0.0,0.0,0.0,0.0,0.0,0.0,0.0,0.0,0.0,0.0,0.0,0.0,0.0,0.0,0.0,0.0,0.0,0.0,0.0,0.0,0.0,0.0,0.0,0.0,0.0,0.0
0.03456191267936504,0.0,0.0,0.0,0.0,0.0,0.24982224737366077,0.4857180398993732,0.3931686757883583,0.14238646606919725,0.16109853280240252,0.25465620612076345,0.49137627468969153,0.685912863970664,0.0,0.0,0.0,0.03535002840730836,0.0,0.0,0.0,0.0,0.0,0.0,0.0,0.0,0.0,0.0,0.0,0.0,0.0,0.0,0.0,0.0,0.4256527898403624,1.0,0.4065200955163367,0.0,0.0,0.0,0.0,0.0,0.0,0.0,0.0,0.0,0.0,0.0,0.0,0.0,0.0,0.0,0.0,0.0,0.0,0.0,0.0,0.0,0.0,0.0,0.0,0.0,0.0,0.0,0.0,0.0,0.0,0.0,0.0,0.0,0.0,0.0,0.0,0.0,0.0,0.0,0.0,0.0,0.0,0.0,0.0,0.0,0.0,0.0,0.0,0.0,0.0,0.0
0.0,0.0,0.0,0.0,0.0,0.0,0.1628393940490457,0.2557650768082266,0.036576029676112856,0.0,0.24914132075014467,0.4862218779611087,0.6858882823189004,0.4914701235591669,0.03540006886823506,0.0,0.1415447653753488,0.3933502964716433,0.0,0.0,0.0,0.0,0.0,0.0,0.0,0.0,0.0,0.0,0.0,0.0,0.0,0.0,0.0,0.0,0.0,0.4065200955163367,1.0,0.4240508446901009,0.0,0.0,0.0,0.0,0.0,0.0,0.0,0.0,0.0,0.0,0.0,0.0,0.0,0.0,0.0,0.0,0.0,0.0,0.0,0.0,0.0,0.0,0.0,0.0,0.0,0.0,0.0,0.0,0.0,0.0,0.0,0.0,0.0,0.0,0.0,0.0,0.0,0.0,0.0,0.0,0.0,0.0,0.0,0.0,0.0,0.0,0.0,0.0,0.0,0.0
0.0,0.0,0.0,0.0,0.0,0.0,0.035380816899431226,0.0,0.0,0.0,0.24914160499900598,0.4862227672277092,0.3933460965668211,0.14153925274668497,0.16284996882808536,0.2557725602197585,0.49147439442899493,0.6858881160422861,0.0,0.0,0.0,0.03657515919904301,0.0,0.0,0.0,0.0,0.0,0.0,0.0,0.0,0.0,0.0,0.0,0.0,0.0,0.0,0.4240508446901009,1.0,0.40653163499995026,0.0,0.0,0.0,0.0,0.0,0.0,0.0,0.0,0.0,0.0,0.0,0.0,0.0,0.0,0.0,0.0,0.0,0.0,0.0,0.0,0.0,0.0,0.0,0.0,0.0,0.0,0.0,0.0,0.0,0.0,0.0,0.0,0.0,0.0,0.0,0.0,0.0,0.0,0.0,0.0,0.0,0.0,0.0,0.0,0.0,0.0,0.0,0.0,0.0
0.0,0.0,0.0,0.0,0.0,0.0,0.0,0.0,0.0,0.0,0.1610961362865172,0.25465941411757204,0.035349993013120855,0.0,0.249823571012376,0.4857178349157641,0.6859136357096718,0.49137816705411963,0.0345603828829318,0.0,0.14237313393849887,0.39315352770878925,0.0,0.0,0.0,0.0,0.0,0.0,0.0,0.0,0.0,0.0,0.0,0.0,0.0,0.0,0.0,0.40653163499995026,1.0,0.42562558723082716,0.0,0.0,0.0,0.0,0.0,0.0,0.0,0.0,0.0,0.0,0.0,0.0,0.0,0.0,0.0,0.0,0.0,0.0,0.0,0.0,0.0,0.0,0.0,0.0,0.0,0.0,0.0,0.0,0.0,0.0,0.0,0.0,0.0,0.0,0.0,0.0,0.0,0.0,0.0,0.0,0.0,0.0,0.0,0.0,0.0,0.0,0.0,0.0
0.0,0.0,0.0,0.0,0.0,0.0,0.0,0.0,0.0,0.0,0.03130722006216833,0.0,0.0,0.0,0.24991881282372388,0.48594880083963066,0.3942003614042964,0.14252379700155282,0.16324597028895882,0.25591025840986725,0.49262109019954065,0.685856441751326,0.0,0.0,0.0,0.03784197428504106,0.0,0.0,0.0,0.0,0.0,0.0,0.0,0.0,0.0,0.0,0.0,0.0,0.42562558723082716,1.0,0.40868018308488485,0.0,0.0,0.0,0.0,0.0,0.0,0.0,0.0,0.0,0.0,0.0,0.0,0.0,0.0,0.0,0.0,0.0,0.0,0.0,0.0,0.0,0.0,0.0,0.0,0.0,0.0,0.0,0.0,0.0,0.0,0.0,0.0,0.0,0.0,0.0,0.0,0.0,0.0,0.0,0.0,0.0,0.0,0.0,0.0,0.0,0.0,0.0
0.0,0.0,0.0,0.0,0.0,0.0,0.0,0.0,0.0,0.0,0.0,0.0,0.0,0.0,0.15642445676165412,0.2524079418406211,0.035641478606028225,0.0,0.2482699855260372,0.4848286012003052,0.6859466655453792,0.49192587390786563,0.03585298519709995,0.0,0.13647290918742863,0.3900369400195506,0.0,0.0,0.0,0.0,0.0,0.0,0.0,0.0,0.0,0.0,0.0,0.0,0.0,0.40868018308488485,1.0,0.419116616333138,0.0,0.0,0.0,0.0,0.0,0.0,0.0,0.0,0.0,0.0,0.0,0.0,0.0,0.0,0.0,0.0,0.0,0.0,0.0,0.0,0.0,0.0,0.0,0.0,0.0,0.0,0.0,0.0,0.0,0.0,0.0,0.0,0.0,0.0,0.0,0.0,0.0,0.0,0.0,0.0,0.0,0.0,0.0,0.0,0.0,0.0
0.0,0.0,0.0,0.0,0.0,0.0,0.0,0.0,0.0,0.0,0.0,0.0,0.0,0.0,0.025476595787977386,0.0,0.0,0.0,0.25014399394048425,0.48746252527213413,0.3921055939861097,0.14187863178824128,0.16941496332418213,0.25811204072076194,0.4914707497343759,0.6859242732476166,0.0,0.03550179124943453,0.0,0.0,0.0,0.0,0.0,0.0,0.0,0.0,0.0,0.0,0.0,0.0,0.419116616333138,1.0,0.40669125935071215,0.0,0.0,0.0,0.0,0.0,0.0,0.0,0.0,0.0,0.0,0.0,0.0,0.0,0.0,0.0,0.0,0.0,0.0,0.0,0.0,0.0,0.0,0.0,0.0,0.0,0.0,0.0,0.0,0.0,0.0,0.0,0.0,0.0,0.0,0.0,0.0,0.0,0.0,0.0,0.0,0.0,0.0,0.0,0.0,0.0
0.0,0.0,0.0,0.0,0.0,0.0,0.0,0.0,0.0,0.0,0.0,0.0,0.0,0.0,0.0,0.0,0.0,0.0,0.15870042525466893,0.25293892206841817,0.03310106729128537,0.0,0.25472182498201035,0.48503192769738546,0.6862524041321054,0.48946668487064654,0.0,0.38932341959813066,0.0,0.2232534851503717,0.0,0.0,0.0,0.0,0.0,0.0,0.0,0.0,0.0,0.0,0.0,0.40669125935071215,1.0,0.0,0.0,0.0,0.0,0.0,0.0,0.0,0.0,0.0,0.0,0.0,0.0,0.0,0.0,0.0,0.0,0.0,0.0,0.0,0.0,0.0,0.0,0.0,0.0,0.0,0.0,0.0,0.0,0.0,0.0,0.0,0.0,0.0,0.0,0.0,0.0,0.0,0.0,0.0,0.0,0.0,0.0,0.0,0.0,0.0
0.398382468027648,0.29035277576137625,0.11999220530262893,0.0429773559044474,0.1082791026353469,0.27235831743557026,0.4247798215422923,0.2708002493330581,0.16900818111536883,0.17547974095586813,0.3754399943698856,0.15087306163192435,0.03751911871649451,0.09346065575170892,0.375937545673146,0.12428590505533424,0.0,0.0,0.48600799485861595,0.2543340287730303,0.03156177363747749,0.0,0.6868635002287461,0.4926940563444653,0.2561490552462883,0.17053358046536807,0.0,0.3997590216017589,0.0,0.23314094393125542,0.1670636714014697,0.0,0.0,0.0,0.0,0.0,0.0,0.0,0.0,0.0,0.0,0.0,0.0,1.0,0.0,0.0,0.0,0.0,0.0,0.0,0.0,0.0,0.0,0.0,0.0,0.0,0.0,0.0,0.0,0.0,0.0,0.0,0.0,0.0,0.0,0.0,0.0,0.0,0.0,0.0,0.0,0.0,0.0,0.0,0.0,0.0,0.0,0.0,0.0,0.0,0.0,0.0,0.0,0.0,0.0,0.0,0.0,0.0
0.0,0.0,0.0,0.0,0.0,0.0,0.0,0.0,0.0,0.0,0.0,0.0,0.0,0.0,0.0,0.0,0.0,0.0,0.0,0.0,0.0,0.0,0.0,0.0,0.0,0.0,0.0,0.0,0.0,0.0,0.0,0.0,0.0,0.0,0.0,0.0,0.0,0.0,0.0,0.0,0.0,0.0,0.0,0.0,1.0,0.7383162430209573,0.5469822672187099,0.4723951654594552,0.543539107728021,0.7350213168235439,0.7298271175638178,0.5455536551688593,0.4771832840917119,0.542069217761381,0.5221542660530103,0.29884061880419177,0.2148544222116446,0.30489048946760994,0.40777700117042465,0.17137080107662042,0.03824716106395458,0.08377983505046642,0.3838951348650102,0.1616293520093619,0.0,0.0,0.4316578625899151,0.24926929329765482,0.06580960200027568,0.03202457812840289,0.3056180181545917,0.15804448529549767,0.07162782454309177,0.007145975826741558,0.4860145043797884,0.1587008305022723,0.2501439534374404,0.2482686627247968,0.16324453548263526,0.03456191267936504,0.0,0.0,0.0,0.0,0.0,0.0,0.0,0.3983824680276483
0.0,0.0,0.0,0.0,0.0,0.0,0.0,0.0,0.0,0.0,0.0,0.0,0.0,0.0,0.0,0.0,0.0,0.0,0.0,0.0,0.0,0.0,0.0,0.0,0.0,0.0,0.0,0.0,0.0,0.0,0.0,0.0,0.0,0.0,0.0,0.0,0.0,0.0,0.0,0.0,0.0,0.0,0.0,0.0,0.7383162430209573,1.0,0.742585482304371,0.5485820752002025,0.4834468088427691,0.5500735406679615,0.5328117581611058,0.3053597713139665,0.2189383087878282,0.3080441591899535,0.43173634194273763,0.19354041622589,0.050251002620433916,0.08936008237792749,0.42068927271486367,0.22135711761141103,0.05095888068898351,0.032737292234092115,0.4315507647110277,0.27452423734894094,0.1300873885916208,0.10331991959034616,0.41289017825766466,0.2626738994573985,0.1459663975498032,0.15246224156695,0.5479780943747805,0.12135873093586103,0.323767063025335,0.0,0.6868669416498604,0.25472245781236924,0.1694159810434747,0.03585437366567167,0.0,0.0,0.0,0.0,0.0,0.0,0.0,0.0,0.0,0.29035277576137636
0.0,0.0,0.0,0.0,0.0,0.0,0.0,0.0,0.0,0.0,0.0,0.0,0.0,0.0,0.0,0.0,0.0,0.0,0.0,0.0,0.0,0.0,0.0,0.0,0.0,0.0,0.0,0.0,0.0,0.0,0.0,0.0,0.0,0.0,0.0,0.0,0.0,0.0,0.0,0.0,0.0,0.0,0.0,0.0,0.5469822672187099,0.742585482304371,1.0,0.73750511269686,0.5546028114804518,0.48131714578903345,0.2971056362582612,0.09638868713286863,0.06676736182053254,0.21789118950155445,0.17507114677149976,0.0,0.0,0.0,0.18611286634331609,9.703187676293026e-05,0.0,0.0,0.24915107856895516,0.14581586852715783,0.0,0.0,0.26266620808353003,0.18676522188503272,0.10381445156751212,0.08579533373412991,0.7344816088948091,0.07758496908341911,0.4912101703854636,0.0,0.4926914474661303,0.48503225930791105,0.25811281942986114,0.0,0.0,0.0,0.0,0.0,0.0,0.0,0.0,0.0,0.0,0.11999220530262909
0.0,0.0,0.0,0.0,0.0,0.0,0.0,0.0,0.0,0.0,0.0,0.0,0.0,0.0,0.0,0.0,0.0,0.0,0.0,0.0,0.0,0.0,0.0,0.0,0.0,0.0,0.0,0.0,0.0,0.0,0.0,0.0,0.0,0.0,0.0,0.0,0.0,0.0,0.0,0.0,0.0,0.0,0.0,0.0,0.4723951654594552,0.5485820752002025,0.73750511269686,1.0,0.7454834505381512,0.5489897683971465,0.20230487456906027,0.05775330336881531,0.10367632309864121,0.309060018235158,0.019926505529308934,0.0,0.0,0.0,0.0,0.0,0.0,0.0,0.06574757394260096,0.0,0.0,0.0,0.14602370594589784,0.10390035646570853,0.0,0.0,0.5430309693599259,0.068854563198088,0.31987300238463984,0.0,0.25614661914186787,0.6862560886490925,0.4914738416714339,0.13647938937512288,0.0,0.0,0.0,0.0,0.0,0.0,0.0,0.0,0.0,0.04297735590444757
0.0,0.0,0.0,0.0,0.0,0.0,0.0,0.0,0.0,0.0,0.0,0.0,0.0,0.0,0.0,0.0,0.0,0.0,0.0,0.0,0.0,0.0,0.0,0.0,0.0,0.0,0.0,0.0,0.0,0.0,0.0,0.0,0.0,0.0,0.0,0.0,0.0,0.0,0.0,0.0,0.0,0.0,0.0,0.0,0.543539107728021,0.4834468088427691,0.5546028114804518,0.7454834505381512,1.0,0.7375410530667537,0.297312130191192,0.21494090336567714,0.3141967939318946,0.5428841841774638,0.0669060161369785,0.0,0.0,0.0,0.0,0.0,0.0,0.0,0.03202595142850681,0.0,0.0,0.0,0.15259167910331953,0.08596944534188104,0.0,0.0,0.31206505182878724,0.09483998886120655,0.07805046582399258,0.018124896000253434,0.17053735699700914,0.4894704575306632,0.6859248356573274,0.3900417262948129,0.03784531256907578,0.0,0.0,0.0,0.0,0.0,0.0,0.0,0.0,0.10827910263534705
0.0,0.0,0.0,0.0,0.0,0.0,0.0,0.0,0.0,0.0,0.0,0.0,0.0,0.0,0.0,0.0,0.0,0.0,0.0,0.0,0.0,0.0,0.0,0.0,0.0,0.0,0.0,0.0,0.0,0.0,0.0,0.0,0.0,0.0,0.0,0.0,0.0,0.0,0.0,0.0,0.0,0.0,0.0,0.0,0.7350213168235439,0.5500735406679615,0.48131714578903345,0.5489897683971465,0.7375410530667537,1.0,0.5375701045422497,0.47660561281952,0.5524519294118516,0.7354875271642842,0.2858634734511894,0.08633313459029314,0.06057376136109324,0.21506301212468423,0.1534883236380943,0.0,0.0,0.0,0.16166066532734097,0.0,0.0,0.0,0.2746803194045013,0.14600559824500275,0.0,0.0,0.21596574202721772,0.13262649624733502,0.0,0.03649328183672457,0.25433920506257446,0.25293991462737275,0.4874619891919659,0.4848306460326417,0.25591305443078083,0.0,0.0,0.0,0.0,0.0,0.0,0.0,0.0,0.27235831743557043
0.0,0.0,0.0,0.0,0.0,0.0,0.0,0.0,0.0,0.0,0.0,0.0,0.0,0.0,0.0,0.0,0.0,0.0,0.0,0.0,0.0,0.0,0.0,0.0,0.0,0.0,0.0,0.0,0.0,0.0,0.0,0.0,0.0,0.0,0.0,0.0,0.0,0.0,0.0,0.0,0.0,0.0,0.0,0.0,0.7298271175638178,0.5328117581611058,0.2971056362582612,0.20230487456906027,0.297312130191192,0.5375701045422497,1.0,0.7368551445341794,0.5418874569138197,0.4701978122536911,0.7308205734758793,0.5451699414490196,0.47640701214420766,0.5430536333286331,0.5198467338392865,0.29349950661754176,0.21181614507140786,0.3047903117508897,0.40781043332692835,0.15350277992482875,0.017338215363785235,0.07139536634333568,0.4207899436382312,0.18621620113608708,0.0,0.0,0.08086124948469617,0.08030477185301353,0.0,0.0,0.3759389772200083,0.0,0.025480321661086682,0.1564272370429541,0.24992196445026355,0.24982224737366077,0.16283939404904563,0.035380816899431226,0.0,0.0,0.0,0.0,0.0,0.4247798215422925
0.0,0.0,0.0,0.0,0.0,0.0,0.0,0.0,0.0,0.0,0.0,0.0,0.0,0.0,0.0,0.0,0.0,0.0,0.0,0.0,0.0,0.0,0.0,0.0,0.0,0.0,0.0,0.0,0.0,0.0,0.0,0.0,0.0,0.0,0.0,0.0,0.0,0.0,0.0,0.0,0.0,0.0,0.0,0.0,0.5455536551688593,0.3053597713139665,0.09638868713286863,0.05775330336881531,0.21494090336567714,0.47660561281952,0.7368551445341794,1.0,0.7348716866492906,0.5487950953935158,0.5433965222433303,0.47900172943891595,0.5523351197178501,0.7361468398291062,0.2935232073380439,0.08717923471372223,0.05936800957796695,0.21596916026986385,0.17143662566700604,0.0,0.0,0.0,0.2214932971543423,0.0002474941586408066,0.0,0.0,0.0,0.0,0.0,0.0,0.1242943626331075,0.0,0.0,0.252412747139341,0.4859531055468956,0.4857180398993732,0.2557650768082266,0.0,0.0,0.0,0.0,0.0,0.0,0.2708002493330581
0.0,0.0,0.0,0.0,0.0,0.0,0.0,0.0,0.0,0.0,0.0,0.0,0.0,0.0,0.0,0.0,0.0,0.0,0.0,0.0,0.0,0.0,0.0,0.0,0.0,0.0,0.0,0.0,0.0,0.0,0.0,0.0,0.0,0.0,0.0,0.0,0.0,0.0,0.0,0.0,0.0,0.0,0.0,0.0,0.4771832840917119,0.2189383087878282,0.06676736182053254,0.10367632309864121,0.3141967939318946,0.5524519294118516,0.5418874569138197,0.7348716866492906,1.0,0.747906494967928,0.29988368287184775,0.21396145056020424,0.3124263436770522,0.5431669736786441,0.07142151027242775,0.0,0.0,0.0,0.0,0.0,0.0,0.0,0.10349327520447436,0.0,0.0,0.0,0.0,0.0,0.0,0.0,0.0,0.0,0.14188176989157172,0.4919241128544197,0.6858579080481164,0.39316867578835835,0.036576029676112856,0.0,0.0,0.0,0.0,0.0,0.0,0.16900818111536908
0.0,0.0,0.0,0.0,0.0,0.0,0.0,0.0,0.0,0.0,0.0,0.0,0.0,0.0,0.0,0.0,0.0,0.0,0.0,0.0,0.0,0.0,0.0,0.0,0.0,0.0,0.0,0.0,0.0,0.0,0.0,0.0,0.0,0.0,0.0,0.0,0.0,0.0,0.0,0.0,0.0,0.0,0.0,0.0,0.542069217761381,0.3080441591899535,0.21789118950155445,0.309060018235158,0.5428841841774638,0.7354875271642842,0.4701978122536911,0.5487950953935158,0.747906494967928,1.0,0.20244905204263688,0.05571439081875764,0.10310459459175438,0.31147069220888546,0.017350922456538242,0.0,0.0,0.0,0.0,0.0,0.0,0.0,0.13027402645361108,0.0,0.0,0.0,0.0,0.020864151465089138,0.0,0.0,0.03156873998724548,0.033108143392232205,0.3921091483398514,0.6859464574770855,0.49262044990310494,0.14238646606919725,0.0,0.0,0.0,0.0,0.0,0.0,0.0,0.1754797409558682
0.0,0.0,0.0,0.0,0.0,0.0,0.0,0.0,0.0,0.0,0.0,0.0,0.0,0.0,0.0,0.0,0.0,0.0,0.0,0.0,0.0,0.0,0.0,0.0,0.0,0.0,0.0,0.0,0.0,0.0,0.0,0.0,0.0,0.0,0.0,0.0,0.0,0.0,0.0,0.0,0.0,0.0,0.0,0.0,0.5221542660530103,0.43173634194273763,0.17507114677149976,0.019926505529308934,0.0669060161369785,0.2858634734511894,0.7308205734758793,0.5433965222433303,0.29988368287184775,0.20244905204263688,1.0,0.7354304319569898,0.5421375729371188,0.47465112556296807,0.7308291834127196,0.5433940833163144,0.4746488393119488,0.5421403580216181,0.5221715092295761,0.28587236428657703,0.20245015355511087,0.299879760738833,0.4317722288840922,0.17510699644980013,0.01995472752997574,0.0669215583700175,0.012211263860172144,0.012253923202558116,0.0,0.0,0.3754021777875806,0.0,0.0,0.0,0.03131621957540222,0.1610985328024026,0.24914132075014475,0.24914160499900598,0.1610961362865172,0.03130722006216833,0.0,0.0,0.0,0.3754399943698856
0.0,0.0,0.0,0.0,0.0,0.0,0.0,0.0,0.0,0.0,0.0,0.0,0.0,0.0,0.0,0.0,0.0,0.0,0.0,0.0,0.0,0.0,0.0,0.0,0.0,0.0,0.0,0.0,0.0,0.0,0.0,0.0,0.0,0.0,0.0,0.0,0.0,0.0,0.0,0.0,0.0,0.0,0.0,0.0,0.29884061880419177,0.19354041622589,0.0,0.0,0.0,0.08633313459029314,0.5451699414490196,0.47900172943891595,0.21396145056020424,0.05571439081875764,0.7354304319569898,1.0,0.7361572331067756,0.551296722825519,0.5451818172789902,0.47900587443943143,0.5512981724841276,0.7361618674283367,0.2988596494574108,0.08634567125879729,0.05572031084522422,0.2139610813253844,0.19357186315971814,0.0,0.0,0.0,0.0,0.0,0.0,0.0,0.15084333710267517,0.0,0.0,0.0,0.0,0.25465620612076345,0.4862218779611087,0.4862227672277092,0.25465941411757204,0.0,0.0,0.0,0.0,0.15087306163192435
0.0,0.0,0.0,0.0,0.0,0.0,0.0,0.0,0.0,0.0,0.0,0.0,0.0,0.0,0.0,0.0,0.0,0.0,0.0,0.0,0.0,0.0,0.0,0.0,0.0,0.0,0.0,0.0,0.0,0.0,0.0,0.0,0.0,0.0,0.0,0.0,0.0,0.0,0.0,0.0,0.0,0.0,0.0,0.0,0.2148544222116446,0.050251002620433916,0.0,0.0,0.0,0.06057376136109324,0.47640701214420766,0.5523351197178501,0.3124263436770522,0.10310459459175438,0.5421375729371188,0.7361572331067756,1.0,0.7473468966422204,0.3048056550183652,0.21597409596956513,0.31196252870473795,0.5435042189060779,0.0838142456401427,0.0,0.0,0.0,0.0327968142741729,0.0,0.0,0.0,0.0,0.0,0.0,0.0,0.0,0.0,0.0,0.0,0.1425349425833091,0.49137627468969153,0.6858882823189004,0.3933460965668212,0.03534999301312102,0.0,0.0,0.0,0.0,0.03751911871649451
