1.0,0.7383184628530829,0.5469838258391836,0.47239239641266667,0.5435364754897349,0.7350208819764359,0.7298223895770896,0.545554673886273,0.4771886495441203,0.5420730830952482,0.5221581396725049,0.29884955773013083,0.21486475036377944,0.3048932858743204,0.4077745854598698,0.17137991325182605,0.038265088189867055,0.08379182138008219,0.38385582012219677,0.16158348589880903,0.0,0.0,0.43159462391022024,0.249170509271216,0.0657045422296421,0.03194307726242094,0.3056191997506424,0.1579369372397791,0.07162724561732585,0.007033557829296574,0.48601244872779026,0.15869878895865355,0.25014107914812084,0.24826885658377754,0.1632496862333149,0.03456256199687903,0.0,0.0,0.0,0.0,0.0,0.0,0.0,0.3983227643290908,0.0,0.0,0.0,0.0,0.0,0.0,0.0,0.0,0.0,0.0,0.0,0.0,0.0,0.0,0.0,0.0,0.0,0.0,0.0,0.0,0.0,0.0,0.0,0.0,0.0,0.0,0.0,0.0,0.0,0.0,0.0,0.0,0.0,0.0,0.0,0.0,0.0,0.0,0.0,0.0,0.0,0.0,0.0,0.0
0.7383184628530829,1.0,0.7425869921029589,0.5485824218298144,0.48344854953492583,0.5500789317573649,0.5328122289327624,0.3053646422178727,0.2189460656680894,0.3080510262149719,0.4317515588481851,0.19356123830910466,0.05027036808929024,0.08936891226619316,0.420703784406995,0.22138726829718575,0.05099839199244447,0.03276725994200895,0.43151411179490107,0.2744710934163899,0.13007846729941314,0.1033445006564958,0.41282339410586005,0.2625498018378392,0.14582480495703887,0.15235270137211013,0.5479788174107744,0.12122574879221533,0.3237652800584439,0.0,0.6868697897306797,0.2547235150499975,0.16941737757969072,0.03585681962126628,0.0,0.0,0.0,0.0,0.0,0.0,0.0,0.0,0.0,0.29030234030367325,0.0,0.0,0.0,0.0,0.0,0.0,0.0,0.0,0.0,0.0,0.0,0.0,0.0,0.0,0.0,0.0,0.0,0.0,0.0,0.0,0.0,0.0,0.0,0.0,0.0,0.0,0.0,0.0,0.0,0.0,0.0,0.0,0.0,0.0,0.0,0.0,0.0,0.0,0.0,0.0,0.0,0.0,0.0,0.0
0.5469838258391836,0.7425869921029589,1.0,0.737505854567476,0.554604952774078,0.4813235005830766,0.2971049869421088,0.09639406583198618,0.06677522876649536,0.21789761793926976,0.1750851815014487,0.0,0.0,0.0,0.18612245901413804,0.0001297925308008919,0.0,0.0,0.24909574677434415,0.14573689221168232,0.0,0.0,0.2625619339229557,0.18657112433408637,0.10359331258625187,0.08563004110091986,0.7344797821857872,0.07736507528993183,0.49120702526498833,0.0,0.49270360104995253,0.4850327827531908,0.25811423918724324,0.0,0.0,0.0,0.0,0.0,0.0,0.0,0.0,0.0,0.0,0.11990494790110177,0.0,0.0,0.0,0.0,0.0,0.0,0.0,0.0,0.0,0.0,0.0,0.0,0.0,0.0,0.0,0.0,0.0,0.0,0.0,0.0,0.0,0.0,0.0,0.0,0.0,0.0,0.0,0.0,0.0,0.0,0.0,0.0,0.0,0.0,0.0,0.0,0.0,0.0,0.0,0.0,0.0,0.0,0.0,0.0
0.47239239641266667,0.5485824218298144,0.737505854567476,1.0,0.745482706518586,0.5489920171273203,0.20229734320526857,0.05775284906714446,0.10367928220552698,0.30906167153609104,0.019929897755009602,0.0,0.0,0.0,0.0,0.0,0.0,0.0,0.0656735129228784,0.0,0.0,0.0,0.14588955865287814,0.10366603389148069,0.0,0.0,0.5430306688846164,0.068569414737571,0.31987271232269593,0.0,0.2561557420547136,0.6862567719398333,0.49147296274856533,0.1364762017380782,0.0,0.0,0.0,0.0,0.0,0.0,0.0,0.0,0.0,0.042851252214200844,0.0,0.0,0.0,0.0,0.0,0.0,0.0,0.0,0.0,0.0,0.0,0.0,0.0,0.0,0.0,0.0,0.0,0.0,0.0,0.0,0.0,0.0,0.0,0.0,0.0,0.0,0.0,0.0,0.0,0.0,0.0,0.0,0.0,0.0,0.0,0.0,0.0,0.0,0.0,0.0,0.0,0.0,0.0,0.0
0.5435364754897349,0.48344854953492583,0.554604952774078,0.745482706518586,1.0,0.7375429413357388,0.29730270893035904,0.21493967859952692,0.31420054220196153,0.5428866291909327,0.06690262722484124,0.0,0.0,0.0,0.0,0.0,0.0,0.0,0.03194639594992747,0.0,0.0,0.0,0.15245376569272465,0.08574883651222423,0.0,0.0,0.31206531727163006,0.09456436258235429,0.07805019240395075,0.01781555775634263,0.1705432597292731,0.48946935842320016,0.6859245214753867,0.39004020225309827,0.037850290340415586,0.0,0.0,0.0,0.0,0.0,0.0,0.0,0.0,0.10813814037438874,0.0,0.0,0.0,0.0,0.0,0.0,0.0,0.0,0.0,0.0,0.0,0.0,0.0,0.0,0.0,0.0,0.0,0.0,0.0,0.0,0.0,0.0,0.0,0.0,0.0,0.0,0.0,0.0,0.0,0.0,0.0,0.0,0.0,0.0,0.0,0.0,0.0,0.0,0.0,0.0,0.0,0.0,0.0,0.0
0.7350208819764359,0.5500789317573649,0.4813235005830766,0.5489920171273203,0.7375429413357388,1.0,0.5375601457785092,0.4766010564144848,0.5524527018953089,0.7354881983046672,0.2858586367606659,0.08633717220069159,0.06058051589663565,0.21506135203339674,0.1534729216045587,0.0,0.0,0.0,0.16160055831703912,0.0,0.0,0.0,0.27457919450648033,0.14585557562880733,0.0,0.0,0.21597045560579142,0.13244617924886215,0.0,0.036293938960944794,0.2543432075882544,0.2529419684742723,0.48746203270360045,0.4848282386052102,0.2559143888482253,0.0,0.0,0.0,0.0,0.0,0.0,0.0,0.0,0.2722474061660301,0.0,0.0,0.0,0.0,0.0,0.0,0.0,0.0,0.0,0.0,0.0,0.0,0.0,0.0,0.0,0.0,0.0,0.0,0.0,0.0,0.0,0.0,0.0,0.0,0.0,0.0,0.0,0.0,0.0,0.0,0.0,0.0,0.0,0.0,0.0,0.0,0.0,0.0,0.0,0.0,0.0,0.0,0.0,0.0
0.7298223895770896,0.5328122289327624,0.2971049869421088,0.20229734320526857,0.29730270893035904,0.5375601457785092,1.0,0.7368567125055343,0.5418883780288015,0.4701934471037207,0.7308236998389692,0.5451762401592168,0.47641643649388166,0.5430574893943882,0.5198430967073415,0.29350084577880725,0.21182270066874906,0.30479386985194173,0.4077922603774982,0.1534812564109407,0.0173267113827901,0.07139415278174735,0.4207719964328745,0.18618490155924414,0.0,0.0,0.0808628213272601,0.080275522615716,0.0,0.0,0.3759334413241409,0.0,0.025469793020823184,0.15642102198235075,0.2499241957852201,0.249824932797965,0.16284736094875815,0.03538811193434745,0.0,0.0,0.0,0.0,0.0,0.42477190787266017,0.0,0.0,0.0,0.0,0.0,0.0,0.0,0.0,0.0,0.0,0.0,0.0,0.0,0.0,0.0,0.0,0.0,0.0,0.0,0.0,0.0,0.0,0.0,0.0,0.0,0.0,0.0,0.0,0.0,0.0,0.0,0.0,0.0,0.0,0.0,0.0,0.0,0.0,0.0,0.0,0.0,0.0,0.0,0.0
0.545554673886273,0.3053646422178727,0.09639406583198618,0.05775284906714446,0.21493967859952692,0.4766010564144848,0.7368567125055343,1.0,0.7348705555104784,0.5487922268360013,0.543393099314444,0.4790009938295237,0.5523377857477757,0.7361463662129052,0.2935138826150357,0.08717370904069083,0.05936664062815155,0.2159645396269197,0.17141885909484839,0.0,0.0,0.0,0.22147741747589636,0.00022550713981824062,0.0,0.0,0.0,0.0,0.0,0.0,0.12429323049881666,0.0,0.0,0.25241001596660023,0.48595377896686553,0.48571629510501363,0.25576705106057795,0.0,0.0,0.0,0.0,0.0,0.0,0.2707885903103631,0.0,0.0,0.0,0.0,0.0,0.0,0.0,0.0,0.0,0.0,0.0,0.0,0.0,0.0,0.0,0.0,0.0,0.0,0.0,0.0,0.0,0.0,0.0,0.0,0.0,0.0,0.0,0.0,0.0,0.0,0.0,0.0,0.0,0.0,0.0,0.0,0.0,0.0,0.0,0.0,0.0,0.0,0.0,0.0
0.4771886495441203,0.2189460656680894,0.06677522876649536,0.10367928220552698,0.31420054220196153,0.5524527018953089,0.5418883780288015,0.7348705555104784,1.0,0.7479073638599171,0.2998801082625829,0.21395999507591903,0.31242609293331686,0.5431623798332467,0.0714102311123318,0.0,0.0,0.0,0.0,0.0,0.0,0.0,0.10345664548345586,0.0,0.0,0.0,0.0,0.0,0.0,0.0,0.0,0.0,0.14188393217509596,0.4919254130589002,0.6858577889536513,0.3931590152763416,0.036575315924130894,0.0,0.0,0.0,0.0,0.0,0.0,0.16896600321205105,0.0,0.0,0.0,0.0,0.0,0.0,0.0,0.0,0.0,0.0,0.0,0.0,0.0,0.0,0.0,0.0,0.0,0.0,0.0,0.0,0.0,0.0,0.0,0.0,0.0,0.0,0.0,0.0,0.0,0.0,0.0,0.0,0.0,0.0,0.0,0.0,0.0,0.0,0.0,0.0,0.0,0.0,0.0,0.0
0.5420730830952482,0.3080510262149719,0.21789761793926976,0.30906167153609104,0.5428866291909327,0.7354881983046672,0.4701934471037207,0.5487922268360013,0.7479073638599171,1.0,0.20244396602523226,0.055715355891213826,0.10310812678583169,0.3114679400979979,0.017335295316404056,0.0,0.0,0.0,0.0,0.0,0.0,0.0,0.13019879055509626,0.0,0.0,0.0,0.0,0.020731452389752658,0.0,0.0,0.031573005800938046,0.03310879876865661,0.39210947104821753,0.6859446889700421,0.49262175576227185,0.14237945996487636,0.0,0.0,0.0,0.0,0.0,0.0,0.0,0.1753918377857862,0.0,0.0,0.0,0.0,0.0,0.0,0.0,0.0,0.0,0.0,0.0,0.0,0.0,0.0,0.0,0.0,0.0,0.0,0.0,0.0,0.0,0.0,0.0,0.0,0.0,0.0,0.0,0.0,0.0,0.0,0.0,0.0,0.0,0.0,0.0,0.0,0.0,0.0,0.0,0.0,0.0,0.0,0.0,0.0
0.5221581396725049,0.4317515588481851,0.1750851815014487,0.019929897755009602,0.06690262722484124,0.2858586367606659,0.7308236998389692,0.543393099314444,0.2998801082625829,0.20244396602523226,1.0,0.7354299336811223,0.5421396188886919,0.47464807851352286,0.7308259453353098,0.5433919323811999,0.47464829741585585,0.5421371289899626,0.5221676784752941,0.28586620822624914,0.2024444223583338,0.2998773411850772,0.4317777952159591,0.17510758961562803,0.01994915889860457,0.06691376072087284,0.01223192610605727,0.012258724770998083,0.0,0.0,0.3754126909507741,0.0,0.0,0.0,0.03131199471092519,0.16109641121258741,0.24914165016731088,0.24914144348346134,0.16109536120890983,0.03130803512026901,0.0,0.0,0.0,0.37546076003289797,0.0,0.0,0.0,0.0,0.0,0.0,0.0,0.0,0.0,0.0,0.0,0.0,0.0,0.0,0.0,0.0,0.0,0.0,0.0,0.0,0.0,0.0,0.0,0.0,0.0,0.0,0.0,0.0,0.0,0.0,0.0,0.0,0.0,0.0,0.0,0.0,0.0,0.0,0.0,0.0,0.0,0.0,0.0,0.0
0.29884955773013083,0.19356123830910466,0.0,0.0,0.0,0.08633717220069159,0.5451762401592168,0.4790009938295237,0.21395999507591903,0.055715355891213826,0.7354299336811223,1.0,0.7361590473453707,0.5512952149160094,0.5451786339595588,0.4790021974347568,0.5512948210168931,0.7361563492716493,0.2988623763797164,0.08634847173797061,0.055718165138164945,0.21395884696398595,0.19358594071193458,0.0,0.0,0.0,0.0,0.0,0.0,0.0,0.15085918809559365,0.0,0.0,0.0,0.0,0.25465681276394964,0.48622288800385727,0.4862208202112431,0.2546560963359141,0.0,0.0,0.0,0.0,0.1509006725284493,0.0,0.0,0.0,0.0,0.0,0.0,0.0,0.0,0.0,0.0,0.0,0.0,0.0,0.0,0.0,0.0,0.0,0.0,0.0,0.0,0.0,0.0,0.0,0.0,0.0,0.0,0.0,0.0,0.0,0.0,0.0,0.0,0.0,0.0,0.0,0.0,0.0,0.0,0.0,0.0,0.0,0.0,0.0,0.0
0.21486475036377944,0.05027036808929024,0.0,0.0,0.0,0.06058051589663565,0.47641643649388166,0.5523377857477757,0.31242609293331686,0.10310812678583169,0.5421396188886919,0.7361590473453707,1.0,0.7473476172818163,0.30480413823116903,0.2159715785720584,0.31195920247314884,0.5434981152963361,0.08381878434708105,0.0,0.0,0.0,0.03281369288487772,0.0,0.0,0.0,0.0,0.0,0.0,0.0,0.0,0.0,0.0,0.0,0.1425320252998079,0.4913780815925935,0.6858864029288487,0.393339456075656,0.035346232164725024,0.0,0.0,0.0,0.0,0.03754703516354565,0.0,0.0,0.0,0.0,0.0,0.0,0.0,0.0,0.0,0.0,0.0,0.0,0.0,0.0,0.0,0.0,0.0,0.0,0.0,0.0,0.0,0.0,0.0,0.0,0.0,0.0,0.0,0.0,0.0,0.0,0.0,0.0,0.0,0.0,0.0,0.0,0.0,0.0,0.0,0.0,0.0,0.0,0.0,0.0
0.3048932858743204,0.08936891226619316,0.0,0.0,0.0,0.21506135203339674,0.5430574893943882,0.7361463662129052,0.5431623798332467,0.3114679400979979,0.47464807851352286,0.5512952149160094,0.7473476172818163,1.0,0.21183528101438753,0.05937249964317038,0.10276298161225578,0.31195709999116183,0.0383006338825314,0.0,0.0,0.0,0.05106748956233202,0.0,0.0,0.0,0.0,0.0,0.0,0.0,0.0,0.0,0.0,0.0356462598753343,0.3942082056433712,0.6859139551280291,0.4914712289351914,0.14153372420745378,0.0,0.0,0.0,0.0,0.0,0.09347035792102,0.0,0.0,0.0,0.0,0.0,0.0,0.0,0.0,0.0,0.0,0.0,0.0,0.0,0.0,0.0,0.0,0.0,0.0,0.0,0.0,0.0,0.0,0.0,0.0,0.0,0.0,0.0,0.0,0.0,0.0,0.0,0.0,0.0,0.0,0.0,0.0,0.0,0.0,0.0,0.0,0.0,0.0,0.0,0.0
0.4077745854598698,0.420703784406995,0.18612245901413804,0.0,0.0,0.1534729216045587,0.5198430967073415,0.2935138826150357,0.0714102311123318,0.017335295316404056,0.7308259453353098,0.5451786339595588,0.30480413823116903,0.21183528101438753,1.0,0.7368530475916604,0.5430561822882456,0.4764139462471993,0.7298281197440495,0.537565149791439,0.47019320959570116,0.5418847306229737,0.5328232718880691,0.29711276894174604,0.20230755170562276,0.2973091265353733,0.08019178216732382,0.08087113155822814,0.0,0.0,0.4246506498985596,0.0,0.0,0.0,0.0,0.0,0.035397089856535356,0.16284960173265156,0.24982191935671794,0.2499202725588263,0.15642076297580745,0.025473591684701452,0.0,0.3759559447147707,0.0,0.0,0.0,0.0,0.0,0.0,0.0,0.0,0.0,0.0,0.0,0.0,0.0,0.0,0.0,0.0,0.0,0.0,0.0,0.0,0.0,0.0,0.0,0.0,0.0,0.0,0.0,0.0,0.0,0.0,0.0,0.0,0.0,0.0,0.0,0.0,0.0,0.0,0.0,0.0,0.0,0.0,0.0,0.0
0.17137991325182605,0.22138726829718575,0.0001297925308008919,0.0,0.0,0.0,0.29350084577880725,0.08717370904069083,0.0,0.0,0.5433919323811999,0.4790021974347568,0.2159715785720584,0.05937249964317038,0.7368530475916604,1.0,0.7361486604688933,0.5523385817222218,0.545554940919814,0.4766005712373052,0.5487898884652135,0.73486800750531,0.30536454555045456,0.09639075601842664,0.05775383712744947,0.21493867239362346,0.0,0.0,0.0,0.0,0.27065272742358304,0.0,0.0,0.0,0.0,0.0,0.0,0.2557737379897968,0.4857168720311789,0.48595183703757594,0.2524063856109016,0.0,0.0,0.12430353282936664,0.0,0.0,0.0,0.0,0.0,0.0,0.0,0.0,0.0,0.0,0.0,0.0,0.0,0.0,0.0,0.0,0.0,0.0,0.0,0.0,0.0,0.0,0.0,0.0,0.0,0.0,0.0,0.0,0.0,0.0,0.0,0.0,0.0,0.0,0.0,0.0,0.0,0.0,0.0,0.0,0.0,0.0,0.0,0.0
0.038265088189867055,0.05099839199244447,0.0,0.0,0.0,0.0,0.21182270066874906,0.05936664062815155,0.0,0.0,0.47464829741585585,0.5512948210168931,0.31195920247314884,0.10276298161225578,0.5430561822882456,0.7361486604688933,1.0,0.7473476378541578,0.30489724347057284,0.2150635059661499,0.311466404717947,0.5431604264184662,0.08937289480514067,0.0,0.0,0.0,0.0,0.0,0.0,0.0,0.09337457900889973,0.0,0.0,0.0,0.0,0.0,0.14154003085521252,0.4914759070788301,0.6859131810656249,0.3942048504212417,0.035642037303746106,0.0,0.0,0.0,0.0,0.0,0.0,0.0,0.0,0.0,0.0,0.0,0.0,0.0,0.0,0.0,0.0,0.0,0.0,0.0,0.0,0.0,0.0,0.0,0.0,0.0,0.0,0.0,0.0,0.0,0.0,0.0,0.0,0.0,0.0,0.0,0.0,0.0,0.0,0.0,0.0,0.0,0.0,0.0,0.0,0.0,0.0,0.0
0.08379182138008219,0.03276725994200895,0.0,0.0,0.0,0.0,0.30479386985194173,0.2159645396269197,0.0,0.0,0.5421371289899626,0.7361563492716493,0.5434981152963361,0.31195709999116183,0.4764139462471993,0.5523385817222218,0.7473476378541578,1.0,0.21487042377891616,0.060585444284094445,0.10310766982335165,0.31242405661489764,0.05027976540388322,0.0,0.0,0.0,0.0,0.0,0.0,0.0,0.03748213634020098,0.0,0.0,0.0,0.0,0.0353449875459527,0.39334471584743474,0.6858907678015221,0.49138002295456024,0.14252913455477378,0.0,0.0,0.0,0.0,0.0,0.0,0.0,0.0,0.0,0.0,0.0,0.0,0.0,0.0,0.0,0.0,0.0,0.0,0.0,0.0,0.0,0.0,0.0,0.0,0.0,0.0,0.0,0.0,0.0,0.0,0.0,0.0,0.0,0.0,0.0,0.0,0.0,0.0,0.0,0.0,0.0,0.0,0.0,0.0,0.0,0.0,0.0,0.0
0.38385582012219677,0.43151411179490107,0.24909574677434415,0.0656735129228784,0.03194639594992747,0.16160055831703912,0.4077922603774982,0.17141885909484839,0.0,0.0,0.5221676784752941,0.2988623763797164,0.08381878434708105,0.0383006338825314,0.7298281197440495,0.545554940919814,0.30489724347057284,0.21487042377891616,1.0,0.7350232107096547,0.5420716234551223,0.4771859826181135,0.738319245393462,0.5469828000314421,0.47239706577579677,0.5435401367359646,0.15781931242539882,0.3056178429643129,0.006887504380987705,0.07162862063466995,0.39817265020115133,0.0,0.0,0.0,0.0,0.0,0.0,0.0,0.03456373432812099,0.16324744930134075,0.2482685736298972,0.2501434702135754,0.15870133984911486,0.48601825269666826,0.0,0.0,0.0,0.0,0.0,0.0,0.0,0.0,0.0,0.0,0.0,0.0,0.0,0.0,0.0,0.0,0.0,0.0,0.0,0.0,0.0,0.0,0.0,0.0,0.0,0.0,0.0,0.0,0.0,0.0,0.0,0.0,0.0,0.0,0.0,0.0,0.0,0.0,0.0,0.0,0.0,0.0,0.0,0.0
0.16158348589880903,0.2744710934163899,0.14573689221168232,0.0,0.0,0.0,0.1534812564109407,0.0,0.0,0.0,0.28586620822624914,0.08634847173797061,0.0,0.0,0.537565149791439,0.4766005712373052,0.2150635059661499,0.060585444284094445,0.7350232107096547,1.0,0.7354846204400104,0.5524489152423334,0.550076435200489,0.4813167008476682,0.5489897627103629,0.7375418493712813,0.13225918404124767,0.21596395292318127,0.03605929822098088,0.0,0.2720700877920528,0.0,0.0,0.0,0.0,0.0,0.0,0.0,0.0,0.25590988162782424,0.4848258419131013,0.4874607473234165,0.252938361747745,0.2543437534019127,0.0,0.0,0.0,0.0,0.0,0.0,0.0,0.0,0.0,0.0,0.0,0.0,0.0,0.0,0.0,0.0,0.0,0.0,0.0,0.0,0.0,0.0,0.0,0.0,0.0,0.0,0.0,0.0,0.0,0.0,0.0,0.0,0.0,0.0,0.0,0.0,0.0,0.0,0.0,0.0,0.0,0.0,0.0,0.0
0.0,0.13007846729941314,0.0,0.0,0.0,0.0,0.0173267113827901,0.0,0.0,0.0,0.2024444223583338,0.055718165138164945,0.0,0.0,0.47019320959570116,0.5487898884652135,0.311466404717947,0.10310766982335165,0.5420716234551223,0.7354846204400104,1.0,0.7479055079662555,0.3080440572884422,0.2178855921836697,0.3090538896554171,0.5428803726893431,0.020526077464213286,0.0,0.0,0.0,0.17521240070827962,0.0,0.0,0.0,0.0,0.0,0.0,0.0,0.14237481781683886,0.4926188519682846,0.6859447543412358,0.39210363136813636,0.03309956027252456,0.03157102617025842,0.0,0.0,0.0,0.0,0.0,0.0,0.0,0.0,0.0,0.0,0.0,0.0,0.0,0.0,0.0,0.0,0.0,0.0,0.0,0.0,0.0,0.0,0.0,0.0,0.0,0.0,0.0,0.0,0.0,0.0,0.0,0.0,0.0,0.0,0.0,0.0,0.0,0.0,0.0,0.0,0.0,0.0,0.0,0.0
0.0,0.1033445006564958,0.0,0.0,0.0,0.0,0.07139415278174735,0.0,0.0,0.0,0.2998773411850772,0.21395884696398595,0.0,0.0,0.5418847306229737,0.73486800750531,0.5431604264184662,0.31242405661489764,0.4771859826181135,0.5524489152423334,0.7479055079662555,1.0,0.21893897638345272,0.06676372258026242,0.10367281302596934,0.3141945719200052,0.0,0.0,0.0,0.0,0.16880388155741677,0.0,0.0,0.0,0.0,0.0,0.0,0.036579737952265996,0.39315539792246895,0.685858040368867,0.49192245600003554,0.1418773992711756,0.0,0.0,0.0,0.0,0.0,0.0,0.0,0.0,0.0,0.0,0.0,0.0,0.0,0.0,0.0,0.0,0.0,0.0,0.0,0.0,0.0,0.0,0.0,0.0,0.0,0.0,0.0,0.0,0.0,0.0,0.0,0.0,0.0,0.0,0.0,0.0,0.0,0.0,0.0,0.0,0.0,0.0,0.0,0.0,0.0,0.0
0.43159462391022024,0.41282339410586005,0.2625619339229557,0.14588955865287814,0.15245376569272465,0.27457919450648033,0.4207719964328745,0.22147741747589636,0.10345664548345586,0.13019879055509626,0.4317777952159591,0.19358594071193458,0.03281369288487772,0.05106748956233202,0.5328232718880691,0.30536454555045456,0.08937289480514067,0.05027976540388322,0.738319245393462,0.550076435200489,0.3080440572884422,0.21893897638345272,1.0,0.7425853661154939,0.5485855532984754,0.48344843328320836,0.12118652490256729,0.547975979263561,0.0,0.3237651036937358,0.29023290937385127,0.0,0.0,0.0,0.0,0.0,0.0,0.0,0.0,0.0,0.03585045833999368,0.1694160064688466,0.2547245889502378,0.6868685795674827,0.0,0.0,0.0,0.0,0.0,0.0,0.0,0.0,0.0,0.0,0.0,0.0,0.0,0.0,0.0,0.0,0.0,0.0,0.0,0.0,0.0,0.0,0.0,0.0,0.0,0.0,0.0,0.0,0.0,0.0,0.0,0.0,0.0,0.0,0.0,0.0,0.0,0.0,0.0,0.0,0.0,0.0,0.0,0.0
0.249170509271216,0.2625498018378392,0.18657112433408637,0.10366603389148069,0.08574883651222423,0.14585557562880733,0.18618490155924414,0.00022550713981824062,0.0,0.0,0.17510758961562803,0.0,0.0,0.0,0.29711276894174604,0.09639075601842664,0.0,0.0,0.5469828000314421,0.4813167008476682,0.2178855921836697,0.06676372258026242,0.7425853661154939,1.0,0.7375073475756911,0.5546010422907369,0.07729699312059952,0.7344805410984916,0.0,0.49121118435189803,0.11982291377400736,0.0,0.0,0.0,0.0,0.0,0.0,0.0,0.0,0.0,0.0,0.25810958750939744,0.4850340706546397,0.4926953442749349,0.0,0.0,0.0,0.0,0.0,0.0,0.0,0.0,0.0,0.0,0.0,0.0,0.0,0.0,0.0,0.0,0.0,0.0,0.0,0.0,0.0,0.0,0.0,0.0,0.0,0.0,0.0,0.0,0.10290807826331778,0.0,0.0,0.0,0.0,0.0,0.0,0.0,0.0,0.0,0.0,0.0,0.0,0.0,0.0,0.0
0.0657045422296421,0.14582480495703887,0.10359331258625187,0.0,0.0,0.0,0.0,0.0,0.0,0.0,0.01994915889860457,0.0,0.0,0.0,0.20230755170562276,0.05775383712744947,0.0,0.0,0.47239706577579677,0.5489897627103629,0.3090538896554171,0.10367281302596934,0.5485855532984754,0.7375073475756911,1.0,0.745480638729069,0.06841185768648676,0.5430313912622953,0.0,0.3198763652277966,0.042723163695630034,0.0,0.0,0.0,0.0,0.0,0.0,0.0,0.0,0.0,0.1364672674688716,0.49146910499725394,0.6862547030153094,0.2561532264892334,0.0,0.0,0.0,0.0,0.0,0.0,0.0,0.0,0.0,0.0,0.0,0.0,0.0,0.0,0.0,0.0,0.0,0.0,0.0,0.0,0.0,0.0,0.0,0.0,0.0,0.0,0.19123361520471913,0.0,0.2907486982609066,0.0,0.0,0.023330806525299803,0.0,0.0,0.0,0.0,0.0,0.0,0.0,0.0,0.0,0.0,0.0,0.0
0.03194307726242094,0.15235270137211013,0.08563004110091986,0.0,0.0,0.0,0.0,0.0,0.0,0.0,0.06691376072087284,0.0,0.0,0.0,0.2973091265353733,0.21493867239362346,0.0,0.0,0.5435401367359646,0.7375418493712813,0.5428803726893431,0.3141945719200052,0.48344843328320836,0.5546010422907369,0.745480638729069,1.0,0.0943568556220507,0.3120616502690906,0.01754031880166951,0.0780496290530607,0.10797384570102597,0.0,0.0,0.0,0.0,0.0,0.0,0.0,0.0,0.03784252066052978,0.3900336311908573,0.6859233773300255,0.4894667650708489,0.17054132679428743,0.0,0.0,0.0,0.025186623214976913,0.0,0.0,0.0,0.0,0.0,0.0,0.0,0.0,0.0,0.0,0.0,0.0,0.0,0.0,0.0,0.0,0.0,0.0,0.0,0.0,0.0,0.0,0.11247045681655074,0.0,0.1590696215829534,0.0,0.0,0.0911007886660695,0.0,0.0,0.0,0.0,0.0,0.0,0.0,0.0,0.0,0.0,0.0,0.0
0.3056191997506424,0.5479788174107744,0.7344797821857872,0.5430306688846164,0.31206531727163006,0.21597045560579142,0.0808628213272601,0.0,0.0,0.0,0.01223192610605727,0.0,0.0,0.0,0.08019178216732382,0.0,0.0,0.0,0.15781931242539882,0.13225918404124767,0.020526077464213286,0.0,0.12118652490256729,0.07729699312059952,0.06841185768648676,0.0943568556220507,1.0,0.0,0.7567256493564185,0.0,0.3997678596247614,0.3893203299746155,0.03550135702038231,0.0,0.0,0.0,0.0,0.0,0.0,0.0,0.0,0.0,0.0,0.0,0.0,0.0,0.0,0.0,0.0,0.0,0.0,0.0,0.0,0.0,0.0,0.0,0.0,0.0,0.0,0.0,0.0,0.0,0.0,0.0,0.0,0.0,0.0,0.0,0.0,0.0,0.0,0.0,0.0,0.0,0.0,0.0,0.0,0.0,0.0,0.0,0.0,0.0,0.0,0.0,0.0,0.0,0.0,0.0
0.1579369372397791,0.12122574879221533,0.07736507528993183,0.068569414737571,0.09456436258235429,0.13244617924886215,0.080275522615716,0.0,0.0,0.020731452389752658,0.012258724770998083,0.0,0.0,0.0,0.08087113155822814,0.0,0.0,0.0,0.3056178429643129,0.21596395292318127,0.0,0.0,0.547975979263561,0.7344805410984916,0.5430313912622953,0.3120616502690906,0.0,1.0,0.0,0.7567290346165391,0.0,0.0,0.0,0.0,0.0,0.0,0.0,0.0,0.0,0.0,0.0,0.035496805247906014,0.38932216645341805,0.39975339926804715,0.0,0.0,0.0,0.0,0.0,0.0,0.0,0.0,0.0,0.0,0.0,0.0,0.0,0.0,0.0,0.0,0.0,0.0,0.0,0.0,0.0,0.0,0.0,0.0,0.0,0.0,0.0,0.0,0.0992458404795341,0.0,0.0,0.0,0.0,0.0,0.0,0.0,0.0,0.0,0.0,0.0,0.0,0.0,0.0,0.0
0.07162724561732585,0.3237652800584439,0.49120702526498833,0.31987271232269593,0.07805019240395075,0.0,0.0,0.0,0.0,0.0,0.0,0.0,0.0,0.0,0.0,0.0,0.0,0.0,0.006887504380987705,0.03605929822098088,0.0,0.0,0.0,0.0,0.0,0.01754031880166951,0.7567256493564185,0.0,1.0,0.0,0.2331439140497043,0.22325687408574857,0.0,0.0,0.0,0.0,0.0,0.0,0.0,0.0,0.0,0.0,0.0,0.0,0.0,0.0,0.0,0.0,0.0,0.0,0.0,0.0,0.0,0.0,0.0,0.0,0.0,0.0,0.0,0.0,0.0,0.0,0.0,0.0,0.0,0.0,0.0,0.0,0.0,0.0,0.0,0.0,0.0,0.0,0.0,0.0,0.0,0.0,0.0,0.0,0.0,0.0,0.0,0.0,0.0,0.0,0.0,0.0
0.007033557829296574,0.0,0.0,0.0,0.01781555775634263,0.036293938960944794,0.0,0.0,0.0,0.0,0.0,0.0,0.0,0.0,0.0,0.0,0.0,0.0,0.07162862063466995,0.0,0.0,0.0,0.3237651036937358,0.49121118435189803,0.3198763652277966,0.0780496290530607,0.0,0.7567290346165391,0.0,1.0,0.0,0.0,0.0,0.0,0.0,0.0,0.0,0.0,0.0,0.0,0.0,0.0,0.22326210669430085,0.23312951561360198,0.0,0.0,0.0,0.0,0.0,0.0,0.0,0.0,0.0,0.0,0.0,0.0,0.0,0.0,0.0,0.0,0.0,0.0,0.0,0.0,0.0,0.0,0.0,0.0,0.0,0.0,0.0,0.0,0.012878476428598972,0.0,0.0,0.0,0.0,0.0,0.0,0.0,0.0,0.0,0.0,0.0,0.0,0.0,0.0,0.0
0.48601244872779026,0.6868697897306797,0.49270360104995253,0.2561557420547136,0.1705432597292731,0.2543432075882544,0.3759334413241409,0.12429323049881666,0.0,0.031573005800938046,0.3754126909507741,0.15085918809559365,0.0,0.0,0.4246506498985596,0.27065272742358304,0.09337457900889973,0.03748213634020098,0.39817265020115133,0.2720700877920528,0.17521240070827962,0.16880388155741677,0.29023290937385127,0.11982291377400736,0.042723163695630034,0.10797384570102597,0.3997678596247614,0.0,0.2331439140497043,0.0,1.0,0.0,0.0,0.0,0.0,0.0,0.0,0.0,0.0,0.0,0.0,0.0,0.0,0.1670275908954042,0.0,0.0,0.0,0.0,0.0,0.0,0.0,0.0,0.0,0.0,0.0,0.0,0.0,0.0,0.0,0.0,0.0,0.0,0.0,0.0,0.0,0.0,0.0,0.0,0.0,0.0,0.0,0.0,0.0,0.0,0.0,0.0,0.0,0.0,0.0,0.0,0.0,0.0,0.0,0.0,0.0,0.0,0.0,0.0
0.15869878895865355,0.2547235150499975,0.4850327827531908,0.6862567719398333,0.48946935842320016,0.2529419684742723,0.0,0.0,0.0,0.03310879876865661,0.0,0.0,0.0,0.0,0.0,0.0,0.0,0.0,0.0,0.0,0.0,0.0,0.0,0.0,0.0,0.0,0.3893203299746155,0.0,0.22325687408574857,0.0,0.0,1.0,0.406695471552041,0.0,0.0,0.0,0.0,0.0,0.0,0.0,0.0,0.0,0.0,0.0,0.0,0.0,0.0,0.0,0.0,0.0,0.0,0.0,0.0,0.0,0.0,0.0,0.0,0.0,0.0,0.0,0.0,0.0,0.0,0.0,0.0,0.0,0.0,0.0,0.0,0.0,0.0,0.0,0.0,0.0,0.0,0.0,0.0,0.0,0.0,0.0,0.0,0.0,0.0,0.0,0.0,0.0,0.0,0.0
0.25014107914812084,0.16941737757969072,0.25811423918724324,0.49147296274856533,0.6859245214753867,0.48746203270360045,0.025469793020823184,0.0,0.14188393217509596,0.39210947104821753,0.0,0.0,0.0,0.0,0.0,0.0,0.0,0.0,0.0,0.0,0.0,0.0,0.0,0.0,0.0,0.0,0.03550135702038231,0.0,0.0,0.0,0.0,0.406695471552041,1.0,0.4191215368613944,0.0,0.0,0.0,0.0,0.0,0.0,0.0,0.0,0.0,0.0,0.0,0.0,0.0,0.0,0.0,0.0,0.0,0.0,0.0,0.0,0.0,0.0,0.0,0.0,0.0,0.0,0.0,0.0,0.0,0.0,0.0,0.0,0.0,0.0,0.0,0.0,0.0,0.0,0.0,0.0,0.0,0.0,0.0,0.0,0.0,0.0,0.0,0.0,0.0,0.0,0.0,0.0,0.0,0.0
0.24826885658377754,0.03585681962126628,0.0,0.1364762017380782,0.39004020225309827,0.4848282386052102,0.15642102198235075,0.25241001596660023,0.4919254130589002,0.6859446889700421,0.0,0.0,0.0,0.0356462598753343,0.0,0.0,0.0,0.0,0.0,0.0,0.0,0.0,0.0,0.0,0.0,0.0,0.0,0.0,0.0,0.0,0.0,0.0,0.4191215368613944,1.0,0.40868205238962363,0.0,0.0,0.0,0.0,0.0,0.0,0.0,0.0,0.0,0.0,0.0,0.0,0.0,0.0,0.0,0.0,0.0,0.0,0.0,0.0,0.0,0.0,0.0,0.0,0.0,0.0,0.0,0.0,0.0,0.0,0.0,0.0,0.0,0.0,0.0,0.0,0.0,0.0,0.0,0.0,0.0,0.0,0.0,0.0,0.0,0.0,0.0,0.0,0.0,0.0,0.0,0.0,0.0
0.1632496862333149,0.0,0.0,0.0,0.037850290340415586,0.2559143888482253,0.2499241957852201,0.48595377896686553,0.6858577889536513,0.49262175576227185,0.03131199471092519,0.0,0.1425320252998079,0.3942082056433712,0.0,0.0,0.0,0.0,0.0,0.0,0.0,0.0,0.0,0.0,0.0,0.0,0.0,0.0,0.0,0.0,0.0,0.0,0.0,0.40868205238962363,1.0,0.4256378321775815,0.0,0.0,0.0,0.0,0.0,0.0,0.0,0.0,0.0,0.0,0.0,0.0,0.0,0.0,0.0,0.0,0.0,0.0,0.0,0.0,0.0,0.0,0.0,0.0,0.0,0.0,0.0,0.0,0.0,0.0,0.0,0.0,0.0,0.0,0.0,0.0,0.0,0.0,0.0,0.0,0.0,0.0,0.0,0.0,0.0,0.0,0.0,0.0,0.0,0.0,0.0,0.0
0.03456256199687903,0.0,0.0,0.0,0.0,0.0,0.249824932797965,0.48571629510501363,0.3931590152763416,0.14237945996487636,0.16109641121258741,0.25465681276394964,0.4913780815925935,0.6859139551280291,0.0,0.0,0.0,0.0353449875459527,0.0,0.0,0.0,0.0,0.0,0.0,0.0,0.0,0.0,0.0,0.0,0.0,0.0,0.0,0.0,0.0,0.4256378321775815,1.0,0.40652494898198643,0.0,0.0,0.0,0.0,0.0,0.0,0.0,0.0,0.0,0.0,0.0,0.0,0.0,0.0,0.0,0.0,0.0,0.0,0.0,0.0,0.0,0.0,0.0,0.0,0.0,0.0,0.0,0.0,0.0,0.0,0.0,0.0,0.0,0.0,0.0,0.0,0.0,0.0,0.0,0.0,0.0,0.0,0.0,0.0,0.0,0.0,0.0,0.0,0.0,0.0,0.0
0.0,0.0,0.0,0.0,0.0,0.0,0.16284736094875815,0.25576705106057795,0.036575315924130894,0.0,0.24914165016731088,0.48622288800385727,0.6858864029288487,0.4914712289351914,0.035397089856535356,0.0,0.14154003085521252,0.39334471584743474,0.0,0.0,0.0,0.0,0.0,0.0,0.0,0.0,0.0,0.0,0.0,0.0,0.0,0.0,0.0,0.0,0.0,0.40652494898198643,1.0,0.42404079852194015,0.0,0.0,0.0,0.0,0.0,0.0,0.0,0.0,0.0,0.0,0.0,0.0,0.0,0.0,0.0,0.0,0.0,0.0,0.0,0.0,0.0,0.0,0.0,0.0,0.0,0.0,0.0,0.0,0.0,0.0,0.0,0.0,0.0,0.0,0.0,0.0,0.0,0.0,0.0,0.0,0.0,0.0,0.0,0.0,0.0,0.0,0.0,0.0,0.0,0.0
0.0,0.0,0.0,0.0,0.0,0.0,0.03538811193434745,0.0,0.0,0.0,0.24914144348346134,0.4862208202112431,0.393339456075656,0.14153372420745378,0.16284960173265156,0.2557737379897968,0.4914759070788301,0.6858907678015221,0.0,0.0,0.0,0.036579737952265996,0.0,0.0,0.0,0.0,0.0,0.0,0.0,0.0,0.0,0.0,0.0,0.0,0.0,0.0,0.42404079852194015,1.0,0.40653460129916513,0.0,0.0,0.0,0.0,0.0,0.0,0.0,0.0,0.0,0.0,0.0,0.0,0.0,0.0,0.0,0.0,0.0,0.0,0.0,0.0,0.0,0.0,0.0,0.0,0.0,0.0,0.0,0.0,0.0,0.0,0.0,0.0,0.0,0.0,0.0,0.0,0.0,0.0,0.0,0.0,0.0,0.0,0.0,0.0,0.0,0.0,0.0,0.0,0.0
0.0,0.0,0.0,0.0,0.0,0.0,0.0,0.0,0.0,0.0,0.16109536120890983,0.2546560963359141,0.035346232164725024,0.0,0.24982191935671794,0.4857168720311789,0.6859131810656249,0.49138002295456024,0.03456373432812099,0.0,0.14237481781683886,0.39315539792246895,0.0,0.0,0.0,0.0,0.0,0.0,0.0,0.0,0.0,0.0,0.0,0.0,0.0,0.0,0.0,0.40653460129916513,1.0,0.4256309429371376,0.0,0.0,0.0,0.0,0.0,0.0,0.0,0.0,0.0,0.0,0.0,0.0,0.0,0.0,0.0,0.0,0.0,0.0,0.0,0.0,0.0,0.0,0.0,0.0,0.0,0.0,0.0,0.0,0.0,0.0,0.0,0.0,0.0,0.0,0.0,0.0,0.0,0.0,0.0,0.0,0.0,0.0,0.0,0.0,0.0,0.0,0.0,0.0
0.0,0.0,0.0,0.0,0.0,0.0,0.0,0.0,0.0,0.0,0.03130803512026901,0.0,0.0,0.0,0.2499202725588263,0.48595183703757594,0.3942048504212417,0.14252913455477378,0.16324744930134075,0.25590988162782424,0.4926188519682846,0.685858040368867,0.0,0.0,0.0,0.03784252066052978,0.0,0.0,0.0,0.0,0.0,0.0,0.0,0.0,0.0,0.0,0.0,0.0,0.4256309429371376,1.0,0.40867418788330606,0.0,0.0,0.0,0.0,0.0,0.0,0.0,0.0,0.0,0.0,0.0,0.0,0.0,0.0,0.0,0.0,0.0,0.0,0.0,0.0,0.0,0.0,0.0,0.0,0.0,0.0,0.0,0.0,0.0,0.0,0.0,0.0,0.0,0.0,0.0,0.0,0.0,0.0,0.0,0.0,0.0,0.0,0.0,0.0,0.0,0.0,0.0
0.0,0.0,0.0,0.0,0.0,0.0,0.0,0.0,0.0,0.0,0.0,0.0,0.0,0.0,0.15642076297580745,0.2524063856109016,0.035642037303746106,0.0,0.2482685736298972,0.4848258419131013,0.6859447543412358,0.49192245600003554,0.03585045833999368,0.0,0.1364672674688716,0.3900336311908573,0.0,0.0,0.0,0.0,0.0,0.0,0.0,0.0,0.0,0.0,0.0,0.0,0.0,0.40867418788330606,1.0,0.41911273013762057,0.0,0.0,0.0,0.0,0.0,0.0,0.0,0.0,0.0,0.0,0.0,0.0,0.0,0.0,0.0,0.0,0.0,0.0,0.0,0.0,0.0,0.0,0.0,0.0,0.0,0.0,0.0,0.0,0.0,0.0,0.0,0.0,0.0,0.0,0.0,0.0,0.0,0.0,0.0,0.0,0.0,0.0,0.0,0.0,0.0,0.0
0.0,0.0,0.0,0.0,0.0,0.0,0.0,0.0,0.0,0.0,0.0,0.0,0.0,0.0,0.025473591684701452,0.0,0.0,0.0,0.2501434702135754,0.4874607473234165,0.39210363136813636,0.1418773992711756,0.1694160064688466,0.25810958750939744,0.49146910499725394,0.6859233773300255,0.0,0.035496805247906014,0.0,0.0,0.0,0.0,0.0,0.0,0.0,0.0,0.0,0.0,0.0,0.0,0.41911273013762057,1.0,0.4066905923445212,0.0,0.0,0.0,0.0,0.10252654351349452,0.0,0.0,0.0,0.0,0.0,0.0,0.0,0.0,0.0,0.0,0.0,0.0,0.0,0.0,0.0,0.0,0.0,0.0,0.0,0.0,0.0,0.0,0.12123353121207239,0.0,0.1212031479648698,0.0,0.0,0.19885426671584983,0.0,0.0,0.0,0.0,0.0,0.0,0.0,0.0,0.0,0.0,0.0,0.0
0.0,0.0,0.0,0.0,0.0,0.0,0.0,0.0,0.0,0.0,0.0,0.0,0.0,0.0,0.0,0.0,0.0,0.0,0.15870133984911486,0.252938361747745,0.03309956027252456,0.0,0.2547245889502378,0.4850340706546397,0.6862547030153094,0.4894667650708489,0.0,0.38932216645341805,0.0,0.22326210669430085,0.0,0.0,0.0,0.0,0.0,0.0,0.0,0.0,0.0,0.0,0.0,0.4066905923445212,1.0,0.0,0.0,0.0,0.05461643021506995,0.0,0.0,0.0,0.0,0.0,0.0,0.0,0.0,0.0,0.0,0.0,0.0,0.0,0.0,0.0,0.0,0.0,0.0,0.0,0.0,0.0,0.0,0.0,0.3365992318593873,0.0,0.4841978240671193,0.0,0.0,0.0067360154168269425,0.0,0.0,0.0,0.0,0.0,0.0,0.0,0.0,0.0,0.0,0.0,0.0
0.3983227643290908,0.29030234030367325,0.11990494790110177,0.042851252214200844,0.10813814037438874,0.2722474061660301,0.42477190787266017,0.2707885903103631,0.16896600321205105,0.1753918377857862,0.37546076003289797,0.1509006725284493,0.03754703516354565,0.09347035792102,0.3759559447147707,0.12430353282936664,0.0,0.0,0.48601825269666826,0.2543437534019127,0.03157102617025842,0.0,0.6868685795674827,0.4926953442749349,0.2561532264892334,0.17054132679428743,0.0,0.39975339926804715,0.0,0.23312951561360198,0.1670275908954042,0.0,0.0,0.0,0.0,0.0,0.0,0.0,0.0,0.0,0.0,0.0,0.0,1.0,0.0,0.0,0.0,0.0,0.0,0.0,0.0,0.0,0.0,0.0,0.0,0.0,0.0,0.0,0.0,0.0,0.0,0.0,0.0,0.0,0.0,0.0,0.0,0.0,0.0,0.0,0.0,0.0,0.0,0.0,0.0,0.0,0.0,0.0,0.0,0.0,0.0,0.0,0.0,0.0,0.0,0.0,0.0,0.0
0.0,0.0,0.0,0.0,0.0,0.0,0.0,0.0,0.0,0.0,0.0,0.0,0.0,0.0,0.0,0.0,0.0,0.0,0.0,0.0,0.0,0.0,0.0,0.0,0.0,0.0,0.0,0.0,0.0,0.0,0.0,0.0,0.0,0.0,0.0,0.0,0.0,0.0,0.0,0.0,0.0,0.0,0.0,0.0,1.0,0.7383184628530829,0.5469838258391837,0.47239239641266695,0.5435364754897349,0.7350208819764359,0.7298223895770894,0.5455546738862727,0.4771886495441203,0.5420730830952482,0.5221581396725046,0.2988495577301309,0.21486475036377944,0.30489328587432,0.4077745854598698,0.17137991325182592,0.03826508818986673,0.08379182138008236,0.38385582012219677,0.16158348589880903,0.0,0.0,0.43159462391022024,0.24917050927121584,0.06570454222964242,0.031943077262421106,0.30561919975064245,0.15793693723977945,0.07162724561732585,0.007033557829296903,0.48601244872779026,0.1586987889586537,0.25014107914812117,0.24826885658377762,0.16324968623331473,0.0345625619968787,0.0,0.0,0.0,0.0,0.0,0.0,0.0,0.39832276432909086
0.0,0.0,0.0,0.0,0.0,0.0,0.0,0.0,0.0,0.0,0.0,0.0,0.0,0.0,0.0,0.0,0.0,0.0,0.0,0.0,0.0,0.0,0.0,0.0,0.0,0.0,0.0,0.0,0.0,0.0,0.0,0.0,0.0,0.0,0.0,0.0,0.0,0.0,0.0,0.0,0.0,0.0,0.0,0.0,0.7383184628530829,1.0,0.7425869921029589,0.5485824218298145,0.48344854953492583,0.5500789317573649,0.5328122289327625,0.3053646422178724,0.2189460656680894,0.3080510262149719,0.43175155884818495,0.193561238309105,0.0502703680892904,0.08936891226619283,0.4207037844069952,0.22138726829718558,0.05099839199244447,0.03276725994200944,0.4315141117949011,0.27447109341639,0.13007846729941314,0.1033445006564958,0.41282339410586005,0.2625498018378393,0.1458248049570392,0.1523527013721103,0.5479788174107744,0.1212257487922155,0.3237652800584438,0.0,0.6868697897306797,0.2547235150499975,0.1694173775796909,0.03585681962126628,0.0,0.0,0.0,0.0,0.0,0.0,0.0,0.0,0.0,0.29030234030367336
0.0,0.0,0.0,0.0,0.0,0.0,0.0,0.0,0.0,0.0,0.0,0.0,0.0,0.0,0.0,0.0,0.0,0.0,0.0,0.0,0.0,0.0,0.0,0.0,0.0,0.0,0.0,0.0,0.0,0.0,0.0,0.0,0.0,0.0,0.0,0.0,0.0,0.0,0.0,0.0,0.0,0.0,0.05461643021506995,0.0,0.5469838258391837,0.7425869921029589,1.0,0.7375058545674759,0.5546049527740781,0.48132350058307677,0.2971049869421091,0.09639406583198633,0.06677522876649536,0.21789761793926976,0.1750851815014487,0.0,0.0,0.0,0.1861224590141382,0.0001297925308008919,0.0,0.0,0.24909574677434415,0.14573689221168232,0.0,0.0,0.2625619339229557,0.18657112433408637,0.10359331258625204,0.08563004110091986,0.7344797821857871,0.077365075289932,0.49120702526498816,0.0,0.4927036010499526,0.48503278275319067,0.2581142391872434,0.0,0.0,0.0,0.0,0.0,0.0,0.0,0.0,0.0,0.0,0.11990494790110194
0.0,0.0,0.0,0.0,0.0,0.0,0.0,0.0,0.0,0.0,0.0,0.0,0.0,0.0,0.0,0.0,0.0,0.0,0.0,0.0,0.0,0.0,0.0,0.0,0.0,0.025186623214976913,0.0,0.0,0.0,0.0,0.0,0.0,0.0,0.0,0.0,0.0,0.0,0.0,0.0,0.0,0.0,0.10252654351349452,0.0,0.0,0.47239239641266695,0.5485824218298145,0.7375058545674759,1.0,0.7454827065185861,0.5489920171273205,0.2022973432052689,0.05775284906714446,0.10367928220552715,0.3090616715360911,0.019929897755009602,0.0,0.0,0.0,0.0,0.0,0.0,0.0,0.06567351292287825,0.0,0.0,0.0,0.14588955865287814,0.10366603389148069,0.0,0.0,0.5430306688846164,0.06856941473757083,0.3198727123226959,0.0,0.2561557420547136,0.686256771939833,0.49147296274856556,0.1364762017380782,0.0,0.0,0.0,0.0,0.0,0.0,0.0,0.0,0.0,0.04285125221420101
0.0,0.0,0.0,0.0,0.0,0.0,0.0,0.0,0.0,0.0,0.0,0.0,0.0,0.0,0.0,0.0,0.0,0.0,0.0,0.0,0.0,0.0,0.0,0.0,0.0,0.0,0.0,0.0,0.0,0.0,0.0,0.0,0.0,0.0,0.0,0.0,0.0,0.0,0.0,0.0,0.0,0.0,0.0,0.0,0.5435364754897349,0.48344854953492583,0.5546049527740781,0.7454827065185861,1.0,0.7375429413357387,0.297302708930359,0.2149396785995266,0.3142005422019613,0.5428866291909326,0.06690262722484092,0.0,0.0,0.0,0.0,0.0,0.0,0.0,0.03194639594992747,0.0,0.0,0.0,0.15245376569272448,0.08574883651222423,0.0,0.0,0.31206531727163017,0.09456436258235446,0.07805019240395075,0.01781555775634263,0.170543259729273,0.4894693584232003,0.685924521475387,0.390040202253098,0.03785029034041543,0.0,0.0,0.0,0.0,0.0,0.0,0.0,0.0,0.10813814037438874
0.0,0.0,0.0,0.0,0.0,0.0,0.0,0.0,0.0,0.0,0.0,0.0,0.0,0.0,0.0,0.0,0.0,0.0,0.0,0.0,0.0,0.0,0.0,0.0,0.0,0.0,0.0,0.0,0.0,0.0,0.0,0.0,0.0,0.0,0.0,0.0,0.0,0.0,0.0,0.0,0.0,0.0,0.0,0.0,0.7350208819764359,0.5500789317573649,0.48132350058307677,0.5489920171273205,0.7375429413357387,1.0,0.5375601457785091,0.4766010564144845,0.5524527018953087,0.735488198304667,0.28585863676066564,0.08633717220069159,0.06058051589663565,0.21506135203339644,0.15347292160455883,0.0,0.0,0.0,0.16160055831703926,0.0,0.0,0.0,0.27457919450648033,0.14585557562880733,0.0,0.0,0.21597045560579142,0.13244617924886246,0.0,0.036293938960944794,0.2543432075882544,0.2529419684742723,0.48746203270360067,0.4848282386052102,0.25591438884822515,0.0,0.0,0.0,0.0,0.0,0.0,0.0,0.0,0.2722474061660302
0.0,0.0,0.0,0.0,0.0,0.0,0.0,0.0,0.0,0.0,0.0,0.0,0.0,0.0,0.0,0.0,0.0,0.0,0.0,0.0,0.0,0.0,0.0,0.0,0.0,0.0,0.0,0.0,0.0,0.0,0.0,0.0,0.0,0.0,0.0,0.0,0.0,0.0,0.0,0.0,0.0,0.0,0.0,0.0,0.7298223895770894,0.5328122289327625,0.2971049869421091,0.2022973432052689,0.297302708930359,0.5375601457785091,1.0,0.736856712505534,0.5418883780288015,0.4701934471037207,0.7308236998389691,0.545176240159217,0.4764164364938818,0.5430574893943879,0.5198430967073417,0.29350084577880725,0.21182270066874906,0.30479386985194196,0.4077922603774983,0.15348125641094088,0.0173267113827901,0.07139415278174752,0.4207719964328745,0.18618490155924414,0.0,0.0,0.08086282132726025,0.08027552261571631,0.0,0.0,0.3759334413241411,0.0,0.02546979302082335,0.15642102198235075,0.24992419578522002,0.24982493279796483,0.16284736094875824,0.03538811193434761,0.0,0.0,0.0,0.0,0.0,0.42477190787266006
0.0,0.0,0.0,0.0,0.0,0.0,0.0,0.0,0.0,0.0,0.0,0.0,0.0,0.0,0.0,0.0,0.0,0.0,0.0,0.0,0.0,0.0,0.0,0.0,0.0,0.0,0.0,0.0,0.0,0.0,0.0,0.0,0.0,0.0,0.0,0.0,0.0,0.0,0.0,0.0,0.0,0.0,0.0,0.0,0.5455546738862727,0.3053646422178724,0.09639406583198633,0.05775284906714446,0.2149396785995266,0.4766010564144845,0.736856712505534,1.0,0.7348705555104785,0.5487922268360013,0.5433930993144437,0.47900099382952355,0.5523377857477759,0.7361463662129052,0.2935138826150355,0.08717370904069083,0.05936664062815155,0.2159645396269197,0.17141885909484805,0.0,0.0,0.0,0.2214774174758962,0.00022550713981791165,0.0,0.0,0.0,0.0,0.0,0.0,0.12429323049881649,0.0,0.0,0.2524100159666004,0.48595377896686565,0.48571629510501363,0.2557670510605781,0.0,0.0,0.0,0.0,0.0,0.0,0.2707885903103629
0.0,0.0,0.0,0.0,0.0,0.0,0.0,0.0,0.0,0.0,0.0,0.0,0.0,0.0,0.0,0.0,0.0,0.0,0.0,0.0,0.0,0.0,0.0,0.0,0.0,0.0,0.0,0.0,0.0,0.0,0.0,0.0,0.0,0.0,0.0,0.0,0.0,0.0,0.0,0.0,0.0,0.0,0.0,0.0,0.4771886495441203,0.2189460656680894,0.06677522876649536,0.10367928220552715,0.3142005422019613,0.5524527018953087,0.5418883780288015,0.7348705555104785,1.0,0.7479073638599169,0.2998801082625829,0.2139599950759192,0.31242609293331736,0.5431623798332469,0.07141023111233197,0.0,0.0,0.0,0.0,0.0,0.0,0.0,0.10345664548345586,0.0,0.0,0.0,0.0,0.0,0.0,0.0,0.0,0.0,0.14188393217509596,0.49192541305890014,0.6858577889536512,0.3931590152763417,0.03657531592413122,0.0,0.0,0.0,0.0,0.0,0.0,0.16896600321205105
0.0,0.0,0.0,0.0,0.0,0.0,0.0,0.0,0.0,0.0,0.0,0.0,0.0,0.0,0.0,0.0,0.0,0.0,0.0,0.0,0.0,0.0,0.0,0.0,0.0,0.0,0.0,0.0,0.0,0.0,0.0,0.0,0.0,0.0,0.0,0.0,0.0,0.0,0.0,0.0,0.0,0.0,0.0,0.0,0.5420730830952482,0.3080510262149719,0.21789761793926976,0.3090616715360911,0.5428866291909326,0.735488198304667,0.4701934471037207,0.5487922268360013,0.7479073638599169,1.0,0.20244396602523212,0.05571535589121399,0.10310812678583185,0.3114679400979977,0.017335295316404386,0.0,0.0,0.0,0.0,0.0,0.0,0.0,0.13019879055509626,0.0,0.0,0.0,0.0,0.020731452389752825,0.0,0.0,0.031573005800938046,0.03310879876865661,0.39210947104821753,0.6859446889700422,0.49262175576227174,0.14237945996487636,0.0,0.0,0.0,0.0,0.0,0.0,0.0,0.1753918377857862
0.0,0.0,0.0,0.0,0.0,0.0,0.0,0.0,0.0,0.0,0.0,0.0,0.0,0.0,0.0,0.0,0.0,0.0,0.0,0.0,0.0,0.0,0.0,0.0,0.0,0.0,0.0,0.0,0.0,0.0,0.0,0.0,0.0,0.0,0.0,0.0,0.0,0.0,0.0,0.0,0.0,0.0,0.0,0.0,0.5221581396725046,0.43175155884818495,0.1750851815014487,0.019929897755009602,0.06690262722484092,0.28585863676066564,0.7308236998389691,0.5433930993144437,0.2998801082625829,0.20244396602523212,1.0,0.7354299336811227,0.5421396188886922,0.4746480785135228,0.7308259453353098,0.5433919323812,0.47464829741585596,0.542137128989963,0.522167678475294,0.2858662082262492,0.2024444223583338,0.2998773411850772,0.431777795215959,0.1751075896156277,0.019949158898604408,0.06691376072087284,0.01223192610605727,0.012258724770998083,0.0,0.0,0.3754126909507741,0.0,0.0,0.0,0.03131199471092502,0.16109641121258733,0.24914165016731113,0.24914144348346176,0.1610953612089099,0.031308035120269175,0.0,0.0,0.0,0.37546076003289774
0.0,0.0,0.0,0.0,0.0,0.0,0.0,0.0,0.0,0.0,0.0,0.0,0.0,0.0,0.0,0.0,0.0,0.0,0.0,0.0,0.0,0.0,0.0,0.0,0.0,0.0,0.0,0.0,0.0,0.0,0.0,0.0,0.0,0.0,0.0,0.0,0.0,0.0,0.0,0.0,0.0,0.0,0.0,0.0,0.2988495577301309,0.193561238309105,0.0,0.0,0.0,0.08633717220069159,0.545176240159217,0.47900099382952355,0.2139599950759192,0.05571535589121399,0.7354299336811227,1.0,0.7361590473453705,0.5512952149160092,0.545178633959559,0.479002197434757,0.5512948210168932,0.7361563492716494,0.2988623763797167,0.08634847173797111,0.055718165138165104,0.21395884696398612,0.19358594071193475,0.0,0.0,0.0,0.0,0.0,0.0,0.0,0.15085918809559395,0.0,0.0,0.0,0.0,0.25465681276394947,0.4862228880038572,0.4862208202112431,0.25465609633591413,0.0,0.0,0.0,0.0,0.15090067252844938
