1.0,0.7383184628530829,0.5469838258391837,0.47239239641266667,0.543536475489735,0.7350208819764359,0.7298223895770894,0.5455546738862729,0.47718864954412044,0.5420730830952482,0.5221581396725047,0.2988495577301307,0.21486475036377944,0.30489328587432013,0.4077745854598698,0.17137991325182605,0.038265088189867055,0.08379182138008202,0.38385582012219677,0.16158348589880903,0.0,0.0,0.43159462391022024,0.249170509271216,0.06570454222964242,0.031943077262421106,0.30561919975064245,0.15793693723977928,0.07162724561732585,0.007033557829296903,0.48601244872779026,0.15869878895865364,0.250141079148121,0.24826885658377754,0.16324968623331482,0.03456256199687903,0.0,0.0,0.0,0.0,0.0,0.0,0.0,0.39832276432909086,0.0,0.0,0.0,0.0,0.0,0.0,0.0,0.0,0.0,0.0,0.0,0.0,0.04773008229758001,0.0,0.0,0.0,0.0,0.0,0.0,0.0,0.0,0.0,0.0,0.0,0.0,0.0,0.0,0.0,0.0,0.0,0.0,0.0,0.0,0.0,0.0,0.0,0.12812093791063348,0.009111930723357973,0.0,0.0,0.0,0.0,0.0,0.0
0.7383184628530829,1.0,0.7425869921029589,0.5485824218298144,0.48344854953492594,0.5500789317573649,0.5328122289327624,0.3053646422178725,0.2189460656680894,0.3080510262149719,0.43175155884818495,0.19356123830910466,0.0502703680892904,0.08936891226619283,0.42070378440699513,0.22138726829718575,0.05099839199244463,0.032767259942009117,0.4315141117949011,0.27447109341639,0.13007846729941314,0.1033445006564958,0.41282339410586005,0.2625498018378393,0.1458248049570392,0.15235270137211013,0.5479788174107744,0.12122574879221533,0.3237652800584438,0.0,0.6868697897306797,0.2547235150499975,0.1694173775796909,0.03585681962126628,0.0,0.0,0.0,0.0,0.0,0.0,0.0,0.0,0.0,0.29030234030367336,0.0,0.0,0.0,0.0,0.0,0.0,0.0,0.0,0.0,0.0,0.0,0.011849664708504936,0.11317298825332006,0.0,0.0,0.0,0.0,0.1028083805717282,0.0,0.0,0.0,0.0,0.0,0.0,0.0,0.0,0.0,0.0,0.0,0.0,0.0,0.0,0.0,0.0,0.0,0.0,0.1769348777922118,0.17312485737332803,0.0,0.0,0.0,0.0,0.0,0.0
0.5469838258391837,0.7425869921029589,1.0,0.7375058545674759,0.5546049527740781,0.4813235005830766,0.29710498694210896,0.09639406583198633,0.06677522876649536,0.21789761793926976,0.1750851815014487,0.0,0.0,0.0,0.18612245901413804,0.0001297925308008919,0.0,0.0,0.24909574677434415,0.14573689221168232,0.0,0.0,0.26256193392295557,0.18657112433408637,0.10359331258625204,0.08563004110091986,0.7344797821857872,0.077365075289932,0.49120702526498816,0.0,0.4927036010499526,0.4850327827531908,0.2581142391872434,0.0,0.0,0.0,0.0,0.0,0.0,0.0,0.0,0.0,0.0,0.11990494790110194,0.0,0.0,0.0,0.0,0.0,0.0,0.0,0.0,0.0,0.0,0.0,0.18159615666667944,0.2709568625216194,0.09554429759905321,0.0,0.0,0.051812591428831475,0.24569892778757815,0.0,0.0,0.0,0.0,0.0,0.0,0.0,0.0,0.0,0.0,0.0,0.0,0.0,0.0,0.0,0.0,0.0,0.0,0.2998393923329546,0.2838706377413128,0.0,0.0,0.0,0.0,0.0,0.0
0.47239239641266667,0.5485824218298144,0.7375058545674759,1.0,0.7454827065185861,0.5489920171273202,0.20229734320526874,0.05775284906714446,0.10367928220552715,0.30906167153609093,0.019929897755009602,0.0,0.0,0.0,0.0,0.0,0.0,0.0,0.06567351292287825,0.0,0.0,0.0,0.14588955865287798,0.10366603389148069,0.0,0.0,0.5430306688846164,0.06856941473757083,0.3198727123226959,0.0,0.2561557420547136,0.6862567719398333,0.49147296274856556,0.1364762017380782,0.0,0.0,0.0,0.0,0.0,0.0,0.0,0.0,0.0,0.042851252214200844,0.0,0.0,0.0,0.0,0.0,0.0,0.0,0.06471630271809863,0.0,0.0,0.011510661744903573,0.2297100379833752,0.38253975218022795,0.26838710141334937,0.0,0.0,0.0,0.20578714014457108,0.0,0.0,0.0,0.0,0.0,0.0,0.0,0.0,0.0,0.0,0.0,0.0,0.0,0.0,0.0,0.0,0.0,0.1571899483778108,0.39074984181575845,0.20029430202118645,0.0,0.0,0.0,0.0,0.0,0.0
0.543536475489735,0.48344854953492594,0.5546049527740781,0.7454827065185861,1.0,0.7375429413357387,0.29730270893035904,0.21493967859952692,0.3142005422019615,0.5428866291909326,0.06690262722484107,0.0,0.0,0.0,0.0,0.0,0.0,0.0,0.03194639594992747,0.0,0.0,0.0,0.15245376569272448,0.08574883651222423,0.0,0.0,0.31206531727163017,0.09456436258235429,0.07805019240395075,0.01781555775634263,0.1705432597292731,0.48946935842320016,0.685924521475387,0.39004020225309816,0.03785029034041543,0.0,0.0,0.0,0.0,0.0,0.0,0.0,0.0,0.10813814037438874,0.0,0.0,0.0,0.0,0.0,0.0,0.0,0.0,0.0,0.0,0.0,0.08417325482229732,0.29221434860260154,0.22910478495116782,0.0,0.0,0.0,0.03106093499698185,0.0,0.0,0.0,0.0,0.0,0.0,0.0,0.0,0.0,0.0,0.0,0.0,0.0,0.0,0.0,0.0,0.0,0.184494467694967,0.3226422522953141,0.0317230471623979,0.0,0.0,0.0,0.0,0.0,0.0
0.7350208819764359,0.5500789317573649,0.4813235005830766,0.5489920171273202,0.7375429413357387,1.0,0.5375601457785092,0.4766010564144848,0.5524527018953089,0.7354881983046672,0.2858586367606658,0.08633717220069159,0.06058051589663565,0.21506135203339674,0.15347292160455883,0.0,0.0,0.0,0.16160055831703926,0.0,0.0,0.0,0.27457919450648033,0.14585557562880733,0.0,0.0,0.21597045560579142,0.13244617924886232,0.0,0.036293938960944794,0.2543432075882544,0.25294196847427225,0.48746203270360056,0.4848282386052102,0.2559143888482253,0.0,0.0,0.0,0.0,0.0,0.0,0.0,0.0,0.2722474061660302,0.0,0.0,0.0,0.0,0.0,0.0,0.0,0.0,0.0,0.0,0.0,0.0,0.12235290500426195,0.03539669404373142,0.0,0.0,0.0,0.0,0.0,0.0,0.0,0.0,0.0,0.0,0.0,0.0,0.0,0.0,0.0,0.0,0.0,0.0,0.0,0.0,0.0,0.0011665924644212434,0.18748180536312148,0.0,0.0,0.0,0.0,0.0,0.0,0.0
0.7298223895770894,0.5328122289327624,0.29710498694210896,0.20229734320526874,0.29730270893035904,0.5375601457785092,1.0,0.7368567125055342,0.5418883780288015,0.4701934471037207,0.7308236998389691,0.5451762401592168,0.4764164364938818,0.543057489394388,0.5198430967073417,0.29350084577880736,0.2118227006687492,0.30479386985194173,0.4077922603774983,0.15348125641094088,0.0173267113827901,0.07139415278174752,0.4207719964328745,0.1861849015592443,0.0,0.0,0.08086282132726025,0.08027552261571615,0.0,0.0,0.37593344132414097,0.0,0.02546979302082335,0.15642102198235067,0.24992419578522002,0.24982493279796508,0.16284736094875824,0.03538811193434761,0.0,0.0,0.0,0.0,0.0,0.42477190787266006,0.0,0.0,0.0,0.0,0.0,0.0,0.0,0.0,0.0,0.0,0.0,0.0,0.0,0.0,0.0,0.0,0.0,0.0,0.0,0.0,0.0,0.0,0.0,0.0,0.0,0.0,0.0,0.0,0.0,0.0,0.0,0.0,0.0,0.0,0.0,0.0,0.0,0.0,0.0,0.0,0.0,0.0,0.0,0.0
0.5455546738862729,0.3053646422178725,0.09639406583198633,0.05775284906714446,0.21493967859952692,0.4766010564144848,0.7368567125055342,1.0,0.7348705555104785,0.5487922268360015,0.5433930993144437,0.4790009938295234,0.5523377857477757,0.7361463662129052,0.2935138826150356,0.08717370904069083,0.05936664062815155,0.2159645396269197,0.17141885909484822,0.0,0.0,0.0,0.2214774174758962,0.00022550713981807612,0.0,0.0,0.0,0.0,0.0,0.0,0.12429323049881649,0.0,0.0,0.25241001596660034,0.48595377896686565,0.4857162951050138,0.25576705106057795,0.0,0.0,0.0,0.0,0.0,0.0,0.27078859031036295,0.0,0.0,0.0,0.0,0.0,0.0,0.0,0.0,0.0,0.0,0.0,0.0,0.0,0.0,0.0,0.0,0.0,0.0,0.0,0.0,0.0,0.0,0.0,0.0,0.0,0.0,0.0,0.0,0.0,0.0,0.0,0.0,0.0,0.0,0.0,0.0,0.0,0.0,0.0,0.0,0.0,0.0,0.0,0.0
0.47718864954412044,0.2189460656680894,0.06677522876649536,0.10367928220552715,0.3142005422019615,0.5524527018953089,0.5418883780288015,0.7348705555104785,1.0,0.7479073638599171,0.2998801082625829,0.21395999507591903,0.31242609293331713,0.5431623798332469,0.07141023111233197,0.0,0.0,0.0,0.0,0.0,0.0,0.0,0.10345664548345586,0.0,0.0,0.0,0.0,0.0,0.0,0.0,0.0,0.0,0.14188393217509596,0.49192541305890003,0.6858577889536512,0.39315901527634184,0.03657531592413106,0.0,0.0,0.0,0.0,0.0,0.0,0.16896600321205113,0.0,0.0,0.0,0.0,0.0,0.0,0.0,0.0,0.0,0.0,0.0,0.0,0.0,0.0,0.0,0.0,0.0,0.0,0.0,0.0,0.0,0.0,0.0,0.0,0.0,0.0,0.0,0.0,0.0,0.0,0.0,0.0,0.0,0.0,0.0,0.0,0.0,0.0,0.0,0.0,0.0,0.0,0.0,0.0
0.5420730830952482,0.3080510262149719,0.21789761793926976,0.30906167153609093,0.5428866291909326,0.7354881983046672,0.4701934471037207,0.5487922268360015,0.7479073638599171,1.0,0.20244396602523212,0.055715355891213826,0.10310812678583185,0.3114679400979979,0.017335295316404386,0.0,0.0,0.0,0.0,0.0,0.0,0.0,0.13019879055509626,0.0,0.0,0.0,0.0,0.020731452389752825,0.0,0.0,0.031573005800938046,0.033108798768656446,0.39210947104821736,0.6859446889700421,0.4926217557622719,0.14237945996487653,0.0,0.0,0.0,0.0,0.0,0.0,0.0,0.1753918377857862,0.0,0.0,0.0,0.0,0.0,0.0,0.0,0.0,0.0,0.0,0.0,0.0,0.0,0.0,0.0,0.0,0.0,0.0,0.0,0.0,0.0,0.0,0.0,0.0,0.0,0.0,0.0,0.0,0.0,0.0,0.0,0.0,0.0,0.0,0.0,0.0,0.0,0.0,0.0,0.0,0.0,0.0,0.0,0.0
0.5221581396725047,0.43175155884818495,0.1750851815014487,0.019929897755009602,0.06690262722484107,0.2858586367606658,0.7308236998389691,0.5433930993144437,0.2998801082625829,0.20244396602523212,1.0,0.7354299336811224,0.542139618888692,0.4746480785135228,0.7308259453353099,0.5433919323812,0.4746482974158561,0.5421371289899626,0.5221676784752941,0.2858662082262492,0.2024444223583338,0.2998773411850773,0.4317777952159591,0.17510758961562803,0.01994915889860457,0.06691376072087284,0.01223192610605727,0.012258724770998083,0.0,0.0,0.3754126909507741,0.0,0.0,0.0,0.03131199471092502,0.16109641121258741,0.24914165016731096,0.2491414434834616,0.16109536120891,0.031308035120269175,0.0,0.0,0.0,0.3754607600328979,0.0,0.0,0.0,0.0,0.0,0.0,0.0,0.0,0.0,0.0,0.0,0.0,0.0,0.0,0.0,0.0,0.0,0.0,0.0,0.0,0.0,0.0,0.0,0.0,0.0,0.0,0.0,0.0,0.0,0.0,0.0,0.0,0.0,0.0,0.0,0.0,0.0,0.0,0.0,0.0,0.0,0.0,0.0,0.0
0.2988495577301307,0.19356123830910466,0.0,0.0,0.0,0.08633717220069159,0.5451762401592168,0.4790009938295234,0.21395999507591903,0.055715355891213826,0.7354299336811224,1.0,0.7361590473453707,0.5512952149160092,0.5451786339595589,0.4790021974347569,0.5512948210168932,0.7361563492716493,0.2988623763797165,0.08634847173797078,0.05571816513816478,0.21395884696398595,0.19358594071193458,0.0,0.0,0.0,0.0,0.0,0.0,0.0,0.15085918809559365,0.0,0.0,0.0,0.0,0.2546568127639496,0.4862228880038574,0.48622082021124324,0.25465609633591424,0.0,0.0,0.0,0.0,0.15090067252844921,0.0,0.0,0.0,0.0,0.0,0.0,0.0,0.0,0.0,0.0,0.0,0.0,0.0,0.0,0.0,0.0,0.0,0.0,0.0,0.0,0.0,0.0,0.0,0.0,0.0,0.0,0.0,0.0,0.0,0.0,0.0,0.0,0.0,0.0,0.0,0.0,0.0,0.0,0.0,0.0,0.0,0.0,0.0,0.0
0.21486475036377944,0.0502703680892904,0.0,0.0,0.0,0.06058051589663565,0.4764164364938818,0.5523377857477757,0.31242609293331713,0.10310812678583185,0.542139618888692,0.7361590473453707,1.0,0.7473476172818163,0.3048041382311692,0.2159715785720584,0.31195920247314884,0.5434981152963361,0.08381878434708122,0.0,0.0,0.0,0.03281369288487788,0.0,0.0,0.0,0.0,0.0,0.0,0.0,0.0,0.0,0.0,0.0,0.14253202529980807,0.4913780815925935,0.6858864029288487,0.393339456075656,0.03534623216472486,0.0,0.0,0.0,0.0,0.03754703516354565,0.0,0.0,0.0,0.0,0.0,0.0,0.0,0.0,0.0,0.0,0.0,0.0,0.0,0.0,0.0,0.0,0.0,0.0,0.0,0.0,0.0,0.0,0.0,0.0,0.0,0.0,0.0,0.0,0.0,0.0,0.0,0.0,0.0,0.0,0.0,0.0,0.0,0.0,0.0,0.0,0.0,0.0,0.0,0.0
0.30489328587432013,0.08936891226619283,0.0,0.0,0.0,0.21506135203339674,0.543057489394388,0.7361463662129052,0.5431623798332469,0.3114679400979979,0.4746480785135228,0.5512952149160092,0.7473476172818163,1.0,0.21183528101438753,0.059372499643170214,0.10276298161225578,0.31195709999116183,0.03830063388253157,0.0,0.0,0.0,0.051067489562331855,0.0,0.0,0.0,0.0,0.0,0.0,0.0,0.0,0.0,0.0,0.03564625987533413,0.3942082056433712,0.6859139551280293,0.49147122893519146,0.14153372420745378,0.0,0.0,0.0,0.0,0.0,0.09347035792101983,0.0,0.0,0.0,0.0,0.0,0.0,0.0,0.0,0.0,0.0,0.0,0.0,0.0,0.0,0.0,0.0,0.0,0.0,0.0,0.0,0.0,0.0,0.0,0.0,0.0,0.0,0.0,0.0,0.0,0.0,0.0,0.0,0.0,0.0,0.0,0.0,0.0,0.0,0.0,0.0,0.0,0.0,0.0,0.0
0.4077745854598698,0.42070378440699513,0.18612245901413804,0.0,0.0,0.15347292160455883,0.5198430967073417,0.2935138826150356,0.07141023111233197,0.017335295316404386,0.7308259453353099,0.5451786339595589,0.3048041382311692,0.21183528101438753,1.0,0.7368530475916603,0.5430561822882456,0.47641394624719924,0.7298281197440496,0.537565149791439,0.470193209595701,0.5418847306229737,0.5328232718880691,0.2971127689417461,0.20230755170562292,0.2973091265353733,0.08019178216732382,0.08087113155822814,0.0,0.0,0.42465064989855955,0.0,0.0,0.0,0.0,0.0,0.035397089856535516,0.16284960173265173,0.24982191935671794,0.2499202725588263,0.15642076297580737,0.025473591684701452,0.0,0.37595594471477056,0.0,0.0,0.0,0.0,0.0,0.0,0.0,0.0,0.0,0.0,0.0,0.0,0.0,0.0,0.0,0.0,0.0,0.0,0.0,0.0,0.0,0.0,0.0,0.0,0.0,0.0,0.0,0.0,0.0,0.0,0.0,0.0,0.0,0.0,0.0,0.0,0.0,0.0,0.0,0.0,0.0,0.0,0.0,0.0
0.17137991325182605,0.22138726829718575,0.0001297925308008919,0.0,0.0,0.0,0.29350084577880736,0.08717370904069083,0.0,0.0,0.5433919323812,0.4790021974347569,0.2159715785720584,0.059372499643170214,0.7368530475916603,1.0,0.7361486604688933,0.5523385817222217,0.545554940919814,0.47660057123730526,0.5487898884652135,0.73486800750531,0.30536454555045456,0.09639075601842664,0.05775383712744947,0.21493867239362363,0.0,0.0,0.0,0.0,0.27065272742358304,0.0,0.0,0.0,0.0,0.0,0.0,0.25577373798979686,0.4857168720311789,0.48595183703757605,0.2524063856109016,0.0,0.0,0.12430353282936664,0.0,0.0,0.0,0.0,0.0,0.0,0.0,0.0,0.0,0.0,0.0,0.0,0.0,0.0,0.0,0.0,0.0,0.0,0.0,0.0,0.0,0.0,0.0,0.0,0.0,0.0,0.0,0.0,0.0,0.0,0.0,0.0,0.0,0.0,0.0,0.0,0.0,0.0,0.0,0.0,0.0,0.0,0.0,0.0
0.038265088189867055,0.05099839199244463,0.0,0.0,0.0,0.0,0.2118227006687492,0.05936664062815155,0.0,0.0,0.4746482974158561,0.5512948210168932,0.31195920247314884,0.10276298161225578,0.5430561822882456,0.7361486604688933,1.0,0.7473476378541578,0.30489724347057306,0.21506350596615006,0.31146640471794695,0.5431604264184661,0.08937289480514084,0.0,0.0,0.0,0.0,0.0,0.0,0.0,0.09337457900889973,0.0,0.0,0.0,0.0,0.0,0.1415400308552127,0.4914759070788302,0.6859131810656248,0.3942048504212416,0.035642037303746106,0.0,0.0,0.0,0.0,0.0,0.0,0.0,0.0,0.0,0.0,0.0,0.0,0.0,0.0,0.0,0.0,0.0,0.0,0.0,0.0,0.0,0.0,0.0,0.0,0.0,0.0,0.0,0.0,0.0,0.0,0.0,0.0,0.0,0.0,0.0,0.0,0.0,0.0,0.0,0.0,0.0,0.0,0.0,0.0,0.0,0.0,0.0
0.08379182138008202,0.032767259942009117,0.0,0.0,0.0,0.0,0.30479386985194173,0.2159645396269197,0.0,0.0,0.5421371289899626,0.7361563492716493,0.5434981152963361,0.31195709999116183,0.47641394624719924,0.5523385817222217,0.7473476378541578,1.0,0.21487042377891616,0.060585444284094445,0.10310766982335148,0.3124240566148976,0.05027976540388322,0.0,0.0,0.0,0.0,0.0,0.0,0.0,0.03748213634020098,0.0,0.0,0.0,0.0,0.0353449875459527,0.3933447158474348,0.6858907678015222,0.49138002295456024,0.14252913455477378,0.0,0.0,0.0,0.0,0.0,0.0,0.0,0.0,0.0,0.0,0.0,0.0,0.0,0.0,0.0,0.0,0.0,0.0,0.0,0.0,0.0,0.0,0.0,0.0,0.0,0.0,0.0,0.0,0.0,0.0,0.0,0.0,0.0,0.0,0.0,0.0,0.0,0.0,0.0,0.0,0.0,0.0,0.0,0.0,0.0,0.0,0.0,0.0
0.38385582012219677,0.4315141117949011,0.24909574677434415,0.06567351292287825,0.03194639594992747,0.16160055831703926,0.4077922603774983,0.17141885909484822,0.0,0.0,0.5221676784752941,0.2988623763797165,0.08381878434708122,0.03830063388253157,0.7298281197440496,0.545554940919814,0.30489724347057306,0.21487042377891616,1.0,0.7350232107096547,0.5420716234551222,0.4771859826181135,0.7383192453934618,0.546982800031442,0.47239706577579677,0.5435401367359646,0.15781931242539882,0.3056178429643129,0.006887504380987705,0.07162862063467011,0.39817265020115117,0.0,0.0,0.0,0.0,0.0,0.0,0.0,0.03456373432812099,0.16324744930134083,0.2482685736298972,0.2501434702135754,0.15870133984911478,0.48601825269666826,0.0,0.0,0.0,0.0,0.0,0.0,0.0,0.0,0.0,0.0,0.0,0.0,0.0,0.0,0.0,0.0,0.0,0.04479683793845199,0.0,0.0,0.0,0.0,0.0,0.0,0.0,0.0,0.0,0.0,0.0,0.0,0.0,0.0,0.0,0.0,0.0,0.0,0.0,0.12402699728200517,0.0,0.0,0.0,0.0,0.0,0.0
0.16158348589880903,0.27447109341639,0.14573689221168232,0.0,0.0,0.0,0.15348125641094088,0.0,0.0,0.0,0.2858662082262492,0.08634847173797078,0.0,0.0,0.537565149791439,0.47660057123730526,0.21506350596615006,0.060585444284094445,0.7350232107096547,1.0,0.7354846204400104,0.5524489152423336,0.5500764352004889,0.4813167008476682,0.5489897627103628,0.7375418493712812,0.13225918404124767,0.21596395292318127,0.03605929822098088,0.0,0.27207008779205266,0.0,0.0,0.0,0.0,0.0,0.0,0.0,0.0,0.2559098816278243,0.4848258419131013,0.4874607473234165,0.2529383617477449,0.2543437534019127,0.0,0.0,0.0,0.0,0.0,0.0,0.0,0.0,0.0,0.0,0.0,0.0,0.0,0.0,0.0,0.0,0.03163791288334841,0.10996550754954257,0.0,0.0,0.0,0.0,0.0,0.0,0.0,0.0,0.0,0.0,0.0,0.0,0.0,0.0,0.0,0.0,0.0,0.0,0.0,0.17156043543397906,0.003370693460927846,0.0,0.0,0.0,0.0,0.0
0.0,0.13007846729941314,0.0,0.0,0.0,0.0,0.0173267113827901,0.0,0.0,0.0,0.2024444223583338,0.05571816513816478,0.0,0.0,0.470193209595701,0.5487898884652135,0.31146640471794695,0.10310766982335148,0.5420716234551222,0.7354846204400104,1.0,0.7479055079662554,0.30804405728844214,0.21788559218366987,0.3090538896554171,0.5428803726893432,0.020526077464213286,0.0,0.0,0.0,0.17521240070827954,0.0,0.0,0.0,0.0,0.0,0.0,0.0,0.1423748178168387,0.49261885196828453,0.685944754341236,0.39210363136813653,0.03309956027252456,0.031571026170258254,0.0,0.0,0.0,0.0,0.0,0.0,0.0,0.0,0.0,0.0,0.0,0.0,0.0,0.0,0.0,0.0,0.0,0.0,0.0,0.0,0.0,0.0,0.0,0.0,0.0,0.0,0.0,0.0,0.0,0.0,0.0,0.0,0.0,0.0,0.0,0.0,0.0,0.0,0.0,0.0,0.0,0.0,0.0,0.0
0.0,0.1033445006564958,0.0,0.0,0.0,0.0,0.07139415278174752,0.0,0.0,0.0,0.2998773411850773,0.21395884696398595,0.0,0.0,0.5418847306229737,0.73486800750531,0.5431604264184661,0.3124240566148976,0.4771859826181135,0.5524489152423336,0.7479055079662554,1.0,0.21893897638345272,0.06676372258026242,0.10367281302596934,0.3141945719200053,0.0,0.0,0.0,0.0,0.16880388155741669,0.0,0.0,0.0,0.0,0.0,0.0,0.036579737952265996,0.39315539792246895,0.685858040368867,0.49192245600003554,0.14187739927117574,0.0,0.0,0.0,0.0,0.0,0.0,0.0,0.0,0.0,0.0,0.0,0.0,0.0,0.0,0.0,0.0,0.0,0.0,0.0,0.0,0.0,0.0,0.0,0.0,0.0,0.0,0.0,0.0,0.0,0.0,0.0,0.0,0.0,0.0,0.0,0.0,0.0,0.0,0.0,0.0,0.0,0.0,0.0,0.0,0.0,0.0
0.43159462391022024,0.41282339410586005,0.26256193392295557,0.14588955865287798,0.15245376569272448,0.27457919450648033,0.4207719964328745,0.2214774174758962,0.10345664548345586,0.13019879055509626,0.4317777952159591,0.19358594071193458,0.03281369288487788,0.051067489562331855,0.5328232718880691,0.30536454555045456,0.08937289480514084,0.05027976540388322,0.7383192453934618,0.5500764352004889,0.30804405728844214,0.21893897638345272,1.0,0.7425853661154939,0.5485855532984755,0.48344843328320836,0.12118652490256746,0.547975979263561,0.0,0.32376510369373585,0.2902329093738511,0.0,0.0,0.0,0.0,0.0,0.0,0.0,0.0,0.0,0.03585045833999368,0.1694160064688466,0.25472458895023786,0.6868685795674827,0.0,0.0,0.0,0.0,0.0,0.0,0.0,0.0,0.0,0.0,0.0,0.007092309323075038,0.08929172282554697,0.0,0.0,0.0,0.0,0.11634475560752888,0.0,0.0,0.0,0.0,0.0,0.0,0.0,0.0,0.0,0.0,0.0,0.0,0.0,0.0,0.0,0.0,0.0,0.0,0.15665510800423182,0.18045080392703924,0.0,0.0,0.0,0.0,0.0,0.0
0.249170509271216,0.2625498018378393,0.18657112433408637,0.10366603389148069,0.08574883651222423,0.14585557562880733,0.1861849015592443,0.00022550713981807612,0.0,0.0,0.17510758961562803,0.0,0.0,0.0,0.2971127689417461,0.09639075601842664,0.0,0.0,0.546982800031442,0.4813167008476682,0.21788559218366987,0.06676372258026242,0.7425853661154939,1.0,0.7375073475756914,0.5546010422907369,0.07729699312059969,0.7344805410984916,0.0,0.49121118435189814,0.11982291377400736,0.0,0.0,0.0,0.0,0.0,0.0,0.0,0.0,0.0,0.0,0.2581095875093975,0.4850340706546397,0.4926953442749349,0.0,0.0,0.0,0.0,0.0,0.0,0.0,0.0,0.0,0.0,0.0,0.17339679704740954,0.22705234933503793,0.029373592604972115,0.0,0.0,0.10452327798981542,0.2720158470388345,0.0,0.0,0.0,0.0,0.0,0.0,0.0,0.0,0.0,0.0,0.0,0.0,0.0,0.0,0.0,0.0,0.0,0.0,0.26122957696101895,0.3006187306754655,0.0,0.0,0.0,0.0,0.0,0.0
0.06570454222964242,0.1458248049570392,0.10359331258625204,0.0,0.0,0.0,0.0,0.0,0.0,0.0,0.01994915889860457,0.0,0.0,0.0,0.20230755170562292,0.05775383712744947,0.0,0.0,0.47239706577579677,0.5489897627103628,0.3090538896554171,0.10367281302596934,0.5485855532984755,0.7375073475756914,1.0,0.745480638729069,0.06841185768648676,0.5430313912622953,0.0,0.3198763652277968,0.042723163695630034,0.0,0.0,0.0,0.0,0.0,0.0,0.0,0.0,0.0,0.1364672674688716,0.4914691049972538,0.6862547030153093,0.25615322648923355,0.0,0.0,0.0,0.0,0.0,0.0,0.0,0.0,0.0,0.0,0.0,0.2110251295959977,0.1784808457228323,0.0,0.0,0.06574740587068985,0.2687408958694367,0.37122623710322233,0.0,0.0,0.0,0.0,0.0,0.0,0.0,0.0,0.0,0.0,0.0,0.0,0.0,0.0,0.0,0.0,0.0,0.0,0.16935073884256577,0.3761342952763569,0.16523390191933693,0.0,0.0,0.0,0.0,0.0
0.031943077262421106,0.15235270137211013,0.08563004110091986,0.0,0.0,0.0,0.0,0.0,0.0,0.0,0.06691376072087284,0.0,0.0,0.0,0.2973091265353733,0.21493867239362363,0.0,0.0,0.5435401367359646,0.7375418493712812,0.5428803726893432,0.3141945719200053,0.48344843328320836,0.5546010422907369,0.745480638729069,1.0,0.0943568556220507,0.3120616502690906,0.01754031880166918,0.07804962905306087,0.10797384570102597,0.0,0.0,0.0,0.0,0.0,0.0,0.0,0.0,0.03784252066052978,0.3900336311908573,0.6859233773300256,0.48946676507084885,0.17054132679428752,0.0,0.0,0.0,0.0,0.0,0.0,0.0,0.0,0.0,0.0,0.0,0.06228139761463216,0.0027923682468040992,0.0,0.0,0.0,0.2220604238149825,0.2744000467213281,0.0,0.0,0.0,0.0,0.0,0.0,0.0,0.0,0.0,0.0,0.0,0.0,0.0,0.0,0.0,0.0,0.0,0.0,0.0001995446928661061,0.2999236863143879,0.18467313487431317,0.0,0.0,0.0,0.0,0.0
0.30561919975064245,0.5479788174107744,0.7344797821857872,0.5430306688846164,0.31206531727163017,0.21597045560579142,0.08086282132726025,0.0,0.0,0.0,0.01223192610605727,0.0,0.0,0.0,0.08019178216732382,0.0,0.0,0.0,0.15781931242539882,0.13225918404124767,0.020526077464213286,0.0,0.12118652490256746,0.07729699312059969,0.06841185768648676,0.0943568556220507,1.0,0.0,0.7567256493564183,0.0,0.39976785962476147,0.3893203299746155,0.03550135702038248,0.0,0.0,0.0,0.0,0.0,0.0,0.0,0.0,0.0,0.0,0.0,0.0,0.0,0.0,0.0,0.0,0.0,0.0,0.0,0.0,0.0,0.0,0.19920445113495777,0.20522473672766955,0.008216387972706374,0.0,0.0,0.17507219008269229,0.3124805799123431,0.0,0.0,0.0,0.0,0.0,0.0,0.0,0.0,0.0,0.0,0.0,0.0,0.0,0.0,0.0,0.0,0.0,0.0,0.1862815390545072,0.3268504071323802,0.05928666331909549,0.0,0.0,0.0,0.0,0.0
0.15793693723977928,0.12122574879221533,0.077365075289932,0.06856941473757083,0.09456436258235429,0.13244617924886232,0.08027552261571615,0.0,0.0,0.020731452389752825,0.012258724770998083,0.0,0.0,0.0,0.08087113155822814,0.0,0.0,0.0,0.3056178429643129,0.21596395292318127,0.0,0.0,0.547975979263561,0.7344805410984916,0.5430313912622953,0.3120616502690906,0.0,1.0,0.0,0.7567290346165393,0.0,0.0,0.0,0.0,0.0,0.0,0.0,0.0,0.0,0.0,0.0,0.03549680524790585,0.38932216645341805,0.3997533992680473,0.0,0.0,0.0,0.0,0.0,0.0,0.0,0.0,0.0,0.0,0.0,0.19808761797984273,0.3003961297702102,0.15630267731723976,0.0,0.0,0.022353309604124207,0.21359124528659815,0.0,0.0,0.0,0.0,0.0,0.0,0.0,0.0,0.0,0.0,0.0,0.0,0.0,0.0,0.0,0.0,0.0,0.03405537867939845,0.31264692446802356,0.19533110356364422,0.0,0.0,0.0,0.0,0.0,0.0
0.07162724561732585,0.3237652800584438,0.49120702526498816,0.3198727123226959,0.07805019240395075,0.0,0.0,0.0,0.0,0.0,0.0,0.0,0.0,0.0,0.0,0.0,0.0,0.0,0.006887504380987705,0.03605929822098088,0.0,0.0,0.0,0.0,0.0,0.01754031880166918,0.7567256493564183,0.0,1.0,0.0,0.2331439140497042,0.22325687408574857,0.0,0.0,0.0,0.0,0.0,0.0,0.0,0.0,0.0,0.0,0.0,0.0,0.0,0.0,0.0,0.0,0.0,0.0,0.0,0.0,0.0,0.0,0.0,0.13074420343536872,0.07340372020059485,0.0,0.0,0.0,0.20527862014419887,0.2827663501917151,0.0,0.0,0.0,0.0,0.0,0.0,0.0,0.0,0.0,0.0,0.0,0.0,0.0,0.0,0.0,0.0,0.0,0.0,0.016100975384760526,0.2602481710195345,0.1132114982426305,0.0,0.0,0.0,0.0,0.0
0.007033557829296903,0.0,0.0,0.0,0.01781555775634263,0.036293938960944794,0.0,0.0,0.0,0.0,0.0,0.0,0.0,0.0,0.0,0.0,0.0,0.0,0.07162862063467011,0.0,0.0,0.0,0.32376510369373585,0.49121118435189814,0.3198763652277968,0.07804962905306087,0.0,0.7567290346165393,0.0,1.0,0.0,0.0,0.0,0.0,0.0,0.0,0.0,0.0,0.0,0.0,0.0,0.0,0.2232621066943011,0.23312951561360223,0.0,0.0,0.0,0.0,0.0,0.0,0.0,0.0,0.0,0.0,0.0,0.13555556587779855,0.2773302171767378,0.19057853498275348,0.0,0.0,0.0,0.08680824452585144,0.0,0.0,0.0,0.0,0.0,0.0,0.0,0.0,0.0,0.0,0.0,0.0,0.0,0.0,0.0,0.0,0.0,0.09039932660726735,0.254555174683316,0.030053799608155546,0.0,0.0,0.0,0.0,0.0,0.0
0.48601244872779026,0.6868697897306797,0.4927036010499526,0.2561557420547136,0.1705432597292731,0.2543432075882544,0.37593344132414097,0.12429323049881649,0.0,0.031573005800938046,0.3754126909507741,0.15085918809559365,0.0,0.0,0.42465064989855955,0.27065272742358304,0.09337457900889973,0.03748213634020098,0.39817265020115117,0.27207008779205266,0.17521240070827954,0.16880388155741669,0.2902329093738511,0.11982291377400736,0.042723163695630034,0.10797384570102597,0.39976785962476147,0.0,0.2331439140497042,0.0,1.0,0.0,0.0,0.0,0.0,0.0,0.0,0.0,0.0,0.0,0.0,0.0,0.0,0.16702759089540412,0.0,0.0,0.0,0.0,0.0,0.0,0.0,0.0,0.0,0.0,0.0,0.0,0.0,0.0,0.0,0.0,0.0,0.0,0.0,0.0,0.0,0.0,0.0,0.0,0.0,0.0,0.0,0.0,0.0,0.0,0.0,0.0,0.0,0.0,0.0,0.0,0.0,0.02380454423949366,0.0,0.0,0.0,0.0,0.0,0.0
0.15869878895865364,0.2547235150499975,0.4850327827531908,0.6862567719398333,0.48946935842320016,0.25294196847427225,0.0,0.0,0.0,0.033108798768656446,0.0,0.0,0.0,0.0,0.0,0.0,0.0,0.0,0.0,0.0,0.0,0.0,0.0,0.0,0.0,0.0,0.3893203299746155,0.0,0.22325687408574857,0.0,0.0,1.0,0.4066954715520411,0.0,0.0,0.0,0.0,0.0,0.0,0.0,0.0,0.0,0.0,0.0,0.0,0.0,0.0,0.0,0.0,0.0,0.0,0.09377337664715746,0.0,0.0,0.004348025806459101,0.23847978553641233,0.411109554171157,0.30270277775242826,0.0,0.0,0.0,0.15786413044679198,0.0,0.0,0.0,0.0,0.0,0.0,0.0,0.0,0.0,0.0,0.0,0.0,0.0,0.0,0.0,0.0,0.0,0.12631717969745765,0.33664669648110745,0.08934864558547684,0.0,0.0,0.0,0.0,0.0,0.0
0.250141079148121,0.1694173775796909,0.2581142391872434,0.49147296274856556,0.685924521475387,0.48746203270360056,0.02546979302082335,0.0,0.14188393217509596,0.39210947104821736,0.0,0.0,0.0,0.0,0.0,0.0,0.0,0.0,0.0,0.0,0.0,0.0,0.0,0.0,0.0,0.0,0.03550135702038248,0.0,0.0,0.0,0.0,0.4066954715520411,1.0,0.4191215368613943,0.0,0.0,0.0,0.0,0.0,0.0,0.0,0.0,0.0,0.0,0.0,0.0,0.0,0.0,0.0,0.0,0.0,0.0,0.0,0.0,0.0,0.0,0.1956027555970217,0.2026029840446953,0.0,0.0,0.0,0.0,0.0,0.0,0.0,0.0,0.0,0.0,0.0,0.0,0.0,0.0,0.0,0.0,0.0,0.0,0.0,0.0,0.0,0.19628450450421833,0.1870955588920396,0.0,0.0,0.0,0.0,0.0,0.0,0.0
0.24826885658377754,0.03585681962126628,0.0,0.1364762017380782,0.39004020225309816,0.4848282386052102,0.15642102198235067,0.25241001596660034,0.49192541305890003,0.6859446889700421,0.0,0.0,0.0,0.03564625987533413,0.0,0.0,0.0,0.0,0.0,0.0,0.0,0.0,0.0,0.0,0.0,0.0,0.0,0.0,0.0,0.0,0.0,0.0,0.4191215368613943,1.0,0.40868205238962363,0.0,0.0,0.0,0.0,0.0,0.0,0.0,0.0,0.0,0.0,0.0,0.0,0.0,0.0,0.0,0.0,0.0,0.0,0.0,0.0,0.0,0.0,0.0,0.0,0.0,0.0,0.0,0.0,0.0,0.0,0.0,0.0,0.0,0.0,0.0,0.0,0.0,0.0,0.0,0.0,0.0,0.0,0.0,0.0,0.0,0.0,0.0,0.0,0.0,0.0,0.0,0.0,0.0
0.16324968623331482,0.0,0.0,0.0,0.03785029034041543,0.2559143888482253,0.24992419578522002,0.48595377896686565,0.6858577889536512,0.4926217557622719,0.03131199471092502,0.0,0.14253202529980807,0.3942082056433712,0.0,0.0,0.0,0.0,0.0,0.0,0.0,0.0,0.0,0.0,0.0,0.0,0.0,0.0,0.0,0.0,0.0,0.0,0.0,0.40868205238962363,1.0,0.4256378321775817,0.0,0.0,0.0,0.0,0.0,0.0,0.0,0.0,0.0,0.0,0.0,0.0,0.0,0.0,0.0,0.0,0.0,0.0,0.0,0.0,0.0,0.0,0.0,0.0,0.0,0.0,0.0,0.0,0.0,0.0,0.0,0.0,0.0,0.0,0.0,0.0,0.0,0.0,0.0,0.0,0.0,0.0,0.0,0.0,0.0,0.0,0.0,0.0,0.0,0.0,0.0,0.0
0.03456256199687903,0.0,0.0,0.0,0.0,0.0,0.24982493279796508,0.4857162951050138,0.39315901527634184,0.14237945996487653,0.16109641121258741,0.2546568127639496,0.4913780815925935,0.6859139551280293,0.0,0.0,0.0,0.0353449875459527,0.0,0.0,0.0,0.0,0.0,0.0,0.0,0.0,0.0,0.0,0.0,0.0,0.0,0.0,0.0,0.0,0.4256378321775817,1.0,0.4065249489819863,0.0,0.0,0.0,0.0,0.0,0.0,0.0,0.0,0.0,0.0,0.0,0.0,0.0,0.0,0.0,0.0,0.0,0.0,0.0,0.0,0.0,0.0,0.0,0.0,0.0,0.0,0.0,0.0,0.0,0.0,0.0,0.0,0.0,0.0,0.0,0.0,0.0,0.0,0.0,0.0,0.0,0.0,0.0,0.0,0.0,0.0,0.0,0.0,0.0,0.0,0.0
0.0,0.0,0.0,0.0,0.0,0.0,0.16284736094875824,0.25576705106057795,0.03657531592413106,0.0,0.24914165016731096,0.4862228880038574,0.6858864029288487,0.49147122893519146,0.035397089856535516,0.0,0.1415400308552127,0.3933447158474348,0.0,0.0,0.0,0.0,0.0,0.0,0.0,0.0,0.0,0.0,0.0,0.0,0.0,0.0,0.0,0.0,0.0,0.4065249489819863,1.0,0.42404079852194027,0.0,0.0,0.0,0.0,0.0,0.0,0.0,0.0,0.0,0.0,0.0,0.0,0.0,0.0,0.0,0.0,0.0,0.0,0.0,0.0,0.0,0.0,0.0,0.0,0.0,0.0,0.0,0.0,0.0,0.0,0.0,0.0,0.0,0.0,0.0,0.0,0.0,0.0,0.0,0.0,0.0,0.0,0.0,0.0,0.0,0.0,0.0,0.0,0.0,0.0
0.0,0.0,0.0,0.0,0.0,0.0,0.03538811193434761,0.0,0.0,0.0,0.2491414434834616,0.48622082021124324,0.393339456075656,0.14153372420745378,0.16284960173265173,0.25577373798979686,0.4914759070788302,0.6858907678015222,0.0,0.0,0.0,0.036579737952265996,0.0,0.0,0.0,0.0,0.0,0.0,0.0,0.0,0.0,0.0,0.0,0.0,0.0,0.0,0.42404079852194027,1.0,0.40653460129916524,0.0,0.0,0.0,0.0,0.0,0.0,0.0,0.0,0.0,0.0,0.0,0.0,0.0,0.0,0.0,0.0,0.0,0.0,0.0,0.0,0.0,0.0,0.0,0.0,0.0,0.0,0.0,0.0,0.0,0.0,0.0,0.0,0.0,0.0,0.0,0.0,0.0,0.0,0.0,0.0,0.0,0.0,0.0,0.0,0.0,0.0,0.0,0.0,0.0
0.0,0.0,0.0,0.0,0.0,0.0,0.0,0.0,0.0,0.0,0.16109536120891,0.25465609633591424,0.03534623216472486,0.0,0.24982191935671794,0.4857168720311789,0.6859131810656248,0.49138002295456024,0.03456373432812099,0.0,0.1423748178168387,0.39315539792246895,0.0,0.0,0.0,0.0,0.0,0.0,0.0,0.0,0.0,0.0,0.0,0.0,0.0,0.0,0.0,0.40653460129916524,1.0,0.4256309429371375,0.0,0.0,0.0,0.0,0.0,0.0,0.0,0.0,0.0,0.0,0.0,0.0,0.0,0.0,0.0,0.0,0.0,0.0,0.0,0.0,0.0,0.0,0.0,0.0,0.0,0.0,0.0,0.0,0.0,0.0,0.0,0.0,0.0,0.0,0.0,0.0,0.0,0.0,0.0,0.0,0.0,0.0,0.0,0.0,0.0,0.0,0.0,0.0
0.0,0.0,0.0,0.0,0.0,0.0,0.0,0.0,0.0,0.0,0.031308035120269175,0.0,0.0,0.0,0.2499202725588263,0.48595183703757605,0.3942048504212416,0.14252913455477378,0.16324744930134083,0.2559098816278243,0.49261885196828453,0.685858040368867,0.0,0.0,0.0,0.03784252066052978,0.0,0.0,0.0,0.0,0.0,0.0,0.0,0.0,0.0,0.0,0.0,0.0,0.4256309429371375,1.0,0.40867418788330606,0.0,0.0,0.0,0.0,0.0,0.0,0.0,0.0,0.0,0.0,0.0,0.0,0.0,0.0,0.0,0.0,0.0,0.0,0.0,0.0,0.0,0.0,0.0,0.0,0.0,0.0,0.0,0.0,0.0,0.0,0.0,0.0,0.0,0.0,0.0,0.0,0.0,0.0,0.0,0.0,0.0,0.0,0.0,0.0,0.0,0.0,0.0
0.0,0.0,0.0,0.0,0.0,0.0,0.0,0.0,0.0,0.0,0.0,0.0,0.0,0.0,0.15642076297580737,0.2524063856109016,0.035642037303746106,0.0,0.2482685736298972,0.4848258419131013,0.685944754341236,0.49192245600003554,0.03585045833999368,0.0,0.1364672674688716,0.3900336311908573,0.0,0.0,0.0,0.0,0.0,0.0,0.0,0.0,0.0,0.0,0.0,0.0,0.0,0.40867418788330606,1.0,0.41911273013762057,0.0,0.0,0.0,0.0,0.0,0.0,0.0,0.0,0.0,0.0,0.0,0.0,0.0,0.0,0.0,0.0,0.0,0.0,0.0,0.0,0.0,0.0,0.0,0.0,0.0,0.0,0.0,0.0,0.0,0.0,0.0,0.0,0.0,0.0,0.0,0.0,0.0,0.0,0.0,0.0,0.0,0.0,0.0,0.0,0.0,0.0
0.0,0.0,0.0,0.0,0.0,0.0,0.0,0.0,0.0,0.0,0.0,0.0,0.0,0.0,0.025473591684701452,0.0,0.0,0.0,0.2501434702135754,0.4874607473234165,0.39210363136813653,0.14187739927117574,0.1694160064688466,0.2581095875093975,0.4914691049972538,0.6859233773300256,0.0,0.03549680524790585,0.0,0.0,0.0,0.0,0.0,0.0,0.0,0.0,0.0,0.0,0.0,0.0,0.41911273013762057,1.0,0.4066905923445212,0.0,0.0,0.0,0.0,0.0,0.0,0.0,0.0,0.0,0.0,0.0,0.0,0.0,0.0,0.0,0.0,0.0,0.1822977218862415,0.1629502473771539,0.0,0.0,0.0,0.0,0.0,0.0,0.0,0.0,0.0,0.0,0.0,0.0,0.0,0.0,0.0,0.0,0.0,0.0,0.0,0.14854097967675672,0.18387810371139113,0.0,0.0,0.0,0.0,0.0
0.0,0.0,0.0,0.0,0.0,0.0,0.0,0.0,0.0,0.0,0.0,0.0,0.0,0.0,0.0,0.0,0.0,0.0,0.15870133984911478,0.2529383617477449,0.03309956027252456,0.0,0.25472458895023786,0.4850340706546397,0.6862547030153093,0.48946676507084885,0.0,0.38932216645341805,0.0,0.2232621066943011,0.0,0.0,0.0,0.0,0.0,0.0,0.0,0.0,0.0,0.0,0.0,0.4066905923445212,1.0,0.0,0.0,0.0,0.0,0.0,0.0,0.0,0.0,0.0,0.0,0.0,0.0,0.20949848638929663,0.1189464979123898,0.0,0.0,0.09300499135258238,0.3003522934274151,0.3920620647908626,0.0,0.0,0.0,0.0,0.0,0.0,0.0,0.0,0.0,0.0,0.0,0.0,0.0,0.0,0.0,0.0,0.0,0.0,0.04784452396789,0.3148551802726093,0.13474133249419057,0.0,0.0,0.0,0.0,0.0
0.39832276432909086,0.29030234030367336,0.11990494790110194,0.042851252214200844,0.10813814037438874,0.2722474061660302,0.42477190787266006,0.27078859031036295,0.16896600321205113,0.1753918377857862,0.3754607600328979,0.15090067252844921,0.03754703516354565,0.09347035792101983,0.37595594471477056,0.12430353282936664,0.0,0.0,0.48601825269666826,0.2543437534019127,0.031571026170258254,0.0,0.6868685795674827,0.4926953442749349,0.25615322648923355,0.17054132679428752,0.0,0.3997533992680473,0.0,0.23312951561360223,0.16702759089540412,0.0,0.0,0.0,0.0,0.0,0.0,0.0,0.0,0.0,0.0,0.0,0.0,1.0,0.0,0.0,0.0,0.0,0.0,0.0,0.0,0.0,0.0,0.0,0.0,0.0,0.0,0.0,0.0,0.0,0.0,0.0,0.0,0.0,0.0,0.0,0.0,0.0,0.0,0.0,0.0,0.0,0.0,0.0,0.0,0.0,0.0,0.0,0.0,0.0,0.01367319669114175,0.0,0.0,0.0,0.0,0.0,0.0,0.0
0.0,0.0,0.0,0.0,0.0,0.0,0.0,0.0,0.0,0.0,0.0,0.0,0.0,0.0,0.0,0.0,0.0,0.0,0.0,0.0,0.0,0.0,0.0,0.0,0.0,0.0,0.0,0.0,0.0,0.0,0.0,0.0,0.0,0.0,0.0,0.0,0.0,0.0,0.0,0.0,0.0,0.0,0.0,0.0,1.0,0.7383184628530829,0.5469838258391837,0.4723923964126666,0.5435364754897349,0.7350208819764359,0.7298223895770894,0.5455546738862729,0.47718864954412044,0.5420730830952482,0.5221581396725048,0.2988495577301307,0.21486475036377928,0.3048932858743203,0.4077745854598699,0.17137991325182605,0.038265088189867055,0.08379182138008219,0.38385582012219677,0.16158348589880903,0.0,0.0,0.43159462391022024,0.24917050927121584,0.06570454222964242,0.031943077262421106,0.3056191997506424,0.15793693723977928,0.07162724561732585,0.007033557829296739,0.48601244872779026,0.1586987889586537,0.250141079148121,0.24826885658377754,0.16324968623331482,0.03456256199687903,0.0,0.0,0.0,0.0,0.0,0.0,0.0,0.39832276432909086
0.0,0.0,0.0,0.0,0.0,0.0,0.0,0.0,0.0,0.0,0.0,0.0,0.0,0.0,0.0,0.0,0.0,0.0,0.0,0.0,0.0,0.0,0.0,0.0,0.0,0.0,0.0,0.0,0.0,0.0,0.0,0.0,0.0,0.0,0.0,0.0,0.0,0.0,0.0,0.0,0.0,0.0,0.0,0.0,0.7383184628530829,1.0,0.7425869921029589,0.5485824218298144,0.48344854953492594,0.5500789317573649,0.5328122289327624,0.3053646422178724,0.2189460656680894,0.3080510262149719,0.43175155884818495,0.19356123830910466,0.05027036808929007,0.08936891226619316,0.42070378440699513,0.22138726829718575,0.05099839199244447,0.032767259942009117,0.4315141117949011,0.27447109341639,0.13007846729941314,0.10334450065649563,0.41282339410586005,0.2625498018378393,0.1458248049570392,0.1523527013721103,0.5479788174107744,0.1212257487922155,0.3237652800584438,0.0,0.6868697897306797,0.2547235150499977,0.1694173775796909,0.03585681962126628,0.0,0.0,0.0,0.0,0.0,0.0,0.0,0.0,0.0,0.29030234030367336
0.0,0.0,0.0,0.0,0.0,0.0,0.0,0.0,0.0,0.0,0.0,0.0,0.0,0.0,0.0,0.0,0.0,0.0,0.0,0.0,0.0,0.0,0.0,0.0,0.0,0.0,0.0,0.0,0.0,0.0,0.0,0.0,0.0,0.0,0.0,0.0,0.0,0.0,0.0,0.0,0.0,0.0,0.0,0.0,0.5469838258391837,0.7425869921029589,1.0,0.7375058545674759,0.5546049527740781,0.4813235005830767,0.29710498694210896,0.09639406583198633,0.06677522876649553,0.21789761793926976,0.1750851815014487,0.0,0.0,0.0,0.1861224590141382,0.0001297925308008919,0.0,0.0,0.24909574677434415,0.14573689221168232,0.0,0.0,0.2625619339229557,0.18657112433408637,0.10359331258625204,0.08563004110091986,0.7344797821857871,0.077365075289932,0.49120702526498816,0.0,0.4927036010499527,0.4850327827531908,0.2581142391872434,0.0,0.0,0.0,0.0,0.0,0.0,0.0,0.0,0.0,0.0,0.11990494790110194
0.0,0.0,0.0,0.0,0.0,0.0,0.0,0.0,0.0,0.0,0.0,0.0,0.0,0.0,0.0,0.0,0.0,0.0,0.0,0.0,0.0,0.0,0.0,0.0,0.0,0.0,0.0,0.0,0.0,0.0,0.0,0.0,0.0,0.0,0.0,0.0,0.0,0.0,0.0,0.0,0.0,0.0,0.0,0.0,0.4723923964126666,0.5485824218298144,0.7375058545674759,1.0,0.745482706518586,0.5489920171273202,0.20229734320526857,0.05775284906714429,0.10367928220552698,0.30906167153609093,0.019929897755009602,0.0,0.0,0.0,0.0,0.0,0.0,0.0,0.06567351292287808,0.0,0.0,0.0,0.14588955865287798,0.10366603389148069,0.0,0.0,0.5430306688846164,0.06856941473757083,0.3198727123226959,0.0,0.2561557420547136,0.6862567719398334,0.49147296274856556,0.1364762017380782,0.0,0.0,0.0,0.0,0.0,0.0,0.0,0.0,0.0,0.042851252214200844
0.0,0.0,0.0,0.0,0.0,0.0,0.0,0.0,0.0,0.0,0.0,0.0,0.0,0.0,0.0,0.0,0.0,0.0,0.0,0.0,0.0,0.0,0.0,0.0,0.0,0.0,0.0,0.0,0.0,0.0,0.0,0.0,0.0,0.0,0.0,0.0,0.0,0.0,0.0,0.0,0.0,0.0,0.0,0.0,0.5435364754897349,0.48344854953492594,0.5546049527740781,0.745482706518586,1.0,0.7375429413357387,0.297302708930359,0.21493967859952676,0.3142005422019615,0.5428866291909327,0.06690262722484107,0.0,0.0,0.0,0.0,0.0,0.0,0.0,0.03194639594992747,0.0,0.0,0.0,0.15245376569272448,0.08574883651222423,0.0,0.0,0.31206531727163017,0.09456436258235446,0.07805019240395075,0.01781555775634263,0.17054325972927317,0.4894693584232003,0.685924521475387,0.39004020225309816,0.03785029034041543,0.0,0.0,0.0,0.0,0.0,0.0,0.0,0.0,0.10813814037438874
0.0,0.0,0.0,0.0,0.0,0.0,0.0,0.0,0.0,0.0,0.0,0.0,0.0,0.0,0.0,0.0,0.0,0.0,0.0,0.0,0.0,0.0,0.0,0.0,0.0,0.0,0.0,0.0,0.0,0.0,0.0,0.0,0.0,0.0,0.0,0.0,0.0,0.0,0.0,0.0,0.0,0.0,0.0,0.0,0.7350208819764359,0.5500789317573649,0.4813235005830767,0.5489920171273202,0.7375429413357387,1.0,0.5375601457785091,0.4766010564144847,0.5524527018953089,0.7354881983046673,0.2858586367606658,0.08633717220069143,0.06058051589663549,0.21506135203339674,0.15347292160455883,0.0,0.0,0.0,0.16160055831703926,0.0,0.0,0.0,0.27457919450648033,0.14585557562880733,0.0,0.0,0.21597045560579142,0.13244617924886232,0.0,0.036293938960944794,0.2543432075882544,0.2529419684742723,0.48746203270360056,0.4848282386052102,0.25591438884822526,0.0,0.0,0.0,0.0,0.0,0.0,0.0,0.0,0.2722474061660302
0.0,0.0,0.0,0.0,0.0,0.0,0.0,0.0,0.0,0.0,0.0,0.0,0.0,0.0,0.0,0.0,0.0,0.0,0.0,0.0,0.0,0.0,0.0,0.0,0.0,0.0,0.0,0.0,0.0,0.0,0.0,0.0,0.0,0.0,0.0,0.0,0.0,0.0,0.0,0.0,0.0,0.0,0.0,0.0,0.7298223895770894,0.5328122289327624,0.29710498694210896,0.20229734320526857,0.297302708930359,0.5375601457785091,1.0,0.7368567125055342,0.5418883780288015,0.4701934471037205,0.7308236998389692,0.5451762401592168,0.47641643649388177,0.5430574893943882,0.5198430967073417,0.29350084577880736,0.2118227006687492,0.3047938698519419,0.4077922603774983,0.15348125641094088,0.0173267113827901,0.07139415278174752,0.4207719964328744,0.18618490155924414,0.0,0.0,0.0808628213272601,0.08027552261571615,0.0,0.0,0.3759334413241409,0.0,0.02546979302082335,0.15642102198235058,0.24992419578522002,0.249824932797965,0.16284736094875815,0.03538811193434761,0.0,0.0,0.0,0.0,0.0,0.42477190787266006
0.0,0.0,0.0,0.06471630271809863,0.0,0.0,0.0,0.0,0.0,0.0,0.0,0.0,0.0,0.0,0.0,0.0,0.0,0.0,0.0,0.0,0.0,0.0,0.0,0.0,0.0,0.0,0.0,0.0,0.0,0.0,0.0,0.09377337664715746,0.0,0.0,0.0,0.0,0.0,0.0,0.0,0.0,0.0,0.0,0.0,0.0,0.5455546738862729,0.3053646422178724,0.09639406583198633,0.05775284906714429,0.21493967859952676,0.4766010564144847,0.7368567125055342,1.0,0.7348705555104785,0.5487922268360013,0.5433930993144437,0.4790009938295234,0.5523377857477757,0.7361463662129052,0.2935138826150356,0.08717370904069083,0.05936664062815155,0.2159645396269197,0.17141885909484822,0.0,0.0,0.0,0.2214774174758962,0.00022550713981807612,0.0,0.0,0.0,0.0,0.0,0.0,0.12429323049881649,0.0,0.0,0.25241001596660034,0.48595377896686565,0.48571629510501374,0.25576705106057795,0.0,0.0,0.0,0.0,0.0,0.0,0.27078859031036295
0.0,0.0,0.0,0.0,0.0,0.0,0.0,0.0,0.0,0.0,0.0,0.0,0.0,0.0,0.0,0.0,0.0,0.0,0.0,0.0,0.0,0.0,0.0,0.0,0.0,0.0,0.0,0.0,0.0,0.0,0.0,0.0,0.0,0.0,0.0,0.0,0.0,0.0,0.0,0.0,0.0,0.0,0.0,0.0,0.47718864954412044,0.2189460656680894,0.06677522876649553,0.10367928220552698,0.3142005422019615,0.5524527018953089,0.5418883780288015,0.7348705555104785,1.0,0.7479073638599171,0.2998801082625829,0.21395999507591903,0.312426092933317,0.5431623798332469,0.07141023111233197,0.0,0.0,0.0,0.0,0.0,0.0,0.0,0.10345664548345586,0.0,0.0,0.0,0.0,0.0,0.0,0.0,0.0,0.0,0.14188393217509596,0.49192541305890003,0.6858577889536512,0.3931590152763417,0.036575315924130894,0.0,0.0,0.0,0.0,0.0,0.0,0.16896600321205113
0.0,0.0,0.0,0.0,0.0,0.0,0.0,0.0,0.0,0.0,0.0,0.0,0.0,0.0,0.0,0.0,0.0,0.0,0.0,0.0,0.0,0.0,0.0,0.0,0.0,0.0,0.0,0.0,0.0,0.0,0.0,0.0,0.0,0.0,0.0,0.0,0.0,0.0,0.0,0.0,0.0,0.0,0.0,0.0,0.5420730830952482,0.3080510262149719,0.21789761793926976,0.30906167153609093,0.5428866291909327,0.7354881983046673,0.4701934471037205,0.5487922268360013,0.7479073638599171,1.0,0.20244396602523212,0.055715355891213826,0.10310812678583152,0.3114679400979979,0.01733529531640422,0.0,0.0,0.0,0.0,0.0,0.0,0.0,0.13019879055509626,0.0,0.0,0.0,0.0,0.020731452389752825,0.0,0.0,0.031573005800938046,0.03310879876865661,0.39210947104821753,0.6859446889700421,0.49262175576227174,0.14237945996487636,0.0,0.0,0.0,0.0,0.0,0.0,0.0,0.1753918377857862
