1.0,0.7383103507710321,0.546979819694237,0.47239588910558933,0.5435386906776227,0.7350233802711091,0.7298233068345809,0.5455493668145673,0.47718269897408394,0.5420710068377029,0.5221647674852686,0.2988598846475497,0.21486818442325903,0.3048900872892364,0.40779523984824373,0.17141185241959095,0.03829807402246016,0.0838176224895693,0.3838620226078049,0.1616158851748694,0.0,0.0,0.4315095648548616,0.24904920158278687,0.06565235021204972,0.031959426970733916,0.30560842295148355,0.1577169197724031,0.0716075711600036,0.006748411126715265,0.4859999888080801,0.15869981559227783,0.2501440969211614,0.24826978097066257,0.1632432595946633,0.03455720120605231,0.0,0.0,0.0,0.0,0.0,0.0,0.0,0.39820462530530143,0.0,0.0,0.0,0.0,0.0,0.0,0.0,0.0,0.0,0.0,0.0,0.0,0.0,0.0,0.0,0.0,0.0,0.0,0.0,0.0,0.0,0.0,0.0,0.0,0.0,0.0,0.0,0.0,0.0,0.0,0.0,0.0,0.0,0.0,0.0,0.0,0.0,0.0,0.0,0.0,0.0,0.0,0.0,0.0
0.7383103507710321,1.0,0.7425839223742362,0.5485797284083543,0.4834394719250326,0.5500689824024522,0.5328082974721501,0.3053489930918365,0.21892792022379085,0.3080377478776936,0.4317653370961857,0.19357323274118135,0.05026763003982489,0.08935524745301586,0.4207623912091368,0.2214587012064199,0.05105462284233162,0.03280204549102552,0.43158728494881576,0.27458917296500507,0.1301933460426483,0.10343806285600605,0.41279736515615134,0.26248986731056945,0.14584811861512623,0.15246100959959555,0.5479682754302639,0.12105994298042533,0.32374547689217736,0.0,0.6868653218234825,0.25472051418742697,0.1694085573210452,0.03584833375425276,0.0,0.0,0.0,0.0,0.0,0.0,0.0,0.0,0.0,0.2902422388114705,0.0,0.0,0.0,0.0,0.0,0.0,0.0,0.0,0.0,0.0,0.0,0.0,0.0,0.0,0.0,0.0,0.0,0.0,0.0,0.0,0.0,0.0,0.0,0.0,0.0,0.0,0.0,0.0,0.0,0.0,0.0,0.0,0.0,0.0,0.0,0.0,0.0,0.0,0.0,0.0,0.0,0.0,0.0,0.0
0.546979819694237,0.7425839223742362,1.0,0.737505150812897,0.5545997595535218,0.4813189716481959,0.29710225103980265,0.09638736852972196,0.06676828023032834,0.2178940037108918,0.17509040152893648,0.0,0.0,0.0,0.18615172470866279,0.00018453604359669882,0.0,0.0,0.24911858133155057,0.1458107618751616,0.0,0.0,0.262472215746588,0.18642228888106416,0.10353995392768456,0.08568915769428576,0.7344822900477536,0.0770825387194572,0.49120899058632067,0.0,0.4926931717335825,0.48503354217293,0.2581094563203769,0.0,0.0,0.0,0.0,0.0,0.0,0.0,0.0,0.0,0.0,0.11979309229645858,0.0,0.0,0.0,0.0,0.0,0.0,0.0,0.0,0.0,0.0,0.0,0.0,0.0,0.0,0.0,0.0,0.0,0.0,0.0,0.0,0.0,0.0,0.0,0.0,0.0,0.0,0.0,0.0,0.0,0.0,0.0,0.0,0.0,0.0,0.0,0.0,0.0,0.0,0.0,0.0,0.0,0.0,0.0,0.0
0.47239588910558933,0.5485797284083543,0.737505150812897,1.0,0.7454831866511302,0.5489952034756582,0.202301999659399,0.05775933311750957,0.10368663328595054,0.3090694669749679,0.019935793963138587,0.0,0.0,0.0,0.0,0.0,0.0,0.0,0.06565145793614109,0.0,0.0,0.0,0.14574229495430482,0.10342645340122862,0.0,0.0,0.5430417642649715,0.06815495781572388,0.3198928275615644,0.0,0.2561458897877916,0.6862544647777763,0.4914718927278876,0.13649101689138235,0.0,0.0,0.0,0.0,0.0,0.0,0.0,0.0,0.0,0.04268805652088659,0.0,0.0,0.0,0.0,0.0,0.0,0.0,0.0,0.0,0.0,0.0,0.0,0.0,0.0,0.0,0.0,0.0,0.0,0.0,0.0,0.0,0.0,0.0,0.0,0.0,0.0,0.0,0.0,0.0,0.0,0.0,0.0,0.0,0.0,0.0,0.0,0.0,0.0,0.0,0.0,0.0,0.0,0.0,0.0
0.5435386906776227,0.4834394719250326,0.5545997595535218,0.7454831866511302,1.0,0.7375442031593368,0.2973071596148383,0.21494600462108915,0.31420746901733343,0.5428935550130649,0.06690731594387665,0.0,0.0,0.0,0.0,0.0,0.0,0.0,0.031915206760475955,0.0,0.0,0.0,0.1523022574505365,0.08550837477569852,0.0,0.0,0.31207002891430163,0.09414162854028024,0.0780625213755886,0.017256835341223662,0.17052770751127136,0.48946855088445856,0.6859247528380678,0.39005339425455365,0.03785823857543669,0.0,0.0,0.0,0.0,0.0,0.0,0.0,0.0,0.10796343824544155,0.0,0.0,0.0,0.0,0.0,0.0,0.0,0.0,0.0,0.0,0.0,0.0,0.0,0.0,0.0,0.0,0.0,0.0,0.0,0.0,0.0,0.0,0.0,0.0,0.0,0.0,0.0,0.0,0.0,0.0,0.0,0.0,0.0,0.0,0.0,0.0,0.0,0.0,0.0,0.0,0.0,0.0,0.0,0.0
0.7350233802711091,0.5500689824024522,0.4813189716481959,0.5489952034756582,0.7375442031593368,1.0,0.5375653124923979,0.47660471162995466,0.5524537337750434,0.7354882344820405,0.2858651937688402,0.08635376092993617,0.060594040423656424,0.21506805539176785,0.15348018635612162,0.0,0.0,0.0,0.16157758378187195,0.0,0.0,0.0,0.2744500100376529,0.14566272384985451,0.0,0.0,0.2159683029491393,0.13210912970402397,0.0,0.035854822602897504,0.2543275120968794,0.2529430424265127,0.4874640869052882,0.4848305757336443,0.25591475011413906,0.0,0.0,0.0,0.0,0.0,0.0,0.0,0.0,0.27208450542788076,0.0,0.0,0.0,0.0,0.0,0.0,0.0,0.0,0.0,0.0,0.0,0.0,0.0,0.0,0.0,0.0,0.0,0.0,0.0,0.0,0.0,0.0,0.0,0.0,0.0,0.0,0.0,0.0,0.0,0.0,0.0,0.0,0.0,0.0,0.0,0.0,0.0,0.0,0.0,0.0,0.0,0.0,0.0,0.0
0.7298233068345809,0.5328082974721501,0.29710225103980265,0.202301999659399,0.2973071596148383,0.5375653124923979,1.0,0.7368519209504352,0.5418845291796639,0.47019345434773946,0.73082725782201,0.545179695509628,0.4764148999239906,0.5430532327545622,0.5198533534719992,0.29351517302190117,0.2118385917819982,0.3048073597981569,0.4077881506858319,0.15349247310048644,0.017345072056597282,0.07141125070053299,0.4207155592022369,0.1861089165763797,0.0,0.0,0.08084840849881776,0.08014301252816788,0.0,0.0,0.3759262034936006,0.0,0.025475930760237513,0.1564207932445452,0.24991903664749351,0.24981956762670474,0.16284597922476277,0.03539792718236756,0.0,0.0,0.0,0.0,0.0,0.4246916233364959,0.0,0.0,0.0,0.0,0.0,0.0,0.0,0.0,0.0,0.0,0.0,0.0,0.0,0.0,0.0,0.0,0.0,0.0,0.0,0.0,0.0,0.0,0.0,0.0,0.0,0.0,0.0,0.0,0.0,0.0,0.0,0.0,0.0,0.0,0.0,0.0,0.0,0.0,0.0,0.0,0.0,0.0,0.0,0.0
0.5455493668145673,0.3053489930918365,0.09638736852972196,0.05775933311750957,0.21494600462108915,0.47660471162995466,0.7368519209504352,1.0,0.7348706658368157,0.5487952486797244,0.5433929277067161,0.47900585328823336,0.5523406201568848,0.7361473902253826,0.2935118242100085,0.08717791421554409,0.0593783457662829,0.21597799465839188,0.17139520393954422,0.0,0.0,0.0,0.22140691538798116,0.00012882316200397208,0.0,0.0,0.0,0.0,0.0,0.0,0.12426561876831677,0.0,0.0,0.25241243171646477,0.4859529525150272,0.4857156954895843,0.2557710106690186,0.0,0.0,0.0,0.0,0.0,0.0,0.2706975422906276,0.0,0.0,0.0,0.0,0.0,0.0,0.0,0.0,0.0,0.0,0.0,0.0,0.0,0.0,0.0,0.0,0.0,0.0,0.0,0.0,0.0,0.0,0.0,0.0,0.0,0.0,0.0,0.0,0.0,0.0,0.0,0.0,0.0,0.0,0.0,0.0,0.0,0.0,0.0,0.0,0.0,0.0,0.0,0.0
0.47718269897408394,0.21892792022379085,0.06676828023032834,0.10368663328595054,0.31420746901733343,0.5524537337750434,0.5418845291796639,0.7348706658368157,1.0,0.7479096965739996,0.29987816868322753,0.2139657158022127,0.31243106392467007,0.5431645216996425,0.07140217590251328,0.0,0.0,0.0,0.0,0.0,0.0,0.0,0.10335284605117184,0.0,0.0,0.0,0.0,0.0,0.0,0.0,0.0,0.0,0.14189826487099505,0.4919272816483268,0.6858573721501708,0.3931593415605177,0.03658318389876715,0.0,0.0,0.0,0.0,0.0,0.0,0.16883686098108752,0.0,0.0,0.0,0.0,0.0,0.0,0.0,0.0,0.0,0.0,0.0,0.0,0.0,0.0,0.0,0.0,0.0,0.0,0.0,0.0,0.0,0.0,0.0,0.0,0.0,0.0,0.0,0.0,0.0,0.0,0.0,0.0,0.0,0.0,0.0,0.0,0.0,0.0,0.0,0.0,0.0,0.0,0.0,0.0
0.5420710068377029,0.3080377478776936,0.2178940037108918,0.3090694669749679,0.5428935550130649,0.7354882344820405,0.47019345434773946,0.5487952486797244,0.7479096965739996,1.0,0.20244380616281826,0.055726288898172355,0.10311890971387647,0.31147403694830644,0.017327833995075866,0.0,0.0,0.0,0.0,0.0,0.0,0.0,0.1300625175858397,0.0,0.0,0.0,0.0,0.020395943845703368,0.0,0.0,0.03155081080800381,0.033116516224344285,0.39212164376480796,0.6859452985325598,0.49262327246257076,0.1423838702528293,0.0,0.0,0.0,0.0,0.0,0.0,0.0,0.1752238491990995,0.0,0.0,0.0,0.0,0.0,0.0,0.0,0.0,0.0,0.0,0.0,0.0,0.0,0.0,0.0,0.0,0.0,0.0,0.0,0.0,0.0,0.0,0.0,0.0,0.0,0.0,0.0,0.0,0.0,0.0,0.0,0.0,0.0,0.0,0.0,0.0,0.0,0.0,0.0,0.0,0.0,0.0,0.0,0.0
0.5221647674852686,0.4317653370961857,0.17509040152893648,0.019935793963138587,0.06690731594387665,0.2858651937688402,0.73082725782201,0.5433929277067161,0.29987816868322753,0.20244380616281826,1.0,0.7354285945448117,0.5421389708339307,0.47464782308408116,0.7308314875225413,0.5433961076377357,0.47465253661990153,0.5421417246835122,0.5221642234326065,0.28587327967579784,0.2024535009748521,0.29988322992266614,0.43175506877570347,0.1750783739750743,0.01993782922266312,0.06691766068657466,0.012221151748642783,0.012207001590590091,0.0,0.0,0.37543973895192156,0.0,0.0,0.0,0.03130797637195975,0.16109548494981107,0.2491397510399292,0.24914164651240545,0.16110075556056402,0.031312509091323215,0.0,0.0,0.0,0.3754307021709913,0.0,0.0,0.0,0.0,0.0,0.0,0.0,0.0,0.0,0.0,0.0,0.0,0.0,0.0,0.0,0.0,0.0,0.0,0.0,0.0,0.0,0.0,0.0,0.0,0.0,0.0,0.0,0.0,0.0,0.0,0.0,0.0,0.0,0.0,0.0,0.0,0.0,0.0,0.0,0.0,0.0,0.0,0.0,0.0
0.2988598846475497,0.19357323274118135,0.0,0.0,0.0,0.08635376092993617,0.545179695509628,0.47900585328823336,0.2139657158022127,0.055726288898172355,0.7354285945448117,1.0,0.7361615417419187,0.5512983922850502,0.5451782269228364,0.47900306530568626,0.5512987596952031,0.7361624495219,0.29885139761377616,0.08634626989254512,0.05572166471338188,0.21396188799031135,0.19356687060730285,0.0,0.0,0.0,0.0,0.0,0.0,0.0,0.1508655312388919,0.0,0.0,0.0,0.0,0.2546604228467589,0.48622295643680735,0.4862233780135352,0.2546605670397406,0.0,0.0,0.0,0.0,0.15087579740976556,0.0,0.0,0.0,0.0,0.0,0.0,0.0,0.0,0.0,0.0,0.0,0.0,0.0,0.0,0.0,0.0,0.0,0.0,0.0,0.0,0.0,0.0,0.0,0.0,0.0,0.0,0.0,0.0,0.0,0.0,0.0,0.0,0.0,0.0,0.0,0.0,0.0,0.0,0.0,0.0,0.0,0.0,0.0,0.0
0.21486818442325903,0.05026763003982489,0.0,0.0,0.0,0.060594040423656424,0.4764148999239906,0.5523406201568848,0.31243106392467007,0.10311890971387647,0.5421389708339307,0.7361615417419187,1.0,0.7473484014921605,0.3048031490979094,0.21597297668800322,0.31196575158675816,0.5435067286435007,0.08380279344010141,0.0,0.0,0.0,0.03278461612601352,0.0,0.0,0.0,0.0,0.0,0.0,0.0,0.0,0.0,0.0,0.0,0.14253504595344377,0.4913803319608102,0.6858862263938935,0.3933485884438146,0.035353621880495845,0.0,0.0,0.0,0.0,0.037511135724431884,0.0,0.0,0.0,0.0,0.0,0.0,0.0,0.0,0.0,0.0,0.0,0.0,0.0,0.0,0.0,0.0,0.0,0.0,0.0,0.0,0.0,0.0,0.0,0.0,0.0,0.0,0.0,0.0,0.0,0.0,0.0,0.0,0.0,0.0,0.0,0.0,0.0,0.0,0.0,0.0,0.0,0.0,0.0,0.0
0.3048900872892364,0.08935524745301586,0.0,0.0,0.0,0.21506805539176785,0.5430532327545622,0.7361473902253826,0.5431645216996425,0.31147403694830644,0.47464782308408116,0.5512983922850502,0.7473484014921605,1.0,0.2118325571722454,0.05937303032151889,0.10277012510298345,0.31196672497382505,0.03827895992949168,0.0,0.0,0.0,0.051020057682503436,0.0,0.0,0.0,0.0,0.0,0.0,0.0,0.0,0.0,0.0,0.03565209948505173,0.3942091282606612,0.6859139832855018,0.49147316870262103,0.14154412624097326,0.0,0.0,0.0,0.0,0.0,0.09341294002625909,0.0,0.0,0.0,0.0,0.0,0.0,0.0,0.0,0.0,0.0,0.0,0.0,0.0,0.0,0.0,0.0,0.0,0.0,0.0,0.0,0.0,0.0,0.0,0.0,0.0,0.0,0.0,0.0,0.0,0.0,0.0,0.0,0.0,0.0,0.0,0.0,0.0,0.0,0.0,0.0,0.0,0.0,0.0,0.0
0.40779523984824373,0.4207623912091368,0.18615172470866279,0.0,0.0,0.15348018635612162,0.5198533534719992,0.2935118242100085,0.07140217590251328,0.017327833995075866,0.7308314875225413,0.5451782269228364,0.3048031490979094,0.2118325571722454,1.0,0.7368509990209822,0.5430553090598436,0.4764147958177059,0.7298215539159443,0.5375682937125701,0.4701950469276453,0.5418827712913674,0.5328107149842012,0.2971007999324342,0.2023055697339127,0.29731301459921294,0.0802101769963624,0.0808513183758876,0.0,0.0,0.4247803723336248,0.0,0.0,0.0,0.0,0.0,0.03539364015246135,0.1628455177392718,0.24982224640208642,0.2499166683440419,0.15642291319825627,0.02547901887452443,0.0,0.3759407873023111,0.0,0.0,0.0,0.0,0.0,0.0,0.0,0.0,0.0,0.0,0.0,0.0,0.0,0.0,0.0,0.0,0.0,0.0,0.0,0.0,0.0,0.0,0.0,0.0,0.0,0.0,0.0,0.0,0.0,0.0,0.0,0.0,0.0,0.0,0.0,0.0,0.0,0.0,0.0,0.0,0.0,0.0,0.0,0.0
0.17141185241959095,0.2214587012064199,0.00018453604359669882,0.0,0.0,0.0,0.29351517302190117,0.08717791421554409,0.0,0.0,0.5433961076377357,0.47900306530568626,0.21597297668800322,0.05937303032151889,0.7368509990209822,1.0,0.7361484603963157,0.5523382548526384,0.5455486807814972,0.4766061964372453,0.5487962640344008,0.7348703842905614,0.30536029225630534,0.096394785608421,0.057764787463416185,0.21494879709295245,0.0,0.0,0.0,0.0,0.27077998165539885,0.0,0.0,0.0,0.0,0.0,0.0,0.25576910954794635,0.4857187979913808,0.48595204534128655,0.25241315284066534,0.0,0.0,0.12429408196593537,0.0,0.0,0.0,0.0,0.0,0.0,0.0,0.0,0.0,0.0,0.0,0.0,0.0,0.0,0.0,0.0,0.0,0.0,0.0,0.0,0.0,0.0,0.0,0.0,0.0,0.0,0.0,0.0,0.0,0.0,0.0,0.0,0.0,0.0,0.0,0.0,0.0,0.0,0.0,0.0,0.0,0.0,0.0,0.0
0.03829807402246016,0.05105462284233162,0.0,0.0,0.0,0.0,0.2118385917819982,0.0593783457662829,0.0,0.0,0.47465253661990153,0.5512987596952031,0.31196575158675816,0.10277012510298345,0.5430553090598436,0.7361484603963157,1.0,0.7473473288251573,0.30489004496801525,0.21506637253250094,0.3114718157686904,0.5431633109635786,0.08936962636961004,0.0,0.0,0.0,0.0,0.0,0.0,0.0,0.0934483807591068,0.0,0.0,0.0,0.0,0.0,0.1415430153643671,0.49147263502432087,0.6859139531709121,0.39420759930459087,0.03564866590817903,0.0,0.0,0.0,0.0,0.0,0.0,0.0,0.0,0.0,0.0,0.0,0.0,0.0,0.0,0.0,0.0,0.0,0.0,0.0,0.0,0.0,0.0,0.0,0.0,0.0,0.0,0.0,0.0,0.0,0.0,0.0,0.0,0.0,0.0,0.0,0.0,0.0,0.0,0.0,0.0,0.0,0.0,0.0,0.0,0.0,0.0,0.0
0.0838176224895693,0.03280204549102552,0.0,0.0,0.0,0.0,0.3048073597981569,0.21597799465839188,0.0,0.0,0.5421417246835122,0.7361624495219,0.5435067286435007,0.31196672497382505,0.4764147958177059,0.5523382548526384,0.7473473288251573,1.0,0.2148625416437831,0.060585248556366426,0.10311122818350897,0.31242599907118523,0.050273771220144224,0.0,0.0,0.0,0.0,0.0,0.0,0.0,0.037514402020775404,0.0,0.0,0.0,0.0,0.03535508544352678,0.3933488911101739,0.685886401976594,0.4913783743103043,0.1425311958242229,0.0,0.0,0.0,0.0,0.0,0.0,0.0,0.0,0.0,0.0,0.0,0.0,0.0,0.0,0.0,0.0,0.0,0.0,0.0,0.0,0.0,0.0,0.0,0.0,0.0,0.0,0.0,0.0,0.0,0.0,0.0,0.0,0.0,0.0,0.0,0.0,0.0,0.0,0.0,0.0,0.0,0.0,0.0,0.0,0.0,0.0,0.0,0.0
0.3838620226078049,0.43158728494881576,0.24911858133155057,0.06565145793614109,0.031915206760475955,0.16157758378187195,0.4077881506858319,0.17139520393954422,0.0,0.0,0.5221642234326065,0.29885139761377616,0.08380279344010141,0.03827895992949168,0.7298215539159443,0.5455486807814972,0.30489004496801525,0.2148625416437831,1.0,0.735023347129486,0.5420684223312392,0.4771798524174127,0.7383152458850923,0.5469812010013724,0.47240117975722257,0.5435446385969747,0.15784702890029262,0.3056130800429232,0.006898407829590959,0.0716172799024526,0.3983669874801644,0.0,0.0,0.0,0.0,0.0,0.0,0.0,0.034558279291741836,0.163240218140377,0.24826845602384326,0.2501472889793634,0.15870537388437675,0.4860109936108401,0.0,0.0,0.0,0.0,0.0,0.0,0.0,0.0,0.0,0.0,0.0,0.0,0.0,0.0,0.0,0.0,0.0,0.0,0.0,0.0,0.0,0.0,0.0,0.0,0.0,0.0,0.0,0.0,0.0,0.0,0.0,0.0,0.0,0.0,0.0,0.0,0.0,0.0,0.0,0.0,0.0,0.0,0.0,0.0
0.1616158851748694,0.27458917296500507,0.1458107618751616,0.0,0.0,0.0,0.15349247310048644,0.0,0.0,0.0,0.28587327967579784,0.08634626989254512,0.0,0.0,0.5375682937125701,0.4766061964372453,0.21506637253250094,0.060585248556366426,0.735023347129486,1.0,0.7354872891703191,0.5524531107085677,0.5500694741716363,0.48131638894357565,0.5489938553873563,0.7375453965296386,0.1323539533530755,0.21596718340028584,0.036142537887490424,0.0,0.2723215565742376,0.0,0.0,0.0,0.0,0.0,0.0,0.0,0.0,0.25591288349918107,0.4848307941253438,0.4874633859023504,0.2529436035100768,0.25433302447288353,0.0,0.0,0.0,0.0,0.0,0.0,0.0,0.0,0.0,0.0,0.0,0.0,0.0,0.0,0.0,0.0,0.0,0.0,0.0,0.0,0.0,0.0,0.0,0.0,0.0,0.0,0.0,0.0,0.0,0.0,0.0,0.0,0.0,0.0,0.0,0.0,0.0,0.0,0.0,0.0,0.0,0.0,0.0,0.0
0.0,0.1301933460426483,0.0,0.0,0.0,0.0,0.017345072056597282,0.0,0.0,0.0,0.2024535009748521,0.05572166471338188,0.0,0.0,0.4701950469276453,0.5487962640344008,0.3114718157686904,0.10311122818350897,0.5420684223312392,0.7354872891703191,1.0,0.7479092441134272,0.3080413757730321,0.2178949689485732,0.30906836609153204,0.5428912841601284,0.020627867605645243,0.0,0.0,0.0,0.17543534812250447,0.0,0.0,0.0,0.0,0.0,0.0,0.0,0.14238243829784805,0.49262106133817113,0.6859457620343615,0.3921144997396709,0.03311779400837497,0.03156388347141977,0.0,0.0,0.0,0.0,0.0,0.0,0.0,0.0,0.0,0.0,0.0,0.0,0.0,0.0,0.0,0.0,0.0,0.0,0.0,0.0,0.0,0.0,0.0,0.0,0.0,0.0,0.0,0.0,0.0,0.0,0.0,0.0,0.0,0.0,0.0,0.0,0.0,0.0,0.0,0.0,0.0,0.0,0.0,0.0
0.0,0.10343806285600605,0.0,0.0,0.0,0.0,0.07141125070053299,0.0,0.0,0.0,0.29988322992266614,0.21396188799031135,0.0,0.0,0.5418827712913674,0.7348703842905614,0.5431633109635786,0.31242599907118523,0.4771798524174127,0.5524531107085677,0.7479092441134272,1.0,0.2189373417413976,0.0667752954791923,0.10369002317767638,0.31420712583297816,0.0,0.0,0.0,0.0,0.16897377660866544,0.0,0.0,0.0,0.0,0.0,0.0,0.03657751525537411,0.39316088633870566,0.6858567702500612,0.4919266913578113,0.14189122574002377,0.0,0.0,0.0,0.0,0.0,0.0,0.0,0.0,0.0,0.0,0.0,0.0,0.0,0.0,0.0,0.0,0.0,0.0,0.0,0.0,0.0,0.0,0.0,0.0,0.0,0.0,0.0,0.0,0.0,0.0,0.0,0.0,0.0,0.0,0.0,0.0,0.0,0.0,0.0,0.0,0.0,0.0,0.0,0.0,0.0,0.0
0.4315095648548616,0.41279736515615134,0.262472215746588,0.14574229495430482,0.1523022574505365,0.2744500100376529,0.4207155592022369,0.22140691538798116,0.10335284605117184,0.1300625175858397,0.43175506877570347,0.19356687060730285,0.03278461612601352,0.051020057682503436,0.5328107149842012,0.30536029225630534,0.08936962636961004,0.050273771220144224,0.7383152458850923,0.5500694741716363,0.3080413757730321,0.2189373417413976,1.0,0.7425799682404978,0.548581397092195,0.4834427759080069,0.12111759545523891,0.5479684827873922,0.0,0.32375217927971167,0.2903303533283263,0.0,0.0,0.0,0.0,0.0,0.0,0.0,0.0,0.0,0.035852254807682366,0.1694114923067429,0.2547208748246026,0.6868644762734611,0.0,0.0,0.0,0.0,0.0,0.0,0.0,0.0,0.0,0.0,0.0,0.0,0.0,0.0,0.0,0.0,0.0,0.0,0.0,0.0,0.0,0.0,0.0,0.0,0.0,0.0,0.0,0.0,0.0,0.0,0.0,0.0,0.0,0.0,0.0,0.0,0.0,0.0,0.0,0.0,0.0,0.0,0.0,0.0
0.24904920158278687,0.26248986731056945,0.18642228888106416,0.10342645340122862,0.08550837477569852,0.14566272384985451,0.1861089165763797,0.00012882316200397208,0.0,0.0,0.1750783739750743,0.0,0.0,0.0,0.2971007999324342,0.096394785608421,0.0,0.0,0.5469812010013724,0.48131638894357565,0.2178949689485732,0.0667752954791923,0.7425799682404978,1.0,0.7375082269708432,0.5546011771198253,0.0771838801062807,0.7344825054053831,0.0,0.49120918691842985,0.11990597221571926,0.0,0.0,0.0,0.0,0.0,0.0,0.0,0.0,0.0,0.0,0.25811318106238407,0.4850359475121654,0.4926813323527458,0.0,0.0,0.0,0.0,0.0,0.0,0.0,0.0,0.0,0.0,0.0,0.0,0.0,0.0,0.0,0.0,0.0,0.0,0.0,0.0,0.0,0.0,0.0,0.0,0.0,0.0,0.0,0.0,0.0,0.0,0.0,0.0,0.0,0.0,0.0,0.0,0.0,0.0,0.0,0.0,0.0,0.0,0.0,0.0
0.06565235021204972,0.14584811861512623,0.10353995392768456,0.0,0.0,0.0,0.0,0.0,0.0,0.0,0.01993782922266312,0.0,0.0,0.0,0.2023055697339127,0.057764787463416185,0.0,0.0,0.47240117975722257,0.5489938553873563,0.30906836609153204,0.10369002317767638,0.548581397092195,0.7375082269708432,1.0,0.7454823647052551,0.06839412318116618,0.543038735307928,0.0,0.3198825930573385,0.04288703074935089,0.0,0.0,0.0,0.0,0.0,0.0,0.0,0.0,0.0,0.1364898413805031,0.491474034281854,0.6862548358967995,0.2561416497141179,0.0,0.0,0.0,0.0,0.0,0.0,0.0,0.0,0.0,0.0,0.0,0.0,0.0,0.0,0.0,0.0,0.0,0.0,0.0,0.0,0.0,0.0,0.0,0.0,0.0,0.0,0.0,0.0,0.0,0.0,0.0,0.0,0.0,0.0,0.0,0.0,0.0,0.0,0.0,0.0,0.0,0.0,0.0,0.0
0.031959426970733916,0.15246100959959555,0.08568915769428576,0.0,0.0,0.0,0.0,0.0,0.0,0.0,0.06691766068657466,0.0,0.0,0.0,0.29731301459921294,0.21494879709295245,0.0,0.0,0.5435446385969747,0.7375453965296386,0.5428912841601284,0.31420712583297816,0.4834427759080069,0.5546011771198253,0.7454823647052551,1.0,0.09445412131488286,0.3120683428892489,0.017641105470417758,0.07805556998251148,0.10821748455633916,0.0,0.0,0.0,0.0,0.0,0.0,0.0,0.0,0.03785582726915743,0.3900504266401857,0.6859243691611819,0.48946947221465403,0.170530063675852,0.0,0.0,0.0,0.0,0.0,0.0,0.0,0.0,0.0,0.0,0.0,0.0,0.0,0.0,0.0,0.0,0.0,0.0,0.0,0.0,0.0,0.0,0.0,0.0,0.0,0.0,0.0,0.0,0.0,0.0,0.0,0.0,0.0,0.0,0.0,0.0,0.0,0.0,0.0,0.0,0.0,0.0,0.0,0.0
0.30560842295148355,0.5479682754302639,0.7344822900477536,0.5430417642649715,0.31207002891430163,0.2159683029491393,0.08084840849881776,0.0,0.0,0.0,0.012221151748642783,0.0,0.0,0.0,0.0802101769963624,0.0,0.0,0.0,0.15784702890029262,0.1323539533530755,0.020627867605645243,0.0,0.12111759545523891,0.0771838801062807,0.06839412318116618,0.09445412131488286,1.0,0.0,0.7567250681602405,0.0,0.39974204502699606,0.3893409621831158,0.03550946493879996,0.0,0.0,0.0,0.0,0.0,0.0,0.0,0.0,0.0,0.0,0.0,0.0,0.0,0.0,0.0,0.0,0.0,0.0,0.0,0.0,0.0,0.0,0.0,0.0,0.0,0.0,0.0,0.0,0.0,0.0,0.0,0.0,0.0,0.0,0.0,0.0,0.0,0.0,0.0,0.0,0.0,0.0,0.0,0.0,0.0,0.0,0.0,0.0,0.0,0.0,0.0,0.0,0.0,0.0,0.0
0.1577169197724031,0.12105994298042533,0.0770825387194572,0.06815495781572388,0.09414162854028024,0.13210912970402397,0.08014301252816788,0.0,0.0,0.020395943845703368,0.012207001590590091,0.0,0.0,0.0,0.0808513183758876,0.0,0.0,0.0,0.3056130800429232,0.21596718340028584,0.0,0.0,0.5479684827873922,0.7344825054053831,0.543038735307928,0.3120683428892489,0.0,1.0,0.0,0.7567250852307787,0.0,0.0,0.0,0.0,0.0,0.0,0.0,0.0,0.0,0.0,0.0,0.035510089613462074,0.38933350128490735,0.3997313100473355,0.0,0.0,0.0,0.0,0.0,0.0,0.0,0.0,0.0,0.0,0.0,0.0,0.0,0.0,0.0,0.0,0.0,0.0,0.0,0.0,0.0,0.0,0.0,0.0,0.0,0.0,0.0,0.0,0.0,0.0,0.0,0.0,0.0,0.0,0.0,0.0,0.0,0.0,0.0,0.0,0.0,0.0,0.0,0.0
0.0716075711600036,0.32374547689217736,0.49120899058632067,0.3198928275615644,0.0780625213755886,0.0,0.0,0.0,0.0,0.0,0.0,0.0,0.0,0.0,0.0,0.0,0.0,0.0,0.006898407829590959,0.036142537887490424,0.0,0.0,0.0,0.0,0.0,0.017641105470417758,0.7567250681602405,0.0,1.0,0.0,0.23309879091460373,0.22329876014034936,0.0,0.0,0.0,0.0,0.0,0.0,0.0,0.0,0.0,0.0,0.0,0.0,0.0,0.0,0.0,0.0,0.0,0.0,0.0,0.0,0.0,0.0,0.0,0.0,0.0,0.0,0.0,0.0,0.0,0.0,0.0,0.0,0.0,0.0,0.0,0.0,0.0,0.0,0.0,0.0,0.0,0.0,0.0,0.0,0.0,0.0,0.0,0.0,0.0,0.0,0.0,0.0,0.0,0.0,0.0,0.0
0.006748411126715265,0.0,0.0,0.0,0.017256835341223662,0.035854822602897504,0.0,0.0,0.0,0.0,0.0,0.0,0.0,0.0,0.0,0.0,0.0,0.0,0.0716172799024526,0.0,0.0,0.0,0.32375217927971167,0.49120918691842985,0.3198825930573385,0.07805556998251148,0.0,0.7567250852307787,0.0,1.0,0.0,0.0,0.0,0.0,0.0,0.0,0.0,0.0,0.0,0.0,0.0,0.0,0.22327654384983667,0.23309920380652707,0.0,0.0,0.0,0.0,0.0,0.0,0.0,0.0,0.0,0.0,0.0,0.0,0.0,0.0,0.0,0.0,0.0,0.0,0.0,0.0,0.0,0.0,0.0,0.0,0.0,0.0,0.0,0.0,0.0,0.0,0.0,0.0,0.0,0.0,0.0,0.0,0.0,0.0,0.0,0.0,0.0,0.0,0.0,0.0
0.4859999888080801,0.6868653218234825,0.4926931717335825,0.2561458897877916,0.17052770751127136,0.2543275120968794,0.3759262034936006,0.12426561876831677,0.0,0.03155081080800381,0.37543973895192156,0.1508655312388919,0.0,0.0,0.4247803723336248,0.27077998165539885,0.0934483807591068,0.037514402020775404,0.3983669874801644,0.2723215565742376,0.17543534812250447,0.16897377660866544,0.2903303533283263,0.11990597221571926,0.04288703074935089,0.10821748455633916,0.39974204502699606,0.0,0.23309879091460373,0.0,1.0,0.0,0.0,0.0,0.0,0.0,0.0,0.0,0.0,0.0,0.0,0.0,0.0,0.16708358040663684,0.0,0.0,0.0,0.0,0.0,0.0,0.0,0.0,0.0,0.0,0.0,0.0,0.0,0.0,0.0,0.0,0.0,0.0,0.0,0.0,0.0,0.0,0.0,0.0,0.0,0.0,0.0,0.0,0.0,0.0,0.0,0.0,0.0,0.0,0.0,0.0,0.0,0.0,0.0,0.0,0.0,0.0,0.0,0.0
0.15869981559227783,0.25472051418742697,0.48503354217293,0.6862544647777763,0.48946855088445856,0.2529430424265127,0.0,0.0,0.0,0.033116516224344285,0.0,0.0,0.0,0.0,0.0,0.0,0.0,0.0,0.0,0.0,0.0,0.0,0.0,0.0,0.0,0.0,0.3893409621831158,0.0,0.22329876014034936,0.0,0.0,1.0,0.4066925945876454,0.0,0.0,0.0,0.0,0.0,0.0,0.0,0.0,0.0,0.0,0.0,0.0,0.0,0.0,0.0,0.0,0.0,0.0,0.0,0.0,0.0,0.0,0.0,0.0,0.0,0.0,0.0,0.0,0.0,0.0,0.0,0.0,0.0,0.0,0.0,0.0,0.0,0.0,0.0,0.0,0.0,0.0,0.0,0.0,0.0,0.0,0.0,0.0,0.0,0.0,0.0,0.0,0.0,0.0,0.0
0.2501440969211614,0.1694085573210452,0.2581094563203769,0.4914718927278876,0.6859247528380678,0.4874640869052882,0.025475930760237513,0.0,0.14189826487099505,0.39212164376480796,0.0,0.0,0.0,0.0,0.0,0.0,0.0,0.0,0.0,0.0,0.0,0.0,0.0,0.0,0.0,0.0,0.03550946493879996,0.0,0.0,0.0,0.0,0.4066925945876454,1.0,0.41914783204225653,0.0,0.0,0.0,0.0,0.0,0.0,0.0,0.0,0.0,0.0,0.0,0.0,0.0,0.0,0.0,0.0,0.0,0.0,0.0,0.0,0.0,0.0,0.0,0.0,0.0,0.0,0.0,0.0,0.0,0.0,0.0,0.0,0.0,0.0,0.0,0.0,0.0,0.0,0.0,0.0,0.0,0.0,0.0,0.0,0.0,0.0,0.0,0.0,0.0,0.0,0.0,0.0,0.0,0.0
0.24826978097066257,0.03584833375425276,0.0,0.13649101689138235,0.39005339425455365,0.4848305757336443,0.1564207932445452,0.25241243171646477,0.4919272816483268,0.6859452985325598,0.0,0.0,0.0,0.03565209948505173,0.0,0.0,0.0,0.0,0.0,0.0,0.0,0.0,0.0,0.0,0.0,0.0,0.0,0.0,0.0,0.0,0.0,0.0,0.41914783204225653,1.0,0.40868334474636125,0.0,0.0,0.0,0.0,0.0,0.0,0.0,0.0,0.0,0.0,0.0,0.0,0.0,0.0,0.0,0.0,0.0,0.0,0.0,0.0,0.0,0.0,0.0,0.0,0.0,0.0,0.0,0.0,0.0,0.0,0.0,0.0,0.0,0.0,0.0,0.0,0.0,0.0,0.0,0.0,0.0,0.0,0.0,0.0,0.0,0.0,0.0,0.0,0.0,0.0,0.0,0.0,0.0
0.1632432595946633,0.0,0.0,0.0,0.03785823857543669,0.25591475011413906,0.24991903664749351,0.4859529525150272,0.6858573721501708,0.49262327246257076,0.03130797637195975,0.0,0.14253504595344377,0.3942091282606612,0.0,0.0,0.0,0.0,0.0,0.0,0.0,0.0,0.0,0.0,0.0,0.0,0.0,0.0,0.0,0.0,0.0,0.0,0.0,0.40868334474636125,1.0,0.42563729272556045,0.0,0.0,0.0,0.0,0.0,0.0,0.0,0.0,0.0,0.0,0.0,0.0,0.0,0.0,0.0,0.0,0.0,0.0,0.0,0.0,0.0,0.0,0.0,0.0,0.0,0.0,0.0,0.0,0.0,0.0,0.0,0.0,0.0,0.0,0.0,0.0,0.0,0.0,0.0,0.0,0.0,0.0,0.0,0.0,0.0,0.0,0.0,0.0,0.0,0.0,0.0,0.0
0.03455720120605231,0.0,0.0,0.0,0.0,0.0,0.24981956762670474,0.4857156954895843,0.3931593415605177,0.1423838702528293,0.16109548494981107,0.2546604228467589,0.4913803319608102,0.6859139832855018,0.0,0.0,0.0,0.03535508544352678,0.0,0.0,0.0,0.0,0.0,0.0,0.0,0.0,0.0,0.0,0.0,0.0,0.0,0.0,0.0,0.0,0.42563729272556045,1.0,0.40653186159457827,0.0,0.0,0.0,0.0,0.0,0.0,0.0,0.0,0.0,0.0,0.0,0.0,0.0,0.0,0.0,0.0,0.0,0.0,0.0,0.0,0.0,0.0,0.0,0.0,0.0,0.0,0.0,0.0,0.0,0.0,0.0,0.0,0.0,0.0,0.0,0.0,0.0,0.0,0.0,0.0,0.0,0.0,0.0,0.0,0.0,0.0,0.0,0.0,0.0,0.0,0.0
0.0,0.0,0.0,0.0,0.0,0.0,0.16284597922476277,0.2557710106690186,0.03658318389876715,0.0,0.2491397510399292,0.48622295643680735,0.6858862263938935,0.49147316870262103,0.03539364015246135,0.0,0.1415430153643671,0.3933488911101739,0.0,0.0,0.0,0.0,0.0,0.0,0.0,0.0,0.0,0.0,0.0,0.0,0.0,0.0,0.0,0.0,0.0,0.40653186159457827,1.0,0.42405079361109405,0.0,0.0,0.0,0.0,0.0,0.0,0.0,0.0,0.0,0.0,0.0,0.0,0.0,0.0,0.0,0.0,0.0,0.0,0.0,0.0,0.0,0.0,0.0,0.0,0.0,0.0,0.0,0.0,0.0,0.0,0.0,0.0,0.0,0.0,0.0,0.0,0.0,0.0,0.0,0.0,0.0,0.0,0.0,0.0,0.0,0.0,0.0,0.0,0.0,0.0
0.0,0.0,0.0,0.0,0.0,0.0,0.03539792718236756,0.0,0.0,0.0,0.24914164651240545,0.4862233780135352,0.3933485884438146,0.14154412624097326,0.1628455177392718,0.25576910954794635,0.49147263502432087,0.685886401976594,0.0,0.0,0.0,0.03657751525537411,0.0,0.0,0.0,0.0,0.0,0.0,0.0,0.0,0.0,0.0,0.0,0.0,0.0,0.0,0.42405079361109405,1.0,0.4065291066778813,0.0,0.0,0.0,0.0,0.0,0.0,0.0,0.0,0.0,0.0,0.0,0.0,0.0,0.0,0.0,0.0,0.0,0.0,0.0,0.0,0.0,0.0,0.0,0.0,0.0,0.0,0.0,0.0,0.0,0.0,0.0,0.0,0.0,0.0,0.0,0.0,0.0,0.0,0.0,0.0,0.0,0.0,0.0,0.0,0.0,0.0,0.0,0.0,0.0
0.0,0.0,0.0,0.0,0.0,0.0,0.0,0.0,0.0,0.0,0.16110075556056402,0.2546605670397406,0.035353621880495845,0.0,0.24982224640208642,0.4857187979913808,0.6859139531709121,0.4913783743103043,0.034558279291741836,0.0,0.14238243829784805,0.39316088633870566,0.0,0.0,0.0,0.0,0.0,0.0,0.0,0.0,0.0,0.0,0.0,0.0,0.0,0.0,0.0,0.4065291066778813,1.0,0.42563969609405816,0.0,0.0,0.0,0.0,0.0,0.0,0.0,0.0,0.0,0.0,0.0,0.0,0.0,0.0,0.0,0.0,0.0,0.0,0.0,0.0,0.0,0.0,0.0,0.0,0.0,0.0,0.0,0.0,0.0,0.0,0.0,0.0,0.0,0.0,0.0,0.0,0.0,0.0,0.0,0.0,0.0,0.0,0.0,0.0,0.0,0.0,0.0,0.0
0.0,0.0,0.0,0.0,0.0,0.0,0.0,0.0,0.0,0.0,0.031312509091323215,0.0,0.0,0.0,0.2499166683440419,0.48595204534128655,0.39420759930459087,0.1425311958242229,0.163240218140377,0.25591288349918107,0.49262106133817113,0.6858567702500612,0.0,0.0,0.0,0.03785582726915743,0.0,0.0,0.0,0.0,0.0,0.0,0.0,0.0,0.0,0.0,0.0,0.0,0.42563969609405816,1.0,0.4086789610129485,0.0,0.0,0.0,0.0,0.0,0.0,0.0,0.0,0.0,0.0,0.0,0.0,0.0,0.0,0.0,0.0,0.0,0.0,0.0,0.0,0.0,0.0,0.0,0.0,0.0,0.0,0.0,0.0,0.0,0.0,0.0,0.0,0.0,0.0,0.0,0.0,0.0,0.0,0.0,0.0,0.0,0.0,0.0,0.0,0.0,0.0,0.0
0.0,0.0,0.0,0.0,0.0,0.0,0.0,0.0,0.0,0.0,0.0,0.0,0.0,0.0,0.15642291319825627,0.25241315284066534,0.03564866590817903,0.0,0.24826845602384326,0.4848307941253438,0.6859457620343615,0.4919266913578113,0.035852254807682366,0.0,0.1364898413805031,0.3900504266401857,0.0,0.0,0.0,0.0,0.0,0.0,0.0,0.0,0.0,0.0,0.0,0.0,0.0,0.4086789610129485,1.0,0.4191364340420474,0.0,0.0,0.0,0.0,0.0,0.0,0.0,0.0,0.0,0.0,0.0,0.0,0.0,0.0,0.0,0.0,0.0,0.0,0.0,0.0,0.0,0.0,0.0,0.0,0.0,0.0,0.0,0.0,0.0,0.0,0.0,0.0,0.0,0.0,0.0,0.0,0.0,0.0,0.0,0.0,0.0,0.0,0.0,0.0,0.0,0.0
0.0,0.0,0.0,0.0,0.0,0.0,0.0,0.0,0.0,0.0,0.0,0.0,0.0,0.0,0.02547901887452443,0.0,0.0,0.0,0.2501472889793634,0.4874633859023504,0.3921144997396709,0.14189122574002377,0.1694114923067429,0.25811318106238407,0.491474034281854,0.6859243691611819,0.0,0.035510089613462074,0.0,0.0,0.0,0.0,0.0,0.0,0.0,0.0,0.0,0.0,0.0,0.0,0.4191364340420474,1.0,0.40670066402294963,0.0,0.0,0.0,0.0,0.0,0.0,0.0,0.0,0.0,0.0,0.0,0.0,0.0,0.0,0.0,0.0,0.0,0.0,0.0,0.0,0.0,0.0,0.0,0.0,0.0,0.0,0.0,0.0,0.0,0.0,0.0,0.0,0.0,0.0,0.0,0.0,0.0,0.0,0.0,0.0,0.0,0.0,0.0,0.0,0.0
0.0,0.0,0.0,0.0,0.0,0.0,0.0,0.0,0.0,0.0,0.0,0.0,0.0,0.0,0.0,0.0,0.0,0.0,0.15870537388437675,0.2529436035100768,0.03311779400837497,0.0,0.2547208748246026,0.4850359475121654,0.6862548358967995,0.48946947221465403,0.0,0.38933350128490735,0.0,0.22327654384983667,0.0,0.0,0.0,0.0,0.0,0.0,0.0,0.0,0.0,0.0,0.0,0.40670066402294963,1.0,0.0,0.0,0.0,0.0,0.0,0.0,0.0,0.0,0.0,0.0,0.0,0.0,0.0,0.0,0.0,0.0,0.0,0.0,0.0,0.0,0.0,0.0,0.0,0.0,0.0,0.0,0.0,0.0,0.0,0.0,0.0,0.0,0.0,0.0,0.0,0.0,0.0,0.0,0.0,0.0,0.0,0.0,0.0,0.0,0.0
0.39820462530530143,0.2902422388114705,0.11979309229645858,0.04268805652088659,0.10796343824544155,0.27208450542788076,0.4246916233364959,0.2706975422906276,0.16883686098108752,0.1752238491990995,0.3754307021709913,0.15087579740976556,0.037511135724431884,0.09341294002625909,0.3759407873023111,0.12429408196593537,0.0,0.0,0.4860109936108401,0.25433302447288353,0.03156388347141977,0.0,0.6868644762734611,0.4926813323527458,0.2561416497141179,0.170530063675852,0.0,0.3997313100473355,0.0,0.23309920380652707,0.16708358040663684,0.0,0.0,0.0,0.0,0.0,0.0,0.0,0.0,0.0,0.0,0.0,0.0,1.0,0.0,0.0,0.0,0.0,0.0,0.0,0.0,0.0,0.0,0.0,0.0,0.0,0.0,0.0,0.0,0.0,0.0,0.0,0.0,0.0,0.0,0.0,0.0,0.0,0.0,0.0,0.0,0.0,0.0,0.0,0.0,0.0,0.0,0.0,0.0,0.0,0.0,0.0,0.0,0.0,0.0,0.0,0.0,0.0
0.0,0.0,0.0,0.0,0.0,0.0,0.0,0.0,0.0,0.0,0.0,0.0,0.0,0.0,0.0,0.0,0.0,0.0,0.0,0.0,0.0,0.0,0.0,0.0,0.0,0.0,0.0,0.0,0.0,0.0,0.0,0.0,0.0,0.0,0.0,0.0,0.0,0.0,0.0,0.0,0.0,0.0,0.0,0.0,1.0,0.7383103507710321,0.546979819694237,0.4723958891055894,0.5435386906776228,0.7350233802711091,0.7298233068345809,0.5455493668145673,0.47718269897408394,0.5420710068377029,0.5221647674852686,0.2988598846475497,0.21486818442325903,0.3048900872892364,0.40779523984824373,0.17141185241959095,0.03829807402246016,0.0838176224895693,0.383862022607805,0.1616158851748694,0.0,0.0,0.4315095648548615,0.24904920158278687,0.06565235021204972,0.031959426970733916,0.30560842295148344,0.1577169197724031,0.0716075711600036,0.006748411126715265,0.4859999888080801,0.15869981559227783,0.2501440969211615,0.24826978097066257,0.1632432595946633,0.03455720120605231,0.0,0.0,0.0,0.0,0.0,0.0,0.0,0.3982046253053014
0.0,0.0,0.0,0.0,0.0,0.0,0.0,0.0,0.0,0.0,0.0,0.0,0.0,0.0,0.0,0.0,0.0,0.0,0.0,0.0,0.0,0.0,0.0,0.0,0.0,0.0,0.0,0.0,0.0,0.0,0.0,0.0,0.0,0.0,0.0,0.0,0.0,0.0,0.0,0.0,0.0,0.0,0.0,0.0,0.7383103507710321,1.0,0.7425839223742364,0.5485797284083545,0.4834394719250328,0.5500689824024522,0.5328082974721501,0.3053489930918365,0.21892792022379085,0.30803774787769367,0.4317653370961857,0.19357323274118135,0.05026763003982473,0.08935524745301586,0.4207623912091366,0.22145870120641972,0.05105462284233162,0.03280204549102552,0.43158728494881576,0.274589172965005,0.1301933460426483,0.10343806285600605,0.4127973651561512,0.2624898673105693,0.14584811861512606,0.15246100959959555,0.5479682754302639,0.12105994298042516,0.3237454768921775,0.0,0.6868653218234825,0.2547205141874271,0.1694085573210453,0.03584833375425276,0.0,0.0,0.0,0.0,0.0,0.0,0.0,0.0,0.0,0.2902422388114703
0.0,0.0,0.0,0.0,0.0,0.0,0.0,0.0,0.0,0.0,0.0,0.0,0.0,0.0,0.0,0.0,0.0,0.0,0.0,0.0,0.0,0.0,0.0,0.0,0.0,0.0,0.0,0.0,0.0,0.0,0.0,0.0,0.0,0.0,0.0,0.0,0.0,0.0,0.0,0.0,0.0,0.0,0.0,0.0,0.546979819694237,0.7425839223742364,1.0,0.737505150812897,0.5545997595535219,0.4813189716481959,0.29710225103980265,0.09638736852972196,0.06676828023032834,0.2178940037108918,0.17509040152893665,0.0,0.0,0.0,0.18615172470866279,0.00018453604359669882,0.0,0.0,0.24911858133155074,0.1458107618751616,0.0,0.0,0.262472215746588,0.18642228888106416,0.10353995392768456,0.08568915769428592,0.7344822900477536,0.0770825387194572,0.49120899058632067,0.0,0.4926931717335825,0.48503354217293004,0.2581094563203769,0.0,0.0,0.0,0.0,0.0,0.0,0.0,0.0,0.0,0.0,0.11979309229645858
0.0,0.0,0.0,0.0,0.0,0.0,0.0,0.0,0.0,0.0,0.0,0.0,0.0,0.0,0.0,0.0,0.0,0.0,0.0,0.0,0.0,0.0,0.0,0.0,0.0,0.0,0.0,0.0,0.0,0.0,0.0,0.0,0.0,0.0,0.0,0.0,0.0,0.0,0.0,0.0,0.0,0.0,0.0,0.0,0.4723958891055894,0.5485797284083545,0.737505150812897,1.0,0.7454831866511302,0.5489952034756582,0.202301999659399,0.05775933311750957,0.10368663328595054,0.3090694669749679,0.019935793963138587,0.0,0.0,0.0,0.0,0.0,0.0,0.0,0.06565145793614126,0.0,0.0,0.0,0.14574229495430482,0.10342645340122862,0.0,0.0,0.5430417642649715,0.06815495781572388,0.3198928275615644,0.0,0.2561458897877916,0.6862544647777763,0.4914718927278876,0.13649101689138235,0.0,0.0,0.0,0.0,0.0,0.0,0.0,0.0,0.0,0.04268805652088659
0.0,0.0,0.0,0.0,0.0,0.0,0.0,0.0,0.0,0.0,0.0,0.0,0.0,0.0,0.0,0.0,0.0,0.0,0.0,0.0,0.0,0.0,0.0,0.0,0.0,0.0,0.0,0.0,0.0,0.0,0.0,0.0,0.0,0.0,0.0,0.0,0.0,0.0,0.0,0.0,0.0,0.0,0.0,0.0,0.5435386906776228,0.4834394719250328,0.5545997595535219,0.7454831866511302,1.0,0.7375442031593369,0.29730715961483833,0.21494600462108931,0.31420746901733354,0.5428935550130649,0.06690731594387682,0.0,0.0,0.0,0.0,0.0,0.0,0.0,0.03191520676047628,0.0,0.0,0.0,0.1523022574505365,0.08550837477569885,0.0,0.0,0.31207002891430163,0.09414162854028041,0.0780625213755886,0.017256835341223988,0.17052770751127136,0.48946855088445856,0.6859247528380678,0.39005339425455365,0.037858238575436846,0.0,0.0,0.0,0.0,0.0,0.0,0.0,0.0,0.10796343824544172
0.0,0.0,0.0,0.0,0.0,0.0,0.0,0.0,0.0,0.0,0.0,0.0,0.0,0.0,0.0,0.0,0.0,0.0,0.0,0.0,0.0,0.0,0.0,0.0,0.0,0.0,0.0,0.0,0.0,0.0,0.0,0.0,0.0,0.0,0.0,0.0,0.0,0.0,0.0,0.0,0.0,0.0,0.0,0.0,0.7350233802711091,0.5500689824024522,0.4813189716481959,0.5489952034756582,0.7375442031593369,1.0,0.5375653124923979,0.47660471162995466,0.5524537337750434,0.7354882344820405,0.2858651937688403,0.08635376092993617,0.060594040423656424,0.21506805539176785,0.15348018635612162,0.0,0.0,0.0,0.16157758378187212,0.0,0.0,0.0,0.2744500100376529,0.14566272384985451,0.0,0.0,0.2159683029491393,0.13210912970402397,0.0,0.035854822602897504,0.2543275120968794,0.2529430424265127,0.4874640869052883,0.4848305757336443,0.25591475011413906,0.0,0.0,0.0,0.0,0.0,0.0,0.0,0.0,0.27208450542788076
0.0,0.0,0.0,0.0,0.0,0.0,0.0,0.0,0.0,0.0,0.0,0.0,0.0,0.0,0.0,0.0,0.0,0.0,0.0,0.0,0.0,0.0,0.0,0.0,0.0,0.0,0.0,0.0,0.0,0.0,0.0,0.0,0.0,0.0,0.0,0.0,0.0,0.0,0.0,0.0,0.0,0.0,0.0,0.0,0.7298233068345809,0.5328082974721501,0.29710225103980265,0.202301999659399,0.29730715961483833,0.5375653124923979,1.0,0.7368519209504352,0.5418845291796638,0.47019345434773946,0.7308272578220101,0.545179695509628,0.4764148999239906,0.5430532327545622,0.5198533534719992,0.29351517302190117,0.2118385917819982,0.3048073597981569,0.4077881506858321,0.15349247310048644,0.017345072056597282,0.07141125070053299,0.4207155592022369,0.1861089165763797,0.0,0.0,0.0808484084988176,0.08014301252816788,0.0,0.0,0.3759262034936006,0.0,0.025475930760237676,0.1564207932445452,0.24991903664749351,0.24981956762670465,0.16284597922476277,0.03539792718236756,0.0,0.0,0.0,0.0,0.0,0.4246916233364959
0.0,0.0,0.0,0.0,0.0,0.0,0.0,0.0,0.0,0.0,0.0,0.0,0.0,0.0,0.0,0.0,0.0,0.0,0.0,0.0,0.0,0.0,0.0,0.0,0.0,0.0,0.0,0.0,0.0,0.0,0.0,0.0,0.0,0.0,0.0,0.0,0.0,0.0,0.0,0.0,0.0,0.0,0.0,0.0,0.5455493668145673,0.3053489930918365,0.09638736852972196,0.05775933311750957,0.21494600462108931,0.47660471162995466,0.7368519209504352,1.0,0.7348706658368157,0.5487952486797244,0.5433929277067161,0.47900585328823336,0.5523406201568847,0.7361473902253826,0.2935118242100085,0.08717791421554409,0.0593783457662829,0.21597799465839188,0.17139520393954422,0.0,0.0,0.0,0.22140691538798116,0.0001288231620038076,0.0,0.0,0.0,0.0,0.0,0.0,0.12426561876831677,0.0,0.0,0.25241243171646477,0.4859529525150272,0.4857156954895843,0.25577101066901853,0.0,0.0,0.0,0.0,0.0,0.0,0.27069754229062754
0.0,0.0,0.0,0.0,0.0,0.0,0.0,0.0,0.0,0.0,0.0,0.0,0.0,0.0,0.0,0.0,0.0,0.0,0.0,0.0,0.0,0.0,0.0,0.0,0.0,0.0,0.0,0.0,0.0,0.0,0.0,0.0,0.0,0.0,0.0,0.0,0.0,0.0,0.0,0.0,0.0,0.0,0.0,0.0,0.47718269897408394,0.21892792022379085,0.06676828023032834,0.10368663328595054,0.31420746901733354,0.5524537337750434,0.5418845291796638,0.7348706658368157,1.0,0.7479096965739996,0.29987816868322753,0.2139657158022127,0.31243106392467,0.5431645216996425,0.07140217590251313,0.0,0.0,0.0,0.0,0.0,0.0,0.0,0.10335284605117184,0.0,0.0,0.0,0.0,0.0,0.0,0.0,0.0,0.0,0.14189826487099522,0.4919272816483268,0.6858573721501708,0.3931593415605177,0.03658318389876715,0.0,0.0,0.0,0.0,0.0,0.0,0.16883686098108744
0.0,0.0,0.0,0.0,0.0,0.0,0.0,0.0,0.0,0.0,0.0,0.0,0.0,0.0,0.0,0.0,0.0,0.0,0.0,0.0,0.0,0.0,0.0,0.0,0.0,0.0,0.0,0.0,0.0,0.0,0.0,0.0,0.0,0.0,0.0,0.0,0.0,0.0,0.0,0.0,0.0,0.0,0.0,0.0,0.5420710068377029,0.30803774787769367,0.2178940037108918,0.3090694669749679,0.5428935550130649,0.7354882344820405,0.47019345434773946,0.5487952486797244,0.7479096965739996,1.0,0.20244380616281843,0.055726288898172355,0.10311890971387647,0.31147403694830644,0.017327833995075866,0.0,0.0,0.0,0.0,0.0,0.0,0.0,0.1300625175858397,0.0,0.0,0.0,0.0,0.020395943845703368,0.0,0.0,0.03155081080800381,0.033116516224344285,0.39212164376480796,0.6859452985325598,0.49262327246257076,0.1423838702528293,0.0,0.0,0.0,0.0,0.0,0.0,0.0,0.1752238491990995
0.0,0.0,0.0,0.0,0.0,0.0,0.0,0.0,0.0,0.0,0.0,0.0,0.0,0.0,0.0,0.0,0.0,0.0,0.0,0.0,0.0,0.0,0.0,0.0,0.0,0.0,0.0,0.0,0.0,0.0,0.0,0.0,0.0,0.0,0.0,0.0,0.0,0.0,0.0,0.0,0.0,0.0,0.0,0.0,0.5221647674852686,0.4317653370961857,0.17509040152893665,0.019935793963138587,0.06690731594387682,0.2858651937688403,0.7308272578220101,0.5433929277067161,0.29987816868322753,0.20244380616281843,1.0,0.7354285945448117,0.5421389708339307,0.47464782308408127,0.7308314875225412,0.5433961076377356,0.47465253661990153,0.5421417246835121,0.5221642234326065,0.28587327967579773,0.2024535009748521,0.29988322992266614,0.43175506877570347,0.17507837397507414,0.019937829222662955,0.06691766068657466,0.012221151748642783,0.012207001590589928,0.0,0.0,0.37543973895192173,0.0,0.0,0.0,0.03130797637195975,0.16109548494981107,0.2491397510399292,0.24914164651240545,0.16110075556056402,0.031312509091323056,0.0,0.0,0.0,0.3754307021709913
0.0,0.0,0.0,0.0,0.0,0.0,0.0,0.0,0.0,0.0,0.0,0.0,0.0,0.0,0.0,0.0,0.0,0.0,0.0,0.0,0.0,0.0,0.0,0.0,0.0,0.0,0.0,0.0,0.0,0.0,0.0,0.0,0.0,0.0,0.0,0.0,0.0,0.0,0.0,0.0,0.0,0.0,0.0,0.0,0.2988598846475497,0.19357323274118135,0.0,0.0,0.0,0.08635376092993617,0.545179695509628,0.47900585328823336,0.2139657158022127,0.055726288898172355,0.7354285945448117,1.0,0.7361615417419187,0.5512983922850502,0.5451782269228364,0.47900306530568626,0.5512987596952031,0.7361624495219,0.29885139761377627,0.08634626989254512,0.055721664713382045,0.21396188799031152,0.19356687060730285,0.0,0.0,0.0,0.0,0.0,0.0,0.0,0.1508655312388919,0.0,0.0,0.0,0.0,0.2546604228467589,0.48622295643680735,0.4862233780135352,0.2546605670397407,0.0,0.0,0.0,0.0,0.15087579740976556
0.0,0.0,0.0,0.0,0.0,0.0,0.0,0.0,0.0,0.0,0.0,0.0,0.0,0.0,0.0,0.0,0.0,0.0,0.0,0.0,0.0,0.0,0.0,0.0,0.0,0.0,0.0,0.0,0.0,0.0,0.0,0.0,0.0,0.0,0.0,0.0,0.0,0.0,0.0,0.0,0.0,0.0,0.0,0.0,0.21486818442325903,0.05026763003982473,0.0,0.0,0.0,0.060594040423656424,0.4764148999239906,0.5523406201568847,0.31243106392467,0.10311890971387647,0.5421389708339307,0.7361615417419187,1.0,0.7473484014921605,0.3048031490979094,0.21597297668800322,0.31196575158675816,0.5435067286435007,0.08380279344010141,0.0,0.0,0.0,0.03278461612601352,0.0,0.0,0.0,0.0,0.0,0.0,0.0,0.0,0.0,0.0,0.0,0.14253504595344377,0.4913803319608101,0.6858862263938935,0.39334858844381465,0.035353621880495845,0.0,0.0,0.0,0.0,0.037511135724431884
