1.0,0.7383103507710324,0.5469798196942371,0.47239588910558933,0.5435386906776226,0.7350233802711091,0.7298233068345806,0.5455493668145677,0.4771826989740837,0.5420710068377027,0.5221647674852684,0.29885988464755,0.21486818442325886,0.3048900872892361,0.4077952398482439,0.17141185241959095,0.03829807402246016,0.08381762248956945,0.38386202260780505,0.1616158851748694,0.0,0.0,0.4315095648548617,0.24904920158278687,0.06565235021204989,0.03195942697073408,0.3056084229514837,0.15771691977240293,0.07160757116000377,0.006748411126715265,0.48599998880808015,0.15869981559227783,0.25014409692116124,0.24826978097066243,0.16324325959466304,0.034557201206052476,0.0,0.0,0.0,0.0,0.0,0.0,0.0,0.39820462530530143,0.0,0.0,0.0,0.0,0.0,0.0,0.0,0.0,0.0,0.0,0.0,0.0,0.0,0.0,0.0,0.0,0.0,0.0,0.0,0.0,0.0,0.0,0.0,0.0,0.0,0.0,0.0,0.0,0.0,0.0,0.0,0.0,0.0,0.0,0.0,0.0,0.0,0.0,0.0,0.0,0.0,0.0,0.0,0.0
0.7383103507710324,1.0,0.7425839223742364,0.5485797284083543,0.48343947192503267,0.5500689824024524,0.5328082974721501,0.30534899309183694,0.21892792022379085,0.3080377478776936,0.4317653370961854,0.19357323274118152,0.05026763003982456,0.08935524745301571,0.4207623912091367,0.22145870120641972,0.05105462284233162,0.03280204549102552,0.4315872849488159,0.27458917296500507,0.13019334604264846,0.10343806285600621,0.4127973651561513,0.26248986731056934,0.14584811861512606,0.15246100959959571,0.5479682754302642,0.12105994298042516,0.32374547689217753,0.0,0.6868653218234825,0.2547205141874271,0.16940855732104512,0.03584833375425276,0.0,0.0,0.0,0.0,0.0,0.0,0.0,0.0,0.0,0.2902422388114705,0.0,0.0,0.0,0.0,0.0,0.0,0.0,0.0,0.0,0.0,0.0,0.0,0.0,0.0,0.0,0.0,0.0,0.0,0.0,0.0,0.0,0.0,0.0,0.0,0.0,0.0,0.0,0.0,0.0,0.0,0.0,0.0,0.0,0.0,0.0,0.0,0.0,0.0,0.0,0.0,0.0,0.0,0.0,0.0
0.5469798196942371,0.7425839223742364,1.0,0.737505150812897,0.5545997595535221,0.48131897164819615,0.29710225103980265,0.09638736852972245,0.06676828023032817,0.2178940037108918,0.17509040152893632,0.0,0.0,0.0,0.18615172470866262,0.00018453604359669882,0.0,0.0,0.24911858133155074,0.1458107618751616,0.0,0.0,0.2624722157465879,0.18642228888106416,0.10353995392768456,0.08568915769428592,0.7344822900477536,0.0770825387194572,0.4912089905863206,0.0,0.49269317173358257,0.48503354217293004,0.25810945632037674,0.0,0.0,0.0,0.0,0.0,0.0,0.0,0.0,0.0,0.0,0.11979309229645875,0.0,0.0,0.0,0.0,0.0,0.0,0.0,0.0,0.0,0.0,0.0,0.0,0.0,0.0,0.0,0.0,0.0,0.0,0.0,0.0,0.0,0.0,0.0,0.0,0.0,0.0,0.0,0.0,0.0,0.0,0.0,0.0,0.0,0.0,0.0,0.0,0.0,0.0,0.0,0.0,0.0,0.0,0.0,0.0
0.47239588910558933,0.5485797284083543,0.737505150812897,1.0,0.7454831866511306,0.5489952034756583,0.20230199965939882,0.057759333117509894,0.10368663328595037,0.3090694669749679,0.019935793963138257,0.0,0.0,0.0,0.0,0.0,0.0,0.0,0.06565145793614109,0.0,0.0,0.0,0.14574229495430482,0.10342645340122862,0.0,0.0,0.5430417642649715,0.06815495781572388,0.3198928275615644,0.0,0.2561458897877916,0.6862544647777763,0.4914718927278875,0.13649101689138252,0.0,0.0,0.0,0.0,0.0,0.0,0.0,0.0,0.0,0.04268805652088676,0.0,0.0,0.0,0.0,0.0,0.0,0.0,0.0,0.0,0.0,0.0,0.0,0.0,0.0,0.0,0.0,0.0,0.0,0.0,0.0,0.0,0.0,0.0,0.0,0.0,0.0,0.0,0.0,0.0,0.0,0.0,0.0,0.0,0.0,0.0,0.0,0.0,0.0,0.0,0.0,0.0,0.0,0.0,0.0
0.5435386906776226,0.48343947192503267,0.5545997595535221,0.7454831866511306,1.0,0.7375442031593368,0.297307159614838,0.21494600462108931,0.31420746901733304,0.5428935550130647,0.06690731594387649,0.0,0.0,0.0,0.0,0.0,0.0,0.0,0.03191520676047612,0.0,0.0,0.0,0.1523022574505365,0.08550837477569868,0.0,0.0,0.3120700289143019,0.09414162854028024,0.07806252137558876,0.017256835341223662,0.17052770751127144,0.48946855088445873,0.6859247528380674,0.3900533942545535,0.037858238575436354,0.0,0.0,0.0,0.0,0.0,0.0,0.0,0.0,0.10796343824544172,0.0,0.0,0.0,0.0,0.0,0.0,0.0,0.0,0.0,0.0,0.0,0.0,0.0,0.0,0.0,0.0,0.0,0.0,0.0,0.0,0.0,0.0,0.0,0.0,0.0,0.0,0.0,0.0,0.0,0.0,0.0,0.0,0.0,0.0,0.0,0.0,0.0,0.0,0.0,0.0,0.0,0.0,0.0,0.0
0.7350233802711091,0.5500689824024524,0.48131897164819615,0.5489952034756583,0.7375442031593368,1.0,0.5375653124923977,0.4766047116299548,0.552453733775043,0.7354882344820404,0.2858651937688401,0.08635376092993634,0.06059404042365626,0.21506805539176768,0.1534801863561218,0.0,0.0,0.0,0.16157758378187212,0.0,0.0,0.0,0.2744500100376529,0.14566272384985451,0.0,0.0,0.21596830294913963,0.13210912970402383,0.0,0.035854822602897504,0.2543275120968795,0.2529430424265128,0.48746408690528814,0.48483057573364413,0.2559147501141387,0.0,0.0,0.0,0.0,0.0,0.0,0.0,0.0,0.2720845054278809,0.0,0.0,0.0,0.0,0.0,0.0,0.0,0.0,0.0,0.0,0.0,0.0,0.0,0.0,0.0,0.0,0.0,0.0,0.0,0.0,0.0,0.0,0.0,0.0,0.0,0.0,0.0,0.0,0.0,0.0,0.0,0.0,0.0,0.0,0.0,0.0,0.0,0.0,0.0,0.0,0.0,0.0,0.0,0.0
0.7298233068345806,0.5328082974721501,0.29710225103980265,0.20230199965939882,0.297307159614838,0.5375653124923977,1.0,0.7368519209504355,0.5418845291796638,0.4701934543477393,0.73082725782201,0.5451796955096284,0.4764148999239906,0.5430532327545621,0.5198533534719993,0.2935151730219012,0.2118385917819982,0.30480735979815704,0.4077881506858319,0.15349247310048644,0.017345072056597282,0.07141125070053299,0.4207155592022368,0.18610891657637954,0.0,0.0,0.08084840849881776,0.08014301252816773,0.0,0.0,0.37592620349360056,0.0,0.025475930760237346,0.15642079324454494,0.24991903664749343,0.2498195676267049,0.1628459792247631,0.035397927182367894,0.0,0.0,0.0,0.0,0.0,0.4246916233364956,0.0,0.0,0.0,0.0,0.0,0.0,0.0,0.0,0.0,0.0,0.0,0.0,0.0,0.0,0.0,0.0,0.0,0.0,0.0,0.0,0.0,0.0,0.0,0.0,0.0,0.0,0.0,0.0,0.0,0.0,0.0,0.0,0.0,0.0,0.0,0.0,0.0,0.0,0.0,0.0,0.0,0.0,0.0,0.0
0.5455493668145677,0.30534899309183694,0.09638736852972245,0.057759333117509894,0.21494600462108931,0.4766047116299548,0.7368519209504355,1.0,0.7348706658368159,0.5487952486797245,0.5433929277067162,0.4790058532882335,0.5523406201568846,0.7361473902253821,0.2935118242100088,0.08717791421554409,0.0593783457662829,0.21597799465839188,0.17139520393954452,0.0,0.0,0.0,0.22140691538798132,0.00012882316200430106,0.0,0.0,0.0,0.0,0.0,0.0,0.1242656187683171,0.0,0.0,0.25241243171646477,0.485952952515027,0.48571569548958415,0.25577101066901853,0.0,0.0,0.0,0.0,0.0,0.0,0.27069754229062776,0.0,0.0,0.0,0.0,0.0,0.0,0.0,0.0,0.0,0.0,0.0,0.0,0.0,0.0,0.0,0.0,0.0,0.0,0.0,0.0,0.0,0.0,0.0,0.0,0.0,0.0,0.0,0.0,0.0,0.0,0.0,0.0,0.0,0.0,0.0,0.0,0.0,0.0,0.0,0.0,0.0,0.0,0.0,0.0
0.4771826989740837,0.21892792022379085,0.06676828023032817,0.10368663328595037,0.31420746901733304,0.552453733775043,0.5418845291796638,0.7348706658368159,1.0,0.7479096965739994,0.29987816868322764,0.21396571580221305,0.31243106392467035,0.5431645216996429,0.07140217590251345,0.0,0.0,0.0,0.0,0.0,0.0,0.0,0.10335284605117184,0.0,0.0,0.0,0.0,0.0,0.0,0.0,0.0,0.0,0.14189826487099474,0.49192728164832633,0.6858573721501708,0.3931593415605182,0.03658318389876764,0.0,0.0,0.0,0.0,0.0,0.0,0.16883686098108736,0.0,0.0,0.0,0.0,0.0,0.0,0.0,0.0,0.0,0.0,0.0,0.0,0.0,0.0,0.0,0.0,0.0,0.0,0.0,0.0,0.0,0.0,0.0,0.0,0.0,0.0,0.0,0.0,0.0,0.0,0.0,0.0,0.0,0.0,0.0,0.0,0.0,0.0,0.0,0.0,0.0,0.0,0.0,0.0
0.5420710068377027,0.3080377478776936,0.2178940037108918,0.3090694669749679,0.5428935550130647,0.7354882344820404,0.4701934543477393,0.5487952486797245,0.7479096965739994,1.0,0.2024438061628181,0.055726288898172514,0.10311890971387631,0.31147403694830633,0.017327833995075866,0.0,0.0,0.0,0.0,0.0,0.0,0.0,0.1300625175858397,0.0,0.0,0.0,0.0,0.020395943845703205,0.0,0.0,0.03155081080800381,0.033116516224344125,0.39212164376480796,0.6859452985325598,0.4926232724625706,0.14238387025282948,0.0,0.0,0.0,0.0,0.0,0.0,0.0,0.17522384919909959,0.0,0.0,0.0,0.0,0.0,0.0,0.0,0.0,0.0,0.0,0.0,0.0,0.0,0.0,0.0,0.0,0.0,0.0,0.0,0.0,0.0,0.0,0.0,0.0,0.0,0.0,0.0,0.0,0.0,0.0,0.0,0.0,0.0,0.0,0.0,0.0,0.0,0.0,0.0,0.0,0.0,0.0,0.0,0.0
0.5221647674852684,0.4317653370961854,0.17509040152893632,0.019935793963138257,0.06690731594387649,0.2858651937688401,0.73082725782201,0.5433929277067162,0.29987816868322764,0.2024438061628181,1.0,0.7354285945448124,0.5421389708339307,0.4746478230840811,0.7308314875225412,0.5433961076377356,0.4746525366199016,0.5421417246835124,0.5221642234326063,0.2858732796757976,0.2024535009748521,0.29988322992266603,0.43175506877570324,0.1750783739750738,0.01993782922266279,0.06691766068657433,0.012221151748642783,0.012207001590589434,0.0,0.0,0.37543973895192134,0.0,0.0,0.0,0.031307976371959916,0.16109548494981132,0.2491397510399296,0.24914164651240595,0.16110075556056433,0.031312509091323215,0.0,0.0,0.0,0.37543070217099084,0.0,0.0,0.0,0.0,0.0,0.0,0.0,0.0,0.0,0.0,0.0,0.0,0.0,0.0,0.0,0.0,0.0,0.0,0.0,0.0,0.0,0.0,0.0,0.0,0.0,0.0,0.0,0.0,0.0,0.0,0.0,0.0,0.0,0.0,0.0,0.0,0.0,0.0,0.0,0.0,0.0,0.0,0.0,0.0
0.29885988464755,0.19357323274118152,0.0,0.0,0.0,0.08635376092993634,0.5451796955096284,0.4790058532882335,0.21396571580221305,0.055726288898172514,0.7354285945448124,1.0,0.7361615417419185,0.55129839228505,0.5451782269228367,0.47900306530568626,0.551298759695203,0.7361624495219,0.2988513976137763,0.08634626989254529,0.055721664713382045,0.21396188799031135,0.19356687060730302,0.0,0.0,0.0,0.0,0.0,0.0,0.0,0.150865531238892,0.0,0.0,0.0,0.0,0.2546604228467589,0.48622295643680735,0.4862233780135351,0.2546605670397406,0.0,0.0,0.0,0.0,0.15087579740976548,0.0,0.0,0.0,0.0,0.0,0.0,0.0,0.0,0.0,0.0,0.0,0.0,0.0,0.0,0.0,0.0,0.0,0.0,0.0,0.0,0.0,0.0,0.0,0.0,0.0,0.0,0.0,0.0,0.0,0.0,0.0,0.0,0.0,0.0,0.0,0.0,0.0,0.0,0.0,0.0,0.0,0.0,0.0,0.0
0.21486818442325886,0.05026763003982456,0.0,0.0,0.0,0.06059404042365626,0.4764148999239906,0.5523406201568846,0.31243106392467035,0.10311890971387631,0.5421389708339307,0.7361615417419185,1.0,0.7473484014921605,0.3048031490979093,0.21597297668800305,0.3119657515867579,0.5435067286435006,0.08380279344010125,0.0,0.0,0.0,0.03278461612601352,0.0,0.0,0.0,0.0,0.0,0.0,0.0,0.0,0.0,0.0,0.0,0.14253504595344393,0.49138033196081027,0.6858862263938938,0.3933485884438146,0.035353621880495845,0.0,0.0,0.0,0.0,0.03751113572443156,0.0,0.0,0.0,0.0,0.0,0.0,0.0,0.0,0.0,0.0,0.0,0.0,0.0,0.0,0.0,0.0,0.0,0.0,0.0,0.0,0.0,0.0,0.0,0.0,0.0,0.0,0.0,0.0,0.0,0.0,0.0,0.0,0.0,0.0,0.0,0.0,0.0,0.0,0.0,0.0,0.0,0.0,0.0,0.0
0.3048900872892361,0.08935524745301571,0.0,0.0,0.0,0.21506805539176768,0.5430532327545621,0.7361473902253821,0.5431645216996429,0.31147403694830633,0.4746478230840811,0.55129839228505,0.7473484014921605,1.0,0.21183255717224522,0.059373030321518555,0.10277012510298313,0.311966724973825,0.03827895992949151,0.0,0.0,0.0,0.051020057682503436,0.0,0.0,0.0,0.0,0.0,0.0,0.0,0.0,0.0,0.0,0.03565209948505156,0.39420912826066135,0.6859139832855021,0.4914731687026212,0.14154412624097326,0.0,0.0,0.0,0.0,0.0,0.09341294002625876,0.0,0.0,0.0,0.0,0.0,0.0,0.0,0.0,0.0,0.0,0.0,0.0,0.0,0.0,0.0,0.0,0.0,0.0,0.0,0.0,0.0,0.0,0.0,0.0,0.0,0.0,0.0,0.0,0.0,0.0,0.0,0.0,0.0,0.0,0.0,0.0,0.0,0.0,0.0,0.0,0.0,0.0,0.0,0.0
0.4077952398482439,0.4207623912091367,0.18615172470866262,0.0,0.0,0.1534801863561218,0.5198533534719993,0.2935118242100088,0.07140217590251345,0.017327833995075866,0.7308314875225412,0.5451782269228367,0.3048031490979093,0.21183255717224522,1.0,0.7368509990209821,0.5430553090598437,0.47641479581770607,0.7298215539159442,0.5375682937125699,0.4701950469276452,0.5418827712913672,0.5328107149842012,0.2971007999324339,0.2023055697339127,0.29731301459921283,0.0802101769963624,0.08085131837588744,0.0,0.0,0.42478037233362465,0.0,0.0,0.0,0.0,0.0,0.03539364015246168,0.16284551773927214,0.24982224640208667,0.2499166683440419,0.15642291319825627,0.025479018874524105,0.0,0.375940787302311,0.0,0.0,0.0,0.0,0.0,0.0,0.0,0.0,0.0,0.0,0.0,0.0,0.0,0.0,0.0,0.0,0.0,0.0,0.0,0.0,0.0,0.0,0.0,0.0,0.0,0.0,0.0,0.0,0.0,0.0,0.0,0.0,0.0,0.0,0.0,0.0,0.0,0.0,0.0,0.0,0.0,0.0,0.0,0.0
0.17141185241959095,0.22145870120641972,0.00018453604359669882,0.0,0.0,0.0,0.2935151730219012,0.08717791421554409,0.0,0.0,0.5433961076377356,0.47900306530568626,0.21597297668800305,0.059373030321518555,0.7368509990209821,1.0,0.7361484603963157,0.5523382548526383,0.5455486807814971,0.4766061964372453,0.5487962640344008,0.7348703842905614,0.3053602922563053,0.09639478560842084,0.057764787463416185,0.21494879709295245,0.0,0.0,0.0,0.0,0.2707799816553988,0.0,0.0,0.0,0.0,0.0,0.0,0.2557691095479464,0.48571879799138096,0.4859520453412866,0.2524131528406655,0.0,0.0,0.12429408196593504,0.0,0.0,0.0,0.0,0.0,0.0,0.0,0.0,0.0,0.0,0.0,0.0,0.0,0.0,0.0,0.0,0.0,0.0,0.0,0.0,0.0,0.0,0.0,0.0,0.0,0.0,0.0,0.0,0.0,0.0,0.0,0.0,0.0,0.0,0.0,0.0,0.0,0.0,0.0,0.0,0.0,0.0,0.0,0.0
0.03829807402246016,0.05105462284233162,0.0,0.0,0.0,0.0,0.2118385917819982,0.0593783457662829,0.0,0.0,0.4746525366199016,0.551298759695203,0.3119657515867579,0.10277012510298313,0.5430553090598437,0.7361484603963157,1.0,0.7473473288251571,0.30489004496801525,0.21506637253250094,0.3114718157686904,0.5431633109635786,0.08936962636961004,0.0,0.0,0.0,0.0,0.0,0.0,0.0,0.0934483807591068,0.0,0.0,0.0,0.0,0.0,0.1415430153643671,0.491472635024321,0.6859139531709123,0.3942075993045911,0.03564866590817919,0.0,0.0,0.0,0.0,0.0,0.0,0.0,0.0,0.0,0.0,0.0,0.0,0.0,0.0,0.0,0.0,0.0,0.0,0.0,0.0,0.0,0.0,0.0,0.0,0.0,0.0,0.0,0.0,0.0,0.0,0.0,0.0,0.0,0.0,0.0,0.0,0.0,0.0,0.0,0.0,0.0,0.0,0.0,0.0,0.0,0.0,0.0
0.08381762248956945,0.03280204549102552,0.0,0.0,0.0,0.0,0.30480735979815704,0.21597799465839188,0.0,0.0,0.5421417246835124,0.7361624495219,0.5435067286435006,0.311966724973825,0.47641479581770607,0.5523382548526383,0.7473473288251571,1.0,0.2148625416437831,0.060585248556366426,0.10311122818350897,0.312425999071185,0.05027377122014406,0.0,0.0,0.0,0.0,0.0,0.0,0.0,0.037514402020775404,0.0,0.0,0.0,0.0,0.03535508544352678,0.39334889111017396,0.6858864019765942,0.4913783743103043,0.14253119582422305,0.0,0.0,0.0,0.0,0.0,0.0,0.0,0.0,0.0,0.0,0.0,0.0,0.0,0.0,0.0,0.0,0.0,0.0,0.0,0.0,0.0,0.0,0.0,0.0,0.0,0.0,0.0,0.0,0.0,0.0,0.0,0.0,0.0,0.0,0.0,0.0,0.0,0.0,0.0,0.0,0.0,0.0,0.0,0.0,0.0,0.0,0.0,0.0
0.38386202260780505,0.4315872849488159,0.24911858133155074,0.06565145793614109,0.03191520676047612,0.16157758378187212,0.4077881506858319,0.17139520393954452,0.0,0.0,0.5221642234326063,0.2988513976137763,0.08380279344010125,0.03827895992949151,0.7298215539159442,0.5455486807814971,0.30489004496801525,0.2148625416437831,1.0,0.7350233471294859,0.5420684223312392,0.4771798524174127,0.7383152458850922,0.546981201001372,0.4724011797572225,0.5435446385969747,0.15784702890029279,0.30561308004292304,0.006898407829591123,0.0716172799024526,0.3983669874801644,0.0,0.0,0.0,0.0,0.0,0.0,0.0,0.034558279291742,0.16324021814037676,0.24826845602384334,0.2501472889793632,0.15870537388437675,0.48601099361084,0.0,0.0,0.0,0.0,0.0,0.0,0.0,0.0,0.0,0.0,0.0,0.0,0.0,0.0,0.0,0.0,0.0,0.0,0.0,0.0,0.0,0.0,0.0,0.0,0.0,0.0,0.0,0.0,0.0,0.0,0.0,0.0,0.0,0.0,0.0,0.0,0.0,0.0,0.0,0.0,0.0,0.0,0.0,0.0
0.1616158851748694,0.27458917296500507,0.1458107618751616,0.0,0.0,0.0,0.15349247310048644,0.0,0.0,0.0,0.2858732796757976,0.08634626989254529,0.0,0.0,0.5375682937125699,0.4766061964372453,0.21506637253250094,0.060585248556366426,0.7350233471294859,1.0,0.7354872891703191,0.5524531107085678,0.5500694741716361,0.48131638894357537,0.5489938553873565,0.7375453965296386,0.13235395335307568,0.21596718340028567,0.036142537887490424,0.0,0.27232155657423746,0.0,0.0,0.0,0.0,0.0,0.0,0.0,0.0,0.2559128834991809,0.4848307941253439,0.4874633859023503,0.2529436035100768,0.25433302447288336,0.0,0.0,0.0,0.0,0.0,0.0,0.0,0.0,0.0,0.0,0.0,0.0,0.0,0.0,0.0,0.0,0.0,0.0,0.0,0.0,0.0,0.0,0.0,0.0,0.0,0.0,0.0,0.0,0.0,0.0,0.0,0.0,0.0,0.0,0.0,0.0,0.0,0.0,0.0,0.0,0.0,0.0,0.0,0.0
0.0,0.13019334604264846,0.0,0.0,0.0,0.0,0.017345072056597282,0.0,0.0,0.0,0.2024535009748521,0.055721664713382045,0.0,0.0,0.4701950469276452,0.5487962640344008,0.3114718157686904,0.10311122818350897,0.5420684223312392,0.7354872891703191,1.0,0.7479092441134273,0.308041375773032,0.21789496894857302,0.30906836609153215,0.5428912841601284,0.02062786760564541,0.0,0.0,0.0,0.17543534812250455,0.0,0.0,0.0,0.0,0.0,0.0,0.0,0.14238243829784822,0.4926210613381709,0.6859457620343616,0.3921144997396707,0.03311779400837497,0.03156388347141977,0.0,0.0,0.0,0.0,0.0,0.0,0.0,0.0,0.0,0.0,0.0,0.0,0.0,0.0,0.0,0.0,0.0,0.0,0.0,0.0,0.0,0.0,0.0,0.0,0.0,0.0,0.0,0.0,0.0,0.0,0.0,0.0,0.0,0.0,0.0,0.0,0.0,0.0,0.0,0.0,0.0,0.0,0.0,0.0
0.0,0.10343806285600621,0.0,0.0,0.0,0.0,0.07141125070053299,0.0,0.0,0.0,0.29988322992266603,0.21396188799031135,0.0,0.0,0.5418827712913672,0.7348703842905614,0.5431633109635786,0.312425999071185,0.4771798524174127,0.5524531107085678,0.7479092441134273,1.0,0.21893734174139742,0.06677529547919213,0.10369002317767638,0.31420712583297816,0.0,0.0,0.0,0.0,0.16897377660866558,0.0,0.0,0.0,0.0,0.0,0.0,0.03657751525537411,0.39316088633870566,0.6858567702500611,0.49192669135781153,0.1418912257400236,0.0,0.0,0.0,0.0,0.0,0.0,0.0,0.0,0.0,0.0,0.0,0.0,0.0,0.0,0.0,0.0,0.0,0.0,0.0,0.0,0.0,0.0,0.0,0.0,0.0,0.0,0.0,0.0,0.0,0.0,0.0,0.0,0.0,0.0,0.0,0.0,0.0,0.0,0.0,0.0,0.0,0.0,0.0,0.0,0.0,0.0
0.4315095648548617,0.4127973651561513,0.2624722157465879,0.14574229495430482,0.1523022574505365,0.2744500100376529,0.4207155592022368,0.22140691538798132,0.10335284605117184,0.1300625175858397,0.43175506877570324,0.19356687060730302,0.03278461612601352,0.051020057682503436,0.5328107149842012,0.3053602922563053,0.08936962636961004,0.05027377122014406,0.7383152458850922,0.5500694741716361,0.308041375773032,0.21893734174139742,1.0,0.7425799682404978,0.5485813970921948,0.4834427759080069,0.12111759545523874,0.5479684827873921,0.0,0.3237521792797117,0.2903303533283261,0.0,0.0,0.0,0.0,0.0,0.0,0.0,0.0,0.0,0.0358522548076822,0.16941149230674274,0.25472087482460243,0.6868644762734613,0.0,0.0,0.0,0.0,0.0,0.0,0.0,0.0,0.0,0.0,0.0,0.0,0.0,0.0,0.0,0.0,0.0,0.0,0.0,0.0,0.0,0.0,0.0,0.0,0.0,0.0,0.0,0.0,0.0,0.0,0.0,0.0,0.0,0.0,0.0,0.0,0.0,0.0,0.0,0.0,0.0,0.0,0.0,0.0
0.24904920158278687,0.26248986731056934,0.18642228888106416,0.10342645340122862,0.08550837477569868,0.14566272384985451,0.18610891657637954,0.00012882316200430106,0.0,0.0,0.1750783739750738,0.0,0.0,0.0,0.2971007999324339,0.09639478560842084,0.0,0.0,0.546981201001372,0.48131638894357537,0.21789496894857302,0.06677529547919213,0.7425799682404978,1.0,0.737508226970843,0.5546011771198252,0.0771838801062807,0.7344825054053831,0.0,0.4912091869184302,0.11990597221571911,0.0,0.0,0.0,0.0,0.0,0.0,0.0,0.0,0.0,0.0,0.2581131810623839,0.4850359475121655,0.49268133235274586,0.0,0.0,0.0,0.0,0.0,0.0,0.0,0.0,0.0,0.0,0.0,0.0,0.0,0.0,0.0,0.0,0.0,0.0,0.0,0.0,0.0,0.0,0.0,0.0,0.0,0.0,0.0,0.0,0.0,0.0,0.0,0.0,0.0,0.0,0.0,0.0,0.0,0.0,0.0,0.0,0.0,0.0,0.0,0.0
0.06565235021204989,0.14584811861512606,0.10353995392768456,0.0,0.0,0.0,0.0,0.0,0.0,0.0,0.01993782922266279,0.0,0.0,0.0,0.2023055697339127,0.057764787463416185,0.0,0.0,0.4724011797572225,0.5489938553873565,0.30906836609153215,0.10369002317767638,0.5485813970921948,0.737508226970843,1.0,0.7454823647052552,0.06839412318116618,0.5430387353079278,0.0,0.3198825930573385,0.04288703074935089,0.0,0.0,0.0,0.0,0.0,0.0,0.0,0.0,0.0,0.1364898413805031,0.4914740342818541,0.6862548358967995,0.2561416497141179,0.0,0.0,0.0,0.0,0.0,0.0,0.0,0.0,0.0,0.0,0.0,0.0,0.0,0.0,0.0,0.0,0.0,0.0,0.0,0.0,0.0,0.0,0.0,0.0,0.0,0.0,0.0,0.0,0.0,0.0,0.0,0.0,0.0,0.0,0.0,0.0,0.0,0.0,0.0,0.0,0.0,0.0,0.0,0.0
0.03195942697073408,0.15246100959959571,0.08568915769428592,0.0,0.0,0.0,0.0,0.0,0.0,0.0,0.06691766068657433,0.0,0.0,0.0,0.29731301459921283,0.21494879709295245,0.0,0.0,0.5435446385969747,0.7375453965296386,0.5428912841601284,0.31420712583297816,0.4834427759080069,0.5546011771198252,0.7454823647052552,1.0,0.09445412131488286,0.312068342889249,0.017641105470417758,0.07805556998251163,0.10821748455633916,0.0,0.0,0.0,0.0,0.0,0.0,0.0,0.0,0.03785582726915726,0.3900504266401856,0.6859243691611816,0.48946947221465403,0.17053006367585216,0.0,0.0,0.0,0.0,0.0,0.0,0.0,0.0,0.0,0.0,0.0,0.0,0.0,0.0,0.0,0.0,0.0,0.0,0.0,0.0,0.0,0.0,0.0,0.0,0.0,0.0,0.0,0.0,0.0,0.0,0.0,0.0,0.0,0.0,0.0,0.0,0.0,0.0,0.0,0.0,0.0,0.0,0.0,0.0
0.3056084229514837,0.5479682754302642,0.7344822900477536,0.5430417642649715,0.3120700289143019,0.21596830294913963,0.08084840849881776,0.0,0.0,0.0,0.012221151748642783,0.0,0.0,0.0,0.0802101769963624,0.0,0.0,0.0,0.15784702890029279,0.13235395335307568,0.02062786760564541,0.0,0.12111759545523874,0.0771838801062807,0.06839412318116618,0.09445412131488286,1.0,0.0,0.7567250681602403,0.0,0.39974204502699623,0.38934096218311587,0.03550946493879979,0.0,0.0,0.0,0.0,0.0,0.0,0.0,0.0,0.0,0.0,0.0,0.0,0.0,0.0,0.0,0.0,0.0,0.0,0.0,0.0,0.0,0.0,0.0,0.0,0.0,0.0,0.0,0.0,0.0,0.0,0.0,0.0,0.0,0.0,0.0,0.0,0.0,0.0,0.0,0.0,0.0,0.0,0.0,0.0,0.0,0.0,0.0,0.0,0.0,0.0,0.0,0.0,0.0,0.0,0.0
0.15771691977240293,0.12105994298042516,0.0770825387194572,0.06815495781572388,0.09414162854028024,0.13210912970402383,0.08014301252816773,0.0,0.0,0.020395943845703205,0.012207001590589434,0.0,0.0,0.0,0.08085131837588744,0.0,0.0,0.0,0.30561308004292304,0.21596718340028567,0.0,0.0,0.5479684827873921,0.7344825054053831,0.5430387353079278,0.312068342889249,0.0,1.0,0.0,0.756725085230779,0.0,0.0,0.0,0.0,0.0,0.0,0.0,0.0,0.0,0.0,0.0,0.035510089613462074,0.3893335012849075,0.3997313100473355,0.0,0.0,0.0,0.0,0.0,0.0,0.0,0.0,0.0,0.0,0.0,0.0,0.0,0.0,0.0,0.0,0.0,0.0,0.0,0.0,0.0,0.0,0.0,0.0,0.0,0.0,0.0,0.0,0.0,0.0,0.0,0.0,0.0,0.0,0.0,0.0,0.0,0.0,0.0,0.0,0.0,0.0,0.0,0.0
0.07160757116000377,0.32374547689217753,0.4912089905863206,0.3198928275615644,0.07806252137558876,0.0,0.0,0.0,0.0,0.0,0.0,0.0,0.0,0.0,0.0,0.0,0.0,0.0,0.006898407829591123,0.036142537887490424,0.0,0.0,0.0,0.0,0.0,0.017641105470417758,0.7567250681602403,0.0,1.0,0.0,0.2330987909146039,0.22329876014034944,0.0,0.0,0.0,0.0,0.0,0.0,0.0,0.0,0.0,0.0,0.0,0.0,0.0,0.0,0.0,0.0,0.0,0.0,0.0,0.0,0.0,0.0,0.0,0.0,0.0,0.0,0.0,0.0,0.0,0.0,0.0,0.0,0.0,0.0,0.0,0.0,0.0,0.0,0.0,0.0,0.0,0.0,0.0,0.0,0.0,0.0,0.0,0.0,0.0,0.0,0.0,0.0,0.0,0.0,0.0,0.0
0.006748411126715265,0.0,0.0,0.0,0.017256835341223662,0.035854822602897504,0.0,0.0,0.0,0.0,0.0,0.0,0.0,0.0,0.0,0.0,0.0,0.0,0.0716172799024526,0.0,0.0,0.0,0.3237521792797117,0.4912091869184302,0.3198825930573385,0.07805556998251163,0.0,0.756725085230779,0.0,1.0,0.0,0.0,0.0,0.0,0.0,0.0,0.0,0.0,0.0,0.0,0.0,0.0,0.22327654384983683,0.23309920380652735,0.0,0.0,0.0,0.0,0.0,0.0,0.0,0.0,0.0,0.0,0.0,0.0,0.0,0.0,0.0,0.0,0.0,0.0,0.0,0.0,0.0,0.0,0.0,0.0,0.0,0.0,0.0,0.0,0.0,0.0,0.0,0.0,0.0,0.0,0.0,0.0,0.0,0.0,0.0,0.0,0.0,0.0,0.0,0.0
0.48599998880808015,0.6868653218234825,0.49269317173358257,0.2561458897877916,0.17052770751127144,0.2543275120968795,0.37592620349360056,0.1242656187683171,0.0,0.03155081080800381,0.37543973895192134,0.150865531238892,0.0,0.0,0.42478037233362465,0.2707799816553988,0.0934483807591068,0.037514402020775404,0.3983669874801644,0.27232155657423746,0.17543534812250455,0.16897377660866558,0.2903303533283261,0.11990597221571911,0.04288703074935089,0.10821748455633916,0.39974204502699623,0.0,0.2330987909146039,0.0,1.0,0.0,0.0,0.0,0.0,0.0,0.0,0.0,0.0,0.0,0.0,0.0,0.0,0.16708358040663662,0.0,0.0,0.0,0.0,0.0,0.0,0.0,0.0,0.0,0.0,0.0,0.0,0.0,0.0,0.0,0.0,0.0,0.0,0.0,0.0,0.0,0.0,0.0,0.0,0.0,0.0,0.0,0.0,0.0,0.0,0.0,0.0,0.0,0.0,0.0,0.0,0.0,0.0,0.0,0.0,0.0,0.0,0.0,0.0
0.15869981559227783,0.2547205141874271,0.48503354217293004,0.6862544647777763,0.48946855088445873,0.2529430424265128,0.0,0.0,0.0,0.033116516224344125,0.0,0.0,0.0,0.0,0.0,0.0,0.0,0.0,0.0,0.0,0.0,0.0,0.0,0.0,0.0,0.0,0.38934096218311587,0.0,0.22329876014034944,0.0,0.0,1.0,0.40669259458764506,0.0,0.0,0.0,0.0,0.0,0.0,0.0,0.0,0.0,0.0,0.0,0.0,0.0,0.0,0.0,0.0,0.0,0.0,0.0,0.0,0.0,0.0,0.0,0.0,0.0,0.0,0.0,0.0,0.0,0.0,0.0,0.0,0.0,0.0,0.0,0.0,0.0,0.0,0.0,0.0,0.0,0.0,0.0,0.0,0.0,0.0,0.0,0.0,0.0,0.0,0.0,0.0,0.0,0.0,0.0
0.25014409692116124,0.16940855732104512,0.25810945632037674,0.4914718927278875,0.6859247528380674,0.48746408690528814,0.025475930760237346,0.0,0.14189826487099474,0.39212164376480796,0.0,0.0,0.0,0.0,0.0,0.0,0.0,0.0,0.0,0.0,0.0,0.0,0.0,0.0,0.0,0.0,0.03550946493879979,0.0,0.0,0.0,0.0,0.40669259458764506,1.0,0.4191478320422567,0.0,0.0,0.0,0.0,0.0,0.0,0.0,0.0,0.0,0.0,0.0,0.0,0.0,0.0,0.0,0.0,0.0,0.0,0.0,0.0,0.0,0.0,0.0,0.0,0.0,0.0,0.0,0.0,0.0,0.0,0.0,0.0,0.0,0.0,0.0,0.0,0.0,0.0,0.0,0.0,0.0,0.0,0.0,0.0,0.0,0.0,0.0,0.0,0.0,0.0,0.0,0.0,0.0,0.0
0.24826978097066243,0.03584833375425276,0.0,0.13649101689138252,0.3900533942545535,0.48483057573364413,0.15642079324454494,0.25241243171646477,0.49192728164832633,0.6859452985325598,0.0,0.0,0.0,0.03565209948505156,0.0,0.0,0.0,0.0,0.0,0.0,0.0,0.0,0.0,0.0,0.0,0.0,0.0,0.0,0.0,0.0,0.0,0.0,0.4191478320422567,1.0,0.4086833447463608,0.0,0.0,0.0,0.0,0.0,0.0,0.0,0.0,0.0,0.0,0.0,0.0,0.0,0.0,0.0,0.0,0.0,0.0,0.0,0.0,0.0,0.0,0.0,0.0,0.0,0.0,0.0,0.0,0.0,0.0,0.0,0.0,0.0,0.0,0.0,0.0,0.0,0.0,0.0,0.0,0.0,0.0,0.0,0.0,0.0,0.0,0.0,0.0,0.0,0.0,0.0,0.0,0.0
0.16324325959466304,0.0,0.0,0.0,0.037858238575436354,0.2559147501141387,0.24991903664749343,0.485952952515027,0.6858573721501708,0.4926232724625706,0.031307976371959916,0.0,0.14253504595344393,0.39420912826066135,0.0,0.0,0.0,0.0,0.0,0.0,0.0,0.0,0.0,0.0,0.0,0.0,0.0,0.0,0.0,0.0,0.0,0.0,0.0,0.4086833447463608,1.0,0.4256372927255608,0.0,0.0,0.0,0.0,0.0,0.0,0.0,0.0,0.0,0.0,0.0,0.0,0.0,0.0,0.0,0.0,0.0,0.0,0.0,0.0,0.0,0.0,0.0,0.0,0.0,0.0,0.0,0.0,0.0,0.0,0.0,0.0,0.0,0.0,0.0,0.0,0.0,0.0,0.0,0.0,0.0,0.0,0.0,0.0,0.0,0.0,0.0,0.0,0.0,0.0,0.0,0.0
0.034557201206052476,0.0,0.0,0.0,0.0,0.0,0.2498195676267049,0.48571569548958415,0.3931593415605182,0.14238387025282948,0.16109548494981132,0.2546604228467589,0.49138033196081027,0.6859139832855021,0.0,0.0,0.0,0.03535508544352678,0.0,0.0,0.0,0.0,0.0,0.0,0.0,0.0,0.0,0.0,0.0,0.0,0.0,0.0,0.0,0.0,0.4256372927255608,1.0,0.40653186159457827,0.0,0.0,0.0,0.0,0.0,0.0,0.0,0.0,0.0,0.0,0.0,0.0,0.0,0.0,0.0,0.0,0.0,0.0,0.0,0.0,0.0,0.0,0.0,0.0,0.0,0.0,0.0,0.0,0.0,0.0,0.0,0.0,0.0,0.0,0.0,0.0,0.0,0.0,0.0,0.0,0.0,0.0,0.0,0.0,0.0,0.0,0.0,0.0,0.0,0.0,0.0
0.0,0.0,0.0,0.0,0.0,0.0,0.1628459792247631,0.25577101066901853,0.03658318389876764,0.0,0.2491397510399296,0.48622295643680735,0.6858862263938938,0.4914731687026212,0.03539364015246168,0.0,0.1415430153643671,0.39334889111017396,0.0,0.0,0.0,0.0,0.0,0.0,0.0,0.0,0.0,0.0,0.0,0.0,0.0,0.0,0.0,0.0,0.0,0.40653186159457827,1.0,0.42405079361109405,0.0,0.0,0.0,0.0,0.0,0.0,0.0,0.0,0.0,0.0,0.0,0.0,0.0,0.0,0.0,0.0,0.0,0.0,0.0,0.0,0.0,0.0,0.0,0.0,0.0,0.0,0.0,0.0,0.0,0.0,0.0,0.0,0.0,0.0,0.0,0.0,0.0,0.0,0.0,0.0,0.0,0.0,0.0,0.0,0.0,0.0,0.0,0.0,0.0,0.0
0.0,0.0,0.0,0.0,0.0,0.0,0.035397927182367894,0.0,0.0,0.0,0.24914164651240595,0.4862233780135351,0.3933485884438146,0.14154412624097326,0.16284551773927214,0.2557691095479464,0.491472635024321,0.6858864019765942,0.0,0.0,0.0,0.03657751525537411,0.0,0.0,0.0,0.0,0.0,0.0,0.0,0.0,0.0,0.0,0.0,0.0,0.0,0.0,0.42405079361109405,1.0,0.4065291066778813,0.0,0.0,0.0,0.0,0.0,0.0,0.0,0.0,0.0,0.0,0.0,0.0,0.0,0.0,0.0,0.0,0.0,0.0,0.0,0.0,0.0,0.0,0.0,0.0,0.0,0.0,0.0,0.0,0.0,0.0,0.0,0.0,0.0,0.0,0.0,0.0,0.0,0.0,0.0,0.0,0.0,0.0,0.0,0.0,0.0,0.0,0.0,0.0,0.0
0.0,0.0,0.0,0.0,0.0,0.0,0.0,0.0,0.0,0.0,0.16110075556056433,0.2546605670397406,0.035353621880495845,0.0,0.24982224640208667,0.48571879799138096,0.6859139531709123,0.4913783743103043,0.034558279291742,0.0,0.14238243829784822,0.39316088633870566,0.0,0.0,0.0,0.0,0.0,0.0,0.0,0.0,0.0,0.0,0.0,0.0,0.0,0.0,0.0,0.4065291066778813,1.0,0.4256396960940587,0.0,0.0,0.0,0.0,0.0,0.0,0.0,0.0,0.0,0.0,0.0,0.0,0.0,0.0,0.0,0.0,0.0,0.0,0.0,0.0,0.0,0.0,0.0,0.0,0.0,0.0,0.0,0.0,0.0,0.0,0.0,0.0,0.0,0.0,0.0,0.0,0.0,0.0,0.0,0.0,0.0,0.0,0.0,0.0,0.0,0.0,0.0,0.0
0.0,0.0,0.0,0.0,0.0,0.0,0.0,0.0,0.0,0.0,0.031312509091323215,0.0,0.0,0.0,0.2499166683440419,0.4859520453412866,0.3942075993045911,0.14253119582422305,0.16324021814037676,0.2559128834991809,0.4926210613381709,0.6858567702500611,0.0,0.0,0.0,0.03785582726915726,0.0,0.0,0.0,0.0,0.0,0.0,0.0,0.0,0.0,0.0,0.0,0.0,0.4256396960940587,1.0,0.40867896101294826,0.0,0.0,0.0,0.0,0.0,0.0,0.0,0.0,0.0,0.0,0.0,0.0,0.0,0.0,0.0,0.0,0.0,0.0,0.0,0.0,0.0,0.0,0.0,0.0,0.0,0.0,0.0,0.0,0.0,0.0,0.0,0.0,0.0,0.0,0.0,0.0,0.0,0.0,0.0,0.0,0.0,0.0,0.0,0.0,0.0,0.0,0.0
0.0,0.0,0.0,0.0,0.0,0.0,0.0,0.0,0.0,0.0,0.0,0.0,0.0,0.0,0.15642291319825627,0.2524131528406655,0.03564866590817919,0.0,0.24826845602384334,0.4848307941253439,0.6859457620343616,0.49192669135781153,0.0358522548076822,0.0,0.1364898413805031,0.3900504266401856,0.0,0.0,0.0,0.0,0.0,0.0,0.0,0.0,0.0,0.0,0.0,0.0,0.0,0.40867896101294826,1.0,0.41913643404204726,0.0,0.0,0.0,0.0,0.0,0.0,0.0,0.0,0.0,0.0,0.0,0.0,0.0,0.0,0.0,0.0,0.0,0.0,0.0,0.0,0.0,0.0,0.0,0.0,0.0,0.0,0.0,0.0,0.0,0.0,0.0,0.0,0.0,0.0,0.0,0.0,0.0,0.0,0.0,0.0,0.0,0.0,0.0,0.0,0.0,0.0
0.0,0.0,0.0,0.0,0.0,0.0,0.0,0.0,0.0,0.0,0.0,0.0,0.0,0.0,0.025479018874524105,0.0,0.0,0.0,0.2501472889793632,0.4874633859023503,0.3921144997396707,0.1418912257400236,0.16941149230674274,0.2581131810623839,0.4914740342818541,0.6859243691611816,0.0,0.035510089613462074,0.0,0.0,0.0,0.0,0.0,0.0,0.0,0.0,0.0,0.0,0.0,0.0,0.41913643404204726,1.0,0.40670066402294963,0.0,0.0,0.0,0.0,0.0,0.0,0.0,0.0,0.0,0.0,0.0,0.0,0.0,0.0,0.0,0.0,0.0,0.0,0.0,0.0,0.0,0.0,0.0,0.0,0.0,0.0,0.0,0.0,0.0,0.0,0.0,0.0,0.0,0.0,0.0,0.0,0.0,0.0,0.0,0.0,0.0,0.0,0.0,0.0,0.0
0.0,0.0,0.0,0.0,0.0,0.0,0.0,0.0,0.0,0.0,0.0,0.0,0.0,0.0,0.0,0.0,0.0,0.0,0.15870537388437675,0.2529436035100768,0.03311779400837497,0.0,0.25472087482460243,0.4850359475121655,0.6862548358967995,0.48946947221465403,0.0,0.3893335012849075,0.0,0.22327654384983683,0.0,0.0,0.0,0.0,0.0,0.0,0.0,0.0,0.0,0.0,0.0,0.40670066402294963,1.0,0.0,0.0,0.0,0.0,0.0,0.0,0.0,0.0,0.0,0.0,0.0,0.0,0.0,0.0,0.0,0.0,0.0,0.0,0.0,0.0,0.0,0.0,0.0,0.0,0.0,0.0,0.0,0.0,0.0,0.0,0.0,0.0,0.0,0.0,0.0,0.0,0.0,0.0,0.0,0.0,0.0,0.0,0.0,0.0,0.0
0.39820462530530143,0.2902422388114705,0.11979309229645875,0.04268805652088676,0.10796343824544172,0.2720845054278809,0.4246916233364956,0.27069754229062776,0.16883686098108736,0.17522384919909959,0.37543070217099084,0.15087579740976548,0.03751113572443156,0.09341294002625876,0.375940787302311,0.12429408196593504,0.0,0.0,0.48601099361084,0.25433302447288336,0.03156388347141977,0.0,0.6868644762734613,0.49268133235274586,0.2561416497141179,0.17053006367585216,0.0,0.3997313100473355,0.0,0.23309920380652735,0.16708358040663662,0.0,0.0,0.0,0.0,0.0,0.0,0.0,0.0,0.0,0.0,0.0,0.0,1.0,0.0,0.0,0.0,0.0,0.0,0.0,0.0,0.0,0.0,0.0,0.0,0.0,0.0,0.0,0.0,0.0,0.0,0.0,0.0,0.0,0.0,0.0,0.0,0.0,0.0,0.0,0.0,0.0,0.0,0.0,0.0,0.0,0.0,0.0,0.0,0.0,0.0,0.0,0.0,0.0,0.0,0.0,0.0,0.0
0.0,0.0,0.0,0.0,0.0,0.0,0.0,0.0,0.0,0.0,0.0,0.0,0.0,0.0,0.0,0.0,0.0,0.0,0.0,0.0,0.0,0.0,0.0,0.0,0.0,0.0,0.0,0.0,0.0,0.0,0.0,0.0,0.0,0.0,0.0,0.0,0.0,0.0,0.0,0.0,0.0,0.0,0.0,0.0,1.0,0.7383103507710321,0.5469798196942371,0.4723958891055894,0.5435386906776228,0.7350233802711091,0.7298233068345803,0.5455493668145673,0.47718269897408405,0.542071006837703,0.5221647674852685,0.29885988464754965,0.21486818442325836,0.30489008728923644,0.40779523984824356,0.17141185241959078,0.038298074022459994,0.08381762248956913,0.383862022607805,0.1616158851748694,0.0,0.0,0.4315095648548617,0.24904920158278687,0.06565235021204972,0.03195942697073408,0.3056084229514836,0.15771691977240293,0.07160757116000377,0.006748411126715429,0.4859999888080801,0.15869981559227783,0.2501440969211616,0.24826978097066257,0.16324325959466338,0.03455720120605214,0.0,0.0,0.0,0.0,0.0,0.0,0.0,0.39820462530530143
0.0,0.0,0.0,0.0,0.0,0.0,0.0,0.0,0.0,0.0,0.0,0.0,0.0,0.0,0.0,0.0,0.0,0.0,0.0,0.0,0.0,0.0,0.0,0.0,0.0,0.0,0.0,0.0,0.0,0.0,0.0,0.0,0.0,0.0,0.0,0.0,0.0,0.0,0.0,0.0,0.0,0.0,0.0,0.0,0.7383103507710321,1.0,0.7425839223742365,0.5485797284083545,0.48343947192503267,0.5500689824024522,0.5328082974721496,0.30534899309183644,0.218927920223791,0.3080377478776938,0.4317653370961856,0.19357323274118118,0.050267630039824394,0.08935524745301586,0.42076239120913644,0.22145870120641956,0.05105462284233146,0.03280204549102519,0.43158728494881565,0.274589172965005,0.13019334604264812,0.10343806285600589,0.4127973651561512,0.26248986731056917,0.1458481186151259,0.15246100959959571,0.5479682754302642,0.121059942980425,0.32374547689217764,0.0,0.6868653218234824,0.25472051418742697,0.16940855732104537,0.0358483337542526,0.0,0.0,0.0,0.0,0.0,0.0,0.0,0.0,0.0,0.2902422388114703
0.0,0.0,0.0,0.0,0.0,0.0,0.0,0.0,0.0,0.0,0.0,0.0,0.0,0.0,0.0,0.0,0.0,0.0,0.0,0.0,0.0,0.0,0.0,0.0,0.0,0.0,0.0,0.0,0.0,0.0,0.0,0.0,0.0,0.0,0.0,0.0,0.0,0.0,0.0,0.0,0.0,0.0,0.0,0.0,0.5469798196942371,0.7425839223742365,1.0,0.737505150812897,0.5545997595535218,0.481318971648196,0.2971022510398023,0.09638736852972196,0.06676828023032834,0.2178940037108918,0.17509040152893648,0.0,0.0,0.0,0.18615172470866245,0.00018453604359669882,0.0,0.0,0.24911858133155057,0.14581076187516143,0.0,0.0,0.26247221574658786,0.18642228888106416,0.10353995392768456,0.08568915769428592,0.7344822900477536,0.0770825387194572,0.4912089905863208,0.0,0.49269317173358224,0.4850335421729299,0.25810945632037674,0.0,0.0,0.0,0.0,0.0,0.0,0.0,0.0,0.0,0.0,0.11979309229645858
0.0,0.0,0.0,0.0,0.0,0.0,0.0,0.0,0.0,0.0,0.0,0.0,0.0,0.0,0.0,0.0,0.0,0.0,0.0,0.0,0.0,0.0,0.0,0.0,0.0,0.0,0.0,0.0,0.0,0.0,0.0,0.0,0.0,0.0,0.0,0.0,0.0,0.0,0.0,0.0,0.0,0.0,0.0,0.0,0.4723958891055894,0.5485797284083545,0.737505150812897,1.0,0.7454831866511302,0.5489952034756583,0.2023019996593985,0.0577593331175094,0.10368663328595054,0.3090694669749679,0.019935793963138423,0.0,0.0,0.0,0.0,0.0,0.0,0.0,0.06565145793614109,0.0,0.0,0.0,0.14574229495430466,0.10342645340122862,0.0,0.0,0.5430417642649715,0.06815495781572388,0.3198928275615645,0.0,0.2561458897877914,0.6862544647777762,0.49147189272788744,0.13649101689138218,0.0,0.0,0.0,0.0,0.0,0.0,0.0,0.0,0.0,0.04268805652088659
0.0,0.0,0.0,0.0,0.0,0.0,0.0,0.0,0.0,0.0,0.0,0.0,0.0,0.0,0.0,0.0,0.0,0.0,0.0,0.0,0.0,0.0,0.0,0.0,0.0,0.0,0.0,0.0,0.0,0.0,0.0,0.0,0.0,0.0,0.0,0.0,0.0,0.0,0.0,0.0,0.0,0.0,0.0,0.0,0.5435386906776228,0.48343947192503267,0.5545997595535218,0.7454831866511302,1.0,0.7375442031593371,0.297307159614838,0.21494600462108931,0.3142074690173337,0.5428935550130651,0.06690731594387682,0.0,0.0,0.0,0.0,0.0,0.0,0.0,0.03191520676047612,0.0,0.0,0.0,0.15230225745053633,0.08550837477569852,0.0,0.0,0.31207002891430163,0.09414162854028008,0.0780625213755886,0.017256835341223825,0.1705277075112712,0.4894685508844584,0.6859247528380678,0.39005339425455365,0.03785823857543701,0.0,0.0,0.0,0.0,0.0,0.0,0.0,0.0,0.10796343824544155
0.0,0.0,0.0,0.0,0.0,0.0,0.0,0.0,0.0,0.0,0.0,0.0,0.0,0.0,0.0,0.0,0.0,0.0,0.0,0.0,0.0,0.0,0.0,0.0,0.0,0.0,0.0,0.0,0.0,0.0,0.0,0.0,0.0,0.0,0.0,0.0,0.0,0.0,0.0,0.0,0.0,0.0,0.0,0.0,0.7350233802711091,0.5500689824024522,0.481318971648196,0.5489952034756583,0.7375442031593371,1.0,0.5375653124923974,0.4766047116299545,0.5524537337750433,0.7354882344820405,0.2858651937688402,0.08635376092993602,0.060594040423655765,0.21506805539176785,0.15348018635612146,0.0,0.0,0.0,0.16157758378187212,0.0,0.0,0.0,0.2744500100376529,0.14566272384985451,0.0,0.0,0.21596830294913946,0.13210912970402383,0.0,0.03585482260289783,0.2543275120968793,0.2529430424265127,0.4874640869052885,0.48483057573364424,0.25591475011413917,0.0,0.0,0.0,0.0,0.0,0.0,0.0,0.0,0.27208450542788076
0.0,0.0,0.0,0.0,0.0,0.0,0.0,0.0,0.0,0.0,0.0,0.0,0.0,0.0,0.0,0.0,0.0,0.0,0.0,0.0,0.0,0.0,0.0,0.0,0.0,0.0,0.0,0.0,0.0,0.0,0.0,0.0,0.0,0.0,0.0,0.0,0.0,0.0,0.0,0.0,0.0,0.0,0.0,0.0,0.7298233068345803,0.5328082974721496,0.2971022510398023,0.2023019996593985,0.297307159614838,0.5375653124923974,1.0,0.7368519209504355,0.541884529179664,0.4701934543477394,0.7308272578220101,0.5451796955096283,0.4764148999239906,0.5430532327545629,0.5198533534719992,0.2935151730219012,0.2118385917819982,0.30480735979815693,0.4077881506858319,0.15349247310048628,0.017345072056597282,0.07141125070053284,0.4207155592022368,0.1861089165763792,0.0,0.0,0.0808484084988176,0.08014301252816756,0.0,0.0,0.37592620349360045,0.0,0.025475930760237513,0.15642079324454503,0.24991903664749376,0.2498195676267049,0.1628459792247631,0.035397927182367894,0.0,0.0,0.0,0.0,0.0,0.42469162333649574
0.0,0.0,0.0,0.0,0.0,0.0,0.0,0.0,0.0,0.0,0.0,0.0,0.0,0.0,0.0,0.0,0.0,0.0,0.0,0.0,0.0,0.0,0.0,0.0,0.0,0.0,0.0,0.0,0.0,0.0,0.0,0.0,0.0,0.0,0.0,0.0,0.0,0.0,0.0,0.0,0.0,0.0,0.0,0.0,0.5455493668145673,0.30534899309183644,0.09638736852972196,0.0577593331175094,0.21494600462108931,0.4766047116299545,0.7368519209504355,1.0,0.7348706658368157,0.5487952486797244,0.543392927706716,0.47900585328823336,0.5523406201568843,0.7361473902253828,0.29351182421000876,0.08717791421554426,0.0593783457662829,0.21597799465839188,0.17139520393954452,0.0,0.0,0.0,0.22140691538798132,0.00012882316200397208,0.0,0.0,0.0,0.0,0.0,0.0,0.12426561876831693,0.0,0.0,0.25241243171646477,0.4859529525150273,0.4857156954895842,0.25577101066901853,0.0,0.0,0.0,0.0,0.0,0.0,0.27069754229062776
0.0,0.0,0.0,0.0,0.0,0.0,0.0,0.0,0.0,0.0,0.0,0.0,0.0,0.0,0.0,0.0,0.0,0.0,0.0,0.0,0.0,0.0,0.0,0.0,0.0,0.0,0.0,0.0,0.0,0.0,0.0,0.0,0.0,0.0,0.0,0.0,0.0,0.0,0.0,0.0,0.0,0.0,0.0,0.0,0.47718269897408405,0.218927920223791,0.06676828023032834,0.10368663328595054,0.3142074690173337,0.5524537337750433,0.541884529179664,0.7348706658368157,1.0,0.7479096965739996,0.29987816868322753,0.2139657158022127,0.3124310639246697,0.5431645216996427,0.07140217590251345,0.0,0.0,0.0,0.0,0.0,0.0,0.0,0.10335284605117201,0.0,0.0,0.0,0.0,0.0,0.0,0.0,0.0,0.0,0.14189826487099538,0.49192728164832683,0.6858573721501708,0.3931593415605175,0.03658318389876715,0.0,0.0,0.0,0.0,0.0,0.0,0.16883686098108744
0.0,0.0,0.0,0.0,0.0,0.0,0.0,0.0,0.0,0.0,0.0,0.0,0.0,0.0,0.0,0.0,0.0,0.0,0.0,0.0,0.0,0.0,0.0,0.0,0.0,0.0,0.0,0.0,0.0,0.0,0.0,0.0,0.0,0.0,0.0,0.0,0.0,0.0,0.0,0.0,0.0,0.0,0.0,0.0,0.542071006837703,0.3080377478776938,0.2178940037108918,0.3090694669749679,0.5428935550130651,0.7354882344820405,0.4701934543477394,0.5487952486797244,0.7479096965739996,1.0,0.20244380616281826,0.055726288898172355,0.10311890971387615,0.3114740369483066,0.0173278339950757,0.0,0.0,0.0,0.0,0.0,0.0,0.0,0.1300625175858397,0.0,0.0,0.0,0.0,0.020395943845703205,0.0,0.0,0.03155081080800381,0.033116516224344285,0.3921216437648083,0.6859452985325598,0.49262327246257087,0.14238387025282914,0.0,0.0,0.0,0.0,0.0,0.0,0.0,0.17522384919909959
0.0,0.0,0.0,0.0,0.0,0.0,0.0,0.0,0.0,0.0,0.0,0.0,0.0,0.0,0.0,0.0,0.0,0.0,0.0,0.0,0.0,0.0,0.0,0.0,0.0,0.0,0.0,0.0,0.0,0.0,0.0,0.0,0.0,0.0,0.0,0.0,0.0,0.0,0.0,0.0,0.0,0.0,0.0,0.0,0.5221647674852685,0.4317653370961856,0.17509040152893648,0.019935793963138423,0.06690731594387682,0.2858651937688402,0.7308272578220101,0.543392927706716,0.29987816868322753,0.20244380616281826,1.0,0.7354285945448117,0.5421389708339301,0.47464782308408127,0.7308314875225417,0.5433961076377358,0.47465253661990153,0.542141724683512,0.5221642234326069,0.2858732796757982,0.20245350097485243,0.2998832299226662,0.4317550687757038,0.17507837397507414,0.01993782922266312,0.06691766068657466,0.012221151748642948,0.012207001590589928,0.0,0.0,0.3754397389519219,0.0,0.0,0.0,0.03130797637195975,0.1610954849498109,0.24913975103992894,0.24914164651240545,0.16110075556056408,0.031312509091323215,0.0,0.0,0.0,0.37543070217099145
0.0,0.0,0.0,0.0,0.0,0.0,0.0,0.0,0.0,0.0,0.0,0.0,0.0,0.0,0.0,0.0,0.0,0.0,0.0,0.0,0.0,0.0,0.0,0.0,0.0,0.0,0.0,0.0,0.0,0.0,0.0,0.0,0.0,0.0,0.0,0.0,0.0,0.0,0.0,0.0,0.0,0.0,0.0,0.0,0.29885988464754965,0.19357323274118118,0.0,0.0,0.0,0.08635376092993602,0.5451796955096283,0.47900585328823336,0.2139657158022127,0.055726288898172355,0.7354285945448117,1.0,0.7361615417419186,0.5512983922850503,0.5451782269228366,0.4790030653056863,0.5512987596952031,0.7361624495218999,0.2988513976137763,0.08634626989254529,0.055721664713382045,0.21396188799031135,0.19356687060730302,0.0,0.0,0.0,0.0,0.0,0.0,0.0,0.15086553123889207,0.0,0.0,0.0,0.0,0.25466042284675894,0.48622295643680735,0.4862233780135352,0.2546605670397406,0.0,0.0,0.0,0.0,0.15087579740976548
0.0,0.0,0.0,0.0,0.0,0.0,0.0,0.0,0.0,0.0,0.0,0.0,0.0,0.0,0.0,0.0,0.0,0.0,0.0,0.0,0.0,0.0,0.0,0.0,0.0,0.0,0.0,0.0,0.0,0.0,0.0,0.0,0.0,0.0,0.0,0.0,0.0,0.0,0.0,0.0,0.0,0.0,0.0,0.0,0.21486818442325836,0.050267630039824394,0.0,0.0,0.0,0.060594040423655765,0.4764148999239906,0.5523406201568843,0.3124310639246697,0.10311890971387615,0.5421389708339301,0.7361615417419186,1.0,0.7473484014921604,0.3048031490979094,0.21597297668800322,0.31196575158675816,0.5435067286435007,0.08380279344010125,0.0,0.0,0.0,0.03278461612601352,0.0,0.0,0.0,0.0,0.0,0.0,0.0,0.0,0.0,0.0,0.0,0.1425350459534436,0.4913803319608101,0.6858862263938938,0.3933485884438148,0.035353621880495845,0.0,0.0,0.0,0.0,0.03751113572443139
