1.0,0.7383103507710322,0.5469798196942371,0.4723958891055894,0.5435386906776227,0.7350233802711091,0.7298233068345809,0.5455493668145673,0.47718269897408394,0.5420710068377029,0.5221647674852686,0.2988598846475498,0.21486818442325886,0.3048900872892363,0.40779523984824373,0.17141185241959095,0.03829807402246016,0.0838176224895693,0.383862022607805,0.16161588517486924,0.0,0.0,0.4315095648548615,0.24904920158278687,0.06565235021204972,0.03195942697073408,0.3056084229514836,0.15771691977240293,0.07160757116000377,0.006748411126715429,0.48599998880808,0.15869981559227783,0.25014409692116135,0.24826978097066257,0.1632432595946633,0.03455720120605231,0.0,0.0,0.0,0.0,0.0,0.0,0.0,0.3982046253053014,0.0,0.0,0.0,0.0,0.0,0.0,0.0,0.0,0.0,0.0,0.0,0.0,0.0,0.0,0.0,0.0,0.0,0.0,0.0,0.0,0.0,0.0,0.0,0.0,0.0,0.0,0.0,0.0,0.0,0.0,0.0,0.0,0.0,0.0,0.0,0.0,0.0,0.0,0.0,0.0,0.0,0.0,0.0,0.0
0.7383103507710322,1.0,0.7425839223742365,0.5485797284083545,0.48343947192503267,0.5500689824024522,0.5328082974721501,0.3053489930918365,0.218927920223791,0.3080377478776938,0.4317653370961856,0.19357323274118135,0.05026763003982473,0.08935524745301586,0.4207623912091366,0.22145870120641972,0.05105462284233162,0.03280204549102552,0.43158728494881576,0.2745891729650049,0.13019334604264812,0.10343806285600605,0.4127973651561512,0.26248986731056917,0.1458481186151259,0.15246100959959555,0.5479682754302642,0.121059942980425,0.32374547689217753,0.0,0.6868653218234824,0.2547205141874271,0.1694085573210453,0.03584833375425276,0.0,0.0,0.0,0.0,0.0,0.0,0.0,0.0,0.0,0.2902422388114703,0.0,0.0,0.0,0.0,0.0,0.0,0.0,0.0,0.0,0.0,0.0,0.0,0.0,0.0,0.0,0.0,0.0,0.0,0.0,0.0,0.0,0.0,0.0,0.0,0.0,0.0,0.0,0.0,0.0,0.0,0.0,0.0,0.0,0.0,0.0,0.0,0.0,0.0,0.0,0.0,0.0,0.0,0.0,0.0
0.5469798196942371,0.7425839223742365,1.0,0.7375051508128971,0.554599759553522,0.481318971648196,0.2971022510398027,0.09638736852972196,0.06676828023032834,0.2178940037108918,0.17509040152893648,0.0,0.0,0.0,0.18615172470866279,0.0001845360435968633,0.0,0.0,0.24911858133155074,0.14581076187516143,0.0,0.0,0.262472215746588,0.18642228888106416,0.10353995392768456,0.08568915769428592,0.7344822900477534,0.0770825387194572,0.49120899058632067,0.0,0.4926931717335825,0.48503354217293,0.2581094563203769,0.0,0.0,0.0,0.0,0.0,0.0,0.0,0.0,0.0,0.0,0.11979309229645858,0.0,0.0,0.0,0.0,0.0,0.0,0.0,0.0,0.0,0.0,0.0,0.0,0.0,0.0,0.0,0.0,0.0,0.05627972456505428,0.0,0.0,0.0,0.0,0.0,0.0,0.0,0.0,0.0,0.0,0.0,0.0,0.0,0.0,0.0,0.0,0.0,0.0,0.057206656318207615,0.14193608141222308,0.0,0.0,0.0,0.0,0.0,0.0
0.4723958891055894,0.5485797284083545,0.7375051508128971,1.0,0.7454831866511306,0.5489952034756583,0.202301999659399,0.0577593331175094,0.10368663328595054,0.3090694669749679,0.019935793963138587,0.0,0.0,0.0,0.0,0.0,0.0,0.0,0.06565145793614126,0.0,0.0,0.0,0.14574229495430482,0.10342645340122862,0.0,0.0,0.5430417642649715,0.06815495781572388,0.3198928275615645,0.0,0.25614588978779157,0.6862544647777762,0.4914718927278875,0.13649101689138235,0.0,0.0,0.0,0.0,0.0,0.0,0.0,0.0,0.0,0.04268805652088659,0.0,0.0,0.0,0.0,0.0,0.0,0.0,0.0,0.0,0.0,0.0,0.06505827353006573,0.17681132944731115,0.0,0.0,0.0,0.0,0.15407961042908766,0.0,0.0,0.0,0.0,0.0,0.0,0.0,0.0,0.0,0.0,0.0,0.0,0.0,0.0,0.0,0.0,0.0,0.0,0.25866920488061806,0.23077622947181375,0.0,0.0,0.0,0.0,0.0,0.0
0.5435386906776227,0.48343947192503267,0.554599759553522,0.7454831866511306,1.0,0.7375442031593368,0.2973071596148381,0.21494600462108915,0.31420746901733326,0.5428935550130648,0.06690731594387665,0.0,0.0,0.0,0.0,0.0,0.0,0.0,0.03191520676047612,0.0,0.0,0.0,0.1523022574505365,0.08550837477569868,0.0,0.0,0.31207002891430174,0.09414162854028024,0.07806252137558876,0.017256835341223988,0.1705277075112712,0.4894685508844587,0.6859247528380678,0.3900533942545535,0.03785823857543652,0.0,0.0,0.0,0.0,0.0,0.0,0.0,0.0,0.10796343824544155,0.0,0.0,0.0,0.0,0.0,0.0,0.0,0.0,0.0,0.0,0.0,0.0,0.07846677533958775,0.0,0.0,0.0,0.0,0.0,0.0,0.0,0.0,0.0,0.0,0.0,0.0,0.0,0.0,0.0,0.0,0.0,0.0,0.0,0.0,0.0,0.0,0.0,0.16600846698289023,0.019079713427730835,0.0,0.0,0.0,0.0,0.0,0.0
0.7350233802711091,0.5500689824024522,0.481318971648196,0.5489952034756583,0.7375442031593368,1.0,0.5375653124923977,0.4766047116299545,0.5524537337750433,0.7354882344820405,0.2858651937688402,0.08635376092993617,0.06059404042365609,0.21506805539176785,0.15348018635612162,0.0,0.0,0.0,0.16157758378187212,0.0,0.0,0.0,0.2744500100376529,0.14566272384985451,0.0,0.0,0.21596830294913946,0.13210912970402383,0.0,0.03585482260289783,0.2543275120968793,0.2529430424265127,0.4874640869052882,0.48483057573364424,0.255914750114139,0.0,0.0,0.0,0.0,0.0,0.0,0.0,0.0,0.27208450542788076,0.0,0.0,0.0,0.0,0.0,0.0,0.0,0.0,0.0,0.0,0.0,0.0,0.0,0.0,0.0,0.0,0.0,0.0,0.0,0.0,0.0,0.0,0.0,0.0,0.0,0.0,0.0,0.0,0.0,0.0,0.0,0.0,0.0,0.0,0.0,0.0,0.0,0.0,0.0,0.0,0.0,0.0,0.0,0.0
0.7298233068345809,0.5328082974721501,0.2971022510398027,0.202301999659399,0.2973071596148381,0.5375653124923977,1.0,0.7368519209504352,0.5418845291796638,0.47019345434773946,0.73082725782201,0.5451796955096281,0.47641489992399044,0.5430532327545622,0.5198533534719992,0.2935151730219012,0.2118385917819982,0.3048073597981569,0.4077881506858321,0.15349247310048644,0.017345072056597282,0.07141125070053299,0.4207155592022368,0.1861089165763797,0.0,0.0,0.08084840849881793,0.08014301252816773,0.0,0.0,0.37592620349360056,0.0,0.025475930760237513,0.1564207932445452,0.24991903664749351,0.24981956762670465,0.16284597922476277,0.03539792718236773,0.0,0.0,0.0,0.0,0.0,0.4246916233364959,0.0,0.0,0.0,0.0,0.0,0.0,0.0,0.0,0.0,0.0,0.0,0.0,0.0,0.0,0.0,0.0,0.0,0.0,0.0,0.0,0.0,0.0,0.0,0.0,0.0,0.0,0.0,0.0,0.0,0.0,0.0,0.0,0.0,0.0,0.0,0.0,0.0,0.0,0.0,0.0,0.0,0.0,0.0,0.0
0.5455493668145673,0.3053489930918365,0.09638736852972196,0.0577593331175094,0.21494600462108915,0.4766047116299545,0.7368519209504352,1.0,0.7348706658368157,0.5487952486797243,0.5433929277067161,0.4790058532882335,0.5523406201568847,0.7361473902253826,0.2935118242100086,0.08717791421554409,0.0593783457662829,0.21597799465839188,0.17139520393954435,0.0,0.0,0.0,0.22140691538798116,0.00012882316200397208,0.0,0.0,0.0,0.0,0.0,0.0,0.12426561876831677,0.0,0.0,0.25241243171646466,0.4859529525150272,0.4857156954895843,0.2557710106690186,0.0,0.0,0.0,0.0,0.0,0.0,0.2706975422906276,0.0,0.0,0.0,0.0,0.0,0.0,0.0,0.0,0.0,0.0,0.0,0.0,0.0,0.0,0.0,0.0,0.0,0.0,0.0,0.0,0.0,0.0,0.0,0.0,0.0,0.0,0.0,0.0,0.0,0.0,0.0,0.0,0.0,0.0,0.0,0.0,0.0,0.0,0.0,0.0,0.0,0.0,0.0,0.0
0.47718269897408394,0.218927920223791,0.06676828023032834,0.10368663328595054,0.31420746901733326,0.5524537337750433,0.5418845291796638,0.7348706658368157,1.0,0.7479096965739996,0.29987816868322753,0.2139657158022127,0.31243106392467,0.5431645216996426,0.07140217590251313,0.0,0.0,0.0,0.0,0.0,0.0,0.0,0.10335284605117184,0.0,0.0,0.0,0.0,0.0,0.0,0.0,0.0,0.0,0.14189826487099505,0.4919272816483268,0.6858573721501708,0.3931593415605177,0.03658318389876715,0.0,0.0,0.0,0.0,0.0,0.0,0.16883686098108744,0.0,0.0,0.0,0.0,0.0,0.0,0.0,0.0,0.0,0.0,0.0,0.0,0.0,0.0,0.0,0.0,0.0,0.0,0.0,0.0,0.0,0.0,0.0,0.0,0.0,0.0,0.0,0.0,0.0,0.0,0.0,0.0,0.0,0.0,0.0,0.0,0.0,0.0,0.0,0.0,0.0,0.0,0.0,0.0
0.5420710068377029,0.3080377478776938,0.2178940037108918,0.3090694669749679,0.5428935550130648,0.7354882344820405,0.47019345434773946,0.5487952486797243,0.7479096965739996,1.0,0.20244380616281826,0.055726288898172355,0.10311890971387631,0.3114740369483065,0.017327833995075866,0.0,0.0,0.0,0.0,0.0,0.0,0.0,0.13006251758583953,0.0,0.0,0.0,0.0,0.020395943845703205,0.0,0.0,0.03155081080800381,0.033116516224344285,0.39212164376480796,0.6859452985325597,0.49262327246257076,0.1423838702528293,0.0,0.0,0.0,0.0,0.0,0.0,0.0,0.1752238491990995,0.0,0.0,0.0,0.0,0.0,0.0,0.0,0.0,0.0,0.0,0.0,0.0,0.0,0.0,0.0,0.0,0.0,0.0,0.0,0.0,0.0,0.0,0.0,0.0,0.0,0.0,0.0,0.0,0.0,0.0,0.0,0.0,0.0,0.0,0.0,0.0,0.0,0.0,0.0,0.0,0.0,0.0,0.0,0.0
0.5221647674852686,0.4317653370961856,0.17509040152893648,0.019935793963138587,0.06690731594387665,0.2858651937688402,0.73082725782201,0.5433929277067161,0.29987816868322753,0.20244380616281826,1.0,0.7354285945448117,0.5421389708339305,0.4746478230840811,0.7308314875225415,0.5433961076377357,0.47465253661990153,0.5421417246835122,0.5221642234326066,0.28587327967579784,0.2024535009748521,0.2998832299226662,0.43175506877570347,0.17507837397507414,0.01993782922266312,0.06691766068657466,0.012221151748642948,0.012207001590589928,0.0,0.0,0.37543973895192156,0.0,0.0,0.0,0.03130797637195975,0.161095484949811,0.2491397510399291,0.2491416465124056,0.16110075556056408,0.031312509091323215,0.0,0.0,0.0,0.3754307021709913,0.0,0.0,0.0,0.0,0.0,0.0,0.0,0.0,0.0,0.0,0.0,0.0,0.0,0.0,0.0,0.0,0.0,0.0,0.0,0.0,0.0,0.0,0.0,0.0,0.0,0.0,0.0,0.0,0.0,0.0,0.0,0.0,0.0,0.0,0.0,0.0,0.0,0.0,0.0,0.0,0.0,0.0,0.0,0.0
0.2988598846475498,0.19357323274118135,0.0,0.0,0.0,0.08635376092993617,0.5451796955096281,0.4790058532882335,0.2139657158022127,0.055726288898172355,0.7354285945448117,1.0,0.7361615417419186,0.5512983922850502,0.5451782269228364,0.47900306530568626,0.551298759695203,0.7361624495219,0.29885139761377616,0.08634626989254496,0.05572166471338188,0.21396188799031152,0.19356687060730268,0.0,0.0,0.0,0.0,0.0,0.0,0.0,0.1508655312388919,0.0,0.0,0.0,0.0,0.2546604228467589,0.48622295643680735,0.4862233780135352,0.2546605670397406,0.0,0.0,0.0,0.0,0.15087579740976548,0.0,0.0,0.0,0.0,0.0,0.0,0.0,0.0,0.0,0.0,0.0,0.0,0.0,0.0,0.0,0.0,0.0,0.0,0.0,0.0,0.0,0.0,0.0,0.0,0.0,0.0,0.0,0.0,0.0,0.0,0.0,0.0,0.0,0.0,0.0,0.0,0.0,0.0,0.0,0.0,0.0,0.0,0.0,0.0
0.21486818442325886,0.05026763003982473,0.0,0.0,0.0,0.06059404042365609,0.47641489992399044,0.5523406201568847,0.31243106392467,0.10311890971387631,0.5421389708339305,0.7361615417419186,1.0,0.7473484014921605,0.30480314909790923,0.21597297668800322,0.31196575158675804,0.5435067286435006,0.08380279344010125,0.0,0.0,0.0,0.032784616126013195,0.0,0.0,0.0,0.0,0.0,0.0,0.0,0.0,0.0,0.0,0.0,0.14253504595344377,0.4913803319608101,0.6858862263938937,0.3933485884438146,0.035353621880495845,0.0,0.0,0.0,0.0,0.03751113572443156,0.0,0.0,0.0,0.0,0.0,0.0,0.0,0.0,0.0,0.0,0.0,0.0,0.0,0.0,0.0,0.0,0.0,0.0,0.0,0.0,0.0,0.0,0.0,0.0,0.0,0.0,0.0,0.0,0.0,0.0,0.0,0.0,0.0,0.0,0.0,0.0,0.0,0.0,0.0,0.0,0.0,0.0,0.0,0.0
0.3048900872892363,0.08935524745301586,0.0,0.0,0.0,0.21506805539176785,0.5430532327545622,0.7361473902253826,0.5431645216996426,0.3114740369483065,0.4746478230840811,0.5512983922850502,0.7473484014921605,1.0,0.21183255717224522,0.05937303032151872,0.10277012510298345,0.31196672497382505,0.03827895992949168,0.0,0.0,0.0,0.051020057682503436,0.0,0.0,0.0,0.0,0.0,0.0,0.0,0.0,0.0,0.0,0.03565209948505173,0.39420912826066123,0.6859139832855018,0.49147316870262103,0.14154412624097326,0.0,0.0,0.0,0.0,0.0,0.09341294002625909,0.0,0.0,0.0,0.0,0.0,0.0,0.0,0.0,0.0,0.0,0.0,0.0,0.0,0.0,0.0,0.0,0.0,0.0,0.0,0.0,0.0,0.0,0.0,0.0,0.0,0.0,0.0,0.0,0.0,0.0,0.0,0.0,0.0,0.0,0.0,0.0,0.0,0.0,0.0,0.0,0.0,0.0,0.0,0.0
0.40779523984824373,0.4207623912091366,0.18615172470866279,0.0,0.0,0.15348018635612162,0.5198533534719992,0.2935118242100086,0.07140217590251313,0.017327833995075866,0.7308314875225415,0.5451782269228364,0.30480314909790923,0.21183255717224522,1.0,0.7368509990209822,0.5430553090598436,0.4764147958177059,0.7298215539159444,0.5375682937125701,0.4701950469276453,0.5418827712913675,0.5328107149842012,0.2971007999324341,0.2023055697339127,0.29731301459921294,0.08021017699636257,0.08085131837588744,0.0,0.0,0.4247803723336248,0.0,0.0,0.0,0.0,0.0,0.03539364015246135,0.16284551773927197,0.24982224640208642,0.2499166683440419,0.15642291319825635,0.02547901887452443,0.0,0.3759407873023113,0.0,0.0,0.0,0.0,0.0,0.0,0.0,0.0,0.0,0.0,0.0,0.0,0.0,0.0,0.0,0.0,0.0,0.0,0.0,0.0,0.0,0.0,0.0,0.0,0.0,0.0,0.0,0.0,0.0,0.0,0.0,0.0,0.0,0.0,0.0,0.0,0.0,0.0,0.0,0.0,0.0,0.0,0.0,0.0
0.17141185241959095,0.22145870120641972,0.0001845360435968633,0.0,0.0,0.0,0.2935151730219012,0.08717791421554409,0.0,0.0,0.5433961076377357,0.47900306530568626,0.21597297668800322,0.05937303032151872,0.7368509990209822,1.0,0.7361484603963158,0.5523382548526384,0.5455486807814973,0.4766061964372453,0.5487962640344007,0.7348703842905615,0.30536029225630534,0.096394785608421,0.057764787463416185,0.21494879709295245,0.0,0.0,0.0,0.0,0.27077998165539896,0.0,0.0,0.0,0.0,0.0,0.0,0.2557691095479465,0.4857187979913808,0.48595204534128644,0.25241315284066534,0.0,0.0,0.12429408196593537,0.0,0.0,0.0,0.0,0.0,0.0,0.0,0.0,0.0,0.0,0.0,0.0,0.0,0.0,0.0,0.0,0.0,0.0,0.0,0.0,0.0,0.0,0.0,0.0,0.0,0.0,0.0,0.0,0.0,0.0,0.0,0.0,0.0,0.0,0.0,0.0,0.0,0.0,0.0,0.0,0.0,0.0,0.0,0.0
0.03829807402246016,0.05105462284233162,0.0,0.0,0.0,0.0,0.2118385917819982,0.0593783457662829,0.0,0.0,0.47465253661990153,0.551298759695203,0.31196575158675804,0.10277012510298345,0.5430553090598436,0.7361484603963158,1.0,0.7473473288251573,0.30489004496801536,0.21506637253250094,0.3114718157686904,0.5431633109635787,0.08936962636961004,0.0,0.0,0.0,0.0,0.0,0.0,0.0,0.0934483807591068,0.0,0.0,0.0,0.0,0.0,0.1415430153643671,0.49147263502432104,0.6859139531709121,0.39420759930459087,0.03564866590817919,0.0,0.0,0.0,0.0,0.0,0.0,0.0,0.0,0.0,0.0,0.0,0.0,0.0,0.0,0.0,0.0,0.0,0.0,0.0,0.0,0.0,0.0,0.0,0.0,0.0,0.0,0.0,0.0,0.0,0.0,0.0,0.0,0.0,0.0,0.0,0.0,0.0,0.0,0.0,0.0,0.0,0.0,0.0,0.0,0.0,0.0,0.0
0.0838176224895693,0.03280204549102552,0.0,0.0,0.0,0.0,0.3048073597981569,0.21597799465839188,0.0,0.0,0.5421417246835122,0.7361624495219,0.5435067286435006,0.31196672497382505,0.4764147958177059,0.5523382548526384,0.7473473288251573,1.0,0.2148625416437831,0.060585248556366426,0.10311122818350897,0.3124259990711853,0.0502737712201439,0.0,0.0,0.0,0.0,0.0,0.0,0.0,0.037514402020775404,0.0,0.0,0.0,0.0,0.03535508544352678,0.3933488911101738,0.6858864019765941,0.49137837431030423,0.1425311958242229,0.0,0.0,0.0,0.0,0.0,0.0,0.0,0.0,0.0,0.0,0.0,0.0,0.0,0.0,0.0,0.0,0.0,0.0,0.0,0.0,0.0,0.0,0.0,0.0,0.0,0.0,0.0,0.0,0.0,0.0,0.0,0.0,0.0,0.0,0.0,0.0,0.0,0.0,0.0,0.0,0.0,0.0,0.0,0.0,0.0,0.0,0.0,0.0
0.383862022607805,0.43158728494881576,0.24911858133155074,0.06565145793614126,0.03191520676047612,0.16157758378187212,0.4077881506858321,0.17139520393954435,0.0,0.0,0.5221642234326066,0.29885139761377616,0.08380279344010125,0.03827895992949168,0.7298215539159444,0.5455486807814973,0.30489004496801536,0.2148625416437831,1.0,0.7350233471294858,0.5420684223312392,0.4771798524174128,0.7383152458850922,0.5469812010013722,0.4724011797572224,0.5435446385969747,0.15784702890029279,0.3056130800429229,0.006898407829591123,0.0716172799024526,0.39836698748016447,0.0,0.0,0.0,0.0,0.0,0.0,0.0,0.034558279291742,0.163240218140377,0.24826845602384326,0.2501472889793633,0.15870537388437675,0.4860109936108401,0.0,0.0,0.0,0.0,0.0,0.0,0.0,0.0,0.0,0.0,0.0,0.0,0.0,0.0,0.0,0.0,0.0,0.0,0.0,0.0,0.0,0.0,0.0,0.0,0.0,0.0,0.0,0.0,0.0,0.0,0.0,0.0,0.0,0.0,0.0,0.0,0.0,0.0,0.0,0.0,0.0,0.0,0.0,0.0
0.16161588517486924,0.2745891729650049,0.14581076187516143,0.0,0.0,0.0,0.15349247310048644,0.0,0.0,0.0,0.28587327967579784,0.08634626989254496,0.0,0.0,0.5375682937125701,0.4766061964372453,0.21506637253250094,0.060585248556366426,0.7350233471294858,1.0,0.7354872891703191,0.5524531107085678,0.5500694741716362,0.4813163889435755,0.5489938553873563,0.7375453965296387,0.13235395335307568,0.21596718340028567,0.036142537887490424,0.0,0.2723215565742376,0.0,0.0,0.0,0.0,0.0,0.0,0.0,0.0,0.25591288349918107,0.4848307941253439,0.4874633859023503,0.2529436035100768,0.2543330244728835,0.0,0.0,0.0,0.0,0.0,0.0,0.0,0.0,0.0,0.0,0.0,0.0,0.0,0.0,0.0,0.0,0.0,0.0,0.0,0.0,0.0,0.0,0.0,0.0,0.0,0.0,0.0,0.0,0.0,0.0,0.0,0.0,0.0,0.0,0.0,0.0,0.0,0.0,0.0,0.0,0.0,0.0,0.0,0.0
0.0,0.13019334604264812,0.0,0.0,0.0,0.0,0.017345072056597282,0.0,0.0,0.0,0.2024535009748521,0.05572166471338188,0.0,0.0,0.4701950469276453,0.5487962640344007,0.3114718157686904,0.10311122818350897,0.5420684223312392,0.7354872891703191,1.0,0.7479092441134272,0.3080413757730321,0.2178949689485732,0.309068366091532,0.5428912841601286,0.02062786760564541,0.0,0.0,0.0,0.17543534812250455,0.0,0.0,0.0,0.0,0.0,0.0,0.0,0.14238243829784822,0.49262106133817113,0.6859457620343616,0.3921144997396707,0.03311779400837497,0.03156388347141977,0.0,0.0,0.0,0.0,0.0,0.0,0.0,0.0,0.0,0.0,0.0,0.0,0.0,0.0,0.0,0.0,0.0,0.0,0.0,0.0,0.0,0.0,0.0,0.0,0.0,0.0,0.0,0.0,0.0,0.0,0.0,0.0,0.0,0.0,0.0,0.0,0.0,0.0,0.0,0.0,0.0,0.0,0.0,0.0
0.0,0.10343806285600605,0.0,0.0,0.0,0.0,0.07141125070053299,0.0,0.0,0.0,0.2998832299226662,0.21396188799031152,0.0,0.0,0.5418827712913675,0.7348703842905615,0.5431633109635787,0.3124259990711853,0.4771798524174128,0.5524531107085678,0.7479092441134272,1.0,0.2189373417413976,0.06677529547919213,0.10369002317767621,0.31420712583297816,0.0,0.0,0.0,0.0,0.16897377660866567,0.0,0.0,0.0,0.0,0.0,0.0,0.03657751525537444,0.39316088633870583,0.6858567702500611,0.4919266913578113,0.1418912257400236,0.0,0.0,0.0,0.0,0.0,0.0,0.0,0.0,0.0,0.0,0.0,0.0,0.0,0.0,0.0,0.0,0.0,0.0,0.0,0.0,0.0,0.0,0.0,0.0,0.0,0.0,0.0,0.0,0.0,0.0,0.0,0.0,0.0,0.0,0.0,0.0,0.0,0.0,0.0,0.0,0.0,0.0,0.0,0.0,0.0,0.0
0.4315095648548615,0.4127973651561512,0.262472215746588,0.14574229495430482,0.1523022574505365,0.2744500100376529,0.4207155592022368,0.22140691538798116,0.10335284605117184,0.13006251758583953,0.43175506877570347,0.19356687060730268,0.032784616126013195,0.051020057682503436,0.5328107149842012,0.30536029225630534,0.08936962636961004,0.0502737712201439,0.7383152458850922,0.5500694741716362,0.3080413757730321,0.2189373417413976,1.0,0.7425799682404978,0.548581397092195,0.48344277590800716,0.12111759545523891,0.5479684827873921,0.0,0.32375217927971167,0.2903303533283262,0.0,0.0,0.0,0.0,0.0,0.0,0.0,0.0,0.0,0.035852254807682366,0.169411492306743,0.25472087482460265,0.686864476273461,0.0,0.0,0.0,0.0,0.0,0.0,0.0,0.0,0.0,0.0,0.0,0.0,0.0,0.0,0.0,0.0,0.0,0.0,0.0,0.0,0.0,0.0,0.0,0.0,0.0,0.0,0.0,0.0,0.0,0.0,0.0,0.0,0.0,0.0,0.0,0.0,0.0,0.0,0.0,0.0,0.0,0.0,0.0,0.0
0.24904920158278687,0.26248986731056917,0.18642228888106416,0.10342645340122862,0.08550837477569868,0.14566272384985451,0.1861089165763797,0.00012882316200397208,0.0,0.0,0.17507837397507414,0.0,0.0,0.0,0.2971007999324341,0.096394785608421,0.0,0.0,0.5469812010013722,0.4813163889435755,0.2178949689485732,0.06677529547919213,0.7425799682404978,1.0,0.7375082269708432,0.5546011771198254,0.0771838801062807,0.7344825054053831,0.0,0.49120918691842996,0.11990597221571926,0.0,0.0,0.0,0.0,0.0,0.0,0.0,0.0,0.0,0.0,0.25811318106238407,0.48503594751216556,0.4926813323527458,0.0,0.0,0.0,0.0,0.0,0.0,0.0,0.0,0.0,0.0,0.0,0.0,0.0,0.0,0.0,0.0,0.0,0.0,0.0,0.0,0.0,0.0,0.0,0.0,0.0,0.0,0.0,0.0,0.0,0.0,0.0,0.0,0.0,0.0,0.0,0.0,0.0,0.0,0.0,0.0,0.0,0.0,0.0,0.0
0.06565235021204972,0.1458481186151259,0.10353995392768456,0.0,0.0,0.0,0.0,0.0,0.0,0.0,0.01993782922266312,0.0,0.0,0.0,0.2023055697339127,0.057764787463416185,0.0,0.0,0.4724011797572224,0.5489938553873563,0.309068366091532,0.10369002317767621,0.548581397092195,0.7375082269708432,1.0,0.7454823647052551,0.06839412318116618,0.5430387353079279,0.0,0.3198825930573385,0.04288703074935073,0.0,0.0,0.0,0.0,0.0,0.0,0.0,0.0,0.0,0.13648984138050294,0.4914740342818541,0.6862548358967997,0.2561416497141179,0.0,0.0,0.0,0.0,0.0,0.0,0.0,0.0,0.0,0.0,0.0,0.0,0.0,0.0,0.0,0.0,0.0,0.0,0.0,0.0,0.0,0.0,0.0,0.0,0.0,0.0,0.0,0.0,0.0,0.0,0.0,0.0,0.0,0.0,0.0,0.0,0.0,0.0,0.0,0.0,0.0,0.0,0.0,0.0
0.03195942697073408,0.15246100959959555,0.08568915769428592,0.0,0.0,0.0,0.0,0.0,0.0,0.0,0.06691766068657466,0.0,0.0,0.0,0.29731301459921294,0.21494879709295245,0.0,0.0,0.5435446385969747,0.7375453965296387,0.5428912841601286,0.31420712583297816,0.48344277590800716,0.5546011771198254,0.7454823647052551,1.0,0.09445412131488302,0.3120683428892489,0.017641105470417758,0.07805556998251148,0.10821748455633932,0.0,0.0,0.0,0.0,0.0,0.0,0.0,0.0,0.03785582726915743,0.3900504266401856,0.6859243691611817,0.48946947221465403,0.17053006367585216,0.0,0.0,0.0,0.0,0.0,0.0,0.0,0.0,0.0,0.0,0.0,0.0,0.0,0.0,0.0,0.0,0.0,0.0,0.0,0.0,0.0,0.0,0.0,0.0,0.0,0.0,0.0,0.0,0.0,0.0,0.0,0.0,0.0,0.0,0.0,0.0,0.0,0.0,0.0,0.0,0.0,0.0,0.0,0.0
0.3056084229514836,0.5479682754302642,0.7344822900477534,0.5430417642649715,0.31207002891430174,0.21596830294913946,0.08084840849881793,0.0,0.0,0.0,0.012221151748642948,0.0,0.0,0.0,0.08021017699636257,0.0,0.0,0.0,0.15784702890029279,0.13235395335307568,0.02062786760564541,0.0,0.12111759545523891,0.0771838801062807,0.06839412318116618,0.09445412131488302,1.0,0.0,0.7567250681602405,0.0,0.39974204502699623,0.3893409621831158,0.03550946493879979,0.0,0.0,0.0,0.0,0.0,0.0,0.0,0.0,0.0,0.0,0.0,0.0,0.0,0.0,0.0,0.0,0.0,0.0,0.0,0.0,0.0,0.0,0.0,0.0,0.0,0.0,0.0,0.04061284663165461,0.15127673252819845,0.0,0.0,0.0,0.0,0.0,0.0,0.0,0.0,0.0,0.0,0.0,0.0,0.0,0.0,0.0,0.0,0.0,0.0,0.004989664706530575,0.2289620506458571,0.0,0.0,0.0,0.0,0.0,0.0
0.15771691977240293,0.121059942980425,0.0770825387194572,0.06815495781572388,0.09414162854028024,0.13210912970402383,0.08014301252816773,0.0,0.0,0.020395943845703205,0.012207001590589928,0.0,0.0,0.0,0.08085131837588744,0.0,0.0,0.0,0.3056130800429229,0.21596718340028567,0.0,0.0,0.5479684827873921,0.7344825054053831,0.5430387353079279,0.3120683428892489,0.0,1.0,0.0,0.756725085230779,0.0,0.0,0.0,0.0,0.0,0.0,0.0,0.0,0.0,0.0,0.0,0.035510089613462074,0.3893335012849074,0.3997313100473353,0.0,0.0,0.0,0.0,0.0,0.0,0.0,0.0,0.0,0.0,0.0,0.0,0.0,0.0,0.0,0.0,0.0,0.0,0.0,0.0,0.0,0.0,0.0,0.0,0.0,0.0,0.0,0.0,0.0,0.0,0.0,0.0,0.0,0.0,0.0,0.0,0.0,0.0,0.0,0.0,0.0,0.0,0.0,0.0
0.07160757116000377,0.32374547689217753,0.49120899058632067,0.3198928275615645,0.07806252137558876,0.0,0.0,0.0,0.0,0.0,0.0,0.0,0.0,0.0,0.0,0.0,0.0,0.0,0.006898407829591123,0.036142537887490424,0.0,0.0,0.0,0.0,0.0,0.017641105470417758,0.7567250681602405,0.0,1.0,0.0,0.2330987909146039,0.22329876014034944,0.0,0.0,0.0,0.0,0.0,0.0,0.0,0.0,0.0,0.0,0.0,0.0,0.0,0.0,0.0,0.0,0.0,0.0,0.0,0.0,0.0,0.0,0.0,0.0,0.0,0.0,0.0,0.0,0.09615723743506707,0.1537656484004819,0.0,0.0,0.0,0.0,0.0,0.0,0.0,0.0,0.0,0.0,0.0,0.0,0.0,0.0,0.0,0.0,0.0,0.0,0.0,0.21053690673381775,0.08773613463995501,0.0,0.0,0.0,0.0,0.0
0.006748411126715429,0.0,0.0,0.0,0.017256835341223988,0.03585482260289783,0.0,0.0,0.0,0.0,0.0,0.0,0.0,0.0,0.0,0.0,0.0,0.0,0.0716172799024526,0.0,0.0,0.0,0.32375217927971167,0.49120918691842996,0.3198825930573385,0.07805556998251148,0.0,0.756725085230779,0.0,1.0,0.0,0.0,0.0,0.0,0.0,0.0,0.0,0.0,0.0,0.0,0.0,0.0,0.22327654384983667,0.23309920380652707,0.0,0.0,0.0,0.0,0.0,0.0,0.0,0.0,0.0,0.0,0.0,0.0,0.0,0.0,0.0,0.0,0.0,0.0,0.0,0.0,0.0,0.0,0.0,0.0,0.0,0.0,0.0,0.0,0.0,0.0,0.0,0.0,0.0,0.0,0.0,0.0,0.0,0.0,0.0,0.0,0.0,0.0,0.0,0.0
0.48599998880808,0.6868653218234824,0.4926931717335825,0.25614588978779157,0.1705277075112712,0.2543275120968793,0.37592620349360056,0.12426561876831677,0.0,0.03155081080800381,0.37543973895192156,0.1508655312388919,0.0,0.0,0.4247803723336248,0.27077998165539896,0.0934483807591068,0.037514402020775404,0.39836698748016447,0.2723215565742376,0.17543534812250455,0.16897377660866567,0.2903303533283262,0.11990597221571926,0.04288703074935073,0.10821748455633932,0.39974204502699623,0.0,0.2330987909146039,0.0,1.0,0.0,0.0,0.0,0.0,0.0,0.0,0.0,0.0,0.0,0.0,0.0,0.0,0.16708358040663684,0.0,0.0,0.0,0.0,0.0,0.0,0.0,0.0,0.0,0.0,0.0,0.0,0.0,0.0,0.0,0.0,0.0,0.0,0.0,0.0,0.0,0.0,0.0,0.0,0.0,0.0,0.0,0.0,0.0,0.0,0.0,0.0,0.0,0.0,0.0,0.0,0.0,0.0,0.0,0.0,0.0,0.0,0.0,0.0
0.15869981559227783,0.2547205141874271,0.48503354217293,0.6862544647777762,0.4894685508844587,0.2529430424265127,0.0,0.0,0.0,0.033116516224344285,0.0,0.0,0.0,0.0,0.0,0.0,0.0,0.0,0.0,0.0,0.0,0.0,0.0,0.0,0.0,0.0,0.3893409621831158,0.0,0.22329876014034944,0.0,0.0,1.0,0.4066925945876453,0.0,0.0,0.0,0.0,0.0,0.0,0.0,0.0,0.0,0.0,0.0,0.0,0.0,0.0,0.0,0.0,0.0,0.0,0.0,0.0,0.0,0.0,0.1749079707472726,0.2949753417547995,0.027635981547259228,0.0,0.0,0.02205977751670828,0.29081950676779694,0.0,0.0,0.0,0.0,0.0,0.0,0.0,0.0,0.0,0.0,0.0,0.0,0.0,0.0,0.0,0.0,0.0,0.0,0.39031824530341014,0.3819056896515833,0.0,0.0,0.0,0.0,0.0,0.0
0.25014409692116135,0.1694085573210453,0.2581094563203769,0.4914718927278875,0.6859247528380678,0.4874640869052882,0.025475930760237513,0.0,0.14189826487099505,0.39212164376480796,0.0,0.0,0.0,0.0,0.0,0.0,0.0,0.0,0.0,0.0,0.0,0.0,0.0,0.0,0.0,0.0,0.03550946493879979,0.0,0.0,0.0,0.0,0.4066925945876453,1.0,0.41914783204225653,0.0,0.0,0.0,0.0,0.0,0.0,0.0,0.0,0.0,0.0,0.0,0.0,0.0,0.0,0.0,0.0,0.0,0.0,0.0,0.0,0.0,0.0,0.033324368592713045,0.0,0.0,0.0,0.0,0.0,0.0,0.0,0.0,0.0,0.0,0.0,0.0,0.0,0.0,0.0,0.0,0.0,0.0,0.0,0.0,0.0,0.0,0.0,0.13652826388205364,0.0,0.0,0.0,0.0,0.0,0.0,0.0
0.24826978097066257,0.03584833375425276,0.0,0.13649101689138235,0.3900533942545535,0.48483057573364424,0.1564207932445452,0.25241243171646466,0.4919272816483268,0.6859452985325597,0.0,0.0,0.0,0.03565209948505173,0.0,0.0,0.0,0.0,0.0,0.0,0.0,0.0,0.0,0.0,0.0,0.0,0.0,0.0,0.0,0.0,0.0,0.0,0.41914783204225653,1.0,0.40868334474636125,0.0,0.0,0.0,0.0,0.0,0.0,0.0,0.0,0.0,0.0,0.0,0.0,0.0,0.0,0.0,0.0,0.0,0.0,0.0,0.0,0.0,0.0,0.0,0.0,0.0,0.0,0.0,0.0,0.0,0.0,0.0,0.0,0.0,0.0,0.0,0.0,0.0,0.0,0.0,0.0,0.0,0.0,0.0,0.0,0.0,0.0,0.0,0.0,0.0,0.0,0.0,0.0,0.0
0.1632432595946633,0.0,0.0,0.0,0.03785823857543652,0.255914750114139,0.24991903664749351,0.4859529525150272,0.6858573721501708,0.49262327246257076,0.03130797637195975,0.0,0.14253504595344377,0.39420912826066123,0.0,0.0,0.0,0.0,0.0,0.0,0.0,0.0,0.0,0.0,0.0,0.0,0.0,0.0,0.0,0.0,0.0,0.0,0.0,0.40868334474636125,1.0,0.42563729272556056,0.0,0.0,0.0,0.0,0.0,0.0,0.0,0.0,0.0,0.0,0.0,0.0,0.0,0.0,0.0,0.0,0.0,0.0,0.0,0.0,0.0,0.0,0.0,0.0,0.0,0.0,0.0,0.0,0.0,0.0,0.0,0.0,0.0,0.0,0.0,0.0,0.0,0.0,0.0,0.0,0.0,0.0,0.0,0.0,0.0,0.0,0.0,0.0,0.0,0.0,0.0,0.0
0.03455720120605231,0.0,0.0,0.0,0.0,0.0,0.24981956762670465,0.4857156954895843,0.3931593415605177,0.1423838702528293,0.161095484949811,0.2546604228467589,0.4913803319608101,0.6859139832855018,0.0,0.0,0.0,0.03535508544352678,0.0,0.0,0.0,0.0,0.0,0.0,0.0,0.0,0.0,0.0,0.0,0.0,0.0,0.0,0.0,0.0,0.42563729272556056,1.0,0.40653186159457816,0.0,0.0,0.0,0.0,0.0,0.0,0.0,0.0,0.0,0.0,0.0,0.0,0.0,0.0,0.0,0.0,0.0,0.0,0.0,0.0,0.0,0.0,0.0,0.0,0.0,0.0,0.0,0.0,0.0,0.0,0.0,0.0,0.0,0.0,0.0,0.0,0.0,0.0,0.0,0.0,0.0,0.0,0.0,0.0,0.0,0.0,0.0,0.0,0.0,0.0,0.0
0.0,0.0,0.0,0.0,0.0,0.0,0.16284597922476277,0.2557710106690186,0.03658318389876715,0.0,0.2491397510399291,0.48622295643680735,0.6858862263938937,0.49147316870262103,0.03539364015246135,0.0,0.1415430153643671,0.3933488911101738,0.0,0.0,0.0,0.0,0.0,0.0,0.0,0.0,0.0,0.0,0.0,0.0,0.0,0.0,0.0,0.0,0.0,0.40653186159457816,1.0,0.42405079361109393,0.0,0.0,0.0,0.0,0.0,0.0,0.0,0.0,0.0,0.0,0.0,0.0,0.0,0.0,0.0,0.0,0.0,0.0,0.0,0.0,0.0,0.0,0.0,0.0,0.0,0.0,0.0,0.0,0.0,0.0,0.0,0.0,0.0,0.0,0.0,0.0,0.0,0.0,0.0,0.0,0.0,0.0,0.0,0.0,0.0,0.0,0.0,0.0,0.0,0.0
0.0,0.0,0.0,0.0,0.0,0.0,0.03539792718236773,0.0,0.0,0.0,0.2491416465124056,0.4862233780135352,0.3933485884438146,0.14154412624097326,0.16284551773927197,0.2557691095479465,0.49147263502432104,0.6858864019765941,0.0,0.0,0.0,0.03657751525537444,0.0,0.0,0.0,0.0,0.0,0.0,0.0,0.0,0.0,0.0,0.0,0.0,0.0,0.0,0.42405079361109393,1.0,0.4065291066778813,0.0,0.0,0.0,0.0,0.0,0.0,0.0,0.0,0.0,0.0,0.0,0.0,0.0,0.0,0.0,0.0,0.0,0.0,0.0,0.0,0.0,0.0,0.0,0.0,0.0,0.0,0.0,0.0,0.0,0.0,0.0,0.0,0.0,0.0,0.0,0.0,0.0,0.0,0.0,0.0,0.0,0.0,0.0,0.0,0.0,0.0,0.0,0.0,0.0
0.0,0.0,0.0,0.0,0.0,0.0,0.0,0.0,0.0,0.0,0.16110075556056408,0.2546605670397406,0.035353621880495845,0.0,0.24982224640208642,0.4857187979913808,0.6859139531709121,0.49137837431030423,0.034558279291742,0.0,0.14238243829784822,0.39316088633870583,0.0,0.0,0.0,0.0,0.0,0.0,0.0,0.0,0.0,0.0,0.0,0.0,0.0,0.0,0.0,0.4065291066778813,1.0,0.4256396960940584,0.0,0.0,0.0,0.0,0.0,0.0,0.0,0.0,0.0,0.0,0.0,0.0,0.0,0.0,0.0,0.0,0.0,0.0,0.0,0.0,0.0,0.0,0.0,0.0,0.0,0.0,0.0,0.0,0.0,0.0,0.0,0.0,0.0,0.0,0.0,0.0,0.0,0.0,0.0,0.0,0.0,0.0,0.0,0.0,0.0,0.0,0.0,0.0
0.0,0.0,0.0,0.0,0.0,0.0,0.0,0.0,0.0,0.0,0.031312509091323215,0.0,0.0,0.0,0.2499166683440419,0.48595204534128644,0.39420759930459087,0.1425311958242229,0.163240218140377,0.25591288349918107,0.49262106133817113,0.6858567702500611,0.0,0.0,0.0,0.03785582726915743,0.0,0.0,0.0,0.0,0.0,0.0,0.0,0.0,0.0,0.0,0.0,0.0,0.4256396960940584,1.0,0.4086789610129485,0.0,0.0,0.0,0.0,0.0,0.0,0.0,0.0,0.0,0.0,0.0,0.0,0.0,0.0,0.0,0.0,0.0,0.0,0.0,0.0,0.0,0.0,0.0,0.0,0.0,0.0,0.0,0.0,0.0,0.0,0.0,0.0,0.0,0.0,0.0,0.0,0.0,0.0,0.0,0.0,0.0,0.0,0.0,0.0,0.0,0.0,0.0
0.0,0.0,0.0,0.0,0.0,0.0,0.0,0.0,0.0,0.0,0.0,0.0,0.0,0.0,0.15642291319825635,0.25241315284066534,0.03564866590817919,0.0,0.24826845602384326,0.4848307941253439,0.6859457620343616,0.4919266913578113,0.035852254807682366,0.0,0.13648984138050294,0.3900504266401856,0.0,0.0,0.0,0.0,0.0,0.0,0.0,0.0,0.0,0.0,0.0,0.0,0.0,0.4086789610129485,1.0,0.41913643404204715,0.0,0.0,0.0,0.0,0.0,0.0,0.0,0.0,0.0,0.0,0.0,0.0,0.0,0.0,0.0,0.0,0.0,0.0,0.0,0.0,0.0,0.0,0.0,0.0,0.0,0.0,0.0,0.0,0.0,0.0,0.0,0.0,0.0,0.0,0.0,0.0,0.0,0.0,0.0,0.0,0.0,0.0,0.0,0.0,0.0,0.0
0.0,0.0,0.0,0.0,0.0,0.0,0.0,0.0,0.0,0.0,0.0,0.0,0.0,0.0,0.02547901887452443,0.0,0.0,0.0,0.2501472889793633,0.4874633859023503,0.3921144997396707,0.1418912257400236,0.169411492306743,0.25811318106238407,0.4914740342818541,0.6859243691611817,0.0,0.035510089613462074,0.0,0.0,0.0,0.0,0.0,0.0,0.0,0.0,0.0,0.0,0.0,0.0,0.41913643404204715,1.0,0.40670066402294985,0.0,0.0,0.0,0.0,0.0,0.0,0.0,0.0,0.0,0.0,0.0,0.0,0.0,0.0,0.0,0.0,0.0,0.0,0.0,0.0,0.0,0.0,0.0,0.0,0.0,0.0,0.0,0.0,0.0,0.0,0.0,0.0,0.0,0.0,0.0,0.0,0.0,0.0,0.0,0.0,0.0,0.0,0.0,0.0,0.0
0.0,0.0,0.0,0.0,0.0,0.0,0.0,0.0,0.0,0.0,0.0,0.0,0.0,0.0,0.0,0.0,0.0,0.0,0.15870537388437675,0.2529436035100768,0.03311779400837497,0.0,0.25472087482460265,0.48503594751216556,0.6862548358967997,0.48946947221465403,0.0,0.3893335012849074,0.0,0.22327654384983667,0.0,0.0,0.0,0.0,0.0,0.0,0.0,0.0,0.0,0.0,0.0,0.40670066402294985,1.0,0.0,0.0,0.0,0.0,0.0,0.0,0.0,0.0,0.0,0.0,0.0,0.0,0.0,0.0,0.0,0.0,0.0,0.0,0.0,0.0,0.0,0.0,0.0,0.0,0.0,0.0,0.0,0.0,0.0,0.0,0.0,0.0,0.0,0.0,0.0,0.0,0.0,0.0,0.0,0.0,0.0,0.0,0.0,0.0,0.0
0.3982046253053014,0.2902422388114703,0.11979309229645858,0.04268805652088659,0.10796343824544155,0.27208450542788076,0.4246916233364959,0.2706975422906276,0.16883686098108744,0.1752238491990995,0.3754307021709913,0.15087579740976548,0.03751113572443156,0.09341294002625909,0.3759407873023113,0.12429408196593537,0.0,0.0,0.4860109936108401,0.2543330244728835,0.03156388347141977,0.0,0.686864476273461,0.4926813323527458,0.2561416497141179,0.17053006367585216,0.0,0.3997313100473353,0.0,0.23309920380652707,0.16708358040663684,0.0,0.0,0.0,0.0,0.0,0.0,0.0,0.0,0.0,0.0,0.0,0.0,1.0,0.0,0.0,0.0,0.0,0.0,0.0,0.0,0.0,0.0,0.0,0.0,0.0,0.0,0.0,0.0,0.0,0.0,0.0,0.0,0.0,0.0,0.0,0.0,0.0,0.0,0.0,0.0,0.0,0.0,0.0,0.0,0.0,0.0,0.0,0.0,0.0,0.0,0.0,0.0,0.0,0.0,0.0,0.0,0.0
0.0,0.0,0.0,0.0,0.0,0.0,0.0,0.0,0.0,0.0,0.0,0.0,0.0,0.0,0.0,0.0,0.0,0.0,0.0,0.0,0.0,0.0,0.0,0.0,0.0,0.0,0.0,0.0,0.0,0.0,0.0,0.0,0.0,0.0,0.0,0.0,0.0,0.0,0.0,0.0,0.0,0.0,0.0,0.0,1.0,0.7383103507710321,0.5469798196942371,0.4723958891055894,0.5435386906776225,0.7350233802711091,0.7298233068345809,0.5455493668145677,0.47718269897408394,0.5420710068377029,0.5221647674852686,0.29885988464754987,0.2148681844232592,0.30489008728923644,0.4077952398482438,0.17141185241959095,0.03829807402246033,0.08381762248956962,0.38386202260780483,0.16161588517486924,0.0,0.0,0.4315095648548615,0.24904920158278687,0.06565235021204972,0.03195942697073408,0.3056084229514836,0.15771691977240293,0.07160757116000377,0.006748411126715265,0.48599998880807993,0.15869981559227783,0.25014409692116135,0.24826978097066257,0.16324325959466338,0.034557201206052476,0.0,0.0,0.0,0.0,0.0,0.0,0.0,0.3982046253053014
0.0,0.0,0.0,0.0,0.0,0.0,0.0,0.0,0.0,0.0,0.0,0.0,0.0,0.0,0.0,0.0,0.0,0.0,0.0,0.0,0.0,0.0,0.0,0.0,0.0,0.0,0.0,0.0,0.0,0.0,0.0,0.0,0.0,0.0,0.0,0.0,0.0,0.0,0.0,0.0,0.0,0.0,0.0,0.0,0.7383103507710321,1.0,0.7425839223742365,0.5485797284083545,0.4834394719250325,0.5500689824024522,0.5328082974721502,0.30534899309183683,0.218927920223791,0.3080377478776938,0.4317653370961857,0.19357323274118152,0.05026763003982489,0.08935524745301586,0.4207623912091368,0.22145870120641972,0.05105462284233179,0.03280204549102585,0.4315872849488158,0.274589172965005,0.1301933460426483,0.10343806285600621,0.4127973651561512,0.26248986731056917,0.1458481186151259,0.15246100959959555,0.547968275430264,0.121059942980425,0.32374547689217753,0.0,0.6868653218234826,0.2547205141874271,0.1694085573210452,0.03584833375425276,0.0,0.0,0.0,0.0,0.0,0.0,0.0,0.0,0.0,0.2902422388114704
0.0,0.0,0.0,0.0,0.0,0.0,0.0,0.0,0.0,0.0,0.0,0.0,0.0,0.0,0.0,0.0,0.0,0.0,0.0,0.0,0.0,0.0,0.0,0.0,0.0,0.0,0.0,0.0,0.0,0.0,0.0,0.0,0.0,0.0,0.0,0.0,0.0,0.0,0.0,0.0,0.0,0.0,0.0,0.0,0.5469798196942371,0.7425839223742365,1.0,0.737505150812897,0.554599759553522,0.481318971648196,0.29710225103980287,0.09638736852972245,0.06676828023032834,0.2178940037108918,0.17509040152893665,0.0,0.0,0.0,0.18615172470866295,0.0001845360435968633,0.0,0.0,0.2491185813315509,0.1458107618751616,0.0,0.0,0.2624722157465881,0.18642228888106416,0.10353995392768456,0.08568915769428592,0.7344822900477534,0.0770825387194572,0.49120899058632067,0.0,0.49269317173358274,0.48503354217293,0.25810945632037696,0.0,0.0,0.0,0.0,0.0,0.0,0.0,0.0,0.0,0.0,0.11979309229645892
0.0,0.0,0.0,0.0,0.0,0.0,0.0,0.0,0.0,0.0,0.0,0.0,0.0,0.0,0.0,0.0,0.0,0.0,0.0,0.0,0.0,0.0,0.0,0.0,0.0,0.0,0.0,0.0,0.0,0.0,0.0,0.0,0.0,0.0,0.0,0.0,0.0,0.0,0.0,0.0,0.0,0.0,0.0,0.0,0.4723958891055894,0.5485797284083545,0.737505150812897,1.0,0.7454831866511306,0.5489952034756583,0.20230199965939916,0.057759333117509894,0.10368663328595054,0.3090694669749679,0.019935793963138587,0.0,0.0,0.0,0.0,0.0,0.0,0.0,0.06565145793614141,0.0,0.0,0.0,0.145742294954305,0.10342645340122862,0.0,0.0,0.5430417642649714,0.06815495781572388,0.3198928275615644,0.0,0.2561458897877918,0.6862544647777763,0.49147189272788766,0.13649101689138268,0.0,0.0,0.0,0.0,0.0,0.0,0.0,0.0,0.0,0.042688056520886926
0.0,0.0,0.0,0.0,0.0,0.0,0.0,0.0,0.0,0.0,0.0,0.0,0.0,0.0,0.0,0.0,0.0,0.0,0.0,0.0,0.0,0.0,0.0,0.0,0.0,0.0,0.0,0.0,0.0,0.0,0.0,0.0,0.0,0.0,0.0,0.0,0.0,0.0,0.0,0.0,0.0,0.0,0.0,0.0,0.5435386906776225,0.4834394719250325,0.554599759553522,0.7454831866511306,1.0,0.7375442031593364,0.2973071596148381,0.21494600462108915,0.31420746901733304,0.5428935550130646,0.06690731594387649,0.0,0.0,0.0,0.0,0.0,0.0,0.0,0.03191520676047612,0.0,0.0,0.0,0.1523022574505365,0.08550837477569885,0.0,0.0,0.3120700289143019,0.09414162854028041,0.07806252137558893,0.017256835341223988,0.17052770751127128,0.489468550884459,0.6859247528380678,0.39005339425455365,0.03785823857543652,0.0,0.0,0.0,0.0,0.0,0.0,0.0,0.0,0.10796343824544172
0.0,0.0,0.0,0.0,0.0,0.0,0.0,0.0,0.0,0.0,0.0,0.0,0.0,0.0,0.0,0.0,0.0,0.0,0.0,0.0,0.0,0.0,0.0,0.0,0.0,0.0,0.0,0.0,0.0,0.0,0.0,0.0,0.0,0.0,0.0,0.0,0.0,0.0,0.0,0.0,0.0,0.0,0.0,0.0,0.7350233802711091,0.5500689824024522,0.481318971648196,0.5489952034756583,0.7375442031593364,1.0,0.5375653124923979,0.47660471162995494,0.5524537337750433,0.7354882344820405,0.2858651937688403,0.08635376092993617,0.060594040423656424,0.21506805539176801,0.15348018635612162,0.0,0.0,0.0,0.16157758378187212,0.0,0.0,0.0,0.2744500100376529,0.14566272384985451,0.0,0.0,0.21596830294913946,0.13210912970402383,0.0,0.035854822602897504,0.25432751209687926,0.2529430424265128,0.48746408690528803,0.4848305757336443,0.25591475011413917,0.0,0.0,0.0,0.0,0.0,0.0,0.0,0.0,0.2720845054278809
0.0,0.0,0.0,0.0,0.0,0.0,0.0,0.0,0.0,0.0,0.0,0.0,0.0,0.0,0.0,0.0,0.0,0.0,0.0,0.0,0.0,0.0,0.0,0.0,0.0,0.0,0.0,0.0,0.0,0.0,0.0,0.0,0.0,0.0,0.0,0.0,0.0,0.0,0.0,0.0,0.0,0.0,0.0,0.0,0.7298233068345809,0.5328082974721502,0.29710225103980287,0.20230199965939916,0.2973071596148381,0.5375653124923979,1.0,0.7368519209504353,0.5418845291796638,0.47019345434773957,0.73082725782201,0.545179695509628,0.4764148999239906,0.5430532327545622,0.5198533534719992,0.2935151730219012,0.2118385917819982,0.30480735979815693,0.4077881506858319,0.15349247310048628,0.017345072056597282,0.07141125070053284,0.4207155592022368,0.18610891657637987,0.0,0.0,0.08084840849881793,0.08014301252816788,0.0,0.0,0.37592620349360045,0.0,0.025475930760237513,0.15642079324454503,0.24991903664749351,0.24981956762670465,0.16284597922476277,0.03539792718236756,0.0,0.0,0.0,0.0,0.0,0.42469162333649574
0.0,0.0,0.0,0.0,0.0,0.0,0.0,0.0,0.0,0.0,0.0,0.0,0.0,0.0,0.0,0.0,0.0,0.0,0.0,0.0,0.0,0.0,0.0,0.0,0.0,0.0,0.0,0.0,0.0,0.0,0.0,0.0,0.0,0.0,0.0,0.0,0.0,0.0,0.0,0.0,0.0,0.0,0.0,0.0,0.5455493668145677,0.30534899309183683,0.09638736852972245,0.057759333117509894,0.21494600462108915,0.47660471162995494,0.7368519209504353,1.0,0.7348706658368158,0.5487952486797246,0.5433929277067162,0.4790058532882333,0.5523406201568847,0.7361473902253824,0.2935118242100085,0.08717791421554409,0.0593783457662829,0.21597799465839188,0.17139520393954422,0.0,0.0,0.0,0.22140691538798116,0.00012882316200413656,0.0,0.0,0.0,0.0,0.0,0.0,0.12426561876831677,0.0,0.0,0.2524124317164646,0.4859529525150272,0.48571569548958415,0.2557710106690184,0.0,0.0,0.0,0.0,0.0,0.0,0.2706975422906274
0.0,0.0,0.0,0.0,0.0,0.0,0.0,0.0,0.0,0.0,0.0,0.0,0.0,0.0,0.0,0.0,0.0,0.0,0.0,0.0,0.0,0.0,0.0,0.0,0.0,0.0,0.0,0.0,0.0,0.0,0.0,0.0,0.0,0.0,0.0,0.0,0.0,0.0,0.0,0.0,0.0,0.0,0.0,0.0,0.47718269897408394,0.218927920223791,0.06676828023032834,0.10368663328595054,0.31420746901733304,0.5524537337750433,0.5418845291796638,0.7348706658368158,1.0,0.7479096965739996,0.29987816868322764,0.2139657158022127,0.3124310639246702,0.5431645216996427,0.07140217590251313,0.0,0.0,0.0,0.0,0.0,0.0,0.0,0.10335284605117168,0.0,0.0,0.0,0.0,0.0,0.0,0.0,0.0,0.0,0.14189826487099488,0.49192728164832644,0.685857372150171,0.39315934156051785,0.036583183898767316,0.0,0.0,0.0,0.0,0.0,0.0,0.1688368609810872
0.0,0.0,0.0,0.0,0.0,0.0,0.0,0.0,0.0,0.0,0.0,0.0,0.0,0.0,0.0,0.0,0.0,0.0,0.0,0.0,0.0,0.0,0.0,0.0,0.0,0.0,0.0,0.0,0.0,0.0,0.0,0.0,0.0,0.0,0.0,0.0,0.0,0.0,0.0,0.0,0.0,0.0,0.0,0.0,0.5420710068377029,0.3080377478776938,0.2178940037108918,0.3090694669749679,0.5428935550130646,0.7354882344820405,0.47019345434773957,0.5487952486797246,0.7479096965739996,1.0,0.20244380616281843,0.055726288898172514,0.10311890971387663,0.3114740369483066,0.017327833995075866,0.0,0.0,0.0,0.0,0.0,0.0,0.0,0.13006251758583953,0.0,0.0,0.0,0.0,0.020395943845703205,0.0,0.0,0.03155081080800364,0.033116516224344285,0.3921216437648077,0.6859452985325595,0.4926232724625709,0.14238387025282948,0.0,0.0,0.0,0.0,0.0,0.0,0.0,0.17522384919909942
0.0,0.0,0.0,0.0,0.0,0.0,0.0,0.0,0.0,0.0,0.0,0.0,0.0,0.0,0.0,0.0,0.0,0.0,0.0,0.0,0.0,0.0,0.0,0.0,0.0,0.0,0.0,0.0,0.0,0.0,0.0,0.0,0.0,0.0,0.0,0.0,0.0,0.0,0.0,0.0,0.0,0.0,0.0,0.0,0.5221647674852686,0.4317653370961857,0.17509040152893665,0.019935793963138587,0.06690731594387649,0.2858651937688403,0.73082725782201,0.5433929277067162,0.29987816868322764,0.20244380616281843,1.0,0.7354285945448119,0.5421389708339308,0.47464782308408127,0.7308314875225411,0.5433961076377356,0.4746525366199016,0.5421417246835124,0.5221642234326063,0.2858732796757976,0.2024535009748521,0.29988322992266603,0.43175506877570324,0.17507837397507414,0.019937829222662955,0.06691766068657466,0.012221151748642948,0.012207001590589763,0.0,0.0,0.3754397389519214,0.0,0.0,0.0,0.031307976371959916,0.16109548494981116,0.24913975103992927,0.2491416465124056,0.16110075556056416,0.031312509091323056,0.0,0.0,0.0,0.37543070217099084
0.0,0.0,0.0,0.06505827353006573,0.0,0.0,0.0,0.0,0.0,0.0,0.0,0.0,0.0,0.0,0.0,0.0,0.0,0.0,0.0,0.0,0.0,0.0,0.0,0.0,0.0,0.0,0.0,0.0,0.0,0.0,0.0,0.1749079707472726,0.0,0.0,0.0,0.0,0.0,0.0,0.0,0.0,0.0,0.0,0.0,0.0,0.29885988464754987,0.19357323274118152,0.0,0.0,0.0,0.08635376092993617,0.545179695509628,0.4790058532882333,0.2139657158022127,0.055726288898172514,0.7354285945448119,1.0,0.7361615417419186,0.5512983922850501,0.5451782269228364,0.4790030653056864,0.5512987596952031,0.7361624495219001,0.2988513976137761,0.08634626989254496,0.05572166471338188,0.21396188799031135,0.19356687060730268,0.0,0.0,0.0,0.0,0.0,0.0,0.0,0.15086553123889174,0.0,0.0,0.0,0.0,0.2546604228467587,0.48622295643680735,0.4862233780135352,0.25466056703974077,0.0,0.0,0.0,0.0,0.1508757974097653
