1.0,0.738314424850436,0.5469811826497459,0.47239193799062235,0.5435390665803476,0.7350220447998665,0.729825878607583,0.5455508188132852,0.47718420834516756,0.5420714386230909,0.5221526996328836,0.29883995005366965,0.21485550181004112,0.3048884424572122,0.4077733434737968,0.17137344693022444,0.03825235612680395,0.08378344502713563,0.3838873723738733,0.16163612490772275,0.0,0.0,0.4316423769115943,0.24926369198763373,0.06582207929810256,0.03204117208221886,0.3056178990812745,0.1580228841959198,0.07162521889148767,0.007109860248445522,0.4860142632377268,0.15869825110171637,0.25014599188252123,0.248268672990099,0.1632428640008353,0.03456106329714813,0.0,0.0,0.0,0.0,0.0,0.0,0.0,0.3983451921010967,0.0,0.0,0.0,0.0,0.0,0.0,0.0,0.0,0.0,0.0,0.0,0.0,0.0,0.0,0.0,0.0,0.0,0.0,0.0,0.0,0.0,0.0,0.0,0.0,0.0,0.0,0.0,0.0,0.0,0.0,0.0,0.0,0.0,0.0,0.0,0.0,0.0,0.0,0.0,0.0,0.0,0.0,0.0,0.0
0.738314424850436,1.0,0.7425867735663726,0.5485806157116394,0.4834470858061022,0.5500738340641989,0.5328099637056057,0.30535635846418924,0.2189380607892159,0.30804523799384304,0.4317349765351996,0.19354211361628185,0.05025475027239864,0.08935912932396319,0.42068689346335003,0.22136492895691823,0.05097102307810747,0.03274655477961365,0.4315440727392669,0.27453853697722974,0.13010741560948694,0.1033359330432802,0.4128735850581272,0.2626713102534339,0.14598910892648012,0.15249146740621392,0.5479796109671538,0.1213367933647461,0.32376604904999384,0.0,0.6868674368988572,0.25472210529306943,0.16941686049479313,0.03585341408020544,0.0,0.0,0.0,0.0,0.0,0.0,0.0,0.0,0.0,0.29031763772016334,0.0,0.0,0.0,0.0,0.0,0.0,0.0,0.0,0.0,0.0,0.0,0.0,0.0,0.0,0.0,0.0,0.0,0.0,0.0,0.0,0.0,0.0,0.0,0.0,0.0,0.0,0.0,0.0,0.0,0.0,0.0,0.0,0.0,0.0,0.0,0.0,0.0,0.0,0.0,0.0,0.0,0.0,0.0,0.0
0.5469811826497459,0.7425867735663726,1.0,0.7375031084913297,0.5546021607327095,0.4813178480755288,0.2971045743641996,0.09638904778703278,0.06677076270501424,0.21789362007007507,0.17506825254922131,0.0,0.0,0.0,0.18610009095319385,9.990190771936158e-05,0.0,0.0,0.2491191554610629,0.14580420602835165,0.0,0.0,0.2626147159846905,0.1867209514169002,0.10380178266532981,0.08579585635944857,0.7344837179366572,0.07751463735829232,0.4912103476079625,0.0,0.4926927512883515,0.4850309577190653,0.25811148076376716,0.0,0.0,0.0,0.0,0.0,0.0,0.0,0.0,0.0,0.0,0.11992740019735755,0.0,0.0,0.0,0.0,0.0,0.0,0.0,0.0,0.0,0.0,0.0,0.0,0.0,0.0,0.0,0.0,0.0,0.0,0.0,0.0,0.0,0.0,0.0,0.0,0.0,0.0,0.0,0.0,0.0,0.0,0.0,0.0,0.0,0.0,0.0,0.0,0.0,0.0,0.0,0.0,0.0,0.0,0.0,0.0
0.47239193799062235,0.5485806157116394,0.7375031084913297,1.0,0.7454823883136196,0.5489891816233625,0.20230054871137076,0.05775328436253185,0.10368070693050399,0.3090622591098735,0.019918184095742357,0.0,0.0,0.0,0.0,0.0,0.0,0.0,0.06569660391705047,0.0,0.0,0.0,0.14594491505809587,0.1038187843631228,0.0,0.0,0.5430333414974454,0.06873661034120294,0.31987488963407057,0.0,0.256145525219811,0.686256719348036,0.49147251505285805,0.13648099792503526,0.0,0.0,0.0,0.0,0.0,0.0,0.0,0.0,0.0,0.04288448780133232,0.0,0.0,0.0,0.0,0.0,0.0,0.0,0.0,0.0,0.0,0.0,0.0,0.0,0.0,0.0,0.0,0.0,0.0,0.0,0.0,0.0,0.0,0.0,0.0,0.0,0.0,0.0,0.0,0.0,0.0,0.0,0.0,0.0,0.0,0.0,0.0,0.0,0.0,0.0,0.0,0.0,0.0,0.0,0.0
0.5435390665803476,0.4834470858061022,0.5546021607327095,0.7454823883136196,1.0,0.7375423655802209,0.2973105822248672,0.21494341618826915,0.31420354136820366,0.5428881898447205,0.06690091955888117,0.0,0.0,0.0,0.0,0.0,0.0,0.0,0.03198317860594431,0.0,0.0,0.0,0.15252225383758045,0.0858973950960157,0.0,0.0,0.31206709748952893,0.09473042446116538,0.07805120934238495,0.017986337195174208,0.17053827918376532,0.4894682370663264,0.6859254596879764,0.3900447322232689,0.0378507227913583,0.0,0.0,0.0,0.0,0.0,0.0,0.0,0.0,0.10818999534896458,0.0,0.0,0.0,0.0,0.0,0.0,0.0,0.0,0.0,0.0,0.0,0.0,0.0,0.0,0.0,0.0,0.0,0.0,0.0,0.0,0.0,0.0,0.0,0.0,0.0,0.0,0.0,0.0,0.0,0.0,0.0,0.0,0.0,0.0,0.0,0.0,0.0,0.0,0.0,0.0,0.0,0.0,0.0,0.0
0.7350220447998665,0.5500738340641989,0.4813178480755288,0.5489891816233625,0.7375423655802209,1.0,0.537568651615926,0.476604763728682,0.552454279814592,0.7354888198881765,0.28586069311261264,0.08633461050459142,0.060578162795816765,0.21506355318024542,0.15347815289738903,0.0,0.0,0.0,0.1616373807615519,0.0,0.0,0.0,0.27464009583085675,0.14597016098480092,0.0,0.0,0.21596829758427438,0.13256606892686681,0.0,0.03641084644800688,0.25434042289306547,0.2529391964299111,0.48746532413194454,0.48482990230337975,0.25591279413394036,0.0,0.0,0.0,0.0,0.0,0.0,0.0,0.0,0.27229394505468635,0.0,0.0,0.0,0.0,0.0,0.0,0.0,0.0,0.0,0.0,0.0,0.0,0.0,0.0,0.0,0.0,0.0,0.0,0.0,0.0,0.0,0.0,0.0,0.0,0.0,0.0,0.0,0.0,0.0,0.0,0.0,0.0,0.0,0.0,0.0,0.0,0.0,0.0,0.0,0.0,0.0,0.0,0.0,0.0
0.729825878607583,0.5328099637056057,0.2971045743641996,0.20230054871137076,0.2973105822248672,0.537568651615926,1.0,0.7368526496739751,0.5418874513302097,0.47019861493579834,0.7308216544086652,0.5451680303616028,0.4764058948208447,0.5430510872772789,0.5198474682200548,0.2935014082393556,0.21181744979697315,0.3047902047996172,0.4078101559175209,0.15350972636010676,0.017345184611116074,0.07140120380122313,0.42078777923226257,0.1862166068865733,0.0,0.0,0.08086119034193207,0.08029712889609285,0.0,0.0,0.37593982286377886,0.0,0.02548135894170956,0.1564257904917932,0.2499203000686268,0.249821511692493,0.16283964363657455,0.03537979680907089,0.0,0.0,0.0,0.0,0.0,0.42476379973910094,0.0,0.0,0.0,0.0,0.0,0.0,0.0,0.0,0.0,0.0,0.0,0.0,0.0,0.0,0.0,0.0,0.0,0.0,0.0,0.0,0.0,0.0,0.0,0.0,0.0,0.0,0.0,0.0,0.0,0.0,0.0,0.0,0.0,0.0,0.0,0.0,0.0,0.0,0.0,0.0,0.0,0.0,0.0,0.0
0.5455508188132852,0.30535635846418924,0.09638904778703278,0.05775328436253185,0.21494341618826915,0.476604763728682,0.7368526496739751,1.0,0.7348717832122137,0.5487964687038888,0.5433975613377076,0.47900158398995163,0.5523349989609248,0.7361457948206829,0.29352197940195307,0.08717880081892132,0.05936759098625438,0.21596856783349014,0.17143164026076035,0.0,0.0,0.0,0.22148541250203954,0.00023860895116930198,0.0,0.0,0.0,0.0,0.0,0.0,0.12429179522408468,0.0,0.0,0.25241304368577266,0.48595336769210845,0.48571819605979166,0.2557677773638775,0.0,0.0,0.0,0.0,0.0,0.0,0.2707807595246511,0.0,0.0,0.0,0.0,0.0,0.0,0.0,0.0,0.0,0.0,0.0,0.0,0.0,0.0,0.0,0.0,0.0,0.0,0.0,0.0,0.0,0.0,0.0,0.0,0.0,0.0,0.0,0.0,0.0,0.0,0.0,0.0,0.0,0.0,0.0,0.0,0.0,0.0,0.0,0.0,0.0,0.0,0.0,0.0
0.47718420834516756,0.2189380607892159,0.06677076270501424,0.10368070693050399,0.31420354136820366,0.552454279814592,0.5418874513302097,0.7348717832122137,1.0,0.747909620025028,0.29988481494011265,0.2139616399645047,0.3124255435840873,0.5431637670989141,0.07141906963362148,0.0,0.0,0.0,0.0,0.0,0.0,0.0,0.10347838179130628,0.0,0.0,0.0,0.0,0.0,0.0,0.0,0.0,0.0,0.14189321309210784,0.49192651323085745,0.685855312510843,0.3931625062141693,0.036578725073565584,0.0,0.0,0.0,0.0,0.0,0.0,0.16897776361413328,0.0,0.0,0.0,0.0,0.0,0.0,0.0,0.0,0.0,0.0,0.0,0.0,0.0,0.0,0.0,0.0,0.0,0.0,0.0,0.0,0.0,0.0,0.0,0.0,0.0,0.0,0.0,0.0,0.0,0.0,0.0,0.0,0.0,0.0,0.0,0.0,0.0,0.0,0.0,0.0,0.0,0.0,0.0,0.0
0.5420714386230909,0.30804523799384304,0.21789362007007507,0.3090622591098735,0.5428881898447205,0.7354888198881765,0.47019861493579834,0.5487964687038888,0.747909620025028,1.0,0.2024493086945182,0.05571693432302098,0.10310851466299056,0.3114714053605975,0.017344613861033323,0.0,0.0,0.0,0.0,0.0,0.0,0.0,0.13024310470184258,0.0,0.0,0.0,0.0,0.020811141798901183,0.0,0.0,0.03157069407423695,0.033110123095206764,0.3921165385305873,0.6859442900421988,0.49262018317213346,0.14238517331634828,0.0,0.0,0.0,0.0,0.0,0.0,0.0,0.17542775269634148,0.0,0.0,0.0,0.0,0.0,0.0,0.0,0.0,0.0,0.0,0.0,0.0,0.0,0.0,0.0,0.0,0.0,0.0,0.0,0.0,0.0,0.0,0.0,0.0,0.0,0.0,0.0,0.0,0.0,0.0,0.0,0.0,0.0,0.0,0.0,0.0,0.0,0.0,0.0,0.0,0.0,0.0,0.0,0.0
0.5221526996328836,0.4317349765351996,0.17506825254922131,0.019918184095742357,0.06690091955888117,0.28586069311261264,0.7308216544086652,0.5433975613377076,0.29988481494011265,0.2024493086945182,1.0,0.7354295622463428,0.5421405704733745,0.4746538576948753,0.7308284863649721,0.5433926583806994,0.47464758129672635,0.5421398779481189,0.5221703305594111,0.2858740007628526,0.2024506911310765,0.29988073275248783,0.43177133339507423,0.17510473162665102,0.01995492612393677,0.06692348065338093,0.012209472458271744,0.012249141269777993,0.0,0.0,0.3754060600835684,0.0,0.0,0.0,0.03131661164780606,0.16110402775411173,0.24914310758680486,0.24913978174437593,0.16109481835002468,0.031309528199853096,0.0,0.0,0.0,0.37543483579807474,0.0,0.0,0.0,0.0,0.0,0.0,0.0,0.0,0.0,0.0,0.0,0.0,0.0,0.0,0.0,0.0,0.0,0.0,0.0,0.0,0.0,0.0,0.0,0.0,0.0,0.0,0.0,0.0,0.0,0.0,0.0,0.0,0.0,0.0,0.0,0.0,0.0,0.0,0.0,0.0,0.0,0.0,0.0,0.0
0.29883995005366965,0.19354211361628185,0.0,0.0,0.0,0.08633461050459142,0.5451680303616028,0.47900158398995163,0.2139616399645047,0.05571693432302098,0.7354295622463428,1.0,0.7361608133774784,0.5512994466464669,0.5451821287178192,0.4790040411228803,0.55129569337008,0.7361607089717399,0.29885799887485726,0.08634430873781071,0.05571824372675358,0.21396109953148013,0.19356937036261293,0.0,0.0,0.0,0.0,0.0,0.0,0.0,0.15084684753177088,0.0,0.0,0.0,0.0,0.2546635280670754,0.4862239281590684,0.4862217053253059,0.25465628175197624,0.0,0.0,0.0,0.0,0.15086853865100408,0.0,0.0,0.0,0.0,0.0,0.0,0.0,0.0,0.0,0.0,0.0,0.0,0.0,0.0,0.0,0.0,0.0,0.0,0.0,0.0,0.0,0.0,0.0,0.0,0.0,0.0,0.0,0.0,0.0,0.0,0.0,0.0,0.0,0.0,0.0,0.0,0.0,0.0,0.0,0.0,0.0,0.0,0.0,0.0
0.21485550181004112,0.05025475027239864,0.0,0.0,0.0,0.060578162795816765,0.4764058948208447,0.5523349989609248,0.3124255435840873,0.10310851466299056,0.5421405704733745,0.7361608133774784,1.0,0.7473477266865396,0.3048086749306982,0.21597536806164275,0.311962438118074,0.543504378986547,0.08381373001302063,0.0,0.0,0.0,0.03279411185140783,0.0,0.0,0.0,0.0,0.0,0.0,0.0,0.0,0.0,0.0,0.0,0.14253393101941275,0.49138175270128454,0.6858891543156787,0.39334660800858157,0.03534844327474685,0.0,0.0,0.0,0.0,0.03751273135841107,0.0,0.0,0.0,0.0,0.0,0.0,0.0,0.0,0.0,0.0,0.0,0.0,0.0,0.0,0.0,0.0,0.0,0.0,0.0,0.0,0.0,0.0,0.0,0.0,0.0,0.0,0.0,0.0,0.0,0.0,0.0,0.0,0.0,0.0,0.0,0.0,0.0,0.0,0.0,0.0,0.0,0.0,0.0,0.0
0.3048884424572122,0.08935912932396319,0.0,0.0,0.0,0.21506355318024542,0.5430510872772789,0.7361457948206829,0.5431637670989141,0.3114714053605975,0.4746538576948753,0.5512994466464669,0.7473477266865396,1.0,0.2118445685753628,0.05938007795829923,0.10276804595965106,0.3119648437188397,0.038304905376604255,0.0,0.0,0.0,0.05105987373086088,0.0,0.0,0.0,0.0,0.0,0.0,0.0,0.0,0.0,0.0,0.03564847732505921,0.39421066508271935,0.6859161496646693,0.4914741689867379,0.1415405919421537,0.0,0.0,0.0,0.0,0.0,0.09344855821904523,0.0,0.0,0.0,0.0,0.0,0.0,0.0,0.0,0.0,0.0,0.0,0.0,0.0,0.0,0.0,0.0,0.0,0.0,0.0,0.0,0.0,0.0,0.0,0.0,0.0,0.0,0.0,0.0,0.0,0.0,0.0,0.0,0.0,0.0,0.0,0.0,0.0,0.0,0.0,0.0,0.0,0.0,0.0,0.0
0.4077733434737968,0.42068689346335003,0.18610009095319385,0.0,0.0,0.15347815289738903,0.5198474682200548,0.29352197940195307,0.07141906963362148,0.017344613861033323,0.7308284863649721,0.5451821287178192,0.3048086749306982,0.2118445685753628,1.0,0.7368553203558924,0.5430596034308529,0.47641921344421234,0.72982686606383,0.5375667357536331,0.4701944941239758,0.5418870475803407,0.5328169042338796,0.29710895079883165,0.20230650607583817,0.29731018951230165,0.08015958988319749,0.08086559176497833,0.0,0.0,0.42464492611774635,0.0,0.0,0.0,0.0,0.0,0.03540098356135828,0.16284927422295123,0.2498257088233311,0.2499214055448939,0.15642373736613624,0.02547686770131236,0.0,0.37593719640254314,0.0,0.0,0.0,0.0,0.0,0.0,0.0,0.0,0.0,0.0,0.0,0.0,0.0,0.0,0.0,0.0,0.0,0.0,0.0,0.0,0.0,0.0,0.0,0.0,0.0,0.0,0.0,0.0,0.0,0.0,0.0,0.0,0.0,0.0,0.0,0.0,0.0,0.0,0.0,0.0,0.0,0.0,0.0,0.0
0.17137344693022444,0.22136492895691823,9.990190771936158e-05,0.0,0.0,0.0,0.2935014082393556,0.08717880081892132,0.0,0.0,0.5433926583806994,0.4790040411228803,0.21597536806164275,0.05938007795829923,0.7368553203558924,1.0,0.7361496556825567,0.5523396643206648,0.5455556255651068,0.4766005853475386,0.5487902791686529,0.7348688131936333,0.30536066774485193,0.09638577055000616,0.057747271010950396,0.21493382566817534,0.0,0.0,0.0,0.0,0.2706363317422635,0.0,0.0,0.0,0.0,0.0,0.0,0.2557691035160925,0.48571854325795843,0.48595159979496866,0.25240727708508925,0.0,0.0,0.12428862314672867,0.0,0.0,0.0,0.0,0.0,0.0,0.0,0.0,0.0,0.0,0.0,0.0,0.0,0.0,0.0,0.0,0.0,0.0,0.0,0.0,0.0,0.0,0.0,0.0,0.0,0.0,0.0,0.0,0.0,0.0,0.0,0.0,0.0,0.0,0.0,0.0,0.0,0.0,0.0,0.0,0.0,0.0,0.0,0.0
0.03825235612680395,0.05097102307810747,0.0,0.0,0.0,0.0,0.21181744979697315,0.05936759098625438,0.0,0.0,0.47464758129672635,0.55129569337008,0.311962438118074,0.10276804595965106,0.5430596034308529,0.7361496556825567,1.0,0.7473461885023973,0.30489530633125317,0.2150590919976708,0.31146531316545273,0.5431613250043179,0.08936339104889465,0.0,0.0,0.0,0.0,0.0,0.0,0.0,0.09335111867606974,0.0,0.0,0.0,0.0,0.0,0.14154112581107367,0.4914698729489417,0.6859131567644243,0.3942062751364836,0.03564065551549817,0.0,0.0,0.0,0.0,0.0,0.0,0.0,0.0,0.0,0.0,0.0,0.0,0.0,0.0,0.0,0.0,0.0,0.0,0.0,0.0,0.0,0.0,0.0,0.0,0.0,0.0,0.0,0.0,0.0,0.0,0.0,0.0,0.0,0.0,0.0,0.0,0.0,0.0,0.0,0.0,0.0,0.0,0.0,0.0,0.0,0.0,0.0
0.08378344502713563,0.03274655477961365,0.0,0.0,0.0,0.0,0.3047902047996172,0.21596856783349014,0.0,0.0,0.5421398779481189,0.7361607089717399,0.543504378986547,0.3119648437188397,0.47641921344421234,0.5523396643206648,0.7473461885023973,1.0,0.21486629425194032,0.060577254801987175,0.10310394970851637,0.31242361744312364,0.05026527737977556,0.0,0.0,0.0,0.0,0.0,0.0,0.0,0.037465695432567975,0.0,0.0,0.0,0.0,0.035355313456224065,0.39334740661631923,0.6858852102715892,0.49137617690711244,0.14252865590110053,0.0,0.0,0.0,0.0,0.0,0.0,0.0,0.0,0.0,0.0,0.0,0.0,0.0,0.0,0.0,0.0,0.0,0.0,0.0,0.0,0.0,0.0,0.0,0.0,0.0,0.0,0.0,0.0,0.0,0.0,0.0,0.0,0.0,0.0,0.0,0.0,0.0,0.0,0.0,0.0,0.0,0.0,0.0,0.0,0.0,0.0,0.0,0.0
0.3838873723738733,0.4315440727392669,0.2491191554610629,0.06569660391705047,0.03198317860594431,0.1616373807615519,0.4078101559175209,0.17143164026076035,0.0,0.0,0.5221703305594111,0.29885799887485726,0.08381373001302063,0.038304905376604255,0.72982686606383,0.5455556255651068,0.30489530633125317,0.21486629425194032,1.0,0.7350235246443436,0.5420724020279353,0.47718899048522695,0.7383164086407135,0.5469837091969095,0.47239740671435754,0.5435402608410626,0.15783666742893976,0.30561910536612225,0.0069008025683373565,0.07162693195219774,0.3982205129996267,0.0,0.0,0.0,0.0,0.0,0.0,0.0,0.03456276633746513,0.16324872758532213,0.24827105785811038,0.2501446745754245,0.15870276299704777,0.4860083808424128,0.0,0.0,0.0,0.0,0.0,0.0,0.0,0.0,0.0,0.0,0.0,0.0,0.0,0.0,0.0,0.0,0.0,0.0,0.0,0.0,0.0,0.0,0.0,0.0,0.0,0.0,0.0,0.0,0.0,0.0,0.0,0.0,0.0,0.0,0.0,0.0,0.0,0.0,0.0,0.0,0.0,0.0,0.0,0.0
0.16163612490772275,0.27453853697722974,0.14580420602835165,0.0,0.0,0.0,0.15350972636010676,0.0,0.0,0.0,0.2858740007628526,0.08634430873781071,0.0,0.0,0.5375667357536331,0.4766005853475386,0.2150590919976708,0.060577254801987175,0.7350235246443436,1.0,0.7354859311427415,0.5524511656975365,0.5500732614043791,0.48131885580025774,0.5489905774170482,0.7375414125904681,0.13232872244661806,0.21596743310706093,0.03612791723570603,0.0,0.27215747678508195,0.0,0.0,0.0,0.0,0.0,0.0,0.0,0.0,0.2559102576559679,0.48482899735149243,0.4874610947584695,0.2529393985436681,0.25433560339484307,0.0,0.0,0.0,0.0,0.0,0.0,0.0,0.0,0.0,0.0,0.0,0.0,0.0,0.0,0.0,0.0,0.0,0.0,0.0,0.0,0.0,0.0,0.0,0.0,0.0,0.0,0.0,0.0,0.0,0.0,0.0,0.0,0.0,0.0,0.0,0.0,0.0,0.0,0.0,0.0,0.0,0.0,0.0,0.0
0.0,0.13010741560948694,0.0,0.0,0.0,0.0,0.017345184611116074,0.0,0.0,0.0,0.2024506911310765,0.05571824372675358,0.0,0.0,0.4701944941239758,0.5487902791686529,0.31146531316545273,0.10310394970851637,0.5420724020279353,0.7354859311427415,1.0,0.7479064627605435,0.30804312022843294,0.21788950317898184,0.3090558054124596,0.5428807480560027,0.020541925450784412,0.0,0.0,0.0,0.1752565108299626,0.0,0.0,0.0,0.0,0.0,0.0,0.0,0.14237442075192194,0.49261898832984646,0.6859459663335702,0.3921038111416307,0.03310125201765965,0.03156321376169703,0.0,0.0,0.0,0.0,0.0,0.0,0.0,0.0,0.0,0.0,0.0,0.0,0.0,0.0,0.0,0.0,0.0,0.0,0.0,0.0,0.0,0.0,0.0,0.0,0.0,0.0,0.0,0.0,0.0,0.0,0.0,0.0,0.0,0.0,0.0,0.0,0.0,0.0,0.0,0.0,0.0,0.0,0.0,0.0
0.0,0.1033359330432802,0.0,0.0,0.0,0.0,0.07140120380122313,0.0,0.0,0.0,0.29988073275248783,0.21396109953148013,0.0,0.0,0.5418870475803407,0.7348688131936333,0.5431613250043179,0.31242361744312364,0.47718899048522695,0.5524511656975365,0.7479064627605435,1.0,0.2189397803439767,0.06676594014137462,0.10367163109047879,0.31419268837426256,0.0,0.0,0.0,0.0,0.1688032817808986,0.0,0.0,0.0,0.0,0.0,0.0,0.0365727713065285,0.39315722172724027,0.685856406264988,0.49192247392007743,0.1418747661211401,0.0,0.0,0.0,0.0,0.0,0.0,0.0,0.0,0.0,0.0,0.0,0.0,0.0,0.0,0.0,0.0,0.0,0.0,0.0,0.0,0.0,0.0,0.0,0.0,0.0,0.0,0.0,0.0,0.0,0.0,0.0,0.0,0.0,0.0,0.0,0.0,0.0,0.0,0.0,0.0,0.0,0.0,0.0,0.0,0.0,0.0
0.4316423769115943,0.4128735850581272,0.2626147159846905,0.14594491505809587,0.15252225383758045,0.27464009583085675,0.42078777923226257,0.22148541250203954,0.10347838179130628,0.13024310470184258,0.43177133339507423,0.19356937036261293,0.03279411185140783,0.05105987373086088,0.5328169042338796,0.30536066774485193,0.08936339104889465,0.05026527737977556,0.7383164086407135,0.5500732614043791,0.30804312022843294,0.2189397803439767,1.0,0.7425836049353508,0.5485805283725912,0.4834434080068103,0.12123634302586668,0.5479773816438814,0.0,0.32376466868802045,0.29029146940822237,0.0,0.0,0.0,0.0,0.0,0.0,0.0,0.0,0.0,0.035851718482893175,0.1694120619386369,0.2547214905593683,0.6868670611565404,0.0,0.0,0.0,0.0,0.0,0.0,0.0,0.0,0.0,0.0,0.0,0.0,0.0,0.0,0.0,0.0,0.0,0.0,0.0,0.0,0.0,0.0,0.0,0.0,0.0,0.0,0.0,0.0,0.0,0.0,0.0,0.0,0.0,0.0,0.0,0.0,0.0,0.0,0.0,0.0,0.0,0.0,0.0,0.0
0.24926369198763373,0.2626713102534339,0.1867209514169002,0.1038187843631228,0.0858973950960157,0.14597016098480092,0.1862166068865733,0.00023860895116930198,0.0,0.0,0.17510473162665102,0.0,0.0,0.0,0.29710895079883165,0.09638577055000616,0.0,0.0,0.5469837091969095,0.48131885580025774,0.21788950317898184,0.06676594014137462,0.7425836049353508,1.0,0.737506365353746,0.5546019401975479,0.07745479915368866,0.7344811903383828,0.0,0.4912085872767421,0.11994273803645741,0.0,0.0,0.0,0.0,0.0,0.0,0.0,0.0,0.0,0.0,0.2581112524277838,0.48503433104656396,0.49269358850895967,0.0,0.0,0.0,0.0,0.0,0.0,0.0,0.0,0.0,0.0,0.0,0.0,0.11455834987315225,0.0,0.0,0.0,0.0,0.0,0.0,0.0,0.0,0.0,0.0,0.0,0.0,0.0,0.0,0.0,0.0,0.0,0.0,0.0,0.0,0.0,0.0,0.0,0.19980314592127313,0.05452043361031107,0.0,0.0,0.0,0.0,0.0,0.0
0.06582207929810256,0.14598910892648012,0.10380178266532981,0.0,0.0,0.0,0.0,0.0,0.0,0.0,0.01995492612393677,0.0,0.0,0.0,0.20230650607583817,0.057747271010950396,0.0,0.0,0.47239740671435754,0.5489905774170482,0.3090558054124596,0.10367163109047879,0.5485805283725912,0.737506365353746,1.0,0.7454817401386566,0.06864798472902074,0.5430314677968111,0.0,0.3198732435836445,0.04288759050454996,0.0,0.0,0.0,0.0,0.0,0.0,0.0,0.0,0.0,0.13647305939702564,0.49147091030888573,0.6862556810478412,0.2561480479165389,0.0,0.0,0.0,0.0,0.0,0.0,0.0,0.0,0.0,0.0,0.0,0.00791661071096237,0.21205580070369326,0.1153180882052244,0.0,0.0,0.0,0.0,0.0,0.0,0.0,0.0,0.0,0.0,0.0,0.0,0.0,0.0,0.0,0.0,0.0,0.0,0.0,0.0,0.0,0.079561078970915,0.2889165577430883,0.02344474983982286,0.0,0.0,0.0,0.0,0.0,0.0
0.03204117208221886,0.15249146740621392,0.08579585635944857,0.0,0.0,0.0,0.0,0.0,0.0,0.0,0.06692348065338093,0.0,0.0,0.0,0.29731018951230165,0.21493382566817534,0.0,0.0,0.5435402608410626,0.7375414125904681,0.5428807480560027,0.31419268837426256,0.4834434080068103,0.5546019401975479,0.7454817401386566,1.0,0.09454886294987934,0.3120638579276095,0.01774294304927605,0.07804866265745551,0.1081248191053381,0.0,0.0,0.0,0.0,0.0,0.0,0.0,0.0,0.03783770463294482,0.3900374386519288,0.6859243931231253,0.4894677521736262,0.17053396287179845,0.0,0.0,0.0,0.0,0.0,0.0,0.0,0.0,0.0,0.0,0.0,0.0,0.02052108083805766,0.0,0.0,0.0,0.0,0.0,0.0,0.0,0.0,0.0,0.0,0.0,0.0,0.0,0.0,0.0,0.0,0.0,0.0,0.0,0.0,0.0,0.0,0.0,0.0802960250779858,0.0,0.0,0.0,0.0,0.0,0.0,0.0
0.3056178990812745,0.5479796109671538,0.7344837179366572,0.5430333414974454,0.31206709748952893,0.21596829758427438,0.08086119034193207,0.0,0.0,0.0,0.012209472458271744,0.0,0.0,0.0,0.08015958988319749,0.0,0.0,0.0,0.15783666742893976,0.13232872244661806,0.020541925450784412,0.0,0.12123634302586668,0.07745479915368866,0.06864798472902074,0.09454886294987934,1.0,0.0,0.756725043163015,0.0,0.3997510841341571,0.3893237706275029,0.03550268879976226,0.0,0.0,0.0,0.0,0.0,0.0,0.0,0.0,0.0,0.0,0.0,0.0,0.0,0.0,0.0,0.0,0.0,0.0,0.0,0.0,0.0,0.0,0.0,0.0,0.0,0.0,0.0,0.0,0.0,0.0,0.0,0.0,0.0,0.0,0.0,0.0,0.0,0.0,0.0,0.0,0.0,0.0,0.0,0.0,0.0,0.0,0.0,0.0,0.0,0.0,0.0,0.0,0.0,0.0,0.0
0.1580228841959198,0.1213367933647461,0.07751463735829232,0.06873661034120294,0.09473042446116538,0.13256606892686681,0.08029712889609285,0.0,0.0,0.020811141798901183,0.012249141269777993,0.0,0.0,0.0,0.08086559176497833,0.0,0.0,0.0,0.30561910536612225,0.21596743310706093,0.0,0.0,0.5479773816438814,0.7344811903383828,0.5430314677968111,0.3120638579276095,0.0,1.0,0.0,0.7567257900626031,0.0,0.0,0.0,0.0,0.0,0.0,0.0,0.0,0.0,0.0,0.0,0.035499874446100865,0.3893229582719345,0.39975737688304064,0.0,0.0,0.0,0.0,0.0,0.0,0.0,0.0,0.0,0.0,0.0,0.09080410282466266,0.19320914405917325,0.0010666508165981638,0.0,0.0,0.0,0.18495671628059457,0.0,0.0,0.0,0.0,0.0,0.0,0.0,0.0,0.0,0.0,0.0,0.0,0.0,0.0,0.0,0.0,0.0,0.0,0.2684537486724908,0.2620862759784815,0.0,0.0,0.0,0.0,0.0,0.0
0.07162521889148767,0.32376604904999384,0.4912103476079625,0.31987488963407057,0.07805120934238495,0.0,0.0,0.0,0.0,0.0,0.0,0.0,0.0,0.0,0.0,0.0,0.0,0.0,0.0069008025683373565,0.03612791723570603,0.0,0.0,0.0,0.0,0.0,0.01774294304927605,0.756725043163015,0.0,1.0,0.0,0.23312619251348063,0.22326055380808046,0.0,0.0,0.0,0.0,0.0,0.0,0.0,0.0,0.0,0.0,0.0,0.0,0.0,0.0,0.0,0.0,0.0,0.0,0.0,0.0,0.0,0.0,0.0,0.0,0.0,0.0,0.0,0.0,0.0,0.0,0.0,0.0,0.0,0.0,0.0,0.0,0.0,0.0,0.0,0.0,0.0,0.0,0.0,0.0,0.0,0.0,0.0,0.0,0.0,0.0,0.0,0.0,0.0,0.0,0.0,0.0
0.007109860248445522,0.0,0.0,0.0,0.017986337195174208,0.03641084644800688,0.0,0.0,0.0,0.0,0.0,0.0,0.0,0.0,0.0,0.0,0.0,0.0,0.07162693195219774,0.0,0.0,0.0,0.32376466868802045,0.4912085872767421,0.3198732435836445,0.07804866265745551,0.0,0.7567257900626031,0.0,1.0,0.0,0.0,0.0,0.0,0.0,0.0,0.0,0.0,0.0,0.0,0.0,0.0,0.22325968479302943,0.23313428155612653,0.0,0.0,0.0,0.0,0.0,0.0,0.0,0.0,0.0,0.0,0.0,0.13822626628175402,0.1792078009962701,0.0,0.0,0.0,0.11990522396219126,0.2936127007459592,0.0,0.0,0.0,0.0,0.0,0.0,0.0,0.0,0.0,0.0,0.0,0.0,0.0,0.0,0.0,0.0,0.0,0.0,0.23004018689395822,0.38281881330002526,0.017648602173948178,0.0,0.0,0.0,0.0,0.0
0.4860142632377268,0.6868674368988572,0.4926927512883515,0.256145525219811,0.17053827918376532,0.25434042289306547,0.37593982286377886,0.12429179522408468,0.0,0.03157069407423695,0.3754060600835684,0.15084684753177088,0.0,0.0,0.42464492611774635,0.2706363317422635,0.09335111867606974,0.037465695432567975,0.3982205129996267,0.27215747678508195,0.1752565108299626,0.1688032817808986,0.29029146940822237,0.11994273803645741,0.04288759050454996,0.1081248191053381,0.3997510841341571,0.0,0.23312619251348063,0.0,1.0,0.0,0.0,0.0,0.0,0.0,0.0,0.0,0.0,0.0,0.0,0.0,0.0,0.1670546745852283,0.0,0.0,0.0,0.0,0.0,0.0,0.0,0.0,0.0,0.0,0.0,0.0,0.0,0.0,0.0,0.0,0.0,0.0,0.0,0.0,0.0,0.0,0.0,0.0,0.0,0.0,0.0,0.0,0.0,0.0,0.0,0.0,0.0,0.0,0.0,0.0,0.0,0.0,0.0,0.0,0.0,0.0,0.0,0.0
0.15869825110171637,0.25472210529306943,0.4850309577190653,0.686256719348036,0.4894682370663264,0.2529391964299111,0.0,0.0,0.0,0.033110123095206764,0.0,0.0,0.0,0.0,0.0,0.0,0.0,0.0,0.0,0.0,0.0,0.0,0.0,0.0,0.0,0.0,0.3893237706275029,0.0,0.22326055380808046,0.0,0.0,1.0,0.4066921061990079,0.0,0.0,0.0,0.0,0.0,0.0,0.0,0.0,0.0,0.0,0.0,0.0,0.0,0.0,0.0,0.0,0.0,0.0,0.0,0.0,0.0,0.0,0.0,0.0,0.0,0.0,0.0,0.0,0.0,0.0,0.0,0.0,0.0,0.0,0.0,0.0,0.0,0.0,0.0,0.0,0.0,0.0,0.0,0.0,0.0,0.0,0.0,0.0,0.0,0.0,0.0,0.0,0.0,0.0,0.0
0.25014599188252123,0.16941686049479313,0.25811148076376716,0.49147251505285805,0.6859254596879764,0.48746532413194454,0.02548135894170956,0.0,0.14189321309210784,0.3921165385305873,0.0,0.0,0.0,0.0,0.0,0.0,0.0,0.0,0.0,0.0,0.0,0.0,0.0,0.0,0.0,0.0,0.03550268879976226,0.0,0.0,0.0,0.0,0.4066921061990079,1.0,0.4191354907892904,0.0,0.0,0.0,0.0,0.0,0.0,0.0,0.0,0.0,0.0,0.0,0.0,0.0,0.0,0.0,0.0,0.0,0.0,0.0,0.0,0.0,0.0,0.0,0.0,0.0,0.0,0.0,0.0,0.0,0.0,0.0,0.0,0.0,0.0,0.0,0.0,0.0,0.0,0.0,0.0,0.0,0.0,0.0,0.0,0.0,0.0,0.0,0.0,0.0,0.0,0.0,0.0,0.0,0.0
0.248268672990099,0.03585341408020544,0.0,0.13648099792503526,0.3900447322232689,0.48482990230337975,0.1564257904917932,0.25241304368577266,0.49192651323085745,0.6859442900421988,0.0,0.0,0.0,0.03564847732505921,0.0,0.0,0.0,0.0,0.0,0.0,0.0,0.0,0.0,0.0,0.0,0.0,0.0,0.0,0.0,0.0,0.0,0.0,0.4191354907892904,1.0,0.40867876874992376,0.0,0.0,0.0,0.0,0.0,0.0,0.0,0.0,0.0,0.0,0.0,0.0,0.0,0.0,0.0,0.0,0.0,0.0,0.0,0.0,0.0,0.0,0.0,0.0,0.0,0.0,0.0,0.0,0.0,0.0,0.0,0.0,0.0,0.0,0.0,0.0,0.0,0.0,0.0,0.0,0.0,0.0,0.0,0.0,0.0,0.0,0.0,0.0,0.0,0.0,0.0,0.0,0.0
0.1632428640008353,0.0,0.0,0.0,0.0378507227913583,0.25591279413394036,0.2499203000686268,0.48595336769210845,0.685855312510843,0.49262018317213346,0.03131661164780606,0.0,0.14253393101941275,0.39421066508271935,0.0,0.0,0.0,0.0,0.0,0.0,0.0,0.0,0.0,0.0,0.0,0.0,0.0,0.0,0.0,0.0,0.0,0.0,0.0,0.40867876874992376,1.0,0.42564413824525044,0.0,0.0,0.0,0.0,0.0,0.0,0.0,0.0,0.0,0.0,0.0,0.0,0.0,0.0,0.0,0.0,0.0,0.0,0.0,0.0,0.0,0.0,0.0,0.0,0.0,0.0,0.0,0.0,0.0,0.0,0.0,0.0,0.0,0.0,0.0,0.0,0.0,0.0,0.0,0.0,0.0,0.0,0.0,0.0,0.0,0.0,0.0,0.0,0.0,0.0,0.0,0.0
0.03456106329714813,0.0,0.0,0.0,0.0,0.0,0.249821511692493,0.48571819605979166,0.3931625062141693,0.14238517331634828,0.16110402775411173,0.2546635280670754,0.49138175270128454,0.6859161496646693,0.0,0.0,0.0,0.035355313456224065,0.0,0.0,0.0,0.0,0.0,0.0,0.0,0.0,0.0,0.0,0.0,0.0,0.0,0.0,0.0,0.0,0.42564413824525044,1.0,0.4065331095147612,0.0,0.0,0.0,0.0,0.0,0.0,0.0,0.0,0.0,0.0,0.0,0.0,0.0,0.0,0.0,0.0,0.0,0.0,0.0,0.0,0.0,0.0,0.0,0.0,0.0,0.0,0.0,0.0,0.0,0.0,0.0,0.0,0.0,0.0,0.0,0.0,0.0,0.0,0.0,0.0,0.0,0.0,0.0,0.0,0.0,0.0,0.0,0.0,0.0,0.0,0.0
0.0,0.0,0.0,0.0,0.0,0.0,0.16283964363657455,0.2557677773638775,0.036578725073565584,0.0,0.24914310758680486,0.4862239281590684,0.6858891543156787,0.4914741689867379,0.03540098356135828,0.0,0.14154112581107367,0.39334740661631923,0.0,0.0,0.0,0.0,0.0,0.0,0.0,0.0,0.0,0.0,0.0,0.0,0.0,0.0,0.0,0.0,0.0,0.4065331095147612,1.0,0.424048612409597,0.0,0.0,0.0,0.0,0.0,0.0,0.0,0.0,0.0,0.0,0.0,0.0,0.0,0.0,0.0,0.0,0.0,0.0,0.0,0.0,0.0,0.0,0.0,0.0,0.0,0.0,0.0,0.0,0.0,0.0,0.0,0.0,0.0,0.0,0.0,0.0,0.0,0.0,0.0,0.0,0.0,0.0,0.0,0.0,0.0,0.0,0.0,0.0,0.0,0.0
0.0,0.0,0.0,0.0,0.0,0.0,0.03537979680907089,0.0,0.0,0.0,0.24913978174437593,0.4862217053253059,0.39334660800858157,0.1415405919421537,0.16284927422295123,0.2557691035160925,0.4914698729489417,0.6858852102715892,0.0,0.0,0.0,0.0365727713065285,0.0,0.0,0.0,0.0,0.0,0.0,0.0,0.0,0.0,0.0,0.0,0.0,0.0,0.0,0.424048612409597,1.0,0.4065236449183975,0.0,0.0,0.0,0.0,0.0,0.0,0.0,0.0,0.0,0.0,0.0,0.0,0.0,0.0,0.0,0.0,0.0,0.0,0.0,0.0,0.0,0.0,0.0,0.0,0.0,0.0,0.0,0.0,0.0,0.0,0.0,0.0,0.0,0.0,0.0,0.0,0.0,0.0,0.0,0.0,0.0,0.0,0.0,0.0,0.0,0.0,0.0,0.0,0.0
0.0,0.0,0.0,0.0,0.0,0.0,0.0,0.0,0.0,0.0,0.16109481835002468,0.25465628175197624,0.03534844327474685,0.0,0.2498257088233311,0.48571854325795843,0.6859131567644243,0.49137617690711244,0.03456276633746513,0.0,0.14237442075192194,0.39315722172724027,0.0,0.0,0.0,0.0,0.0,0.0,0.0,0.0,0.0,0.0,0.0,0.0,0.0,0.0,0.0,0.4065236449183975,1.0,0.4256356476333741,0.0,0.0,0.0,0.0,0.0,0.0,0.0,0.0,0.0,0.0,0.0,0.0,0.0,0.0,0.0,0.0,0.0,0.0,0.0,0.0,0.0,0.0,0.0,0.0,0.0,0.0,0.0,0.0,0.0,0.0,0.0,0.0,0.0,0.0,0.0,0.0,0.0,0.0,0.0,0.0,0.0,0.0,0.0,0.0,0.0,0.0,0.0,0.0
0.0,0.0,0.0,0.0,0.0,0.0,0.0,0.0,0.0,0.0,0.031309528199853096,0.0,0.0,0.0,0.2499214055448939,0.48595159979496866,0.3942062751364836,0.14252865590110053,0.16324872758532213,0.2559102576559679,0.49261898832984646,0.685856406264988,0.0,0.0,0.0,0.03783770463294482,0.0,0.0,0.0,0.0,0.0,0.0,0.0,0.0,0.0,0.0,0.0,0.0,0.4256356476333741,1.0,0.40867270164894764,0.0,0.0,0.0,0.0,0.0,0.0,0.0,0.0,0.0,0.0,0.0,0.0,0.0,0.0,0.0,0.0,0.0,0.0,0.0,0.0,0.0,0.0,0.0,0.0,0.0,0.0,0.0,0.0,0.0,0.0,0.0,0.0,0.0,0.0,0.0,0.0,0.0,0.0,0.0,0.0,0.0,0.0,0.0,0.0,0.0,0.0,0.0
0.0,0.0,0.0,0.0,0.0,0.0,0.0,0.0,0.0,0.0,0.0,0.0,0.0,0.0,0.15642373736613624,0.25240727708508925,0.03564065551549817,0.0,0.24827105785811038,0.48482899735149243,0.6859459663335702,0.49192247392007743,0.035851718482893175,0.0,0.13647305939702564,0.3900374386519288,0.0,0.0,0.0,0.0,0.0,0.0,0.0,0.0,0.0,0.0,0.0,0.0,0.0,0.40867270164894764,1.0,0.4191165116024058,0.0,0.0,0.0,0.0,0.0,0.0,0.0,0.0,0.0,0.0,0.0,0.0,0.0,0.0,0.0,0.0,0.0,0.0,0.0,0.0,0.0,0.0,0.0,0.0,0.0,0.0,0.0,0.0,0.0,0.0,0.0,0.0,0.0,0.0,0.0,0.0,0.0,0.0,0.0,0.0,0.0,0.0,0.0,0.0,0.0,0.0
0.0,0.0,0.0,0.0,0.0,0.0,0.0,0.0,0.0,0.0,0.0,0.0,0.0,0.0,0.02547686770131236,0.0,0.0,0.0,0.2501446745754245,0.4874610947584695,0.3921038111416307,0.1418747661211401,0.1694120619386369,0.2581112524277838,0.49147091030888573,0.6859243931231253,0.0,0.035499874446100865,0.0,0.0,0.0,0.0,0.0,0.0,0.0,0.0,0.0,0.0,0.0,0.0,0.4191165116024058,1.0,0.406691588197464,0.0,0.0,0.0,0.0,0.0,0.0,0.0,0.0,0.0,0.0,0.0,0.0,0.0,0.0,0.0,0.0,0.0,0.0,0.0,0.0,0.0,0.0,0.0,0.0,0.0,0.0,0.0,0.0,0.0,0.0,0.0,0.0,0.0,0.0,0.0,0.0,0.0,0.0,0.0,0.0,0.0,0.0,0.0,0.0,0.0
0.0,0.0,0.0,0.0,0.0,0.0,0.0,0.0,0.0,0.0,0.0,0.0,0.0,0.0,0.0,0.0,0.0,0.0,0.15870276299704777,0.2529393985436681,0.03310125201765965,0.0,0.2547214905593683,0.48503433104656396,0.6862556810478412,0.4894677521736262,0.0,0.3893229582719345,0.0,0.22325968479302943,0.0,0.0,0.0,0.0,0.0,0.0,0.0,0.0,0.0,0.0,0.0,0.406691588197464,1.0,0.0,0.0,0.0,0.0,0.0,0.0,0.0,0.0,0.0,0.0,0.0,0.0,0.08335072606673641,0.3500711810848115,0.21913605448711326,0.0,0.0,0.0,0.03630137548286133,0.0,0.0,0.0,0.0,0.0,0.0,0.0,0.0,0.0,0.0,0.0,0.0,0.0,0.0,0.0,0.0,0.0,0.15104506342617766,0.4408379877951223,0.04790284676312086,0.0,0.0,0.0,0.0,0.0,0.0
0.3983451921010967,0.29031763772016334,0.11992740019735755,0.04288448780133232,0.10818999534896458,0.27229394505468635,0.42476379973910094,0.2707807595246511,0.16897776361413328,0.17542775269634148,0.37543483579807474,0.15086853865100408,0.03751273135841107,0.09344855821904523,0.37593719640254314,0.12428862314672867,0.0,0.0,0.4860083808424128,0.25433560339484307,0.03156321376169703,0.0,0.6868670611565404,0.49269358850895967,0.2561480479165389,0.17053396287179845,0.0,0.39975737688304064,0.0,0.23313428155612653,0.1670546745852283,0.0,0.0,0.0,0.0,0.0,0.0,0.0,0.0,0.0,0.0,0.0,0.0,1.0,0.0,0.0,0.0,0.0,0.0,0.0,0.0,0.0,0.0,0.0,0.0,0.0,0.0,0.0,0.0,0.0,0.0,0.0,0.0,0.0,0.0,0.0,0.0,0.0,0.0,0.0,0.0,0.0,0.0,0.0,0.0,0.0,0.0,0.0,0.0,0.0,0.0,0.0,0.0,0.0,0.0,0.0,0.0,0.0
0.0,0.0,0.0,0.0,0.0,0.0,0.0,0.0,0.0,0.0,0.0,0.0,0.0,0.0,0.0,0.0,0.0,0.0,0.0,0.0,0.0,0.0,0.0,0.0,0.0,0.0,0.0,0.0,0.0,0.0,0.0,0.0,0.0,0.0,0.0,0.0,0.0,0.0,0.0,0.0,0.0,0.0,0.0,0.0,1.0,0.7383144248504362,0.5469811826497464,0.4723919379906229,0.5435390665803476,0.7350220447998665,0.729825878607583,0.5455508188132852,0.4771842083451672,0.5420714386230908,0.5221526996328836,0.29883995005366976,0.21485550181004065,0.30488844245721186,0.4077733434737968,0.17137344693022444,0.03825235612680345,0.08378344502713563,0.3838873723738733,0.16163612490772306,0.0,0.0,0.4316423769115943,0.24926369198763373,0.06582207929810256,0.03204117208221919,0.30561789908127435,0.15802288419592014,0.07162521889148767,0.007109860248445686,0.4860142632377268,0.15869825110171693,0.25014599188252157,0.24826867299009883,0.16324286400083537,0.03456106329714813,0.0,0.0,0.0,0.0,0.0,0.0,0.0,0.3983451921010969
0.0,0.0,0.0,0.0,0.0,0.0,0.0,0.0,0.0,0.0,0.0,0.0,0.0,0.0,0.0,0.0,0.0,0.0,0.0,0.0,0.0,0.0,0.0,0.0,0.0,0.0,0.0,0.0,0.0,0.0,0.0,0.0,0.0,0.0,0.0,0.0,0.0,0.0,0.0,0.0,0.0,0.0,0.0,0.0,0.7383144248504362,1.0,0.7425867735663728,0.5485806157116395,0.483447085806102,0.5500738340641991,0.5328099637056062,0.3053563584641897,0.2189380607892159,0.30804523799384304,0.4317349765352,0.19354211361628235,0.05025475027239847,0.08935912932396352,0.4206868934633502,0.22136492895691856,0.05097102307810731,0.03274655477961414,0.4315440727392667,0.2745385369772296,0.13010741560948663,0.10333593304328037,0.4128735850581267,0.26267131025343354,0.14598910892647962,0.15249146740621358,0.5479796109671532,0.12133679336474579,0.32376604904999334,0.0,0.6868674368988574,0.2547221052930697,0.16941686049479313,0.03585341408020544,0.0,0.0,0.0,0.0,0.0,0.0,0.0,0.0,0.0,0.29031763772016317
0.0,0.0,0.0,0.0,0.0,0.0,0.0,0.0,0.0,0.0,0.0,0.0,0.0,0.0,0.0,0.0,0.0,0.0,0.0,0.0,0.0,0.0,0.0,0.0,0.0,0.0,0.0,0.0,0.0,0.0,0.0,0.0,0.0,0.0,0.0,0.0,0.0,0.0,0.0,0.0,0.0,0.0,0.0,0.0,0.5469811826497464,0.7425867735663728,1.0,0.7375031084913296,0.5546021607327094,0.48131784807552913,0.2971045743642001,0.09638904778703328,0.06677076270501407,0.21789362007007523,0.17506825254922181,0.0,0.0,0.0,0.18610009095319419,9.990190771985501e-05,0.0,0.0,0.2491191554610629,0.1458042060283518,0.0,0.0,0.26261471598469033,0.18672095141690054,0.10380178266532981,0.08579585635944857,0.7344837179366569,0.07751463735829232,0.4912103476079621,0.0,0.49269275128835227,0.48503095771906524,0.2581114807637671,0.0,0.0,0.0,0.0,0.0,0.0,0.0,0.0,0.0,0.0,0.11992740019735772
0.0,0.0,0.0,0.0,0.0,0.0,0.0,0.0,0.0,0.0,0.0,0.0,0.0,0.0,0.0,0.0,0.0,0.0,0.0,0.0,0.0,0.0,0.0,0.0,0.0,0.0,0.0,0.0,0.0,0.0,0.0,0.0,0.0,0.0,0.0,0.0,0.0,0.0,0.0,0.0,0.0,0.0,0.0,0.0,0.4723919379906229,0.5485806157116395,0.7375031084913296,1.0,0.7454823883136198,0.548989181623363,0.20230054871137126,0.05775328436253234,0.10368070693050399,0.309062259109874,0.019918184095743016,0.0,0.0,0.0,0.0,0.0,0.0,0.0,0.06569660391705047,0.0,0.0,0.0,0.1459449150580957,0.10381878436312314,0.0,0.0,0.5430333414974454,0.06873661034120294,0.31987488963407057,0.0,0.25614552521981165,0.686256719348036,0.4914725150528579,0.13648099792503526,0.0,0.0,0.0,0.0,0.0,0.0,0.0,0.0,0.0,0.04288448780133248
0.0,0.0,0.0,0.0,0.0,0.0,0.0,0.0,0.0,0.0,0.0,0.0,0.0,0.0,0.0,0.0,0.0,0.0,0.0,0.0,0.0,0.0,0.0,0.0,0.0,0.0,0.0,0.0,0.0,0.0,0.0,0.0,0.0,0.0,0.0,0.0,0.0,0.0,0.0,0.0,0.0,0.0,0.0,0.0,0.5435390665803476,0.483447085806102,0.5546021607327094,0.7454823883136198,1.0,0.737542365580221,0.29731058222486734,0.21494341618826915,0.314203541368203,0.5428881898447204,0.066900919558881,0.0,0.0,0.0,0.0,0.0,0.0,0.0,0.03198317860594398,0.0,0.0,0.0,0.1525222538375801,0.08589739509601586,0.0,0.0,0.3120670974895288,0.09473042446116554,0.07805120934238495,0.017986337195174375,0.1705382791837654,0.4894682370663269,0.6859254596879765,0.3900447322232685,0.0378507227913583,0.0,0.0,0.0,0.0,0.0,0.0,0.0,0.0,0.10818999534896441
0.0,0.0,0.0,0.0,0.0,0.0,0.0,0.0,0.0,0.0,0.0,0.0,0.0,0.0,0.0,0.0,0.0,0.0,0.0,0.0,0.0,0.0,0.0,0.0,0.0,0.0,0.0,0.0,0.0,0.0,0.0,0.0,0.0,0.0,0.0,0.0,0.0,0.0,0.0,0.0,0.0,0.0,0.0,0.0,0.7350220447998665,0.5500738340641991,0.48131784807552913,0.548989181623363,0.737542365580221,1.0,0.5375686516159262,0.476604763728682,0.5524542798145915,0.7354888198881765,0.28586069311261264,0.08633461050459142,0.060578162795816105,0.2150635531802451,0.15347815289738903,0.0,0.0,0.0,0.1616373807615519,0.0,0.0,0.0,0.27464009583085663,0.1459701609848011,0.0,0.0,0.21596829758427422,0.13256606892686698,0.0,0.03641084644800721,0.2543404228930656,0.2529391964299117,0.4874653241319449,0.4848299023033795,0.2559127941339404,0.0,0.0,0.0,0.0,0.0,0.0,0.0,0.0,0.2722939450546864
0.0,0.0,0.0,0.0,0.0,0.0,0.0,0.0,0.0,0.0,0.0,0.0,0.0,0.0,0.0,0.0,0.0,0.0,0.0,0.0,0.0,0.0,0.0,0.0,0.0,0.0,0.0,0.0,0.0,0.0,0.0,0.0,0.0,0.0,0.0,0.0,0.0,0.0,0.0,0.0,0.0,0.0,0.0,0.0,0.729825878607583,0.5328099637056062,0.2971045743642001,0.20230054871137126,0.29731058222486734,0.5375686516159262,1.0,0.7368526496739751,0.5418874513302097,0.47019861493579834,0.7308216544086652,0.5451680303616028,0.47640589482084394,0.5430510872772786,0.5198474682200548,0.2935014082393556,0.2118174497969728,0.3047902047996172,0.4078101559175211,0.15350972636010726,0.017345184611116074,0.07140120380122313,0.4207877792322629,0.18621660688657346,0.0,0.0,0.08086119034193207,0.08029712889609333,0.0,0.0,0.37593982286377875,0.0,0.02548135894170989,0.15642579049179328,0.2499203000686268,0.2498215116924931,0.16283964363657388,0.0353797968090704,0.0,0.0,0.0,0.0,0.0,0.4247637997391015
0.0,0.0,0.0,0.0,0.0,0.0,0.0,0.0,0.0,0.0,0.0,0.0,0.0,0.0,0.0,0.0,0.0,0.0,0.0,0.0,0.0,0.0,0.0,0.0,0.0,0.0,0.0,0.0,0.0,0.0,0.0,0.0,0.0,0.0,0.0,0.0,0.0,0.0,0.0,0.0,0.0,0.0,0.0,0.0,0.5455508188132852,0.3053563584641897,0.09638904778703328,0.05775328436253234,0.21494341618826915,0.476604763728682,0.7368526496739751,1.0,0.734871783212214,0.5487964687038888,0.5433975613377076,0.47900158398995174,0.5523349989609241,0.7361457948206825,0.29352197940195307,0.08717880081892115,0.05936759098625405,0.21596856783349014,0.1714316402607607,0.0,0.0,0.0,0.22148541250204004,0.00023860895116930198,0.0,0.0,0.0,0.0,0.0,0.0,0.12429179522408468,0.0,0.0,0.252413043685773,0.4859533676921084,0.48571819605979166,0.25576777736387696,0.0,0.0,0.0,0.0,0.0,0.0,0.27078075952465164
0.0,0.0,0.0,0.0,0.0,0.0,0.0,0.0,0.0,0.0,0.0,0.0,0.0,0.0,0.0,0.0,0.0,0.0,0.0,0.0,0.0,0.0,0.0,0.0,0.0,0.0,0.0,0.0,0.0,0.0,0.0,0.0,0.0,0.0,0.0,0.0,0.0,0.0,0.0,0.0,0.0,0.0,0.0,0.0,0.4771842083451672,0.2189380607892159,0.06677076270501407,0.10368070693050399,0.314203541368203,0.5524542798145915,0.5418874513302097,0.734871783212214,1.0,0.7479096200250275,0.2998848149401127,0.21396163996450504,0.3124255435840873,0.5431637670989145,0.07141906963362148,0.0,0.0,0.0,0.0,0.0,0.0,0.0,0.10347838179130611,0.0,0.0,0.0,0.0,0.0,0.0,0.0,0.0,0.0,0.14189321309210784,0.4919265132308573,0.6858553125108433,0.39316250621417,0.036578725073565584,0.0,0.0,0.0,0.0,0.0,0.0,0.16897776361413344
0.0,0.0,0.0,0.0,0.0,0.0,0.0,0.0,0.0,0.0,0.0,0.0,0.0,0.0,0.0,0.0,0.0,0.0,0.0,0.0,0.0,0.0,0.0,0.0,0.0,0.0,0.0,0.0,0.0,0.0,0.0,0.0,0.0,0.0,0.0,0.0,0.0,0.0,0.0,0.0,0.0,0.0,0.0,0.0,0.5420714386230908,0.30804523799384304,0.21789362007007523,0.309062259109874,0.5428881898447204,0.7354888198881765,0.47019861493579834,0.5487964687038888,0.7479096200250275,1.0,0.2024493086945182,0.05571693432302098,0.10310851466299006,0.31147140536059714,0.017344613861033323,0.0,0.0,0.0,0.0,0.0,0.0,0.0,0.13024310470184258,0.0,0.0,0.0,0.0,0.020811141798901513,0.0,0.0,0.03157069407423712,0.03311012309520726,0.3921165385305878,0.6859442900421989,0.4926201831721336,0.14238517331634828,0.0,0.0,0.0,0.0,0.0,0.0,0.0,0.17542775269634164
0.0,0.0,0.0,0.0,0.0,0.0,0.0,0.0,0.0,0.0,0.0,0.0,0.0,0.0,0.0,0.0,0.0,0.0,0.0,0.0,0.0,0.0,0.0,0.0,0.0,0.0,0.0,0.0,0.0,0.0,0.0,0.0,0.0,0.0,0.0,0.0,0.0,0.0,0.0,0.0,0.0,0.0,0.0,0.0,0.5221526996328836,0.4317349765352,0.17506825254922181,0.019918184095743016,0.066900919558881,0.28586069311261264,0.7308216544086652,0.5433975613377076,0.2998848149401127,0.2024493086945182,1.0,0.7354295622463428,0.5421405704733738,0.47465385769487506,0.7308284863649721,0.5433926583806994,0.4746475812967261,0.5421398779481189,0.5221703305594115,0.2858740007628531,0.2024506911310765,0.2998807327524879,0.43177133339507473,0.17510473162665102,0.01995492612393693,0.06692348065338143,0.012209472458271744,0.012249141269778488,0.0,0.0,0.37540606008356825,0.0,0.0,0.0,0.0313166116478059,0.1611040277541118,0.24914310758680422,0.24913978174437534,0.16109481835002468,0.03130952819985326,0.0,0.0,0.0,0.37543483579807535
0.0,0.0,0.0,0.0,0.0,0.0,0.0,0.0,0.0,0.0,0.0,0.0,0.0,0.0,0.0,0.0,0.0,0.0,0.0,0.0,0.0,0.0,0.0,0.0,0.00791661071096237,0.0,0.0,0.09080410282466266,0.0,0.13822626628175402,0.0,0.0,0.0,0.0,0.0,0.0,0.0,0.0,0.0,0.0,0.0,0.0,0.08335072606673641,0.0,0.29883995005366976,0.19354211361628235,0.0,0.0,0.0,0.08633461050459142,0.5451680303616028,0.47900158398995174,0.21396163996450504,0.05571693432302098,0.7354295622463428,1.0,0.7361608133774783,0.5512994466464669,0.5451821287178192,0.4790040411228803,0.55129569337008,0.7361607089717399,0.29885799887485776,0.08634430873781138,0.05571824372675358,0.21396109953148013,0.19356937036261343,0.0,0.0,0.0,0.0,0.0,0.0,0.0,0.15084684753177088,0.0,0.0,0.0,0.0,0.2546635280670755,0.4862239281590678,0.4862217053253053,0.25465628175197613,0.0,0.0,0.0,0.0,0.15086853865100466
