1.0,0.7383144248504362,0.5469811826497465,0.4723919379906229,0.5435390665803478,0.7350220447998665,0.7298258786075829,0.545550818813285,0.4771842083451674,0.5420714386230907,0.5221526996328836,0.2988399500536696,0.2148555018100408,0.3048884424572117,0.4077733434737966,0.17137344693022444,0.03825235612680362,0.08378344502713529,0.3838873723738732,0.16163612490772275,0.0,0.0,0.43164237691159424,0.24926369198763373,0.06582207929810271,0.03204117208221903,0.3056178990812745,0.15802288419591998,0.07162521889148767,0.007109860248445357,0.48601426323772684,0.15869825110171662,0.2501459918825215,0.248268672990099,0.1632428640008353,0.0345610632971478,0.0,0.0,0.0,0.0,0.0,0.0,0.0,0.39834519210109687,0.0,0.0,0.0,0.0,0.0,0.0,0.0,0.0,0.0,0.0,0.0,0.0,0.0,0.0,0.0,0.0,0.0,0.0,0.0,0.0,0.0,0.0,0.0,0.0,0.0,0.0,0.0,0.0,0.0,0.0,0.0,0.0,0.0,0.0,0.0,0.0,0.0,0.0,0.0,0.0,0.0,0.0,0.0,0.0
0.7383144248504362,1.0,0.7425867735663729,0.5485806157116394,0.4834470858061021,0.5500738340641989,0.5328099637056061,0.3053563584641894,0.2189380607892159,0.308045237993843,0.4317349765351998,0.19354211361628218,0.05025475027239847,0.08935912932396319,0.42068689346335003,0.22136492895691856,0.05097102307810747,0.032746554779613975,0.43154407273926687,0.27453853697722963,0.13010741560948694,0.10333593304328037,0.41287358505812705,0.2626713102534338,0.14598910892647995,0.15249146740621375,0.5479796109671534,0.12133679336474594,0.3237660490499935,0.0,0.6868674368988574,0.25472210529306927,0.16941686049479304,0.03585341408020544,0.0,0.0,0.0,0.0,0.0,0.0,0.0,0.0,0.0,0.29031763772016334,0.0,0.0,0.0,0.0,0.0,0.0,0.0,0.0,0.0,0.0,0.0,0.0,0.0,0.0,0.0,0.0,0.0,0.0,0.0,0.0,0.0,0.0,0.0,0.0,0.0,0.0,0.0,0.0,0.0,0.0,0.0,0.0,0.0,0.0,0.0,0.0,0.0,0.0,0.0,0.0,0.0,0.0,0.0,0.0
0.5469811826497465,0.7425867735663729,1.0,0.7375031084913296,0.5546021607327095,0.4813178480755291,0.2971045743642002,0.09638904778703311,0.06677076270501424,0.21789362007007523,0.17506825254922181,0.0,0.0,0.0,0.18610009095319402,9.990190771985501e-05,0.0,0.0,0.2491191554610629,0.14580420602835165,0.0,0.0,0.2626147159846905,0.18672095141690054,0.10380178266532981,0.08579585635944857,0.7344837179366569,0.07751463735829232,0.49121034760796217,0.0,0.492692751288352,0.4850309577190649,0.2581114807637671,0.0,0.0,0.0,0.0,0.0,0.0,0.0,0.0,0.0,0.0,0.11992740019735788,0.0,0.0,0.0,0.0,0.0,0.0,0.0,0.0,0.0,0.0,0.0,0.0,0.0,0.0,0.0,0.0,0.0,0.0,0.0,0.0,0.0,0.0,0.0,0.0,0.0,0.0,0.0,0.0,0.0,0.0,0.0,0.0,0.0,0.0,0.0,0.0,0.0,0.0,0.0,0.0,0.0,0.0,0.0,0.0
0.4723919379906229,0.5485806157116394,0.7375031084913296,1.0,0.7454823883136198,0.5489891816233627,0.2023005487113711,0.05775328436253218,0.10368070693050432,0.3090622591098739,0.019918184095742687,0.0,0.0,0.0,0.0,0.0,0.0,0.0,0.0656966039170503,0.0,0.0,0.0,0.1459449150580957,0.1038187843631228,0.0,0.0,0.5430333414974453,0.06873661034120278,0.3198748896340704,0.0,0.2561455252198113,0.6862567193480357,0.49147251505285805,0.13648099792503557,0.0,0.0,0.0,0.0,0.0,0.0,0.0,0.0,0.0,0.04288448780133248,0.0,0.0,0.0,0.0,0.0,0.0,0.0,0.0,0.0,0.0,0.0,0.0,0.0,0.0,0.0,0.0,0.0,0.0,0.0,0.0,0.0,0.0,0.0,0.0,0.0,0.0,0.0,0.0,0.0,0.0,0.0,0.0,0.0,0.0,0.0,0.0,0.0,0.0,0.0,0.0,0.0,0.0,0.0,0.0
0.5435390665803478,0.4834470858061021,0.5546021607327095,0.7454823883136198,1.0,0.737542365580221,0.2973105822248675,0.21494341618826915,0.3142035413682034,0.5428881898447205,0.06690091955888117,0.0,0.0,0.0,0.0,0.0,0.0,0.0,0.03198317860594414,0.0,0.0,0.0,0.15252225383758028,0.0858973950960157,0.0,0.0,0.3120670974895288,0.09473042446116538,0.07805120934238512,0.017986337195173882,0.17053827918376546,0.48946823706632636,0.6859254596879764,0.39004473222326885,0.03785072279135846,0.0,0.0,0.0,0.0,0.0,0.0,0.0,0.0,0.10818999534896474,0.0,0.0,0.0,0.0,0.0,0.0,0.0,0.0,0.0,0.0,0.0,0.0,0.0,0.0,0.0,0.0,0.0,0.0,0.0,0.0,0.0,0.0,0.0,0.0,0.0,0.0,0.0,0.0,0.0,0.0,0.0,0.0,0.0,0.0,0.0,0.0,0.0,0.0,0.0,0.0,0.0,0.0,0.0,0.0
0.7350220447998665,0.5500738340641989,0.4813178480755291,0.5489891816233627,0.737542365580221,1.0,0.5375686516159262,0.476604763728682,0.5524542798145918,0.7354888198881765,0.28586069311261264,0.08633461050459142,0.06057816279581643,0.2150635531802451,0.15347815289738903,0.0,0.0,0.0,0.1616373807615519,0.0,0.0,0.0,0.27464009583085675,0.14597016098480123,0.0,0.0,0.21596829758427422,0.13256606892686698,0.0,0.03641084644800688,0.2543404228930656,0.2529391964299111,0.4874653241319447,0.48482990230337975,0.2559127941339404,0.0,0.0,0.0,0.0,0.0,0.0,0.0,0.0,0.2722939450546867,0.0,0.0,0.0,0.0,0.0,0.0,0.0,0.0,0.0,0.0,0.0,0.0,0.0,0.0,0.0,0.0,0.0,0.0,0.0,0.0,0.0,0.0,0.0,0.0,0.0,0.0,0.0,0.0,0.0,0.0,0.0,0.0,0.0,0.0,0.0,0.0,0.0,0.0,0.0,0.0,0.0,0.0,0.0,0.0
0.7298258786075829,0.5328099637056061,0.2971045743642002,0.2023005487113711,0.2973105822248675,0.5375686516159262,1.0,0.7368526496739751,0.5418874513302097,0.47019861493579823,0.7308216544086653,0.5451680303616027,0.4764058948208442,0.5430510872772784,0.5198474682200548,0.29350140823935567,0.21181744979697298,0.30479020479961705,0.4078101559175211,0.15350972636010693,0.017345184611116237,0.07140120380122313,0.42078777923226274,0.18621660688657363,0.0,0.0,0.08086119034193207,0.08029712889609317,0.0,0.0,0.3759398228637789,0.0,0.02548135894170989,0.15642579049179328,0.24992030006862676,0.24982151169249275,0.16283964363657422,0.03537979680907073,0.0,0.0,0.0,0.0,0.0,0.42476379973910144,0.0,0.0,0.0,0.0,0.0,0.0,0.0,0.0,0.0,0.0,0.0,0.0,0.0,0.0,0.0,0.0,0.0,0.0,0.0,0.0,0.0,0.0,0.0,0.0,0.0,0.0,0.0,0.0,0.0,0.0,0.0,0.0,0.0,0.0,0.0,0.0,0.0,0.0,0.0,0.0,0.0,0.0,0.0,0.0
0.545550818813285,0.3053563584641894,0.09638904778703311,0.05775328436253218,0.21494341618826915,0.476604763728682,0.7368526496739751,1.0,0.734871783212214,0.5487964687038887,0.5433975613377077,0.47900158398995174,0.5523349989609245,0.7361457948206825,0.29352197940195324,0.08717880081892132,0.059367590986254215,0.21596856783349014,0.17143164026076052,0.0,0.0,0.0,0.2214854125020397,0.00023860895116930198,0.0,0.0,0.0,0.0,0.0,0.0,0.12429179522408484,0.0,0.0,0.2524130436857727,0.4859533676921084,0.4857181960597915,0.2557677773638775,0.0,0.0,0.0,0.0,0.0,0.0,0.27078075952465147,0.0,0.0,0.0,0.0,0.0,0.0,0.0,0.0,0.0,0.0,0.0,0.0,0.0,0.0,0.0,0.0,0.0,0.0,0.0,0.0,0.0,0.0,0.0,0.0,0.0,0.0,0.0,0.0,0.0,0.0,0.0,0.0,0.0,0.0,0.0,0.0,0.0,0.0,0.0,0.0,0.0,0.0,0.0,0.0
0.4771842083451674,0.2189380607892159,0.06677076270501424,0.10368070693050432,0.3142035413682034,0.5524542798145918,0.5418874513302097,0.734871783212214,1.0,0.7479096200250276,0.2998848149401129,0.21396163996450504,0.3124255435840874,0.5431637670989142,0.07141906963362164,0.0,0.0,0.0,0.0,0.0,0.0,0.0,0.10347838179130628,0.0,0.0,0.0,0.0,0.0,0.0,0.0,0.0,0.0,0.14189321309210784,0.4919265132308573,0.6858553125108431,0.3931625062141695,0.03657872507356591,0.0,0.0,0.0,0.0,0.0,0.0,0.16897776361413358,0.0,0.0,0.0,0.0,0.0,0.0,0.0,0.0,0.0,0.0,0.0,0.0,0.0,0.0,0.0,0.0,0.0,0.0,0.0,0.0,0.0,0.0,0.0,0.0,0.0,0.0,0.0,0.0,0.0,0.0,0.0,0.0,0.0,0.0,0.0,0.0,0.0,0.0,0.0,0.0,0.0,0.0,0.0,0.0
0.5420714386230907,0.308045237993843,0.21789362007007523,0.3090622591098739,0.5428881898447205,0.7354888198881765,0.47019861493579823,0.5487964687038887,0.7479096200250276,1.0,0.20244930869451835,0.055716934323020814,0.10310851466299023,0.31147140536059714,0.017344613861033323,0.0,0.0,0.0,0.0,0.0,0.0,0.0,0.13024310470184258,0.0,0.0,0.0,0.0,0.020811141798901346,0.0,0.0,0.03157069407423712,0.0331101230952066,0.39211653853058764,0.6859442900421989,0.49262018317213363,0.14238517331634795,0.0,0.0,0.0,0.0,0.0,0.0,0.0,0.1754277526963418,0.0,0.0,0.0,0.0,0.0,0.0,0.0,0.0,0.0,0.0,0.0,0.0,0.0,0.0,0.0,0.0,0.0,0.0,0.0,0.0,0.0,0.0,0.0,0.0,0.0,0.0,0.0,0.0,0.0,0.0,0.0,0.0,0.0,0.0,0.0,0.0,0.0,0.0,0.0,0.0,0.0,0.0,0.0,0.0
0.5221526996328836,0.4317349765351998,0.17506825254922181,0.019918184095742687,0.06690091955888117,0.28586069311261264,0.7308216544086653,0.5433975613377077,0.2998848149401129,0.20244930869451835,1.0,0.7354295622463428,0.5421405704733742,0.4746538576948752,0.730828486364972,0.5433926583806994,0.4746475812967261,0.5421398779481188,0.5221703305594112,0.2858740007628527,0.20245069113107633,0.29988073275248783,0.4317713333950744,0.17510473162665102,0.01995492612393677,0.06692348065338109,0.012209472458271744,0.012249141269778158,0.0,0.0,0.3754060600835684,0.0,0.0,0.0,0.03131661164780606,0.1611040277541118,0.2491431075868046,0.24913978174437568,0.1610948183500246,0.03130952819985293,0.0,0.0,0.0,0.3754348357980749,0.0,0.0,0.0,0.0,0.0,0.0,0.0,0.0,0.0,0.0,0.0,0.0,0.0,0.0,0.0,0.0,0.0,0.0,0.0,0.0,0.0,0.0,0.0,0.0,0.0,0.0,0.0,0.0,0.0,0.0,0.0,0.0,0.0,0.0,0.0,0.0,0.0,0.0,0.0,0.0,0.0,0.0,0.0,0.0
0.2988399500536696,0.19354211361628218,0.0,0.0,0.0,0.08633461050459142,0.5451680303616027,0.47900158398995174,0.21396163996450504,0.055716934323020814,0.7354295622463428,1.0,0.7361608133774784,0.5512994466464669,0.5451821287178195,0.47900404112288036,0.55129569337008,0.7361607089717399,0.2988579988748575,0.08634430873781104,0.05571824372675358,0.21396109953148013,0.1935693703626131,0.0,0.0,0.0,0.0,0.0,0.0,0.0,0.15084684753177097,0.0,0.0,0.0,0.0,0.2546635280670754,0.4862239281590681,0.4862217053253058,0.25465628175197624,0.0,0.0,0.0,0.0,0.15086853865100425,0.0,0.0,0.0,0.0,0.0,0.0,0.0,0.0,0.0,0.0,0.0,0.0,0.0,0.0,0.0,0.0,0.0,0.0,0.0,0.0,0.0,0.0,0.0,0.0,0.0,0.0,0.0,0.0,0.0,0.0,0.0,0.0,0.0,0.0,0.0,0.0,0.0,0.0,0.0,0.0,0.0,0.0,0.0,0.0
0.2148555018100408,0.05025475027239847,0.0,0.0,0.0,0.06057816279581643,0.4764058948208442,0.5523349989609245,0.3124255435840874,0.10310851466299023,0.5421405704733742,0.7361608133774784,1.0,0.7473477266865396,0.3048086749306981,0.21597536806164258,0.31196243811807395,0.5435043789865469,0.08381373001302063,0.0,0.0,0.0,0.03279411185140783,0.0,0.0,0.0,0.0,0.0,0.0,0.0,0.0,0.0,0.0,0.0,0.14253393101941242,0.49138175270128454,0.6858891543156789,0.3933466080085817,0.035348443274746684,0.0,0.0,0.0,0.0,0.037512731358410906,0.0,0.0,0.0,0.0,0.0,0.0,0.0,0.0,0.0,0.0,0.0,0.0,0.0,0.0,0.0,0.0,0.0,0.0,0.0,0.0,0.0,0.0,0.0,0.0,0.0,0.0,0.0,0.0,0.0,0.0,0.0,0.0,0.0,0.0,0.0,0.0,0.0,0.0,0.0,0.0,0.0,0.0,0.0,0.0
0.3048884424572117,0.08935912932396319,0.0,0.0,0.0,0.2150635531802451,0.5430510872772784,0.7361457948206825,0.5431637670989142,0.31147140536059714,0.4746538576948752,0.5512994466464669,0.7473477266865396,1.0,0.21184456857536263,0.05938007795829939,0.10276804595965106,0.3119648437188396,0.038304905376604255,0.0,0.0,0.0,0.05105987373086088,0.0,0.0,0.0,0.0,0.0,0.0,0.0,0.0,0.0,0.0,0.03564847732505904,0.394210665082719,0.6859161496646695,0.49147416898673807,0.14154059194215388,0.0,0.0,0.0,0.0,0.0,0.09344855821904523,0.0,0.0,0.0,0.0,0.0,0.0,0.0,0.0,0.0,0.0,0.0,0.0,0.0,0.0,0.0,0.0,0.0,0.0,0.0,0.0,0.0,0.0,0.0,0.0,0.0,0.0,0.0,0.0,0.0,0.0,0.0,0.0,0.0,0.0,0.0,0.0,0.0,0.0,0.0,0.0,0.0,0.0,0.0,0.0
0.4077733434737966,0.42068689346335003,0.18610009095319402,0.0,0.0,0.15347815289738903,0.5198474682200548,0.29352197940195324,0.07141906963362164,0.017344613861033323,0.730828486364972,0.5451821287178195,0.3048086749306981,0.21184456857536263,1.0,0.7368553203558925,0.5430596034308528,0.47641921344421245,0.7298268660638301,0.5375667357536331,0.4701944941239756,0.5418870475803407,0.5328169042338798,0.2971089507988316,0.202306506075838,0.29731018951230176,0.08015958988319749,0.0808655917649785,0.0,0.0,0.424644926117746,0.0,0.0,0.0,0.0,0.0,0.03540098356135812,0.16284927422295123,0.2498257088233312,0.2499214055448938,0.15642373736613624,0.02547686770131236,0.0,0.3759371964025432,0.0,0.0,0.0,0.0,0.0,0.0,0.0,0.0,0.0,0.0,0.0,0.0,0.0,0.0,0.0,0.0,0.0,0.0,0.0,0.0,0.0,0.0,0.0,0.0,0.0,0.0,0.0,0.0,0.0,0.0,0.0,0.0,0.0,0.0,0.0,0.0,0.0,0.0,0.0,0.0,0.0,0.0,0.0,0.0
0.17137344693022444,0.22136492895691856,9.990190771985501e-05,0.0,0.0,0.0,0.29350140823935567,0.08717880081892132,0.0,0.0,0.5433926583806994,0.47900404112288036,0.21597536806164258,0.05938007795829939,0.7368553203558925,1.0,0.7361496556825565,0.552339664320665,0.5455556255651071,0.47660058534753885,0.5487902791686529,0.7348688131936333,0.3053606677448522,0.09638577055000616,0.057747271010950396,0.2149338256681755,0.0,0.0,0.0,0.0,0.2706363317422634,0.0,0.0,0.0,0.0,0.0,0.0,0.2557691035160924,0.4857185432579583,0.4859515997949686,0.25240727708508937,0.0,0.0,0.12428862314672884,0.0,0.0,0.0,0.0,0.0,0.0,0.0,0.0,0.0,0.0,0.0,0.0,0.0,0.0,0.0,0.0,0.0,0.0,0.0,0.0,0.0,0.0,0.0,0.0,0.0,0.0,0.0,0.0,0.0,0.0,0.0,0.0,0.0,0.0,0.0,0.0,0.0,0.0,0.0,0.0,0.0,0.0,0.0,0.0
0.03825235612680362,0.05097102307810747,0.0,0.0,0.0,0.0,0.21181744979697298,0.059367590986254215,0.0,0.0,0.4746475812967261,0.55129569337008,0.31196243811807395,0.10276804595965106,0.5430596034308528,0.7361496556825565,1.0,0.7473461885023974,0.3048953063312533,0.21505909199767062,0.31146531316545256,0.5431613250043177,0.08936339104889465,0.0,0.0,0.0,0.0,0.0,0.0,0.0,0.09335111867606957,0.0,0.0,0.0,0.0,0.0,0.1415411258110735,0.4914698729489416,0.6859131567644244,0.39420627513648354,0.03564065551549817,0.0,0.0,0.0,0.0,0.0,0.0,0.0,0.0,0.0,0.0,0.0,0.0,0.0,0.0,0.0,0.0,0.0,0.0,0.0,0.0,0.0,0.0,0.0,0.0,0.0,0.0,0.0,0.0,0.0,0.0,0.0,0.0,0.0,0.0,0.0,0.0,0.0,0.0,0.0,0.0,0.0,0.0,0.0,0.0,0.0,0.0,0.0
0.08378344502713529,0.032746554779613975,0.0,0.0,0.0,0.0,0.30479020479961705,0.21596856783349014,0.0,0.0,0.5421398779481188,0.7361607089717399,0.5435043789865469,0.3119648437188396,0.47641921344421245,0.552339664320665,0.7473461885023974,1.0,0.21486629425194065,0.060577254801987335,0.10310394970851637,0.3124236174431237,0.05026527737977589,0.0,0.0,0.0,0.0,0.0,0.0,0.0,0.037465695432567975,0.0,0.0,0.0,0.0,0.035355313456224065,0.39334740661631895,0.6858852102715891,0.49137617690711255,0.14252865590110053,0.0,0.0,0.0,0.0,0.0,0.0,0.0,0.0,0.0,0.0,0.0,0.0,0.0,0.0,0.0,0.0,0.0,0.0,0.0,0.0,0.0,0.0,0.0,0.0,0.0,0.0,0.0,0.0,0.0,0.0,0.0,0.0,0.0,0.0,0.0,0.0,0.0,0.0,0.0,0.0,0.0,0.0,0.0,0.0,0.0,0.0,0.0,0.0
0.3838873723738732,0.43154407273926687,0.2491191554610629,0.0656966039170503,0.03198317860594414,0.1616373807615519,0.4078101559175211,0.17143164026076052,0.0,0.0,0.5221703305594112,0.2988579988748575,0.08381373001302063,0.038304905376604255,0.7298268660638301,0.5455556255651071,0.3048953063312533,0.21486629425194065,1.0,0.7350235246443436,0.5420724020279352,0.4771889904852271,0.7383164086407135,0.5469837091969094,0.47239740671435737,0.5435402608410624,0.15783666742893943,0.3056191053661222,0.006900802568336863,0.07162693195219758,0.3982205129996263,0.0,0.0,0.0,0.0,0.0,0.0,0.0,0.034562766337465294,0.16324872758532222,0.2482710578581103,0.25014467457542433,0.15870276299704794,0.4860083808424127,0.0,0.0,0.0,0.0,0.0,0.0,0.0,0.0,0.0,0.0,0.0,0.0,0.0,0.0,0.0,0.0,0.0,0.0,0.0,0.0,0.0,0.0,0.0,0.0,0.0,0.0,0.0,0.0,0.0,0.0,0.0,0.0,0.0,0.0,0.0,0.0,0.0,0.0,0.0,0.0,0.0,0.0,0.0,0.0
0.16163612490772275,0.27453853697722963,0.14580420602835165,0.0,0.0,0.0,0.15350972636010693,0.0,0.0,0.0,0.2858740007628527,0.08634430873781104,0.0,0.0,0.5375667357536331,0.47660058534753885,0.21505909199767062,0.060577254801987335,0.7350235246443436,1.0,0.7354859311427415,0.5524511656975366,0.5500732614043792,0.48131885580025774,0.5489905774170482,0.7375414125904682,0.13232872244661792,0.21596743310706093,0.03612791723570553,0.0,0.27215747678508156,0.0,0.0,0.0,0.0,0.0,0.0,0.0,0.0,0.2559102576559681,0.4848289973514923,0.48746109475846944,0.2529393985436684,0.25433560339484296,0.0,0.0,0.0,0.0,0.0,0.0,0.0,0.0,0.0,0.0,0.0,0.0,0.0,0.0,0.0,0.0,0.0,0.0,0.0,0.0,0.0,0.0,0.0,0.0,0.0,0.0,0.0,0.0,0.0,0.0,0.0,0.0,0.0,0.0,0.0,0.0,0.0,0.0,0.0,0.0,0.0,0.0,0.0,0.0
0.0,0.13010741560948694,0.0,0.0,0.0,0.0,0.017345184611116237,0.0,0.0,0.0,0.20245069113107633,0.05571824372675358,0.0,0.0,0.4701944941239756,0.5487902791686529,0.31146531316545256,0.10310394970851637,0.5420724020279352,0.7354859311427415,1.0,0.7479064627605435,0.30804312022843283,0.21788950317898184,0.3090558054124596,0.542880748056003,0.020541925450784412,0.0,0.0,0.0,0.17525651082996244,0.0,0.0,0.0,0.0,0.0,0.0,0.0,0.14237442075192194,0.49261898832984646,0.6859459663335702,0.39210381114163073,0.03310125201765998,0.031563213761696865,0.0,0.0,0.0,0.0,0.0,0.0,0.0,0.0,0.0,0.0,0.0,0.0,0.0,0.0,0.0,0.0,0.0,0.0,0.0,0.0,0.0,0.0,0.0,0.0,0.0,0.0,0.0,0.0,0.0,0.0,0.0,0.0,0.0,0.0,0.0,0.0,0.0,0.0,0.0,0.0,0.0,0.0,0.0,0.0
0.0,0.10333593304328037,0.0,0.0,0.0,0.0,0.07140120380122313,0.0,0.0,0.0,0.29988073275248783,0.21396109953148013,0.0,0.0,0.5418870475803407,0.7348688131936333,0.5431613250043177,0.3124236174431237,0.4771889904852271,0.5524511656975366,0.7479064627605435,1.0,0.21893978034397688,0.06676594014137462,0.10367163109047879,0.3141926883742629,0.0,0.0,0.0,0.0,0.16880328178089846,0.0,0.0,0.0,0.0,0.0,0.0,0.03657277130652834,0.39315722172724027,0.6858564062649879,0.4919224739200776,0.1418747661211401,0.0,0.0,0.0,0.0,0.0,0.0,0.0,0.0,0.0,0.0,0.0,0.0,0.0,0.0,0.0,0.0,0.0,0.0,0.0,0.0,0.0,0.0,0.0,0.0,0.0,0.0,0.0,0.0,0.0,0.0,0.0,0.0,0.0,0.0,0.0,0.0,0.0,0.0,0.0,0.0,0.0,0.0,0.0,0.0,0.0,0.0
0.43164237691159424,0.41287358505812705,0.2626147159846905,0.1459449150580957,0.15252225383758028,0.27464009583085675,0.42078777923226274,0.2214854125020397,0.10347838179130628,0.13024310470184258,0.4317713333950744,0.1935693703626131,0.03279411185140783,0.05105987373086088,0.5328169042338798,0.3053606677448522,0.08936339104889465,0.05026527737977589,0.7383164086407135,0.5500732614043792,0.30804312022843283,0.21893978034397688,1.0,0.7425836049353507,0.5485805283725912,0.4834434080068103,0.12123634302586651,0.5479773816438813,0.0,0.3237646686880201,0.29029146940822215,0.0,0.0,0.0,0.0,0.0,0.0,0.0,0.0,0.0,0.03585171848289334,0.1694120619386369,0.2547214905593685,0.6868670611565402,0.0,0.0,0.0,0.0,0.0,0.0,0.0,0.0,0.0,0.0,0.0,0.0,0.0,0.0,0.0,0.0,0.0,0.0,0.0,0.0,0.0,0.0,0.0,0.0,0.0,0.0,0.0,0.0,0.0,0.0,0.0,0.0,0.0,0.0,0.0,0.0,0.0,0.0,0.0,0.0,0.0,0.0,0.0,0.0
0.24926369198763373,0.2626713102534338,0.18672095141690054,0.1038187843631228,0.0858973950960157,0.14597016098480123,0.18621660688657363,0.00023860895116930198,0.0,0.0,0.17510473162665102,0.0,0.0,0.0,0.2971089507988316,0.09638577055000616,0.0,0.0,0.5469837091969094,0.48131885580025774,0.21788950317898184,0.06676594014137462,0.7425836049353507,1.0,0.737506365353746,0.5546019401975479,0.07745479915368866,0.7344811903383828,0.0,0.49120858727674205,0.11994273803645741,0.0,0.0,0.0,0.0,0.0,0.0,0.0,0.0,0.0,0.0,0.2581112524277837,0.4850343310465642,0.4926935885089595,0.0,0.0,0.0,0.0,0.0,0.0,0.0,0.0,0.0,0.0,0.0,0.0,0.0,0.0,0.0,0.0,0.0,0.0,0.0,0.0,0.0,0.0,0.0,0.0,0.0,0.0,0.0,0.0,0.0,0.058481041835455286,0.0,0.0,0.0,0.0,0.0,0.0,0.0,0.0,0.0,0.0,0.0,0.0,0.0,0.0
0.06582207929810271,0.14598910892647995,0.10380178266532981,0.0,0.0,0.0,0.0,0.0,0.0,0.0,0.01995492612393677,0.0,0.0,0.0,0.202306506075838,0.057747271010950396,0.0,0.0,0.47239740671435737,0.5489905774170482,0.3090558054124596,0.10367163109047879,0.5485805283725912,0.737506365353746,1.0,0.7454817401386566,0.06864798472902091,0.543031467796811,0.0,0.31987324358364444,0.04288759050454996,0.0,0.0,0.0,0.0,0.0,0.0,0.0,0.0,0.0,0.13647305939702564,0.4914709103088856,0.6862556810478415,0.2561480479165386,0.0,0.0,0.0,0.0,0.0,0.0,0.0,0.0,0.0,0.0,0.0,0.0,0.0,0.0,0.0,0.0,0.0,0.0,0.0,0.0,0.0,0.0,0.0,0.0,0.0,0.0,0.0,0.0,0.0,0.032115464793123376,0.0,0.0,0.0,0.0,0.0,0.0,0.0,0.0,0.0,0.0,0.0,0.0,0.0,0.0
0.03204117208221903,0.15249146740621375,0.08579585635944857,0.0,0.0,0.0,0.0,0.0,0.0,0.0,0.06692348065338109,0.0,0.0,0.0,0.29731018951230176,0.2149338256681755,0.0,0.0,0.5435402608410624,0.7375414125904682,0.542880748056003,0.3141926883742629,0.4834434080068103,0.5546019401975479,0.7454817401386566,1.0,0.09454886294987919,0.3120638579276094,0.017742943049275556,0.07804866265745551,0.10812481910533793,0.0,0.0,0.0,0.0,0.0,0.0,0.0,0.0,0.03783770463294498,0.3900374386519288,0.6859243931231251,0.48946775217362637,0.17053396287179845,0.0,0.0,0.0,0.0,0.0,0.0,0.0,0.0,0.0,0.0,0.0,0.0,0.0,0.0,0.0,0.0,0.0,0.0,0.0,0.0,0.0,0.0,0.0,0.0,0.0,0.0,0.0,0.0,0.0,0.0,0.0,0.0,0.0,0.0,0.0,0.0,0.0,0.0,0.0,0.0,0.0,0.0,0.0,0.0
0.3056178990812745,0.5479796109671534,0.7344837179366569,0.5430333414974453,0.3120670974895288,0.21596829758427422,0.08086119034193207,0.0,0.0,0.0,0.012209472458271744,0.0,0.0,0.0,0.08015958988319749,0.0,0.0,0.0,0.15783666742893943,0.13232872244661792,0.020541925450784412,0.0,0.12123634302586651,0.07745479915368866,0.06864798472902091,0.09454886294987919,1.0,0.0,0.756725043163015,0.0,0.3997510841341571,0.3893237706275028,0.03550268879976193,0.0,0.0,0.0,0.0,0.0,0.0,0.0,0.0,0.0,0.0,0.0,0.0,0.0,0.0,0.0,0.0,0.0,0.0,0.0,0.0,0.0,0.0,0.0,0.0,0.0,0.0,0.0,0.0,0.0,0.0,0.0,0.0,0.0,0.0,0.0,0.0,0.0,0.0,0.0,0.0,0.0,0.0,0.0,0.0,0.0,0.0,0.0,0.0,0.0,0.0,0.0,0.0,0.0,0.0,0.0
0.15802288419591998,0.12133679336474594,0.07751463735829232,0.06873661034120278,0.09473042446116538,0.13256606892686698,0.08029712889609317,0.0,0.0,0.020811141798901346,0.012249141269778158,0.0,0.0,0.0,0.0808655917649785,0.0,0.0,0.0,0.3056191053661222,0.21596743310706093,0.0,0.0,0.5479773816438813,0.7344811903383828,0.543031467796811,0.3120638579276094,0.0,1.0,0.0,0.7567257900626031,0.0,0.0,0.0,0.0,0.0,0.0,0.0,0.0,0.0,0.0,0.0,0.035499874446100865,0.38932295827193464,0.3997573768830406,0.0,0.0,0.0,0.0,0.0,0.0,0.0,0.0,0.0,0.0,0.0,0.0,0.0,0.0,0.0,0.0,0.0,0.0,0.0,0.0,0.0,0.0,0.0,0.0,0.0,0.0,0.0,0.12130866356570309,0.0,0.2264890632892841,0.0,0.0,0.0,0.0,0.0,0.0,0.0,0.0,0.0,0.0,0.0,0.0,0.0,0.0
0.07162521889148767,0.3237660490499935,0.49121034760796217,0.3198748896340704,0.07805120934238512,0.0,0.0,0.0,0.0,0.0,0.0,0.0,0.0,0.0,0.0,0.0,0.0,0.0,0.006900802568336863,0.03612791723570553,0.0,0.0,0.0,0.0,0.0,0.017742943049275556,0.756725043163015,0.0,1.0,0.0,0.23312619251348046,0.22326055380808055,0.0,0.0,0.0,0.0,0.0,0.0,0.0,0.0,0.0,0.0,0.0,0.0,0.0,0.0,0.0,0.0,0.0,0.0,0.0,0.0,0.0,0.0,0.0,0.0,0.0,0.0,0.0,0.0,0.0,0.0,0.0,0.0,0.0,0.0,0.0,0.0,0.0,0.0,0.0,0.0,0.0,0.0,0.0,0.0,0.0,0.0,0.0,0.0,0.0,0.0,0.0,0.0,0.0,0.0,0.0,0.0
0.007109860248445357,0.0,0.0,0.0,0.017986337195173882,0.03641084644800688,0.0,0.0,0.0,0.0,0.0,0.0,0.0,0.0,0.0,0.0,0.0,0.0,0.07162693195219758,0.0,0.0,0.0,0.3237646686880201,0.49120858727674205,0.31987324358364444,0.07804866265745551,0.0,0.7567257900626031,0.0,1.0,0.0,0.0,0.0,0.0,0.0,0.0,0.0,0.0,0.0,0.0,0.0,0.0,0.22325968479302952,0.23313428155612617,0.0,0.0,0.0,0.0,0.0,0.0,0.0,0.0,0.0,0.0,0.0,0.0,0.0,0.0,0.0,0.0,0.0,0.0,0.0,0.0,0.0,0.0,0.0,0.061921103119894016,0.034004609780954174,0.0,0.0,0.23981194936512457,0.0,0.3032532073177829,0.0,0.0,0.0,0.0,0.0,0.0,0.0,0.0,0.0,0.0,0.0,0.0,0.02260371925586123,0.0
0.48601426323772684,0.6868674368988574,0.492692751288352,0.2561455252198113,0.17053827918376546,0.2543404228930656,0.3759398228637789,0.12429179522408484,0.0,0.03157069407423712,0.3754060600835684,0.15084684753177097,0.0,0.0,0.424644926117746,0.2706363317422634,0.09335111867606957,0.037465695432567975,0.3982205129996263,0.27215747678508156,0.17525651082996244,0.16880328178089846,0.29029146940822215,0.11994273803645741,0.04288759050454996,0.10812481910533793,0.3997510841341571,0.0,0.23312619251348046,0.0,1.0,0.0,0.0,0.0,0.0,0.0,0.0,0.0,0.0,0.0,0.0,0.0,0.0,0.1670546745852283,0.0,0.0,0.0,0.0,0.0,0.0,0.0,0.0,0.0,0.0,0.0,0.0,0.0,0.0,0.0,0.0,0.0,0.0,0.0,0.0,0.0,0.0,0.0,0.0,0.0,0.0,0.0,0.0,0.0,0.0,0.0,0.0,0.0,0.0,0.0,0.0,0.0,0.0,0.0,0.0,0.0,0.0,0.0,0.0
0.15869825110171662,0.25472210529306927,0.4850309577190649,0.6862567193480357,0.48946823706632636,0.2529391964299111,0.0,0.0,0.0,0.0331101230952066,0.0,0.0,0.0,0.0,0.0,0.0,0.0,0.0,0.0,0.0,0.0,0.0,0.0,0.0,0.0,0.0,0.3893237706275028,0.0,0.22326055380808055,0.0,0.0,1.0,0.40669210619900764,0.0,0.0,0.0,0.0,0.0,0.0,0.0,0.0,0.0,0.0,0.0,0.0,0.0,0.0,0.0,0.0,0.0,0.0,0.0,0.0,0.0,0.0,0.0,0.0,0.0,0.0,0.0,0.0,0.0,0.0,0.0,0.0,0.0,0.0,0.0,0.0,0.0,0.0,0.0,0.0,0.0,0.0,0.0,0.0,0.0,0.0,0.0,0.0,0.0,0.0,0.0,0.0,0.0,0.0,0.0
0.2501459918825215,0.16941686049479304,0.2581114807637671,0.49147251505285805,0.6859254596879764,0.4874653241319447,0.02548135894170989,0.0,0.14189321309210784,0.39211653853058764,0.0,0.0,0.0,0.0,0.0,0.0,0.0,0.0,0.0,0.0,0.0,0.0,0.0,0.0,0.0,0.0,0.03550268879976193,0.0,0.0,0.0,0.0,0.40669210619900764,1.0,0.41913549078929063,0.0,0.0,0.0,0.0,0.0,0.0,0.0,0.0,0.0,0.0,0.0,0.0,0.0,0.0,0.0,0.0,0.0,0.0,0.0,0.0,0.0,0.0,0.0,0.0,0.0,0.0,0.0,0.0,0.0,0.0,0.0,0.0,0.0,0.0,0.0,0.0,0.0,0.0,0.0,0.0,0.0,0.0,0.0,0.0,0.0,0.0,0.0,0.0,0.0,0.0,0.0,0.0,0.0,0.0
0.248268672990099,0.03585341408020544,0.0,0.13648099792503557,0.39004473222326885,0.48482990230337975,0.15642579049179328,0.2524130436857727,0.4919265132308573,0.6859442900421989,0.0,0.0,0.0,0.03564847732505904,0.0,0.0,0.0,0.0,0.0,0.0,0.0,0.0,0.0,0.0,0.0,0.0,0.0,0.0,0.0,0.0,0.0,0.0,0.41913549078929063,1.0,0.40867876874992426,0.0,0.0,0.0,0.0,0.0,0.0,0.0,0.0,0.0,0.0,0.0,0.0,0.0,0.0,0.0,0.0,0.0,0.0,0.0,0.0,0.0,0.0,0.0,0.0,0.0,0.0,0.0,0.0,0.0,0.0,0.0,0.0,0.0,0.0,0.0,0.0,0.0,0.0,0.0,0.0,0.0,0.0,0.0,0.0,0.0,0.0,0.0,0.0,0.0,0.0,0.0,0.0,0.0
0.1632428640008353,0.0,0.0,0.0,0.03785072279135846,0.2559127941339404,0.24992030006862676,0.4859533676921084,0.6858553125108431,0.49262018317213363,0.03131661164780606,0.0,0.14253393101941242,0.394210665082719,0.0,0.0,0.0,0.0,0.0,0.0,0.0,0.0,0.0,0.0,0.0,0.0,0.0,0.0,0.0,0.0,0.0,0.0,0.0,0.40867876874992426,1.0,0.4256441382452499,0.0,0.0,0.0,0.0,0.0,0.0,0.0,0.0,0.0,0.0,0.0,0.0,0.0,0.0,0.0,0.0,0.0,0.0,0.0,0.0,0.0,0.0,0.0,0.0,0.0,0.0,0.0,0.0,0.0,0.0,0.0,0.0,0.0,0.0,0.0,0.0,0.0,0.0,0.0,0.0,0.0,0.0,0.0,0.0,0.0,0.0,0.0,0.0,0.0,0.0,0.0,0.0
0.0345610632971478,0.0,0.0,0.0,0.0,0.0,0.24982151169249275,0.4857181960597915,0.3931625062141695,0.14238517331634795,0.1611040277541118,0.2546635280670754,0.49138175270128454,0.6859161496646695,0.0,0.0,0.0,0.035355313456224065,0.0,0.0,0.0,0.0,0.0,0.0,0.0,0.0,0.0,0.0,0.0,0.0,0.0,0.0,0.0,0.0,0.4256441382452499,1.0,0.4065331095147614,0.0,0.0,0.0,0.0,0.0,0.0,0.0,0.0,0.0,0.0,0.0,0.0,0.0,0.0,0.0,0.0,0.0,0.0,0.0,0.0,0.0,0.0,0.0,0.0,0.0,0.0,0.0,0.0,0.0,0.0,0.0,0.0,0.0,0.0,0.0,0.0,0.0,0.0,0.0,0.0,0.0,0.0,0.0,0.0,0.0,0.0,0.0,0.0,0.0,0.0,0.0
0.0,0.0,0.0,0.0,0.0,0.0,0.16283964363657422,0.2557677773638775,0.03657872507356591,0.0,0.2491431075868046,0.4862239281590681,0.6858891543156789,0.49147416898673807,0.03540098356135812,0.0,0.1415411258110735,0.39334740661631895,0.0,0.0,0.0,0.0,0.0,0.0,0.0,0.0,0.0,0.0,0.0,0.0,0.0,0.0,0.0,0.0,0.0,0.4065331095147614,1.0,0.4240486124095968,0.0,0.0,0.0,0.0,0.0,0.0,0.0,0.0,0.0,0.0,0.0,0.0,0.0,0.0,0.0,0.0,0.0,0.0,0.0,0.0,0.0,0.0,0.0,0.0,0.0,0.0,0.0,0.0,0.0,0.0,0.0,0.0,0.0,0.0,0.0,0.0,0.0,0.0,0.0,0.0,0.0,0.0,0.0,0.0,0.0,0.0,0.0,0.0,0.0,0.0
0.0,0.0,0.0,0.0,0.0,0.0,0.03537979680907073,0.0,0.0,0.0,0.24913978174437568,0.4862217053253058,0.3933466080085817,0.14154059194215388,0.16284927422295123,0.2557691035160924,0.4914698729489416,0.6858852102715891,0.0,0.0,0.0,0.03657277130652834,0.0,0.0,0.0,0.0,0.0,0.0,0.0,0.0,0.0,0.0,0.0,0.0,0.0,0.0,0.4240486124095968,1.0,0.4065236449183974,0.0,0.0,0.0,0.0,0.0,0.0,0.0,0.0,0.0,0.0,0.0,0.0,0.0,0.0,0.0,0.0,0.0,0.0,0.0,0.0,0.0,0.0,0.0,0.0,0.0,0.0,0.0,0.0,0.0,0.0,0.0,0.0,0.0,0.0,0.0,0.0,0.0,0.0,0.0,0.0,0.0,0.0,0.0,0.0,0.0,0.0,0.0,0.0,0.0
0.0,0.0,0.0,0.0,0.0,0.0,0.0,0.0,0.0,0.0,0.1610948183500246,0.25465628175197624,0.035348443274746684,0.0,0.2498257088233312,0.4857185432579583,0.6859131567644244,0.49137617690711255,0.034562766337465294,0.0,0.14237442075192194,0.39315722172724027,0.0,0.0,0.0,0.0,0.0,0.0,0.0,0.0,0.0,0.0,0.0,0.0,0.0,0.0,0.0,0.4065236449183974,1.0,0.4256356476333741,0.0,0.0,0.0,0.0,0.0,0.0,0.0,0.0,0.0,0.0,0.0,0.0,0.0,0.0,0.0,0.0,0.0,0.0,0.0,0.0,0.0,0.0,0.0,0.0,0.0,0.0,0.0,0.0,0.0,0.0,0.0,0.0,0.0,0.0,0.0,0.0,0.0,0.0,0.0,0.0,0.0,0.0,0.0,0.0,0.0,0.0,0.0,0.0
0.0,0.0,0.0,0.0,0.0,0.0,0.0,0.0,0.0,0.0,0.03130952819985293,0.0,0.0,0.0,0.2499214055448938,0.4859515997949686,0.39420627513648354,0.14252865590110053,0.16324872758532222,0.2559102576559681,0.49261898832984646,0.6858564062649879,0.0,0.0,0.0,0.03783770463294498,0.0,0.0,0.0,0.0,0.0,0.0,0.0,0.0,0.0,0.0,0.0,0.0,0.4256356476333741,1.0,0.408672701648948,0.0,0.0,0.0,0.0,0.0,0.0,0.0,0.0,0.0,0.0,0.0,0.0,0.0,0.0,0.0,0.0,0.0,0.0,0.0,0.0,0.0,0.0,0.0,0.0,0.0,0.0,0.0,0.0,0.0,0.0,0.0,0.0,0.0,0.0,0.0,0.0,0.0,0.0,0.0,0.0,0.0,0.0,0.0,0.0,0.0,0.0,0.0
0.0,0.0,0.0,0.0,0.0,0.0,0.0,0.0,0.0,0.0,0.0,0.0,0.0,0.0,0.15642373736613624,0.25240727708508937,0.03564065551549817,0.0,0.2482710578581103,0.4848289973514923,0.6859459663335702,0.4919224739200776,0.03585171848289334,0.0,0.13647305939702564,0.3900374386519288,0.0,0.0,0.0,0.0,0.0,0.0,0.0,0.0,0.0,0.0,0.0,0.0,0.0,0.408672701648948,1.0,0.4191165116024057,0.0,0.0,0.0,0.0,0.0,0.0,0.0,0.0,0.0,0.0,0.0,0.0,0.0,0.0,0.0,0.0,0.0,0.0,0.0,0.0,0.0,0.0,0.0,0.0,0.0,0.0,0.0,0.0,0.0,0.0,0.0,0.0,0.0,0.0,0.0,0.0,0.0,0.0,0.0,0.0,0.0,0.0,0.0,0.0,0.0,0.0
0.0,0.0,0.0,0.0,0.0,0.0,0.0,0.0,0.0,0.0,0.0,0.0,0.0,0.0,0.02547686770131236,0.0,0.0,0.0,0.25014467457542433,0.48746109475846944,0.39210381114163073,0.1418747661211401,0.1694120619386369,0.2581112524277837,0.4914709103088856,0.6859243931231251,0.0,0.035499874446100865,0.0,0.0,0.0,0.0,0.0,0.0,0.0,0.0,0.0,0.0,0.0,0.0,0.4191165116024057,1.0,0.4066915881974642,0.0,0.0,0.0,0.0,0.0,0.0,0.0,0.0,0.0,0.0,0.0,0.0,0.0,0.0,0.0,0.0,0.0,0.0,0.0,0.0,0.0,0.0,0.0,0.0,0.0,0.0,0.0,0.0,0.0,0.0,0.0,0.0,0.0,0.0,0.0,0.0,0.0,0.0,0.0,0.0,0.0,0.0,0.0,0.0,0.0
0.0,0.0,0.0,0.0,0.0,0.0,0.0,0.0,0.0,0.0,0.0,0.0,0.0,0.0,0.0,0.0,0.0,0.0,0.15870276299704794,0.2529393985436684,0.03310125201765998,0.0,0.2547214905593685,0.4850343310465642,0.6862556810478415,0.48946775217362637,0.0,0.38932295827193464,0.0,0.22325968479302952,0.0,0.0,0.0,0.0,0.0,0.0,0.0,0.0,0.0,0.0,0.0,0.4066915881974642,1.0,0.0,0.0,0.0,0.0,0.0,0.0,0.0,0.0,0.0,0.0,0.0,0.0,0.0,0.0,0.0,0.0,0.0,0.0,0.0,0.0,0.0,0.0,0.0,0.0,0.0,0.0,0.0,0.0,0.0,0.0,0.02757870052748555,0.0,0.0,0.0,0.0,0.0,0.0,0.0,0.0,0.0,0.0,0.0,0.0,0.0,0.0
0.39834519210109687,0.29031763772016334,0.11992740019735788,0.04288448780133248,0.10818999534896474,0.2722939450546867,0.42476379973910144,0.27078075952465147,0.16897776361413358,0.1754277526963418,0.3754348357980749,0.15086853865100425,0.037512731358410906,0.09344855821904523,0.3759371964025432,0.12428862314672884,0.0,0.0,0.4860083808424127,0.25433560339484296,0.031563213761696865,0.0,0.6868670611565402,0.4926935885089595,0.2561480479165386,0.17053396287179845,0.0,0.3997573768830406,0.0,0.23313428155612617,0.1670546745852283,0.0,0.0,0.0,0.0,0.0,0.0,0.0,0.0,0.0,0.0,0.0,0.0,1.0,0.0,0.0,0.0,0.0,0.0,0.0,0.0,0.0,0.0,0.0,0.0,0.0,0.0,0.0,0.0,0.0,0.0,0.0,0.0,0.0,0.0,0.0,0.0,0.0,0.0,0.0,0.0,0.0,0.0,0.0,0.0,0.0,0.0,0.0,0.0,0.0,0.0,0.0,0.0,0.0,0.0,0.0,0.0,0.0
0.0,0.0,0.0,0.0,0.0,0.0,0.0,0.0,0.0,0.0,0.0,0.0,0.0,0.0,0.0,0.0,0.0,0.0,0.0,0.0,0.0,0.0,0.0,0.0,0.0,0.0,0.0,0.0,0.0,0.0,0.0,0.0,0.0,0.0,0.0,0.0,0.0,0.0,0.0,0.0,0.0,0.0,0.0,0.0,1.0,0.7383144248504363,0.5469811826497462,0.47239193799062273,0.5435390665803478,0.7350220447998665,0.729825878607583,0.545550818813285,0.4771842083451672,0.5420714386230908,0.5221526996328836,0.29883995005366965,0.2148555018100408,0.3048884424572117,0.4077733434737966,0.1713734469302246,0.03825235612680362,0.08378344502713546,0.3838873723738734,0.16163612490772306,0.0,0.0,0.4316423769115943,0.2492636919876339,0.06582207929810271,0.03204117208221903,0.30561789908127435,0.15802288419591998,0.07162521889148767,0.007109860248445686,0.4860142632377268,0.15869825110171662,0.2501459918825215,0.24826867299009892,0.16324286400083537,0.0345610632971478,0.0,0.0,0.0,0.0,0.0,0.0,0.0,0.39834519210109703
0.0,0.0,0.0,0.0,0.0,0.0,0.0,0.0,0.0,0.0,0.0,0.0,0.0,0.0,0.0,0.0,0.0,0.0,0.0,0.0,0.0,0.0,0.0,0.0,0.0,0.0,0.0,0.0,0.0,0.0,0.0,0.0,0.0,0.0,0.0,0.0,0.0,0.0,0.0,0.0,0.0,0.0,0.0,0.0,0.7383144248504363,1.0,0.7425867735663726,0.5485806157116393,0.48344708580610224,0.5500738340641991,0.5328099637056063,0.30535635846418957,0.2189380607892159,0.3080452379938433,0.4317349765352001,0.19354211361628218,0.05025475027239864,0.08935912932396319,0.42068689346335003,0.22136492895691856,0.05097102307810747,0.032746554779613975,0.4315440727392669,0.27453853697722996,0.13010741560948694,0.10333593304328052,0.41287358505812727,0.26267131025343393,0.14598910892648012,0.15249146740621375,0.5479796109671532,0.1213367933647461,0.32376604904999334,0.0,0.6868674368988573,0.25472210529306927,0.1694168604947933,0.035853414080205606,0.0,0.0,0.0,0.0,0.0,0.0,0.0,0.0,0.0,0.29031763772016367
0.0,0.0,0.0,0.0,0.0,0.0,0.0,0.0,0.0,0.0,0.0,0.0,0.0,0.0,0.0,0.0,0.0,0.0,0.0,0.0,0.0,0.0,0.0,0.0,0.0,0.0,0.0,0.0,0.0,0.0,0.0,0.0,0.0,0.0,0.0,0.0,0.0,0.0,0.0,0.0,0.0,0.0,0.0,0.0,0.5469811826497462,0.7425867735663726,1.0,0.7375031084913296,0.5546021607327096,0.48131784807552896,0.2971045743642001,0.09638904778703294,0.06677076270501424,0.21789362007007523,0.17506825254922165,0.0,0.0,0.0,0.18610009095319385,9.990190771969054e-05,0.0,0.0,0.24911915546106272,0.14580420602835165,0.0,0.0,0.2626147159846902,0.1867209514169002,0.10380178266532948,0.08579585635944824,0.7344837179366569,0.07751463735829199,0.4912103476079622,0.0,0.49269275128835194,0.48503095771906507,0.2581114807637673,0.0,0.0,0.0,0.0,0.0,0.0,0.0,0.0,0.0,0.0,0.11992740019735772
0.0,0.0,0.0,0.0,0.0,0.0,0.0,0.0,0.0,0.0,0.0,0.0,0.0,0.0,0.0,0.0,0.0,0.0,0.0,0.0,0.0,0.0,0.0,0.0,0.0,0.0,0.0,0.0,0.0,0.0,0.0,0.0,0.0,0.0,0.0,0.0,0.0,0.0,0.0,0.0,0.0,0.0,0.0,0.0,0.47239193799062273,0.5485806157116393,0.7375031084913296,1.0,0.7454823883136197,0.5489891816233627,0.2023005487113711,0.05775328436253201,0.10368070693050416,0.30906225910987406,0.019918184095742687,0.0,0.0,0.0,0.0,0.0,0.0,0.0,0.0656966039170503,0.0,0.0,0.0,0.14594491505809554,0.10381878436312264,0.0,0.0,0.5430333414974451,0.06873661034120263,0.31987488963407057,0.0,0.2561455252198112,0.6862567193480358,0.49147251505285816,0.13648099792503557,0.0,0.0,0.0,0.0,0.0,0.0,0.0,0.0,0.0,0.04288448780133232
0.0,0.0,0.0,0.0,0.0,0.0,0.0,0.0,0.0,0.0,0.0,0.0,0.0,0.0,0.0,0.0,0.0,0.0,0.0,0.0,0.0,0.0,0.0,0.0,0.0,0.0,0.0,0.0,0.0,0.0,0.0,0.0,0.0,0.0,0.0,0.0,0.0,0.0,0.0,0.0,0.0,0.0,0.0,0.0,0.5435390665803478,0.48344708580610224,0.5546021607327096,0.7454823883136197,1.0,0.7375423655802212,0.2973105822248675,0.21494341618826915,0.3142035413682034,0.5428881898447208,0.06690091955888132,0.0,0.0,0.0,0.0,0.0,0.0,0.0,0.03198317860594431,0.0,0.0,0.0,0.15252225383758028,0.08589739509601586,0.0,0.0,0.3120670974895287,0.09473042446116538,0.07805120934238512,0.017986337195174375,0.17053827918376546,0.48946823706632636,0.6859254596879764,0.39004473222326885,0.03785072279135846,0.0,0.0,0.0,0.0,0.0,0.0,0.0,0.0,0.10818999534896491
0.0,0.0,0.0,0.0,0.0,0.0,0.0,0.0,0.0,0.0,0.0,0.0,0.0,0.0,0.0,0.0,0.0,0.0,0.0,0.0,0.0,0.0,0.0,0.0,0.0,0.0,0.0,0.0,0.0,0.0,0.0,0.0,0.0,0.0,0.0,0.0,0.0,0.0,0.0,0.0,0.0,0.0,0.0,0.0,0.7350220447998665,0.5500738340641991,0.48131784807552896,0.5489891816233627,0.7375423655802212,1.0,0.537568651615926,0.476604763728682,0.5524542798145917,0.7354888198881767,0.28586069311261264,0.08633461050459142,0.06057816279581643,0.21506355318024525,0.15347815289738886,0.0,0.0,0.0,0.1616373807615519,0.0,0.0,0.0,0.27464009583085663,0.1459701609848011,0.0,0.0,0.21596829758427405,0.13256606892686698,0.0,0.03641084644800721,0.25434042289306547,0.25293919642991125,0.4874653241319448,0.4848299023033797,0.2559127941339405,0.0,0.0,0.0,0.0,0.0,0.0,0.0,0.0,0.2722939450546867
0.0,0.0,0.0,0.0,0.0,0.0,0.0,0.0,0.0,0.0,0.0,0.0,0.0,0.0,0.0,0.0,0.0,0.0,0.0,0.0,0.0,0.0,0.0,0.0,0.0,0.0,0.0,0.0,0.0,0.0,0.0,0.0,0.0,0.0,0.0,0.0,0.0,0.0,0.0,0.0,0.0,0.0,0.0,0.0,0.729825878607583,0.5328099637056063,0.2971045743642001,0.2023005487113711,0.2973105822248675,0.537568651615926,1.0,0.7368526496739749,0.5418874513302094,0.4701986149357982,0.7308216544086653,0.5451680303616028,0.4764058948208442,0.5430510872772782,0.5198474682200548,0.2935014082393558,0.21181744979697298,0.3047902047996173,0.40781015591752123,0.15350972636010726,0.017345184611116404,0.07140120380122346,0.42078777923226274,0.18621660688657363,0.0,0.0,0.08086119034193207,0.08029712889609317,0.0,0.0,0.3759398228637789,0.0,0.02548135894170989,0.15642579049179312,0.2499203000686268,0.2498215116924926,0.16283964363657422,0.03537979680907073,0.0,0.0,0.0,0.0,0.0,0.42476379973910144
0.0,0.0,0.0,0.0,0.0,0.0,0.0,0.0,0.0,0.0,0.0,0.0,0.0,0.0,0.0,0.0,0.0,0.0,0.0,0.0,0.0,0.0,0.0,0.0,0.0,0.0,0.0,0.0,0.0,0.0,0.0,0.0,0.0,0.0,0.0,0.0,0.0,0.0,0.0,0.0,0.0,0.0,0.0,0.0,0.545550818813285,0.30535635846418957,0.09638904778703294,0.05775328436253201,0.21494341618826915,0.476604763728682,0.7368526496739749,1.0,0.7348717832122139,0.5487964687038885,0.5433975613377077,0.47900158398995174,0.5523349989609245,0.7361457948206825,0.29352197940195307,0.08717880081892132,0.059367590986254215,0.2159685678334903,0.17143164026076052,0.0,0.0,0.0,0.2214854125020397,0.00023860895116930198,0.0,0.0,0.0,0.0,0.0,0.0,0.12429179522408468,0.0,0.0,0.25241304368577266,0.48595336769210856,0.4857181960597915,0.25576777736387746,0.0,0.0,0.0,0.0,0.0,0.0,0.27078075952465147
0.0,0.0,0.0,0.0,0.0,0.0,0.0,0.0,0.0,0.0,0.0,0.0,0.0,0.0,0.0,0.0,0.0,0.0,0.0,0.0,0.0,0.0,0.0,0.0,0.0,0.0,0.0,0.0,0.0,0.0,0.0,0.0,0.0,0.0,0.0,0.0,0.0,0.0,0.0,0.0,0.0,0.0,0.0,0.0,0.4771842083451672,0.2189380607892159,0.06677076270501424,0.10368070693050416,0.3142035413682034,0.5524542798145917,0.5418874513302094,0.7348717832122139,1.0,0.7479096200250275,0.29988481494011265,0.21396163996450487,0.3124255435840873,0.5431637670989143,0.07141906963362148,0.0,0.0,0.0,0.0,0.0,0.0,0.0,0.10347838179130611,0.0,0.0,0.0,0.0,0.0,0.0,0.0,0.0,0.0,0.14189321309210767,0.4919265132308573,0.6858553125108434,0.3931625062141695,0.03657872507356574,0.0,0.0,0.0,0.0,0.0,0.0,0.16897776361413344
0.0,0.0,0.0,0.0,0.0,0.0,0.0,0.0,0.0,0.0,0.0,0.0,0.0,0.0,0.0,0.0,0.0,0.0,0.0,0.0,0.0,0.0,0.0,0.0,0.0,0.0,0.0,0.0,0.0,0.0,0.0,0.0,0.0,0.0,0.0,0.0,0.0,0.0,0.0,0.0,0.0,0.0,0.0,0.0,0.5420714386230908,0.3080452379938433,0.21789362007007523,0.30906225910987406,0.5428881898447208,0.7354888198881767,0.4701986149357982,0.5487964687038885,0.7479096200250275,1.0,0.2024493086945182,0.055716934323020814,0.10310851466299023,0.31147140536059714,0.017344613861033156,0.0,0.0,0.0,0.0,0.0,0.0,0.0,0.13024310470184225,0.0,0.0,0.0,0.0,0.02081114179890102,0.0,0.0,0.03157069407423712,0.03311012309520693,0.3921165385305877,0.6859442900421989,0.4926201831721336,0.14238517331634795,0.0,0.0,0.0,0.0,0.0,0.0,0.0,0.17542775269634148
0.0,0.0,0.0,0.0,0.0,0.0,0.0,0.0,0.0,0.0,0.0,0.0,0.0,0.0,0.0,0.0,0.0,0.0,0.0,0.0,0.0,0.0,0.0,0.0,0.0,0.0,0.0,0.0,0.0,0.0,0.0,0.0,0.0,0.0,0.0,0.0,0.0,0.0,0.0,0.0,0.0,0.0,0.0,0.0,0.5221526996328836,0.4317349765352001,0.17506825254922165,0.019918184095742687,0.06690091955888132,0.28586069311261264,0.7308216544086653,0.5433975613377077,0.29988481494011265,0.2024493086945182,1.0,0.7354295622463428,0.5421405704733742,0.47465385769487495,0.730828486364972,0.5433926583806994,0.4746475812967261,0.5421398779481189,0.5221703305594112,0.28587400076285285,0.20245069113107633,0.299880732752488,0.4317713333950743,0.17510473162665102,0.01995492612393677,0.06692348065338109,0.012209472458271909,0.012249141269777993,0.0,0.0,0.3754060600835683,0.0,0.0,0.0,0.031316611647806226,0.16110402775411173,0.2491431075868046,0.24913978174437568,0.1610948183500245,0.031309528199853096,0.0,0.0,0.0,0.37543483579807485
0.0,0.0,0.0,0.0,0.0,0.0,0.0,0.0,0.0,0.0,0.0,0.0,0.0,0.0,0.0,0.0,0.0,0.0,0.0,0.0,0.0,0.0,0.0,0.0,0.0,0.0,0.0,0.0,0.0,0.0,0.0,0.0,0.0,0.0,0.0,0.0,0.0,0.0,0.0,0.0,0.0,0.0,0.0,0.0,0.29883995005366965,0.19354211361628218,0.0,0.0,0.0,0.08633461050459142,0.5451680303616028,0.47900158398995174,0.21396163996450487,0.055716934323020814,0.7354295622463428,1.0,0.7361608133774784,0.5512994466464668,0.5451821287178193,0.4790040411228803,0.5512956933700798,0.7361607089717399,0.2988579988748574,0.08634430873781104,0.05571824372675358,0.21396109953148013,0.1935693703626131,0.0,0.0,0.0,0.0,0.0,0.0,0.0,0.15084684753177088,0.0,0.0,0.0,0.0,0.2546635280670754,0.4862239281590683,0.4862217053253056,0.2546562817519761,0.0,0.0,0.0,0.0,0.15086853865100425
