1.0,0.7383144248504362,0.5469811826497464,0.4723919379906229,0.5435390665803478,0.7350220447998668,0.7298258786075827,0.545550818813285,0.4771842083451673,0.5420714386230909,0.5221526996328835,0.29883995005366953,0.2148555018100408,0.3048884424572118,0.40777334347379646,0.17137344693022444,0.03825235612680362,0.08378344502713529,0.38388737237387316,0.16163612490772275,0.0,0.0,0.43164237691159424,0.2492636919876339,0.06582207929810271,0.03204117208221903,0.30561789908127446,0.15802288419591998,0.07162521889148767,0.007109860248445522,0.4860142632377268,0.15869825110171662,0.25014599188252173,0.24826867299009892,0.16324286400083537,0.0345610632971478,0.0,0.0,0.0,0.0,0.0,0.0,0.0,0.39834519210109676,0.0,0.0,0.0,0.0,0.0,0.0,0.0,0.0,0.0,0.0,0.0,0.0,0.0,0.0,0.0,0.0,0.0,0.0,0.0,0.0,0.0,0.0,0.0,0.0,0.0,0.0,0.0,0.0,0.0,0.0,0.0,0.0,0.0,0.0037683782202858327,0.0,0.0,0.0,0.0,0.0,0.0,0.0,0.0,0.0,0.0
0.7383144248504362,1.0,0.7425867735663729,0.5485806157116395,0.4834470858061021,0.5500738340641991,0.532809963705606,0.3053563584641894,0.2189380607892159,0.30804523799384304,0.43173497653519977,0.193542113616282,0.05025475027239847,0.08935912932396319,0.42068689346335003,0.2213649289569184,0.05097102307810731,0.032746554779613975,0.4315440727392667,0.27453853697722963,0.13010741560948677,0.1033359330432802,0.412873585058127,0.2626713102534338,0.14598910892647995,0.15249146740621375,0.5479796109671534,0.12133679336474594,0.3237660490499934,0.0,0.6868674368988573,0.2547221052930694,0.1694168604947932,0.03585341408020544,0.0,0.0,0.0,0.0,0.0,0.0,0.0,0.0,0.0,0.29031763772016334,0.0,0.0,0.0,0.0,0.0,0.0,0.0,0.0,0.1227307764081267,0.18737325041291028,0.0,0.0,0.0,0.0,0.0,0.0,0.0,0.0,0.0,0.0,0.0,0.0,0.0,0.0,0.0,0.0,0.0,0.0,0.0,0.0,0.0,0.0,0.0,0.23611251960254592,0.09741178178759696,0.0,0.0,0.0,0.0,0.0,0.0,0.0,0.0,0.0
0.5469811826497464,0.7425867735663729,1.0,0.7375031084913296,0.5546021607327094,0.48131784807552896,0.29710457436419996,0.09638904778703311,0.06677076270501424,0.21789362007007507,0.17506825254922165,0.0,0.0,0.0,0.18610009095319402,9.990190771952605e-05,0.0,0.0,0.2491191554610629,0.1458042060283518,0.0,0.0,0.2626147159846905,0.18672095141690054,0.10380178266532981,0.0857958563594484,0.7344837179366569,0.07751463735829232,0.49121034760796217,0.0,0.49269275128835194,0.48503095771906496,0.2581114807637671,0.0,0.0,0.0,0.0,0.0,0.0,0.0,0.0,0.0,0.0,0.11992740019735788,0.0,0.0,0.0,0.0,0.0,0.0,0.0,0.0,0.003956723901667191,0.131154161114117,0.0,0.0,0.0,0.0,0.0,0.0,0.0,0.0,0.0,0.0,0.0,0.0,0.0,0.0,0.0,0.0,0.0,0.0,0.0,0.0,0.0,0.0,0.01045241827387378,0.20592205280064732,0.0,0.0,0.0,0.0,0.0,0.0,0.0,0.0,0.0,0.0
0.4723919379906229,0.5485806157116395,0.7375031084913296,1.0,0.7454823883136197,0.5489891816233627,0.2023005487113711,0.05775328436253218,0.10368070693050416,0.3090622591098737,0.019918184095742687,0.0,0.0,0.0,0.0,0.0,0.0,0.0,0.06569660391705047,0.0,0.0,0.0,0.1459449150580957,0.1038187843631228,0.0,0.0,0.5430333414974454,0.06873661034120278,0.3198748896340705,0.0,0.2561455252198113,0.6862567193480358,0.491472515052858,0.13648099792503526,0.0,0.0,0.0,0.0,0.0,0.0,0.0,0.0,0.0,0.04288448780133248,0.0,0.0,0.0,0.0,0.0,0.0,0.0,0.0,0.0,0.0,0.0,0.0,0.0,0.0,0.0,0.0,0.0,0.0,0.0,0.0,0.0,0.0,0.0,0.0,0.0,0.0,0.0,0.0,0.0,0.0,0.0,0.0,0.0,0.0,0.0,0.0,0.0,0.0,0.0,0.0,0.0,0.0,0.0,0.0
0.5435390665803478,0.4834470858061021,0.5546021607327094,0.7454823883136197,1.0,0.737542365580221,0.29731058222486734,0.21494341618826915,0.3142035413682034,0.5428881898447205,0.066900919558881,0.0,0.0,0.0,0.0,0.0,0.0,0.0,0.03198317860594398,0.0,0.0,0.0,0.1525222538375801,0.0858973950960157,0.0,0.0,0.3120670974895288,0.09473042446116538,0.0780512093423848,0.017986337195174045,0.17053827918376532,0.4894682370663264,0.6859254596879765,0.39004473222326874,0.03785072279135846,0.0,0.0,0.0,0.0,0.0,0.0,0.0,0.0,0.10818999534896458,0.0,0.0,0.0,0.0,0.0,0.0,0.0,0.0,0.0,0.0,0.0,0.0,0.0,0.0,0.0,0.0,0.0,0.0,0.0,0.0,0.0,0.0,0.0,0.0,0.0,0.0,0.0,0.0,0.0,0.0,0.0,0.0,0.0,0.0,0.0,0.0,0.0,0.0,0.0,0.0,0.0,0.0,0.0,0.0
0.7350220447998668,0.5500738340641991,0.48131784807552896,0.5489891816233627,0.737542365580221,1.0,0.537568651615926,0.476604763728682,0.5524542798145918,0.7354888198881765,0.28586069311261264,0.08633461050459142,0.06057816279581643,0.2150635531802451,0.15347815289738903,0.0,0.0,0.0,0.1616373807615519,0.0,0.0,0.0,0.27464009583085663,0.14597016098480123,0.0,0.0,0.21596829758427422,0.13256606892686681,0.0,0.03641084644800688,0.2543404228930656,0.2529391964299112,0.4874653241319448,0.4848299023033795,0.2559127941339405,0.0,0.0,0.0,0.0,0.0,0.0,0.0,0.0,0.2722939450546865,0.0,0.0,0.0,0.0,0.0,0.0,0.0,0.0,0.0,0.0,0.0,0.0,0.0,0.0,0.0,0.0,0.0,0.0,0.0,0.0,0.0,0.0,0.0,0.0,0.0,0.0,0.0,0.0,0.0,0.0,0.0,0.0,0.0,0.0,0.0,0.0,0.0,0.0,0.0,0.0,0.0,0.0,0.0,0.0
0.7298258786075827,0.532809963705606,0.29710457436419996,0.2023005487113711,0.29731058222486734,0.537568651615926,1.0,0.7368526496739751,0.5418874513302097,0.47019861493579834,0.7308216544086653,0.5451680303616028,0.47640589482084444,0.5430510872772786,0.5198474682200548,0.2935014082393556,0.21181744979697298,0.3047902047996172,0.407810155917521,0.15350972636010693,0.017345184611116074,0.07140120380122313,0.4207877792322626,0.18621660688657363,0.0,0.0,0.0808611903419319,0.08029712889609301,0.0,0.0,0.37593982286377886,0.0,0.02548135894170989,0.1564257904917932,0.2499203000686269,0.249821511692493,0.1628396436365743,0.03537979680907073,0.0,0.0,0.0,0.0,0.0,0.4247637997391013,0.0,0.0,0.0,0.0,0.0,0.0,0.0,0.0,0.0,0.0,0.0,0.0,0.0,0.0,0.0,0.0,0.0,0.0,0.0,0.0,0.0,0.0,0.0,0.0,0.0,0.0,0.0,0.0,0.0,0.0,0.0,0.0,0.0,0.0,0.0,0.0,0.0,0.0,0.0,0.0,0.0,0.0,0.0,0.0
0.545550818813285,0.3053563584641894,0.09638904778703311,0.05775328436253218,0.21494341618826915,0.476604763728682,0.7368526496739751,1.0,0.7348717832122139,0.5487964687038888,0.5433975613377076,0.47900158398995163,0.5523349989609245,0.7361457948206827,0.2935219794019531,0.08717880081892115,0.059367590986254215,0.21596856783349014,0.17143164026076052,0.0,0.0,0.0,0.2214854125020397,0.00023860895116946645,0.0,0.0,0.0,0.0,0.0,0.0,0.12429179522408484,0.0,0.0,0.2524130436857727,0.48595336769210845,0.48571819605979166,0.25576777736387735,0.0,0.0,0.0,0.0,0.0,0.0,0.2707807595246514,0.0,0.0,0.0,0.0,0.0,0.0,0.0,0.0,0.0,0.0,0.0,0.0,0.0,0.0,0.0,0.0,0.0,0.0,0.0,0.0,0.0,0.0,0.0,0.0,0.0,0.0,0.0,0.0,0.0,0.0,0.0,0.0,0.0,0.0,0.0,0.0,0.0,0.0,0.0,0.0,0.0,0.0,0.0,0.0
0.4771842083451673,0.2189380607892159,0.06677076270501424,0.10368070693050416,0.3142035413682034,0.5524542798145918,0.5418874513302097,0.7348717832122139,1.0,0.7479096200250278,0.2998848149401128,0.21396163996450487,0.3124255435840874,0.5431637670989142,0.07141906963362148,0.0,0.0,0.0,0.0,0.0,0.0,0.0,0.10347838179130611,0.0,0.0,0.0,0.0,0.0,0.0,0.0,0.0,0.0,0.141893213092108,0.4919265132308573,0.6858553125108432,0.39316250621416954,0.03657872507356574,0.0,0.0,0.0,0.0,0.0,0.0,0.16897776361413344,0.0,0.0,0.0,0.0,0.0,0.0,0.0,0.0,0.0,0.0,0.0,0.0,0.0,0.0,0.0,0.0,0.0,0.0,0.0,0.0,0.0,0.0,0.0,0.0,0.0,0.0,0.0,0.0,0.0,0.0,0.0,0.0,0.0,0.0,0.0,0.0,0.0,0.0,0.0,0.0,0.0,0.0,0.0,0.0
0.5420714386230909,0.30804523799384304,0.21789362007007507,0.3090622591098737,0.5428881898447205,0.7354888198881765,0.47019861493579834,0.5487964687038888,0.7479096200250278,1.0,0.20244930869451835,0.05571693432302098,0.1031085146629904,0.3114714053605972,0.017344613861033323,0.0,0.0,0.0,0.0,0.0,0.0,0.0,0.13024310470184258,0.0,0.0,0.0,0.0,0.020811141798901346,0.0,0.0,0.03157069407423712,0.033110123095206764,0.39211653853058764,0.6859442900421988,0.49262018317213374,0.14238517331634828,0.0,0.0,0.0,0.0,0.0,0.0,0.0,0.17542775269634173,0.0,0.0,0.0,0.0,0.0,0.0,0.0,0.0,0.0,0.0,0.0,0.0,0.0,0.0,0.0,0.0,0.0,0.0,0.0,0.0,0.0,0.0,0.0,0.0,0.0,0.0,0.0,0.0,0.0,0.0,0.0,0.0,0.0,0.0,0.0,0.0,0.0,0.0,0.0,0.0,0.0,0.0,0.0,0.0
0.5221526996328835,0.43173497653519977,0.17506825254922165,0.019918184095742687,0.066900919558881,0.28586069311261264,0.7308216544086653,0.5433975613377076,0.2998848149401128,0.20244930869451835,1.0,0.7354295622463427,0.5421405704733743,0.4746538576948751,0.7308284863649721,0.5433926583806994,0.47464758129672624,0.5421398779481189,0.5221703305594112,0.28587400076285274,0.2024506911310765,0.2998807327524879,0.4317713333950743,0.1751047316266512,0.01995492612393693,0.06692348065338109,0.01220947245827158,0.012249141269777993,0.0,0.0,0.3754060600835684,0.0,0.0,0.0,0.03131661164780606,0.1611040277541118,0.24914310758680452,0.24913978174437568,0.1610948183500246,0.031309528199853096,0.0,0.0,0.0,0.3754348357980749,0.0,0.0,0.0,0.0,0.0,0.0,0.0,0.0,0.10480887466979513,0.015464430594773265,0.0,0.0,0.0,0.0,0.0,0.0,0.0,0.0,0.0,0.0,0.0,0.0,0.0,0.0,0.0,0.0,0.0,0.0,0.0,0.0,0.0,0.0,0.0,0.0,0.1491408641347229,0.0,0.0,0.0,0.0,0.0,0.0,0.0,0.0,0.0
0.29883995005366953,0.193542113616282,0.0,0.0,0.0,0.08633461050459142,0.5451680303616028,0.47900158398995163,0.21396163996450487,0.05571693432302098,0.7354295622463427,1.0,0.7361608133774785,0.5512994466464669,0.5451821287178193,0.47900404112288036,0.55129569337008,0.7361607089717399,0.2988579988748574,0.08634430873781071,0.05571824372675358,0.21396109953147996,0.19356937036261293,0.0,0.0,0.0,0.0,0.0,0.0,0.0,0.15084684753177097,0.0,0.0,0.0,0.0,0.2546635280670755,0.48622392815906823,0.48622170532530573,0.25465628175197613,0.0,0.0,0.0,0.0,0.15086853865100416,0.0,0.0,0.0,0.0,0.0,0.0,0.0,0.0,0.03821265395990665,0.0,0.0,0.0,0.0,0.0,0.0,0.0,0.0,0.0,0.0,0.0,0.0,0.0,0.0,0.0,0.0,0.0,0.0,0.0,0.0,0.0,0.0,0.0,0.0,0.0,0.10466232832813971,0.0,0.0,0.0,0.0,0.0,0.0,0.0,0.0,0.0
0.2148555018100408,0.05025475027239847,0.0,0.0,0.0,0.06057816279581643,0.47640589482084444,0.5523349989609245,0.3124255435840874,0.1031085146629904,0.5421405704733743,0.7361608133774785,1.0,0.7473477266865396,0.3048086749306982,0.21597536806164275,0.311962438118074,0.543504378986547,0.08381373001302063,0.0,0.0,0.0,0.03279411185140783,0.0,0.0,0.0,0.0,0.0,0.0,0.0,0.0,0.0,0.0,0.0,0.14253393101941242,0.49138175270128454,0.6858891543156787,0.39334660800858157,0.035348443274746684,0.0,0.0,0.0,0.0,0.03751273135841107,0.0,0.0,0.0,0.0,0.0,0.0,0.0,0.0,0.0,0.0,0.0,0.0,0.0,0.0,0.0,0.0,0.0,0.0,0.0,0.0,0.0,0.0,0.0,0.0,0.0,0.0,0.0,0.0,0.0,0.0,0.0,0.0,0.0,0.0,0.0,0.0,0.0,0.0,0.0,0.0,0.0,0.0,0.0,0.0
0.3048884424572118,0.08935912932396319,0.0,0.0,0.0,0.2150635531802451,0.5430510872772786,0.7361457948206827,0.5431637670989142,0.3114714053605972,0.4746538576948751,0.5512994466464669,0.7473477266865396,1.0,0.21184456857536263,0.05938007795829939,0.10276804595965106,0.3119648437188396,0.038304905376604255,0.0,0.0,0.0,0.05105987373086088,0.0,0.0,0.0,0.0,0.0,0.0,0.0,0.0,0.0,0.0,0.03564847732505921,0.3942106650827191,0.6859161496646695,0.49147416898673796,0.1415405919421537,0.0,0.0,0.0,0.0,0.0,0.09344855821904523,0.0,0.0,0.0,0.0,0.0,0.0,0.0,0.0,0.0,0.0,0.0,0.0,0.0,0.0,0.0,0.0,0.0,0.0,0.0,0.0,0.0,0.0,0.0,0.0,0.0,0.0,0.0,0.0,0.0,0.0,0.0,0.0,0.0,0.0,0.0,0.0,0.0,0.0,0.0,0.0,0.0,0.0,0.0,0.0
0.40777334347379646,0.42068689346335003,0.18610009095319402,0.0,0.0,0.15347815289738903,0.5198474682200548,0.2935219794019531,0.07141906963362148,0.017344613861033323,0.7308284863649721,0.5451821287178193,0.3048086749306982,0.21184456857536263,1.0,0.7368553203558924,0.5430596034308528,0.47641921344421245,0.7298268660638301,0.5375667357536331,0.4701944941239756,0.5418870475803407,0.5328169042338796,0.29710895079883165,0.20230650607583817,0.29731018951230165,0.08015958988319732,0.08086559176497833,0.0,0.0,0.4246449261177461,0.0,0.0,0.0,0.0,0.0,0.03540098356135812,0.16284927422295115,0.2498257088233311,0.2499214055448938,0.15642373736613632,0.02547686770131236,0.0,0.37593719640254325,0.0,0.0,0.0,0.0,0.0,0.0,0.0,0.07134169607977653,0.2268347602589776,0.1496172301161499,0.0,0.0,0.0,0.018588019262038916,0.0,0.0,0.0,0.0,0.0,0.0,0.0,0.0,0.0,0.0,0.0,0.0,0.0,0.0,0.0,0.0,0.0,0.0,0.0,0.07344077500797985,0.2248255193124,0.0,0.0,0.0,0.0,0.0,0.0,0.0,0.0,0.0
0.17137344693022444,0.2213649289569184,9.990190771952605e-05,0.0,0.0,0.0,0.2935014082393556,0.08717880081892115,0.0,0.0,0.5433926583806994,0.47900404112288036,0.21597536806164275,0.05938007795829939,0.7368553203558924,1.0,0.7361496556825566,0.552339664320665,0.545555625565107,0.4766005853475386,0.5487902791686526,0.7348688131936332,0.30536066774485193,0.09638577055000616,0.05774727101095056,0.21493382566817534,0.0,0.0,0.0,0.0,0.2706363317422634,0.0,0.0,0.0,0.0,0.0,0.0,0.2557691035160925,0.48571854325795843,0.48595159979496866,0.2524072770850894,0.0,0.0,0.12428862314672867,0.0,0.0,0.0,0.0,0.0,0.015810909754290964,0.07352218422525819,0.26235957808377064,0.35508157806055923,0.2193679263604917,0.0,0.0,0.041037505964097595,0.2421595628945989,0.0,0.0,0.0,0.0,0.0,0.0,0.0,0.0,0.0,0.0,0.0,0.0,0.0,0.0,0.0,0.0,0.0,0.0,0.0,0.0795021198228885,0.33484788979164193,0.19475749847953785,0.0,0.0,0.0,0.0,0.0,0.0,0.0,0.0
0.03825235612680362,0.05097102307810731,0.0,0.0,0.0,0.0,0.21181744979697298,0.059367590986254215,0.0,0.0,0.47464758129672624,0.55129569337008,0.311962438118074,0.10276804595965106,0.5430596034308528,0.7361496556825566,1.0,0.7473461885023974,0.30489530633125317,0.2150590919976708,0.31146531316545245,0.5431613250043177,0.08936339104889465,0.0,0.0,0.0,0.0,0.0,0.0,0.0,0.09335111867606957,0.0,0.0,0.0,0.0,0.0,0.1415411258110735,0.4914698729489416,0.6859131567644243,0.39420627513648354,0.03564065551549817,0.0,0.0,0.0,0.0,0.0,0.0,0.0,0.0,0.0,0.024716271178583393,0.2474138484175587,0.29524265257232546,0.1002878598802038,0.0,0.0,0.13453141920795125,0.3178656979613695,0.0,0.0,0.0,0.0,0.0,0.0,0.0,0.0,0.0,0.0,0.0,0.0,0.0,0.0,0.0,0.0,0.0,0.0,0.0,0.0,0.31093669814915254,0.32297730168388,0.0,0.0,0.0,0.0,0.0,0.0,0.0,0.0
0.08378344502713529,0.032746554779613975,0.0,0.0,0.0,0.0,0.3047902047996172,0.21596856783349014,0.0,0.0,0.5421398779481189,0.7361607089717399,0.543504378986547,0.3119648437188396,0.47641921344421245,0.552339664320665,0.7473461885023974,1.0,0.21486629425194065,0.060577254801987175,0.10310394970851637,0.3124236174431237,0.05026527737977573,0.0,0.0,0.0,0.0,0.0,0.0,0.0,0.03746569543256814,0.0,0.0,0.0,0.0,0.035355313456224065,0.39334740661631895,0.6858852102715891,0.49137617690711244,0.14252865590110053,0.0,0.0,0.0,0.0,0.0,0.0,0.0,0.0,0.0,0.0,0.0,0.04718451013001497,0.12516685403747366,0.0,0.0,0.0,0.0,0.1367330150006013,0.0,0.0,0.0,0.0,0.0,0.0,0.0,0.0,0.0,0.0,0.0,0.0,0.0,0.0,0.0,0.0,0.0,0.0,0.0,0.0,0.17932479270479593,0.18214793218902184,0.0,0.0,0.0,0.0,0.0,0.0,0.0,0.0
0.38388737237387316,0.4315440727392667,0.2491191554610629,0.06569660391705047,0.03198317860594398,0.1616373807615519,0.407810155917521,0.17143164026076052,0.0,0.0,0.5221703305594112,0.2988579988748574,0.08381373001302063,0.038304905376604255,0.7298268660638301,0.545555625565107,0.30489530633125317,0.21486629425194065,1.0,0.7350235246443436,0.5420724020279353,0.4771889904852271,0.7383164086407135,0.5469837091969094,0.47239740671435754,0.5435402608410624,0.15783666742893943,0.3056191053661221,0.006900802568336863,0.07162693195219758,0.3982205129996263,0.0,0.0,0.0,0.0,0.0,0.0,0.0,0.03456276633746513,0.1632487275853223,0.24827105785811046,0.25014467457542433,0.15870276299704794,0.4860083808424128,0.0,0.0,0.0,0.0,0.0,0.0,0.0,0.0,0.10252649959298589,0.08905064079298154,0.0,0.0,0.0,0.0,0.0,0.0,0.0,0.0,0.0,0.0,0.0,0.0,0.0,0.0,0.0,0.0,0.0,0.0,0.0,0.0,0.0,0.0,0.0,0.030752049867988646,0.05343725271444735,0.0,0.0,0.0,0.0,0.0,0.0,0.0,0.0,0.0
0.16163612490772275,0.27453853697722963,0.1458042060283518,0.0,0.0,0.0,0.15350972636010693,0.0,0.0,0.0,0.28587400076285274,0.08634430873781071,0.0,0.0,0.5375667357536331,0.4766005853475386,0.2150590919976708,0.060577254801987175,0.7350235246443436,1.0,0.7354859311427415,0.5524511656975366,0.5500732614043792,0.48131885580025774,0.5489905774170483,0.7375414125904681,0.13232872244661792,0.21596743310706093,0.03612791723570586,0.0,0.2721574767850818,0.0,0.0,0.0,0.0,0.0,0.0,0.0,0.0,0.2559102576559681,0.48482899735149243,0.48746109475846944,0.2529393985436684,0.2543356033948431,0.0,0.0,0.0,0.0,0.0,0.011754955887650301,0.0,0.008188200189325366,0.12980887523625456,0.14213970170584614,0.0,0.0,0.0,0.0,0.0,0.0,0.0,0.0,0.0,0.0,0.0,0.0,0.0,0.0,0.0,0.0,0.0,0.14771906082438732,0.0,0.23421560946423364,0.0,0.0,0.0,0.04870112666886861,0.021920817251445988,0.0,0.0,0.0,0.0,0.0,0.0,0.0,0.0,0.016623016104129935
0.0,0.13010741560948677,0.0,0.0,0.0,0.0,0.017345184611116074,0.0,0.0,0.0,0.2024506911310765,0.05571824372675358,0.0,0.0,0.4701944941239756,0.5487902791686526,0.31146531316545245,0.10310394970851637,0.5420724020279353,0.7354859311427415,1.0,0.7479064627605435,0.30804312022843283,0.21788950317898184,0.30905580541245964,0.5428807480560028,0.020541925450784246,0.0,0.0,0.0,0.17525651082996244,0.0,0.0,0.0,0.0,0.0,0.0,0.0,0.14237442075192178,0.49261898832984646,0.6859459663335703,0.39210381114163084,0.03310125201765998,0.03156321376169703,0.08920929152879326,0.0,0.0,0.0,0.0,0.14440391983783926,0.14544235901694907,0.21226381247519743,0.2757866439425635,0.24976711713054425,0.009950427315079257,0.0,0.0,0.08974278850862676,0.0,0.0,0.0,0.0,0.0,0.0,0.0,0.0,0.18988883950898958,0.13761084342057736,0.0,0.0,0.0,0.27263708881459525,0.0,0.2939872525278011,0.0,0.0,0.0,0.09361013323562724,0.13452679058117903,0.0,0.0,0.0,0.0,0.0,0.0,0.0,0.0,0.2464431909514997
0.0,0.1033359330432802,0.0,0.0,0.0,0.0,0.07140120380122313,0.0,0.0,0.0,0.2998807327524879,0.21396109953147996,0.0,0.0,0.5418870475803407,0.7348688131936332,0.5431613250043177,0.3124236174431237,0.4771889904852271,0.5524511656975366,0.7479064627605435,1.0,0.21893978034397688,0.06676594014137462,0.10367163109047879,0.3141926883742628,0.0,0.0,0.0,0.0,0.16880328178089854,0.0,0.0,0.0,0.0,0.0,0.0,0.036572771306528175,0.39315722172724027,0.685856406264988,0.49192247392007776,0.14187476612114028,0.0,0.0,0.10679619135165118,0.0,0.0,0.0,0.0,0.13628505022352033,0.22699348102626493,0.35214966690778926,0.38990013405818374,0.28086767444207766,0.10285713334719754,0.03222793446621056,0.11632546182050209,0.28697444429474633,0.0,0.0,0.0,0.0,0.0,0.0,0.0,0.0,0.12930147919241153,0.013324208695237542,0.0,0.0,0.0,0.09255847153279358,0.0,0.07372647063953389,0.0,0.0,0.0,0.09888504612933384,0.2844174400248867,0.16728312883075055,0.0,0.0,0.0,0.0,0.0,0.0,0.0,0.20590120642036575
0.43164237691159424,0.412873585058127,0.2626147159846905,0.1459449150580957,0.1525222538375801,0.27464009583085663,0.4207877792322626,0.2214854125020397,0.10347838179130611,0.13024310470184258,0.4317713333950743,0.19356937036261293,0.03279411185140783,0.05105987373086088,0.5328169042338796,0.30536066774485193,0.08936339104889465,0.05026527737977573,0.7383164086407135,0.5500732614043792,0.30804312022843283,0.21893978034397688,1.0,0.7425836049353508,0.5485805283725913,0.48344340800681024,0.12123634302586635,0.5479773816438814,0.0,0.32376466868802023,0.29029146940822215,0.0,0.0,0.0,0.0,0.0,0.0,0.0,0.0,0.0,0.035851718482893175,0.1694120619386369,0.25472149055936866,0.6868670611565404,0.0,0.0,0.0,0.0,0.0,0.0,0.0,0.0,0.0,0.0,0.0,0.0,0.0,0.0,0.0,0.0,0.0,0.0,0.0,0.0,0.0,0.0,0.0,0.0,0.0,0.0,0.0,0.0,0.0,0.0,0.0,0.0,0.0,0.0,0.0,0.0,0.0,0.0,0.0,0.0,0.0,0.0,0.0,0.0
0.2492636919876339,0.2626713102534338,0.18672095141690054,0.1038187843631228,0.0858973950960157,0.14597016098480123,0.18621660688657363,0.00023860895116946645,0.0,0.0,0.1751047316266512,0.0,0.0,0.0,0.29710895079883165,0.09638577055000616,0.0,0.0,0.5469837091969094,0.48131885580025774,0.21788950317898184,0.06676594014137462,0.7425836049353508,1.0,0.7375063653537459,0.5546019401975478,0.07745479915368866,0.7344811903383828,0.0,0.49120858727674194,0.11994273803645741,0.0,0.0,0.0,0.0,0.0,0.0,0.0,0.0,0.0,0.0,0.2581112524277837,0.4850343310465641,0.49269358850895967,0.0,0.0,0.0,0.0,0.0,0.0,0.0,0.0,0.0,0.0,0.0,0.0,0.0,0.0,0.0,0.0,0.0,0.0,0.0,0.0,0.0,0.0,0.0,0.0,0.0,0.0,0.0,0.0,0.0,0.0,0.0,0.0,0.0,0.0,0.0,0.0,0.0,0.0,0.0,0.0,0.0,0.0,0.0,0.0
0.06582207929810271,0.14598910892647995,0.10380178266532981,0.0,0.0,0.0,0.0,0.0,0.0,0.0,0.01995492612393693,0.0,0.0,0.0,0.20230650607583817,0.05774727101095056,0.0,0.0,0.47239740671435754,0.5489905774170483,0.30905580541245964,0.10367163109047879,0.5485805283725913,0.7375063653537459,1.0,0.7454817401386566,0.06864798472902107,0.543031467796811,0.0,0.31987324358364444,0.04288759050454996,0.0,0.0,0.0,0.0,0.0,0.0,0.0,0.0,0.0,0.13647305939702564,0.49147091030888557,0.6862556810478414,0.2561480479165388,0.0,0.0,0.0,0.0,0.0,0.0,0.0,0.0,0.0,0.0,0.0,0.0,0.0,0.0,0.0,0.0,0.0,0.0,0.0,0.0,0.0,0.0,0.0,0.0,0.0,0.0,0.0,0.0,0.0,0.1421867591660974,0.0,0.0,0.0,0.0,0.0,0.0,0.0,0.0,0.0,0.0,0.0,0.0,0.0,0.0
0.03204117208221903,0.15249146740621375,0.0857958563594484,0.0,0.0,0.0,0.0,0.0,0.0,0.0,0.06692348065338109,0.0,0.0,0.0,0.29731018951230165,0.21493382566817534,0.0,0.0,0.5435402608410624,0.7375414125904681,0.5428807480560028,0.3141926883742628,0.48344340800681024,0.5546019401975478,0.7454817401386566,1.0,0.09454886294987919,0.3120638579276094,0.01774294304927572,0.07804866265745534,0.10812481910533793,0.0,0.0,0.0,0.0,0.0,0.0,0.0,0.0,0.03783770463294482,0.3900374386519288,0.6859243931231253,0.4894677521736265,0.17053396287179845,0.0,0.0,0.0,0.0,0.0,0.0,0.0,0.0,0.0,0.0,0.0,0.0,0.0,0.0,0.0,0.0,0.0,0.0,0.0,0.0,0.0,0.0,0.0,0.0,0.0,0.0,0.0,0.1988916977925266,0.0,0.3381032272300277,0.0,0.0,0.0,0.0,0.0,0.0,0.0,0.0,0.0,0.0,0.0,0.0,0.0,0.0
0.30561789908127446,0.5479796109671534,0.7344837179366569,0.5430333414974454,0.3120670974895288,0.21596829758427422,0.0808611903419319,0.0,0.0,0.0,0.01220947245827158,0.0,0.0,0.0,0.08015958988319732,0.0,0.0,0.0,0.15783666742893943,0.13232872244661792,0.020541925450784246,0.0,0.12123634302586635,0.07745479915368866,0.06864798472902107,0.09454886294987919,1.0,0.0,0.756725043163015,0.0,0.39975108413415694,0.3893237706275029,0.03550268879976193,0.0,0.0,0.0,0.0,0.0,0.0,0.0,0.0,0.0,0.0,0.0,0.0,0.0,0.0,0.0,0.19676992559382134,0.1414446841391631,0.0,0.0,0.0804603315060569,0.2625964911093714,0.0,0.0,0.0,0.0,0.0,0.0,0.0,0.0,0.0,0.0,0.0,0.0,0.0,0.0,0.0,0.0,0.0,0.0,0.0,0.0,0.0,0.0,0.25270903016523344,0.3356754538274308,0.0,0.0,0.0,0.0,0.0,0.0,0.0,0.0,0.0,0.0
0.15802288419591998,0.12133679336474594,0.07751463735829232,0.06873661034120278,0.09473042446116538,0.13256606892686681,0.08029712889609301,0.0,0.0,0.020811141798901346,0.012249141269777993,0.0,0.0,0.0,0.08086559176497833,0.0,0.0,0.0,0.3056191053661221,0.21596743310706093,0.0,0.0,0.5479773816438814,0.7344811903383828,0.543031467796811,0.3120638579276094,0.0,1.0,0.0,0.756725790062603,0.0,0.0,0.0,0.0,0.0,0.0,0.0,0.0,0.0,0.0,0.0,0.035499874446100865,0.3893229582719347,0.3997573768830406,0.0,0.0,0.0,0.0,0.0,0.0,0.0,0.0,0.0,0.0,0.0,0.0,0.0,0.0,0.0,0.0,0.0,0.0,0.0,0.0,0.0,0.0,0.0,0.0,0.0,0.0,0.0,0.0,0.0,0.0,0.0,0.0,0.0,0.0,0.0,0.0,0.0,0.0,0.0,0.0,0.0,0.0,0.0,0.0
0.07162521889148767,0.3237660490499934,0.49121034760796217,0.3198748896340705,0.0780512093423848,0.0,0.0,0.0,0.0,0.0,0.0,0.0,0.0,0.0,0.0,0.0,0.0,0.0,0.006900802568336863,0.03612791723570586,0.0,0.0,0.0,0.0,0.0,0.01774294304927572,0.756725043163015,0.0,1.0,0.0,0.23312619251348035,0.22326055380808046,0.0,0.0,0.0,0.0,0.0,0.0,0.0,0.0,0.0,0.0,0.0,0.0,0.0,0.0,0.0,0.14885711762650905,0.35276097354416575,0.23828218457687808,0.0,0.0,0.06345294657944443,0.2976781844306678,0.0,0.0,0.0,0.0,0.0,0.0,0.0,0.0,0.0,0.0,0.0,0.0,0.0,0.0,0.0,0.0,0.0,0.0,0.0,0.0,0.0,0.009826787313108883,0.4250223587922364,0.35049481580117536,0.0,0.0,0.0,0.0,0.0,0.0,0.0,0.0,0.0,0.0
0.007109860248445522,0.0,0.0,0.0,0.017986337195174045,0.03641084644800688,0.0,0.0,0.0,0.0,0.0,0.0,0.0,0.0,0.0,0.0,0.0,0.0,0.07162693195219758,0.0,0.0,0.0,0.32376466868802023,0.49120858727674194,0.31987324358364444,0.07804866265745534,0.0,0.756725790062603,0.0,1.0,0.0,0.0,0.0,0.0,0.0,0.0,0.0,0.0,0.0,0.0,0.0,0.0,0.22325968479302952,0.23313428155612617,0.0,0.0,0.0,0.0,0.0,0.0,0.0,0.0,0.0,0.0,0.0,0.0,0.0,0.0,0.0,0.0,0.0,0.0,0.0,0.0,0.0,0.0,0.0,0.0,0.0,0.0,0.0,0.0,0.0,0.0,0.0,0.0,0.0,0.0,0.0,0.0,0.0,0.0,0.0,0.0,0.0,0.0,0.0,0.0
0.4860142632377268,0.6868674368988573,0.49269275128835194,0.2561455252198113,0.17053827918376532,0.2543404228930656,0.37593982286377886,0.12429179522408484,0.0,0.03157069407423712,0.3754060600835684,0.15084684753177097,0.0,0.0,0.4246449261177461,0.2706363317422634,0.09335111867606957,0.03746569543256814,0.3982205129996263,0.2721574767850818,0.17525651082996244,0.16880328178089854,0.29029146940822215,0.11994273803645741,0.04288759050454996,0.10812481910533793,0.39975108413415694,0.0,0.23312619251348035,0.0,1.0,0.0,0.0,0.0,0.0,0.0,0.0,0.0,0.0,0.0,0.0,0.0,0.0,0.1670546745852283,0.0,0.0,0.0,0.0,0.0,0.023441150692201426,0.0,0.0,0.2577553408792286,0.3170321422433737,0.0,0.0,0.0,0.0,0.0,0.0,0.0,0.0,0.0,0.0,0.0,0.0,0.0,0.0,0.0,0.0,0.0,0.0,0.0,0.0,0.0,0.0,0.0,0.3473219048699293,0.21678043858445797,0.0,0.0,0.0,0.0,0.0,0.0,0.0,0.0,0.0
0.15869825110171662,0.2547221052930694,0.48503095771906496,0.6862567193480358,0.4894682370663264,0.2529391964299112,0.0,0.0,0.0,0.033110123095206764,0.0,0.0,0.0,0.0,0.0,0.0,0.0,0.0,0.0,0.0,0.0,0.0,0.0,0.0,0.0,0.0,0.3893237706275029,0.0,0.22326055380808046,0.0,0.0,1.0,0.40669210619900775,0.0,0.0,0.0,0.0,0.0,0.0,0.0,0.0,0.0,0.0,0.0,0.0,0.0,0.0,0.0,0.0,0.0,0.0,0.0,0.0,0.0,0.0,0.0,0.0,0.0,0.0,0.0,0.0,0.0,0.0,0.0,0.0,0.0,0.0,0.0,0.0,0.0,0.0,0.0,0.0,0.0,0.0,0.0,0.0,0.0,0.0,0.0,0.0,0.0,0.0,0.0,0.0,0.0,0.0,0.0
0.25014599188252173,0.1694168604947932,0.2581114807637671,0.491472515052858,0.6859254596879765,0.4874653241319448,0.02548135894170989,0.0,0.141893213092108,0.39211653853058764,0.0,0.0,0.0,0.0,0.0,0.0,0.0,0.0,0.0,0.0,0.0,0.0,0.0,0.0,0.0,0.0,0.03550268879976193,0.0,0.0,0.0,0.0,0.40669210619900775,1.0,0.4191354907892905,0.0,0.0,0.0,0.0,0.0,0.0,0.0,0.0,0.0,0.0,0.0,0.0,0.0,0.0,0.0,0.0,0.0,0.0,0.0,0.0,0.0,0.0,0.0,0.0,0.0,0.0,0.0,0.0,0.0,0.0,0.0,0.0,0.0,0.0,0.0,0.0,0.0,0.0,0.0,0.0,0.0,0.0,0.0,0.0,0.0,0.0,0.0,0.0,0.0,0.0,0.0,0.0,0.0,0.0
0.24826867299009892,0.03585341408020544,0.0,0.13648099792503526,0.39004473222326874,0.4848299023033795,0.1564257904917932,0.2524130436857727,0.4919265132308573,0.6859442900421988,0.0,0.0,0.0,0.03564847732505921,0.0,0.0,0.0,0.0,0.0,0.0,0.0,0.0,0.0,0.0,0.0,0.0,0.0,0.0,0.0,0.0,0.0,0.0,0.4191354907892905,1.0,0.40867876874992437,0.0,0.0,0.0,0.0,0.0,0.0,0.0,0.0,0.0,0.0,0.0,0.0,0.0,0.0,0.0,0.0,0.0,0.0,0.0,0.0,0.0,0.0,0.0,0.0,0.0,0.0,0.0,0.0,0.0,0.0,0.0,0.0,0.0,0.0,0.0,0.0,0.0,0.0,0.0,0.0,0.0,0.0,0.0,0.0,0.0,0.0,0.0,0.0,0.0,0.0,0.0,0.0,0.0
0.16324286400083537,0.0,0.0,0.0,0.03785072279135846,0.2559127941339405,0.2499203000686269,0.48595336769210845,0.6858553125108432,0.49262018317213374,0.03131661164780606,0.0,0.14253393101941242,0.3942106650827191,0.0,0.0,0.0,0.0,0.0,0.0,0.0,0.0,0.0,0.0,0.0,0.0,0.0,0.0,0.0,0.0,0.0,0.0,0.0,0.40867876874992437,1.0,0.42564413824525,0.0,0.0,0.0,0.0,0.0,0.0,0.0,0.0,0.0,0.0,0.0,0.0,0.0,0.0,0.0,0.0,0.0,0.0,0.0,0.0,0.0,0.0,0.0,0.0,0.0,0.0,0.0,0.0,0.0,0.0,0.0,0.0,0.0,0.0,0.0,0.0,0.0,0.0,0.0,0.0,0.0,0.0,0.0,0.0,0.0,0.0,0.0,0.0,0.0,0.0,0.0,0.0
0.0345610632971478,0.0,0.0,0.0,0.0,0.0,0.249821511692493,0.48571819605979166,0.39316250621416954,0.14238517331634828,0.1611040277541118,0.2546635280670755,0.49138175270128454,0.6859161496646695,0.0,0.0,0.0,0.035355313456224065,0.0,0.0,0.0,0.0,0.0,0.0,0.0,0.0,0.0,0.0,0.0,0.0,0.0,0.0,0.0,0.0,0.42564413824525,1.0,0.4065331095147612,0.0,0.0,0.0,0.0,0.0,0.0,0.0,0.0,0.0,0.0,0.0,0.0,0.0,0.0,0.0,0.0,0.0,0.0,0.0,0.0,0.0,0.0,0.0,0.0,0.0,0.0,0.0,0.0,0.0,0.0,0.0,0.0,0.0,0.0,0.0,0.0,0.0,0.0,0.0,0.0,0.0,0.0,0.0,0.0,0.0,0.0,0.0,0.0,0.0,0.0,0.0
0.0,0.0,0.0,0.0,0.0,0.0,0.1628396436365743,0.25576777736387735,0.03657872507356574,0.0,0.24914310758680452,0.48622392815906823,0.6858891543156787,0.49147416898673796,0.03540098356135812,0.0,0.1415411258110735,0.39334740661631895,0.0,0.0,0.0,0.0,0.0,0.0,0.0,0.0,0.0,0.0,0.0,0.0,0.0,0.0,0.0,0.0,0.0,0.4065331095147612,1.0,0.4240486124095969,0.0,0.0,0.0,0.0,0.0,0.0,0.0,0.0,0.0,0.0,0.0,0.0,0.0,0.0,0.0,0.0,0.0,0.0,0.0,0.0,0.0,0.0,0.0,0.0,0.0,0.0,0.0,0.0,0.0,0.0,0.0,0.0,0.0,0.0,0.0,0.0,0.0,0.0,0.0,0.0,0.0,0.0,0.0,0.0,0.0,0.0,0.0,0.0,0.0,0.0
0.0,0.0,0.0,0.0,0.0,0.0,0.03537979680907073,0.0,0.0,0.0,0.24913978174437568,0.48622170532530573,0.39334660800858157,0.1415405919421537,0.16284927422295115,0.2557691035160925,0.4914698729489416,0.6858852102715891,0.0,0.0,0.0,0.036572771306528175,0.0,0.0,0.0,0.0,0.0,0.0,0.0,0.0,0.0,0.0,0.0,0.0,0.0,0.0,0.4240486124095969,1.0,0.4065236449183974,0.0,0.0,0.0,0.0,0.0,0.0,0.0,0.0,0.0,0.0,0.0,0.0,0.0,0.0,0.0,0.0,0.0,0.0,0.0,0.0,0.0,0.0,0.0,0.0,0.0,0.0,0.0,0.0,0.0,0.0,0.0,0.0,0.0,0.0,0.0,0.0,0.0,0.0,0.0,0.0,0.050208684008397474,0.0,0.0,0.0,0.0,0.0,0.0,0.0,0.0
0.0,0.0,0.0,0.0,0.0,0.0,0.0,0.0,0.0,0.0,0.1610948183500246,0.25465628175197613,0.035348443274746684,0.0,0.2498257088233311,0.48571854325795843,0.6859131567644243,0.49137617690711244,0.03456276633746513,0.0,0.14237442075192178,0.39315722172724027,0.0,0.0,0.0,0.0,0.0,0.0,0.0,0.0,0.0,0.0,0.0,0.0,0.0,0.0,0.0,0.4065236449183974,1.0,0.4256356476333741,0.0,0.0,0.0,0.0,0.0,0.0,0.0,0.0,0.0,0.0,0.0,0.2618472749092216,0.22939259365362016,0.0,0.0,0.0,0.2345684103860959,0.42067700693809706,0.0,0.0,0.0,0.0,0.0,0.0,0.0,0.0,0.0,0.0,0.0,0.0,0.0,0.0,0.0,0.0,0.0,0.0,0.0,0.0,0.20678581872104518,0.4084687824945731,0.04414948800592666,0.0,0.0,0.0,0.0,0.0,0.0,0.0
0.0,0.0,0.0,0.0,0.0,0.0,0.0,0.0,0.0,0.0,0.031309528199853096,0.0,0.0,0.0,0.2499214055448938,0.48595159979496866,0.39420627513648354,0.14252865590110053,0.1632487275853223,0.2559102576559681,0.49261898832984646,0.685856406264988,0.0,0.0,0.0,0.03783770463294482,0.0,0.0,0.0,0.0,0.0,0.0,0.0,0.0,0.0,0.0,0.0,0.0,0.4256356476333741,1.0,0.4086727016489481,0.0,0.0,0.0,0.07744428594981773,0.0,0.0,0.0,0.0,0.039111697024830964,0.2937965600676296,0.43186564583140563,0.3708332931484243,0.18284024022811357,0.19241270575443303,0.12834352748163624,0.22045956561292634,0.3921815202596333,0.0,0.0,0.0,0.0,0.0,0.0,0.0,0.0,0.1379372054220553,0.0,0.0,0.0,0.0,0.0,0.0,0.0,0.0,0.0,0.0,0.0,0.19635993619985764,0.19476666155796837,0.0,0.0,0.0,0.0,0.0,0.0,0.0,0.22960769691387337
0.0,0.0,0.0,0.0,0.0,0.0,0.0,0.0,0.0,0.0,0.0,0.0,0.0,0.0,0.15642373736613632,0.2524072770850894,0.03564065551549817,0.0,0.24827105785811046,0.48482899735149243,0.6859459663335703,0.49192247392007776,0.035851718482893175,0.0,0.13647305939702564,0.3900374386519288,0.0,0.0,0.0,0.0,0.0,0.0,0.0,0.0,0.0,0.0,0.0,0.0,0.0,0.4086727016489481,1.0,0.4191165116024056,0.0,0.0,0.037778201130547265,0.0,0.0,0.0,0.0,0.06368712704385841,0.0869815407991766,0.09156882993312822,0.11943212341444526,0.11860508430118546,0.0,0.0,0.0,0.0,0.0,0.0,0.0,0.0,0.0030459087142401444,0.0,0.0,0.0,0.3062290977259404,0.2739375238365554,0.0,0.0,0.0,0.44764987478826207,0.0,0.4458786230375458,0.0,0.0,0.0,0.0,0.0,0.0,0.0,0.0,0.0,0.0,0.0,0.0,0.0,0.3453556217980087
0.0,0.0,0.0,0.0,0.0,0.0,0.0,0.0,0.0,0.0,0.0,0.0,0.0,0.0,0.02547686770131236,0.0,0.0,0.0,0.25014467457542433,0.48746109475846944,0.39210381114163084,0.14187476612114028,0.1694120619386369,0.2581112524277837,0.49147091030888557,0.6859243931231253,0.0,0.035499874446100865,0.0,0.0,0.0,0.0,0.0,0.0,0.0,0.0,0.0,0.0,0.0,0.0,0.4191165116024056,1.0,0.4066915881974641,0.0,0.0,0.0,0.0,0.0,0.0,0.0,0.0,0.0,0.0,0.0,0.0,0.0,0.0,0.0,0.0,0.0,0.0,0.0,0.0,0.0,0.0,0.0,0.0,0.011428655550629501,0.0,0.0,0.0,0.3271922417838034,0.0,0.5236674527033046,0.0,0.0,0.0,0.0,0.0,0.0,0.0,0.0,0.0,0.0,0.0,0.0,0.0,0.0
0.0,0.0,0.0,0.0,0.0,0.0,0.0,0.0,0.0,0.0,0.0,0.0,0.0,0.0,0.0,0.0,0.0,0.0,0.15870276299704794,0.2529393985436684,0.03310125201765998,0.0,0.25472149055936866,0.4850343310465641,0.6862556810478414,0.4894677521736265,0.0,0.3893229582719347,0.0,0.22325968479302952,0.0,0.0,0.0,0.0,0.0,0.0,0.0,0.0,0.0,0.0,0.0,0.4066915881974641,1.0,0.0,0.0,0.0,0.0,0.0,0.0,0.0,0.0,0.0,0.0,0.0,0.0,0.0,0.0,0.0,0.0,0.0,0.0,0.0,0.0,0.0,0.0,0.0,0.0,0.0,0.0,0.0,0.0,0.0,0.0,0.009763333183444052,0.0,0.0,0.0,0.0,0.0,0.0,0.0,0.0,0.0,0.0,0.0,0.0,0.0,0.0
0.39834519210109676,0.29031763772016334,0.11992740019735788,0.04288448780133248,0.10818999534896458,0.2722939450546865,0.4247637997391013,0.2707807595246514,0.16897776361413344,0.17542775269634173,0.3754348357980749,0.15086853865100416,0.03751273135841107,0.09344855821904523,0.37593719640254325,0.12428862314672867,0.0,0.0,0.4860083808424128,0.2543356033948431,0.03156321376169703,0.0,0.6868670611565404,0.49269358850895967,0.2561480479165388,0.17053396287179845,0.0,0.3997573768830406,0.0,0.23313428155612617,0.1670546745852283,0.0,0.0,0.0,0.0,0.0,0.0,0.0,0.0,0.0,0.0,0.0,0.0,1.0,0.0,0.0,0.0,0.0,0.0,0.0,0.0,0.0,0.0,0.0,0.0,0.0,0.0,0.0,0.0,0.0,0.0,0.0,0.0,0.0,0.0,0.0,0.0,0.0,0.0,0.0,0.0,0.0,0.0,0.0,0.0,0.0,0.0,0.0,0.0,0.0,0.0,0.0,0.0,0.0,0.0,0.0,0.0,0.0
0.0,0.0,0.0,0.0,0.0,0.0,0.0,0.0,0.0,0.0,0.0,0.0,0.0,0.0,0.0,0.0,0.0,0.0,0.0,0.0,0.08920929152879326,0.10679619135165118,0.0,0.0,0.0,0.0,0.0,0.0,0.0,0.0,0.0,0.0,0.0,0.0,0.0,0.0,0.0,0.0,0.0,0.07744428594981773,0.037778201130547265,0.0,0.0,0.0,1.0,0.7383144248504362,0.5469811826497465,0.4723919379906229,0.5435390665803478,0.7350220447998668,0.7298258786075827,0.545550818813285,0.4771842083451673,0.5420714386230909,0.5221526996328835,0.29883995005366953,0.2148555018100408,0.3048884424572118,0.40777334347379646,0.17137344693022444,0.03825235612680362,0.08378344502713529,0.38388737237387316,0.16163612490772275,0.0,0.0,0.43164237691159424,0.2492636919876339,0.06582207929810271,0.03204117208221886,0.30561789908127446,0.15802288419591998,0.07162521889148767,0.007109860248445522,0.4860142632377267,0.15869825110171662,0.25014599188252173,0.248268672990099,0.16324286400083537,0.0345610632971478,0.0,0.0,0.0,0.0,0.0,0.0,0.0,0.39834519210109676
0.0,0.0,0.0,0.0,0.0,0.0,0.0,0.0,0.0,0.0,0.0,0.0,0.0,0.0,0.0,0.0,0.0,0.0,0.0,0.0,0.0,0.0,0.0,0.0,0.0,0.0,0.0,0.0,0.0,0.0,0.0,0.0,0.0,0.0,0.0,0.0,0.0,0.0,0.0,0.0,0.0,0.0,0.0,0.0,0.7383144248504362,1.0,0.7425867735663729,0.5485806157116395,0.4834470858061021,0.5500738340641992,0.532809963705606,0.3053563584641894,0.2189380607892159,0.30804523799384315,0.43173497653519977,0.193542113616282,0.05025475027239864,0.08935912932396319,0.42068689346335003,0.2213649289569184,0.05097102307810731,0.032746554779613975,0.4315440727392667,0.2745385369772296,0.13010741560948663,0.1033359330432802,0.412873585058127,0.2626713102534338,0.14598910892647995,0.15249146740621375,0.5479796109671534,0.12133679336474594,0.3237660490499934,0.0,0.6868674368988573,0.2547221052930694,0.1694168604947933,0.03585341408020544,0.0,0.0,0.0,0.0,0.0,0.0,0.0,0.0,0.0,0.29031763772016334
0.0,0.0,0.0,0.0,0.0,0.0,0.0,0.0,0.0,0.0,0.0,0.0,0.0,0.0,0.0,0.0,0.0,0.0,0.0,0.0,0.0,0.0,0.0,0.0,0.0,0.0,0.0,0.0,0.0,0.0,0.0,0.0,0.0,0.0,0.0,0.0,0.0,0.0,0.0,0.0,0.0,0.0,0.0,0.0,0.5469811826497465,0.7425867735663729,1.0,0.7375031084913297,0.5546021607327095,0.48131784807552924,0.29710457436419996,0.09638904778703311,0.06677076270501424,0.21789362007007523,0.17506825254922165,0.0,0.0,0.0,0.18610009095319402,9.990190771952605e-05,0.0,0.0,0.2491191554610629,0.14580420602835165,0.0,0.0,0.2626147159846905,0.18672095141690054,0.10380178266532981,0.0857958563594484,0.7344837179366569,0.07751463735829232,0.4912103476079621,0.0,0.4926927512883518,0.48503095771906496,0.2581114807637673,0.0,0.0,0.0,0.0,0.0,0.0,0.0,0.0,0.0,0.0,0.11992740019735788
0.0,0.0,0.0,0.0,0.0,0.0,0.0,0.0,0.0,0.0,0.0,0.0,0.0,0.0,0.0,0.0,0.0,0.0,0.0,0.0,0.0,0.0,0.0,0.0,0.0,0.0,0.0,0.0,0.14885711762650905,0.0,0.0,0.0,0.0,0.0,0.0,0.0,0.0,0.0,0.0,0.0,0.0,0.0,0.0,0.0,0.4723919379906229,0.5485806157116395,0.7375031084913297,1.0,0.7454823883136197,0.5489891816233627,0.2023005487113711,0.05775328436253218,0.10368070693050416,0.3090622591098739,0.019918184095742687,0.0,0.0,0.0,0.0,0.0,0.0,0.0,0.06569660391705047,0.0,0.0,0.0,0.1459449150580957,0.1038187843631228,0.0,0.0,0.5430333414974454,0.06873661034120278,0.3198748896340705,0.0,0.2561455252198112,0.6862567193480358,0.49147251505285805,0.1364809979250354,0.0,0.0,0.0,0.0,0.0,0.0,0.0,0.0,0.0,0.04288448780133248
0.0,0.0,0.0,0.0,0.0,0.0,0.0,0.0,0.0,0.0,0.0,0.0,0.0,0.0,0.0,0.0,0.0,0.0,0.0,0.0,0.0,0.0,0.0,0.0,0.0,0.0,0.19676992559382134,0.0,0.35276097354416575,0.0,0.0,0.0,0.0,0.0,0.0,0.0,0.0,0.0,0.0,0.0,0.0,0.0,0.0,0.0,0.5435390665803478,0.4834470858061021,0.5546021607327095,0.7454823883136197,1.0,0.737542365580221,0.29731058222486734,0.21494341618826915,0.3142035413682034,0.5428881898447206,0.066900919558881,0.0,0.0,0.0,0.0,0.0,0.0,0.0,0.03198317860594398,0.0,0.0,0.0,0.1525222538375801,0.0858973950960157,0.0,0.0,0.3120670974895288,0.09473042446116538,0.0780512093423848,0.017986337195174045,0.17053827918376524,0.4894682370663264,0.6859254596879765,0.39004473222326885,0.03785072279135846,0.0,0.0,0.0,0.0,0.0,0.0,0.0,0.0,0.10818999534896458
0.0,0.0,0.0,0.0,0.0,0.0,0.0,0.0,0.0,0.0,0.0,0.0,0.0,0.0,0.0,0.015810909754290964,0.0,0.0,0.0,0.011754955887650301,0.14440391983783926,0.13628505022352033,0.0,0.0,0.0,0.0,0.1414446841391631,0.0,0.23828218457687808,0.0,0.023441150692201426,0.0,0.0,0.0,0.0,0.0,0.0,0.0,0.0,0.039111697024830964,0.06368712704385841,0.0,0.0,0.0,0.7350220447998668,0.5500738340641992,0.48131784807552924,0.5489891816233627,0.737542365580221,1.0,0.537568651615926,0.476604763728682,0.5524542798145917,0.7354888198881765,0.28586069311261264,0.08633461050459142,0.06057816279581643,0.2150635531802451,0.15347815289738903,0.0,0.0,0.0,0.1616373807615519,0.0,0.0,0.0,0.27464009583085675,0.14597016098480123,0.0,0.0,0.21596829758427422,0.13256606892686681,0.0,0.03641084644800688,0.2543404228930656,0.25293919642991125,0.4874653241319448,0.4848299023033795,0.2559127941339405,0.0,0.0,0.0,0.0,0.0,0.0,0.0,0.0,0.27229394505468657
0.0,0.0,0.0,0.0,0.0,0.0,0.0,0.0,0.0,0.0,0.0,0.0,0.0,0.0,0.0,0.07352218422525819,0.024716271178583393,0.0,0.0,0.0,0.14544235901694907,0.22699348102626493,0.0,0.0,0.0,0.0,0.0,0.0,0.0,0.0,0.0,0.0,0.0,0.0,0.0,0.0,0.0,0.0,0.0,0.2937965600676296,0.0869815407991766,0.0,0.0,0.0,0.7298258786075827,0.532809963705606,0.29710457436419996,0.2023005487113711,0.29731058222486734,0.537568651615926,1.0,0.7368526496739751,0.5418874513302097,0.47019861493579834,0.7308216544086652,0.5451680303616028,0.47640589482084444,0.5430510872772786,0.5198474682200548,0.29350140823935567,0.21181744979697298,0.3047902047996172,0.407810155917521,0.15350972636010693,0.017345184611115907,0.07140120380122313,0.4207877792322626,0.18621660688657363,0.0,0.0,0.0808611903419319,0.08029712889609301,0.0,0.0,0.37593982286377875,0.0,0.02548135894170989,0.1564257904917932,0.2499203000686269,0.24982151169249292,0.1628396436365743,0.03537979680907073,0.0,0.0,0.0,0.0,0.0,0.4247637997391013
0.0,0.0,0.0,0.0,0.0,0.0,0.0,0.0,0.0,0.0,0.0,0.0,0.0,0.0,0.07134169607977653,0.26235957808377064,0.2474138484175587,0.04718451013001497,0.0,0.008188200189325366,0.21226381247519743,0.35214966690778926,0.0,0.0,0.0,0.0,0.0,0.0,0.0,0.0,0.0,0.0,0.0,0.0,0.0,0.0,0.0,0.0,0.2618472749092216,0.43186564583140563,0.09156882993312822,0.0,0.0,0.0,0.545550818813285,0.3053563584641894,0.09638904778703311,0.05775328436253218,0.21494341618826915,0.476604763728682,0.7368526496739751,1.0,0.7348717832122139,0.5487964687038888,0.5433975613377076,0.47900158398995163,0.5523349989609245,0.7361457948206827,0.29352197940195307,0.08717880081892132,0.059367590986254215,0.21596856783349014,0.17143164026076035,0.0,0.0,0.0,0.2214854125020397,0.00023860895116946645,0.0,0.0,0.0,0.0,0.0,0.0,0.12429179522408468,0.0,0.0,0.2524130436857727,0.48595336769210845,0.4857181960597916,0.25576777736387735,0.0,0.0,0.0,0.0,0.0,0.0,0.2707807595246514
