1.0,0.738313627297688,0.5469764421117276,0.47238588195241166,0.5435340045744906,0.7350196182444917,0.729820306995125,0.5455483774062186,0.47717913001663975,0.5420654322497926,0.5221507151298372,0.2988459934005906,0.21485841896605418,0.30488607027095144,0.4077656308411943,0.17137698016441755,0.03826291827434127,0.08379088892691106,0.3838464268029067,0.16158412473535436,0.0,0.0,0.43157028283029963,0.24915448216723443,0.06570611760185914,0.03195375423313952,0.30560936571730263,0.15788904042918028,0.07161094999386469,0.006954428969819422,0.48600406516318656,0.1586922037279852,0.25013812299729166,0.2482645346991782,0.1632394662235291,0.034558286860608196,0.0,0.0,0.0,0.0,0.0,0.0,0.0,0.39828189752883814,0.0,0.0,0.0,0.0,0.0,0.0,0.0,0.0,0.0,0.0,0.0,0.0,0.0,0.0,0.0,0.0,0.0,0.0,0.0,0.0,0.0,0.0,0.0,0.0,0.0,0.0,0.0,0.0,0.0,0.0,0.0,0.0,0.0,0.0,0.0,0.0,0.0,0.0,0.0,0.0,0.0,0.0,0.0,0.0
0.738313627297688,1.0,0.7425816591604574,0.5485783524047694,0.4834475622781768,0.5500785884408752,0.5327959172308392,0.3053494794398612,0.21893627818544284,0.308047604699446,0.43172442527794147,0.1935376067764975,0.050247165560955036,0.08934909042016144,0.420680201709223,0.22136959444417056,0.05097684936534088,0.032743752987731196,0.43151158444768545,0.27448828460479985,0.13006961734219274,0.10332593272532524,0.4128169010526002,0.26256806813292355,0.1458657504575403,0.15239643327545105,0.5479698209576546,0.12121768789294446,0.32374920379375083,0.0,0.6868696381937919,0.2547188183739513,0.16941417466055284,0.035861682011138915,0.0,0.0,0.0,0.0,0.0,0.0,0.0,0.0,0.0,0.29027678761217673,0.0,0.0,0.0,0.0,0.0,0.0,0.0,0.0,0.0,0.0,0.0,0.0,0.0,0.0,0.0,0.0,0.0,0.0,0.0,0.0,0.0,0.0,0.0,0.0,0.0,0.0,0.0,0.0,0.0,0.0,0.0,0.0,0.0,0.0,0.0,0.0,0.0,0.0,0.0,0.0,0.0,0.0,0.0,0.0
0.5469764421117276,0.7425816591604574,1.0,0.7375080769011884,0.554608822832526,0.4813260311845376,0.29708865979670995,0.09638399287332114,0.0667747941942232,0.21790422480172525,0.17505168043863545,0.0,0.0,0.0,0.18608054890765716,9.224659859628934e-05,0.0,0.0,0.2490662470846326,0.14572288617630094,0.0,0.0,0.2625316515047548,0.1865678818486079,0.1036124670570383,0.08564797068828725,0.7344819747761127,0.07734044953316556,0.49120811744904536,0.0,0.4927019735240274,0.4850340062701688,0.2581158786045672,0.0,0.0,0.0,0.0,0.0,0.0,0.0,0.0,0.0,0.0,0.11986222757166912,0.0,0.0,0.0,0.0,0.0,0.0,0.0,0.0,0.0,0.0,0.0,0.0,0.0,0.0,0.0,0.0,0.0,0.0,0.0,0.0,0.0,0.0,0.0,0.0,0.0,0.0,0.0,0.0,0.0,0.0,0.0,0.0,0.0,0.0,0.0,0.0,0.0,0.0,0.0,0.0,0.0,0.0,0.0,0.0
0.47238588195241166,0.5485783524047694,0.7375080769011884,1.0,0.7454841054722043,0.5489932963301879,0.20228921599594887,0.05775229807772296,0.10368635122456231,0.30907297630158587,0.01990611916465278,0.0,0.0,0.0,0.0,0.0,0.0,0.0,0.06563329237882379,0.0,0.0,0.0,0.14584017912553618,0.10362844623892495,0.0,0.0,0.5430423144147457,0.06850265502096922,0.3198905225401645,0.0,0.2561550270194583,0.6862566512832753,0.4914722557008146,0.13650291425850658,0.0,0.0,0.0,0.0,0.0,0.0,0.0,0.0,0.0,0.04279385801042738,0.0,0.0,0.0,0.0,0.0,0.0,0.0,0.0,0.0,0.0,0.0,0.0,0.0,0.0,0.0,0.0,0.0,0.0,0.0,0.0,0.0,0.0,0.0,0.0,0.0,0.0,0.0,0.0,0.0,0.0,0.0,0.0,0.0,0.0,0.0,0.0,0.0,0.0,0.0,0.0,0.0,0.0,0.0,0.0
0.5435340045744906,0.4834475622781768,0.554608822832526,0.7454841054722043,1.0,0.7375444770025097,0.2973043883669592,0.2149469986196452,0.3142106444186101,0.5428985806135848,0.06689261920687627,0.0,0.0,0.0,0.0,0.0,0.0,0.0,0.03191098997909772,0.0,0.0,0.0,0.15240057718128436,0.08569473778048808,0.0,0.0,0.3120762714696969,0.09446869059981575,0.07806590597490103,0.017677052761243085,0.17054338511200554,0.48947040340871784,0.6859221502212249,0.3900636674243546,0.0378600347233234,0.0,0.0,0.0,0.0,0.0,0.0,0.0,0.0,0.10807605326322024,0.0,0.0,0.0,0.0,0.0,0.0,0.0,0.0,0.0,0.0,0.0,0.0,0.0,0.0,0.0,0.0,0.0,0.0,0.0,0.0,0.0,0.0,0.0,0.0,0.0,0.0,0.0,0.0,0.0,0.0,0.0,0.0,0.0,0.0,0.0,0.0,0.0,0.0,0.0,0.0,0.0,0.0,0.0,0.0
0.7350196182444917,0.5500785884408752,0.4813260311845376,0.5489932963301879,0.7375444770025097,1.0,0.537564500609839,0.47660794753977,0.5524557291331189,0.7354888818411144,0.2858541243261702,0.08634319460776718,0.06058871652508176,0.21506947378259733,0.15345500195335265,0.0,0.0,0.0,0.1615652061021776,0.0,0.0,0.0,0.2745171760416798,0.14578895552392693,0.0,0.0,0.2159759714124568,0.13233430855161854,0.0,0.03614058102076678,0.2543412540668392,0.2529434545718305,0.4874631310794254,0.48483171551855603,0.2559152222745993,0.0,0.0,0.0,0.0,0.0,0.0,0.0,0.0,0.2721706651390326,0.0,0.0,0.0,0.0,0.0,0.0,0.0,0.0,0.0,0.0,0.0,0.0,0.0,0.0,0.0,0.0,0.0,0.0,0.0,0.0,0.0,0.0,0.0,0.0,0.0,0.0,0.0,0.0,0.0,0.0,0.0,0.0,0.0,0.0,0.0,0.0,0.0,0.0,0.0,0.0,0.0,0.0,0.0,0.0
0.729820306995125,0.5327959172308392,0.29708865979670995,0.20228921599594887,0.2973043883669592,0.537564500609839,1.0,0.7368532193651142,0.5418826569579371,0.47019082666760703,0.7308194380443874,0.5451736415750058,0.47641083395441747,0.5430522441258493,0.5198374075747819,0.29349865816309134,0.21182056344482297,0.3047941449911543,0.4077807187197789,0.1534758471501263,0.01732098246986136,0.07139088839998425,0.42074825858183734,0.18616226775424058,0.0,0.0,0.0808372909766803,0.0802280145557679,0.0,0.0,0.3759038010032265,0.0,0.025474746772525852,0.1564172368354045,0.2499182066637535,0.24982212843022433,0.16284107352309263,0.03538824750036841,0.0,0.0,0.0,0.0,0.0,0.42473899037188884,0.0,0.0,0.0,0.0,0.0,0.0,0.0,0.0,0.0,0.0,0.0,0.0,0.0,0.0,0.0,0.0,0.0,0.0,0.0,0.0,0.0,0.0,0.0,0.0,0.0,0.0,0.0,0.0,0.0,0.0,0.0,0.0,0.0,0.0,0.0,0.0,0.0,0.0,0.0,0.0,0.0,0.0,0.0,0.0
0.5455483774062186,0.3053494794398612,0.09638399287332114,0.05775229807772296,0.2149469986196452,0.47660794753977,0.7368532193651142,1.0,0.7348721697915077,0.5487976973436487,0.5433911010142749,0.4790061261849172,0.552341134233501,0.7361475821689946,0.2935050440544957,0.08717253848637117,0.05937219268462817,0.21597555939274893,0.17139153968438237,0.0,0.0,0.0,0.22142862829633755,0.00016850903597080227,0.0,0.0,0.0,0.0,0.0,0.0,0.1242673739869024,0.0,0.0,0.2524127799999648,0.4859547635931901,0.4857192342804659,0.25577015235038636,0.0,0.0,0.0,0.0,0.0,0.0,0.270729265032834,0.0,0.0,0.0,0.0,0.0,0.0,0.0,0.0,0.0,0.0,0.0,0.0,0.0,0.0,0.0,0.0,0.0,0.0,0.0,0.0,0.0,0.0,0.0,0.0,0.0,0.0,0.0,0.0,0.0,0.0,0.0,0.0,0.0,0.0,0.0,0.0,0.0,0.0,0.0,0.0,0.0,0.0,0.0,0.0
0.47717913001663975,0.21893627818544284,0.0667747941942232,0.10368635122456231,0.3142106444186101,0.5524557291331189,0.5418826569579371,0.7348721697915077,1.0,0.7479105288965427,0.29987262005834653,0.2139677503077616,0.3124382869078446,0.5431728353987774,0.07138742421349499,0.0,0.0,0.0,0.0,0.0,0.0,0.0,0.10336730622847218,0.0,0.0,0.0,0.0,0.0,0.0,0.0,0.0,0.0,0.14190325019451777,0.4919252616420719,0.6858569743583259,0.393175314726588,0.03659071090844623,0.0,0.0,0.0,0.0,0.0,0.0,0.16886057777842944,0.0,0.0,0.0,0.0,0.0,0.0,0.0,0.0,0.0,0.0,0.0,0.0,0.0,0.0,0.0,0.0,0.0,0.0,0.0,0.0,0.0,0.0,0.0,0.0,0.0,0.0,0.0,0.0,0.0,0.0,0.0,0.0,0.0,0.0,0.0,0.0,0.0,0.0,0.0,0.0,0.0,0.0,0.0,0.0
0.5420654322497926,0.308047604699446,0.21790422480172525,0.30907297630158587,0.5428985806135848,0.7354888818411144,0.47019082666760703,0.5487976973436487,0.7479105288965427,1.0,0.2024345787023327,0.05572246133340286,0.1031209656272135,0.31147988732345916,0.017306537271689584,0.0,0.0,0.0,0.0,0.0,0.0,0.0,0.13009769910934485,0.0,0.0,0.0,0.0,0.02055236560064788,0.0,0.0,0.03156576562165873,0.033123528698851865,0.3921288438868102,0.6859443510222153,0.4926225811120638,0.1423981533334991,0.0,0.0,0.0,0.0,0.0,0.0,0.0,0.17527348899217438,0.0,0.0,0.0,0.0,0.0,0.0,0.0,0.0,0.0,0.0,0.0,0.0,0.0,0.0,0.0,0.0,0.0,0.0,0.0,0.0,0.0,0.0,0.0,0.0,0.0,0.0,0.0,0.0,0.0,0.0,0.0,0.0,0.0,0.0,0.0,0.0,0.0,0.0,0.0,0.0,0.0,0.0,0.0,0.0
0.5221507151298372,0.43172442527794147,0.17505168043863545,0.01990611916465278,0.06689261920687627,0.2858541243261702,0.7308194380443874,0.5433911010142749,0.29987262005834653,0.2024345787023327,1.0,0.735430006010348,0.5421392140600936,0.47464791853544286,0.7308267193155482,0.5433920444365347,0.47464521150259464,0.5421373110328637,0.5221648452911998,0.28586716246925603,0.2024458729091099,0.2998786534252339,0.4317702963593081,0.17509937030983105,0.01994776166234652,0.06691622474604078,0.012181119408166314,0.012236073789800725,0.0,0.0,0.37536542113059057,0.0,0.0,0.0,0.03130609291103787,0.16109728065508716,0.2491410233225825,0.24913957895348418,0.16109483476181166,0.03130819496875029,0.0,0.0,0.0,0.37545353851225055,0.0,0.0,0.0,0.0,0.0,0.0,0.0,0.0,0.0,0.0,0.0,0.0,0.0,0.0,0.0,0.0,0.0,0.0,0.0,0.0,0.0,0.0,0.0,0.0,0.0,0.0,0.0,0.0,0.0,0.0,0.0,0.0,0.0,0.0,0.0,0.0,0.0,0.0,0.0,0.0,0.0,0.0,0.0,0.0
0.2988459934005906,0.1935376067764975,0.0,0.0,0.0,0.08634319460776718,0.5451736415750058,0.4790061261849172,0.2139677503077616,0.05572246133340286,0.735430006010348,1.0,0.7361618204161796,0.551300325845389,0.5451813301577149,0.4790079887622464,0.5512988161011049,0.7361608636071518,0.2988570046838775,0.08634782363227443,0.055725664517949275,0.21396799807372407,0.19357331840630787,0.0,0.0,0.0,0.0,0.0,0.0,0.0,0.15081739814571668,0.0,0.0,0.0,0.0,0.25466299195288705,0.4862242162683416,0.48622319108205386,0.2546616718992945,0.0,0.0,0.0,0.0,0.1508890499093396,0.0,0.0,0.0,0.0,0.023916745080721523,0.0,0.0,0.0,0.0,0.0,0.0,0.0,0.0,0.0,0.0,0.0,0.0,0.0,0.0,0.0,0.0,0.0,0.0,0.0,0.0,0.0,0.0,0.081575772816763,0.0,0.1850110297732448,0.0,0.0,0.0,0.0,0.0,0.0,0.0,0.0,0.0,0.0,0.0,0.0,0.0,0.0
0.21485841896605418,0.050247165560955036,0.0,0.0,0.0,0.06058871652508176,0.47641083395441747,0.552341134233501,0.3124382869078446,0.1031209656272135,0.5421392140600936,0.7361618204161796,1.0,0.7473501902452695,0.30480531160691493,0.21597912957084875,0.31197016201301936,0.5435111021504724,0.08380647230212714,0.0,0.0,0.0,0.03278880494539475,0.0,0.0,0.0,0.0,0.0,0.0,0.0,0.0,0.0,0.0,0.0,0.1425502751684331,0.49138202357240485,0.6858858199964564,0.3933574802678257,0.03536021451182246,0.0,0.0,0.0,0.0,0.03752138337382926,0.0,0.0,0.0,0.0,0.0441668038948009,0.0,0.0,0.0,0.0,0.0,0.0,0.0,0.0,0.0,0.0,0.0,0.0,0.0,0.0,0.0,0.0,0.0,0.0,0.0,0.0,0.0,0.0,0.005705061378492623,0.0,0.12942070712611997,0.0,0.0,0.05250897093962491,0.0,0.0,0.0,0.0,0.0,0.0,0.0,0.0,0.0,0.0,0.0
0.30488607027095144,0.08934909042016144,0.0,0.0,0.0,0.21506947378259733,0.5430522441258493,0.7361475821689946,0.5431728353987774,0.31147988732345916,0.47464791853544286,0.551300325845389,0.7473501902452695,1.0,0.21183218117481303,0.05937627072418129,0.10277252102900647,0.3119708079461465,0.038279790647264604,0.0,0.0,0.0,0.05102925697263277,0.0,0.0,0.0,0.0,0.0,0.0,0.0,0.0,0.0,0.0,0.03565697900898281,0.3942231538391309,0.6859155327974541,0.49147322652262304,0.1415539210977039,0.0,0.0,0.0,0.0,0.0,0.09342822513791449,0.0,0.0,0.0,0.0,0.0,0.0,0.0,0.0,0.0,0.0,0.0,0.0,0.0,0.0,0.0,0.0,0.0,0.0,0.0,0.0,0.0,0.0,0.0,0.0,0.0,0.0,0.0,0.0,0.0,0.0,0.0,0.0,0.0,0.0,0.0,0.0,0.0,0.0,0.0,0.0,0.0,0.0,0.0,0.0
0.4077656308411943,0.420680201709223,0.18608054890765716,0.0,0.0,0.15345500195335265,0.5198374075747819,0.2935050440544957,0.07138742421349499,0.017306537271689584,0.7308267193155482,0.5451813301577149,0.30480531160691493,0.21183218117481303,1.0,0.7368500217731815,0.5430514136857384,0.47641537100212783,0.7298273644602158,0.5375665284698493,0.47019291294702015,0.5418833753690316,0.5328217245460741,0.29711204454322865,0.2023107582239388,0.2973125736885369,0.08012756345161223,0.0808637677352552,0.0,0.0,0.4246081374938946,0.0,0.0,0.0,0.0,0.0,0.035399877079538865,0.1628472908750291,0.24982029046340148,0.24991750500205054,0.15641783316052507,0.0254765601810501,0.0,0.37595637735543364,0.0,0.0,0.0,0.0,0.0,0.0,0.0,0.0,0.0,0.0,0.0,0.0,0.0,0.0,0.0,0.0,0.0,0.0,0.0,0.0,0.0,0.0,0.0,0.0,0.0,0.0,0.0,0.0,0.0,0.0,0.0,0.0,0.0,0.0,0.0,0.0,0.0,0.0,0.0,0.0,0.0,0.0,0.0,0.0
0.17137698016441755,0.22136959444417056,9.224659859628934e-05,0.0,0.0,0.0,0.29349865816309134,0.08717253848637117,0.0,0.0,0.5433920444365347,0.4790079887622464,0.21597912957084875,0.05937627072418129,0.7368500217731815,1.0,0.7361479897802896,0.5523425369161169,0.5455511114772142,0.47660245963619396,0.5487949674182948,0.7348711164059193,0.30535915758062526,0.0963868746540764,0.05775467089244759,0.21494004157841107,0.0,0.0,0.0,0.0,0.2706212784083316,0.0,0.0,0.0,0.0,0.0,0.0,0.25577294470485806,0.4857188501236325,0.48595434004085325,0.2524096566410941,0.0,0.0,0.12430020458559964,0.0,0.0,0.0,0.0,0.0,0.0,0.0,0.0,0.0,0.0,0.0,0.0,0.0,0.0,0.0,0.0,0.0,0.0,0.0,0.0,0.0,0.0,0.0,0.0,0.0,0.0,0.0,0.040694396938122664,0.0,0.07848767345916284,0.0,0.0,0.0,0.0,0.0,0.0,0.0,0.0,0.0,0.0,0.0,0.0,0.0,0.0
0.03826291827434127,0.05097684936534088,0.0,0.0,0.0,0.0,0.21182056344482297,0.05937219268462817,0.0,0.0,0.47464521150259464,0.5512988161011049,0.31197016201301936,0.10277252102900647,0.5430514136857384,0.7361479897802896,1.0,0.7473490878960969,0.3048899497225334,0.21506245889595474,0.31147317752390163,0.5431659821260026,0.08936271196765519,0.0,0.0,0.0,0.0,0.0,0.0,0.0,0.09333766939964419,0.0,0.0,0.0,0.0,0.0,0.14155474151893904,0.49147392497533715,0.6859159694225059,0.3942141142181045,0.03564899211324133,0.0,0.0,0.0,0.0,0.0,0.0,0.08704712685109334,0.024648032358119677,0.0,0.0,0.0,0.0,0.0,0.0,0.0,0.0,0.0,0.0,0.0,0.0,0.0,0.0,0.0,0.0,0.0,0.0,0.13916316312687357,0.12003595070611471,0.0,0.0,0.2701559521870085,0.0,0.2896039926982093,0.0,0.0255844171569585,0.0,0.0,0.0,0.0,0.0,0.0,0.0,0.0,0.0,0.0,0.097720461440928,0.0
0.08379088892691106,0.032743752987731196,0.0,0.0,0.0,0.0,0.3047941449911543,0.21597555939274893,0.0,0.0,0.5421373110328637,0.7361608636071518,0.5435111021504724,0.3119708079461465,0.47641537100212783,0.5523425369161169,0.7473490878960969,1.0,0.21486671510081523,0.060586242302189675,0.10311700847542174,0.3124329892858488,0.05027214591030689,0.0,0.0,0.0,0.0,0.0,0.0,0.0,0.037440271869569594,0.0,0.0,0.0,0.0,0.03536120921475088,0.39335931751184944,0.6858869097411653,0.49138095085222644,0.1425406346899996,0.0,0.0,0.0,0.0,0.0,0.0,0.004333682320465957,0.1527085366338158,0.15369069554996814,0.010255092315700435,0.0,0.0,0.0,0.0,0.0,0.0,0.0,0.0,0.0,0.0,0.0,0.0,0.0,0.0,0.0,0.0,0.0,0.13048990586333303,0.03985463093699844,0.0,0.0,0.30555497344229327,0.0,0.3697948395574785,0.0,0.07159536361460388,0.07209962218072943,0.0,0.0,0.0,0.0,0.0,0.0,0.0,0.0,0.0,0.0,0.0
0.3838464268029067,0.43151158444768545,0.2490662470846326,0.06563329237882379,0.03191098997909772,0.1615652061021776,0.4077807187197789,0.17139153968438237,0.0,0.0,0.5221648452911998,0.2988570046838775,0.08380647230212714,0.038279790647264604,0.7298273644602158,0.5455511114772142,0.3048899497225334,0.21486671510081523,1.0,0.7350215705063644,0.5420702023351516,0.47718560487784206,0.7383170030937783,0.5469838493426769,0.47240098031578753,0.5435427727339743,0.15777476701916848,0.3056155866046834,0.0068214787388873625,0.07161860517031299,0.3981634219517996,0.0,0.0,0.0,0.0,0.0,0.0,0.0,0.034560625756659184,0.16324620159120382,0.2482661579573362,0.2501454663248484,0.15870579411372965,0.48601455008843325,0.0,0.0,0.0,0.0,0.0,0.0,0.0,0.0,0.0,0.0,0.0,0.0,0.0,0.0,0.0,0.0,0.0,0.0,0.0,0.0,0.0,0.0,0.0,0.0,0.0,0.0,0.0,0.0,0.0,0.0,0.0,0.0,0.0,0.0,0.0,0.0,0.0,0.0,0.0,0.0,0.0,0.0,0.0,0.0
0.16158412473535436,0.27448828460479985,0.14572288617630094,0.0,0.0,0.0,0.1534758471501263,0.0,0.0,0.0,0.28586716246925603,0.08634782363227443,0.0,0.0,0.5375665284698493,0.47660245963619396,0.21506245889595474,0.060586242302189675,0.7350215705063644,1.0,0.7354871920433459,0.5524536583811693,0.5500684425387347,0.4813132498488387,0.548990688840304,0.7375426833086144,0.13223065881557147,0.21596334426981897,0.03600578519346237,0.0,0.27209224190394327,0.0,0.0,0.0,0.0,0.0,0.0,0.0,0.0,0.25591404046680105,0.484827965357745,0.48746197426376947,0.25294063994942895,0.254334124647561,0.0,0.0,0.0,0.0,0.0,0.0,0.0,0.0,0.0,0.0,0.0,0.0,0.0,0.0,0.0,0.0,0.0,0.0,0.0,0.0,0.0,0.0,0.0,0.0,0.0,0.0,0.0,0.0,0.0,0.0,0.0,0.0,0.0,0.0,0.0,0.0,0.0,0.0,0.0,0.0,0.0,0.0,0.0,0.0
0.0,0.13006961734219274,0.0,0.0,0.0,0.0,0.01732098246986136,0.0,0.0,0.0,0.2024458729091099,0.055725664517949275,0.0,0.0,0.47019291294702015,0.5487949674182948,0.31147317752390163,0.10311700847542174,0.5420702023351516,0.7354871920433459,1.0,0.7479103617252782,0.308041068246432,0.21788758163889002,0.3090590798883706,0.5428829044666178,0.020454470640945018,0.0,0.0,0.0,0.17520529491322068,0.0,0.0,0.0,0.0,0.0,0.0,0.0,0.14238602942242237,0.49262342067287457,0.6859426925361874,0.3921048100105654,0.033106495354713245,0.03156811399435651,0.0,0.0,0.0,0.0,0.0,0.0,0.0,0.0,0.0,0.0,0.0,0.0,0.0,0.0,0.0,0.0,0.0,0.0,0.0,0.0,0.0,0.0,0.0,0.0,0.0,0.0,0.0,0.0,0.0,0.0,0.0,0.0,0.0,0.0,0.0,0.0,0.0,0.0,0.0,0.0,0.0,0.0,0.0,0.0
0.0,0.10332593272532524,0.0,0.0,0.0,0.0,0.07139088839998425,0.0,0.0,0.0,0.2998786534252339,0.21396799807372407,0.0,0.0,0.5418833753690316,0.7348711164059193,0.5431659821260026,0.3124329892858488,0.47718560487784206,0.5524536583811693,0.7479103617252782,1.0,0.2189386874304289,0.06676724138037117,0.10367972085589158,0.3141991707078616,0.0,0.0,0.0,0.0,0.16877842628946557,0.0,0.0,0.0,0.0,0.0,0.0,0.036584575115012896,0.39316356776455774,0.6858569900109129,0.4919247815496235,0.14188116705527365,0.0,0.0,0.0,0.0,0.0,0.0,0.0,0.0,0.0,0.0,0.0,0.0,0.0,0.0,0.0,0.0,0.0,0.0,0.0,0.0,0.0,0.0,0.0,0.0,0.0,0.0,0.0,0.0,0.0,0.0,0.0,0.0,0.0,0.0,0.0,0.0,0.0,0.0,0.0,0.0,0.0,0.0,0.0,0.0,0.0,0.0
0.43157028283029963,0.4128169010526002,0.2625316515047548,0.14584017912553618,0.15240057718128436,0.2745171760416798,0.42074825858183734,0.22142862829633755,0.10336730622847218,0.13009769910934485,0.4317702963593081,0.19357331840630787,0.03278880494539475,0.05102925697263277,0.5328217245460741,0.30535915758062526,0.08936271196765519,0.05027214591030689,0.7383170030937783,0.5500684425387347,0.308041068246432,0.2189386874304289,1.0,0.7425828538402365,0.5485816581766223,0.4834430139664202,0.12115158473797474,0.5479704451280387,0.0,0.3237523522274668,0.290220341549163,0.0,0.0,0.0,0.0,0.0,0.0,0.0,0.0,0.0,0.03584728000183115,0.1694115589644258,0.2547216945259899,0.6868641893220899,0.0,0.0,0.0,0.0,0.0,0.0,0.0,0.0,0.0,0.0,0.0,0.0,0.0,0.0,0.0,0.0,0.0,0.0,0.0,0.0,0.0,0.0,0.0,0.0,0.0,0.0,0.0,0.0,0.0,0.0,0.0,0.0,0.0,0.0,0.0,0.0,0.0,0.0,0.0,0.0,0.0,0.0,0.0,0.0
0.24915448216723443,0.26256806813292355,0.1865678818486079,0.10362844623892495,0.08569473778048808,0.14578895552392693,0.18616226775424058,0.00016850903597080227,0.0,0.0,0.17509937030983105,0.0,0.0,0.0,0.29711204454322865,0.0963868746540764,0.0,0.0,0.5469838493426769,0.4813132498488387,0.21788758163889002,0.06676724138037117,0.7425828538402365,1.0,0.7375059493469273,0.5545995971175374,0.07729849605834054,0.734482627506503,0.0,0.49120914465794224,0.11983993622722507,0.0,0.0,0.0,0.0,0.0,0.0,0.0,0.0,0.0,0.0,0.25811031973589926,0.48503389187692575,0.4926826804131533,0.0,0.0,0.0,0.0,0.0,0.0,0.0,0.0,0.0,0.0,0.0,0.0,0.0,0.0,0.0,0.0,0.0,0.0,0.0,0.0,0.0,0.0,0.0,0.0,0.0,0.0,0.0,0.0,0.0,0.0,0.0,0.0,0.0,0.0,0.0,0.0,0.0,0.0,0.0,0.0,0.0,0.0,0.0,0.0
0.06570611760185914,0.1458657504575403,0.1036124670570383,0.0,0.0,0.0,0.0,0.0,0.0,0.0,0.01994776166234652,0.0,0.0,0.0,0.2023107582239388,0.05775467089244759,0.0,0.0,0.47240098031578753,0.548990688840304,0.3090590798883706,0.10367972085589158,0.5485816581766223,0.7375059493469273,1.0,0.7454822186811383,0.0684382861205334,0.5430378144359275,0.0,0.31988319989574593,0.04276845053195234,0.0,0.0,0.0,0.0,0.0,0.0,0.0,0.0,0.0,0.13647517505776985,0.4914727573160892,0.6862552915192687,0.256141057320032,0.0,0.0,0.0,0.0,0.0,0.0,0.0,0.0,0.0,0.0,0.0,0.0,0.0,0.0,0.0,0.0,0.0,0.0,0.0,0.0,0.0,0.0,0.0,0.0,0.0,0.0,0.0,0.0,0.0,0.0,0.0,0.0,0.0,0.0,0.0,0.0,0.0,0.0,0.0,0.0,0.0,0.0,0.0,0.0
0.03195375423313952,0.15239643327545105,0.08564797068828725,0.0,0.0,0.0,0.0,0.0,0.0,0.0,0.06691622474604078,0.0,0.0,0.0,0.2973125736885369,0.21494004157841107,0.0,0.0,0.5435427727339743,0.7375426833086144,0.5428829044666178,0.3141991707078616,0.4834430139664202,0.5545995971175374,0.7454822186811383,1.0,0.09437389982602433,0.31206724058283075,0.01754055636355457,0.07805525243202367,0.10802526073927345,0.0,0.0,0.0,0.0,0.0,0.0,0.0,0.0,0.03784668813926999,0.3900380613718524,0.6859241893136502,0.48946947778194555,0.17053104887644027,0.0,0.0,0.0,0.0,0.0,0.0,0.0,0.0,0.0,0.0,0.0,0.0,0.0,0.0,0.0,0.0,0.0,0.0,0.0,0.0,0.0,0.0,0.0,0.0,0.0,0.0,0.0,0.0,0.0,0.0,0.0,0.0,0.0,0.0,0.0,0.0,0.0,0.0,0.0,0.0,0.0,0.0,0.0,0.0
0.30560936571730263,0.5479698209576546,0.7344819747761127,0.5430423144147457,0.3120762714696969,0.2159759714124568,0.0808372909766803,0.0,0.0,0.0,0.012181119408166314,0.0,0.0,0.0,0.08012756345161223,0.0,0.0,0.0,0.15777476701916848,0.13223065881557147,0.020454470640945018,0.0,0.12115158473797474,0.07729849605834054,0.0684382861205334,0.09437389982602433,1.0,0.0,0.7567245186575846,0.0,0.3997585830262866,0.38933505373789046,0.03551247928566524,0.0,0.0,0.0,0.0,0.0,0.0,0.0,0.0,0.0,0.0,0.0,0.0,0.0,0.0,0.0,0.0,0.0,0.0,0.0,0.0,0.0,0.0,0.0,0.0,0.0,0.0,0.0,0.0,0.0,0.0,0.0,0.0,0.0,0.0,0.0,0.0,0.0,0.0,0.0,0.0,0.0,0.0,0.0,0.0,0.0,0.0,0.0,0.0,0.0,0.0,0.0,0.0,0.0,0.0,0.0
0.15788904042918028,0.12121768789294446,0.07734044953316556,0.06850265502096922,0.09446869059981575,0.13233430855161854,0.0802280145557679,0.0,0.0,0.02055236560064788,0.012236073789800725,0.0,0.0,0.0,0.0808637677352552,0.0,0.0,0.0,0.3056155866046834,0.21596334426981897,0.0,0.0,0.5479704451280387,0.734482627506503,0.5430378144359275,0.31206724058283075,0.0,1.0,0.0,0.756724905219376,0.0,0.0,0.0,0.0,0.0,0.0,0.0,0.0,0.0,0.0,0.0,0.03550722110537488,0.3893324248236092,0.399731210538625,0.0,0.0,0.0,0.0,0.0,0.0,0.0,0.0,0.0,0.0,0.0,0.0,0.0,0.0,0.0,0.0,0.0,0.0,0.0,0.0,0.0,0.0,0.0,0.0,0.0,0.0,0.0,0.0,0.0,0.0,0.0,0.0,0.0,0.0,0.0,0.0,0.0,0.0,0.0,0.0,0.0,0.0,0.0,0.0
0.07161094999386469,0.32374920379375083,0.49120811744904536,0.3198905225401645,0.07806590597490103,0.0,0.0,0.0,0.0,0.0,0.0,0.0,0.0,0.0,0.0,0.0,0.0,0.0,0.0068214787388873625,0.03600578519346237,0.0,0.0,0.0,0.0,0.0,0.01754055636355457,0.7567245186575846,0.0,1.0,0.0,0.23312069873053337,0.2232864631718972,0.0,0.0,0.0,0.0,0.0,0.0,0.0,0.0,0.0,0.0,0.0,0.0,0.0,0.0,0.0,0.0,0.0,0.0,0.0,0.0,0.0,0.0,0.0,0.0,0.0,0.0,0.0,0.0,0.0,0.0,0.0,0.0,0.0,0.0,0.0,0.0,0.0,0.0,0.0,0.0,0.0,0.0,0.0,0.0,0.0,0.0,0.0,0.0,0.0,0.0,0.0,0.0,0.0,0.0,0.0,0.0
0.006954428969819422,0.0,0.0,0.0,0.017677052761243085,0.03614058102076678,0.0,0.0,0.0,0.0,0.0,0.0,0.0,0.0,0.0,0.0,0.0,0.0,0.07161860517031299,0.0,0.0,0.0,0.3237523522274668,0.49120914465794224,0.31988319989574593,0.07805525243202367,0.0,0.756724905219376,0.0,1.0,0.0,0.0,0.0,0.0,0.0,0.0,0.0,0.0,0.0,0.0,0.0,0.0,0.22327821865236575,0.23309586552247535,0.0,0.0,0.0,0.0,0.0,0.0,0.0,0.0,0.0,0.0,0.0,0.0,0.0,0.0,0.0,0.0,0.0,0.0,0.0,0.0,0.0,0.0,0.0,0.0,0.0,0.0,0.0,0.0,0.0,0.0,0.0,0.0,0.0,0.0,0.0,0.0,0.0,0.0,0.0,0.0,0.0,0.0,0.0,0.0
0.48600406516318656,0.6868696381937919,0.4927019735240274,0.2561550270194583,0.17054338511200554,0.2543412540668392,0.3759038010032265,0.1242673739869024,0.0,0.03156576562165873,0.37536542113059057,0.15081739814571668,0.0,0.0,0.4246081374938946,0.2706212784083316,0.09333766939964419,0.037440271869569594,0.3981634219517996,0.27209224190394327,0.17520529491322068,0.16877842628946557,0.290220341549163,0.11983993622722507,0.04276845053195234,0.10802526073927345,0.3997585830262866,0.0,0.23312069873053337,0.0,1.0,0.0,0.0,0.0,0.0,0.0,0.0,0.0,0.0,0.0,0.0,0.0,0.0,0.16698529626363257,0.0,0.0,0.0,0.0,0.0,0.0,0.0,0.0,0.0,0.0,0.0,0.0,0.0,0.0,0.0,0.0,0.0,0.0,0.0,0.0,0.0,0.0,0.0,0.0,0.0,0.0,0.0,0.0,0.0,0.0,0.0,0.0,0.0,0.0,0.0,0.0,0.0,0.0,0.0,0.0,0.0,0.0,0.0,0.0
0.1586922037279852,0.2547188183739513,0.4850340062701688,0.6862566512832753,0.48947040340871784,0.2529434545718305,0.0,0.0,0.0,0.033123528698851865,0.0,0.0,0.0,0.0,0.0,0.0,0.0,0.0,0.0,0.0,0.0,0.0,0.0,0.0,0.0,0.0,0.38933505373789046,0.0,0.2232864631718972,0.0,0.0,1.0,0.4066952665131122,0.0,0.0,0.0,0.0,0.0,0.0,0.0,0.0,0.0,0.0,0.0,0.0,0.0,0.0,0.0,0.0,0.0,0.0,0.0,0.0,0.0,0.0,0.0,0.0,0.0,0.0,0.0,0.0,0.0,0.0,0.0,0.0,0.0,0.0,0.0,0.0,0.0,0.0,0.0,0.0,0.0,0.0,0.0,0.0,0.0,0.0,0.0,0.0,0.0,0.0,0.0,0.0,0.0,0.0,0.0
0.25013812299729166,0.16941417466055284,0.2581158786045672,0.4914722557008146,0.6859221502212249,0.4874631310794254,0.025474746772525852,0.0,0.14190325019451777,0.3921288438868102,0.0,0.0,0.0,0.0,0.0,0.0,0.0,0.0,0.0,0.0,0.0,0.0,0.0,0.0,0.0,0.0,0.03551247928566524,0.0,0.0,0.0,0.0,0.4066952665131122,1.0,0.41916785484783053,0.0,0.0,0.0,0.0,0.0,0.0,0.0,0.0,0.0,0.0,0.0,0.0,0.0,0.0,0.0,0.0,0.0,0.0,0.0,0.0,0.0,0.0,0.0,0.0,0.0,0.0,0.0,0.0,0.0,0.0,0.0,0.0,0.0,0.0,0.0,0.0,0.0,0.0,0.0,0.0,0.0,0.0,0.0,0.0,0.0,0.0,0.0,0.0,0.0,0.0,0.0,0.0,0.0,0.0
0.2482645346991782,0.035861682011138915,0.0,0.13650291425850658,0.3900636674243546,0.48483171551855603,0.1564172368354045,0.2524127799999648,0.4919252616420719,0.6859443510222153,0.0,0.0,0.0,0.03565697900898281,0.0,0.0,0.0,0.0,0.0,0.0,0.0,0.0,0.0,0.0,0.0,0.0,0.0,0.0,0.0,0.0,0.0,0.0,0.41916785484783053,1.0,0.4086773407557565,0.0,0.0,0.0,0.0,0.0,0.0,0.0,0.0,0.0,0.0,0.0,0.0,0.0,0.0,0.0,0.0,0.0,0.0,0.0,0.0,0.0,0.0,0.0,0.0,0.0,0.0,0.0,0.0,0.0,0.0,0.0,0.0,0.0,0.0,0.0,0.0,0.0,0.0,0.0,0.0,0.0,0.0,0.0,0.0,0.0,0.0,0.0,0.0,0.0,0.0,0.0,0.0,0.0
0.1632394662235291,0.0,0.0,0.0,0.0378600347233234,0.2559152222745993,0.2499182066637535,0.4859547635931901,0.6858569743583259,0.4926225811120638,0.03130609291103787,0.0,0.1425502751684331,0.3942231538391309,0.0,0.0,0.0,0.0,0.0,0.0,0.0,0.0,0.0,0.0,0.0,0.0,0.0,0.0,0.0,0.0,0.0,0.0,0.0,0.4086773407557565,1.0,0.4256687111686184,0.0,0.0,0.0,0.0,0.0,0.0,0.0,0.0,0.0,0.0,0.0,0.0,0.0,0.0,0.0,0.0,0.0,0.0,0.0,0.0,0.0,0.0,0.0,0.0,0.0,0.0,0.0,0.0,0.0,0.0,0.0,0.0,0.0,0.0,0.0,0.0,0.0,0.0,0.0,0.0,0.0,0.0,0.0,0.0,0.0,0.0,0.0,0.0,0.0,0.0,0.0,0.0
0.034558286860608196,0.0,0.0,0.0,0.0,0.0,0.24982212843022433,0.4857192342804659,0.393175314726588,0.1423981533334991,0.16109728065508716,0.25466299195288705,0.49138202357240485,0.6859155327974541,0.0,0.0,0.0,0.03536120921475088,0.0,0.0,0.0,0.0,0.0,0.0,0.0,0.0,0.0,0.0,0.0,0.0,0.0,0.0,0.0,0.0,0.4256687111686184,1.0,0.40653011154187296,0.0,0.0,0.0,0.0,0.0,0.0,0.0,0.0,0.0,0.0,0.0,0.0,0.0,0.0,0.0,0.0,0.0,0.0,0.0,0.0,0.0,0.0,0.0,0.0,0.0,0.0,0.0,0.0,0.0,0.0,0.0,0.0,0.0,0.0,0.0,0.0,0.0,0.0,0.0,0.0,0.0,0.0,0.0,0.0,0.0,0.0,0.0,0.0,0.0,0.0,0.0
0.0,0.0,0.0,0.0,0.0,0.0,0.16284107352309263,0.25577015235038636,0.03659071090844623,0.0,0.2491410233225825,0.4862242162683416,0.6858858199964564,0.49147322652262304,0.035399877079538865,0.0,0.14155474151893904,0.39335931751184944,0.0,0.0,0.0,0.0,0.0,0.0,0.0,0.0,0.0,0.0,0.0,0.0,0.0,0.0,0.0,0.0,0.0,0.40653011154187296,1.0,0.42407243763414837,0.0,0.0,0.0,0.0,0.0,0.0,0.0,0.0,0.0,0.0,0.06545308534892544,0.0,0.0,0.0,0.0,0.0,0.0,0.0,0.0,0.0,0.0,0.0,0.0,0.0,0.0,0.0,0.0,0.0,0.0,0.0,0.0,0.0,0.0,0.0,0.0,0.14580446158454677,0.0,0.0,0.06881995796581256,0.0,0.0,0.0,0.0,0.0,0.0,0.0,0.0,0.0,0.0,0.0
0.0,0.0,0.0,0.0,0.0,0.0,0.03538824750036841,0.0,0.0,0.0,0.24913957895348418,0.48622319108205386,0.3933574802678257,0.1415539210977039,0.1628472908750291,0.25577294470485806,0.49147392497533715,0.6858869097411653,0.0,0.0,0.0,0.036584575115012896,0.0,0.0,0.0,0.0,0.0,0.0,0.0,0.0,0.0,0.0,0.0,0.0,0.0,0.0,0.42407243763414837,1.0,0.4065303221175893,0.0,0.0,0.0,0.0,0.0,0.0,0.0,0.019447441099383418,0.20287605276748005,0.2480185163123342,0.10191993387182871,0.0,0.0,0.0,0.0,0.0,0.0,0.0,0.0,0.0,0.0,0.0,0.0,0.0,0.0,0.0,0.0,0.02489604274260487,0.19297240588679115,0.018437381594473792,0.0,0.0,0.41920923503865754,0.0,0.48388251809082305,0.0,0.0410413742831804,0.12050699448335163,0.0,0.0,0.0,0.0,0.0,0.0,0.0,0.0,0.0,0.0,0.0
0.0,0.0,0.0,0.0,0.0,0.0,0.0,0.0,0.0,0.0,0.16109483476181166,0.2546616718992945,0.03536021451182246,0.0,0.24982029046340148,0.4857188501236325,0.6859159694225059,0.49138095085222644,0.034560625756659184,0.0,0.14238602942242237,0.39316356776455774,0.0,0.0,0.0,0.0,0.0,0.0,0.0,0.0,0.0,0.0,0.0,0.0,0.0,0.0,0.0,0.4065303221175893,1.0,0.42564809755434707,0.0,0.0,0.0,0.0,0.0,0.0,0.0,0.03843091267611006,0.0,0.0,0.0,0.0,0.0,0.0,0.0,0.0,0.0,0.0,0.0,0.0,0.0,0.0,0.0,0.0,0.0,0.0,0.0,0.21383412497150386,0.23490505250633373,0.0,0.0,0.31564042491226013,0.0,0.264643923860431,0.0,0.0,0.0,0.0,0.0,0.0,0.0,0.0,0.0,0.0,0.0,0.0,0.20374010920727584,0.0
0.0,0.0,0.0,0.0,0.0,0.0,0.0,0.0,0.0,0.0,0.03130819496875029,0.0,0.0,0.0,0.24991750500205054,0.48595434004085325,0.3942141142181045,0.1425406346899996,0.16324620159120382,0.25591404046680105,0.49262342067287457,0.6858569900109129,0.0,0.0,0.0,0.03784668813926999,0.0,0.0,0.0,0.0,0.0,0.0,0.0,0.0,0.0,0.0,0.0,0.0,0.42564809755434707,1.0,0.4086800203533556,0.0,0.0,0.0,0.0,0.0,0.0,0.0,0.0,0.0,0.0,0.0,0.0,0.0,0.0,0.0,0.0,0.0,0.0,0.0,0.0,0.0,0.0,0.0,0.0,0.0,0.0,0.0,0.0,0.0,0.0,0.0,0.0,0.0,0.0,0.0,0.0,0.0,0.0,0.0,0.0,0.0,0.0,0.0,0.0,0.0,0.0,0.0
0.0,0.0,0.0,0.0,0.0,0.0,0.0,0.0,0.0,0.0,0.0,0.0,0.0,0.0,0.15641783316052507,0.2524096566410941,0.03564899211324133,0.0,0.2482661579573362,0.484827965357745,0.6859426925361874,0.4919247815496235,0.03584728000183115,0.0,0.13647517505776985,0.3900380613718524,0.0,0.0,0.0,0.0,0.0,0.0,0.0,0.0,0.0,0.0,0.0,0.0,0.0,0.4086800203533556,1.0,0.41911803109603263,0.0,0.0,0.0,0.0,0.0,0.0,0.0,0.0,0.0,0.0,0.0,0.0,0.0,0.0,0.0,0.0,0.0,0.0,0.0,0.0,0.0,0.0,0.0,0.0,0.0,0.0,0.0,0.0,0.0,0.0,0.0,0.0,0.0,0.0,0.0,0.0,0.0,0.0,0.0,0.0,0.0,0.0,0.0,0.0,0.0,0.0
0.0,0.0,0.0,0.0,0.0,0.0,0.0,0.0,0.0,0.0,0.0,0.0,0.0,0.0,0.0254765601810501,0.0,0.0,0.0,0.2501454663248484,0.48746197426376947,0.3921048100105654,0.14188116705527365,0.1694115589644258,0.25811031973589926,0.4914727573160892,0.6859241893136502,0.0,0.03550722110537488,0.0,0.0,0.0,0.0,0.0,0.0,0.0,0.0,0.0,0.0,0.0,0.0,0.41911803109603263,1.0,0.4066981861262109,0.0,0.0,0.0,0.0,0.0,0.0,0.0,0.0,0.0,0.0,0.0,0.0,0.0,0.0,0.0,0.0,0.0,0.0,0.0,0.0,0.0,0.0,0.0,0.0,0.0,0.0,0.0,0.0,0.0,0.0,0.0,0.0,0.0,0.0,0.0,0.0,0.0,0.0,0.0,0.0,0.0,0.0,0.0,0.0,0.0
0.0,0.0,0.0,0.0,0.0,0.0,0.0,0.0,0.0,0.0,0.0,0.0,0.0,0.0,0.0,0.0,0.0,0.0,0.15870579411372965,0.25294063994942895,0.033106495354713245,0.0,0.2547216945259899,0.48503389187692575,0.6862552915192687,0.48946947778194555,0.0,0.3893324248236092,0.0,0.22327821865236575,0.0,0.0,0.0,0.0,0.0,0.0,0.0,0.0,0.0,0.0,0.0,0.4066981861262109,1.0,0.0,0.0,0.0,0.0,0.0,0.0,0.0,0.0,0.0,0.0,0.0,0.0,0.0,0.0,0.0,0.0,0.0,0.0,0.0,0.0,0.0,0.0,0.0,0.0,0.0,0.0,0.0,0.0,0.0,0.0,0.0,0.0,0.0,0.0,0.0,0.0,0.0,0.0,0.0,0.0,0.0,0.0,0.0,0.0,0.0
0.39828189752883814,0.29027678761217673,0.11986222757166912,0.04279385801042738,0.10807605326322024,0.2721706651390326,0.42473899037188884,0.270729265032834,0.16886057777842944,0.17527348899217438,0.37545353851225055,0.1508890499093396,0.03752138337382926,0.09342822513791449,0.37595637735543364,0.12430020458559964,0.0,0.0,0.48601455008843325,0.254334124647561,0.03156811399435651,0.0,0.6868641893220899,0.4926826804131533,0.256141057320032,0.17053104887644027,0.0,0.399731210538625,0.0,0.23309586552247535,0.16698529626363257,0.0,0.0,0.0,0.0,0.0,0.0,0.0,0.0,0.0,0.0,0.0,0.0,1.0,0.0,0.0,0.0,0.0,0.0,0.0,0.0,0.0,0.0,0.0,0.0,0.0,0.0,0.0,0.0,0.0,0.0,0.0,0.0,0.0,0.0,0.0,0.0,0.0,0.0,0.0,0.0,0.0,0.0,0.0,0.0,0.0,0.0,0.0,0.0,0.0,0.0,0.0,0.0,0.0,0.0,0.0,0.0,0.0
0.0,0.0,0.0,0.0,0.0,0.0,0.0,0.0,0.0,0.0,0.0,0.0,0.0,0.0,0.0,0.0,0.0,0.0,0.0,0.0,0.0,0.0,0.0,0.0,0.0,0.0,0.0,0.0,0.0,0.0,0.0,0.0,0.0,0.0,0.0,0.0,0.0,0.0,0.0,0.0,0.0,0.0,0.0,0.0,1.0,0.7383136272976881,0.5469764421117276,0.4723858819524118,0.5435340045744906,0.7350196182444917,0.7298203069951249,0.5455483774062185,0.4771791300166396,0.5420654322497925,0.5221507151298374,0.29884599340059065,0.21485841896605418,0.30488607027095144,0.40776563084119427,0.17137698016441755,0.03826291827434127,0.08379088892691089,0.38384642680290676,0.16158412473535452,0.0,0.0,0.4315702828302997,0.24915448216723443,0.0657061176018593,0.03195375423313968,0.3056093657173027,0.15788904042918028,0.07161094999386503,0.006954428969819257,0.4860040651631866,0.1586922037279853,0.25013812299729177,0.2482645346991781,0.16323946622352895,0.03455828686060786,0.0,0.0,0.0,0.0,0.0,0.0,0.0,0.39828189752883814
0.0,0.0,0.0,0.0,0.0,0.0,0.0,0.0,0.0,0.0,0.0,0.0,0.0,0.0,0.0,0.0,0.0,0.0,0.0,0.0,0.0,0.0,0.0,0.0,0.0,0.0,0.0,0.0,0.0,0.0,0.0,0.0,0.0,0.0,0.0,0.0,0.0,0.0,0.0,0.0,0.0,0.0,0.0,0.0,0.7383136272976881,1.0,0.7425816591604574,0.5485783524047693,0.48344756227817665,0.5500785884408752,0.5327959172308392,0.30534947943986107,0.21893627818544267,0.3080476046994459,0.43172442527794147,0.1935376067764975,0.050247165560955036,0.0893490904201616,0.42068020170922293,0.2213695944441704,0.05097684936534088,0.032743752987731196,0.4315115844476856,0.2744882846048,0.13006961734219274,0.1033259327253254,0.4128169010526002,0.2625680681329236,0.14586575045754047,0.15239643327545105,0.5479698209576546,0.12121768789294463,0.3237492037937511,0.0,0.6868696381937919,0.25471881837395133,0.16941417466055275,0.03586168201113875,0.0,0.0,0.0,0.0,0.0,0.0,0.0,0.0,0.0,0.29027678761217685
0.0,0.0,0.0,0.0,0.0,0.0,0.0,0.0,0.0,0.0,0.0,0.0,0.0,0.0,0.0,0.0,0.0,0.004333682320465957,0.0,0.0,0.0,0.0,0.0,0.0,0.0,0.0,0.0,0.0,0.0,0.0,0.0,0.0,0.0,0.0,0.0,0.0,0.0,0.019447441099383418,0.0,0.0,0.0,0.0,0.0,0.0,0.5469764421117276,0.7425816591604574,1.0,0.7375080769011881,0.5546088228325259,0.4813260311845375,0.2970886597967098,0.09638399287332097,0.06677479419422304,0.21790422480172525,0.17505168043863545,0.0,0.0,0.0,0.186080548907657,9.224659859612487e-05,0.0,0.0,0.2490662470846326,0.1457228861763011,0.0,0.0,0.26253165150475477,0.1865678818486079,0.1036124670570383,0.08564797068828725,0.7344819747761127,0.07734044953316556,0.49120811744904547,0.0,0.49270197352402745,0.48503400627016885,0.2581158786045672,0.0,0.0,0.0,0.0,0.0,0.0,0.0,0.0,0.0,0.0,0.11986222757166912
0.0,0.0,0.0,0.0,0.0,0.0,0.0,0.0,0.0,0.0,0.0,0.0,0.0,0.0,0.0,0.0,0.08704712685109334,0.1527085366338158,0.0,0.0,0.0,0.0,0.0,0.0,0.0,0.0,0.0,0.0,0.0,0.0,0.0,0.0,0.0,0.0,0.0,0.0,0.0,0.20287605276748005,0.03843091267611006,0.0,0.0,0.0,0.0,0.0,0.4723858819524118,0.5485783524047693,0.7375080769011881,1.0,0.7454841054722043,0.5489932963301879,0.2022892159959487,0.05775229807772296,0.10368635122456231,0.3090729763015859,0.019906119164652947,0.0,0.0,0.0,0.0,0.0,0.0,0.0,0.06563329237882379,0.0,0.0,0.0,0.14584017912553618,0.10362844623892495,0.0,0.0,0.5430423144147456,0.06850265502096922,0.3198905225401645,0.0,0.25615502701945825,0.6862566512832753,0.49147225570081476,0.13650291425850675,0.0,0.0,0.0,0.0,0.0,0.0,0.0,0.0,0.0,0.04279385801042738
0.0,0.0,0.0,0.0,0.0,0.0,0.0,0.0,0.0,0.0,0.0,0.023916745080721523,0.0441668038948009,0.0,0.0,0.0,0.024648032358119677,0.15369069554996814,0.0,0.0,0.0,0.0,0.0,0.0,0.0,0.0,0.0,0.0,0.0,0.0,0.0,0.0,0.0,0.0,0.0,0.0,0.06545308534892544,0.2480185163123342,0.0,0.0,0.0,0.0,0.0,0.0,0.5435340045744906,0.48344756227817665,0.5546088228325259,0.7454841054722043,1.0,0.7375444770025097,0.2973043883669592,0.21494699861964536,0.3142106444186101,0.5428985806135849,0.06689261920687643,0.0,0.0,0.0,0.0,0.0,0.0,0.0,0.03191098997909772,0.0,0.0,0.0,0.15240057718128436,0.08569473778048808,0.0,0.0,0.31207627146969663,0.09446869059981575,0.07806590597490103,0.017677052761243085,0.17054338511200529,0.48947040340871767,0.685922150221225,0.39006366742435467,0.0378600347233234,0.0,0.0,0.0,0.0,0.0,0.0,0.0,0.0,0.10807605326322041
0.0,0.0,0.0,0.0,0.0,0.0,0.0,0.0,0.0,0.0,0.0,0.0,0.0,0.0,0.0,0.0,0.0,0.010255092315700435,0.0,0.0,0.0,0.0,0.0,0.0,0.0,0.0,0.0,0.0,0.0,0.0,0.0,0.0,0.0,0.0,0.0,0.0,0.0,0.10191993387182871,0.0,0.0,0.0,0.0,0.0,0.0,0.7350196182444917,0.5500785884408752,0.4813260311845375,0.5489932963301879,0.7375444770025097,1.0,0.537564500609839,0.4766079475397699,0.552455729133119,0.7354888818411144,0.2858541243261705,0.08634319460776718,0.060588716525081916,0.21506947378259766,0.1534550019533525,0.0,0.0,0.0,0.1615652061021776,0.0,0.0,0.0,0.2745171760416797,0.14578895552392693,0.0,0.0,0.2159759714124568,0.13233430855161854,0.0,0.03614058102076678,0.2543412540668392,0.25294345457183043,0.4874631310794254,0.48483171551855603,0.2559152222745992,0.0,0.0,0.0,0.0,0.0,0.0,0.0,0.0,0.2721706651390326
0.0,0.0,0.0,0.0,0.0,0.0,0.0,0.0,0.0,0.0,0.0,0.0,0.0,0.0,0.0,0.0,0.0,0.0,0.0,0.0,0.0,0.0,0.0,0.0,0.0,0.0,0.0,0.0,0.0,0.0,0.0,0.0,0.0,0.0,0.0,0.0,0.0,0.0,0.0,0.0,0.0,0.0,0.0,0.0,0.7298203069951249,0.5327959172308392,0.2970886597967098,0.2022892159959487,0.2973043883669592,0.537564500609839,1.0,0.7368532193651142,0.5418826569579372,0.47019082666760703,0.7308194380443876,0.5451736415750059,0.4764108339544175,0.5430522441258495,0.5198374075747818,0.2934986581630913,0.21182056344482297,0.3047941449911543,0.40778071871977895,0.15347584715012663,0.01732098246986136,0.07139088839998425,0.4207482585818374,0.18616226775424075,0.0,0.0,0.0808372909766803,0.08022801455576807,0.0,0.0,0.3759038010032264,0.0,0.02547474677252569,0.15641723683540443,0.24991820666375342,0.24982212843022417,0.16284107352309277,0.03538824750036841,0.0,0.0,0.0,0.0,0.0,0.4247389903718889
0.0,0.0,0.0,0.0,0.0,0.0,0.0,0.0,0.0,0.0,0.0,0.0,0.0,0.0,0.0,0.0,0.0,0.0,0.0,0.0,0.0,0.0,0.0,0.0,0.0,0.0,0.0,0.0,0.0,0.0,0.0,0.0,0.0,0.0,0.0,0.0,0.0,0.0,0.0,0.0,0.0,0.0,0.0,0.0,0.5455483774062185,0.30534947943986107,0.09638399287332097,0.05775229807772296,0.21494699861964536,0.4766079475397699,0.7368532193651142,1.0,0.7348721697915077,0.5487976973436485,0.5433911010142751,0.4790061261849174,0.5523411342335011,0.7361475821689949,0.29350504405449557,0.08717253848637117,0.05937219268462817,0.21597555939274893,0.17139153968438237,0.0,0.0,0.0,0.22142862829633755,0.0001685090359706378,0.0,0.0,0.0,0.0,0.0,0.0,0.1242673739869024,0.0,0.0,0.2524127799999646,0.48595476359318995,0.4857192342804658,0.2557701523503865,0.0,0.0,0.0,0.0,0.0,0.0,0.27072926503283395
0.0,0.0,0.0,0.0,0.0,0.0,0.0,0.0,0.0,0.0,0.0,0.0,0.0,0.0,0.0,0.0,0.0,0.0,0.0,0.0,0.0,0.0,0.0,0.0,0.0,0.0,0.0,0.0,0.0,0.0,0.0,0.0,0.0,0.0,0.0,0.0,0.0,0.0,0.0,0.0,0.0,0.0,0.0,0.0,0.4771791300166396,0.21893627818544267,0.06677479419422304,0.10368635122456231,0.3142106444186101,0.552455729133119,0.5418826569579372,0.7348721697915077,1.0,0.7479105288965426,0.2998726200583469,0.21396775030776177,0.3124382869078446,0.5431728353987776,0.07138742421349499,0.0,0.0,0.0,0.0,0.0,0.0,0.0,0.10336730622847234,0.0,0.0,0.0,0.0,0.0,0.0,0.0,0.0,0.0,0.14190325019451763,0.49192526164207184,0.6858569743583257,0.39317531472658807,0.03659071090844656,0.0,0.0,0.0,0.0,0.0,0.0,0.16886057777842944
0.0,0.0,0.0,0.0,0.0,0.0,0.0,0.0,0.0,0.0,0.0,0.0,0.0,0.0,0.0,0.0,0.0,0.0,0.0,0.0,0.0,0.0,0.0,0.0,0.0,0.0,0.0,0.0,0.0,0.0,0.0,0.0,0.0,0.0,0.0,0.0,0.0,0.0,0.0,0.0,0.0,0.0,0.0,0.0,0.5420654322497925,0.3080476046994459,0.21790422480172525,0.3090729763015859,0.5428985806135849,0.7354888818411144,0.47019082666760703,0.5487976973436485,0.7479105288965426,1.0,0.20243457870233286,0.05572246133340286,0.10312096562721333,0.3114798873234592,0.017306537271689418,0.0,0.0,0.0,0.0,0.0,0.0,0.0,0.13009769910934485,0.0,0.0,0.0,0.0,0.020552365600648045,0.0,0.0,0.03156576562165873,0.0331235286988517,0.3921288438868102,0.6859443510222152,0.4926225811120638,0.1423981533334991,0.0,0.0,0.0,0.0,0.0,0.0,0.0,0.17527348899217438
0.0,0.0,0.0,0.0,0.0,0.0,0.0,0.0,0.0,0.0,0.0,0.0,0.0,0.0,0.0,0.0,0.0,0.0,0.0,0.0,0.0,0.0,0.0,0.0,0.0,0.0,0.0,0.0,0.0,0.0,0.0,0.0,0.0,0.0,0.0,0.0,0.0,0.0,0.0,0.0,0.0,0.0,0.0,0.0,0.5221507151298374,0.43172442527794147,0.17505168043863545,0.019906119164652947,0.06689261920687643,0.2858541243261705,0.7308194380443876,0.5433911010142751,0.2998726200583469,0.20243457870233286,1.0,0.735430006010348,0.5421392140600937,0.47464791853544314,0.7308267193155479,0.5433920444365342,0.4746452115025943,0.5421373110328636,0.5221648452911998,0.28586716246925603,0.2024458729091096,0.2998786534252337,0.4317702963593083,0.17509937030983105,0.019947761662346686,0.06691622474604078,0.012181119408166314,0.012236073789801055,0.0,0.0,0.3753654211305904,0.0,0.0,0.0,0.03130609291103804,0.16109728065508716,0.24914102332258267,0.24913957895348418,0.1610948347618115,0.031308194968750126,0.0,0.0,0.0,0.37545353851225083
