1.0,0.7383136272976883,0.5469764421117276,0.47238588195241193,0.5435340045744907,0.7350196182444917,0.729820306995125,0.5455483774062185,0.4771791300166396,0.5420654322497926,0.5221507151298372,0.2988459934005906,0.21485841896605418,0.30488607027095144,0.40776563084119416,0.1713769801644174,0.03826291827434111,0.08379088892691072,0.3838464268029066,0.16158412473535436,0.0,0.0,0.43157028283029963,0.24915448216723443,0.06570611760185897,0.03195375423313968,0.30560936571730285,0.15788904042918028,0.07161094999386503,0.006954428969819257,0.4860040651631866,0.15869220372798537,0.25013812299729193,0.2482645346991781,0.1632394662235291,0.034558286860608196,0.0,0.0,0.0,0.0,0.0,0.0,0.0,0.3982818975288379,0.2872884787623371,0.29608082284159587,0.2532584979100973,0.2031605529303651,0.20773030645327611,0.2544459567724996,0.18937621547005884,0.13172142451531568,0.10606565920560569,0.15050129838550158,0.056460538684178316,0.0,0.0,0.0,0.0,0.0,0.0,0.0,0.0,0.0,0.0,0.0,0.0,0.0,0.0,0.0,0.13368795266057143,0.0,0.0,0.0,0.12799671013247382,0.0,0.0,0.0,0.0,0.0,0.0,0.0,0.0,0.0,0.0,0.0,0.0,0.0
0.7383136272976883,1.0,0.7425816591604573,0.5485783524047694,0.48344756227817687,0.5500785884408754,0.5327959172308394,0.30534947943986124,0.21893627818544284,0.308047604699446,0.43172442527794164,0.1935376067764975,0.0502471655609552,0.08934909042016194,0.420680201709223,0.22136959444417056,0.05097684936534088,0.032743752987731196,0.4315115844476856,0.27448828460479996,0.13006961734219288,0.10332593272532524,0.41281690105260027,0.2625680681329236,0.14586575045754013,0.15239643327545105,0.5479698209576546,0.12121768789294446,0.32374920379375094,0.0,0.6868696381937918,0.25471881837395116,0.16941417466055292,0.035861682011138915,0.0,0.0,0.0,0.0,0.0,0.0,0.0,0.0,0.0,0.29027678761217673,0.29608082284159604,0.21259526369597428,0.13246713844995814,0.1250299941276058,0.2092722943385522,0.3074247978498166,0.24644005896927196,0.2693024775367609,0.27998334510137013,0.28685327726500204,0.07712743110982788,0.021087381117423507,0.05730848048208912,0.1567436941785858,0.0,0.0,0.0,0.0,0.0,0.0,0.0,0.0,0.0,0.0,0.0,0.0,0.0,0.0,0.0,0.0,0.01932341609851447,0.0,0.01268237676674076,0.08110821574002709,0.07385386985276826,0.0,0.0,0.0,0.0,0.0,0.0,0.0,0.0,0.0
0.5469764421117276,0.7425816591604573,1.0,0.7375080769011884,0.5546088228325259,0.48132603118453765,0.29708865979671,0.09638399287332097,0.06677479419422304,0.21790422480172508,0.17505168043863545,0.0,0.0,0.0,0.18608054890765716,9.224659859612487e-05,0.0,0.0,0.2490662470846326,0.1457228861763011,0.0,0.0,0.2625316515047549,0.1865678818486079,0.1036124670570383,0.08564797068828757,0.7344819747761128,0.07734044953316556,0.49120811744904547,0.0,0.4927019735240273,0.4850340062701687,0.2581158786045672,0.0,0.0,0.0,0.0,0.0,0.0,0.0,0.0,0.0,0.0,0.11986222757166895,0.2532584979100973,0.13246713844995797,0.0,0.0,0.05523829775222033,0.2177351787267213,0.2993437812937096,0.36848786549378115,0.3243917663092306,0.2419935269124497,0.16755635229507135,0.1770614163355971,0.25438622214519097,0.33241840161028013,0.0,0.0,0.0,0.003987556363076872,0.0,0.0,0.0,0.0,0.0,0.0,0.0,0.0,0.0,0.0,0.0,0.0,0.0,0.0,0.0,0.00962982700069045,0.14566035760056928,0.16811988698763747,0.0455058786259242,0.0,0.0,0.0,0.0,0.0,0.0,0.0
0.47238588195241193,0.5485783524047694,0.7375080769011884,1.0,0.7454841054722043,0.548993296330188,0.20228921599594904,0.05775229807772296,0.10368635122456246,0.30907297630158576,0.019906119164652947,0.0,0.0,0.0,0.0,0.0,0.0,0.0,0.06563329237882395,0.0,0.0,0.0,0.14584017912553635,0.10362844623892511,0.0,0.0,0.5430423144147458,0.06850265502096939,0.3198905225401646,0.0,0.2561550270194583,0.6862566512832753,0.49147225570081454,0.1365029142585064,0.0,0.0,0.0,0.0,0.0,0.0,0.0,0.0,0.0,0.04279385801042738,0.20316055293036545,0.12502999412760596,0.0,0.0,0.0,0.09003822234253675,0.2935033325584848,0.3086424372218862,0.17874841843379083,0.07299190414915442,0.24940377810392791,0.3048241801155457,0.3398496771537467,0.32320103934575894,0.045690916162508116,0.0,0.04580867743757511,0.1876916074266102,0.0,0.0,0.0,0.0,0.0,0.0,0.0,0.0,0.0,0.0,0.0,0.0,0.024291650901584718,0.0,0.0,0.0,0.0,0.12165803326904633,0.1547152575826983,0.034937264004283604,0.0,0.0,0.0,0.0,0.0,0.0
0.5435340045744907,0.48344756227817687,0.5546088228325259,0.7454841054722043,1.0,0.7375444770025099,0.29730438836695944,0.21494699861964536,0.3142106444186102,0.5428985806135846,0.06689261920687643,0.0,0.0,0.0,0.0,0.0,0.0,0.0,0.03191098997909772,0.0,0.0,0.0,0.15240057718128436,0.08569473778048808,0.0,0.0,0.3120762714696969,0.09446869059981575,0.07806590597490119,0.017677052761243085,0.17054338511200554,0.48947040340871784,0.685922150221225,0.39006366742435444,0.0378600347233234,0.0,0.0,0.0,0.0,0.0,0.0,0.0,0.0,0.10807605326322024,0.20773030645327628,0.2092722943385522,0.05523829775222066,0.0,0.0,0.0591082462239348,0.24872000975865408,0.18010945441781825,0.03550635704508375,0.0,0.24104543626908034,0.2524194170225594,0.2018204434424034,0.15145988919259712,0.09850241523579248,0.05765984750659037,0.10337709602881523,0.17976322089044808,0.0,0.0,0.0,0.0,0.0,0.0,0.0,0.0,0.0,0.0,0.0,0.0,0.1442710786517541,0.0,0.0,0.0,0.0,0.0,0.0010032663897193335,0.0,0.0,0.0,0.0,0.0,0.0,0.0
0.7350196182444917,0.5500785884408754,0.48132603118453765,0.548993296330188,0.7375444770025099,1.0,0.5375645006098391,0.4766079475397698,0.5524557291331189,0.7354888818411143,0.28585412432617036,0.08634319460776718,0.06058871652508176,0.21506947378259733,0.15345500195335265,0.0,0.0,0.0,0.1615652061021776,0.0,0.0,0.0,0.2745171760416798,0.1457889555239271,0.0,0.0,0.21597597141245697,0.13233430855161854,0.0,0.03614058102076695,0.25434125406683933,0.2529434545718306,0.4874631310794256,0.48483171551855586,0.2559152222745991,0.0,0.0,0.0,0.0,0.0,0.0,0.0,0.0,0.27217066513903254,0.2544459567724996,0.3074247978498165,0.2177351787267213,0.09003822234253658,0.0591082462239348,0.1373452859507268,0.20352707701712153,0.10300365500824578,0.004875829386521753,0.010306258310739308,0.1475271007519354,0.08568811803056324,0.014968195216669802,0.006856599530084283,0.03675323971889533,0.0,0.0,0.0,0.0,0.0,0.0,0.0,0.0,0.0,0.0,0.0,0.1420437304118681,0.0,0.0017365489668692475,0.0,0.21266812450299066,0.0,0.0,0.0,0.0,0.0,0.0,0.0,0.0,0.0,0.0,0.0,0.0,0.0
0.729820306995125,0.5327959172308394,0.29708865979671,0.20228921599594904,0.29730438836695944,0.5375645006098391,1.0,0.7368532193651139,0.5418826569579371,0.4701908266676072,0.7308194380443874,0.5451736415750057,0.47641083395441736,0.5430522441258493,0.5198374075747817,0.2934986581630913,0.21182056344482297,0.30479414499115404,0.40778071871977906,0.15347584715012647,0.017320982469861523,0.07139088839998409,0.42074825858183734,0.18616226775424075,0.0,0.0,0.08083729097668063,0.0802280145557679,0.0,0.0,0.3759038010032267,0.0,0.02547474677252602,0.15641723683540443,0.24991820666375358,0.24982212843022442,0.16284107352309263,0.03538824750036841,0.0,0.0,0.0,0.0,0.0,0.42473899037188884,0.18937621547005884,0.24644005896927196,0.2993437812937096,0.2935033325584846,0.24872000975865394,0.20352707701712153,0.024162789902535974,0.0,0.0,0.06575986690193851,0.0,0.0,0.0,0.0,0.0,0.0,0.0,0.0,0.0,0.0,0.0,0.0,0.0,0.0,0.0,0.0,0.21899737213065643,0.0,0.07188251950056995,0.0,0.051655237216192855,0.11911863351062447,0.0483982080621505,0.0,0.0,0.0,0.0,0.0,0.0,0.0,0.0,0.0,0.0,0.0
0.5455483774062185,0.30534947943986124,0.09638399287332097,0.05775229807772296,0.21494699861964536,0.4766079475397698,0.7368532193651139,1.0,0.7348721697915077,0.5487976973436488,0.5433911010142749,0.47900612618491734,0.552341134233501,0.7361475821689947,0.2935050440544954,0.08717253848637117,0.059372192684627845,0.21597555939274893,0.17139153968438237,0.0,0.0,0.0,0.2214286282963374,0.00016850903597080227,0.0,0.0,0.0,0.0,0.0,0.0,0.1242673739869024,0.0,0.0,0.25241277999996475,0.4859547635931903,0.4857192342804662,0.2557701523503865,0.0,0.0,0.0,0.0,0.0,0.0,0.270729265032834,0.13172142451531535,0.26930247753676056,0.3684878654937809,0.3086424372218859,0.1801094544178181,0.10300365500824545,0.0,0.0,0.0,0.0,0.0,0.0,0.0,0.0,0.0,0.0,0.0,0.0,0.0,0.0,0.0,0.0,0.0,0.0,0.0,0.0,0.3792691675264282,0.0,0.28060108371533654,0.0,0.10753183952603063,0.1649434893146206,0.0,0.0,0.0,0.0,0.0,0.0,0.0,0.0,0.0,0.0,0.0,0.0
0.4771791300166396,0.21893627818544284,0.06677479419422304,0.10368635122456246,0.3142106444186102,0.5524557291331189,0.5418826569579371,0.7348721697915077,1.0,0.7479105288965427,0.2998726200583466,0.2139677503077616,0.3124382869078446,0.5431728353987775,0.07138742421349482,0.0,0.0,0.0,0.0,0.0,0.0,0.0,0.10336730622847201,0.0,0.0,0.0,0.0,0.0,0.0,0.0,0.0,0.0,0.14190325019451794,0.4919252616420719,0.6858569743583259,0.39317531472658823,0.03659071090844639,0.0,0.0,0.0,0.0,0.0,0.0,0.16886057777842928,0.10606565920560553,0.27998334510137013,0.3243917663092306,0.17874841843379083,0.03550635704508375,0.004875829386521753,0.0,0.0,0.0,0.0,0.0,0.0,0.0,0.0,0.0,0.0,0.0,0.0,0.0,0.0,0.0,0.0,0.0,0.0,0.0,0.0,0.38581250167750514,0.0,0.32615550934718907,0.0,0.18945496076514629,0.007438027406295609,0.0,0.0,0.0,0.0,0.0,0.0,0.0,0.0,0.0,0.0,0.0,0.0
0.5420654322497926,0.308047604699446,0.21790422480172508,0.30907297630158576,0.5428985806135846,0.7354888818411143,0.4701908266676072,0.5487976973436488,0.7479105288965427,1.0,0.2024345787023327,0.05572246133340302,0.1031209656272135,0.3114798873234594,0.017306537271689584,0.0,0.0,0.0,0.0,0.0,0.0,0.0,0.13009769910934485,0.0,0.0,0.0,0.0,0.02055236560064788,0.0,0.0,0.03156576562165873,0.0331235286988517,0.3921288438868102,0.6859443510222151,0.492622581112064,0.1423981533334996,0.0,0.0,0.0,0.0,0.0,0.0,0.0,0.17527348899217438,0.15050129838550141,0.28685327726500204,0.24199352691244988,0.07299190414915425,0.0,0.010306258310739308,0.06575986690193834,0.0,0.0,0.0,0.04821722397296144,0.0,0.0,0.0,0.007990427708480014,0.0,0.0,0.0,0.0,0.0,0.0,0.0,0.0,0.0,0.0,0.0,0.25170758922447606,0.0,0.16412063591688822,0.0,0.23241274321599395,0.0,0.0,0.0,0.0,0.0,0.0,0.0,0.0,0.0,0.0,0.0,0.0,0.0
0.5221507151298372,0.43172442527794164,0.17505168043863545,0.019906119164652947,0.06689261920687643,0.28585412432617036,0.7308194380443874,0.5433911010142749,0.2998726200583466,0.2024345787023327,1.0,0.735430006010348,0.5421392140600937,0.47464791853544314,0.7308267193155479,0.5433920444365344,0.47464521150259453,0.5421373110328636,0.5221648452911999,0.285867162469256,0.20244587290910973,0.29987865342523384,0.4317702963593081,0.17509937030983122,0.01994776166234652,0.06691622474604078,0.012181119408166314,0.012236073789800562,0.0,0.0,0.3753654211305906,0.0,0.0,0.0,0.031306092911038204,0.16109728065508733,0.24914102332258267,0.24913957895348426,0.1610948347618115,0.03130819496875029,0.0,0.0,0.0,0.37545353851225066,0.05646053868417848,0.07712743110982821,0.16755635229507168,0.24940377810392825,0.2410454362690805,0.14752710075193573,0.0,0.0,0.0,0.04821722397296176,0.0,0.0,0.0,0.0,0.0,0.0,0.0,0.0,0.0,0.0,0.0,0.0,0.0,0.0,0.0,0.0,0.06858295211144638,0.0,0.0,0.0,0.0,0.117862259792571,0.10679186806162791,0.0,0.0,0.0,0.0,0.0,0.0,0.0,0.0,0.0,0.0,0.0
0.2988459934005906,0.1935376067764975,0.0,0.0,0.0,0.08634319460776718,0.5451736415750057,0.47900612618491734,0.2139677503077616,0.05572246133340302,0.735430006010348,1.0,0.7361618204161797,0.5513003258453892,0.5451813301577146,0.4790079887622462,0.5512988161011046,0.7361608636071517,0.2988570046838776,0.08634782363227426,0.055725664517949275,0.21396799807372407,0.19357331840630787,0.0,0.0,0.0,0.0,0.0,0.0,0.0,0.15081739814571685,0.0,0.0,0.0,0.0,0.2546629919528873,0.4862242162683418,0.48622319108205386,0.2546616718992943,0.0,0.0,0.0,0.0,0.15088904990933977,0.0,0.021087381117423507,0.1770614163355971,0.3048241801155457,0.2524194170225592,0.08568811803056291,0.0,0.0,0.0,0.0,0.0,0.0,0.0,0.0,0.0,0.0,0.0,0.0,0.0,0.0,0.0,0.0,0.0,0.0,0.0,0.0,0.11066131662829169,0.0,0.0,0.0,0.0,0.24267545279315952,0.14831385327788982,0.0,0.0,0.0,0.0,0.0,0.0,0.0,0.0,0.0,0.0,0.0
0.21485841896605418,0.0502471655609552,0.0,0.0,0.0,0.06058871652508176,0.47641083395441736,0.552341134233501,0.3124382869078446,0.1031209656272135,0.5421392140600937,0.7361618204161797,1.0,0.7473501902452695,0.3048053116069148,0.21597912957084858,0.31197016201301947,0.5435111021504725,0.08380647230212729,0.0,0.0,0.0,0.03278880494539475,0.0,0.0,0.0,0.0,0.0,0.0,0.0,0.0,0.0,0.0,0.0,0.1425502751684331,0.49138202357240485,0.6858858199964565,0.39335748026782574,0.035360214511822294,0.0,0.0,0.0,0.0,0.03752138337382942,0.0,0.05730848048208912,0.2543862221451908,0.3398496771537467,0.2018204434424034,0.014968195216669472,0.0,0.0,0.0,0.0,0.0,0.0,0.0,0.0,0.0,0.0,0.0,0.0,0.0,0.0,0.0,0.0,0.0,0.0,0.0,0.0,0.2644947546487998,0.0,0.17735597402822312,0.0,0.0,0.3164903911255295,0.06030894794977796,0.0,0.0,0.0,0.0,0.0,0.0,0.0,0.0,0.0,0.0,0.0
0.30488607027095144,0.08934909042016194,0.0,0.0,0.0,0.21506947378259733,0.5430522441258493,0.7361475821689947,0.5431728353987775,0.3114798873234594,0.47464791853544314,0.5513003258453892,0.7473501902452695,1.0,0.21183218117481303,0.05937627072418129,0.10277252102900662,0.3119708079461466,0.03827979064726494,0.0,0.0,0.0,0.05102925697263277,0.0,0.0,0.0,0.0,0.0,0.0,0.0,0.0,0.0,0.0,0.035656979008982646,0.3942231538391309,0.6859155327974541,0.4914732265226232,0.1415539210977039,0.0,0.0,0.0,0.0,0.0,0.09342822513791466,0.0,0.15674369417858564,0.3324184016102799,0.3232010393457588,0.15145988919259712,0.006856599530084119,0.0,0.0,0.0,0.0,0.0,0.0,0.0,0.0,0.0,0.0,0.0,0.0,0.0,0.0,0.0,0.0,0.0,0.0,0.0,0.0,0.39561710427308033,0.0,0.33700165041573615,0.0,0.0,0.2551478404724975,0.0,0.0,0.0,0.0,0.0,0.0,0.0,0.0,0.0,0.0,0.0,0.0
0.40776563084119416,0.420680201709223,0.18608054890765716,0.0,0.0,0.15345500195335265,0.5198374075747817,0.2935050440544954,0.07138742421349482,0.017306537271689584,0.7308267193155479,0.5451813301577146,0.3048053116069148,0.21183218117481303,1.0,0.7368500217731815,0.5430514136857383,0.4764153710021275,0.7298273644602161,0.5375665284698495,0.4701929129470203,0.5418833753690316,0.5328217245460741,0.29711204454322887,0.20231075822393896,0.29731257368853736,0.0801275634516124,0.08086376773525503,0.0,0.0,0.42460813749389476,0.0,0.0,0.0,0.0,0.0,0.0353998770795387,0.1628472908750291,0.2498202904634014,0.24991750500205062,0.15641783316052515,0.02547656018105043,0.0,0.37595637735543364,0.0,0.0,0.0,0.04569091616250796,0.09850241523579231,0.03675323971889533,0.0,0.0,0.0,0.007990427708480014,0.0,0.0,0.0,0.0,0.0,0.0,0.0,0.0,0.0,0.0,0.0,0.0,0.0,0.0,0.0,0.0,0.0,0.0,0.0,0.0,0.0,0.0,0.0029463108177376052,0.0,0.0,0.0,0.0,0.0,0.0,0.0,0.0,0.0,0.0,0.0
0.1713769801644174,0.22136959444417056,9.224659859612487e-05,0.0,0.0,0.0,0.2934986581630913,0.08717253848637117,0.0,0.0,0.5433920444365344,0.4790079887622462,0.21597912957084858,0.05937627072418129,0.7368500217731815,1.0,0.7361479897802895,0.5523425369161167,0.5455511114772145,0.47660245963619396,0.548794967418295,0.7348711164059194,0.30535915758062526,0.09638687465407655,0.05775467089244759,0.2149400415784114,0.0,0.0,0.0,0.0,0.2706212784083317,0.0,0.0,0.0,0.0,0.0,0.0,0.25577294470485806,0.4857188501236325,0.48595434004085336,0.25240965664109427,0.0,0.0,0.12430020458559964,0.0,0.0,0.0,0.0,0.057659847506590034,0.0,0.0,0.0,0.0,0.0,0.0,0.0,0.0,0.0,0.0,0.0,0.0,0.0,0.0,0.0,0.0,0.0,0.0,0.0,0.0,0.0,0.0,0.0,0.0,0.0,0.0,0.0,0.019331851418274527,0.0,0.0,0.0,0.0,0.0,0.0,0.0,0.0,0.0,0.0,0.0
0.03826291827434111,0.05097684936534088,0.0,0.0,0.0,0.0,0.21182056344482297,0.059372192684627845,0.0,0.0,0.47464521150259453,0.5512988161011046,0.31197016201301947,0.10277252102900662,0.5430514136857383,0.7361479897802895,1.0,0.7473490878960969,0.30488994972253347,0.2150624588959544,0.31147317752390147,0.5431659821260026,0.08936271196765502,0.0,0.0,0.0,0.0,0.0,0.0,0.0,0.09333766939964419,0.0,0.0,0.0,0.0,0.0,0.14155474151893904,0.4914739249753373,0.6859159694225059,0.3942141142181044,0.035648992113241164,0.0,0.0,0.0,0.0,0.0,0.0,0.04580867743757511,0.10337709602881523,0.0,0.0,0.0,0.0,0.0,0.0,0.0,0.0,0.0,0.0,0.0,0.0,0.0,0.0,0.0,0.0,0.0,0.0,0.0,0.0,0.0,0.0,0.0,0.0,0.0,0.0,0.0,0.09527311979044431,0.0,0.0,0.0,0.0,0.0,0.0,0.0,0.0,0.0,0.0,0.0
0.08379088892691072,0.032743752987731196,0.0,0.0,0.0,0.0,0.30479414499115404,0.21597555939274893,0.0,0.0,0.5421373110328636,0.7361608636071517,0.5435111021504725,0.3119708079461466,0.4764153710021275,0.5523425369161167,0.7473490878960969,1.0,0.21486671510081523,0.06058624230218951,0.10311700847542157,0.3124329892858488,0.05027214591030673,0.0,0.0,0.0,0.0,0.0,0.0,0.0,0.037440271869569594,0.0,0.0,0.0,0.0,0.03536120921475105,0.3933593175118495,0.6858869097411656,0.4913809508522263,0.14254063468999945,0.0,0.0,0.0,0.0,0.0,0.0,0.003987556363076543,0.18769160742660987,0.17976322089044777,0.0,0.0,0.0,0.0,0.0,0.0,0.0,0.0,0.0,0.0,0.0,0.0,0.0,0.0,0.0,0.0,0.0,0.0,0.0,0.0,0.0,0.0,0.0,0.0,0.0,0.0,0.15380033998493567,0.1426490027585276,0.0,0.0,0.0,0.0,0.0,0.0,0.0,0.0,0.0,0.0,0.0
0.3838464268029066,0.4315115844476856,0.2490662470846326,0.06563329237882395,0.03191098997909772,0.1615652061021776,0.40778071871977906,0.17139153968438237,0.0,0.0,0.5221648452911999,0.2988570046838776,0.08380647230212729,0.03827979064726494,0.7298273644602161,0.5455511114772145,0.30488994972253347,0.21486671510081523,1.0,0.7350215705063643,0.5420702023351516,0.47718560487784206,0.7383170030937783,0.5469838493426769,0.47240098031578737,0.5435427727339743,0.15777476701916865,0.30561558660468324,0.006821478738887527,0.07161860517031284,0.39816342195179966,0.0,0.0,0.0,0.0,0.0,0.0,0.0,0.034560625756659184,0.16324620159120382,0.24826615795733611,0.2501454663248484,0.15870579411372956,0.48601455008843336,0.0,0.0,0.0,0.0,0.0,0.0,0.0,0.0,0.0,0.0,0.0,0.0,0.0,0.0,0.0,0.0,0.0,0.0,0.0,0.0,0.0,0.0,0.0,0.0,0.0,0.0,0.0,0.0,0.0,0.0,0.0,0.0,0.0,0.0,0.0,0.0,0.0,0.0,0.0,0.0,0.0,0.0,0.0,0.0
0.16158412473535436,0.27448828460479996,0.1457228861763011,0.0,0.0,0.0,0.15347584715012647,0.0,0.0,0.0,0.285867162469256,0.08634782363227426,0.0,0.0,0.5375665284698495,0.47660245963619396,0.2150624588959544,0.06058624230218951,0.7350215705063643,1.0,0.7354871920433458,0.552453658381169,0.5500684425387348,0.4813132498488389,0.5489906888403041,0.7375426833086147,0.1322306588155718,0.21596334426981897,0.036005785193462696,0.0,0.2720922419039434,0.0,0.0,0.0,0.0,0.0,0.0,0.0,0.0,0.2559140404668009,0.48482796535774486,0.4874619742637698,0.252940639949429,0.25433412464756106,0.0,0.0,0.0,0.0,0.0,0.0,0.0,0.0,0.0,0.0,0.0,0.0,0.0,0.0,0.0,0.0,0.0,0.0,0.0,0.0,0.0,0.0,0.0,0.0,0.0,0.0,0.0,0.0,0.0,0.0,0.0,0.0,0.0,0.0,0.0,0.0,0.0,0.0,0.0,0.0,0.0,0.0,0.0,0.0
0.0,0.13006961734219288,0.0,0.0,0.0,0.0,0.017320982469861523,0.0,0.0,0.0,0.20244587290910973,0.055725664517949275,0.0,0.0,0.4701929129470203,0.548794967418295,0.31147317752390147,0.10311700847542157,0.5420702023351516,0.7354871920433458,1.0,0.7479103617252781,0.30804106824643207,0.2178875816388902,0.3090590798883706,0.542882904466618,0.02045447064094518,0.0,0.0,0.0,0.17520529491322076,0.0,0.0,0.0,0.0,0.0,0.0,0.0,0.14238602942242237,0.49262342067287446,0.6859426925361874,0.39210481001056563,0.033106495354713245,0.03156811399435651,0.0,0.0,0.0,0.0,0.0,0.0,0.0,0.0,0.0,0.0,0.0,0.0,0.0,0.0,0.0,0.0,0.0,0.0,0.0,0.0,0.0,0.0,0.0,0.0,0.0,0.0,0.0,0.0,0.0,0.0,0.0,0.0,0.0,0.0,0.0,0.0,0.0,0.0,0.0,0.0,0.0,0.0,0.0,0.0
0.0,0.10332593272532524,0.0,0.0,0.0,0.0,0.07139088839998409,0.0,0.0,0.0,0.29987865342523384,0.21396799807372407,0.0,0.0,0.5418833753690316,0.7348711164059194,0.5431659821260026,0.3124329892858488,0.47718560487784206,0.552453658381169,0.7479103617252781,1.0,0.2189386874304289,0.06676724138037117,0.10367972085589142,0.3141991707078617,0.0,0.0,0.0,0.0,0.1687784262894655,0.0,0.0,0.0,0.0,0.0,0.0,0.036584575115013056,0.3931635677645578,0.6858569900109129,0.4919247815496233,0.1418811670552738,0.0,0.0,0.0,0.0,0.0,0.0,0.0,0.0,0.0,0.0,0.0,0.0,0.0,0.0,0.0,0.0,0.0,0.0,0.0,0.0,0.0,0.0,0.0,0.0,0.0,0.0,0.0,0.0,0.0,0.0,0.0,0.0,0.0,0.0,0.0,0.0,0.0,0.0,0.0,0.0,0.0,0.0,0.0,0.0,0.0,0.0
0.43157028283029963,0.41281690105260027,0.2625316515047549,0.14584017912553635,0.15240057718128436,0.2745171760416798,0.42074825858183734,0.2214286282963374,0.10336730622847201,0.13009769910934485,0.4317702963593081,0.19357331840630787,0.03278880494539475,0.05102925697263277,0.5328217245460741,0.30535915758062526,0.08936271196765502,0.05027214591030673,0.7383170030937783,0.5500684425387348,0.30804106824643207,0.2189386874304289,1.0,0.7425828538402368,0.5485816581766224,0.4834430139664204,0.12115158473797491,0.5479704451280386,0.0,0.3237523522274666,0.290220341549163,0.0,0.0,0.0,0.0,0.0,0.0,0.0,0.0,0.0,0.03584728000183115,0.16941155896442606,0.2547216945259901,0.6868641893220898,0.0,0.0,0.0,0.0,0.0,0.0,0.0,0.0,0.0,0.0,0.0,0.0,0.0,0.0,0.0,0.0,0.0,0.0,0.0,0.0,0.0,0.0,0.0,0.0,0.0,0.0,0.0,0.0,0.0,0.0,0.0,0.0,0.0,0.0,0.0,0.0,0.0,0.0,0.0,0.0,0.0,0.0,0.0,0.0
0.24915448216723443,0.2625680681329236,0.1865678818486079,0.10362844623892511,0.08569473778048808,0.1457889555239271,0.18616226775424075,0.00016850903597080227,0.0,0.0,0.17509937030983122,0.0,0.0,0.0,0.29711204454322887,0.09638687465407655,0.0,0.0,0.5469838493426769,0.4813132498488389,0.2178875816388902,0.06676724138037117,0.7425828538402368,1.0,0.7375059493469271,0.5545995971175374,0.0772984960583407,0.7344826275065028,0.0,0.4912091446579421,0.11983993622722522,0.0,0.0,0.0,0.0,0.0,0.0,0.0,0.0,0.0,0.0,0.25811031973589926,0.48503389187692575,0.4926826804131534,0.0,0.0,0.0,0.0,0.0,0.0,0.0,0.0,0.0,0.0,0.0,0.0,0.0,0.0,0.0,0.0,0.0,0.0,0.0,0.0,0.0,0.0,0.0,0.0,0.0,0.0,0.0,0.0,0.0,0.0,0.0,0.0,0.0,0.0,0.0,0.0,0.0,0.0,0.0,0.0,0.0,0.0,0.0,0.0
0.06570611760185897,0.14586575045754013,0.1036124670570383,0.0,0.0,0.0,0.0,0.0,0.0,0.0,0.01994776166234652,0.0,0.0,0.0,0.20231075822393896,0.05775467089244759,0.0,0.0,0.47240098031578737,0.5489906888403041,0.3090590798883706,0.10367972085589142,0.5485816581766224,0.7375059493469271,1.0,0.7454822186811382,0.0684382861205334,0.5430378144359275,0.0,0.31988319989574593,0.04276845053195234,0.0,0.0,0.0,0.0,0.0,0.0,0.0,0.0,0.0,0.13647517505776985,0.4914727573160892,0.6862552915192688,0.256141057320032,0.0,0.0,0.0,0.0,0.0,0.0,0.0,0.0,0.0,0.0,0.0,0.0,0.0,0.0,0.0,0.0,0.0,0.0,0.0,0.0,0.0,0.0,0.0,0.0,0.0,0.0,0.0,0.0,0.0,0.0,0.0,0.0,0.0,0.0,0.0,0.0,0.0,0.0,0.0,0.0,0.0,0.0,0.0,0.0
0.03195375423313968,0.15239643327545105,0.08564797068828757,0.0,0.0,0.0,0.0,0.0,0.0,0.0,0.06691622474604078,0.0,0.0,0.0,0.29731257368853736,0.2149400415784114,0.0,0.0,0.5435427727339743,0.7375426833086147,0.542882904466618,0.3141991707078617,0.4834430139664204,0.5545995971175374,0.7454822186811382,1.0,0.0943738998260245,0.31206724058283075,0.0175405563635549,0.0780552524320235,0.10802526073927361,0.0,0.0,0.0,0.0,0.0,0.0,0.0,0.0,0.037846688139270154,0.3900380613718525,0.6859241893136502,0.48946947778194533,0.17053104887644044,0.0,0.0,0.0,0.0,0.0,0.0,0.0,0.0,0.0,0.0,0.0,0.0,0.0,0.0,0.0,0.0,0.0,0.0,0.0,0.0,0.0,0.0,0.0,0.0,0.0,0.0,0.0,0.0,0.0,0.0,0.0,0.0,0.0,0.0,0.0,0.0,0.0,0.0,0.0,0.0,0.0,0.0,0.0,0.0
0.30560936571730285,0.5479698209576546,0.7344819747761128,0.5430423144147458,0.3120762714696969,0.21597597141245697,0.08083729097668063,0.0,0.0,0.0,0.012181119408166314,0.0,0.0,0.0,0.0801275634516124,0.0,0.0,0.0,0.15777476701916865,0.1322306588155718,0.02045447064094518,0.0,0.12115158473797491,0.0772984960583407,0.0684382861205334,0.0943738998260245,1.0,0.0,0.7567245186575848,0.0,0.3997585830262866,0.3893350537378903,0.03551247928566524,0.0,0.0,0.0,0.0,0.0,0.0,0.0,0.0,0.0,0.0,0.0,0.13368795266057176,0.0,0.0,0.0,0.0,0.14204373041186844,0.2189973721306566,0.37926916752642853,0.3858125016775051,0.25170758922447606,0.06858295211144622,0.11066131662829169,0.2644947546487998,0.39561710427308067,0.0,0.0,0.0,0.0,0.0,0.0,0.0,0.0,0.0,0.0,0.0,0.0,0.0,0.0,0.0,0.0,0.0,0.0,0.0,0.04798145137649518,0.2814356997886875,0.3077261771402022,0.08261073180335,0.0,0.0,0.0,0.0,0.0,0.0,0.0
0.15788904042918028,0.12121768789294446,0.07734044953316556,0.06850265502096939,0.09446869059981575,0.13233430855161854,0.0802280145557679,0.0,0.0,0.02055236560064788,0.012236073789800562,0.0,0.0,0.0,0.08086376773525503,0.0,0.0,0.0,0.30561558660468324,0.21596334426981897,0.0,0.0,0.5479704451280386,0.7344826275065028,0.5430378144359275,0.31206724058283075,0.0,1.0,0.0,0.756724905219376,0.0,0.0,0.0,0.0,0.0,0.0,0.0,0.0,0.0,0.0,0.0,0.03550722110537488,0.38933242482360936,0.3997312105386249,0.0,0.0,0.0,0.0,0.0,0.0,0.0,0.0,0.0,0.0,0.0,0.0,0.0,0.0,0.0,0.0,0.0,0.0,0.0,0.0,0.0,0.0,0.0,0.0,0.0,0.0,0.0,0.0,0.0,0.0,0.0,0.0,0.0,0.0,0.0,0.0,0.0,0.0,0.0,0.0,0.0,0.0,0.0,0.0
0.07161094999386503,0.32374920379375094,0.49120811744904547,0.3198905225401646,0.07806590597490119,0.0,0.0,0.0,0.0,0.0,0.0,0.0,0.0,0.0,0.0,0.0,0.0,0.0,0.006821478738887527,0.036005785193462696,0.0,0.0,0.0,0.0,0.0,0.0175405563635549,0.7567245186575848,0.0,1.0,0.0,0.23312069873053337,0.22328646317189713,0.0,0.0,0.0,0.0,0.0,0.0,0.0,0.0,0.0,0.0,0.0,0.0,0.0,0.0,0.0,0.0,0.0,0.0018386989060970246,0.07611090300060332,0.29710702981623865,0.3453411275440822,0.1737747909708225,0.0,0.0,0.18778867838282418,0.3568252769107796,0.0,0.0,0.0,0.0,0.0,0.0,0.0,0.0,0.0,0.0,0.0,0.0,0.0,0.0,0.0,0.0,0.0,0.0,0.0,0.0,0.30826919568680866,0.33769071055424643,0.023850476854663547,0.0,0.0,0.0,0.0,0.0,0.0,0.0
0.006954428969819257,0.0,0.0,0.0,0.017677052761243085,0.03614058102076695,0.0,0.0,0.0,0.0,0.0,0.0,0.0,0.0,0.0,0.0,0.0,0.0,0.07161860517031284,0.0,0.0,0.0,0.3237523522274666,0.4912091446579421,0.31988319989574593,0.0780552524320235,0.0,0.756724905219376,0.0,1.0,0.0,0.0,0.0,0.0,0.0,0.0,0.0,0.0,0.0,0.0,0.0,0.0,0.22327821865236583,0.2330958655224752,0.0,0.0,0.0,0.0,0.0,0.0,0.0,0.0,0.0,0.0,0.0,0.0,0.0,0.0,0.0,0.0,0.0,0.0,0.0,0.0,0.0,0.0,0.0,0.0,0.0,0.0,0.0,0.0,0.0,0.0,0.0,0.0,0.0,0.0,0.0,0.0,0.0,0.0,0.0,0.0,0.0,0.0,0.0,0.0
0.4860040651631866,0.6868696381937918,0.4927019735240273,0.2561550270194583,0.17054338511200554,0.25434125406683933,0.3759038010032267,0.1242673739869024,0.0,0.03156576562165873,0.3753654211305906,0.15081739814571685,0.0,0.0,0.42460813749389476,0.2706212784083317,0.09333766939964419,0.037440271869569594,0.39816342195179966,0.2720922419039434,0.17520529491322076,0.1687784262894655,0.290220341549163,0.11983993622722522,0.04276845053195234,0.10802526073927361,0.3997585830262866,0.0,0.23312069873053337,0.0,1.0,0.0,0.0,0.0,0.0,0.0,0.0,0.0,0.0,0.0,0.0,0.0,0.0,0.16698529626363245,0.16535460160654494,0.024963264816262293,0.0,0.0313815585809944,0.18637890543528002,0.2747387254344855,0.06673164616445926,0.13891673048817357,0.2447504277827245,0.3002461275996091,0.0,0.0,0.0,0.0,0.0,0.0,0.0,0.0,0.0,0.0,0.0,0.0,0.0,0.0,0.0,0.0,0.0,0.0,0.0,0.0,0.0,0.0,0.0,0.0963747487079226,0.008976504680932439,0.0,0.0,0.0,0.0,0.0,0.0,0.0,0.0,0.0
0.15869220372798537,0.25471881837395116,0.4850340062701687,0.6862566512832753,0.48947040340871784,0.2529434545718306,0.0,0.0,0.0,0.0331235286988517,0.0,0.0,0.0,0.0,0.0,0.0,0.0,0.0,0.0,0.0,0.0,0.0,0.0,0.0,0.0,0.0,0.3893350537378903,0.0,0.22328646317189713,0.0,0.0,1.0,0.40669526651311216,0.0,0.0,0.0,0.0,0.0,0.0,0.0,0.0,0.0,0.0,0.0,0.0,0.0,0.0,0.0,0.0,0.0,0.15388531601851033,0.21308489050214172,0.009608934926793159,0.0,0.1522622494927949,0.31350417346484727,0.40886318470762195,0.329616827404662,0.0,0.0,0.0,0.1986894344303001,0.0,0.0,0.0,0.0,0.0,0.0,0.0,0.0,0.0,0.0,0.0,0.0,0.0,0.0,0.0,0.0,0.0,0.09280910898467433,0.2346955190620883,0.05703973650613326,0.0,0.0,0.0,0.0,0.0,0.0
0.25013812299729193,0.16941417466055292,0.2581158786045672,0.49147225570081454,0.685922150221225,0.4874631310794256,0.02547474677252602,0.0,0.14190325019451794,0.3921288438868102,0.0,0.0,0.0,0.0,0.0,0.0,0.0,0.0,0.0,0.0,0.0,0.0,0.0,0.0,0.0,0.0,0.03551247928566524,0.0,0.0,0.0,0.0,0.40669526651311216,1.0,0.41916785484783053,0.0,0.0,0.0,0.0,0.0,0.0,0.0,0.0,0.0,0.0,0.0,0.01638393170822948,0.0,0.0,0.0,0.0,0.06252400084584037,0.0,0.0,0.0,0.13796078649109764,0.1916016286365081,0.0779110810834448,0.0,0.003806238855450283,0.02497416211930224,0.12308010690631521,0.18428340069283472,0.0,0.0,0.0,0.0,0.0,0.0,0.0,0.0,0.0,0.0,0.0,0.0,0.0,0.0,0.0,0.0,0.0,0.0,0.0,0.0,0.0,0.0,0.0,0.0,0.0,0.0
0.2482645346991781,0.035861682011138915,0.0,0.1365029142585064,0.39006366742435444,0.48483171551855586,0.15641723683540443,0.25241277999996475,0.4919252616420719,0.6859443510222151,0.0,0.0,0.0,0.035656979008982646,0.0,0.0,0.0,0.0,0.0,0.0,0.0,0.0,0.0,0.0,0.0,0.0,0.0,0.0,0.0,0.0,0.0,0.0,0.41916785484783053,1.0,0.4086773407557565,0.0,0.0,0.0,0.0,0.0,0.0,0.0,0.0,0.0,0.0,0.10478094856367139,0.012440446364528334,0.0,0.0,0.0,0.0,0.0,0.0,0.0,0.0,0.0,0.0,0.0,0.0,0.0,0.0,0.0,0.0,0.0,0.0,0.0,0.0,0.0,0.0,0.0,0.06198560704140526,0.0,0.0,0.0,0.0963747487079227,0.0,0.0,0.0,0.0,0.0,0.0,0.0,0.0,0.0,0.0,0.0,0.0,0.0
0.1632394662235291,0.0,0.0,0.0,0.0378600347233234,0.2559152222745991,0.24991820666375358,0.4859547635931903,0.6858569743583259,0.492622581112064,0.031306092911038204,0.0,0.1425502751684331,0.3942231538391309,0.0,0.0,0.0,0.0,0.0,0.0,0.0,0.0,0.0,0.0,0.0,0.0,0.0,0.0,0.0,0.0,0.0,0.0,0.0,0.4086773407557565,1.0,0.4256687111686187,0.0,0.0,0.0,0.0,0.0,0.0,0.0,0.0,0.0,0.09540930555142335,0.18817366771365412,0.0,0.0,0.0,0.0,0.0,0.0,0.0,0.0,0.0,0.0,0.0,0.0,0.0,0.0,0.0,0.0,0.0,0.0,0.0,0.0,0.0,0.0,0.0,0.36357721982270635,0.0,0.3761179181824704,0.0,0.008976504680932864,0.0,0.0,0.0,0.0,0.0,0.0,0.0,0.0,0.0,0.0,0.0,0.0,0.0
0.034558286860608196,0.0,0.0,0.0,0.0,0.0,0.24982212843022442,0.4857192342804662,0.39317531472658823,0.1423981533334996,0.16109728065508733,0.2546629919528873,0.49138202357240485,0.6859155327974541,0.0,0.0,0.0,0.03536120921475105,0.0,0.0,0.0,0.0,0.0,0.0,0.0,0.0,0.0,0.0,0.0,0.0,0.0,0.0,0.0,0.0,0.4256687111686187,1.0,0.4065301115418731,0.0,0.0,0.0,0.0,0.0,0.0,0.0,0.0,0.0,0.21718837074957956,0.15716588029972495,0.0,0.0,0.0,0.0,0.0,0.0,0.0,0.0,0.0,0.0,0.0,0.0,0.0,0.0,0.0,0.0,0.0,0.0,0.0,0.0,0.0,0.0,0.3975409943916489,0.0,0.41201498177671253,0.0,0.0,0.09280910898467454,0.0,0.0,0.0,0.0,0.0,0.0,0.0,0.0,0.0,0.0,0.0,0.0
0.0,0.0,0.0,0.0,0.0,0.0,0.16284107352309263,0.2557701523503865,0.03659071090844639,0.0,0.24914102332258267,0.4862242162683418,0.6858858199964565,0.4914732265226232,0.0353998770795387,0.0,0.14155474151893904,0.3933593175118495,0.0,0.0,0.0,0.0,0.0,0.0,0.0,0.0,0.0,0.0,0.0,0.0,0.0,0.0,0.0,0.0,0.0,0.4065301115418731,1.0,0.42407243763414826,0.0,0.0,0.0,0.0,0.0,0.0,0.0,0.0,0.058787498703347485,0.19987138539391702,0.001296085766623275,0.0,0.0,0.0,0.0,0.0,0.0,0.0,0.0,0.0,0.0,0.0,0.0,0.0,0.0,0.0,0.0,0.0,0.0,0.0,0.0,0.0,0.10672199802346696,0.0,0.029099864104972905,0.0,0.0,0.23469551906208885,0.0,0.0,0.0,0.0,0.0,0.0,0.0,0.0,0.0,0.0,0.0,0.0
0.0,0.0,0.0,0.0,0.0,0.0,0.03538824750036841,0.0,0.0,0.0,0.24913957895348426,0.48622319108205386,0.39335748026782574,0.1415539210977039,0.1628472908750291,0.25577294470485806,0.4914739249753373,0.6858869097411656,0.0,0.0,0.0,0.036584575115013056,0.0,0.0,0.0,0.0,0.0,0.0,0.0,0.0,0.0,0.0,0.0,0.0,0.0,0.0,0.42407243763414826,1.0,0.4065303221175892,0.0,0.0,0.0,0.0,0.0,0.0,0.0,0.0,0.045134264503142146,0.0,0.0,0.0,0.0,0.0,0.0,0.0,0.0,0.0,0.0,0.0,0.0,0.0,0.0,0.0,0.0,0.0,0.0,0.0,0.0,0.0,0.0,0.0,0.0,0.0,0.0,0.0,0.05703973650613369,0.0,0.0,0.0,0.0,0.0,0.0,0.0,0.0,0.0,0.0,0.0,0.0
0.0,0.0,0.0,0.0,0.0,0.0,0.0,0.0,0.0,0.0,0.1610948347618115,0.2546616718992943,0.035360214511822294,0.0,0.2498202904634014,0.4857188501236325,0.6859159694225059,0.4913809508522263,0.034560625756659184,0.0,0.14238602942242237,0.3931635677645578,0.0,0.0,0.0,0.0,0.0,0.0,0.0,0.0,0.0,0.0,0.0,0.0,0.0,0.0,0.0,0.4065303221175892,1.0,0.42564809755434707,0.0,0.0,0.0,0.0,0.0,0.0,0.0,0.0,0.0,0.0,0.0,0.0,0.0,0.0,0.0,0.0,0.0,0.0,0.0,0.0,0.0,0.0,0.0,0.0,0.0,0.0,0.0,0.0,0.0,0.0,0.0,0.0,0.0,0.0,0.0,0.0,0.0,0.0,0.0,0.0,0.0,0.0,0.0,0.0,0.0,0.0,0.0,0.0
0.0,0.0,0.0,0.0,0.0,0.0,0.0,0.0,0.0,0.0,0.03130819496875029,0.0,0.0,0.0,0.24991750500205062,0.48595434004085336,0.3942141142181044,0.14254063468999945,0.16324620159120382,0.2559140404668009,0.49262342067287446,0.6858569900109129,0.0,0.0,0.0,0.037846688139270154,0.0,0.0,0.0,0.0,0.0,0.0,0.0,0.0,0.0,0.0,0.0,0.0,0.42564809755434707,1.0,0.4086800203533554,0.0,0.0,0.0,0.0,0.0,0.0,0.0,0.0,0.0,0.0,0.0,0.0,0.0,0.0,0.0,0.0,0.0,0.0,0.0,0.0,0.0,0.0,0.0,0.0,0.0,0.0,0.0,0.0,0.0,0.0,0.0,0.0,0.0,0.0,0.0,0.0,0.0,0.0,0.0,0.0,0.0,0.0,0.0,0.0,0.0,0.0,0.0
0.0,0.0,0.0,0.0,0.0,0.0,0.0,0.0,0.0,0.0,0.0,0.0,0.0,0.0,0.15641783316052515,0.25240965664109427,0.035648992113241164,0.0,0.24826615795733611,0.48482796535774486,0.6859426925361874,0.4919247815496233,0.03584728000183115,0.0,0.13647517505776985,0.3900380613718525,0.0,0.0,0.0,0.0,0.0,0.0,0.0,0.0,0.0,0.0,0.0,0.0,0.0,0.4086800203533554,1.0,0.41911803109603285,0.0,0.0,0.0,0.0,0.0,0.0,0.0,0.0,0.0,0.0,0.0,0.0,0.0,0.0,0.0,0.0,0.0,0.0,0.0,0.0,0.0,0.0,0.0,0.0,0.0,0.0,0.0,0.0,0.0,0.0,0.0,0.0,0.0,0.0,0.0,0.0,0.0,0.0,0.0,0.0,0.0,0.0,0.0,0.0,0.0,0.0
0.0,0.0,0.0,0.0,0.0,0.0,0.0,0.0,0.0,0.0,0.0,0.0,0.0,0.0,0.02547656018105043,0.0,0.0,0.0,0.2501454663248484,0.4874619742637698,0.39210481001056563,0.1418811670552738,0.16941155896442606,0.25811031973589926,0.4914727573160892,0.6859241893136502,0.0,0.03550722110537488,0.0,0.0,0.0,0.0,0.0,0.0,0.0,0.0,0.0,0.0,0.0,0.0,0.41911803109603285,1.0,0.40669818612621056,0.0,0.0,0.0,0.0,0.0,0.0,0.0,0.0,0.0,0.0,0.0,0.0,0.0,0.0,0.0,0.0,0.0,0.0,0.0,0.0,0.0,0.0,0.0,0.0,0.0,0.0,0.0,0.0,0.0,0.0,0.0,0.0,0.0,0.0,0.0,0.0,0.0,0.0,0.0,0.0,0.0,0.0,0.0,0.0,0.0
0.0,0.0,0.0,0.0,0.0,0.0,0.0,0.0,0.0,0.0,0.0,0.0,0.0,0.0,0.0,0.0,0.0,0.0,0.15870579411372956,0.252940639949429,0.033106495354713245,0.0,0.2547216945259901,0.48503389187692575,0.6862552915192688,0.48946947778194533,0.0,0.38933242482360936,0.0,0.22327821865236583,0.0,0.0,0.0,0.0,0.0,0.0,0.0,0.0,0.0,0.0,0.0,0.40669818612621056,1.0,0.0,0.0,0.0,0.0,0.0,0.0,0.0,0.0,0.0,0.0,0.0,0.0,0.0,0.0,0.0,0.0,0.0,0.0,0.0,0.0,0.0,0.0,0.0,0.0,0.0,0.0,0.0,0.0,0.0,0.0,0.0,0.0,0.0,0.0,0.0,0.0,0.0,0.0,0.0,0.0,0.0,0.0,0.0,0.0,0.0
0.3982818975288379,0.29027678761217673,0.11986222757166895,0.04279385801042738,0.10807605326322024,0.27217066513903254,0.42473899037188884,0.270729265032834,0.16886057777842928,0.17527348899217438,0.37545353851225066,0.15088904990933977,0.03752138337382942,0.09342822513791466,0.37595637735543364,0.12430020458559964,0.0,0.0,0.48601455008843336,0.25433412464756106,0.03156811399435651,0.0,0.6868641893220898,0.4926826804131534,0.256141057320032,0.17053104887644044,0.0,0.3997312105386249,0.0,0.2330958655224752,0.16698529626363245,0.0,0.0,0.0,0.0,0.0,0.0,0.0,0.0,0.0,0.0,0.0,0.0,1.0,0.0,0.0,0.0,0.0,0.0,0.0,0.0,0.0,0.0,0.0,0.0,0.0,0.0,0.0,0.0,0.0,0.0,0.0,0.0,0.0,0.0,0.0,0.0,0.0,0.0,0.0,0.0,0.0,0.0,0.0,0.0,0.0,0.0,0.0,0.0,0.0,0.0,0.0,0.0,0.0,0.0,0.0,0.0,0.0
0.2872884787623371,0.29608082284159604,0.2532584979100973,0.20316055293036545,0.20773030645327628,0.2544459567724996,0.18937621547005884,0.13172142451531535,0.10606565920560553,0.15050129838550141,0.05646053868417848,0.0,0.0,0.0,0.0,0.0,0.0,0.0,0.0,0.0,0.0,0.0,0.0,0.0,0.0,0.0,0.13368795266057176,0.0,0.0,0.0,0.16535460160654494,0.0,0.0,0.0,0.0,0.0,0.0,0.0,0.0,0.0,0.0,0.0,0.0,0.0,1.0,0.738313627297688,0.5469764421117276,0.4723858819524116,0.5435340045744906,0.7350196182444917,0.729820306995125,0.5455483774062189,0.4771791300166399,0.5420654322497928,0.5221507151298372,0.29884599340059076,0.21485841896605434,0.30488607027095144,0.40776563084119416,0.1713769801644177,0.03826291827434127,0.08379088892691106,0.38384642680290626,0.16158412473535436,0.0,0.0,0.43157028283029997,0.24915448216723426,0.06570611760185914,0.03195375423313952,0.3056093657173025,0.15788904042918042,0.07161094999386469,0.006954428969819422,0.48600406516318656,0.15869220372798512,0.2501381229972916,0.24826453469917828,0.16323946622352936,0.034558286860608356,0.0,0.0,0.0,0.0,0.0,0.0,0.0,0.39828189752883825
0.29608082284159587,0.21259526369597428,0.13246713844995797,0.12502999412760596,0.2092722943385522,0.3074247978498165,0.24644005896927196,0.26930247753676056,0.27998334510137013,0.28685327726500204,0.07712743110982821,0.021087381117423507,0.05730848048208912,0.15674369417858564,0.0,0.0,0.0,0.0,0.0,0.0,0.0,0.0,0.0,0.0,0.0,0.0,0.0,0.0,0.0,0.0,0.024963264816262293,0.0,0.01638393170822948,0.10478094856367139,0.09540930555142335,0.0,0.0,0.0,0.0,0.0,0.0,0.0,0.0,0.0,0.738313627297688,1.0,0.7425816591604576,0.5485783524047694,0.4834475622781768,0.5500785884408752,0.5327959172308392,0.30534947943986124,0.21893627818544284,0.308047604699446,0.4317244252779414,0.1935376067764975,0.0502471655609552,0.08934909042016144,0.42068020170922293,0.22136959444417073,0.05097684936534088,0.032743752987731196,0.4315115844476853,0.27448828460479996,0.13006961734219288,0.10332593272532524,0.41281690105260055,0.2625680681329236,0.14586575045754047,0.15239643327545105,0.5479698209576546,0.12121768789294479,0.323749203793751,0.0,0.686869638193792,0.25471881837395116,0.16941417466055275,0.035861682011138915,0.0,0.0,0.0,0.0,0.0,0.0,0.0,0.0,0.0,0.290276787612177
0.2532584979100973,0.13246713844995814,0.0,0.0,0.05523829775222066,0.2177351787267213,0.2993437812937096,0.3684878654937809,0.3243917663092306,0.24199352691244988,0.16755635229507168,0.1770614163355971,0.2543862221451908,0.3324184016102799,0.0,0.0,0.0,0.003987556363076543,0.0,0.0,0.0,0.0,0.0,0.0,0.0,0.0,0.0,0.0,0.0,0.0,0.0,0.0,0.0,0.012440446364528334,0.18817366771365412,0.21718837074957956,0.058787498703347485,0.0,0.0,0.0,0.0,0.0,0.0,0.0,0.5469764421117276,0.7425816591604576,1.0,0.7375080769011884,0.554608822832526,0.4813260311845376,0.29708865979671,0.0963839928733213,0.06677479419422337,0.21790422480172542,0.17505168043863562,0.0,0.0,0.0,0.18608054890765716,9.224659859645383e-05,0.0,0.0,0.24906624708463243,0.1457228861763011,0.0,0.0,0.2625316515047552,0.1865678818486079,0.10361246705703864,0.08564797068828742,0.7344819747761125,0.07734044953316589,0.49120811744904536,0.0,0.4927019735240277,0.48503400627016857,0.2581158786045671,0.0,0.0,0.0,0.0,0.0,0.0,0.0,0.0,0.0,0.0,0.11986222757166945
0.2031605529303651,0.1250299941276058,0.0,0.0,0.0,0.09003822234253658,0.2935033325584846,0.3086424372218859,0.17874841843379083,0.07299190414915425,0.24940377810392825,0.3048241801155457,0.3398496771537467,0.3232010393457588,0.04569091616250796,0.0,0.04580867743757511,0.18769160742660987,0.0,0.0,0.0,0.0,0.0,0.0,0.0,0.0,0.0,0.0,0.0,0.0,0.0313815585809944,0.0,0.0,0.0,0.0,0.15716588029972495,0.19987138539391702,0.045134264503142146,0.0,0.0,0.0,0.0,0.0,0.0,0.4723858819524116,0.5485783524047694,0.7375080769011884,1.0,0.7454841054722043,0.5489932963301877,0.2022892159959487,0.05775229807772313,0.10368635122456246,0.30907297630158576,0.01990611916465278,0.0,0.0,0.0,0.0,0.0,0.0,0.0,0.06563329237882362,0.0,0.0,0.0,0.14584017912553648,0.10362844623892511,0.0,0.0,0.5430423144147457,0.06850265502096972,0.3198905225401646,0.0,0.25615502701945847,0.6862566512832753,0.49147225570081454,0.13650291425850658,0.0,0.0,0.0,0.0,0.0,0.0,0.0,0.0,0.0,0.042793858010427545
0.20773030645327611,0.2092722943385522,0.05523829775222033,0.0,0.0,0.0591082462239348,0.24872000975865394,0.1801094544178181,0.03550635704508375,0.0,0.2410454362690805,0.2524194170225592,0.2018204434424034,0.15145988919259712,0.09850241523579231,0.057659847506590034,0.10337709602881523,0.17976322089044777,0.0,0.0,0.0,0.0,0.0,0.0,0.0,0.0,0.0,0.0,0.0,0.0,0.18637890543528002,0.0,0.0,0.0,0.0,0.0,0.001296085766623275,0.0,0.0,0.0,0.0,0.0,0.0,0.0,0.5435340045744906,0.4834475622781768,0.554608822832526,0.7454841054722043,1.0,0.7375444770025096,0.2973043883669591,0.21494699861964536,0.3142106444186102,0.5428985806135846,0.0668926192068761,0.0,0.0,0.0,0.0,0.0,0.0,0.0,0.031910989979097394,0.0,0.0,0.0,0.15240057718128466,0.08569473778048808,0.0,0.0,0.3120762714696968,0.09446869059981623,0.07806590597490103,0.01767705276124325,0.17054338511200562,0.48947040340871784,0.6859221502212248,0.3900636674243546,0.0378600347233234,0.0,0.0,0.0,0.0,0.0,0.0,0.0,0.0,0.10807605326322058
