1.0,0.7383139470418308,0.5469777997038341,0.4723917381223614,0.543538477065386,0.7350233912018174,0.7298209466104626,0.5455484999828553,0.47718052808864236,0.5420686373058103,0.5221579105251434,0.2988603112767404,0.21487106535569156,0.3048916983012148,0.40778412059702085,0.17142044739249948,0.03830592623570011,0.08381870719333659,0.3838271907843818,0.16158045605995613,0.0,0.0,0.43146159011088897,0.24898597715780027,0.06558452424842624,0.031907628051275005,0.30561052962508284,0.15766234818484676,0.07161309686567786,0.006707858397485473,0.48600744869148765,0.15869579285193386,0.25014346408070764,0.24826778161368113,0.16324017969513693,0.03456201809008782,0.0,0.0,0.0,0.0,0.0,0.0,0.0,0.3981821085038366,0.0,0.0,0.0,0.0,0.0,0.0,0.0,0.0,0.0,0.0,0.0,0.0,0.0,0.0,0.0,0.0,0.0,0.0,0.0,0.0,0.0,0.0,0.0,0.0,0.0,0.0,0.0,0.0,0.0,0.0,0.0,0.0,0.0,0.0,0.0,0.0,0.0,0.0,0.0,0.0,0.0,0.0,0.0,0.0
0.7383139470418308,1.0,0.7425831412610443,0.5485816442902353,0.4834460187159349,0.5500731582182198,0.5328064966214658,0.3053524048621519,0.2189305320372535,0.3080397958850476,0.431752054527325,0.1935747423596603,0.050277068727962795,0.08936366914246473,0.4207331853673972,0.2214616716693365,0.05106267250845788,0.03280528536782512,0.4315058569742985,0.2745023785281937,0.1301667927995457,0.10344919435749945,0.412698585192921,0.26236178520543785,0.14570827995076244,0.15234424949738526,0.547970634408716,0.12094583660376235,0.3237510953188481,0.0,0.686866045466692,0.2547209812974597,0.169414888921938,0.03585066271962081,0.0,0.0,0.0,0.0,0.0,0.0,0.0,0.0,0.0,0.2901864106648046,0.0,0.0,0.0,0.0,0.0,0.0,0.0,0.0,0.0,0.0,0.0,0.0,0.0,0.0,0.0,0.0,0.0,0.0,0.0,0.0,0.0,0.0,0.0,0.0,0.0,0.0,0.0,0.0,0.0,0.0,0.0,0.0,0.0,0.0,0.0,0.0,0.0,0.0,0.0,0.0,0.0,0.0,0.0,0.0
0.5469777997038341,0.7425831412610443,1.0,0.7375069279837084,0.554603014283024,0.4813179538022276,0.2970974771642603,0.09639304848110823,0.06677270217606038,0.21789420580628258,0.17507203960782333,0.0,0.0,0.0,0.18610437991994727,0.00017698133290411776,0.0,0.0,0.24898932650001224,0.14566196325135544,0.0,0.0,0.26230355300264774,0.18618605666656027,0.1032821836057595,0.08547800152521887,0.7344817379592121,0.07685069153078233,0.49120798710077396,0.0,0.4926940087751549,0.48503354026027057,0.25811354760686,0.0,0.0,0.0,0.0,0.0,0.0,0.0,0.0,0.0,0.0,0.11968205302903084,0.0,0.0,0.0,0.0,0.0,0.0,0.0,0.0,0.0,0.0,0.0,0.0,0.0,0.0,0.0,0.0,0.0,0.0,0.0,0.0,0.0,0.0,0.0,0.0,0.0,0.0,0.0,0.0,0.0,0.0,0.0,0.0,0.0,0.0,0.0,0.0,0.0,0.0,0.0,0.0,0.0,0.0,0.0,0.0
0.4723917381223614,0.5485816442902353,0.7375069279837084,1.0,0.7454829244151463,0.5489912121997562,0.20229580837756922,0.05776465651786713,0.10369164301416865,0.30906897826509144,0.01991697402968463,0.0,0.0,0.0,0.0,0.0,0.0,0.0,0.06552885602395284,0.0,0.0,0.0,0.1455699892010407,0.10317564999438313,0.0,0.0,0.5430383396905556,0.06788571226371265,0.3198847833859432,0.0,0.2561490634938576,0.6862548577849613,0.49147410658811835,0.1364911785701495,0.0,0.0,0.0,0.0,0.0,0.0,0.0,0.0,0.0,0.04256683157024559,0.0,0.0,0.0,0.0,0.0,0.0,0.0,0.0,0.0,0.0,0.0,0.0,0.0,0.0,0.0,0.0,0.0,0.0,0.0,0.0,0.0,0.0,0.0,0.0,0.0,0.0,0.0,0.0,0.0,0.0,0.0,0.0,0.0,0.0,0.0,0.0,0.0,0.0,0.0,0.0,0.0,0.0,0.0,0.0
0.543538477065386,0.4834460187159349,0.554603014283024,0.7454829244151463,1.0,0.7375427704686633,0.29730565638792145,0.21495184639263137,0.31421285349218653,0.5428943559226606,0.06689734610848828,0.0,0.0,0.0,0.0,0.0,0.0,0.0,0.031838834180382955,0.0,0.0,0.0,0.15218913750409546,0.08534300383849111,0.0,0.0,0.3120694229628985,0.0939593537223232,0.07805817275784863,0.017078482084893157,0.17053520191855337,0.48946885793570266,0.6859247006951925,0.39005394376323155,0.037863659715087615,0.0,0.0,0.0,0.0,0.0,0.0,0.0,0.0,0.10788606656073059,0.0,0.0,0.0,0.0,0.0,0.0,0.0,0.0,0.0,0.0,0.0,0.0,0.0,0.0,0.0,0.0,0.0,0.0,0.0,0.0,0.0,0.0,0.0,0.0,0.0,0.0,0.0,0.0,0.0,0.0,0.0,0.0,0.0,0.0,0.0,0.0,0.0,0.0,0.0,0.0,0.0,0.0,0.0,0.0
0.7350233912018174,0.5500731582182198,0.4813179538022276,0.5489912121997562,0.7375427704686633,1.0,0.5375661249756967,0.4766081358438508,0.5524561612333334,0.7354881235208421,0.28586143238292927,0.08635730467791865,0.06060133795999164,0.21507469848542277,0.1534697829028756,0.0,0.0,0.0,0.1615429200523738,0.0,0.0,0.0,0.27439900505893383,0.1455879507462175,0.0,0.0,0.21596781697175224,0.13203623228608852,0.0,0.035794551715486074,0.2543336751191462,0.2529402792817112,0.4874625394502388,0.4848300214958499,0.2559159226521725,0.0,0.0,0.0,0.0,0.0,0.0,0.0,0.0,0.27206025682792623,0.0,0.0,0.0,0.0,0.0,0.0,0.0,0.0,0.0,0.0,0.0,0.0,0.0,0.0,0.0,0.0,0.0,0.0,0.0,0.0,0.0,0.0,0.0,0.0,0.0,0.0,0.0,0.0,0.0,0.0,0.0,0.0,0.0,0.0,0.0,0.0,0.0,0.0,0.0,0.0,0.0,0.0,0.0,0.0
0.7298209466104626,0.5328064966214658,0.2970974771642603,0.20229580837756922,0.29730565638792145,0.5375661249756967,1.0,0.736852847501688,0.5418854720036518,0.4701942341901224,0.7308264638323245,0.5451787832379932,0.4764130490941201,0.5430519704882655,0.5198527798763997,0.2935222698552584,0.21184228094827173,0.30480510083135,0.40778657439824717,0.1534881353128974,0.01735314938425915,0.07142465094779692,0.42071680751284185,0.18610608698314687,0.0,0.0,0.08084993595442799,0.0801509490794754,0.0,0.0,0.37592988428807356,0.0,0.025474265059402965,0.15642138239797188,0.2499198903287046,0.24982007186853195,0.1628450547418416,0.035395750732180084,0.0,0.0,0.0,0.0,0.0,0.42470667717150185,0.0,0.0,0.0,0.0,0.0,0.0,0.0,0.0,0.0,0.0,0.0,0.0,0.0,0.0,0.0,0.0,0.0,0.0,0.0,0.0,0.0,0.0,0.0,0.0,0.0,0.0,0.0,0.0,0.0,0.0,0.0,0.0,0.0,0.0,0.0,0.0,0.0,0.0,0.0,0.0,0.0,0.0,0.0,0.0
0.5455484999828553,0.3053524048621519,0.09639304848110823,0.05776465651786713,0.21495184639263137,0.4766081358438508,0.736852847501688,1.0,0.7348703454164836,0.5487959079111051,0.5433979639563901,0.4790070413885593,0.5523389552978424,0.7361458302255335,0.29351614505080503,0.08718427079573389,0.059381497098959686,0.21597586197465923,0.17140609692605338,0.0,0.0,0.0,0.221425931916596,0.000147952180280355,0.0,0.0,0.0,0.0,0.0,0.0,0.12427241280540804,0.0,0.0,0.252411744251733,0.48595237435125255,0.4857161889863659,0.25576906494844587,0.0,0.0,0.0,0.0,0.0,0.0,0.2707280815261098,0.0,0.0,0.0,0.0,0.0,0.0,0.0,0.0,0.0,0.0,0.0,0.0,0.0,0.0,0.0,0.0,0.0,0.0,0.0,0.0,0.0,0.0,0.0,0.0,0.0,0.0,0.0,0.0,0.0,0.0,0.0,0.0,0.0,0.0,0.0,0.0,0.0,0.0,0.0,0.0,0.0,0.0,0.0,0.0
0.47718052808864236,0.2189305320372535,0.06677270217606038,0.10369164301416865,0.31421285349218653,0.5524561612333334,0.5418854720036518,0.7348703454164836,1.0,0.7479106835097012,0.2998820830487831,0.21396651921929535,0.31242964229789294,0.5431636116276974,0.07140647900059198,0.0,0.0,0.0,0.0,0.0,0.0,0.0,0.10337071009332241,0.0,0.0,0.0,0.0,0.0,0.0,0.0,0.0,0.0,0.14190353491167348,0.49192659743409434,0.6858565496685919,0.39316171340568223,0.036581050044659086,0.0,0.0,0.0,0.0,0.0,0.0,0.168871126157035,0.0,0.0,0.0,0.0,0.0,0.0,0.0,0.0,0.0,0.0,0.0,0.0,0.0,0.0,0.0,0.0,0.0,0.0,0.0,0.0,0.0,0.0,0.0,0.0,0.0,0.0,0.0,0.0,0.0,0.0,0.0,0.0,0.0,0.0,0.0,0.0,0.0,0.0,0.0,0.0,0.0,0.0,0.0,0.0
0.5420686373058103,0.3080397958850476,0.21789420580628258,0.30906897826509144,0.5428943559226606,0.7354881235208421,0.4701942341901224,0.5487959079111051,0.7479106835097012,1.0,0.20244430853739362,0.0557274536688766,0.10312015075915569,0.31147546301962514,0.017327098799989327,0.0,0.0,0.0,0.0,0.0,0.0,0.0,0.13005598125726403,0.0,0.0,0.0,0.0,0.020390131895654074,0.0,0.0,0.0315547567003681,0.03311885449435976,0.39212243874887664,0.6859447479504698,0.4926230415418781,0.14238958698900805,0.0,0.0,0.0,0.0,0.0,0.0,0.0,0.17523896524199103,0.0,0.0,0.0,0.0,0.0,0.0,0.0,0.0,0.0,0.0,0.0,0.0,0.0,0.0,0.0,0.0,0.0,0.0,0.0,0.0,0.0,0.0,0.0,0.0,0.0,0.0,0.0,0.0,0.0,0.0,0.0,0.0,0.0,0.0,0.0,0.0,0.0,0.0,0.0,0.0,0.0,0.0,0.0,0.0
0.5221579105251434,0.431752054527325,0.17507203960782333,0.01991697402968463,0.06689734610848828,0.28586143238292927,0.7308264638323245,0.5433979639563901,0.2998820830487831,0.20244430853739362,1.0,0.7354323781625467,0.5421419274645193,0.4746518351573249,0.7308288045820472,0.5433979663372502,0.4746542432782754,0.5421426079431753,0.5221667061097923,0.28587173810305494,0.20245579436209007,0.2998877763233519,0.4317620622509222,0.17508525769304936,0.019936751683186874,0.06691565976381401,0.012207784962312973,0.012222293102080223,0.0,0.0,0.37543212087082284,0.0,0.0,0.0,0.031314024081352615,0.16109947567235403,0.24914368929776115,0.24914401739807332,0.16110195345201325,0.031315888311472355,0.0,0.0,0.0,0.3754400975761221,0.0,0.0,0.0,0.0,0.0,0.0,0.0,0.0,0.0,0.0,0.0,0.0,0.0,0.0,0.0,0.0,0.0,0.0,0.0,0.0,0.0,0.0,0.0,0.0,0.0,0.0,0.0,0.0,0.0,0.0,0.0,0.0,0.0,0.0,0.0,0.0,0.0,0.0,0.0,0.0,0.0,0.0,0.0,0.0
0.2988603112767404,0.1935747423596603,0.0,0.0,0.0,0.08635730467791865,0.5451787832379932,0.4790070413885593,0.21396651921929535,0.0557274536688766,0.7354323781625467,1.0,0.7361615431526495,0.5512996423514422,0.5451796946204331,0.4790021266346334,0.5512977858534989,0.7361592056139992,0.29886371386729554,0.08635444455656112,0.055724187969312666,0.2139609272092744,0.19358512654214177,0.0,0.0,0.0,0.0,0.0,0.0,0.0,0.1508712891815901,0.0,0.0,0.0,0.0,0.25466038860795803,0.48622360307234236,0.4862221997715139,0.2546587006009365,0.0,0.0,0.0,0.0,0.15089025841834391,0.0,0.0,0.0,0.0,0.0,0.0,0.0,0.0,0.0,0.0,0.0,0.0,0.0,0.0,0.0,0.0,0.0,0.0,0.0,0.0,0.0,0.0,0.0,0.0,0.0,0.0,0.0,0.0,0.0,0.0,0.0,0.0,0.0,0.0,0.0,0.0,0.0,0.0,0.0,0.0,0.0,0.0,0.0,0.0
0.21487106535569156,0.050277068727962795,0.0,0.0,0.0,0.06060133795999164,0.4764130490941201,0.5523389552978424,0.31242964229789294,0.10312015075915569,0.5421419274645193,0.7361615431526495,1.0,0.7473481230401998,0.3048024306001309,0.21597017944033695,0.31196460900020245,0.5435038353961656,0.0838130341117905,0.0,0.0,0.0,0.03280149334832063,0.0,0.0,0.0,0.0,0.0,0.0,0.0,0.0,0.0,0.0,0.0,0.1425326296379308,0.4913783991276242,0.6858870331405461,0.39334833660216656,0.035351849733361626,0.0,0.0,0.0,0.0,0.03752462687694094,0.0,0.0,0.0,0.0,0.0,0.0,0.0,0.0,0.0,0.0,0.0,0.0,0.0,0.0,0.0,0.0,0.0,0.0,0.0,0.0,0.0,0.0,0.0,0.0,0.0,0.0,0.0,0.0,0.0,0.0,0.0,0.0,0.0,0.0,0.0,0.0,0.0,0.0,0.0,0.0,0.0,0.0,0.0,0.0
0.3048916983012148,0.08936366914246473,0.0,0.0,0.0,0.21507469848542277,0.5430519704882655,0.7361458302255335,0.5431636116276974,0.31147546301962514,0.4746518351573249,0.5512996423514422,0.7473481230401998,1.0,0.21183341108044007,0.05937307696306038,0.10277034243846442,0.31196428739286713,0.038289607023426084,0.0,0.0,0.0,0.05103840676669493,0.0,0.0,0.0,0.0,0.0,0.0,0.0,0.0,0.0,0.0,0.035651614706793365,0.3942075477074653,0.6859140748568019,0.4914725370692828,0.1415433360127153,0.0,0.0,0.0,0.0,0.0,0.09343298133295197,0.0,0.0,0.0,0.0,0.0,0.0,0.0,0.0,0.0,0.0,0.0,0.0,0.0,0.0,0.0,0.0,0.0,0.0,0.0,0.0,0.0,0.0,0.0,0.0,0.0,0.0,0.0,0.0,0.0,0.0,0.0,0.0,0.0,0.0,0.0,0.0,0.0,0.0,0.0,0.0,0.0,0.0,0.0,0.0
0.40778412059702085,0.4207331853673972,0.18610437991994727,0.0,0.0,0.1534697829028756,0.5198527798763997,0.29351614505080503,0.07140647900059198,0.017327098799989327,0.7308288045820472,0.5451796946204331,0.3048024306001309,0.21183341108044007,1.0,0.7368527762689238,0.5430556115965737,0.4764166343147861,0.7298257534966957,0.5375700866689297,0.470200125930595,0.5418886681181906,0.5328142915125899,0.29710563677779145,0.20230569592379297,0.2973138627438211,0.08015471496018457,0.08085963873778533,0.0,0.0,0.42475539542650276,0.0,0.0,0.0,0.0,0.0,0.035394035387031855,0.16284842650829695,0.24982240380349166,0.24992106424046373,0.15642784501827292,0.025482141693588676,0.0,0.37594002578580193,0.0,0.0,0.0,0.0,0.0,0.0,0.0,0.0,0.0,0.0,0.0,0.0,0.0,0.0,0.0,0.0,0.0,0.0,0.0,0.0,0.0,0.0,0.0,0.0,0.0,0.0,0.0,0.0,0.0,0.0,0.0,0.0,0.0,0.0,0.0,0.0,0.0,0.0,0.0,0.0,0.0,0.0,0.0,0.0
0.17142044739249948,0.2214616716693365,0.00017698133290411776,0.0,0.0,0.0,0.2935222698552584,0.08718427079573389,0.0,0.0,0.5433979663372502,0.4790021266346334,0.21597017944033695,0.05937307696306038,0.7368527762689238,1.0,0.7361456602542324,0.552337140646543,0.5455499521176908,0.4766053610896236,0.5487945418173368,0.7348705327499018,0.30535906398418833,0.09639540756219525,0.05776221228991968,0.21494681869976753,0.0,0.0,0.0,0.0,0.27078988157135253,0.0,0.0,0.0,0.0,0.0,0.0,0.25576691461310713,0.48571612820738896,0.48595080139080743,0.2524119290499786,0.0,0.0,0.12428580511117265,0.0,0.0,0.0,0.0,0.0,0.0,0.0,0.0,0.0,0.0,0.0,0.0,0.0,0.0,0.0,0.0,0.0,0.0,0.0,0.0,0.0,0.0,0.0,0.0,0.0,0.0,0.0,0.0,0.0,0.0,0.0,0.0,0.0,0.0,0.0,0.0,0.0,0.0,0.0,0.0,0.0,0.0,0.0,0.0
0.03830592623570011,0.05106267250845788,0.0,0.0,0.0,0.0,0.21184228094827173,0.059381497098959686,0.0,0.0,0.4746542432782754,0.5512977858534989,0.31196460900020245,0.10277034243846442,0.5430556115965737,0.7361456602542324,1.0,0.7473484584897544,0.30489525657478356,0.21506851452190062,0.3114667373487608,0.5431560000671003,0.08937519339701701,0.0,0.0,0.0,0.0,0.0,0.0,0.0,0.09346172320626692,0.0,0.0,0.0,0.0,0.0,0.14154156375858087,0.49147192384357763,0.6859135358192219,0.39419369934470705,0.03564263879965154,0.0,0.0,0.0,0.0,0.0,0.0,0.0,0.0,0.0,0.0,0.0,0.0,0.0,0.0,0.0,0.0,0.0,0.0,0.0,0.0,0.0,0.0,0.0,0.0,0.0,0.0,0.0,0.0,0.0,0.0,0.0,0.0,0.0,0.0,0.0,0.0,0.0,0.0,0.0,0.0,0.0,0.0,0.0,0.0,0.0,0.0,0.0
0.08381870719333659,0.03280528536782512,0.0,0.0,0.0,0.0,0.30480510083135,0.21597586197465923,0.0,0.0,0.5421426079431753,0.7361592056139992,0.5435038353961656,0.31196428739286713,0.4764166343147861,0.552337140646543,0.7473484584897544,1.0,0.2148751877658781,0.06059522657255404,0.10311212987862853,0.3124221351858593,0.050289956312544036,0.0,0.0,0.0,0.0,0.0,0.0,0.0,0.03752211385814706,0.0,0.0,0.0,0.0,0.03535055939484756,0.39334692038451163,0.6858867259153064,0.49137883530477044,0.14251867711107924,0.0,0.0,0.0,0.0,0.0,0.0,0.0,0.0,0.0,0.0,0.0,0.0,0.0,0.0,0.0,0.0,0.0,0.0,0.0,0.0,0.0,0.0,0.0,0.0,0.0,0.0,0.0,0.0,0.0,0.0,0.0,0.0,0.0,0.0,0.0,0.0,0.0,0.0,0.0,0.0,0.0,0.0,0.0,0.0,0.0,0.0,0.0,0.0
0.3838271907843818,0.4315058569742985,0.24898932650001224,0.06552885602395284,0.031838834180382955,0.1615429200523738,0.40778657439824717,0.17140609692605338,0.0,0.0,0.5221667061097923,0.29886371386729554,0.0838130341117905,0.038289607023426084,0.7298257534966957,0.5455499521176908,0.30489525657478356,0.2148751877658781,1.0,0.735022585834375,0.5420713512695978,0.4771819586469245,0.7383155944336148,0.5469816225267857,0.4723970671686232,0.5435422080994848,0.15768126553076137,0.30561563575797107,0.0067201203766543,0.07162233986676533,0.39829013292937054,0.0,0.0,0.0,0.0,0.0,0.0,0.0,0.03456247584966341,0.1632419563244896,0.24826877942575296,0.25014698224685766,0.15870185537659987,0.4860101499652442,0.0,0.0,0.0,0.0,0.0,0.0,0.0,0.0,0.0,0.0,0.0,0.0,0.0,0.0,0.0,0.0,0.0,0.0,0.0,0.0,0.0,0.0,0.0,0.0,0.0,0.0,0.0,0.0,0.0,0.0,0.0,0.0,0.0,0.0,0.0,0.0,0.0,0.0,0.0,0.0,0.0,0.0,0.0,0.0
0.16158045605995613,0.2745023785281937,0.14566196325135544,0.0,0.0,0.0,0.1534881353128974,0.0,0.0,0.0,0.28587173810305494,0.08635444455656112,0.0,0.0,0.5375700866689297,0.4766053610896236,0.21506851452190062,0.06059522657255404,0.735022585834375,1.0,0.7354896053941798,0.5524535749811877,0.5500705872099634,0.4813178531672092,0.5489921430807273,0.7375441280716494,0.13214179630037604,0.21596765342841748,0.03589832317936044,0.0,0.2722343277195223,0.0,0.0,0.0,0.0,0.0,0.0,0.0,0.0,0.25591489722857436,0.4848298874679725,0.4874647534039366,0.25294234965156953,0.2543325228786619,0.0,0.0,0.0,0.0,0.0,0.0,0.0,0.0,0.0,0.0,0.0,0.0,0.0,0.0,0.0,0.0,0.0,0.0,0.0,0.0,0.0,0.0,0.0,0.0,0.0,0.0,0.0,0.0,0.0,0.0,0.0,0.0,0.0,0.0,0.0,0.0,0.0,0.0,0.0,0.0,0.0,0.0,0.0,0.0
0.0,0.1301667927995457,0.0,0.0,0.0,0.0,0.01735314938425915,0.0,0.0,0.0,0.20245579436209007,0.055724187969312666,0.0,0.0,0.470200125930595,0.5487945418173368,0.3114667373487608,0.10311212987862853,0.5420713512695978,0.7354896053941798,1.0,0.7479076582803363,0.30804214675671554,0.21789532178551738,0.309066477955606,0.542890215720985,0.02052408098207532,0.0,0.0,0.0,0.17540937999171755,0.0,0.0,0.0,0.0,0.0,0.0,0.0,0.14237446406754087,0.49262138244481096,0.6859448270393792,0.39211593127931005,0.033115791090405716,0.03156046720981267,0.0,0.0,0.0,0.0,0.0,0.0,0.0,0.0,0.0,0.0,0.0,0.0,0.0,0.0,0.0,0.0,0.0,0.0,0.0,0.0,0.0,0.0,0.0,0.0,0.0,0.0,0.0,0.0,0.0,0.0,0.0,0.0,0.0,0.0,0.0,0.0,0.0,0.0,0.0,0.0,0.0,0.0,0.0,0.0
0.0,0.10344919435749945,0.0,0.0,0.0,0.0,0.07142465094779692,0.0,0.0,0.0,0.2998877763233519,0.2139609272092744,0.0,0.0,0.5418886681181906,0.7348705327499018,0.5431560000671003,0.3124221351858593,0.4771819586469245,0.5524535749811877,0.7479076582803363,1.0,0.21893465719630947,0.06677278598621755,0.10368565831490162,0.3142044574913308,0.0,0.0,0.0,0.0,0.16899128506470293,0.0,0.0,0.0,0.0,0.0,0.0,0.03657054838406989,0.3931502454199566,0.6858567810691024,0.4919261741013187,0.14189130931075453,0.0,0.0,0.0,0.0,0.0,0.0,0.0,0.0,0.0,0.0,0.0,0.0,0.0,0.0,0.0,0.0,0.0,0.0,0.0,0.0,0.0,0.0,0.0,0.0,0.0,0.0,0.0,0.0,0.0,0.0,0.0,0.0,0.0,0.0,0.0,0.0,0.0,0.0,0.0,0.0,0.0,0.0,0.0,0.0,0.0,0.0
0.43146159011088897,0.412698585192921,0.26230355300264774,0.1455699892010407,0.15218913750409546,0.27439900505893383,0.42071680751284185,0.221425931916596,0.10337071009332241,0.13005598125726403,0.4317620622509222,0.19358512654214177,0.03280149334832063,0.05103840676669493,0.5328142915125899,0.30535906398418833,0.08937519339701701,0.050289956312544036,0.7383155944336148,0.5500705872099634,0.30804214675671554,0.21893465719630947,1.0,0.7425818852522055,0.5485802972346921,0.4834438056908196,0.12090926889204162,0.5479730252615975,0.0,0.32375946530910465,0.29025166646042894,0.0,0.0,0.0,0.0,0.0,0.0,0.0,0.0,0.0,0.03584898696786732,0.16941253545568066,0.2547198671165922,0.686865929031294,0.0,0.0,0.0,0.0,0.0,0.0,0.0,0.0,0.0,0.0,0.0,0.0,0.0,0.0,0.0,0.0,0.0,0.0,0.0,0.0,0.0,0.0,0.0,0.0,0.0,0.0,0.0,0.0,0.0,0.0,0.0,0.0,0.0,0.0,0.0,0.0,0.0,0.0,0.0,0.0,0.0,0.0,0.0,0.0
0.24898597715780027,0.26236178520543785,0.18618605666656027,0.10317564999438313,0.08534300383849111,0.1455879507462175,0.18610608698314687,0.000147952180280355,0.0,0.0,0.17508525769304936,0.0,0.0,0.0,0.29710563677779145,0.09639540756219525,0.0,0.0,0.5469816225267857,0.4813178531672092,0.21789532178551738,0.06677278598621755,0.7425818852522055,1.0,0.7375068724413247,0.5546024888439943,0.07687834178870086,0.734481927016836,0.0,0.49120834712920997,0.11980247429271008,0.0,0.0,0.0,0.0,0.0,0.0,0.0,0.0,0.0,0.0,0.25811252130990064,0.48503331783300363,0.4926878712310047,0.0,0.0,0.0,0.0,0.0,0.0,0.0,0.0,0.0,0.0,0.0,0.0,0.0,0.0,0.0,0.0,0.0,0.0,0.0,0.0,0.0,0.0,0.0,0.0,0.0,0.0,0.0,0.0,0.0,0.0,0.0,0.0,0.0,0.0,0.0,0.0,0.0,0.0,0.0,0.0,0.0,0.0,0.0,0.0
0.06558452424842624,0.14570827995076244,0.1032821836057595,0.0,0.0,0.0,0.0,0.0,0.0,0.0,0.019936751683186874,0.0,0.0,0.0,0.20230569592379297,0.05776221228991968,0.0,0.0,0.4723970671686232,0.5489921430807273,0.309066477955606,0.10368565831490162,0.5485802972346921,0.7375068724413247,1.0,0.7454826462943132,0.06803428577842334,0.5430352198362741,0.0,0.3198760661643166,0.04276442590373581,0.0,0.0,0.0,0.0,0.0,0.0,0.0,0.0,0.0,0.13648245322364164,0.49147277757504076,0.6862553907805705,0.25614431093720386,0.0,0.0,0.0,0.0,0.0,0.0,0.0,0.0,0.0,0.0,0.0,0.0,0.0,0.0,0.0,0.0,0.0,0.0,0.0,0.0,0.0,0.0,0.0,0.0,0.0,0.0,0.0,0.0,0.0,0.0,0.0,0.0,0.0,0.0,0.0,0.0,0.0,0.0,0.0,0.0,0.0,0.0,0.0,0.0
0.031907628051275005,0.15234424949738526,0.08547800152521887,0.0,0.0,0.0,0.0,0.0,0.0,0.0,0.06691565976381401,0.0,0.0,0.0,0.2973138627438211,0.21494681869976753,0.0,0.0,0.5435422080994848,0.7375441280716494,0.542890215720985,0.3142044574913308,0.4834438056908196,0.5546024888439943,0.7454826462943132,1.0,0.09414430954216428,0.31206690008758137,0.0172721234190703,0.07805122453399704,0.10810681957804442,0.0,0.0,0.0,0.0,0.0,0.0,0.0,0.0,0.03785489406549806,0.39004448428414307,0.6859245888391935,0.48946989057376583,0.17053203230834096,0.0,0.0,0.0,0.0,0.0,0.0,0.0,0.0,0.0,0.0,0.0,0.0,0.0,0.0,0.0,0.0,0.0,0.0,0.0,0.0,0.0,0.0,0.0,0.0,0.0,0.0,0.0,0.0,0.0,0.0,0.0,0.0,0.0,0.0,0.0,0.0,0.0,0.0,0.0,0.0,0.0,0.0,0.0,0.0
0.30561052962508284,0.547970634408716,0.7344817379592121,0.5430383396905556,0.3120694229628985,0.21596781697175224,0.08084993595442799,0.0,0.0,0.0,0.012207784962312973,0.0,0.0,0.0,0.08015471496018457,0.0,0.0,0.0,0.15768126553076137,0.13214179630037604,0.02052408098207532,0.0,0.12090926889204162,0.07687834178870086,0.06803428577842334,0.09414430954216428,1.0,0.0,0.7567246438217498,0.0,0.3997485927527607,0.38933190917251453,0.03550880314501837,0.0,0.0,0.0,0.0,0.0,0.0,0.0,0.0,0.0,0.0,0.0,0.0,0.0,0.0,0.0,0.0,0.0,0.0,0.0,0.0,0.0,0.0,0.0,0.0,0.0,0.0,0.0,0.0,0.0,0.0,0.0,0.0,0.0,0.0,0.0,0.0,0.0,0.0,0.0,0.0,0.0,0.0,0.0,0.0,0.0,0.0,0.0,0.0,0.0,0.0,0.0,0.0,0.0,0.0,0.0
0.15766234818484676,0.12094583660376235,0.07685069153078233,0.06788571226371265,0.0939593537223232,0.13203623228608852,0.0801509490794754,0.0,0.0,0.020390131895654074,0.012222293102080223,0.0,0.0,0.0,0.08085963873778533,0.0,0.0,0.0,0.30561563575797107,0.21596765342841748,0.0,0.0,0.5479730252615975,0.734481927016836,0.5430352198362741,0.31206690008758137,0.0,1.0,0.0,0.7567248378242367,0.0,0.0,0.0,0.0,0.0,0.0,0.0,0.0,0.0,0.0,0.0,0.03550464779201643,0.3893260648256518,0.3997449028975969,0.0,0.0,0.0,0.0,0.0,0.0,0.0,0.0,0.10050505486004098,0.0,0.0,0.0,0.0,0.029761771942712713,0.0,0.0,0.0,0.0,0.0,0.0,0.0,0.0,0.0,0.0,0.0,0.0,0.0,0.0,0.0,0.0,0.0,0.0,0.0,0.0,0.16827847032396995,0.09056849849965735,0.0,0.0,0.0,0.0,0.0,0.0,0.0,0.0
0.07161309686567786,0.3237510953188481,0.49120798710077396,0.3198847833859432,0.07805817275784863,0.0,0.0,0.0,0.0,0.0,0.0,0.0,0.0,0.0,0.0,0.0,0.0,0.0,0.0067201203766543,0.03589832317936044,0.0,0.0,0.0,0.0,0.0,0.0172721234190703,0.7567246438217498,0.0,1.0,0.0,0.23311277020471527,0.22327983939345783,0.0,0.0,0.0,0.0,0.0,0.0,0.0,0.0,0.0,0.0,0.0,0.0,0.0,0.0,0.0,0.0,0.0,0.0,0.0,0.0,0.0,0.0,0.0,0.0,0.0,0.0,0.0,0.0,0.0,0.0,0.0,0.0,0.0,0.0,0.0,0.0,0.0,0.0,0.0,0.0,0.0,0.0,0.0,0.0,0.0,0.0,0.0,0.0,0.0,0.0,0.0,0.0,0.0,0.0,0.0,0.0
0.006707858397485473,0.0,0.0,0.0,0.017078482084893157,0.035794551715486074,0.0,0.0,0.0,0.0,0.0,0.0,0.0,0.0,0.0,0.0,0.0,0.0,0.07162233986676533,0.0,0.0,0.0,0.32375946530910465,0.49120834712920997,0.3198760661643166,0.07805122453399704,0.0,0.7567248378242367,0.0,1.0,0.0,0.0,0.0,0.0,0.0,0.0,0.0,0.0,0.0,0.0,0.0,0.0,0.2232624197308194,0.23311980585932016,0.0,0.0,0.0,0.0,0.0,0.0,0.0,0.15285634345163068,0.286205806035688,0.11701477493638204,0.0,0.0,0.0,0.20796878111553502,0.0,0.0,0.0,0.0,0.0,0.0,0.0,0.0,0.0,0.0,0.0,0.0,0.0,0.0,0.0,0.0,0.0,0.0,0.0,0.0,0.3441216390732832,0.25606601126578465,0.0,0.0,0.0,0.0,0.0,0.0,0.0,0.0
0.48600744869148765,0.686866045466692,0.4926940087751549,0.2561490634938576,0.17053520191855337,0.2543336751191462,0.37592988428807356,0.12427241280540804,0.0,0.0315547567003681,0.37543212087082284,0.1508712891815901,0.0,0.0,0.42475539542650276,0.27078988157135253,0.09346172320626692,0.03752211385814706,0.39829013292937054,0.2722343277195223,0.17540937999171755,0.16899128506470293,0.29025166646042894,0.11980247429271008,0.04276442590373581,0.10810681957804442,0.3997485927527607,0.0,0.23311277020471527,0.0,1.0,0.0,0.0,0.0,0.0,0.0,0.0,0.0,0.0,0.0,0.0,0.0,0.0,0.16703326110504393,0.0,0.0,0.0,0.0,0.0,0.0,0.0,0.0,0.0,0.0,0.0,0.0,0.0,0.0,0.0,0.0,0.0,0.0,0.0,0.0,0.0,0.0,0.0,0.0,0.0,0.0,0.0,0.0,0.0,0.0,0.0,0.0,0.0,0.0,0.0,0.0,0.0,0.0,0.0,0.0,0.0,0.0,0.0,0.0
0.15869579285193386,0.2547209812974597,0.48503354026027057,0.6862548577849613,0.48946885793570266,0.2529402792817112,0.0,0.0,0.0,0.03311885449435976,0.0,0.0,0.0,0.0,0.0,0.0,0.0,0.0,0.0,0.0,0.0,0.0,0.0,0.0,0.0,0.0,0.38933190917251453,0.0,0.22327983939345783,0.0,0.0,1.0,0.40669801507713765,0.0,0.0,0.0,0.0,0.0,0.0,0.0,0.0,0.0,0.0,0.0,0.0,0.0,0.0,0.0,0.0,0.0,0.0,0.0,0.0,0.0,0.0,0.0,0.0,0.0,0.0,0.0,0.0,0.0,0.0,0.0,0.0,0.0,0.0,0.0,0.0,0.0,0.0,0.0,0.0,0.0,0.0,0.0,0.0,0.0,0.0,0.0,0.0,0.0,0.0,0.0,0.0,0.0,0.0,0.0
0.25014346408070764,0.169414888921938,0.25811354760686,0.49147410658811835,0.6859247006951925,0.4874625394502388,0.025474265059402965,0.0,0.14190353491167348,0.39212243874887664,0.0,0.0,0.0,0.0,0.0,0.0,0.0,0.0,0.0,0.0,0.0,0.0,0.0,0.0,0.0,0.0,0.03550880314501837,0.0,0.0,0.0,0.0,0.40669801507713765,1.0,0.4191491023285141,0.0,0.0,0.0,0.0,0.0,0.0,0.0,0.0,0.0,0.0,0.0,0.0,0.0,0.0,0.0,0.0,0.0,0.0,0.0,0.0,0.0,0.0,0.0,0.0,0.0,0.0,0.0,0.0,0.0,0.0,0.0,0.0,0.0,0.0,0.0,0.0,0.0,0.0,0.0,0.0,0.0,0.0,0.0,0.0,0.0,0.0,0.0,0.0,0.0,0.0,0.0,0.0,0.0,0.0
0.24826778161368113,0.03585066271962081,0.0,0.1364911785701495,0.39005394376323155,0.4848300214958499,0.15642138239797188,0.252411744251733,0.49192659743409434,0.6859447479504698,0.0,0.0,0.0,0.035651614706793365,0.0,0.0,0.0,0.0,0.0,0.0,0.0,0.0,0.0,0.0,0.0,0.0,0.0,0.0,0.0,0.0,0.0,0.0,0.4191491023285141,1.0,0.4086805673408104,0.0,0.0,0.0,0.0,0.0,0.0,0.0,0.0,0.0,0.0,0.0,0.0,0.0,0.0,0.0,0.0,0.0,0.0,0.0,0.0,0.0,0.0,0.0,0.0,0.0,0.0,0.0,0.0,0.0,0.0,0.0,0.0,0.0,0.0,0.0,0.0,0.0,0.0,0.0,0.0,0.0,0.0,0.0,0.0,0.0,0.0,0.0,0.0,0.0,0.0,0.0,0.0,0.0
0.16324017969513693,0.0,0.0,0.0,0.037863659715087615,0.2559159226521725,0.2499198903287046,0.48595237435125255,0.6858565496685919,0.4926230415418781,0.031314024081352615,0.0,0.1425326296379308,0.3942075477074653,0.0,0.0,0.0,0.0,0.0,0.0,0.0,0.0,0.0,0.0,0.0,0.0,0.0,0.0,0.0,0.0,0.0,0.0,0.0,0.4086805673408104,1.0,0.4256383811615452,0.0,0.0,0.0,0.0,0.0,0.0,0.0,0.0,0.0,0.0,0.0,0.0,0.0,0.0,0.0,0.0,0.0,0.0,0.0,0.0,0.0,0.0,0.0,0.0,0.0,0.0,0.0,0.0,0.0,0.0,0.0,0.0,0.0,0.0,0.0,0.0,0.0,0.0,0.0,0.0,0.0,0.0,0.0,0.0,0.0,0.0,0.0,0.0,0.0,0.0,0.0,0.0
0.03456201809008782,0.0,0.0,0.0,0.0,0.0,0.24982007186853195,0.4857161889863659,0.39316171340568223,0.14238958698900805,0.16109947567235403,0.25466038860795803,0.4913783991276242,0.6859140748568019,0.0,0.0,0.0,0.03535055939484756,0.0,0.0,0.0,0.0,0.0,0.0,0.0,0.0,0.0,0.0,0.0,0.0,0.0,0.0,0.0,0.0,0.4256383811615452,1.0,0.40652651200193096,0.0,0.0,0.0,0.0,0.0,0.0,0.0,0.0,0.0,0.0,0.0,0.0,0.0,0.0,0.0,0.0,0.0,0.0,0.0,0.0,0.0,0.0,0.0,0.0,0.0,0.0,0.0,0.0,0.0,0.0,0.0,0.0,0.0,0.0,0.0,0.0,0.0,0.0,0.0,0.0,0.0,0.0,0.0,0.0,0.0,0.0,0.0,0.0,0.0,0.0,0.0
0.0,0.0,0.0,0.0,0.0,0.0,0.1628450547418416,0.25576906494844587,0.036581050044659086,0.0,0.24914368929776115,0.48622360307234236,0.6858870331405461,0.4914725370692828,0.035394035387031855,0.0,0.14154156375858087,0.39334692038451163,0.0,0.0,0.0,0.0,0.0,0.0,0.0,0.0,0.0,0.0,0.0,0.0,0.0,0.0,0.0,0.0,0.0,0.40652651200193096,1.0,0.42405163956597286,0.0,0.0,0.0,0.0,0.0,0.0,0.0,0.0,0.0,0.0,0.0,0.0,0.0,0.0,0.0,0.0,0.0,0.0,0.0,0.0,0.0,0.0,0.0,0.0,0.0,0.0,0.0,0.0,0.0,0.0,0.0,0.0,0.0,0.0,0.0,0.0,0.0,0.0,0.0,0.0,0.0,0.0,0.0,0.0,0.0,0.0,0.0,0.0,0.0,0.0
0.0,0.0,0.0,0.0,0.0,0.0,0.035395750732180084,0.0,0.0,0.0,0.24914401739807332,0.4862221997715139,0.39334833660216656,0.1415433360127153,0.16284842650829695,0.25576691461310713,0.49147192384357763,0.6858867259153064,0.0,0.0,0.0,0.03657054838406989,0.0,0.0,0.0,0.0,0.0,0.0,0.0,0.0,0.0,0.0,0.0,0.0,0.0,0.0,0.42405163956597286,1.0,0.4065260631415369,0.0,0.0,0.0,0.0,0.0,0.0,0.0,0.0,0.0,0.0,0.0,0.0,0.0,0.0,0.0,0.0,0.0,0.0,0.0,0.0,0.0,0.0,0.0,0.0,0.0,0.0,0.0,0.0,0.0,0.0,0.0,0.0,0.0,0.0,0.0,0.0,0.0,0.0,0.0,0.0,0.0,0.0,0.0,0.0,0.0,0.0,0.0,0.0,0.0
0.0,0.0,0.0,0.0,0.0,0.0,0.0,0.0,0.0,0.0,0.16110195345201325,0.2546587006009365,0.035351849733361626,0.0,0.24982240380349166,0.48571612820738896,0.6859135358192219,0.49137883530477044,0.03456247584966341,0.0,0.14237446406754087,0.3931502454199566,0.0,0.0,0.0,0.0,0.0,0.0,0.0,0.0,0.0,0.0,0.0,0.0,0.0,0.0,0.0,0.4065260631415369,1.0,0.4256129637225711,0.0,0.0,0.0,0.0,0.0,0.0,0.0,0.0,0.0,0.0,0.0,0.0,0.0,0.0,0.0,0.0,0.0,0.0,0.0,0.0,0.0,0.0,0.0,0.0,0.0,0.0,0.0,0.0,0.0,0.0,0.0,0.0,0.0,0.0,0.0,0.0,0.0,0.0,0.0,0.0,0.0,0.0,0.0,0.0,0.0,0.0,0.0,0.0
0.0,0.0,0.0,0.0,0.0,0.0,0.0,0.0,0.0,0.0,0.031315888311472355,0.0,0.0,0.0,0.24992106424046373,0.48595080139080743,0.39419369934470705,0.14251867711107924,0.1632419563244896,0.25591489722857436,0.49262138244481096,0.6858567810691024,0.0,0.0,0.0,0.03785489406549806,0.0,0.0,0.0,0.0,0.0,0.0,0.0,0.0,0.0,0.0,0.0,0.0,0.4256129637225711,1.0,0.40868300401929925,0.0,0.0,0.0,0.0,0.0,0.0,0.0,0.0,0.0,0.0,0.0,0.0,0.0,0.0,0.0,0.0,0.0,0.0,0.0,0.0,0.0,0.0,0.0,0.0,0.0,0.0,0.0,0.0,0.0,0.0,0.0,0.0,0.0,0.0,0.0,0.0,0.0,0.0,0.0,0.0,0.0,0.0,0.0,0.0,0.0,0.0,0.0
0.0,0.0,0.0,0.0,0.0,0.0,0.0,0.0,0.0,0.0,0.0,0.0,0.0,0.0,0.15642784501827292,0.2524119290499786,0.03564263879965154,0.0,0.24826877942575296,0.4848298874679725,0.6859448270393792,0.4919261741013187,0.03584898696786732,0.0,0.13648245322364164,0.39004448428414307,0.0,0.0,0.0,0.0,0.0,0.0,0.0,0.0,0.0,0.0,0.0,0.0,0.0,0.40868300401929925,1.0,0.4191319242514801,0.0,0.0,0.0,0.0,0.0,0.0,0.0,0.0,0.0,0.0,0.0,0.0,0.0,0.0,0.0,0.0,0.0,0.0,0.0,0.0,0.0,0.0,0.0,0.0,0.0,0.0,0.0,0.0,0.0,0.0,0.0,0.0,0.0,0.0,0.0,0.0,0.0,0.0,0.0,0.0,0.0,0.0,0.0,0.0,0.0,0.0
0.0,0.0,0.0,0.0,0.0,0.0,0.0,0.0,0.0,0.0,0.0,0.0,0.0,0.0,0.025482141693588676,0.0,0.0,0.0,0.25014698224685766,0.4874647534039366,0.39211593127931005,0.14189130931075453,0.16941253545568066,0.25811252130990064,0.49147277757504076,0.6859245888391935,0.0,0.03550464779201643,0.0,0.0,0.0,0.0,0.0,0.0,0.0,0.0,0.0,0.0,0.0,0.0,0.4191319242514801,1.0,0.40669762140634813,0.0,0.0,0.0,0.0,0.0,0.0,0.0,0.0,0.0,0.0,0.0,0.0,0.0,0.0,0.0,0.0,0.0,0.0,0.0,0.0,0.0,0.0,0.0,0.0,0.0,0.0,0.0,0.0,0.0,0.0,0.0,0.0,0.0,0.0,0.0,0.0,0.0,0.0,0.0,0.0,0.0,0.0,0.0,0.0,0.0
0.0,0.0,0.0,0.0,0.0,0.0,0.0,0.0,0.0,0.0,0.0,0.0,0.0,0.0,0.0,0.0,0.0,0.0,0.15870185537659987,0.25294234965156953,0.033115791090405716,0.0,0.2547198671165922,0.48503331783300363,0.6862553907805705,0.48946989057376583,0.0,0.3893260648256518,0.0,0.2232624197308194,0.0,0.0,0.0,0.0,0.0,0.0,0.0,0.0,0.0,0.0,0.0,0.40669762140634813,1.0,0.0,0.0,0.0,0.0,0.0,0.0,0.0,0.0,0.0,0.0,0.0,0.0,0.0,0.0,0.0,0.0,0.0,0.0,0.0,0.0,0.0,0.0,0.0,0.0,0.0,0.0,0.0,0.0,0.0,0.0,0.0,0.0,0.0,0.0,0.0,0.0,0.0,0.0,0.0,0.0,0.0,0.0,0.0,0.0,0.0
0.3981821085038366,0.2901864106648046,0.11968205302903084,0.04256683157024559,0.10788606656073059,0.27206025682792623,0.42470667717150185,0.2707280815261098,0.168871126157035,0.17523896524199103,0.3754400975761221,0.15089025841834391,0.03752462687694094,0.09343298133295197,0.37594002578580193,0.12428580511117265,0.0,0.0,0.4860101499652442,0.2543325228786619,0.03156046720981267,0.0,0.686865929031294,0.4926878712310047,0.25614431093720386,0.17053203230834096,0.0,0.3997449028975969,0.0,0.23311980585932016,0.16703326110504393,0.0,0.0,0.0,0.0,0.0,0.0,0.0,0.0,0.0,0.0,0.0,0.0,1.0,0.0,0.0,0.0,0.0,0.0,0.0,0.0,0.0,0.0,0.0,0.0,0.0,0.0,0.0,0.0,0.0,0.0,0.0,0.0,0.0,0.0,0.0,0.0,0.0,0.0,0.0,0.0,0.0,0.0,0.0,0.0,0.0,0.0,0.0,0.0,0.0,0.0,0.0,0.0,0.0,0.0,0.0,0.0,0.0
0.0,0.0,0.0,0.0,0.0,0.0,0.0,0.0,0.0,0.0,0.0,0.0,0.0,0.0,0.0,0.0,0.0,0.0,0.0,0.0,0.0,0.0,0.0,0.0,0.0,0.0,0.0,0.0,0.0,0.0,0.0,0.0,0.0,0.0,0.0,0.0,0.0,0.0,0.0,0.0,0.0,0.0,0.0,0.0,1.0,0.7383139470418306,0.5469777997038334,0.4723917381223608,0.5435384770653855,0.7350233912018174,0.7298209466104629,0.5455484999828556,0.47718052808864236,0.5420686373058103,0.5221579105251436,0.2988603112767406,0.21487106535569206,0.30489169830121515,0.40778412059702107,0.17142044739249981,0.038305926235700276,0.08381870719333709,0.38382719078438166,0.16158045605995597,0.0,0.0,0.4314615901108891,0.2489859771578001,0.06558452424842608,0.031907628051274846,0.30561052962508234,0.15766234818484642,0.0716130968656777,0.0067078583974851435,0.4860074486914874,0.15869579285193378,0.2501434640807073,0.2482677816136812,0.16324017969513707,0.03456201809008831,0.0,0.0,0.0,0.0,0.0,0.0,0.0,0.39818210850383695
0.0,0.0,0.0,0.0,0.0,0.0,0.0,0.0,0.0,0.0,0.0,0.0,0.0,0.0,0.0,0.0,0.0,0.0,0.0,0.0,0.0,0.0,0.0,0.0,0.0,0.0,0.0,0.0,0.0,0.0,0.0,0.0,0.0,0.0,0.0,0.0,0.0,0.0,0.0,0.0,0.0,0.0,0.0,0.0,0.7383139470418306,1.0,0.7425831412610439,0.5485816442902349,0.48344601871593457,0.5500731582182199,0.5328064966214658,0.3053524048621519,0.21893053203725332,0.30803979588504754,0.431752054527325,0.1935747423596603,0.05027706872796312,0.08936366914246456,0.4207331853673975,0.22146167166933667,0.05106267250845804,0.03280528536782545,0.4315058569742985,0.2745023785281938,0.13016679279954604,0.10344919435749962,0.41269858519292135,0.2623617852054378,0.14570827995076244,0.15234424949738543,0.5479706344087159,0.12094583660376235,0.3237510953188482,0.0,0.6868660454666918,0.2547209812974597,0.16941488892193776,0.03585066271962098,0.0,0.0,0.0,0.0,0.0,0.0,0.0,0.0,0.0,0.2901864106648049
0.0,0.0,0.0,0.0,0.0,0.0,0.0,0.0,0.0,0.0,0.0,0.0,0.0,0.0,0.0,0.0,0.0,0.0,0.0,0.0,0.0,0.0,0.0,0.0,0.0,0.0,0.0,0.0,0.0,0.0,0.0,0.0,0.0,0.0,0.0,0.0,0.0,0.0,0.0,0.0,0.0,0.0,0.0,0.0,0.5469777997038334,0.7425831412610439,1.0,0.7375069279837083,0.5546030142830238,0.4813179538022274,0.2970974771642598,0.0963930484811079,0.06677270217605989,0.2178942058062824,0.17507203960782283,0.0,0.0,0.0,0.18610437991994697,0.0001769813329037888,0.0,0.0,0.2489893265000119,0.14566196325135544,0.0,0.0,0.26230355300264774,0.18618605666655993,0.10328218360575933,0.08547800152521902,0.7344817379592122,0.07685069153078218,0.49120798710077435,0.0,0.49269400877515424,0.4850335402602709,0.2581135476068597,0.0,0.0,0.0,0.0,0.0,0.0,0.0,0.0,0.0,0.0,0.11968205302903068
0.0,0.0,0.0,0.0,0.0,0.0,0.0,0.0,0.0,0.0,0.0,0.0,0.0,0.0,0.0,0.0,0.0,0.0,0.0,0.0,0.0,0.0,0.0,0.0,0.0,0.0,0.0,0.0,0.0,0.0,0.0,0.0,0.0,0.0,0.0,0.0,0.0,0.0,0.0,0.0,0.0,0.0,0.0,0.0,0.4723917381223608,0.5485816442902349,0.7375069279837083,1.0,0.7454829244151465,0.5489912121997562,0.2022958083775689,0.0577646565178668,0.10369164301416832,0.3090689782650914,0.0199169740296843,0.0,0.0,0.0,0.0,0.0,0.0,0.0,0.06552885602395267,0.0,0.0,0.0,0.14556998920104086,0.10317564999438313,0.0,0.0,0.5430383396905556,0.06788571226371265,0.3198847833859434,0.0,0.25614906349385697,0.6862548577849618,0.49147410658811813,0.1364911785701495,0.0,0.0,0.0,0.0,0.0,0.0,0.0,0.0,0.0,0.04256683157024559
0.0,0.0,0.0,0.0,0.0,0.0,0.0,0.0,0.0,0.0,0.0,0.0,0.0,0.0,0.0,0.0,0.0,0.0,0.0,0.0,0.0,0.0,0.0,0.0,0.0,0.0,0.0,0.0,0.0,0.0,0.0,0.0,0.0,0.0,0.0,0.0,0.0,0.0,0.0,0.0,0.0,0.0,0.0,0.0,0.5435384770653855,0.48344601871593457,0.5546030142830238,0.7454829244151465,1.0,0.7375427704686631,0.297305656387921,0.21495184639263087,0.3142128534921861,0.5428943559226603,0.06689734610848795,0.0,0.0,0.0,0.0,0.0,0.0,0.0,0.03183883418038263,0.0,0.0,0.0,0.15218913750409546,0.08534300383849094,0.0,0.0,0.3120694229628984,0.09395935372232303,0.07805817275784879,0.017078482084892994,0.17053520191855287,0.4894688579357031,0.6859247006951926,0.39005394376323144,0.03786365971508729,0.0,0.0,0.0,0.0,0.0,0.0,0.0,0.0,0.10788606656073042
0.0,0.0,0.0,0.0,0.0,0.0,0.0,0.0,0.0,0.0,0.0,0.0,0.0,0.0,0.0,0.0,0.0,0.0,0.0,0.0,0.0,0.0,0.0,0.0,0.0,0.0,0.0,0.0,0.0,0.0,0.0,0.0,0.0,0.0,0.0,0.0,0.0,0.0,0.0,0.0,0.0,0.0,0.0,0.0,0.7350233912018174,0.5500731582182199,0.4813179538022274,0.5489912121997562,0.7375427704686631,1.0,0.5375661249756966,0.47660813584385053,0.5524561612333332,0.7354881235208419,0.2858614323829291,0.08635730467791865,0.06060133795999164,0.2150746984854226,0.15346978290287575,0.0,0.0,0.0,0.1615429200523735,0.0,0.0,0.0,0.27439900505893383,0.1455879507462175,0.0,0.0,0.21596781697175224,0.13203623228608838,0.0,0.03579455171548591,0.25433367511914595,0.2529402792817115,0.48746253945023893,0.4848300214958498,0.25591592265217233,0.0,0.0,0.0,0.0,0.0,0.0,0.0,0.0,0.2720602568279264
0.0,0.0,0.0,0.0,0.0,0.0,0.0,0.0,0.0,0.0,0.0,0.0,0.0,0.0,0.0,0.0,0.0,0.0,0.0,0.0,0.0,0.0,0.0,0.0,0.0,0.0,0.0,0.0,0.0,0.0,0.0,0.0,0.0,0.0,0.0,0.0,0.0,0.0,0.0,0.0,0.0,0.0,0.0,0.0,0.7298209466104629,0.5328064966214658,0.2970974771642598,0.2022958083775689,0.297305656387921,0.5375661249756966,1.0,0.7368528475016881,0.5418854720036518,0.4701942341901223,0.7308264638323245,0.5451787832379933,0.47641304909412047,0.5430519704882657,0.5198527798763998,0.2935222698552584,0.21184228094827173,0.3048051008313501,0.4077865743982467,0.1534881353128969,0.017353149384258987,0.07142465094779675,0.4207168075128415,0.18610608698314657,0.0,0.0,0.08084993595442766,0.08015094907947508,0.0,0.0,0.3759298842880735,0.0,0.025474265059402965,0.15642138239797204,0.24991989032870476,0.2498200718685322,0.16284505474184194,0.03539575073217992,0.0,0.0,0.0,0.0,0.0,0.42470667717150185
0.0,0.0,0.0,0.0,0.0,0.0,0.0,0.0,0.0,0.0,0.0,0.0,0.0,0.0,0.0,0.0,0.0,0.0,0.0,0.0,0.0,0.0,0.0,0.0,0.0,0.0,0.0,0.0,0.0,0.15285634345163068,0.0,0.0,0.0,0.0,0.0,0.0,0.0,0.0,0.0,0.0,0.0,0.0,0.0,0.0,0.5455484999828556,0.3053524048621519,0.0963930484811079,0.0577646565178668,0.21495184639263087,0.47660813584385053,0.7368528475016881,1.0,0.7348703454164834,0.5487959079111048,0.5433979639563901,0.4790070413885595,0.5523389552978427,0.7361458302255335,0.29351614505080525,0.08718427079573404,0.059381497098959686,0.2159758619746594,0.17140609692605305,0.0,0.0,0.0,0.22142593191659568,0.0001479521802801905,0.0,0.0,0.0,0.0,0.0,0.0,0.12427241280540804,0.0,0.0,0.252411744251733,0.48595237435125255,0.4857161889863662,0.2557690649484463,0.0,0.0,0.0,0.0,0.0,0.0,0.2707280815261099
0.0,0.0,0.0,0.0,0.0,0.0,0.0,0.0,0.0,0.0,0.0,0.0,0.0,0.0,0.0,0.0,0.0,0.0,0.0,0.0,0.0,0.0,0.0,0.0,0.0,0.0,0.0,0.10050505486004098,0.0,0.286205806035688,0.0,0.0,0.0,0.0,0.0,0.0,0.0,0.0,0.0,0.0,0.0,0.0,0.0,0.0,0.47718052808864236,0.21893053203725332,0.06677270217605989,0.10369164301416832,0.3142128534921861,0.5524561612333332,0.5418854720036518,0.7348703454164834,1.0,0.7479106835097011,0.299882083048783,0.21396651921929535,0.31242964229789305,0.5431636116276976,0.07140647900059198,0.0,0.0,0.0,0.0,0.0,0.0,0.0,0.10337071009332208,0.0,0.0,0.0,0.0,0.0,0.0,0.0,0.0,0.0,0.14190353491167348,0.4919265974340944,0.685856549668592,0.39316171340568246,0.03658105004465942,0.0,0.0,0.0,0.0,0.0,0.0,0.168871126157035
0.0,0.0,0.0,0.0,0.0,0.0,0.0,0.0,0.0,0.0,0.0,0.0,0.0,0.0,0.0,0.0,0.0,0.0,0.0,0.0,0.0,0.0,0.0,0.0,0.0,0.0,0.0,0.0,0.0,0.11701477493638204,0.0,0.0,0.0,0.0,0.0,0.0,0.0,0.0,0.0,0.0,0.0,0.0,0.0,0.0,0.5420686373058103,0.30803979588504754,0.2178942058062824,0.3090689782650914,0.5428943559226603,0.7354881235208419,0.4701942341901223,0.5487959079111048,0.7479106835097011,1.0,0.20244430853739362,0.05572745366887644,0.10312015075915552,0.3114754630196249,0.017327098799989327,0.0,0.0,0.0,0.0,0.0,0.0,0.0,0.13005598125726386,0.0,0.0,0.0,0.0,0.02039013189565391,0.0,0.0,0.03155475670036761,0.03311885449436009,0.39212243874887687,0.6859447479504701,0.4926230415418779,0.14238958698900805,0.0,0.0,0.0,0.0,0.0,0.0,0.0,0.17523896524199112
0.0,0.0,0.0,0.0,0.0,0.0,0.0,0.0,0.0,0.0,0.0,0.0,0.0,0.0,0.0,0.0,0.0,0.0,0.0,0.0,0.0,0.0,0.0,0.0,0.0,0.0,0.0,0.0,0.0,0.0,0.0,0.0,0.0,0.0,0.0,0.0,0.0,0.0,0.0,0.0,0.0,0.0,0.0,0.0,0.5221579105251436,0.431752054527325,0.17507203960782283,0.0199169740296843,0.06689734610848795,0.2858614323829291,0.7308264638323245,0.5433979639563901,0.299882083048783,0.20244430853739362,1.0,0.7354323781625467,0.5421419274645196,0.474651835157325,0.7308288045820475,0.5433979663372505,0.4746542432782754,0.5421426079431754,0.5221667061097922,0.28587173810305455,0.20245579436209024,0.29988777632335184,0.43176206225092223,0.17508525769304936,0.019936751683186874,0.06691565976381401,0.012207784962312809,0.012222293102080223,0.0,0.0,0.37543212087082295,0.0,0.0,0.0,0.031314024081352615,0.16109947567235403,0.2491436892977614,0.24914401739807315,0.16110195345201325,0.031315888311472355,0.0,0.0,0.0,0.3754400975761225
0.0,0.0,0.0,0.0,0.0,0.0,0.0,0.0,0.0,0.0,0.0,0.0,0.0,0.0,0.0,0.0,0.0,0.0,0.0,0.0,0.0,0.0,0.0,0.0,0.0,0.0,0.0,0.0,0.0,0.0,0.0,0.0,0.0,0.0,0.0,0.0,0.0,0.0,0.0,0.0,0.0,0.0,0.0,0.0,0.2988603112767406,0.1935747423596603,0.0,0.0,0.0,0.08635730467791865,0.5451787832379933,0.4790070413885595,0.21396651921929535,0.05572745366887644,0.7354323781625467,1.0,0.7361615431526498,0.5512996423514422,0.5451796946204334,0.4790021266346336,0.5512977858534986,0.7361592056139993,0.29886371386729543,0.08635444455656079,0.055724187969312826,0.21396092720927423,0.19358512654214177,0.0,0.0,0.0,0.0,0.0,0.0,0.0,0.15087128918159018,0.0,0.0,0.0,0.0,0.25466038860795803,0.4862236030723427,0.48622219977151365,0.2546587006009365,0.0,0.0,0.0,0.0,0.15089025841834422
