1.0,0.7383164691069805,0.5469833887677716,0.4723940880002788,0.5435361487465125,0.7350207211449717,0.7298267271388892,0.5455547352900639,0.47718776099341803,0.5420716884871833,0.5221641439180766,0.2988560198930909,0.21486811489281096,0.3048932858579656,0.40779963177569706,0.17141434350191934,0.03829006870319573,0.08380712706364292,0.3838933744963409,0.16165494645627307,0.0,0.0,0.43158088501419883,0.24917994763464377,0.06576321312726283,0.03202931069071118,0.30561856825940054,0.15790972858839547,0.07162583342550755,0.006979425569863754,0.4860081311865905,0.15869878679002866,0.2501413178667572,0.24826875087025457,0.16324880853195073,0.03456351047318229,0.0,0.0,0.0,0.0,0.0,0.0,0.0,0.39825927731449945,0.0,0.0,0.0,0.0,0.0,0.0,0.0,0.0,0.0,0.0,0.0,0.0,0.0,0.0,0.0,0.0,0.0,0.0,0.0,0.0,0.0,0.0,0.0,0.0,0.0,0.0,0.0,0.0,0.0,0.0,0.0,0.0,0.0,0.0,0.0,0.0,0.0,0.0,0.0,0.0,0.0,0.0,0.0,0.0
0.7383164691069805,1.0,0.7425859958161452,0.548581429027036,0.483444484715585,0.550075304862947,0.5328130333958203,0.30536085974526744,0.21894181427319798,0.3080465139523234,0.4317591583369633,0.19356583079464318,0.05026886809190467,0.08936418323386167,0.42075453592957757,0.22144777894037684,0.05103315967355142,0.03278237493909188,0.4316185906258728,0.2746340474479742,0.13022272494808065,0.10344379120552917,0.4128815644270371,0.2626535909797008,0.14599619668494587,0.1525523724028968,0.5479779563828291,0.12128557742833225,0.32376448196128504,0.0,0.686866135171911,0.2547212621968098,0.16941361788396825,0.03585374114794508,0.0,0.0,0.0,0.0,0.0,0.0,0.0,0.0,0.0,0.2902994937982483,0.0,0.0,0.0,0.0,0.0,0.0,0.0,0.0,0.0,0.0,0.0,0.0,0.0,0.0,0.0,0.0,0.0,0.0,0.0,0.0,0.0,0.0,0.0,0.0,0.0,0.0,0.0,0.0,0.0,0.0,0.0,0.0,0.0,0.0,0.0,0.0,0.0,0.0,0.0,0.0,0.0,0.0,0.0,0.0
0.5469833887677716,0.7425859958161452,1.0,0.7375057475570111,0.5546026932897327,0.48132163178819837,0.29710713198188315,0.09638921373116331,0.06677072439548075,0.2178941854446313,0.1750936402478562,0.0,0.0,0.0,0.1861791048298558,0.00019665637162088507,0.0,0.0,0.24922493223753703,0.14594684552735407,0.0,0.0,0.26266048381317303,0.18674473950537043,0.10385826915033515,0.0859134370921332,0.7344817065522903,0.07749250858133432,0.4912079603068242,0.0,0.4926968698433927,0.4850318232713177,0.2581118718551964,0.0,0.0,0.0,0.0,0.0,0.0,0.0,0.0,0.0,0.0,0.11993456614556275,0.0,0.0,0.0,0.0,0.0,0.0,0.0,0.0,0.0,0.0,0.0,0.0,0.0,0.0,0.0,0.0,0.0,0.0,0.0,0.0,0.0,0.0,0.0,0.0,0.0,0.0,0.0,0.0,0.0,0.0,0.0,0.0,0.0,0.0,0.0,0.0,0.0,0.0,0.0,0.0,0.0,0.0,0.0,0.0
0.4723940880002788,0.548581429027036,0.7375057475570111,1.0,0.7454825253451186,0.5489923112048621,0.20230329261308466,0.057749903407541305,0.10367601937427061,0.30905972021588224,0.019941139158175625,0.0,0.0,0.0,0.0,0.0,0.0,0.0,0.06578323052218783,0.0,0.0,0.0,0.1459740463889748,0.10382200101711157,0.0,0.0,0.5430339520768237,0.0686866209314772,0.3198744723368399,0.0,0.2561493958867505,0.6862549817707831,0.49147151459090727,0.13647547999950377,0.0,0.0,0.0,0.0,0.0,0.0,0.0,0.0,0.0,0.042874626645527145,0.0,0.0,0.0,0.0,0.0,0.0,0.0,0.0,0.0,0.0,0.0,0.0,0.0,0.0,0.0,0.0,0.0,0.0,0.0,0.0,0.0,0.0,0.0,0.0,0.0,0.0,0.0,0.0,0.0,0.0,0.0,0.0,0.0,0.0,0.0,0.0,0.0,0.0,0.0,0.0,0.0,0.0,0.0,0.0
0.5435361487465125,0.483444484715585,0.5546026932897327,0.7454825253451186,1.0,0.7375420386279902,0.2973076489413127,0.21493559209878058,0.31419585564111563,0.5428834974285945,0.06691099576311708,0.0,0.0,0.0,0.0,0.0,0.0,0.0,0.0320179258547202,0.0,0.0,0.0,0.15249238636418191,0.0858317153769042,0.0,0.0,0.3120664796973465,0.09460699715346634,0.07805032108265302,0.017816152925119608,0.17053463535392951,0.48946860688597765,0.6859248002632792,0.39003878220722865,0.03784434435217752,0.0,0.0,0.0,0.0,0.0,0.0,0.0,0.0,0.10812628761722813,0.0,0.0,0.0,0.0,0.0,0.0,0.0,0.0,0.0,0.0,0.0,0.0,0.0,0.0,0.0,0.0,0.0,0.0,0.0,0.0,0.0,0.0,0.0,0.0,0.0,0.0,0.0,0.0,0.0,0.0,0.0,0.0,0.0,0.0,0.0,0.0,0.0,0.0,0.0,0.0,0.0,0.0,0.0,0.0
0.7350207211449717,0.550075304862947,0.48132163178819837,0.5489923112048621,0.7375420386279902,1.0,0.5375654153683539,0.47660001674785374,0.5524509323713344,0.735486601191266,0.285864663359398,0.08634128894863528,0.06058045945680408,0.21505809859721983,0.1534955400841604,0.0,0.0,0.0,0.16163351203528908,0.0,0.0,0.0,0.2745640796255821,0.14586049753835179,0.0,0.0,0.21597039171196422,0.13240648331406182,0.0,0.036218246271729385,0.25433625085579464,0.25294074650404913,0.48746202477628214,0.48482828891566226,0.25591222847436856,0.0,0.0,0.0,0.0,0.0,0.0,0.0,0.0,0.27218494697945056,0.0,0.0,0.0,0.0,0.0,0.0,0.0,0.0,0.0,0.0,0.0,0.0,0.0,0.0,0.0,0.0,0.0,0.0,0.0,0.0,0.0,0.0,0.0,0.0,0.0,0.0,0.0,0.0,0.0,0.0,0.0,0.0,0.0,0.0,0.0,0.0,0.0,0.0,0.0,0.0,0.0,0.0,0.0,0.0
0.7298267271388892,0.5328130333958203,0.29710713198188315,0.20230329261308466,0.2973076489413127,0.5375654153683539,1.0,0.7368563864497227,0.5418890349936079,0.4701965091960298,0.7308221327305243,0.5451774346131047,0.47641726866757744,0.5430565547420209,0.5198460211322866,0.2935125549145931,0.21183365560805173,0.3048018790274936,0.4077859903408304,0.1534949882689601,0.01735004685586874,0.07141392047759809,0.42072012904128764,0.18614246385434036,0.0,0.0,0.08086235455196003,0.08021092920676337,0.0,0.0,0.375931346046922,0.0,0.025475729519824866,0.15642511724952313,0.2499240543068889,0.24982499119382212,0.162848136567409,0.03539165263725971,0.0,0.0,0.0,0.0,0.0,0.42468462415974934,0.0,0.0,0.0,0.0,0.0,0.0,0.0,0.0,0.0,0.0,0.0,0.0,0.0,0.0,0.0,0.0,0.0,0.0,0.0,0.0,0.0,0.0,0.0,0.0,0.0,0.0,0.0,0.0,0.0,0.0,0.0,0.0,0.0,0.0,0.0,0.0,0.0,0.0,0.0,0.0,0.0,0.0,0.0,0.0
0.5455547352900639,0.30536085974526744,0.09638921373116331,0.057749903407541305,0.21493559209878058,0.47660001674785374,0.7368563864497227,1.0,0.7348699352424547,0.548791966950945,0.5433908904121141,0.47900239166330305,0.5523403344459572,0.7361463427930782,0.2935069790434914,0.087177175530883,0.05937576717292908,0.2159738145061167,0.17138900484760122,0.0,0.0,0.0,0.22139657049403952,0.00013931566812800346,0.0,0.0,0.0,0.0,0.0,0.0,0.12428735510905249,0.0,0.0,0.2524098972512881,0.4859528546303359,0.4857173574013879,0.2557690934654197,0.0,0.0,0.0,0.0,0.0,0.0,0.27067511876324546,0.0,0.0,0.0,0.0,0.0,0.0,0.0,0.0,0.0,0.0,0.0,0.0,0.0,0.0,0.0,0.0,0.0,0.0,0.0,0.0,0.0,0.0,0.0,0.0,0.0,0.0,0.0,0.0,0.0,0.0,0.0,0.0,0.0,0.0,0.0,0.0,0.0,0.0,0.0,0.0,0.0,0.0,0.0,0.0
0.47718776099341803,0.21894181427319798,0.06677072439548075,0.10367601937427061,0.31419585564111563,0.5524509323713344,0.5418890349936079,0.7348699352424547,1.0,0.7479071960524732,0.2998779756309241,0.2139608103805557,0.31242746161505414,0.5431609079561928,0.07140402279691992,0.0,0.0,0.0,0.0,0.0,0.0,0.0,0.10336833159335851,0.0,0.0,0.0,0.0,0.0,0.0,0.0,0.0,0.0,0.14187973327790734,0.4919250230560924,0.6858577679263141,0.39315881953018694,0.036575968337398505,0.0,0.0,0.0,0.0,0.0,0.0,0.168841794421419,0.0,0.0,0.0,0.0,0.0,0.0,0.0,0.0,0.0,0.0,0.0,0.0,0.0,0.0,0.0,0.0,0.0,0.0,0.0,0.0,0.0,0.0,0.0,0.0,0.0,0.0,0.0,0.0,0.0,0.0,0.0,0.0,0.0,0.0,0.0,0.0,0.0,0.0,0.0,0.0,0.0,0.0,0.0,0.0
0.5420716884871833,0.3080465139523234,0.2178941854446313,0.30905972021588224,0.5428834974285945,0.735486601191266,0.4701965091960298,0.548791966950945,0.7479071960524732,1.0,0.20244548444293825,0.05571791116313463,0.10310918788891593,0.311466032374379,0.017340644231242517,0.0,0.0,0.0,0.0,0.0,0.0,0.0,0.13013639248016914,0.0,0.0,0.0,0.0,0.020616460253821606,0.0,0.0,0.03156537122527223,0.03310518041854309,0.3921072437682103,0.6859455232864478,0.4926215361774142,0.1423782246332369,0.0,0.0,0.0,0.0,0.0,0.0,0.0,0.17528929790786574,0.0,0.0,0.0,0.0,0.0,0.0,0.0,0.0,0.0,0.0,0.0,0.0,0.0,0.0,0.0,0.0,0.0,0.0,0.0,0.0,0.0,0.0,0.0,0.0,0.0,0.0,0.0,0.0,0.0,0.0,0.0,0.0,0.0,0.0,0.0,0.0,0.0,0.0,0.0,0.0,0.0,0.0,0.0,0.0
0.5221641439180766,0.4317591583369633,0.1750936402478562,0.019941139158175625,0.06691099576311708,0.285864663359398,0.7308221327305243,0.5433908904121141,0.2998779756309241,0.20244548444293825,1.0,0.7354309535208173,0.5421390579097146,0.4746457603735512,0.730826418470951,0.5433976385718503,0.4746537478334905,0.5421421022614434,0.5221604933809474,0.28587052210780317,0.2024552760768324,0.29988670537446616,0.43174710239604747,0.17508099741878794,0.01993662824476443,0.06691507954053044,0.012237136369813346,0.012224764967877869,0.0,0.0,0.3754217842864127,0.0,0.0,0.0,0.03130828954850469,0.16109364875550064,0.24914173549778182,0.2491415030496372,0.16110155904116163,0.03131707750346628,0.0,0.0,0.0,0.3754189516128335,0.0,0.0,0.0,0.0,0.0,0.0,0.0,0.0,0.0,0.0,0.0,0.0,0.0,0.0,0.0,0.0,0.0,0.0,0.0,0.0,0.0,0.0,0.0,0.0,0.0,0.0,0.0,0.0,0.0,0.0,0.0,0.0,0.0,0.0,0.0,0.0,0.0,0.0,0.0,0.0,0.0,0.0,0.0,0.0
0.2988560198930909,0.19356583079464318,0.0,0.0,0.0,0.08634128894863528,0.5451774346131047,0.47900239166330305,0.2139608103805557,0.05571791116313463,0.7354309535208173,1.0,0.7361581376403625,0.5512952475658838,0.5451737611887594,0.47900431101158525,0.5513002893015595,0.7361624799087751,0.2988444073982867,0.08633753142658655,0.05571862120692186,0.21396265581075463,0.19354661121654673,0.0,0.0,0.0,0.0,0.0,0.0,0.0,0.15086423972777205,0.0,0.0,0.0,0.0,0.254656094564434,0.4862227402803799,0.48622179587586933,0.2546626362623232,0.0,0.0,0.0,0.0,0.1508539941321727,0.0,0.0,0.0,0.0,0.0,0.0,0.0,0.0,0.0,0.0,0.0,0.0,0.0,0.0,0.0,0.0,0.0,0.0,0.0,0.0,0.0,0.0,0.0,0.0,0.0,0.0,0.0,0.0,0.0,0.0,0.0,0.0,0.0,0.0,0.0,0.0,0.0,0.0,0.0,0.0,0.0,0.0,0.0,0.0
0.21486811489281096,0.05026886809190467,0.0,0.0,0.0,0.06058045945680408,0.47641726866757744,0.5523403344459572,0.31242746161505414,0.10310918788891593,0.5421390579097146,0.7361581376403625,1.0,0.7473497856157068,0.30479461462624247,0.21596953205342959,0.3119638359072106,0.5435045157797911,0.08378720174949664,0.0,0.0,0.0,0.03275143843679436,0.0,0.0,0.0,0.0,0.0,0.0,0.0,0.0,0.0,0.0,0.0,0.14253224459220679,0.4913793070334503,0.6858861113119443,0.39334536245403173,0.03535312748944544,0.0,0.0,0.0,0.0,0.03747447328570073,0.0,0.0,0.0,0.0,0.0,0.0,0.0,0.0,0.0,0.0,0.0,0.0,0.0,0.0,0.0,0.0,0.0,0.0,0.0,0.0,0.0,0.0,0.0,0.0,0.0,0.0,0.0,0.0,0.0,0.0,0.0,0.0,0.0,0.0,0.0,0.0,0.0,0.0,0.0,0.0,0.0,0.0,0.0,0.0
0.3048932858579656,0.08936418323386167,0.0,0.0,0.0,0.21505809859721983,0.5430565547420209,0.7361463427930782,0.5431609079561928,0.311466032374379,0.4746457603735512,0.5512952475658838,0.7473497856157068,1.0,0.21182344806453118,0.05936963105581408,0.1027685851147647,0.31196502648743196,0.038261318070970475,0.0,0.0,0.0,0.05098582488971548,0.0,0.0,0.0,0.0,0.0,0.0,0.0,0.0,0.0,0.0,0.03564360500942266,0.3942059315270498,0.6859141677309291,0.491472784475378,0.14154183689291217,0.0,0.0,0.0,0.0,0.0,0.09337038984328977,0.0,0.0,0.0,0.0,0.0,0.0,0.0,0.0,0.0,0.0,0.0,0.0,0.0,0.0,0.0,0.0,0.0,0.0,0.0,0.0,0.0,0.0,0.0,0.0,0.0,0.0,0.0,0.0,0.0,0.0,0.0,0.0,0.0,0.0,0.0,0.0,0.0,0.0,0.0,0.0,0.0,0.0,0.0,0.0
0.40779963177569706,0.42075453592957757,0.1861791048298558,0.0,0.0,0.1534955400841604,0.5198460211322866,0.2935069790434914,0.07140402279691992,0.017340644231242517,0.730826418470951,0.5451737611887594,0.30479461462624247,0.21182344806453118,1.0,0.7368505145715163,0.5430530512267207,0.47640995645840944,0.7298283387197122,0.5375711793931085,0.47019829893839443,0.5418856995693613,0.5328158147944508,0.29710878645750594,0.20230847449287906,0.29731486266980145,0.08025370975113852,0.08086730786236714,0.0,0.0,0.42472080495762843,0.0,0.0,0.0,0.0,0.0,0.035387210151565505,0.16284103851574885,0.24981947623275463,0.2499188438750806,0.15642629491115,0.02548156898841173,0.0,0.37594708521518994,0.0,0.0,0.0,0.0,0.0,0.0,0.0,0.0,0.0,0.0,0.0,0.0,0.0,0.0,0.0,0.0,0.0,0.0,0.0,0.0,0.0,0.0,0.0,0.0,0.0,0.0,0.0,0.0,0.0,0.0,0.0,0.0,0.0,0.0,0.0,0.0,0.0,0.0,0.0,0.0,0.0,0.0,0.0,0.0
0.17141434350191934,0.22144777894037684,0.00019665637162088507,0.0,0.0,0.0,0.2935125549145931,0.087177175530883,0.0,0.0,0.5433976385718503,0.47900431101158525,0.21596953205342959,0.05936963105581408,0.7368505145715163,1.0,0.7361490723180709,0.5523375715398924,0.5455508304238753,0.4766030705980005,0.5487945645708571,0.7348704921302073,0.3053570394665153,0.09638558466039646,0.05775142602652809,0.21493906019694364,0.0,0.0,0.0,0.0,0.2707341357546554,0.0,0.0,0.0,0.0,0.0,0.0,0.25576887742088417,0.48571773056924106,0.4859524771380439,0.25241148791112855,0.0,0.0,0.12429470892309695,0.0,0.0,0.0,0.0,0.0,0.0,0.0,0.0,0.0,0.0,0.0,0.0,0.0,0.0,0.0,0.0,0.0,0.0,0.0,0.0,0.0,0.0,0.0,0.0,0.0,0.0,0.0,0.0,0.0,0.0,0.0,0.0,0.0,0.0,0.0,0.0,0.0,0.0,0.0,0.0,0.0,0.0,0.0,0.0
0.03829006870319573,0.05103315967355142,0.0,0.0,0.0,0.0,0.21183365560805173,0.05937576717292908,0.0,0.0,0.4746537478334905,0.5513002893015595,0.3119638359072106,0.1027685851147647,0.5430530512267207,0.7361490723180709,1.0,0.7473472161719505,0.30489071807204754,0.21506197973143482,0.3114695261644759,0.5431628718657964,0.08936062470960188,0.0,0.0,0.0,0.0,0.0,0.0,0.0,0.09341740225671748,0.0,0.0,0.0,0.0,0.0,0.14154492673439198,0.49147302359008654,0.6859135924021806,0.3942071564641769,0.03564581570911395,0.0,0.0,0.0,0.0,0.0,0.0,0.0,0.0,0.0,0.0,0.0,0.0,0.0,0.0,0.0,0.0,0.0,0.0,0.0,0.0,0.0,0.0,0.0,0.0,0.0,0.0,0.0,0.0,0.0,0.0,0.0,0.0,0.0,0.0,0.0,0.0,0.0,0.0,0.0,0.0,0.0,0.0,0.0,0.0,0.0,0.0,0.0
0.08380712706364292,0.03278237493909188,0.0,0.0,0.0,0.0,0.3048018790274936,0.2159738145061167,0.0,0.0,0.5421421022614434,0.7361624799087751,0.5435045157797911,0.31196502648743196,0.47640995645840944,0.5523375715398924,0.7473472161719505,1.0,0.21485748709851368,0.06057561600670251,0.10310549481179396,0.3124237306332011,0.05025545386038256,0.0,0.0,0.0,0.0,0.0,0.0,0.0,0.03749888109771932,0.0,0.0,0.0,0.0,0.03535196199406079,0.3933513745865006,0.6858865573642321,0.49137977990519754,0.14252957539343203,0.0,0.0,0.0,0.0,0.0,0.0,0.0,0.0,0.0,0.0,0.0,0.0,0.0,0.0,0.0,0.0,0.0,0.0,0.0,0.0,0.0,0.0,0.0,0.0,0.0,0.0,0.0,0.0,0.0,0.0,0.0,0.0,0.0,0.0,0.0,0.0,0.0,0.0,0.0,0.0,0.0,0.0,0.0,0.0,0.0,0.0,0.0,0.0
0.3838933744963409,0.4316185906258728,0.24922493223753703,0.06578323052218783,0.0320179258547202,0.16163351203528908,0.4077859903408304,0.17138900484760122,0.0,0.0,0.5221604933809474,0.2988444073982867,0.08378720174949664,0.038261318070970475,0.7298283387197122,0.5455508304238753,0.30489071807204754,0.21485748709851368,1.0,0.7350229840307366,0.5420707601809251,0.4771842588965247,0.7383163383148084,0.5469824563243171,0.4723976490622691,0.5435421569560852,0.1579756026874392,0.3056195998181636,0.007052104752625241,0.07162796169463408,0.39831139085900696,0.0,0.0,0.0,0.0,0.0,0.0,0.0,0.03455868495109042,0.1632443124424686,0.24826856432170158,0.25014623377265444,0.15870250920992848,0.4860154271549924,0.0,0.0,0.0,0.0,0.0,0.0,0.0,0.0,0.0,0.0,0.0,0.0,0.0,0.0,0.0,0.0,0.0,0.0,0.0,0.0,0.0,0.0,0.0,0.0,0.0,0.0,0.0,0.0,0.0,0.0,0.0,0.0,0.0,0.0,0.0,0.0,0.0,0.0,0.0,0.0,0.0,0.0,0.0,0.0
0.16165494645627307,0.2746340474479742,0.14594684552735407,0.0,0.0,0.0,0.1534949882689601,0.0,0.0,0.0,0.28587052210780317,0.08633753142658655,0.0,0.0,0.5375711793931085,0.4766030705980005,0.21506197973143482,0.06057561600670251,0.7350229840307366,1.0,0.7354870349377781,0.5524526238774526,0.5500728181749547,0.4813152358930982,0.5489893231645759,0.7375416579083361,0.13253054295105499,0.21596407286333535,0.03635872089164016,0.0,0.27227878454335325,0.0,0.0,0.0,0.0,0.0,0.0,0.0,0.0,0.25591259551514756,0.4848285685517299,0.4874620390935773,0.25293900026747435,0.25433868015873595,0.0,0.0,0.0,0.0,0.0,0.0,0.0,0.0,0.0,0.0,0.0,0.0,0.0,0.0,0.0,0.0,0.0,0.0,0.0,0.0,0.0,0.0,0.0,0.0,0.0,0.0,0.0,0.0,0.0,0.0,0.0,0.0,0.0,0.0,0.0,0.0,0.0,0.0,0.0,0.0,0.0,0.0,0.0,0.0
0.0,0.13022272494808065,0.0,0.0,0.0,0.0,0.01735004685586874,0.0,0.0,0.0,0.2024552760768324,0.05571862120692186,0.0,0.0,0.47019829893839443,0.5487945645708571,0.3114695261644759,0.10310549481179396,0.5420707601809251,0.7354870349377781,1.0,0.7479087805139952,0.30804319105077066,0.21788858696393595,0.3090580597670249,0.5428827157084148,0.020762411987760215,0.0,0.0,0.0,0.17539932421797594,0.0,0.0,0.0,0.0,0.0,0.0,0.0,0.1423781882314526,0.49262146625584047,0.6859448961596074,0.39210654784459475,0.03310548853164372,0.031568753105546986,0.0,0.0,0.0,0.0,0.0,0.0,0.0,0.0,0.0,0.0,0.0,0.0,0.0,0.0,0.0,0.0,0.0,0.0,0.0,0.0,0.0,0.0,0.0,0.0,0.0,0.0,0.0,0.0,0.0,0.0,0.0,0.0,0.0,0.0,0.0,0.0,0.0,0.0,0.0,0.0,0.0,0.0,0.0,0.0
0.0,0.10344379120552917,0.0,0.0,0.0,0.0,0.07141392047759809,0.0,0.0,0.0,0.29988670537446616,0.21396265581075463,0.0,0.0,0.5418856995693613,0.7348704921302073,0.5431628718657964,0.3124237306332011,0.4771842588965247,0.5524526238774526,0.7479087805139952,1.0,0.21893763721111015,0.06676619135230288,0.10367661977588381,0.3141975397857842,0.0,0.0,0.0,0.0,0.16893443268529879,0.0,0.0,0.0,0.0,0.0,0.0,0.03657499686388485,0.3931578349590749,0.68585672222373,0.4919257655518212,0.1418814952662226,0.0,0.0,0.0,0.0,0.0,0.0,0.0,0.0,0.0,0.0,0.0,0.0,0.0,0.0,0.0,0.0,0.0,0.0,0.0,0.0,0.0,0.0,0.0,0.0,0.0,0.0,0.0,0.0,0.0,0.0,0.0,0.0,0.0,0.0,0.0,0.0,0.0,0.0,0.0,0.0,0.0,0.0,0.0,0.0,0.0,0.0
0.43158088501419883,0.4128815644270371,0.26266048381317303,0.1459740463889748,0.15249238636418191,0.2745640796255821,0.42072012904128764,0.22139657049403952,0.10336833159335851,0.13013639248016914,0.43174710239604747,0.19354661121654673,0.03275143843679436,0.05098582488971548,0.5328158147944508,0.3053570394665153,0.08936062470960188,0.05025545386038256,0.7383163383148084,0.5500728181749547,0.30804319105077066,0.21893763721111015,1.0,0.7425853492866971,0.5485835157643469,0.4834475216982191,0.1213181294699724,0.5479799422307455,0.0,0.3237676257771928,0.290314516203764,0.0,0.0,0.0,0.0,0.0,0.0,0.0,0.0,0.0,0.03585113965242501,0.1694162021398525,0.25472308716768416,0.6868657757793211,0.0,0.0,0.0,0.0,0.0,0.0,0.0,0.0,0.0,0.0,0.0,0.0,0.0,0.0,0.0,0.0,0.0,0.0,0.0,0.0,0.0,0.0,0.0,0.0,0.0,0.0,0.0,0.0,0.0,0.0,0.0,0.0,0.0,0.0,0.0,0.0,0.0,0.0,0.0,0.0,0.0,0.0,0.0,0.0
0.24917994763464377,0.2626535909797008,0.18674473950537043,0.10382200101711157,0.0858317153769042,0.14586049753835179,0.18614246385434036,0.00013931566812800346,0.0,0.0,0.17508099741878794,0.0,0.0,0.0,0.29710878645750594,0.09638558466039646,0.0,0.0,0.5469824563243171,0.4813152358930982,0.21788858696393595,0.06676619135230288,0.7425853492866971,1.0,0.7375056342513997,0.5546017731545265,0.07752854519307327,0.7344818816445208,0.0,0.49120832274780396,0.11994907221364973,0.0,0.0,0.0,0.0,0.0,0.0,0.0,0.0,0.0,0.0,0.25811184663795744,0.48503250033389983,0.49268838277969745,0.0,0.0,0.0,0.0,0.0,0.0,0.0,0.0,0.0,0.0,0.0,0.0,0.0,0.0,0.0,0.0,0.0,0.0,0.0,0.0,0.0,0.0,0.0,0.0,0.0,0.0,0.0,0.0,0.0,0.0,0.0,0.0,0.0,0.0,0.0,0.0,0.0,0.0,0.0,0.0,0.0,0.0,0.0,0.0
0.06576321312726283,0.14599619668494587,0.10385826915033515,0.0,0.0,0.0,0.0,0.0,0.0,0.0,0.01993662824476443,0.0,0.0,0.0,0.20230847449287906,0.05775142602652809,0.0,0.0,0.4723976490622691,0.5489893231645759,0.3090580597670249,0.10367661977588381,0.5485835157643469,0.7375056342513997,1.0,0.7454825760213166,0.06876763095713356,0.5430287775863432,0.0,0.31986778311013,0.0429195598849275,0.0,0.0,0.0,0.0,0.0,0.0,0.0,0.0,0.0,0.13647456648174078,0.49147306131712176,0.6862553060359159,0.2561453299315748,0.0,0.0,0.0,0.0,0.0,0.0,0.0,0.0,0.0,0.0,0.0,0.0,0.0,0.0,0.0,0.0,0.0,0.0,0.0,0.0,0.0,0.0,0.0,0.0,0.0,0.0,0.0,0.0,0.0,0.0,0.0,0.0,0.0,0.0,0.0,0.0,0.0,0.0,0.0,0.0,0.0,0.0,0.0,0.0
0.03202931069071118,0.1525523724028968,0.0859134370921332,0.0,0.0,0.0,0.0,0.0,0.0,0.0,0.06691507954053044,0.0,0.0,0.0,0.29731486266980145,0.21493906019694364,0.0,0.0,0.5435421569560852,0.7375416579083361,0.5428827157084148,0.3141975397857842,0.4834475216982191,0.5546017731545265,0.7454825760213166,1.0,0.09473742949703526,0.3120624011530769,0.017971908868254484,0.07804482280964856,0.10820876938903644,0.0,0.0,0.0,0.0,0.0,0.0,0.0,0.0,0.03784475758945023,0.3900377356842093,0.685924408016778,0.48946914737456426,0.17053653642464245,0.0,0.0,0.0,0.0,0.0,0.0,0.0,0.0,0.0,0.0,0.0,0.0,0.0,0.0,0.0,0.0,0.0,0.0,0.0,0.0,0.0,0.0,0.0,0.0,0.0,0.0,0.0,0.0,0.0,0.0,0.0,0.0,0.0,0.0,0.0,0.0,0.0,0.0,0.0,0.0,0.0,0.0,0.0,0.0
0.30561856825940054,0.5479779563828291,0.7344817065522903,0.5430339520768237,0.3120664796973465,0.21597039171196422,0.08086235455196003,0.0,0.0,0.0,0.012237136369813346,0.0,0.0,0.0,0.08025370975113852,0.0,0.0,0.0,0.1579756026874392,0.13253054295105499,0.020762411987760215,0.0,0.1213181294699724,0.07752854519307327,0.06876763095713356,0.09473742949703526,1.0,0.0,0.7567246745490409,0.0,0.39975946178945476,0.38932435576365115,0.035502688974001814,0.0,0.0,0.0,0.0,0.0,0.0,0.0,0.0,0.0,0.0,0.0,0.0,0.0,0.0,0.0,0.0,0.0,0.0,0.0,0.0,0.0,0.0,0.0,0.0,0.0,0.0,0.0,0.0,0.0,0.0,0.0,0.0,0.0,0.0,0.0,0.0,0.0,0.0,0.0,0.0,0.0,0.0,0.0,0.0,0.0,0.0,0.0,0.0,0.0,0.0,0.0,0.0,0.0,0.0,0.0
0.15790972858839547,0.12128557742833225,0.07749250858133432,0.0686866209314772,0.09460699715346634,0.13240648331406182,0.08021092920676337,0.0,0.0,0.020616460253821606,0.012224764967877869,0.0,0.0,0.0,0.08086730786236714,0.0,0.0,0.0,0.3056195998181636,0.21596407286333535,0.0,0.0,0.5479799422307455,0.7344818816445208,0.5430287775863432,0.3120624011530769,0.0,1.0,0.0,0.7567248585581644,0.0,0.0,0.0,0.0,0.0,0.0,0.0,0.0,0.0,0.0,0.0,0.035498720084309855,0.3893169668011283,0.39975044101375484,0.0,0.0,0.0,0.0,0.0,0.0,0.0,0.0,0.0,0.0,0.0,0.0,0.0,0.0,0.0,0.0,0.0,0.0,0.0,0.0,0.0,0.0,0.0,0.0,0.0,0.0,0.0,0.0,0.0,0.0,0.0,0.0,0.0,0.0,0.0,0.0,0.0,0.0,0.0,0.0,0.0,0.0,0.0,0.0
0.07162583342550755,0.32376448196128504,0.4912079603068242,0.3198744723368399,0.07805032108265302,0.0,0.0,0.0,0.0,0.0,0.0,0.0,0.0,0.0,0.0,0.0,0.0,0.0,0.007052104752625241,0.03635872089164016,0.0,0.0,0.0,0.0,0.0,0.017971908868254484,0.7567246745490409,0.0,1.0,0.0,0.23313662487009537,0.22326011881146368,0.0,0.0,0.0,0.0,0.0,0.0,0.0,0.0,0.0,0.0,0.0,0.0,0.0,0.0,0.0,0.0,0.0,0.0,0.0,0.0,0.0,0.0,0.0,0.0,0.0,0.0,0.0,0.0,0.0,0.0,0.0,0.0,0.0,0.0,0.0,0.0,0.0,0.0,0.0,0.0,0.0,0.0,0.0,0.0,0.0,0.0,0.0,0.0,0.0,0.0,0.0,0.0,0.0,0.0,0.0,0.0
0.006979425569863754,0.0,0.0,0.0,0.017816152925119608,0.036218246271729385,0.0,0.0,0.0,0.0,0.0,0.0,0.0,0.0,0.0,0.0,0.0,0.0,0.07162796169463408,0.0,0.0,0.0,0.3237676257771928,0.49120832274780396,0.31986778311013,0.07804482280964856,0.0,0.7567248585581644,0.0,1.0,0.0,0.0,0.0,0.0,0.0,0.0,0.0,0.0,0.0,0.0,0.0,0.0,0.2232485056795807,0.23312858163918443,0.0,0.0,0.0,0.0,0.0,0.0,0.0,0.0,0.0,0.0,0.0,0.0,0.0,0.0,0.0,0.0,0.0,0.0,0.0,0.0,0.0,0.0,0.0,0.0,0.0,0.0,0.0,0.0,0.0,0.0,0.0,0.0,0.0,0.0,0.0,0.0,0.0,0.0,0.0,0.0,0.0,0.0,0.0,0.0
0.4860081311865905,0.686866135171911,0.4926968698433927,0.2561493958867505,0.17053463535392951,0.25433625085579464,0.375931346046922,0.12428735510905249,0.0,0.03156537122527223,0.3754217842864127,0.15086423972777205,0.0,0.0,0.42472080495762843,0.2707341357546554,0.09341740225671748,0.03749888109771932,0.39831139085900696,0.27227878454335325,0.17539932421797594,0.16893443268529879,0.290314516203764,0.11994907221364973,0.0429195598849275,0.10820876938903644,0.39975946178945476,0.0,0.23313662487009537,0.0,1.0,0.0,0.0,0.0,0.0,0.0,0.0,0.0,0.0,0.0,0.0,0.0,0.0,0.1670523112878898,0.0,0.0,0.0,0.0,0.0,0.0,0.0,0.0,0.0,0.0,0.0,0.0,0.0,0.0,0.0,0.0,0.0,0.0,0.0,0.0,0.0,0.0,0.0,0.0,0.0,0.0,0.0,0.0,0.0,0.0,0.0,0.0,0.0,0.0,0.0,0.0,0.0,0.0,0.0,0.0,0.0,0.0,0.0,0.0
0.15869878679002866,0.2547212621968098,0.4850318232713177,0.6862549817707831,0.48946860688597765,0.25294074650404913,0.0,0.0,0.0,0.03310518041854309,0.0,0.0,0.0,0.0,0.0,0.0,0.0,0.0,0.0,0.0,0.0,0.0,0.0,0.0,0.0,0.0,0.38932435576365115,0.0,0.22326011881146368,0.0,0.0,1.0,0.40669294610865675,0.0,0.0,0.0,0.0,0.0,0.0,0.0,0.0,0.0,0.0,0.0,0.0,0.0,0.0,0.0,0.0,0.0,0.0,0.0,0.0,0.0,0.0,0.0,0.0,0.0,0.0,0.0,0.0,0.0,0.0,0.0,0.0,0.0,0.0,0.0,0.0,0.0,0.0,0.0,0.0,0.0,0.0,0.0,0.0,0.0,0.0,0.0,0.0,0.0,0.0,0.0,0.0,0.0,0.0,0.0
0.2501413178667572,0.16941361788396825,0.2581118718551964,0.49147151459090727,0.6859248002632792,0.48746202477628214,0.025475729519824866,0.0,0.14187973327790734,0.3921072437682103,0.0,0.0,0.0,0.0,0.0,0.0,0.0,0.0,0.0,0.0,0.0,0.0,0.0,0.0,0.0,0.0,0.035502688974001814,0.0,0.0,0.0,0.0,0.40669294610865675,1.0,0.41911974099380284,0.0,0.0,0.0,0.0,0.0,0.0,0.0,0.0,0.0,0.0,0.0,0.0,0.0,0.0,0.0,0.0,0.0,0.0,0.0,0.0,0.0,0.0,0.0,0.0,0.0,0.0,0.0,0.0,0.0,0.0,0.0,0.0,0.0,0.0,0.0,0.0,0.0,0.0,0.0,0.0,0.0,0.0,0.0,0.0,0.0,0.0,0.0,0.0,0.0,0.0,0.0,0.0,0.0,0.0
0.24826875087025457,0.03585374114794508,0.0,0.13647547999950377,0.39003878220722865,0.48482828891566226,0.15642511724952313,0.2524098972512881,0.4919250230560924,0.6859455232864478,0.0,0.0,0.0,0.03564360500942266,0.0,0.0,0.0,0.0,0.0,0.0,0.0,0.0,0.0,0.0,0.0,0.0,0.0,0.0,0.0,0.0,0.0,0.0,0.41911974099380284,1.0,0.4086803655042214,0.0,0.0,0.0,0.0,0.0,0.0,0.0,0.0,0.0,0.0,0.0,0.0,0.0,0.0,0.0,0.0,0.0,0.0,0.0,0.0,0.0,0.0,0.0,0.0,0.0,0.0,0.0,0.0,0.0,0.0,0.0,0.0,0.0,0.0,0.0,0.0,0.0,0.0,0.0,0.0,0.0,0.0,0.0,0.0,0.0,0.0,0.0,0.0,0.0,0.0,0.0,0.0,0.0
0.16324880853195073,0.0,0.0,0.0,0.03784434435217752,0.25591222847436856,0.2499240543068889,0.4859528546303359,0.6858577679263141,0.4926215361774142,0.03130828954850469,0.0,0.14253224459220679,0.3942059315270498,0.0,0.0,0.0,0.0,0.0,0.0,0.0,0.0,0.0,0.0,0.0,0.0,0.0,0.0,0.0,0.0,0.0,0.0,0.0,0.4086803655042214,1.0,0.42563596114878677,0.0,0.0,0.0,0.0,0.0,0.0,0.0,0.0,0.0,0.0,0.0,0.0,0.0,0.0,0.0,0.0,0.0,0.0,0.0,0.0,0.0,0.0,0.0,0.0,0.0,0.0,0.0,0.0,0.0,0.0,0.0,0.0,0.0,0.0,0.0,0.0,0.0,0.0,0.0,0.0,0.0,0.0,0.0,0.0,0.0,0.0,0.0,0.0,0.0,0.0,0.0,0.0
0.03456351047318229,0.0,0.0,0.0,0.0,0.0,0.24982499119382212,0.4857173574013879,0.39315881953018694,0.1423782246332369,0.16109364875550064,0.254656094564434,0.4913793070334503,0.6859141677309291,0.0,0.0,0.0,0.03535196199406079,0.0,0.0,0.0,0.0,0.0,0.0,0.0,0.0,0.0,0.0,0.0,0.0,0.0,0.0,0.0,0.0,0.42563596114878677,1.0,0.40652568865858446,0.0,0.0,0.0,0.0,0.0,0.0,0.0,0.0,0.0,0.0,0.0,0.0,0.0,0.0,0.0,0.0,0.0,0.0,0.0,0.0,0.0,0.0,0.0,0.0,0.0,0.0,0.0,0.0,0.0,0.0,0.0,0.0,0.0,0.0,0.0,0.0,0.0,0.0,0.0,0.0,0.0,0.0,0.0,0.0,0.0,0.0,0.0,0.0,0.0,0.0,0.0
0.0,0.0,0.0,0.0,0.0,0.0,0.162848136567409,0.2557690934654197,0.036575968337398505,0.0,0.24914173549778182,0.4862227402803799,0.6858861113119443,0.491472784475378,0.035387210151565505,0.0,0.14154492673439198,0.3933513745865006,0.0,0.0,0.0,0.0,0.0,0.0,0.0,0.0,0.0,0.0,0.0,0.0,0.0,0.0,0.0,0.0,0.0,0.40652568865858446,1.0,0.424053363483736,0.0,0.0,0.0,0.0,0.0,0.0,0.0,0.0,0.0,0.0,0.0,0.0,0.0,0.0,0.0,0.0,0.0,0.0,0.0,0.0,0.0,0.0,0.0,0.0,0.0,0.0,0.0,0.0,0.0,0.0,0.0,0.0,0.0,0.0,0.0,0.0,0.0,0.0,0.0,0.0,0.0,0.0,0.0,0.0,0.0,0.0,0.0,0.0,0.0,0.0
0.0,0.0,0.0,0.0,0.0,0.0,0.03539165263725971,0.0,0.0,0.0,0.2491415030496372,0.48622179587586933,0.39334536245403173,0.14154183689291217,0.16284103851574885,0.25576887742088417,0.49147302359008654,0.6858865573642321,0.0,0.0,0.0,0.03657499686388485,0.0,0.0,0.0,0.0,0.0,0.0,0.0,0.0,0.0,0.0,0.0,0.0,0.0,0.0,0.424053363483736,1.0,0.4065331617019386,0.0,0.0,0.0,0.0,0.0,0.0,0.0,0.0,0.0,0.0,0.0,0.0,0.0,0.0,0.0,0.0,0.0,0.0,0.0,0.0,0.0,0.0,0.0,0.0,0.0,0.0,0.0,0.0,0.0,0.0,0.0,0.0,0.0,0.0,0.0,0.0,0.0,0.0,0.0,0.0,0.0,0.0,0.0,0.0,0.0,0.0,0.0,0.0,0.0
0.0,0.0,0.0,0.0,0.0,0.0,0.0,0.0,0.0,0.0,0.16110155904116163,0.2546626362623232,0.03535312748944544,0.0,0.24981947623275463,0.48571773056924106,0.6859135924021806,0.49137977990519754,0.03455868495109042,0.0,0.1423781882314526,0.3931578349590749,0.0,0.0,0.0,0.0,0.0,0.0,0.0,0.0,0.0,0.0,0.0,0.0,0.0,0.0,0.0,0.4065331617019386,1.0,0.4256348062072504,0.0,0.0,0.0,0.0,0.0,0.0,0.0,0.0,0.0,0.0,0.0,0.0,0.0,0.0,0.0,0.0,0.0,0.0,0.0,0.0,0.0,0.0,0.0,0.0,0.0,0.0,0.0,0.0,0.0,0.0,0.0,0.0,0.0,0.0,0.0,0.0,0.0,0.0,0.0,0.0,0.0,0.0,0.0,0.0,0.0,0.0,0.0,0.0
0.0,0.0,0.0,0.0,0.0,0.0,0.0,0.0,0.0,0.0,0.03131707750346628,0.0,0.0,0.0,0.2499188438750806,0.4859524771380439,0.3942071564641769,0.14252957539343203,0.1632443124424686,0.25591259551514756,0.49262146625584047,0.68585672222373,0.0,0.0,0.0,0.03784475758945023,0.0,0.0,0.0,0.0,0.0,0.0,0.0,0.0,0.0,0.0,0.0,0.0,0.4256348062072504,1.0,0.4086797449394333,0.0,0.0,0.0,0.0,0.0,0.0,0.0,0.0,0.0,0.0,0.0,0.0,0.0,0.0,0.0,0.0,0.0,0.0,0.0,0.0,0.0,0.0,0.0,0.0,0.0,0.0,0.0,0.0,0.0,0.0,0.0,0.0,0.0,0.0,0.0,0.0,0.0,0.0,0.0,0.0,0.0,0.0,0.0,0.0,0.0,0.0,0.0
0.0,0.0,0.0,0.0,0.0,0.0,0.0,0.0,0.0,0.0,0.0,0.0,0.0,0.0,0.15642629491115,0.25241148791112855,0.03564581570911395,0.0,0.24826856432170158,0.4848285685517299,0.6859448961596074,0.4919257655518212,0.03585113965242501,0.0,0.13647456648174078,0.3900377356842093,0.0,0.0,0.0,0.0,0.0,0.0,0.0,0.0,0.0,0.0,0.0,0.0,0.0,0.4086797449394333,1.0,0.4191188811158384,0.0,0.0,0.0,0.0,0.0,0.0,0.0,0.0,0.0,0.0,0.0,0.0,0.0,0.0,0.0,0.0,0.0,0.0,0.0,0.0,0.0,0.0,0.0,0.0,0.0,0.0,0.0,0.0,0.0,0.0,0.0,0.0,0.0,0.0,0.0,0.0,0.0,0.0,0.0,0.0,0.0,0.0,0.0,0.0,0.0,0.0
0.0,0.0,0.0,0.0,0.0,0.0,0.0,0.0,0.0,0.0,0.0,0.0,0.0,0.0,0.02548156898841173,0.0,0.0,0.0,0.25014623377265444,0.4874620390935773,0.39210654784459475,0.1418814952662226,0.1694162021398525,0.25811184663795744,0.49147306131712176,0.685924408016778,0.0,0.035498720084309855,0.0,0.0,0.0,0.0,0.0,0.0,0.0,0.0,0.0,0.0,0.0,0.0,0.4191188811158384,1.0,0.4066971206046666,0.0,0.0,0.0,0.0,0.0,0.0,0.0,0.0,0.0,0.0,0.0,0.0,0.0,0.0,0.0,0.0,0.0,0.0,0.0,0.0,0.0,0.0,0.0,0.0,0.0,0.0,0.0,0.0,0.0,0.0,0.0,0.0,0.0,0.0,0.0,0.0,0.0,0.0,0.0,0.0,0.0,0.0,0.0,0.0,0.0
0.0,0.0,0.0,0.0,0.0,0.0,0.0,0.0,0.0,0.0,0.0,0.0,0.0,0.0,0.0,0.0,0.0,0.0,0.15870250920992848,0.25293900026747435,0.03310548853164372,0.0,0.25472308716768416,0.48503250033389983,0.6862553060359159,0.48946914737456426,0.0,0.3893169668011283,0.0,0.2232485056795807,0.0,0.0,0.0,0.0,0.0,0.0,0.0,0.0,0.0,0.0,0.0,0.4066971206046666,1.0,0.0,0.0,0.0,0.0,0.0,0.0,0.0,0.0,0.0,0.0,0.0,0.0,0.0,0.0,0.0,0.0,0.0,0.0,0.0,0.0,0.0,0.0,0.0,0.0,0.0,0.0,0.0,0.0,0.0,0.0,0.0,0.0,0.0,0.0,0.0,0.0,0.0,0.0,0.0,0.0,0.0,0.0,0.0,0.0,0.0
0.39825927731449945,0.2902994937982483,0.11993456614556275,0.042874626645527145,0.10812628761722813,0.27218494697945056,0.42468462415974934,0.27067511876324546,0.168841794421419,0.17528929790786574,0.3754189516128335,0.1508539941321727,0.03747447328570073,0.09337038984328977,0.37594708521518994,0.12429470892309695,0.0,0.0,0.4860154271549924,0.25433868015873595,0.031568753105546986,0.0,0.6868657757793211,0.49268838277969745,0.2561453299315748,0.17053653642464245,0.0,0.39975044101375484,0.0,0.23312858163918443,0.1670523112878898,0.0,0.0,0.0,0.0,0.0,0.0,0.0,0.0,0.0,0.0,0.0,0.0,1.0,0.0,0.0,0.0,0.0,0.0,0.0,0.0,0.0,0.0,0.0,0.0,0.0,0.0,0.0,0.0,0.0,0.0,0.0,0.0,0.0,0.0,0.0,0.0,0.0,0.0,0.0,0.0,0.0,0.0,0.0,0.0,0.0,0.0,0.0,0.0,0.0,0.0,0.0,0.0,0.0,0.0,0.0,0.0,0.0
0.0,0.0,0.0,0.0,0.0,0.0,0.0,0.0,0.0,0.0,0.0,0.0,0.0,0.0,0.0,0.0,0.0,0.0,0.0,0.0,0.0,0.0,0.0,0.0,0.0,0.0,0.0,0.0,0.0,0.0,0.0,0.0,0.0,0.0,0.0,0.0,0.0,0.0,0.0,0.0,0.0,0.0,0.0,0.0,1.0,0.7383164691069807,0.5469833887677717,0.4723940880002789,0.5435361487465126,0.7350207211449716,0.7298267271388892,0.5455547352900638,0.47718776099341803,0.5420716884871831,0.5221641439180766,0.2988560198930909,0.21486811489281096,0.3048932858579655,0.4077996317756969,0.17141434350191934,0.03829006870319589,0.08380712706364292,0.3838933744963409,0.1616549464562729,0.0,0.0,0.431580885014199,0.24917994763464346,0.06576321312726251,0.03202931069071135,0.3056185682594007,0.15790972858839514,0.07162583342550771,0.00697942556986359,0.48600813118659053,0.15869878679002866,0.2501413178667572,0.2482687508702544,0.16324880853195073,0.034563510473182124,0.0,0.0,0.0,0.0,0.0,0.0,0.0,0.39825927731449917
0.0,0.0,0.0,0.0,0.0,0.0,0.0,0.0,0.0,0.0,0.0,0.0,0.0,0.0,0.0,0.0,0.0,0.0,0.0,0.0,0.0,0.0,0.0,0.0,0.0,0.0,0.0,0.0,0.0,0.0,0.0,0.0,0.0,0.0,0.0,0.0,0.0,0.0,0.0,0.0,0.0,0.0,0.0,0.0,0.7383164691069807,1.0,0.7425859958161449,0.548581429027036,0.4834444847155849,0.550075304862947,0.5328130333958204,0.3053608597452675,0.21894181427319798,0.30804651395232335,0.4317591583369634,0.19356583079464318,0.05026886809190467,0.08936418323386167,0.42075453592957746,0.22144777894037668,0.05103315967355158,0.03278237493909188,0.431618590625873,0.2746340474479742,0.13022272494808082,0.10344379120552934,0.4128815644270375,0.2626535909797008,0.14599619668494587,0.15255237240289696,0.5479779563828291,0.12128557742833208,0.323764481961285,0.0,0.686866135171911,0.25472126219680974,0.16941361788396833,0.03585374114794508,0.0,0.0,0.0,0.0,0.0,0.0,0.0,0.0,0.0,0.29029949379824815
0.0,0.0,0.0,0.0,0.0,0.0,0.0,0.0,0.0,0.0,0.0,0.0,0.0,0.0,0.0,0.0,0.0,0.0,0.0,0.0,0.0,0.0,0.0,0.0,0.0,0.0,0.0,0.0,0.0,0.0,0.0,0.0,0.0,0.0,0.0,0.0,0.0,0.0,0.0,0.0,0.0,0.0,0.0,0.0,0.5469833887677717,0.7425859958161449,1.0,0.7375057475570111,0.5546026932897327,0.48132163178819837,0.29710713198188315,0.09638921373116331,0.06677072439548075,0.2178941854446313,0.17509364024785604,0.0,0.0,0.0,0.18617910482985564,0.00019665637162055613,0.0,0.0,0.24922493223753703,0.14594684552735374,0.0,0.0,0.2626604838131732,0.1867447395053701,0.10385826915033482,0.08591343709213352,0.7344817065522904,0.077492508581334,0.4912079603068242,0.0,0.4926968698433926,0.4850318232713177,0.25811187185519646,0.0,0.0,0.0,0.0,0.0,0.0,0.0,0.0,0.0,0.0,0.11993456614556258
0.0,0.0,0.0,0.0,0.0,0.0,0.0,0.0,0.0,0.0,0.0,0.0,0.0,0.0,0.0,0.0,0.0,0.0,0.0,0.0,0.0,0.0,0.0,0.0,0.0,0.0,0.0,0.0,0.0,0.0,0.0,0.0,0.0,0.0,0.0,0.0,0.0,0.0,0.0,0.0,0.0,0.0,0.0,0.0,0.4723940880002789,0.548581429027036,0.7375057475570111,1.0,0.7454825253451186,0.5489923112048622,0.20230329261308483,0.057749903407541305,0.10367601937427061,0.30905972021588224,0.019941139158175625,0.0,0.0,0.0,0.0,0.0,0.0,0.0,0.065783230522188,0.0,0.0,0.0,0.14597404638897526,0.1038220010171114,0.0,0.0,0.5430339520768236,0.06868662093147704,0.3198744723368399,0.0,0.25614939588675045,0.686254981770783,0.4914715145909073,0.13647547999950377,0.0,0.0,0.0,0.0,0.0,0.0,0.0,0.0,0.0,0.04287462664552698
0.0,0.0,0.0,0.0,0.0,0.0,0.0,0.0,0.0,0.0,0.0,0.0,0.0,0.0,0.0,0.0,0.0,0.0,0.0,0.0,0.0,0.0,0.0,0.0,0.0,0.0,0.0,0.0,0.0,0.0,0.0,0.0,0.0,0.0,0.0,0.0,0.0,0.0,0.0,0.0,0.0,0.0,0.0,0.0,0.5435361487465126,0.4834444847155849,0.5546026932897327,0.7454825253451186,1.0,0.7375420386279902,0.2973076489413127,0.21493559209878058,0.3141958556411156,0.5428834974285944,0.06691099576311708,0.0,0.0,0.0,0.0,0.0,0.0,0.0,0.0320179258547202,0.0,0.0,0.0,0.15249238636418225,0.08583171537690389,0.0,0.0,0.3120664796973466,0.094606997153466,0.07805032108265302,0.017816152925119608,0.17053463535392951,0.48946860688597765,0.6859248002632793,0.39003878220722854,0.03784434435217752,0.0,0.0,0.0,0.0,0.0,0.0,0.0,0.0,0.1081262876172278
0.0,0.0,0.0,0.0,0.0,0.0,0.0,0.0,0.0,0.0,0.0,0.0,0.0,0.0,0.0,0.0,0.0,0.0,0.0,0.0,0.0,0.0,0.0,0.0,0.0,0.0,0.0,0.0,0.0,0.0,0.0,0.0,0.0,0.0,0.0,0.0,0.0,0.0,0.0,0.0,0.0,0.0,0.0,0.0,0.7350207211449716,0.550075304862947,0.48132163178819837,0.5489923112048622,0.7375420386279902,1.0,0.5375654153683539,0.47660001674785374,0.5524509323713342,0.7354866011912659,0.285864663359398,0.08634128894863528,0.06058045945680408,0.21505809859721967,0.15349554008416022,0.0,0.0,0.0,0.16163351203528908,0.0,0.0,0.0,0.2745640796255823,0.14586049753835145,0.0,0.0,0.2159703917119644,0.13240648331406166,0.0,0.036218246271729385,0.25433625085579464,0.25294074650404913,0.48746202477628214,0.48482828891566226,0.2559122284743687,0.0,0.0,0.0,0.0,0.0,0.0,0.0,0.0,0.27218494697945034
0.0,0.0,0.0,0.0,0.0,0.0,0.0,0.0,0.0,0.0,0.0,0.0,0.0,0.0,0.0,0.0,0.0,0.0,0.0,0.0,0.0,0.0,0.0,0.0,0.0,0.0,0.0,0.0,0.0,0.0,0.0,0.0,0.0,0.0,0.0,0.0,0.0,0.0,0.0,0.0,0.0,0.0,0.0,0.0,0.7298267271388892,0.5328130333958204,0.29710713198188315,0.20230329261308483,0.2973076489413127,0.5375654153683539,1.0,0.7368563864497227,0.5418890349936081,0.4701965091960297,0.7308221327305243,0.5451774346131047,0.47641726866757744,0.5430565547420209,0.5198460211322864,0.293512554914593,0.2118336556080519,0.3048018790274936,0.4077859903408304,0.15349498826895994,0.017350046855868904,0.07141392047759826,0.42072012904128797,0.1861424638543402,0.0,0.0,0.0808623545519602,0.0802109292067632,0.0,0.0,0.3759313460469221,0.0,0.025475729519824866,0.15642511724952304,0.249924054306889,0.24982499119382204,0.162848136567409,0.03539165263725971,0.0,0.0,0.0,0.0,0.0,0.42468462415974906
0.0,0.0,0.0,0.0,0.0,0.0,0.0,0.0,0.0,0.0,0.0,0.0,0.0,0.0,0.0,0.0,0.0,0.0,0.0,0.0,0.0,0.0,0.0,0.0,0.0,0.0,0.0,0.0,0.0,0.0,0.0,0.0,0.0,0.0,0.0,0.0,0.0,0.0,0.0,0.0,0.0,0.0,0.0,0.0,0.5455547352900638,0.3053608597452675,0.09638921373116331,0.057749903407541305,0.21493559209878058,0.47660001674785374,0.7368563864497227,1.0,0.7348699352424548,0.548791966950945,0.5433908904121142,0.47900239166330305,0.5523403344459573,0.7361463427930782,0.2935069790434912,0.087177175530883,0.05937576717292924,0.2159738145061167,0.1713890048476014,0.0,0.0,0.0,0.22139657049403969,0.000139315668127839,0.0,0.0,0.0,0.0,0.0,0.0,0.12428735510905249,0.0,0.0,0.252409897251288,0.4859528546303359,0.4857173574013878,0.2557690934654197,0.0,0.0,0.0,0.0,0.0,0.0,0.27067511876324535
0.0,0.0,0.0,0.0,0.0,0.0,0.0,0.0,0.0,0.0,0.0,0.0,0.0,0.0,0.0,0.0,0.0,0.0,0.0,0.0,0.0,0.0,0.0,0.0,0.0,0.0,0.0,0.0,0.0,0.0,0.0,0.0,0.0,0.0,0.0,0.0,0.0,0.0,0.0,0.0,0.0,0.0,0.0,0.0,0.47718776099341803,0.21894181427319798,0.06677072439548075,0.10367601937427061,0.3141958556411156,0.5524509323713342,0.5418890349936081,0.7348699352424548,1.0,0.7479071960524732,0.29987797563092417,0.21396081038055584,0.3124274616150542,0.5431609079561929,0.07140402279691975,0.0,0.0,0.0,0.0,0.0,0.0,0.0,0.10336833159335883,0.0,0.0,0.0,0.0,0.0,0.0,0.0,0.0,0.0,0.14187973327790718,0.4919250230560923,0.6858577679263141,0.39315881953018694,0.036575968337398505,0.0,0.0,0.0,0.0,0.0,0.0,0.168841794421419
0.0,0.0,0.0,0.0,0.0,0.0,0.0,0.0,0.0,0.0,0.0,0.0,0.0,0.0,0.0,0.0,0.0,0.0,0.0,0.0,0.0,0.0,0.0,0.0,0.0,0.0,0.0,0.0,0.0,0.0,0.0,0.0,0.0,0.0,0.0,0.0,0.0,0.0,0.0,0.0,0.0,0.0,0.0,0.0,0.5420716884871831,0.30804651395232335,0.2178941854446313,0.30905972021588224,0.5428834974285944,0.7354866011912659,0.4701965091960297,0.548791966950945,0.7479071960524732,1.0,0.20244548444293825,0.05571791116313463,0.10310918788891593,0.311466032374379,0.017340644231242187,0.0,0.0,0.0,0.0,0.0,0.0,0.0,0.13013639248016948,0.0,0.0,0.0,0.0,0.020616460253821276,0.0,0.0,0.03156537122527223,0.03310518041854309,0.3921072437682103,0.6859455232864478,0.4926215361774143,0.1423782246332369,0.0,0.0,0.0,0.0,0.0,0.0,0.0,0.1752892979078654
0.0,0.0,0.0,0.0,0.0,0.0,0.0,0.0,0.0,0.0,0.0,0.0,0.0,0.0,0.0,0.0,0.0,0.0,0.0,0.0,0.0,0.0,0.0,0.0,0.0,0.0,0.0,0.0,0.0,0.0,0.0,0.0,0.0,0.0,0.0,0.0,0.0,0.0,0.0,0.0,0.0,0.0,0.0,0.0,0.5221641439180766,0.4317591583369634,0.17509364024785604,0.019941139158175625,0.06691099576311708,0.285864663359398,0.7308221327305243,0.5433908904121142,0.29987797563092417,0.20244548444293825,1.0,0.7354309535208173,0.5421390579097145,0.4746457603735513,0.7308264184709509,0.5433976385718502,0.4746537478334905,0.5421421022614433,0.5221604933809475,0.28587052210780306,0.20245527607683222,0.2998867053744662,0.4317471023960476,0.17508099741878794,0.019936628244764262,0.06691507954053061,0.012237136369813346,0.012224764967877869,0.0,0.0,0.3754217842864127,0.0,0.0,0.0,0.031308289548504856,0.16109364875550064,0.24914173549778182,0.2491415030496372,0.16110155904116155,0.03131707750346645,0.0,0.0,0.0,0.3754189516128335
0.0,0.0,0.0,0.0,0.0,0.0,0.0,0.0,0.0,0.0,0.0,0.0,0.0,0.0,0.0,0.0,0.0,0.0,0.0,0.0,0.0,0.0,0.0,0.0,0.0,0.0,0.0,0.0,0.0,0.0,0.0,0.0,0.0,0.0,0.0,0.0,0.0,0.0,0.0,0.0,0.0,0.0,0.0,0.0,0.2988560198930909,0.19356583079464318,0.0,0.0,0.0,0.08634128894863528,0.5451774346131047,0.47900239166330305,0.21396081038055584,0.05571791116313463,0.7354309535208173,1.0,0.7361581376403625,0.5512952475658838,0.5451737611887593,0.4790043110115852,0.5513002893015596,0.7361624799087751,0.2988444073982867,0.08633753142658639,0.05571862120692186,0.2139626558107548,0.1935466112165469,0.0,0.0,0.0,0.0,0.0,0.0,0.0,0.15086423972777205,0.0,0.0,0.0,0.0,0.254656094564434,0.4862227402803799,0.4862217958758692,0.2546626362623231,0.0,0.0,0.0,0.0,0.1508539941321727
0.0,0.0,0.0,0.0,0.0,0.0,0.0,0.0,0.0,0.0,0.0,0.0,0.0,0.0,0.0,0.0,0.0,0.0,0.0,0.0,0.0,0.0,0.0,0.0,0.0,0.0,0.0,0.0,0.0,0.0,0.0,0.0,0.0,0.0,0.0,0.0,0.0,0.0,0.0,0.0,0.0,0.0,0.0,0.0,0.21486811489281096,0.05026886809190467,0.0,0.0,0.0,0.06058045945680408,0.47641726866757744,0.5523403344459573,0.3124274616150542,0.10310918788891593,0.5421390579097145,0.7361581376403625,1.0,0.7473497856157068,0.3047946146262423,0.21596953205342942,0.3119638359072107,0.543504515779791,0.08378720174949664,0.0,0.0,0.0,0.032751438436794525,0.0,0.0,0.0,0.0,0.0,0.0,0.0,0.0,0.0,0.0,0.0,0.14253224459220695,0.4913793070334503,0.6858861113119443,0.3933453624540316,0.035353127489445114,0.0,0.0,0.0,0.0,0.03747447328570056
