1.0,0.7383164691069807,0.5469833887677716,0.4723940880002789,0.5435361487465127,0.7350207211449717,0.7298267271388893,0.5455547352900637,0.47718776099341814,0.5420716884871832,0.5221641439180768,0.29885601989309074,0.21486811489281096,0.30489328585796516,0.4077996317756969,0.1714143435019195,0.03829006870319573,0.08380712706364275,0.38389337449634076,0.1616549464562729,0.0,0.0,0.43158088501419883,0.24917994763464377,0.06576321312726283,0.03202931069071102,0.30561856825940054,0.1579097285883953,0.07162583342550771,0.006979425569863754,0.48600813118659053,0.1586987867900285,0.2501413178667573,0.24826875087025457,0.1632488085319508,0.03456351047318245,0.0,0.0,0.0,0.0,0.0,0.0,0.0,0.3982592773144993,0.0,0.0,0.0,0.0,0.0,0.0,0.0,0.0,0.0,0.0,0.0,0.0,0.0,0.0,0.0,0.0,0.0,0.0,0.0,0.0,0.0,0.0,0.0,0.0,0.0,0.0,0.0,0.0,0.0,0.0,0.0,0.0,0.0,0.0,0.0,0.0,0.0,0.0,0.0,0.0,0.0,0.0,0.0,0.0
0.7383164691069807,1.0,0.7425859958161449,0.5485814290270359,0.4834444847155849,0.550075304862947,0.5328130333958206,0.3053608597452675,0.21894181427319798,0.3080465139523234,0.4317591583369638,0.19356583079464318,0.050268868091905006,0.0893641832338615,0.4207545359295776,0.221447778940377,0.051033159673551744,0.03278237493909188,0.4316185906258728,0.27463404744797426,0.13022272494808082,0.10344379120552917,0.41288156442703733,0.2626535909797009,0.14599619668494618,0.1525523724028968,0.547977956382829,0.12128557742833208,0.323764481961285,0.0,0.686866135171911,0.2547212621968094,0.16941361788396817,0.03585374114794508,0.0,0.0,0.0,0.0,0.0,0.0,0.0,0.0,0.0,0.2902994937982483,0.0,0.0,0.0,0.03383618474624465,0.04450894568121117,0.0,0.0,0.0,0.0,0.0,0.0,0.0,0.0,0.0,0.0,0.0,0.0,0.0,0.0,0.0,0.0,0.0,0.0,0.0,0.0,0.0,0.0,0.0,0.0,0.02706057269451887,0.0,0.010273197679048258,0.03172976494798891,0.0,0.0,0.0,0.0,0.0,0.0,0.0,0.0,0.0,0.0,0.0
0.5469833887677716,0.7425859958161449,1.0,0.7375057475570111,0.5546026932897327,0.48132163178819837,0.2971071319818833,0.09638921373116315,0.06677072439548058,0.2178941854446313,0.17509364024785637,0.0,0.0,0.0,0.18617910482985564,0.00019665637162088507,0.0,0.0,0.24922493223753686,0.14594684552735374,0.0,0.0,0.26266048381317303,0.18674473950537027,0.10385826915033515,0.0859134370921332,0.7344817065522903,0.07749250858133415,0.49120796030682423,0.0,0.4926968698433926,0.48503182327131755,0.2581118718551964,0.0,0.0,0.0,0.0,0.0,0.0,0.0,0.0,0.0,0.0,0.11993456614556258,0.0,0.0,0.0,0.16402041722895644,0.20676925614879194,0.04900996406879634,0.0,0.0,0.0,0.0,0.0,0.0,0.0,0.0,0.0,0.0,0.0,0.0,0.0,0.0,0.0,0.0,0.0,0.00048011143616020374,0.0,0.0,0.0,0.18234774605409493,0.0,0.2626879182932132,0.0,0.08944982896654977,0.17188296053456734,0.0,0.0,0.0,0.0,0.0,0.0,0.0,0.0,0.0,0.0,0.0
0.4723940880002789,0.5485814290270359,0.7375057475570111,1.0,0.7454825253451186,0.5489923112048622,0.202303292613085,0.057749903407541145,0.10367601937427061,0.3090597202158823,0.019941139158175792,0.0,0.0,0.0,0.0,0.0,0.0,0.0,0.06578323052218783,0.0,0.0,0.0,0.14597404638897513,0.10382200101711157,0.0,0.0,0.5430339520768237,0.0686866209314772,0.31987447233683997,0.0,0.25614939588675045,0.6862549817707829,0.49147151459090727,0.13647547999950377,0.0,0.0,0.0,0.0,0.0,0.0,0.0,0.0,0.0,0.04287462664552698,0.0,0.0,0.0,0.03719659431714044,0.14699609779248865,0.04345808369490245,0.0,0.0,0.0,0.02557143700898393,0.0,0.0,0.0,0.0,0.0,0.0,0.0,0.0,0.0,0.0,0.0,0.0,0.0,0.0,0.0,0.0,0.0,0.17759362081231356,0.0,0.30144802558660794,0.0,0.0,0.1300906453420449,0.0,0.0,0.0,0.0,0.0,0.0,0.0,0.0,0.0,0.0,0.0
0.5435361487465127,0.4834444847155849,0.5546026932897327,0.7454825253451186,1.0,0.7375420386279903,0.29730764894131284,0.21493559209878058,0.31419585564111563,0.5428834974285945,0.06691099576311742,0.0,0.0,0.0,0.0,0.0,0.0,0.0,0.032017925854720033,0.0,0.0,0.0,0.15249238636418208,0.08583171537690389,0.0,0.0,0.3120664796973466,0.094606997153466,0.07805032108265302,0.017816152925119774,0.17053463535392951,0.4894686068859775,0.6859248002632792,0.39003878220722865,0.03784434435217768,0.0,0.0,0.0,0.0,0.0,0.0,0.0,0.0,0.10812628761722796,0.0,0.0,0.0,0.0,0.0,0.0,0.0,0.0,0.0,0.0,0.0,0.0,0.0,0.0,0.0,0.0,0.0,0.0,0.0,0.0,0.0,0.0,0.0,0.0,0.0,0.0,0.0,0.0,0.0,0.09014833266478166,0.0,0.0,0.0,0.0,0.0,0.0,0.0,0.0,0.0,0.0,0.0,0.0,0.0,0.0
0.7350207211449717,0.550075304862947,0.48132163178819837,0.5489923112048622,0.7375420386279903,1.0,0.537565415368354,0.47660001674785357,0.5524509323713342,0.7354866011912659,0.28586466335939814,0.08634128894863512,0.06058045945680408,0.21505809859721933,0.15349554008416022,0.0,0.0,0.0,0.16163351203528892,0.0,0.0,0.0,0.27456407962558216,0.14586049753835179,0.0,0.0,0.21597039171196422,0.13240648331406182,0.0,0.03621824627172955,0.25433625085579464,0.252940746504049,0.4874620247762822,0.48482828891566226,0.25591222847436873,0.0,0.0,0.0,0.0,0.0,0.0,0.0,0.0,0.2721849469794505,0.0,0.0,0.0,0.0,0.0,0.0,0.0,0.0,0.0,0.0,0.0,0.0,0.0,0.0,0.0,0.0,0.0,0.0,0.0,0.0,0.0,0.0,0.0,0.0,0.0,0.0,0.0,0.0,0.0,0.0,0.0,0.0,0.0,0.0,0.0,0.0,0.0,0.0,0.0,0.0,0.0,0.0,0.0,0.0
0.7298267271388893,0.5328130333958206,0.2971071319818833,0.202303292613085,0.29730764894131284,0.537565415368354,1.0,0.7368563864497227,0.541889034993608,0.4701965091960297,0.7308221327305243,0.5451774346131045,0.4764172686675773,0.5430565547420205,0.5198460211322865,0.2935125549145931,0.21183365560805156,0.3048018790274934,0.4077859903408304,0.1534949882689601,0.01735004685586874,0.07141392047759793,0.4207201290412878,0.18614246385434052,0.0,0.0,0.0808623545519602,0.0802109292067632,0.0,0.0,0.37593134604692224,0.0,0.02547572951982503,0.15642511724952304,0.249924054306889,0.2498249911938222,0.16284813656740918,0.035391652637259546,0.0,0.0,0.0,0.0,0.0,0.4246846241597495,0.0,0.0,0.0,0.0,0.0,0.0,0.0,0.0,0.0,0.0,0.0,0.0,0.0,0.0,0.0,0.0,0.0,0.0,0.0,0.0,0.0,0.0,0.0,0.0,0.0,0.0,0.0,0.0,0.0,0.0,0.0,0.0,0.0,0.0,0.0,0.0,0.0,0.0,0.0,0.0,0.0,0.0,0.0,0.0
0.5455547352900637,0.3053608597452675,0.09638921373116315,0.057749903407541145,0.21493559209878058,0.47660001674785357,0.7368563864497227,1.0,0.7348699352424546,0.5487919669509447,0.5433908904121142,0.47900239166330305,0.5523403344459574,0.7361463427930781,0.2935069790434914,0.087177175530883,0.05937576717292908,0.2159738145061167,0.17138900484760122,0.0,0.0,0.0,0.22139657049403952,0.00013931566812800346,0.0,0.0,0.0,0.0,0.0,0.0,0.12428735510905266,0.0,0.0,0.2524098972512878,0.4859528546303359,0.4857173574013882,0.25576909346542015,0.0,0.0,0.0,0.0,0.0,0.0,0.27067511876324546,0.0,0.0,0.0,0.0,0.0,0.0,0.0,0.0,0.0,0.0,0.0,0.0,0.0,0.0,0.0,0.0,0.0,0.0,0.0,0.0,0.0,0.0,0.0,0.0,0.0,0.0,0.0,0.0,0.0,0.0,0.0,0.0,0.0,0.0,0.0,0.0,0.0,0.0,0.0,0.0,0.0,0.0,0.0,0.0
0.47718776099341814,0.21894181427319798,0.06677072439548058,0.10367601937427061,0.31419585564111563,0.5524509323713342,0.541889034993608,0.7348699352424546,1.0,0.7479071960524732,0.2998779756309243,0.2139608103805557,0.3124274616150542,0.5431609079561925,0.07140402279691975,0.0,0.0,0.0,0.0,0.0,0.0,0.0,0.10336833159335868,0.0,0.0,0.0,0.0,0.0,0.0,0.0,0.0,0.0,0.14187973327790734,0.4919250230560923,0.6858577679263144,0.3931588195301873,0.03657596833739883,0.0,0.0,0.0,0.0,0.0,0.0,0.16884179442141917,0.0,0.0,0.0,0.0,0.0,0.0,0.0,0.0,0.0,0.0,0.0,0.0,0.0,0.0,0.0,0.0,0.0,0.0,0.0,0.0,0.0,0.0,0.0,0.0,0.0,0.0,0.0,0.0,0.0,0.0,0.0,0.0,0.0,0.0,0.0,0.0,0.0,0.0,0.0,0.0,0.0,0.0,0.0,0.0
0.5420716884871832,0.3080465139523234,0.2178941854446313,0.3090597202158823,0.5428834974285945,0.7354866011912659,0.4701965091960297,0.5487919669509447,0.7479071960524732,1.0,0.20244548444293842,0.05571791116313447,0.10310918788891593,0.31146603237437853,0.017340644231242187,0.0,0.0,0.0,0.0,0.0,0.0,0.0,0.13013639248016914,0.0,0.0,0.0,0.0,0.020616460253821276,0.0,0.0,0.03156537122527223,0.03310518041854309,0.3921072437682106,0.6859455232864478,0.4926215361774143,0.14237822463323724,0.0,0.0,0.0,0.0,0.0,0.0,0.0,0.17528929790786557,0.0,0.0,0.0,0.0,0.0,0.0,0.0,0.0,0.0,0.0,0.0,0.0,0.0,0.0,0.0,0.0,0.0,0.0,0.0,0.0,0.0,0.0,0.0,0.0,0.0,0.0,0.0,0.0,0.0,0.0,0.0,0.0,0.0,0.0,0.0,0.0,0.0,0.0,0.0,0.0,0.0,0.0,0.0,0.0
0.5221641439180768,0.4317591583369638,0.17509364024785637,0.019941139158175792,0.06691099576311742,0.28586466335939814,0.7308221327305243,0.5433908904121142,0.2998779756309243,0.20244548444293842,1.0,0.7354309535208168,0.5421390579097143,0.4746457603735509,0.7308264184709512,0.5433976385718503,0.47465374783349035,0.542142102261443,0.5221604933809476,0.28587052210780356,0.2024552760768324,0.29988670537446616,0.43174710239604785,0.17508099741878844,0.019936628244764592,0.06691507954053076,0.01223713636981351,0.012224764967878034,0.0,0.0,0.3754217842864132,0.0,0.0,0.0,0.03130828954850469,0.16109364875550064,0.24914173549778182,0.2491415030496369,0.16110155904116139,0.03131707750346628,0.0,0.0,0.0,0.3754189516128339,0.0,0.0,0.0,0.0,0.0,0.0,0.0,0.0,0.0,0.0,0.0,0.0,0.0,0.0,0.0,0.0,0.0,0.0,0.0,0.0,0.0,0.0,0.0,0.0,0.0,0.0,0.0,0.0,0.0,0.0,0.0,0.0,0.0,0.0,0.0,0.0,0.0,0.0,0.0,0.0,0.0,0.0,0.0,0.0
0.29885601989309074,0.19356583079464318,0.0,0.0,0.0,0.08634128894863512,0.5451774346131045,0.47900239166330305,0.2139608103805557,0.05571791116313447,0.7354309535208168,1.0,0.7361581376403626,0.5512952475658838,0.5451737611887594,0.4790043110115852,0.5513002893015595,0.7361624799087751,0.2988444073982866,0.08633753142658639,0.05571862120692186,0.21396265581075463,0.19354661121654673,0.0,0.0,0.0,0.0,0.0,0.0,0.0,0.15086423972777205,0.0,0.0,0.0,0.0,0.25465609456443405,0.48622274028038026,0.4862217958758694,0.25466263626232327,0.0,0.0,0.0,0.0,0.1508539941321727,0.0,0.0,0.0,0.0,0.0,0.0,0.0,0.0,0.0,0.0,0.0,0.0,0.0,0.0,0.0,0.0,0.0,0.0,0.0,0.0,0.0,0.0,0.0,0.0,0.0,0.0,0.0,0.0,0.0,0.0,0.0,0.0,0.0,0.0,0.0,0.0,0.0,0.0,0.0,0.0,0.0,0.0,0.0,0.0
0.21486811489281096,0.050268868091905006,0.0,0.0,0.0,0.06058045945680408,0.4764172686675773,0.5523403344459574,0.3124274616150542,0.10310918788891593,0.5421390579097143,0.7361581376403626,1.0,0.7473497856157071,0.3047946146262426,0.21596953205342942,0.31196383590721055,0.5435045157797911,0.08378720174949664,0.0,0.0,0.0,0.03275143843679436,0.0,0.0,0.0,0.0,0.0,0.0,0.0,0.0,0.0,0.0,0.0,0.14253224459220679,0.4913793070334503,0.6858861113119445,0.3933453624540316,0.03535312748944561,0.0,0.0,0.0,0.0,0.03747447328570089,0.0,0.0,0.0,0.0,0.0,0.0,0.0,0.0,0.0,0.0,0.0,0.0,0.0,0.0,0.0,0.0,0.0,0.0,0.0,0.0,0.0,0.0,0.0,0.0,0.0,0.0,0.0,0.0,0.0,0.0,0.0,0.0,0.0,0.0,0.0,0.0,0.0,0.0,0.0,0.0,0.0,0.0,0.0,0.0
0.30489328585796516,0.0893641832338615,0.0,0.0,0.0,0.21505809859721933,0.5430565547420205,0.7361463427930781,0.5431609079561925,0.31146603237437853,0.4746457603735509,0.5512952475658838,0.7473497856157071,1.0,0.21182344806453118,0.05936963105581408,0.1027685851147647,0.31196502648743196,0.038261318070970475,0.0,0.0,0.0,0.050985824889715314,0.0,0.0,0.0,0.0,0.0,0.0,0.0,0.0,0.0,0.0,0.035643605009422166,0.39420593152704947,0.6859141677309293,0.49147278447537857,0.14154183689291233,0.0,0.0,0.0,0.0,0.0,0.09337038984328977,0.0,0.0,0.0,0.0,0.0,0.0,0.0,0.0,0.0,0.0,0.0,0.0,0.0,0.0,0.0,0.0,0.0,0.0,0.0,0.0,0.0,0.0,0.0,0.0,0.0,0.0,0.0,0.0,0.0,0.0,0.0,0.0,0.0,0.0,0.0,0.0,0.0,0.0,0.0,0.0,0.0,0.0,0.0,0.0
0.4077996317756969,0.4207545359295776,0.18617910482985564,0.0,0.0,0.15349554008416022,0.5198460211322865,0.2935069790434914,0.07140402279691975,0.017340644231242187,0.7308264184709512,0.5451737611887594,0.3047946146262426,0.21182344806453118,1.0,0.7368505145715166,0.543053051226721,0.47640995645840944,0.7298283387197121,0.5375711793931085,0.4701982989383944,0.5418856995693613,0.5328158147944508,0.29710878645750594,0.20230847449287906,0.2973148626698014,0.08025370975113835,0.08086730786236682,0.0,0.0,0.42472080495762843,0.0,0.0,0.0,0.0,0.0,0.035387210151566,0.162841038515749,0.24981947623275455,0.24991884387508068,0.15642629491115,0.02548156898841173,0.0,0.37594708521518994,0.0,0.0,0.0,0.0,0.0,0.0,0.0,0.0,0.0,0.0,0.0,0.0,0.0,0.0,0.0,0.0,0.0,0.0,0.0,0.0,0.0,0.0,0.0,0.0,0.0,0.0,0.0,0.0,0.0,0.0,0.0,0.0,0.0,0.0,0.0,0.0,0.0,0.0,0.0,0.0,0.0,0.0,0.0,0.0
0.1714143435019195,0.221447778940377,0.00019665637162088507,0.0,0.0,0.0,0.2935125549145931,0.087177175530883,0.0,0.0,0.5433976385718503,0.4790043110115852,0.21596953205342942,0.05936963105581408,0.7368505145715166,1.0,0.7361490723180709,0.5523375715398922,0.5455508304238755,0.4766030705980007,0.5487945645708572,0.7348704921302075,0.30535703946651555,0.09638558466039679,0.05775142602652858,0.21493906019694378,0.0,0.0,0.0,0.0,0.2707341357546556,0.0,0.0,0.0,0.0,0.0,0.0,0.255768877420884,0.48571773056924056,0.4859524771380439,0.2524114879111287,0.0,0.0,0.12429470892309712,0.0,0.0,0.0,0.0,0.0,0.0,0.0,0.0,0.0,0.0,0.0,0.0,0.0,0.0,0.0,0.0,0.0,0.0,0.0,0.0,0.0,0.0,0.0,0.0,0.0,0.0,0.0,0.0,0.0,0.0,0.0,0.0,0.0,0.0,0.0,0.0,0.0,0.0,0.0,0.0,0.0,0.0,0.0,0.0
0.03829006870319573,0.051033159673551744,0.0,0.0,0.0,0.0,0.21183365560805156,0.05937576717292908,0.0,0.0,0.47465374783349035,0.5513002893015595,0.31196383590721055,0.1027685851147647,0.543053051226721,0.7361490723180709,1.0,0.7473472161719503,0.30489071807204776,0.21506197973143515,0.31146952616447593,0.5431628718657968,0.08936062470960204,0.0,0.0,0.0,0.0,0.0,0.0,0.0,0.09341740225671764,0.0,0.0,0.0,0.0,0.0,0.14154492673439198,0.4914730235900864,0.6859135924021805,0.394207156464177,0.03564581570911411,0.0,0.0,0.0,0.0,0.0,0.0,0.0,0.0,0.0,0.0,0.0,0.0,0.0,0.0,0.0,0.0,0.0,0.0,0.0,0.0,0.0,0.0,0.0,0.0,0.0,0.0,0.0,0.0,0.0,0.0,0.0,0.0,0.0,0.0,0.0,0.0,0.0,0.0,0.0,0.0,0.0,0.0,0.0,0.0,0.0,0.0,0.0
0.08380712706364275,0.03278237493909188,0.0,0.0,0.0,0.0,0.3048018790274934,0.2159738145061167,0.0,0.0,0.542142102261443,0.7361624799087751,0.5435045157797911,0.31196502648743196,0.47640995645840944,0.5523375715398922,0.7473472161719503,1.0,0.21485748709851368,0.06057561600670251,0.1031054948117938,0.3124237306332013,0.05025545386038256,0.0,0.0,0.0,0.0,0.0,0.0,0.0,0.03749888109771932,0.0,0.0,0.0,0.0,0.035351961994060634,0.39335137458650077,0.6858865573642322,0.4913797799051976,0.14252957539343186,0.0,0.0,0.0,0.0,0.0,0.0,0.0,0.0,0.0,0.0,0.0,0.0,0.0,0.0,0.0,0.0,0.0,0.0,0.0,0.0,0.0,0.0,0.0,0.0,0.0,0.0,0.0,0.0,0.0,0.0,0.0,0.0,0.0,0.0,0.0,0.0,0.0,0.0,0.0,0.0,0.0,0.0,0.0,0.0,0.0,0.0,0.0,0.0
0.38389337449634076,0.4316185906258728,0.24922493223753686,0.06578323052218783,0.032017925854720033,0.16163351203528892,0.4077859903408304,0.17138900484760122,0.0,0.0,0.5221604933809476,0.2988444073982866,0.08378720174949664,0.038261318070970475,0.7298283387197121,0.5455508304238755,0.30489071807204776,0.21485748709851368,1.0,0.7350229840307365,0.5420707601809253,0.47718425889652455,0.7383163383148084,0.5469824563243171,0.4723976490622691,0.5435421569560851,0.1579756026874392,0.30561959981816345,0.007052104752625077,0.07162796169463408,0.39831139085900696,0.0,0.0,0.0,0.0,0.0,0.0,0.0,0.03455868495109009,0.16324431244246876,0.2482685643217015,0.25014623377265444,0.1587025092099284,0.4860154271549924,0.0,0.0,0.0,0.0,0.0,0.0,0.0,0.0,0.0,0.0,0.0,0.0,0.0,0.0,0.0,0.0,0.0,0.0,0.0,0.0,0.0,0.0,0.0,0.0,0.0,0.0,0.0,0.0,0.0,0.0,0.0,0.05271468554836519,0.0,0.0,0.0,0.0,0.0,0.0,0.0,0.0,0.0,0.0,0.0,0.0
0.1616549464562729,0.27463404744797426,0.14594684552735374,0.0,0.0,0.0,0.1534949882689601,0.0,0.0,0.0,0.28587052210780356,0.08633753142658639,0.0,0.0,0.5375711793931085,0.4766030705980007,0.21506197973143515,0.06057561600670251,0.7350229840307365,1.0,0.7354870349377783,0.5524526238774524,0.5500728181749547,0.48131523589309816,0.5489893231645758,0.737541657908336,0.13253054295105499,0.2159640728633352,0.03635872089164,0.0,0.27227878454335325,0.0,0.0,0.0,0.0,0.0,0.0,0.0,0.0,0.25591259551514783,0.4848285685517299,0.4874620390935772,0.2529390002674742,0.25433868015873584,0.0,0.0,0.0,0.1379602296383588,0.048302663931270765,0.0,0.0,0.0,0.0,0.0,0.0,0.0,0.0,0.0,0.0,0.0,0.0,0.0,0.0,0.0,0.0,0.0,0.0,0.0,0.0,0.0,0.0,0.0,0.0,0.0,0.0,0.21246999554718704,0.02450452381321059,0.0,0.0,0.0,0.0,0.0,0.0,0.0,0.0,0.0,0.0,0.0
0.0,0.13022272494808082,0.0,0.0,0.0,0.0,0.01735004685586874,0.0,0.0,0.0,0.2024552760768324,0.05571862120692186,0.0,0.0,0.4701982989383944,0.5487945645708572,0.31146952616447593,0.1031054948117938,0.5420707601809253,0.7354870349377783,1.0,0.7479087805139949,0.3080431910507707,0.21788858696393612,0.30905805976702516,0.542882715708415,0.02076241198776038,0.0,0.0,0.0,0.17539932421797594,0.0,0.0,0.0,0.0,0.0,0.0,0.0,0.14237818823145226,0.49262146625584047,0.6859448961596074,0.39210654784459475,0.033105488531643884,0.031568753105546986,0.0,0.0,0.0,0.035940680473546135,0.0,0.0,0.0,0.0,0.0,0.0,0.0,0.0,0.0,0.0,0.0,0.0,0.0,0.0,0.0,0.0,0.0,0.0,0.0,0.0,0.0,0.0,0.0,0.0,0.0,0.0,0.0,0.12296723371597602,0.0,0.0,0.0,0.0,0.0,0.0,0.0,0.0,0.0,0.0,0.0,0.0
0.0,0.10344379120552917,0.0,0.0,0.0,0.0,0.07141392047759793,0.0,0.0,0.0,0.29988670537446616,0.21396265581075463,0.0,0.0,0.5418856995693613,0.7348704921302075,0.5431628718657968,0.3124237306332013,0.47718425889652455,0.5524526238774524,0.7479087805139949,1.0,0.21893763721110998,0.06676619135230288,0.10367661977588381,0.31419753978578396,0.0,0.0,0.0,0.0,0.1689344326852987,0.0,0.0,0.0,0.0,0.0,0.0,0.036574996863885184,0.3931578349590749,0.6858567222237303,0.491925765551821,0.14188149526622226,0.0,0.0,0.0,0.0,0.0,0.0,0.0,0.0,0.0,0.0,0.0,0.0,0.0,0.0,0.0,0.0,0.0,0.0,0.0,0.0,0.0,0.0,0.0,0.0,0.0,0.0,0.0,0.0,0.0,0.0,0.0,0.0,0.0,0.0,0.0,0.0,0.0,0.0,0.0,0.0,0.0,0.0,0.0,0.0,0.0,0.0
0.43158088501419883,0.41288156442703733,0.26266048381317303,0.14597404638897513,0.15249238636418208,0.27456407962558216,0.4207201290412878,0.22139657049403952,0.10336833159335868,0.13013639248016914,0.43174710239604785,0.19354661121654673,0.03275143843679436,0.050985824889715314,0.5328158147944508,0.30535703946651555,0.08936062470960204,0.05025545386038256,0.7383163383148084,0.5500728181749547,0.3080431910507707,0.21893763721110998,1.0,0.7425853492866971,0.548583515764347,0.48344752169821914,0.12131812946997274,0.5479799422307454,0.0,0.3237676257771929,0.2903145162037641,0.0,0.0,0.0,0.0,0.0,0.0,0.0,0.0,0.0,0.03585113965242501,0.1694162021398525,0.254723087167684,0.6868657757793208,0.0,0.0,0.0,0.0,0.0,0.0,0.0,0.0,0.0,0.0,0.0,0.0,0.0,0.0,0.0,0.0,0.0,0.0,0.0,0.0,0.0,0.0,0.0,0.0,0.0,0.0,0.0,0.0,0.0,0.0,0.0,0.0,0.04113725586970285,0.0,0.0,0.0,0.0,0.0,0.0,0.0,0.0,0.0,0.0,0.0
0.24917994763464377,0.2626535909797009,0.18674473950537027,0.10382200101711157,0.08583171537690389,0.14586049753835179,0.18614246385434052,0.00013931566812800346,0.0,0.0,0.17508099741878844,0.0,0.0,0.0,0.29710878645750594,0.09638558466039679,0.0,0.0,0.5469824563243171,0.48131523589309816,0.21788858696393612,0.06676619135230288,0.7425853492866971,1.0,0.7375056342513997,0.5546017731545265,0.07752854519307344,0.7344818816445207,0.0,0.491208322747804,0.11994907221364973,0.0,0.0,0.0,0.0,0.0,0.0,0.0,0.0,0.0,0.0,0.25811184663795744,0.4850325003338998,0.49268838277969734,0.0,0.0,0.0,0.0748399336723584,0.1289625529364407,0.0,0.0,0.0,0.0,0.0,0.0,0.0,0.0,0.0,0.0,0.0,0.0,0.0,0.0,0.0,0.0,0.0,0.0,0.0,0.0,0.0,0.0,0.0,0.0,0.0,0.0,0.0717180899828287,0.19120852903602542,0.0,0.0,0.0,0.0,0.0,0.0,0.0,0.0,0.0,0.0,0.0
0.06576321312726283,0.14599619668494618,0.10385826915033515,0.0,0.0,0.0,0.0,0.0,0.0,0.0,0.019936628244764592,0.0,0.0,0.0,0.20230847449287906,0.05775142602652858,0.0,0.0,0.4723976490622691,0.5489893231645758,0.30905805976702516,0.10367661977588381,0.548583515764347,0.7375056342513997,1.0,0.7454825760213168,0.0687676309571339,0.5430287775863432,0.0,0.31986778311013,0.04291955988492766,0.0,0.0,0.0,0.0,0.0,0.0,0.0,0.0,0.0,0.13647456648174078,0.4914730613171219,0.6862553060359158,0.2561453299315747,0.0,0.0,0.0,0.2374547878526181,0.2513090507724749,0.014223313168348165,0.0,0.0,0.0,0.0,0.0,0.0,0.0,0.0,0.0,0.0,0.0,0.0,0.0,0.0,0.0,0.0,0.0,0.0,0.0,0.0,0.0,0.0,0.0,0.0,0.0,0.24547662914046312,0.2800130094494216,0.0,0.0,0.0,0.0,0.0,0.0,0.0,0.0,0.0,0.0,0.0
0.03202931069071102,0.1525523724028968,0.0859134370921332,0.0,0.0,0.0,0.0,0.0,0.0,0.0,0.06691507954053076,0.0,0.0,0.0,0.2973148626698014,0.21493906019694378,0.0,0.0,0.5435421569560851,0.737541657908336,0.542882715708415,0.31419753978578396,0.48344752169821914,0.5546017731545265,0.7454825760213168,1.0,0.09473742949703526,0.31206240115307693,0.017971908868254484,0.07804482280964872,0.10820876938903627,0.0,0.0,0.0,0.0,0.0,0.0,0.0,0.0,0.03784475758945039,0.39003773568420913,0.685924408016778,0.48946914737456426,0.17053653642464237,0.0,0.0,0.05202945271679107,0.2723277790843003,0.20245686343595276,0.0,0.0,0.0,0.0,0.0,0.0,0.0,0.0,0.0,0.0,0.0,0.0,0.0,0.0,0.0,0.0,0.0,0.0,0.0,0.0,0.0,0.0019424530128137256,0.0,0.0,0.0,0.0,0.32946374370318016,0.1812429221717572,0.0,0.0,0.0,0.0,0.0,0.0,0.0,0.0,0.0,0.0,0.0
0.30561856825940054,0.547977956382829,0.7344817065522903,0.5430339520768237,0.3120664796973466,0.21597039171196422,0.0808623545519602,0.0,0.0,0.0,0.01223713636981351,0.0,0.0,0.0,0.08025370975113835,0.0,0.0,0.0,0.1579756026874392,0.13253054295105499,0.02076241198776038,0.0,0.12131812946997274,0.07752854519307344,0.0687676309571339,0.09473742949703526,1.0,0.0,0.7567246745490411,0.0,0.3997594617894546,0.38932435576365115,0.035502688974001814,0.0,0.0,0.0,0.0,0.0,0.0,0.0,0.0,0.0,0.0,0.0,0.0633720745697459,0.06832323276391852,0.19143869361648036,0.34131661789981516,0.33233742489165347,0.1801085207287378,0.0,0.0,0.0,0.040014388992526566,0.0,0.0,0.0,0.0,0.0,0.0,0.0,0.0,0.0,0.0,0.0,0.0,0.0899174460058965,0.21869754324542967,0.11321709222591145,0.0,0.0686756289265173,0.35478136249786635,0.0,0.370705117878629,0.0,0.24774786218666925,0.22989054459985114,0.0,0.0,0.0,0.0,0.0,0.0,0.0,0.0,0.0,0.018655818070994746,0.0
0.1579097285883953,0.12128557742833208,0.07749250858133415,0.0686866209314772,0.094606997153466,0.13240648331406182,0.0802109292067632,0.0,0.0,0.020616460253821276,0.012224764967878034,0.0,0.0,0.0,0.08086730786236682,0.0,0.0,0.0,0.30561959981816345,0.2159640728633352,0.0,0.0,0.5479799422307454,0.7344818816445207,0.5430287775863432,0.31206240115307693,0.0,1.0,0.0,0.7567248585581646,0.0,0.0,0.0,0.0,0.0,0.0,0.0,0.0,0.0,0.0,0.0,0.035498720084310015,0.3893169668011285,0.3997504410137545,0.0,0.0,0.0,0.0,0.04664877773753569,0.0,0.0,0.0,0.0,0.0,0.0,0.0,0.0,0.0,0.0,0.0,0.0,0.0,0.0,0.0,0.0,0.0,0.0,0.0,0.0,0.0,0.0,0.0,0.0,0.0,0.0,0.0,0.12967991683074975,0.0,0.0,0.0,0.0,0.0,0.0,0.0,0.0,0.0,0.0,0.0
0.07162583342550771,0.323764481961285,0.49120796030682423,0.31987447233683997,0.07805032108265302,0.0,0.0,0.0,0.0,0.0,0.0,0.0,0.0,0.0,0.0,0.0,0.0,0.0,0.007052104752625077,0.03635872089164,0.0,0.0,0.0,0.0,0.0,0.017971908868254484,0.7567246745490411,0.0,1.0,0.0,0.2331366248700953,0.2232601188114636,0.0,0.0,0.0,0.0,0.0,0.0,0.0,0.0,0.0,0.0,0.0,0.0,0.1555792437894819,0.2057807025061254,0.3340145985171703,0.4285939927211969,0.36005432201004534,0.21885531560909346,0.0,0.0,0.0,0.023342110170219147,0.0,0.0,0.0,0.0,0.0,0.0,0.0,0.0,0.04127976941702769,0.0,0.0,0.0,0.22563586196481347,0.3615232966817896,0.27669883512828614,0.0838395586448514,0.22719069865752378,0.43567662996689005,0.057459638909555036,0.37380991777228406,0.0,0.3036980564113858,0.18389553990158036,0.0,0.0,0.0,0.0,0.0,0.0,0.0,0.0,0.0,0.15725719745299982,0.06487877971450066
0.006979425569863754,0.0,0.0,0.0,0.017816152925119774,0.03621824627172955,0.0,0.0,0.0,0.0,0.0,0.0,0.0,0.0,0.0,0.0,0.0,0.0,0.07162796169463408,0.0,0.0,0.0,0.3237676257771929,0.491208322747804,0.31986778311013,0.07804482280964872,0.0,0.7567248585581646,0.0,1.0,0.0,0.0,0.0,0.0,0.0,0.0,0.0,0.0,0.0,0.0,0.0,0.0,0.2232485056795808,0.23312858163918443,0.0,0.0,0.0,0.0,0.0,0.0,0.0,0.0,0.0,0.0,0.0,0.0,0.0,0.0,0.0,0.0,0.0,0.0,0.0,0.0,0.0,0.0,0.0,0.0,0.0,0.0,0.0,0.0,0.0,0.0,0.0,0.0,0.0,0.0,0.0,0.0,0.0,0.0,0.0,0.0,0.0,0.0,0.0,0.0
0.48600813118659053,0.686866135171911,0.4926968698433926,0.25614939588675045,0.17053463535392951,0.25433625085579464,0.37593134604692224,0.12428735510905266,0.0,0.03156537122527223,0.3754217842864132,0.15086423972777205,0.0,0.0,0.42472080495762843,0.2707341357546556,0.09341740225671764,0.03749888109771932,0.39831139085900696,0.27227878454335325,0.17539932421797594,0.1689344326852987,0.2903145162037641,0.11994907221364973,0.04291955988492766,0.10820876938903627,0.3997594617894546,0.0,0.2331366248700953,0.0,1.0,0.0,0.0,0.0,0.0,0.0,0.0,0.0,0.0,0.0,0.0,0.0,0.0,0.1670523112878898,0.0,0.0,0.0,0.0,0.0,0.0,0.0,0.0,0.0,0.0,0.0,0.0,0.0,0.0,0.0,0.0,0.0,0.0,0.0,0.0,0.0,0.0,0.0,0.0,0.0,0.0,0.0,0.0,0.0,0.0,0.0,0.0,0.0,0.0,0.0,0.0,0.0,0.0,0.0,0.0,0.0,0.0,0.0,0.0
0.1586987867900285,0.2547212621968094,0.48503182327131755,0.6862549817707829,0.4894686068859775,0.252940746504049,0.0,0.0,0.0,0.03310518041854309,0.0,0.0,0.0,0.0,0.0,0.0,0.0,0.0,0.0,0.0,0.0,0.0,0.0,0.0,0.0,0.0,0.38932435576365115,0.0,0.2232601188114636,0.0,0.0,1.0,0.40669294610865664,0.0,0.0,0.0,0.0,0.0,0.0,0.0,0.0,0.0,0.0,0.0,0.0,0.0,0.0,0.0,0.10890094845743166,0.043729894625193874,0.0,0.0,0.0,0.04584191507228632,0.0,0.0,0.0,0.0,0.0,0.0,0.0,0.0,0.0,0.0,0.0,0.0,0.0,0.0,0.0,0.0,0.0,0.24981888744697622,0.0,0.41157327184939224,0.0,0.0,0.05082093519284976,0.0,0.0,0.0,0.0,0.0,0.0,0.0,0.0,0.0,0.0,0.0
0.2501413178667573,0.16941361788396817,0.2581118718551964,0.49147151459090727,0.6859248002632792,0.4874620247762822,0.02547572951982503,0.0,0.14187973327790734,0.3921072437682106,0.0,0.0,0.0,0.0,0.0,0.0,0.0,0.0,0.0,0.0,0.0,0.0,0.0,0.0,0.0,0.0,0.035502688974001814,0.0,0.0,0.0,0.0,0.40669294610865664,1.0,0.41911974099380306,0.0,0.0,0.0,0.0,0.0,0.0,0.0,0.0,0.0,0.0,0.0,0.0,0.0,0.0,0.0,0.0,0.0,0.0,0.0,0.0,0.0,0.0,0.0,0.0,0.0,0.0,0.0,0.0,0.0,0.0,0.0,0.0,0.0,0.0,0.0,0.0,0.0,0.0,0.0,0.0,0.0,0.0,0.0,0.0,0.0,0.0,0.0,0.0,0.0,0.0,0.0,0.0,0.0,0.0
0.24826875087025457,0.03585374114794508,0.0,0.13647547999950377,0.39003878220722865,0.48482828891566226,0.15642511724952304,0.2524098972512878,0.4919250230560923,0.6859455232864478,0.0,0.0,0.0,0.035643605009422166,0.0,0.0,0.0,0.0,0.0,0.0,0.0,0.0,0.0,0.0,0.0,0.0,0.0,0.0,0.0,0.0,0.0,0.0,0.41911974099380306,1.0,0.4086803655042215,0.0,0.0,0.0,0.0,0.0,0.0,0.0,0.0,0.0,0.0,0.0,0.0,0.0,0.0,0.0,0.0,0.0,0.0,0.0,0.0,0.0,0.0,0.0,0.0,0.0,0.0,0.0,0.0,0.0,0.0,0.0,0.0,0.0,0.0,0.0,0.0,0.0,0.0,0.0,0.0,0.0,0.0,0.0,0.0,0.0,0.0,0.0,0.0,0.0,0.0,0.0,0.0,0.0
0.1632488085319508,0.0,0.0,0.0,0.03784434435217768,0.25591222847436873,0.249924054306889,0.4859528546303359,0.6858577679263144,0.4926215361774143,0.03130828954850469,0.0,0.14253224459220679,0.39420593152704947,0.0,0.0,0.0,0.0,0.0,0.0,0.0,0.0,0.0,0.0,0.0,0.0,0.0,0.0,0.0,0.0,0.0,0.0,0.0,0.4086803655042215,1.0,0.425635961148787,0.0,0.0,0.0,0.0,0.0,0.0,0.0,0.0,0.0,0.0,0.0,0.0,0.0,0.0,0.0,0.0,0.0,0.0,0.0,0.0,0.0,0.0,0.0,0.0,0.0,0.0,0.0,0.0,0.0,0.0,0.0,0.0,0.0,0.0,0.0,0.0,0.0,0.0,0.0,0.0,0.0,0.0,0.0,0.0,0.0,0.0,0.0,0.0,0.0,0.0,0.0,0.0
0.03456351047318245,0.0,0.0,0.0,0.0,0.0,0.2498249911938222,0.4857173574013882,0.3931588195301873,0.14237822463323724,0.16109364875550064,0.25465609456443405,0.4913793070334503,0.6859141677309293,0.0,0.0,0.0,0.035351961994060634,0.0,0.0,0.0,0.0,0.0,0.0,0.0,0.0,0.0,0.0,0.0,0.0,0.0,0.0,0.0,0.0,0.425635961148787,1.0,0.40652568865858446,0.0,0.0,0.0,0.0,0.0,0.0,0.0,0.0,0.0,0.0,0.0,0.0,0.0,0.0,0.0,0.0,0.0,0.0,0.0,0.0,0.0,0.0,0.0,0.0,0.0,0.0,0.0,0.0,0.0,0.0,0.0,0.0,0.0,0.0,0.0,0.0,0.0,0.0,0.0,0.0,0.0,0.0,0.0,0.0,0.0,0.0,0.0,0.0,0.0,0.0,0.0
0.0,0.0,0.0,0.0,0.0,0.0,0.16284813656740918,0.25576909346542015,0.03657596833739883,0.0,0.24914173549778182,0.48622274028038026,0.6858861113119445,0.49147278447537857,0.035387210151566,0.0,0.14154492673439198,0.39335137458650077,0.0,0.0,0.0,0.0,0.0,0.0,0.0,0.0,0.0,0.0,0.0,0.0,0.0,0.0,0.0,0.0,0.0,0.40652568865858446,1.0,0.4240533634837359,0.0,0.0,0.0,0.0,0.0,0.0,0.0,0.0,0.0,0.0,0.0,0.0,0.0,0.0,0.0,0.0,0.0,0.0,0.0,0.0,0.0,0.0,0.0,0.0,0.0,0.0,0.0,0.0,0.0,0.0,0.0,0.0,0.0,0.0,0.0,0.0,0.0,0.0,0.0,0.0,0.0,0.0,0.0,0.0,0.0,0.0,0.0,0.0,0.0,0.0
0.0,0.0,0.0,0.0,0.0,0.0,0.035391652637259546,0.0,0.0,0.0,0.2491415030496369,0.4862217958758694,0.3933453624540316,0.14154183689291233,0.162841038515749,0.255768877420884,0.4914730235900864,0.6858865573642322,0.0,0.0,0.0,0.036574996863885184,0.0,0.0,0.0,0.0,0.0,0.0,0.0,0.0,0.0,0.0,0.0,0.0,0.0,0.0,0.4240533634837359,1.0,0.4065331617019389,0.0,0.0,0.0,0.0,0.0,0.0,0.0,0.0,0.0,0.0,0.0,0.0,0.0,0.0,0.0,0.0,0.0,0.0,0.0,0.0,0.0,0.0,0.0,0.0,0.0,0.0,0.0,0.0,0.0,0.0,0.0,0.0,0.0,0.0,0.0,0.0,0.0,0.0,0.0,0.0,0.0,0.0,0.0,0.0,0.0,0.0,0.0,0.0,0.0
0.0,0.0,0.0,0.0,0.0,0.0,0.0,0.0,0.0,0.0,0.16110155904116139,0.25466263626232327,0.03535312748944561,0.0,0.24981947623275455,0.48571773056924056,0.6859135924021805,0.4913797799051976,0.03455868495109009,0.0,0.14237818823145226,0.3931578349590749,0.0,0.0,0.0,0.0,0.0,0.0,0.0,0.0,0.0,0.0,0.0,0.0,0.0,0.0,0.0,0.4065331617019389,1.0,0.4256348062072499,0.0,0.0,0.0,0.0,0.0,0.0,0.0,0.0,0.0,0.0,0.0,0.0,0.0,0.0,0.0,0.0,0.0,0.0,0.0,0.0,0.0,0.0,0.0,0.0,0.0,0.0,0.0,0.0,0.0,0.0,0.0,0.0,0.0,0.0,0.0,0.0,0.0,0.0,0.0,0.0,0.0,0.0,0.0,0.0,0.0,0.0,0.0,0.0
0.0,0.0,0.0,0.0,0.0,0.0,0.0,0.0,0.0,0.0,0.03131707750346628,0.0,0.0,0.0,0.24991884387508068,0.4859524771380439,0.394207156464177,0.14252957539343186,0.16324431244246876,0.25591259551514783,0.49262146625584047,0.6858567222237303,0.0,0.0,0.0,0.03784475758945039,0.0,0.0,0.0,0.0,0.0,0.0,0.0,0.0,0.0,0.0,0.0,0.0,0.4256348062072499,1.0,0.4086797449394336,0.0,0.0,0.0,0.0,0.0,0.0,0.0,0.0,0.0,0.0,0.0,0.0,0.0,0.0,0.0,0.0,0.0,0.0,0.0,0.0,0.0,0.0,0.0,0.0,0.0,0.0,0.0,0.0,0.0,0.0,0.0,0.0,0.0,0.0,0.0,0.0,0.0,0.0,0.0,0.0,0.0,0.0,0.0,0.0,0.0,0.0,0.0
0.0,0.0,0.0,0.0,0.0,0.0,0.0,0.0,0.0,0.0,0.0,0.0,0.0,0.0,0.15642629491115,0.2524114879111287,0.03564581570911411,0.0,0.2482685643217015,0.4848285685517299,0.6859448961596074,0.491925765551821,0.03585113965242501,0.0,0.13647456648174078,0.39003773568420913,0.0,0.0,0.0,0.0,0.0,0.0,0.0,0.0,0.0,0.0,0.0,0.0,0.0,0.4086797449394336,1.0,0.41911888111583817,0.0,0.0,0.0,0.0,0.0,0.0,0.0,0.0,0.0,0.0,0.0,0.0,0.0,0.0,0.0,0.0,0.0,0.0,0.0,0.0,0.0,0.0,0.0,0.0,0.0,0.0,0.0,0.0,0.0,0.0,0.0,0.0,0.0,0.051682246528464156,0.0,0.0,0.0,0.0,0.0,0.0,0.0,0.0,0.0,0.0,0.0,0.0
0.0,0.0,0.0,0.0,0.0,0.0,0.0,0.0,0.0,0.0,0.0,0.0,0.0,0.0,0.02548156898841173,0.0,0.0,0.0,0.25014623377265444,0.4874620390935772,0.39210654784459475,0.14188149526622226,0.1694162021398525,0.25811184663795744,0.4914730613171219,0.685924408016778,0.0,0.035498720084310015,0.0,0.0,0.0,0.0,0.0,0.0,0.0,0.0,0.0,0.0,0.0,0.0,0.41911888111583817,1.0,0.4066971206046666,0.0,0.0,0.0,0.018911147865851494,0.2563622672326383,0.11139763345215226,0.0,0.0,0.0,0.0,0.0,0.0,0.0,0.0,0.0,0.0,0.0,0.0,0.0,0.0,0.0,0.0,0.0,0.0,0.0,0.0,0.0,0.0,0.0,0.0,0.0,0.0,0.33066044682343687,0.029134875994561195,0.0,0.0,0.0,0.0,0.0,0.0,0.0,0.0,0.0,0.0,0.0
0.0,0.0,0.0,0.0,0.0,0.0,0.0,0.0,0.0,0.0,0.0,0.0,0.0,0.0,0.0,0.0,0.0,0.0,0.1587025092099284,0.2529390002674742,0.033105488531643884,0.0,0.254723087167684,0.4850325003338998,0.6862553060359158,0.48946914737456426,0.0,0.3893169668011285,0.0,0.2232485056795808,0.0,0.0,0.0,0.0,0.0,0.0,0.0,0.0,0.0,0.0,0.0,0.4066971206046666,1.0,0.0,0.0,0.0,0.0,0.17391695551445766,0.22985137250397952,0.0,0.0,0.0,0.0,0.0,0.0,0.0,0.0,0.0,0.0,0.0,0.0,0.0,0.0,0.0,0.0,0.0,0.0,0.0,0.0,0.0,0.0,0.0,0.0,0.0,0.0,0.1345445817042026,0.2591675978734683,0.0,0.0,0.0,0.0,0.0,0.0,0.0,0.0,0.0,0.0,0.0
0.3982592773144993,0.2902994937982483,0.11993456614556258,0.04287462664552698,0.10812628761722796,0.2721849469794505,0.4246846241597495,0.27067511876324546,0.16884179442141917,0.17528929790786557,0.3754189516128339,0.1508539941321727,0.03747447328570089,0.09337038984328977,0.37594708521518994,0.12429470892309712,0.0,0.0,0.4860154271549924,0.25433868015873584,0.031568753105546986,0.0,0.6868657757793208,0.49268838277969734,0.2561453299315747,0.17053653642464237,0.0,0.3997504410137545,0.0,0.23312858163918443,0.1670523112878898,0.0,0.0,0.0,0.0,0.0,0.0,0.0,0.0,0.0,0.0,0.0,0.0,1.0,0.0,0.0,0.0,0.0,0.0,0.0,0.0,0.0,0.0,0.0,0.0,0.0,0.0,0.0,0.0,0.0,0.0,0.0,0.0,0.0,0.0,0.0,0.0,0.0,0.0,0.0,0.0,0.0,0.0,0.0,0.0,0.0,0.0,0.0,0.0,0.0,0.0,0.0,0.0,0.0,0.0,0.0,0.0,0.0
0.0,0.0,0.0,0.0,0.0,0.0,0.0,0.0,0.0,0.0,0.0,0.0,0.0,0.0,0.0,0.0,0.0,0.0,0.0,0.0,0.0,0.0,0.0,0.0,0.0,0.0,0.0633720745697459,0.0,0.1555792437894819,0.0,0.0,0.0,0.0,0.0,0.0,0.0,0.0,0.0,0.0,0.0,0.0,0.0,0.0,0.0,1.0,0.7383164691069807,0.5469833887677717,0.4723940880002789,0.5435361487465127,0.7350207211449716,0.7298267271388892,0.5455547352900638,0.47718776099341803,0.5420716884871831,0.5221641439180768,0.29885601989309096,0.2148681148928108,0.3048932858579655,0.40779963177569706,0.17141434350191934,0.03829006870319589,0.08380712706364292,0.3838933744963408,0.16165494645627307,0.0,0.0,0.43158088501419883,0.24917994763464377,0.06576321312726283,0.03202931069071118,0.3056185682594006,0.1579097285883953,0.07162583342550771,0.006979425569863919,0.48600813118659053,0.1586987867900285,0.2501413178667573,0.24826875087025432,0.1632488085319508,0.034563510473182124,0.0,0.0,0.0,0.0,0.0,0.0,0.0,0.3982592773144993
0.0,0.0,0.0,0.0,0.0,0.0,0.0,0.0,0.0,0.0,0.0,0.0,0.0,0.0,0.0,0.0,0.0,0.0,0.0,0.0,0.0,0.0,0.0,0.0,0.0,0.0,0.06832323276391852,0.0,0.2057807025061254,0.0,0.0,0.0,0.0,0.0,0.0,0.0,0.0,0.0,0.0,0.0,0.0,0.0,0.0,0.0,0.7383164691069807,1.0,0.7425859958161452,0.548581429027036,0.483444484715585,0.550075304862947,0.5328130333958204,0.3053608597452675,0.21894181427319798,0.3080465139523234,0.4317591583369634,0.19356583079464318,0.050268868091904506,0.08936418323386167,0.42075453592957746,0.22144777894037668,0.05103315967355142,0.03278237493909188,0.43161859062587266,0.2746340474479742,0.13022272494808082,0.10344379120552917,0.41288156442703716,0.2626535909797008,0.145996196684946,0.1525523724028968,0.5479779563828291,0.12128557742833208,0.32376448196128516,0.0,0.686866135171911,0.2547212621968097,0.16941361788396841,0.03585374114794508,0.0,0.0,0.0,0.0,0.0,0.0,0.0,0.0,0.0,0.29029949379824815
0.0,0.0,0.0,0.0,0.0,0.0,0.0,0.0,0.0,0.0,0.0,0.0,0.0,0.0,0.0,0.0,0.0,0.0,0.0,0.0,0.0,0.0,0.0,0.0,0.0,0.05202945271679107,0.19143869361648036,0.0,0.3340145985171703,0.0,0.0,0.0,0.0,0.0,0.0,0.0,0.0,0.0,0.0,0.0,0.0,0.018911147865851494,0.0,0.0,0.5469833887677717,0.7425859958161452,1.0,0.7375057475570111,0.5546026932897327,0.4813216317881984,0.29710713198188327,0.09638921373116331,0.06677072439548075,0.2178941854446313,0.1750936402478562,0.0,0.0,0.0,0.1861791048298558,0.0001966563716207206,0.0,0.0,0.24922493223753703,0.1459468455273539,0.0,0.0,0.26266048381317303,0.18674473950537027,0.10385826915033515,0.0859134370921332,0.7344817065522903,0.07749250858133415,0.4912079603068242,0.0,0.4926968698433927,0.48503182327131755,0.25811187185519646,0.0,0.0,0.0,0.0,0.0,0.0,0.0,0.0,0.0,0.0,0.11993456614556275
0.0,0.03383618474624465,0.16402041722895644,0.03719659431714044,0.0,0.0,0.0,0.0,0.0,0.0,0.0,0.0,0.0,0.0,0.0,0.0,0.0,0.0,0.0,0.1379602296383588,0.035940680473546135,0.0,0.0,0.0748399336723584,0.2374547878526181,0.2723277790843003,0.34131661789981516,0.0,0.4285939927211969,0.0,0.0,0.0,0.0,0.0,0.0,0.0,0.0,0.0,0.0,0.0,0.0,0.2563622672326383,0.17391695551445766,0.0,0.4723940880002789,0.548581429027036,0.7375057475570111,1.0,0.7454825253451186,0.5489923112048622,0.20230329261308483,0.057749903407541305,0.10367601937427061,0.3090597202158823,0.019941139158175625,0.0,0.0,0.0,0.0,0.0,0.0,0.0,0.06578323052218783,0.0,0.0,0.0,0.14597404638897496,0.1038220010171114,0.0,0.0,0.5430339520768237,0.06868662093147704,0.3198744723368399,0.0,0.25614939588675045,0.686254981770783,0.4914715145909073,0.13647547999950377,0.0,0.0,0.0,0.0,0.0,0.0,0.0,0.0,0.0,0.04287462664552698
0.0,0.04450894568121117,0.20676925614879194,0.14699609779248865,0.0,0.0,0.0,0.0,0.0,0.0,0.0,0.0,0.0,0.0,0.0,0.0,0.0,0.0,0.0,0.048302663931270765,0.0,0.0,0.0,0.1289625529364407,0.2513090507724749,0.20245686343595276,0.33233742489165347,0.04664877773753569,0.36005432201004534,0.0,0.0,0.10890094845743166,0.0,0.0,0.0,0.0,0.0,0.0,0.0,0.0,0.0,0.11139763345215226,0.22985137250397952,0.0,0.5435361487465127,0.483444484715585,0.5546026932897327,0.7454825253451186,1.0,0.7375420386279903,0.29730764894131284,0.21493559209878074,0.31419585564111563,0.5428834974285945,0.06691099576311725,0.0,0.0,0.0,0.0,0.0,0.0,0.0,0.0320179258547202,0.0,0.0,0.0,0.15249238636418208,0.08583171537690389,0.0,0.0,0.3120664796973466,0.094606997153466,0.07805032108265302,0.017816152925119937,0.1705346353539296,0.4894686068859775,0.6859248002632793,0.39003878220722865,0.03784434435217768,0.0,0.0,0.0,0.0,0.0,0.0,0.0,0.0,0.10812628761722813
0.0,0.0,0.04900996406879634,0.04345808369490245,0.0,0.0,0.0,0.0,0.0,0.0,0.0,0.0,0.0,0.0,0.0,0.0,0.0,0.0,0.0,0.0,0.0,0.0,0.0,0.0,0.014223313168348165,0.0,0.1801085207287378,0.0,0.21885531560909346,0.0,0.0,0.043729894625193874,0.0,0.0,0.0,0.0,0.0,0.0,0.0,0.0,0.0,0.0,0.0,0.0,0.7350207211449716,0.550075304862947,0.4813216317881984,0.5489923112048622,0.7375420386279903,1.0,0.5375654153683539,0.47660001674785374,0.5524509323713344,0.7354866011912659,0.28586466335939803,0.08634128894863545,0.06058045945680408,0.21505809859721983,0.15349554008416022,0.0,0.0,0.0,0.16163351203528908,0.0,0.0,0.0,0.27456407962558227,0.14586049753835162,0.0,0.0,0.2159703917119644,0.13240648331406182,0.0,0.03621824627172972,0.25433625085579475,0.252940746504049,0.4874620247762822,0.48482828891566226,0.25591222847436873,0.0,0.0,0.0,0.0,0.0,0.0,0.0,0.0,0.2721849469794505
0.0,0.0,0.0,0.0,0.0,0.0,0.0,0.0,0.0,0.0,0.0,0.0,0.0,0.0,0.0,0.0,0.0,0.0,0.0,0.0,0.0,0.0,0.0,0.0,0.0,0.0,0.0,0.0,0.0,0.0,0.0,0.0,0.0,0.0,0.0,0.0,0.0,0.0,0.0,0.0,0.0,0.0,0.0,0.0,0.7298267271388892,0.5328130333958204,0.29710713198188327,0.20230329261308483,0.29730764894131284,0.5375654153683539,1.0,0.7368563864497227,0.5418890349936081,0.4701965091960297,0.7308221327305243,0.5451774346131047,0.4764172686675773,0.5430565547420209,0.5198460211322864,0.293512554914593,0.21183365560805173,0.3048018790274936,0.4077859903408302,0.15349498826895994,0.017350046855868904,0.07141392047759826,0.42072012904128764,0.18614246385434036,0.0,0.0,0.0808623545519602,0.08021092920676304,0.0,0.0,0.3759313460469221,0.0,0.02547572951982503,0.15642511724952304,0.24992405430688908,0.24982499119382212,0.1628481365674091,0.03539165263725971,0.0,0.0,0.0,0.0,0.0,0.42468462415974906
0.0,0.0,0.0,0.0,0.0,0.0,0.0,0.0,0.0,0.0,0.0,0.0,0.0,0.0,0.0,0.0,0.0,0.0,0.0,0.0,0.0,0.0,0.0,0.0,0.0,0.0,0.0,0.0,0.0,0.0,0.0,0.0,0.0,0.0,0.0,0.0,0.0,0.0,0.0,0.0,0.0,0.0,0.0,0.0,0.5455547352900638,0.3053608597452675,0.09638921373116331,0.057749903407541305,0.21493559209878074,0.47660001674785374,0.7368563864497227,1.0,0.7348699352424548,0.548791966950945,0.5433908904121142,0.47900239166330305,0.5523403344459571,0.7361463427930782,0.2935069790434912,0.087177175530883,0.05937576717292908,0.2159738145061167,0.17138900484760122,0.0,0.0,0.0,0.22139657049403952,0.00013931566812800346,0.0,0.0,0.0,0.0,0.0,0.0,0.12428735510905249,0.0,0.0,0.252409897251288,0.4859528546303359,0.4857173574013879,0.25576909346541987,0.0,0.0,0.0,0.0,0.0,0.0,0.27067511876324535
0.0,0.0,0.0,0.0,0.0,0.0,0.0,0.0,0.0,0.0,0.0,0.0,0.0,0.0,0.0,0.0,0.0,0.0,0.0,0.0,0.0,0.0,0.0,0.0,0.0,0.0,0.0,0.0,0.0,0.0,0.0,0.0,0.0,0.0,0.0,0.0,0.0,0.0,0.0,0.0,0.0,0.0,0.0,0.0,0.47718776099341803,0.21894181427319798,0.06677072439548075,0.10367601937427061,0.31419585564111563,0.5524509323713344,0.5418890349936081,0.7348699352424548,1.0,0.7479071960524732,0.29987797563092417,0.21396081038055584,0.312427461615054,0.5431609079561929,0.07140402279691975,0.0,0.0,0.0,0.0,0.0,0.0,0.0,0.10336833159335868,0.0,0.0,0.0,0.0,0.0,0.0,0.0,0.0,0.0,0.14187973327790734,0.4919250230560923,0.6858577679263144,0.393158819530187,0.036575968337398665,0.0,0.0,0.0,0.0,0.0,0.0,0.168841794421419
0.0,0.0,0.0,0.02557143700898393,0.0,0.0,0.0,0.0,0.0,0.0,0.0,0.0,0.0,0.0,0.0,0.0,0.0,0.0,0.0,0.0,0.0,0.0,0.0,0.0,0.0,0.0,0.040014388992526566,0.0,0.023342110170219147,0.0,0.0,0.04584191507228632,0.0,0.0,0.0,0.0,0.0,0.0,0.0,0.0,0.0,0.0,0.0,0.0,0.5420716884871831,0.3080465139523234,0.2178941854446313,0.3090597202158823,0.5428834974285945,0.7354866011912659,0.4701965091960297,0.548791966950945,0.7479071960524732,1.0,0.20244548444293825,0.05571791116313463,0.10310918788891593,0.31146603237437887,0.017340644231242354,0.0,0.0,0.0,0.0,0.0,0.0,0.0,0.1301363924801693,0.0,0.0,0.0,0.0,0.020616460253821443,0.0,0.0,0.03156537122527223,0.03310518041854309,0.3921072437682106,0.6859455232864478,0.4926215361774143,0.14237822463323707,0.0,0.0,0.0,0.0,0.0,0.0,0.0,0.17528929790786557
