1.0,0.7383116996155671,0.5469784673978507,0.4723952182531706,0.5435398626687891,0.7350192850668406,0.7298227088379994,0.5455430028325927,0.4771735319807129,0.54206584722479,0.5221579535016676,0.2988522401598885,0.2148617200522788,0.3048844561883051,0.4077767028679005,0.1713983418732635,0.03828180375697103,0.0838024526280611,0.3838629182803612,0.1616210154502907,0.0,0.0,0.4315842729637215,0.24917525556467007,0.06576029150996429,0.03201301904520627,0.30561265589656045,0.15790354892347874,0.07161744875667851,0.006980252587772066,0.486011544526251,0.15869675546768985,0.2501443104499555,0.24826701805943174,0.16323590702967664,0.034549787751084374,0.0,0.0,0.0,0.0,0.0,0.0,0.0,0.3982753347512892,0.0,0.0,0.0,0.0,0.0,0.0,0.0,0.0,0.0,0.0,0.0,0.0,0.0,0.0,0.0,0.0,0.0,0.0,0.0,0.0,0.0,0.0,0.0,0.0,0.0,0.0,0.0,0.0,0.0,0.0,0.0,0.0,0.0,0.0,0.0,0.0,0.0,0.0,0.0,0.0,0.0,0.0,0.0,0.0
0.7383116996155671,1.0,0.7425857555082667,0.5485844359642994,0.4834460015020053,0.5500694819645251,0.5328046622329052,0.305343850320177,0.21892172155923523,0.3080364316734187,0.4317462816332359,0.19356136680637542,0.050262259454126754,0.08935216673051473,0.4207037022515317,0.22141727215867918,0.051023430963900857,0.03277963194109869,0.4315109476837791,0.2745175816803609,0.1301311727048171,0.10339516111853483,0.41278888202511044,0.2625380811381517,0.1458859424128591,0.15244000248816014,0.5479752173660221,0.12116841109019016,0.3237587500273558,0.0,0.6868712758818022,0.2547214166019891,0.1694142275826948,0.03584885173075182,0.0,0.0,0.0,0.0,0.0,0.0,0.0,0.0,0.0,0.2902328211195961,0.0,0.0,0.0,0.0,0.0,0.0,0.0,0.0,0.0,0.0,0.0,0.0,0.0,0.0,0.0,0.0,0.0,0.0,0.0,0.0,0.0,0.0,0.0,0.0,0.0,0.0,0.0,0.0,0.0,0.0,0.0,0.0,0.0,0.0,0.0,0.0,0.0,0.0,0.0,0.0,0.0,0.0,0.0,0.0
0.5469784673978507,0.7425857555082667,1.0,0.7375064638126809,0.5546019767539507,0.48131741100226844,0.29709915925704944,0.09638568959003609,0.06676455247154899,0.21789241687847044,0.1750702827716615,0.0,0.0,0.0,0.18608110934068786,0.00013408178152010366,0.0,0.0,0.24900296208105346,0.14568961103374223,0.0,0.0,0.26241050024013934,0.18641565849511277,0.1035243307226867,0.08561039006392189,0.7344834620546918,0.07714884391156653,0.49120986503864006,0.0,0.49269844459943984,0.4850309818644327,0.2581119393323039,0.0,0.0,0.0,0.0,0.0,0.0,0.0,0.0,0.0,0.0,0.1197403530781076,0.0,0.0,0.0,0.0,0.0,0.0,0.0,0.0,0.0,0.0,0.0,0.0,0.0,0.0,0.0,0.0,0.0,0.0,0.0,0.0,0.0,0.0,0.0,0.0,0.0,0.0,0.0,0.0,0.0,0.0,0.0,0.0,0.0,0.0,0.0,0.0,0.0,0.0,0.0,0.0,0.0,0.0,0.0,0.0
0.4723952182531706,0.5485844359642994,0.7375064638126809,1.0,0.7454839622923984,0.5489952067156417,0.2023010488663583,0.0577597578659256,0.10368523776404756,0.30906947325801937,0.019920146057119423,0.0,0.0,0.0,0.0,0.0,0.0,0.0,0.06556768383015665,0.0,0.0,0.0,0.14571233445027928,0.10346253567836299,0.0,0.0,0.543037512671992,0.06827688922962676,0.31988086868216237,0.0,0.2561547206102401,0.6862519754642478,0.49147424701380893,0.13649055851316252,0.0,0.0,0.0,0.0,0.0,0.0,0.0,0.0,0.0,0.042660631558264245,0.0,0.0,0.0,0.0,0.0,0.0,0.0,0.0,0.0,0.0,0.0,0.0,0.0,0.0,0.0,0.0,0.0,0.0,0.0,0.0,0.0,0.0,0.0,0.0,0.0,0.0,0.0,0.0,0.0,0.0,0.0,0.0,0.0,0.0,0.0,0.0,0.0,0.0,0.0,0.0,0.0,0.0,0.0,0.0
0.5435398626687891,0.4834460015020053,0.5546019767539507,0.7454839622923984,1.0,0.7375467501828661,0.2973096886677903,0.2149474408695142,0.3142064682224577,0.5428939343665907,0.06690000483141834,0.0,0.0,0.0,0.0,0.0,0.0,0.0,0.03188520581411897,0.0,0.0,0.0,0.15233884429515232,0.08562290518017748,0.0,0.0,0.31206912704910184,0.0943546986028718,0.07805551962297617,0.017554047707623813,0.17054053252549137,0.48946821206646995,0.6859243442028129,0.3900521789942595,0.037857793226205284,0.0,0.0,0.0,0.0,0.0,0.0,0.0,0.0,0.10799687638013988,0.0,0.0,0.0,0.0,0.0,0.0,0.0,0.0,0.0,0.0,0.0,0.0,0.0,0.0,0.0,0.0,0.0,0.0,0.0,0.0,0.0,0.0,0.0,0.0,0.0,0.0,0.0,0.0,0.0,0.0,0.0,0.0,0.0,0.0,0.0,0.0,0.0,0.0,0.0,0.0,0.0,0.0,0.0,0.0
0.7350192850668406,0.5500694819645251,0.48131741100226844,0.5489952067156417,0.7375467501828661,1.0,0.5375648761659074,0.4766027267213614,0.552450317480944,0.7354879488141782,0.28585820207855306,0.08634764434982364,0.060591836733962325,0.2150671559648369,0.15346150967511052,0.0,0.0,0.0,0.16157815001348633,0.0,0.0,0.0,0.2745268268108886,0.1458087103311346,0.0,0.0,0.2159684973513671,0.13234480176249355,0.0,0.03616277253702249,0.25433645899616164,0.25294230905171494,0.4874664336082418,0.4848320227824113,0.2559129431419263,0.0,0.0,0.0,0.0,0.0,0.0,0.0,0.0,0.272161707790992,0.0,0.0,0.0,0.0,0.0,0.0,0.0,0.0,0.0,0.0,0.0,0.0,0.0,0.0,0.0,0.0,0.0,0.0,0.0,0.0,0.0,0.0,0.0,0.0,0.0,0.0,0.0,0.0,0.0,0.0,0.0,0.0,0.0,0.0,0.0,0.0,0.0,0.0,0.0,0.0,0.0,0.0,0.0,0.0
0.7298227088379994,0.5328046622329052,0.29709915925704944,0.2023010488663583,0.2973096886677903,0.5375648761659074,1.0,0.7368517058928,0.5418834948160216,0.47019448299684313,0.7308258405712958,0.5451728293009106,0.47640842549614437,0.5430502232838798,0.5198543937065894,0.29351121383393847,0.21182809431200633,0.3047951942362875,0.40782162457726256,0.1535213337091548,0.01735921995749765,0.07141450988288893,0.42080622144030533,0.1862228002548432,0.0,0.0,0.08085236994303552,0.0802975958996166,0.0,0.0,0.37593137527858017,0.0,0.02547802112006612,0.15642439404371988,0.2499204390789204,0.24981550093913096,0.16283911834489426,0.03538675363565105,0.0,0.0,0.0,0.0,0.0,0.4247855683815257,0.0,0.0,0.0,0.0,0.0,0.0,0.0,0.0,0.0,0.0,0.0,0.0,0.0,0.0,0.0,0.0,0.0,0.0,0.0,0.0,0.0,0.0,0.0,0.0,0.0,0.0,0.0,0.0,0.0,0.0,0.0,0.0,0.0,0.0,0.0,0.0,0.0,0.0,0.0,0.0,0.0,0.0,0.0,0.0
0.5455430028325927,0.305343850320177,0.09638568959003609,0.0577597578659256,0.2149474408695142,0.4766027267213614,0.7368517058928,1.0,0.7348692653383836,0.5487938631797139,0.5434017393690072,0.4790038765159659,0.5523365526967764,0.7361449390938748,0.2935300948726955,0.08718297906581135,0.05937293097737906,0.21596960507307325,0.17145532594959614,0.0,0.0,0.0,0.221529527318846,0.00027843231237945076,0.0,0.0,0.0,0.0,0.0,0.0,0.1242700229478432,0.0,0.0,0.25241313023298156,0.4859533709629537,0.4857123570988311,0.2557671391235851,0.0,0.0,0.0,0.0,0.0,0.0,0.27083479930213095,0.0,0.0,0.0,0.0,0.0,0.0,0.0,0.0,0.0,0.0,0.0,0.0,0.0,0.0,0.0,0.0,0.0,0.0,0.0,0.0,0.0,0.0,0.0,0.0,0.0,0.0,0.0,0.0,0.0,0.0,0.0,0.0,0.0,0.0,0.0,0.0,0.0,0.0,0.0,0.0,0.0,0.0,0.0,0.0
0.4771735319807129,0.21892172155923523,0.06676455247154899,0.10368523776404756,0.3142064682224577,0.552450317480944,0.5418834948160216,0.7348692653383836,1.0,0.7479072801072145,0.29988304941485744,0.2139623552996481,0.3124273501582111,0.5431620680952346,0.07141615782102698,0.0,0.0,0.0,0.0,0.0,0.0,0.0,0.10348779605386953,0.0,0.0,0.0,0.0,0.0,0.0,0.0,0.0,0.0,0.14189536865896404,0.491927631296557,0.6858597137663611,0.3931573658274523,0.036580642585780435,0.0,0.0,0.0,0.0,0.0,0.0,0.1689872664116785,0.0,0.0,0.0,0.0,0.0,0.0,0.0,0.0,0.0,0.0,0.0,0.0,0.0,0.0,0.0,0.0,0.0,0.0,0.0,0.0,0.0,0.0,0.0,0.0,0.0,0.0,0.0,0.0,0.0,0.0,0.0,0.0,0.0,0.0,0.0,0.0,0.0,0.0,0.0,0.0,0.0,0.0,0.0,0.0
0.54206584722479,0.3080364316734187,0.21789241687847044,0.30906947325801937,0.5428939343665907,0.7354879488141782,0.47019448299684313,0.5487938631797139,0.7479072801072145,1.0,0.20244459840208967,0.05572202627602607,0.10311546415529053,0.3114714797719802,0.01733041628247163,0.0,0.0,0.0,0.0,0.0,0.0,0.0,0.1301836960921796,0.0,0.0,0.0,0.0,0.020680945834516302,0.0,0.0,0.031558616558657056,0.03311666970243099,0.3921209089535953,0.6859473995062672,0.4926215689703799,0.1423810970270573,0.0,0.0,0.0,0.0,0.0,0.0,0.0,0.17535360985106346,0.0,0.0,0.0,0.0,0.0,0.0,0.0,0.0,0.0,0.0,0.0,0.0,0.0,0.0,0.0,0.0,0.0,0.0,0.0,0.0,0.0,0.0,0.0,0.0,0.0,0.0,0.0,0.0,0.0,0.0,0.0,0.0,0.0,0.0,0.0,0.0,0.0,0.0,0.0,0.0,0.0,0.0,0.0,0.0
0.5221579535016676,0.4317462816332359,0.1750702827716615,0.019920146057119423,0.06690000483141834,0.28585820207855306,0.7308258405712958,0.5434017393690072,0.29988304941485744,0.20244459840208967,1.0,0.7354338519476318,0.5421458949076712,0.4746586861749266,0.7308329467768325,0.5433930376353535,0.4746491442808572,0.5421408863216474,0.5221856038138059,0.28588620825454114,0.202459173190305,0.2998829202179311,0.4317991158693809,0.17512770389141555,0.019978462472815848,0.06694321845505993,0.01220705164710458,0.012275249897981923,0.0,0.0,0.37542369673675063,0.0,0.0,0.0,0.03131848435134596,0.16110472954311997,0.24914418544963265,0.2491446722873345,0.1610975313961487,0.03130913242218649,0.0,0.0,0.0,0.37546735304669027,0.0,0.0,0.0,0.0,0.0,0.0,0.0,0.0,0.0,0.0,0.0,0.0,0.0,0.0,0.0,0.0,0.0,0.0,0.0,0.0,0.0,0.0,0.0,0.0,0.0,0.0,0.0,0.0,0.0,0.0,0.0,0.0,0.0,0.0,0.0,0.0,0.0,0.0,0.0,0.0,0.0,0.0,0.0,0.0
0.2988522401598885,0.19356136680637542,0.0,0.0,0.0,0.08634764434982364,0.5451728293009106,0.4790038765159659,0.2139623552996481,0.05572202627602607,0.7354338519476318,1.0,0.7361610214488487,0.5513001097073587,0.5451929104932473,0.4790033030149738,0.5512961470075224,0.7361584615212807,0.2988853201207763,0.08636607432010375,0.05572888398012662,0.21395856273320712,0.19361739598469474,0.0,0.0,0.0,0.0,0.0,0.0,0.0,0.15085850979495188,0.0,0.0,0.0,0.0,0.2546606386798202,0.4862197725819568,0.4862216473140122,0.2546575735571816,0.0,0.0,0.0,0.0,0.15092505954842514,0.0,0.0,0.0,0.0,0.0,0.0,0.0,0.0,0.0,0.0,0.0,0.0,0.0,0.0,0.0,0.0,0.0,0.0,0.0,0.0,0.0,0.0,0.0,0.0,0.0,0.0,0.0,0.0,0.0,0.0,0.0,0.0,0.0,0.0,0.0,0.0,0.0,0.0,0.0,0.0,0.0,0.0,0.0,0.0
0.2148617200522788,0.050262259454126754,0.0,0.0,0.0,0.060591836733962325,0.47640842549614437,0.5523365526967764,0.3124273501582111,0.10311546415529053,0.5421458949076712,0.7361610214488487,1.0,0.7473485527542532,0.30482088775704547,0.2159743214629904,0.31196243743243957,0.5435019505194718,0.08384899470400133,0.0,0.0,0.0,0.032858431375059186,0.0,0.0,0.0,0.0,0.0,0.0,0.0,0.0,0.0,0.0,0.0,0.1425317048444905,0.49137964818303537,0.6858858387054677,0.39334235097740494,0.03534911643399601,0.0,0.0,0.0,0.0,0.037589400903359244,0.0,0.0,0.0,0.0,0.0,0.0,0.0,0.0,0.0,0.0,0.0,0.0,0.0,0.0,0.0,0.0,0.0,0.0,0.0,0.0,0.0,0.0,0.0,0.0,0.0,0.0,0.0,0.0,0.0,0.0,0.0,0.0,0.0,0.0,0.0,0.0,0.0,0.0,0.0,0.0,0.0,0.0,0.0,0.0
0.3048844561883051,0.08935216673051473,0.0,0.0,0.0,0.2150671559648369,0.5430502232838798,0.7361449390938748,0.5431620680952346,0.3114714797719802,0.4746586861749266,0.5513001097073587,0.7473485527542532,1.0,0.2118558739847609,0.059380427855772855,0.10276912271645773,0.31196315252320783,0.0383402755180825,0.0,0.0,0.0,0.05112559702823665,0.0,0.0,0.0,0.0,0.0,0.0,0.0,0.0,0.0,0.0,0.03565075105455015,0.3942062353964752,0.6859120053598571,0.49147380537540664,0.14153758898362448,0.0,0.0,0.0,0.0,0.0,0.09352766031528977,0.0,0.0,0.0,0.0,0.0,0.0,0.0,0.0,0.0,0.0,0.0,0.0,0.0,0.0,0.0,0.0,0.0,0.0,0.0,0.0,0.0,0.0,0.0,0.0,0.0,0.0,0.0,0.0,0.0,0.0,0.0,0.0,0.0,0.0,0.0,0.0,0.0,0.0,0.0,0.0,0.0,0.0,0.0,0.0
0.4077767028679005,0.4207037022515317,0.18608110934068786,0.0,0.0,0.15346150967511052,0.5198543937065894,0.2935300948726955,0.07141615782102698,0.01733041628247163,0.7308329467768325,0.5451929104932473,0.30482088775704547,0.2118558739847609,1.0,0.7368541843879279,0.543059622136674,0.47642613344043283,0.7298298234627072,0.5375717041743893,0.47020042303664605,0.5418886869129661,0.5328217500913717,0.29711344955334373,0.2023161883293137,0.29731927584814055,0.08012988968917778,0.08087209911508123,0.0,0.0,0.42470257328208066,0.0,0.0,0.0,0.0,0.0,0.03540918947442042,0.1628612762110236,0.24982393426340535,0.24992264349494747,0.1564284195338691,0.02548659846462156,0.0,0.375940887667558,0.0,0.0,0.0,0.0,0.0,0.0,0.0,0.0,0.0,0.0,0.0,0.0,0.0,0.0,0.0,0.0,0.0,0.0,0.0,0.0,0.0,0.0,0.0,0.0,0.0,0.0,0.0,0.0,0.0,0.0,0.0,0.0,0.0,0.0,0.0,0.0,0.0,0.0,0.0,0.0,0.0,0.0,0.0,0.0
0.1713983418732635,0.22141727215867918,0.00013408178152010366,0.0,0.0,0.0,0.29351121383393847,0.08718297906581135,0.0,0.0,0.5433930376353535,0.4790033030149738,0.2159743214629904,0.059380427855772855,0.7368541843879279,1.0,0.736143534306098,0.5523368910938943,0.5455507897039726,0.4765981214197145,0.5487905043678398,0.7348667840568353,0.30535686408213025,0.09638402477281965,0.057749493504742525,0.21493304079988892,0.0,0.0,0.0,0.0,0.2707224929440369,0.0,0.0,0.0,0.0,0.0,0.0,0.25577088571584095,0.48571204620172387,0.4859505214807158,0.2524077719996941,0.0,0.0,0.12428583946186038,0.0,0.0,0.0,0.0,0.0,0.0,0.0,0.0,0.0,0.0,0.0,0.0,0.0,0.0,0.0,0.0,0.0,0.0,0.0,0.0,0.0,0.0,0.0,0.0,0.0,0.0,0.0,0.0,0.0,0.0,0.0,0.0,0.0,0.0,0.0,0.0,0.0,0.0,0.0,0.0,0.0,0.0,0.0,0.0
0.03828180375697103,0.051023430963900857,0.0,0.0,0.0,0.0,0.21182809431200633,0.05937293097737906,0.0,0.0,0.4746491442808572,0.5512961470075224,0.31196243743243957,0.10276912271645773,0.543059622136674,0.736143534306098,1.0,0.7473476405900833,0.3048958879684016,0.2150555552509547,0.31145578244756333,0.5431442561751305,0.08937274086619973,0.0,0.0,0.0,0.0,0.0,0.0,0.0,0.09341202093277597,0.0,0.0,0.0,0.0,0.0,0.14153603905131834,0.4914761590309446,0.6859137564834819,0.3941831739374137,0.0356294861736359,0.0,0.0,0.0,0.0,0.0,0.0,0.0,0.0,0.0,0.0,0.0,0.0,0.0,0.0,0.0,0.0,0.0,0.0,0.0,0.0,0.0,0.0,0.0,0.0,0.0,0.0,0.0,0.0,0.0,0.0,0.0,0.0,0.0,0.0,0.0,0.0,0.0,0.0,0.0,0.0,0.0,0.0,0.0,0.0,0.0,0.0,0.0
0.0838024526280611,0.03277963194109869,0.0,0.0,0.0,0.0,0.3047951942362875,0.21596960507307325,0.0,0.0,0.5421408863216474,0.7361584615212807,0.5435019505194718,0.31196315252320783,0.47642613344043283,0.5523368910938943,0.7473476405900833,1.0,0.2148852152027045,0.060591451050135886,0.10310724514154292,0.31241414521114047,0.050301253385478605,0.0,0.0,0.0,0.0,0.0,0.0,0.0,0.03749343328058183,0.0,0.0,0.0,0.0,0.03535047942795832,0.39334118197050255,0.6858898718203941,0.4913785985862029,0.14250903205465082,0.0,0.0,0.0,0.0,0.0,0.0,0.0,0.0,0.0,0.0,0.0,0.0,0.0,0.0,0.0,0.0,0.0,0.0,0.0,0.0,0.0,0.0,0.0,0.0,0.0,0.0,0.0,0.0,0.0,0.0,0.0,0.0,0.0,0.0,0.0,0.0,0.0,0.0,0.0,0.0,0.0,0.0,0.0,0.0,0.0,0.0,0.0,0.0
0.3838629182803612,0.4315109476837791,0.24900296208105346,0.06556768383015665,0.03188520581411897,0.16157815001348633,0.40782162457726256,0.17145532594959614,0.0,0.0,0.5221856038138059,0.2988853201207763,0.08384899470400133,0.0383402755180825,0.7298298234627072,0.5455507897039726,0.3048958879684016,0.2148852152027045,1.0,0.7350230317108085,0.5420716421444001,0.4771839556275151,0.7383153486885485,0.5469841755728849,0.47240405761638915,0.5435466278895794,0.1576892049499057,0.3056212707215051,0.006733451910835256,0.07163017722161176,0.3982560089762986,0.0,0.0,0.0,0.0,0.0,0.0,0.0,0.034556585177379466,0.16324434303735932,0.24826869997183995,0.2501518444931314,0.1587108221112095,0.4860059655254522,0.0,0.0,0.0,0.0,0.0,0.0,0.0,0.0,0.0,0.0,0.0,0.0,0.0,0.0,0.0,0.0,0.0,0.0,0.0,0.0,0.0,0.0,0.0,0.0,0.0,0.0,0.0,0.0,0.0,0.0,0.0,0.0,0.0,0.0,0.0,0.0,0.0,0.0,0.0,0.0,0.0,0.0,0.0,0.0
0.1616210154502907,0.2745175816803609,0.14568961103374223,0.0,0.0,0.0,0.1535213337091548,0.0,0.0,0.0,0.28588620825454114,0.08636607432010375,0.0,0.0,0.5375717041743893,0.4765981214197145,0.2150555552509547,0.060591451050135886,0.7350230317108085,1.0,0.7354856496313287,0.5524487272998297,0.5500656423558556,0.4813125696417023,0.5489913331883012,0.7375427042355274,0.13216406494202554,0.21596346364078214,0.03592697190261505,0.0,0.27220535822743613,0.0,0.0,0.0,0.0,0.0,0.0,0.0,0.0,0.25590842093900346,0.48482691903384356,0.4874656389546659,0.252943474864723,0.2543285102200728,0.0,0.0,0.0,0.0,0.0,0.0,0.0,0.0,0.0,0.0,0.0,0.0,0.0,0.0,0.0,0.0,0.0,0.0,0.0,0.0,0.0,0.0,0.0,0.0,0.0,0.0,0.0,0.0,0.0,0.0,0.0,0.0,0.0,0.0,0.0,0.0,0.0,0.0,0.0,0.0,0.0,0.0,0.0,0.0
0.0,0.1301311727048171,0.0,0.0,0.0,0.0,0.01735921995749765,0.0,0.0,0.0,0.202459173190305,0.05572888398012662,0.0,0.0,0.47020042303664605,0.5487905043678398,0.31145578244756333,0.10310724514154292,0.5420716421444001,0.7354856496313287,1.0,0.7479076882250554,0.3080366359340758,0.2178838068936936,0.3090544852665933,0.5428761672993012,0.020476230037908938,0.0,0.0,0.0,0.17533432923419634,0.0,0.0,0.0,0.0,0.0,0.0,0.0,0.14235384630976589,0.492619602741159,0.6859448395008196,0.39210026499006145,0.03310326235352401,0.03155776193507528,0.0,0.0,0.0,0.0,0.0,0.0,0.0,0.0,0.0,0.0,0.0,0.0,0.0,0.0,0.0,0.0,0.0,0.0,0.0,0.0,0.0,0.0,0.0,0.0,0.0,0.0,0.0,0.0,0.0,0.0,0.0,0.0,0.0,0.0,0.0,0.0,0.0,0.0,0.0,0.0,0.0,0.0,0.0,0.0
0.0,0.10339516111853483,0.0,0.0,0.0,0.0,0.07141450988288893,0.0,0.0,0.0,0.2998829202179311,0.21395856273320712,0.0,0.0,0.5418886869129661,0.7348667840568353,0.5431442561751305,0.31241414521114047,0.4771839556275151,0.5524487272998297,0.7479076882250554,1.0,0.218931170359065,0.0667595823067037,0.10367028763280595,0.31418852502613387,0.0,0.0,0.0,0.0,0.16890524837077547,0.0,0.0,0.0,0.0,0.0,0.0,0.036565719860685963,0.39313125573414154,0.6858570514992075,0.4919257690650959,0.14187164285903767,0.0,0.0,0.0,0.0,0.0,0.0,0.0,0.0,0.0,0.0,0.0,0.0,0.0,0.0,0.0,0.0,0.0,0.0,0.0,0.0,0.0,0.0,0.0,0.0,0.0,0.0,0.0,0.0,0.0,0.0,0.0,0.0,0.0,0.0,0.0,0.0,0.0,0.0,0.0,0.0,0.0,0.0,0.0,0.0,0.0,0.0
0.4315842729637215,0.41278888202511044,0.26241050024013934,0.14571233445027928,0.15233884429515232,0.2745268268108886,0.42080622144030533,0.221529527318846,0.10348779605386953,0.1301836960921796,0.4317991158693809,0.19361739598469474,0.032858431375059186,0.05112559702823665,0.5328217500913717,0.30535686408213025,0.08937274086619973,0.050301253385478605,0.7383153486885485,0.5500656423558556,0.3080366359340758,0.218931170359065,1.0,0.7425819471720329,0.5485807947705371,0.48344282079698125,0.12100213708141906,0.5479786942833595,0.0,0.32376894325596395,0.29029036223857224,0.0,0.0,0.0,0.0,0.0,0.0,0.0,0.0,0.0,0.03584191083119597,0.16941245535054916,0.2547226035478391,0.6868671156415348,0.0,0.0,0.0,0.0,0.0,0.0,0.0,0.0,0.0,0.0,0.0,0.0,0.0,0.0,0.0,0.0,0.0,0.0,0.0,0.0,0.0,0.0,0.0,0.0,0.0,0.0,0.0,0.0,0.0,0.0,0.0,0.0,0.0,0.0,0.0,0.0,0.0,0.0,0.0,0.0,0.0,0.0,0.0,0.0
0.24917525556467007,0.2625380811381517,0.18641565849511277,0.10346253567836299,0.08562290518017748,0.1458087103311346,0.1862228002548432,0.00027843231237945076,0.0,0.0,0.17512770389141555,0.0,0.0,0.0,0.29711344955334373,0.09638402477281965,0.0,0.0,0.5469841755728849,0.4813125696417023,0.2178838068936936,0.0667595823067037,0.7425819471720329,1.0,0.7375054297729251,0.554601260600101,0.07709535542109101,0.7344830893186185,0.0,0.49120780517825285,0.11990628317288858,0.0,0.0,0.0,0.0,0.0,0.0,0.0,0.0,0.0,0.0,0.2581122032537941,0.48503486183656364,0.4926915109016559,0.0,0.0,0.0,0.0,0.0,0.0,0.0,0.0,0.0,0.0,0.0,0.0,0.0,0.0,0.0,0.0,0.0,0.0,0.0,0.0,0.0,0.0,0.0,0.0,0.0,0.0,0.0,0.0,0.0,0.0,0.0,0.0,0.0,0.0,0.0,0.0,0.0,0.0,0.0,0.0,0.0,0.0,0.0,0.0
0.06576029150996429,0.1458859424128591,0.1035243307226867,0.0,0.0,0.0,0.0,0.0,0.0,0.0,0.019978462472815848,0.0,0.0,0.0,0.2023161883293137,0.057749493504742525,0.0,0.0,0.47240405761638915,0.5489913331883012,0.3090544852665933,0.10367028763280595,0.5485807947705371,0.7375054297729251,1.0,0.7454847549114669,0.06828415429904458,0.5430285868337054,0.0,0.31986212114443263,0.04287372936252632,0.0,0.0,0.0,0.0,0.0,0.0,0.0,0.0,0.0,0.13646644613626294,0.4914749202934836,0.6862571716166457,0.25614715424148443,0.0,0.0,0.0,0.0,0.0,0.0,0.0,0.0,0.0,0.0,0.0,0.0,0.0,0.013808920090027058,0.0,0.0,0.0,0.0,0.0,0.0,0.0,0.0,0.0,0.0,0.0,0.0,0.0,0.0,0.0,0.0,0.0,0.0,0.0,0.0,0.0,0.09159938573130424,0.0,0.0,0.0,0.0,0.0,0.0,0.0,0.0
0.03201301904520627,0.15244000248816014,0.08561039006392189,0.0,0.0,0.0,0.0,0.0,0.0,0.0,0.06694321845505993,0.0,0.0,0.0,0.29731927584814055,0.21493304079988892,0.0,0.0,0.5435466278895794,0.7375427042355274,0.5428761672993012,0.31418852502613387,0.48344282079698125,0.554601260600101,0.7454847549114669,1.0,0.09428231684390043,0.3120638965256705,0.01741886151383672,0.07804229444202794,0.10814885305710759,0.0,0.0,0.0,0.0,0.0,0.0,0.0,0.0,0.03783270403423127,0.3900270868548402,0.6859254854750405,0.489473617271461,0.17053323389832165,0.0,0.0,0.0,0.0,0.0,0.0,0.0,0.0,0.0,0.0,0.0,0.0,0.0,0.08518009059009683,0.0,0.0,0.0,0.0,0.0,0.0,0.0,0.0,0.0,0.0,0.0,0.0,0.0,0.0,0.0,0.0,0.0,0.0,0.0,0.0,0.0,0.14531230858938662,0.0,0.0,0.0,0.0,0.0,0.0,0.0,0.0
0.30561265589656045,0.5479752173660221,0.7344834620546918,0.543037512671992,0.31206912704910184,0.2159684973513671,0.08085236994303552,0.0,0.0,0.0,0.01220705164710458,0.0,0.0,0.0,0.08012988968917778,0.0,0.0,0.0,0.1576892049499057,0.13216406494202554,0.020476230037908938,0.0,0.12100213708141906,0.07709535542109101,0.06828415429904458,0.09428231684390043,1.0,0.0,0.7567248102258683,0.0,0.39975178423594115,0.3893285728817953,0.03550730316421839,0.0,0.0,0.0,0.0,0.0,0.0,0.0,0.0,0.0,0.0,0.0,0.0,0.0,0.0,0.0,0.0,0.0,0.0,0.0,0.0,0.0,0.0,0.0,0.0,0.0,0.0,0.0,0.0,0.0,0.0,0.0,0.0,0.0,0.0,0.0,0.0,0.0,0.0,0.0,0.0,0.0,0.0,0.0,0.0,0.0,0.0,0.020267972669001624,0.0,0.0,0.0,0.0,0.0,0.0,0.0,0.0
0.15790354892347874,0.12116841109019016,0.07714884391156653,0.06827688922962676,0.0943546986028718,0.13234480176249355,0.0802975958996166,0.0,0.0,0.020680945834516302,0.012275249897981923,0.0,0.0,0.0,0.08087209911508123,0.0,0.0,0.0,0.3056212707215051,0.21596346364078214,0.0,0.0,0.5479786942833595,0.7344830893186185,0.5430285868337054,0.3120638965256705,0.0,1.0,0.0,0.7567231556446239,0.0,0.0,0.0,0.0,0.0,0.0,0.0,0.0,0.0,0.0,0.0,0.035501137042064944,0.3893178660356878,0.3997576422275161,0.0,0.0,0.0,0.0,0.0,0.0,0.0,0.0,0.0,0.0,0.0,0.0,0.0,0.0,0.0,0.0,0.0,0.0,0.0,0.0,0.0,0.0,0.0,0.0,0.0,0.0,0.0,0.0,0.0,0.0,0.0,0.0,0.0,0.0,0.0,0.0,0.0,0.0,0.0,0.0,0.0,0.0,0.0,0.0
0.07161744875667851,0.3237587500273558,0.49120986503864006,0.31988086868216237,0.07805551962297617,0.0,0.0,0.0,0.0,0.0,0.0,0.0,0.0,0.0,0.0,0.0,0.0,0.0,0.006733451910835256,0.03592697190261505,0.0,0.0,0.0,0.0,0.0,0.01741886151383672,0.7567248102258683,0.0,1.0,0.0,0.2331204732836465,0.22327104320780494,0.0,0.0,0.0,0.0,0.0,0.0,0.0,0.0,0.0,0.0,0.0,0.0,0.0,0.0,0.0,0.0,0.0,0.0,0.0,0.0,0.0,0.0,0.0,0.0,0.10061292551699562,0.10886711770860621,0.0,0.0,0.0,0.0,0.0,0.0,0.0,0.0,0.0,0.0,0.0,0.0,0.0,0.0,0.0,0.0,0.0,0.0,0.0,0.0,0.0,0.09775907312245569,0.07557632387641126,0.0,0.0,0.0,0.0,0.0,0.0,0.0
0.006980252587772066,0.0,0.0,0.0,0.017554047707623813,0.03616277253702249,0.0,0.0,0.0,0.0,0.0,0.0,0.0,0.0,0.0,0.0,0.0,0.0,0.07163017722161176,0.0,0.0,0.0,0.32376894325596395,0.49120780517825285,0.31986212114443263,0.07804229444202794,0.0,0.7567231556446239,0.0,1.0,0.0,0.0,0.0,0.0,0.0,0.0,0.0,0.0,0.0,0.0,0.0,0.0,0.22324025847443557,0.23314280914453336,0.0,0.0,0.0,0.0,0.0,0.0,0.0,0.0,0.0,0.0,0.0,0.0,0.0,0.0,0.0,0.0,0.0,0.0,0.0,0.0,0.0,0.0,0.0,0.0,0.0,0.0,0.0,0.0,0.0,0.0,0.0,0.0,0.0,0.0,0.0,0.0,0.0,0.0,0.0,0.0,0.0,0.0,0.0,0.0
0.486011544526251,0.6868712758818022,0.49269844459943984,0.2561547206102401,0.17054053252549137,0.25433645899616164,0.37593137527858017,0.1242700229478432,0.0,0.031558616558657056,0.37542369673675063,0.15085850979495188,0.0,0.0,0.42470257328208066,0.2707224929440369,0.09341202093277597,0.03749343328058183,0.3982560089762986,0.27220535822743613,0.17533432923419634,0.16890524837077547,0.29029036223857224,0.11990628317288858,0.04287372936252632,0.10814885305710759,0.39975178423594115,0.0,0.2331204732836465,0.0,1.0,0.0,0.0,0.0,0.0,0.0,0.0,0.0,0.0,0.0,0.0,0.0,0.0,0.1670440305720713,0.0,0.0,0.0,0.0,0.0,0.0,0.0,0.0,0.0,0.0,0.0,0.0,0.0,0.0,0.0,0.0,0.0,0.0,0.0,0.0,0.0,0.0,0.0,0.0,0.0,0.0,0.0,0.0,0.0,0.0,0.0,0.0,0.0,0.0,0.0,0.0,0.0,0.0,0.0,0.0,0.0,0.0,0.0,0.0
0.15869675546768985,0.2547214166019891,0.4850309818644327,0.6862519754642478,0.48946821206646995,0.25294230905171494,0.0,0.0,0.0,0.03311666970243099,0.0,0.0,0.0,0.0,0.0,0.0,0.0,0.0,0.0,0.0,0.0,0.0,0.0,0.0,0.0,0.0,0.3893285728817953,0.0,0.22327104320780494,0.0,0.0,1.0,0.4066978981577382,0.0,0.0,0.0,0.0,0.0,0.0,0.0,0.0,0.0,0.0,0.0,0.0,0.0,0.0,0.0,0.0,0.0,0.0,0.0,0.0,0.0,0.0,0.0,0.0,0.0,0.0,0.0,0.0,0.0,0.0,0.0,0.0,0.0,0.0,0.0,0.0,0.0,0.0,0.0,0.0,0.0,0.0,0.0,0.0,0.0,0.0,0.0,0.0,0.0,0.0,0.0,0.0,0.0,0.0,0.0
0.2501443104499555,0.1694142275826948,0.2581119393323039,0.49147424701380893,0.6859243442028129,0.4874664336082418,0.02547802112006612,0.0,0.14189536865896404,0.3921209089535953,0.0,0.0,0.0,0.0,0.0,0.0,0.0,0.0,0.0,0.0,0.0,0.0,0.0,0.0,0.0,0.0,0.03550730316421839,0.0,0.0,0.0,0.0,0.4066978981577382,1.0,0.419143636845812,0.0,0.0,0.0,0.0,0.0,0.0,0.0,0.0,0.0,0.0,0.0,0.0,0.0,0.0,0.0,0.0,0.0,0.0,0.0,0.0,0.0,0.0,0.0,0.0,0.0,0.0,0.0,0.0,0.0,0.0,0.0,0.0,0.0,0.0,0.0,0.0,0.0,0.0,0.0,0.0,0.0,0.0,0.0,0.0,0.0,0.0,0.0,0.0,0.0,0.0,0.0,0.0,0.0,0.0
0.24826701805943174,0.03584885173075182,0.0,0.13649055851316252,0.3900521789942595,0.4848320227824113,0.15642439404371988,0.25241313023298156,0.491927631296557,0.6859473995062672,0.0,0.0,0.0,0.03565075105455015,0.0,0.0,0.0,0.0,0.0,0.0,0.0,0.0,0.0,0.0,0.0,0.0,0.0,0.0,0.0,0.0,0.0,0.0,0.419143636845812,1.0,0.40868170748700494,0.0,0.0,0.0,0.0,0.0,0.0,0.0,0.0,0.0,0.0,0.0,0.0,0.0,0.0,0.0,0.0,0.0,0.0,0.0,0.0,0.0,0.0,0.0,0.0,0.0,0.0,0.0,0.0,0.0,0.0,0.0,0.0,0.0,0.0,0.0,0.0,0.0,0.0,0.0,0.0,0.0,0.0,0.0,0.0,0.0,0.0,0.0,0.0,0.0,0.0,0.0,0.0,0.0
0.16323590702967664,0.0,0.0,0.0,0.037857793226205284,0.2559129431419263,0.2499204390789204,0.4859533709629537,0.6858597137663611,0.4926215689703799,0.03131848435134596,0.0,0.1425317048444905,0.3942062353964752,0.0,0.0,0.0,0.0,0.0,0.0,0.0,0.0,0.0,0.0,0.0,0.0,0.0,0.0,0.0,0.0,0.0,0.0,0.0,0.40868170748700494,1.0,0.4256322206891615,0.0,0.0,0.0,0.0,0.0,0.0,0.0,0.0,0.0,0.0,0.0,0.0,0.0,0.0,0.0,0.0,0.0,0.0,0.0,0.0,0.0,0.0,0.0,0.0,0.0,0.0,0.0,0.0,0.0,0.0,0.0,0.0,0.0,0.0,0.0,0.0,0.0,0.0,0.0,0.0,0.0,0.0,0.0,0.0,0.0,0.0,0.0,0.0,0.0,0.0,0.0,0.0
0.034549787751084374,0.0,0.0,0.0,0.0,0.0,0.24981550093913096,0.4857123570988311,0.3931573658274523,0.1423810970270573,0.16110472954311997,0.2546606386798202,0.49137964818303537,0.6859120053598571,0.0,0.0,0.0,0.03535047942795832,0.0,0.0,0.0,0.0,0.0,0.0,0.0,0.0,0.0,0.0,0.0,0.0,0.0,0.0,0.0,0.0,0.4256322206891615,1.0,0.4065338032563368,0.0,0.0,0.0,0.0,0.0,0.0,0.0,0.0,0.0,0.0,0.0,0.0,0.0,0.0,0.0,0.0,0.0,0.0,0.0,0.0,0.0,0.0,0.0,0.0,0.0,0.0,0.0,0.0,0.0,0.0,0.0,0.0,0.0,0.0,0.0,0.0,0.0,0.0,0.0,0.0,0.0,0.0,0.0,0.0,0.0,0.0,0.0,0.0,0.0,0.0,0.0
0.0,0.0,0.0,0.0,0.0,0.0,0.16283911834489426,0.2557671391235851,0.036580642585780435,0.0,0.24914418544963265,0.4862197725819568,0.6858858387054677,0.49147380537540664,0.03540918947442042,0.0,0.14153603905131834,0.39334118197050255,0.0,0.0,0.0,0.0,0.0,0.0,0.0,0.0,0.0,0.0,0.0,0.0,0.0,0.0,0.0,0.0,0.0,0.4065338032563368,1.0,0.4240361369371017,0.0,0.0,0.0,0.0,0.0,0.0,0.0,0.0,0.0,0.0,0.0,0.0,0.0,0.0,0.0,0.0,0.0,0.0,0.0,0.0,0.0,0.0,0.0,0.0,0.0,0.0,0.0,0.0,0.0,0.0,0.0,0.0,0.0,0.0,0.0,0.0,0.0,0.0,0.0,0.0,0.0,0.0,0.0,0.0,0.0,0.0,0.0,0.0,0.0,0.0
0.0,0.0,0.0,0.0,0.0,0.0,0.03538675363565105,0.0,0.0,0.0,0.2491446722873345,0.4862216473140122,0.39334235097740494,0.14153758898362448,0.1628612762110236,0.25577088571584095,0.4914761590309446,0.6858898718203941,0.0,0.0,0.0,0.036565719860685963,0.0,0.0,0.0,0.0,0.0,0.0,0.0,0.0,0.0,0.0,0.0,0.0,0.0,0.0,0.4240361369371017,1.0,0.40653240707929456,0.0,0.0,0.0,0.0,0.0,0.0,0.0,0.0,0.0,0.0,0.0,0.0,0.0,0.0,0.0,0.0,0.0,0.0,0.0,0.0,0.0,0.0,0.0,0.0,0.0,0.0,0.0,0.0,0.0,0.0,0.0,0.0,0.0,0.0,0.0,0.0,0.0,0.0,0.0,0.0,0.0,0.0,0.0,0.0,0.0,0.0,0.0,0.0,0.0
0.0,0.0,0.0,0.0,0.0,0.0,0.0,0.0,0.0,0.0,0.1610975313961487,0.2546575735571816,0.03534911643399601,0.0,0.24982393426340535,0.48571204620172387,0.6859137564834819,0.4913785985862029,0.034556585177379466,0.0,0.14235384630976589,0.39313125573414154,0.0,0.0,0.0,0.0,0.0,0.0,0.0,0.0,0.0,0.0,0.0,0.0,0.0,0.0,0.0,0.40653240707929456,1.0,0.4255876537388031,0.0,0.0,0.0,0.0,0.0,0.0,0.0,0.0,0.0,0.0,0.0,0.0,0.0,0.0,0.0,0.0,0.0,0.0,0.0,0.0,0.0,0.0,0.0,0.0,0.0,0.0,0.0,0.0,0.0,0.0,0.0,0.0,0.0,0.0,0.0,0.0,0.0,0.0,0.0,0.0,0.0,0.0,0.0,0.0,0.0,0.0,0.0,0.0
0.0,0.0,0.0,0.0,0.0,0.0,0.0,0.0,0.0,0.0,0.03130913242218649,0.0,0.0,0.0,0.24992264349494747,0.4859505214807158,0.3941831739374137,0.14250903205465082,0.16324434303735932,0.25590842093900346,0.492619602741159,0.6858570514992075,0.0,0.0,0.0,0.03783270403423127,0.0,0.0,0.0,0.0,0.0,0.0,0.0,0.0,0.0,0.0,0.0,0.0,0.4255876537388031,1.0,0.40867814767010713,0.0,0.0,0.0,0.0,0.0,0.0,0.0,0.0,0.0,0.0,0.0,0.0,0.0,0.0,0.0,0.0,0.0,0.0,0.0,0.0,0.0,0.0,0.0,0.0,0.0,0.0,0.0,0.0,0.0,0.0,0.0,0.0,0.0,0.0,0.0,0.0,0.0,0.0,0.0,0.0,0.0,0.0,0.0,0.0,0.0,0.0,0.0
0.0,0.0,0.0,0.0,0.0,0.0,0.0,0.0,0.0,0.0,0.0,0.0,0.0,0.0,0.1564284195338691,0.2524077719996941,0.0356294861736359,0.0,0.24826869997183995,0.48482691903384356,0.6859448395008196,0.4919257690650959,0.03584191083119597,0.0,0.13646644613626294,0.3900270868548402,0.0,0.0,0.0,0.0,0.0,0.0,0.0,0.0,0.0,0.0,0.0,0.0,0.0,0.40867814767010713,1.0,0.4191028477666312,0.0,0.0,0.0,0.0,0.0,0.0,0.0,0.0,0.0,0.0,0.0,0.0,0.0,0.0,0.0,0.0,0.0,0.0,0.0,0.0,0.0,0.0,0.0,0.0,0.0,0.0,0.0,0.0,0.0,0.0,0.0,0.0,0.0,0.0,0.0,0.0,0.0,0.0,0.0,0.0,0.0,0.0,0.0,0.0,0.0,0.0
0.0,0.0,0.0,0.0,0.0,0.0,0.0,0.0,0.0,0.0,0.0,0.0,0.0,0.0,0.02548659846462156,0.0,0.0,0.0,0.2501518444931314,0.4874656389546659,0.39210026499006145,0.14187164285903767,0.16941245535054916,0.2581122032537941,0.4914749202934836,0.6859254854750405,0.0,0.035501137042064944,0.0,0.0,0.0,0.0,0.0,0.0,0.0,0.0,0.0,0.0,0.0,0.0,0.4191028477666312,1.0,0.40670180847260673,0.0,0.0,0.0,0.0,0.0,0.0,0.0,0.0,0.0,0.0,0.0,0.0,0.0,0.020199615054701865,0.11875942218865324,0.0,0.0,0.0,0.0,0.0,0.0,0.0,0.0,0.0,0.0,0.0,0.0,0.0,0.0,0.0,0.0,0.0,0.0,0.0,0.0,0.0,0.16440605442410955,0.0,0.0,0.0,0.0,0.0,0.0,0.0,0.0
0.0,0.0,0.0,0.0,0.0,0.0,0.0,0.0,0.0,0.0,0.0,0.0,0.0,0.0,0.0,0.0,0.0,0.0,0.1587108221112095,0.252943474864723,0.03310326235352401,0.0,0.2547226035478391,0.48503486183656364,0.6862571716166457,0.489473617271461,0.0,0.3893178660356878,0.0,0.22324025847443557,0.0,0.0,0.0,0.0,0.0,0.0,0.0,0.0,0.0,0.0,0.0,0.40670180847260673,1.0,0.0,0.0,0.0,0.0,0.0,0.0,0.0,0.0,0.0,0.0,0.0,0.0,0.0,0.0,0.0,0.0,0.0,0.0,0.0,0.0,0.0,0.0,0.0,0.0,0.0,0.0,0.0,0.0,0.0,0.0,0.0,0.0,0.0,0.0,0.0,0.0,0.02722774469851567,0.0,0.0,0.0,0.0,0.0,0.0,0.0,0.0
0.3982753347512892,0.2902328211195961,0.1197403530781076,0.042660631558264245,0.10799687638013988,0.272161707790992,0.4247855683815257,0.27083479930213095,0.1689872664116785,0.17535360985106346,0.37546735304669027,0.15092505954842514,0.037589400903359244,0.09352766031528977,0.375940887667558,0.12428583946186038,0.0,0.0,0.4860059655254522,0.2543285102200728,0.03155776193507528,0.0,0.6868671156415348,0.4926915109016559,0.25614715424148443,0.17053323389832165,0.0,0.3997576422275161,0.0,0.23314280914453336,0.1670440305720713,0.0,0.0,0.0,0.0,0.0,0.0,0.0,0.0,0.0,0.0,0.0,0.0,1.0,0.0,0.0,0.0,0.0,0.0,0.0,0.0,0.0,0.0,0.0,0.0,0.0,0.0,0.0,0.0,0.0,0.0,0.0,0.0,0.0,0.0,0.0,0.0,0.0,0.0,0.0,0.0,0.0,0.0,0.0,0.0,0.0,0.0,0.0,0.0,0.0,0.0,0.0,0.0,0.0,0.0,0.0,0.0,0.0
0.0,0.0,0.0,0.0,0.0,0.0,0.0,0.0,0.0,0.0,0.0,0.0,0.0,0.0,0.0,0.0,0.0,0.0,0.0,0.0,0.0,0.0,0.0,0.0,0.0,0.0,0.0,0.0,0.0,0.0,0.0,0.0,0.0,0.0,0.0,0.0,0.0,0.0,0.0,0.0,0.0,0.0,0.0,0.0,1.0,0.738311699615567,0.5469784673978506,0.47239521825317077,0.543539862668789,0.7350192850668406,0.7298227088379995,0.5455430028325927,0.477173531980713,0.5420658472247902,0.5221579535016674,0.29885224015988876,0.2148617200522788,0.30488445618830523,0.4077767028679006,0.1713983418732635,0.03828180375697103,0.08380245262806094,0.383862918280361,0.16162101545029037,0.0,0.0,0.4315842729637213,0.2491752555646699,0.06576029150996396,0.032013019045206106,0.3056126558965603,0.15790354892347858,0.07161744875667851,0.0069802525877719025,0.4860115445262509,0.15869675546768985,0.2501443104499557,0.24826701805943174,0.16323590702967705,0.034549787751084374,0.0,0.0,0.0,0.0,0.0,0.0,0.0,0.39827533475128907
0.0,0.0,0.0,0.0,0.0,0.0,0.0,0.0,0.0,0.0,0.0,0.0,0.0,0.0,0.0,0.0,0.0,0.0,0.0,0.0,0.0,0.0,0.0,0.0,0.0,0.0,0.0,0.0,0.0,0.0,0.0,0.0,0.0,0.0,0.0,0.0,0.0,0.0,0.0,0.0,0.0,0.0,0.0,0.0,0.738311699615567,1.0,0.742585755508267,0.5485844359642998,0.4834460015020054,0.5500694819645252,0.5328046622329051,0.3053438503201767,0.21892172155923523,0.3080364316734189,0.4317462816332353,0.19356136680637542,0.05026225945412659,0.0893521667305144,0.4207037022515316,0.221417272158679,0.0510234309639007,0.03277963194109836,0.4315109476837791,0.2745175816803606,0.13013117270481694,0.10339516111853483,0.41278888202511044,0.2625380811381518,0.1458859424128591,0.15244000248816014,0.5479752173660222,0.12116841109019033,0.3237587500273561,0.0,0.686871275881802,0.2547214166019893,0.16941422758269514,0.03584885173075182,0.0,0.0,0.0,0.0,0.0,0.0,0.0,0.0,0.0,0.29023282111959614
0.0,0.0,0.0,0.0,0.0,0.0,0.0,0.0,0.0,0.0,0.0,0.0,0.0,0.0,0.0,0.0,0.0,0.0,0.0,0.0,0.0,0.0,0.0,0.0,0.0,0.0,0.0,0.0,0.0,0.0,0.0,0.0,0.0,0.0,0.0,0.0,0.0,0.0,0.0,0.0,0.0,0.0,0.0,0.0,0.5469784673978506,0.742585755508267,1.0,0.7375064638126808,0.5546019767539506,0.4813174110022686,0.2970991592570495,0.09638568959003609,0.06676455247154899,0.21789241687847044,0.1750702827716615,0.0,0.0,0.0,0.18608110934068817,0.00013408178152059708,0.0,0.0,0.24900296208105363,0.14568961103374206,0.0,0.0,0.26241050024013957,0.18641565849511293,0.1035243307226867,0.08561039006392189,0.7344834620546918,0.07714884391156653,0.4912098650386401,0.0,0.49269844459944,0.48503098186443266,0.2581119393323039,0.0,0.0,0.0,0.0,0.0,0.0,0.0,0.0,0.0,0.0,0.11974035307810776
0.0,0.0,0.0,0.0,0.0,0.0,0.0,0.0,0.0,0.0,0.0,0.0,0.0,0.0,0.0,0.0,0.0,0.0,0.0,0.0,0.0,0.0,0.0,0.0,0.0,0.0,0.0,0.0,0.0,0.0,0.0,0.0,0.0,0.0,0.0,0.0,0.0,0.0,0.0,0.0,0.0,0.0,0.0,0.0,0.47239521825317077,0.5485844359642998,0.7375064638126808,1.0,0.7454839622923985,0.5489952067156421,0.20230104886635863,0.05775975786592576,0.10368523776404756,0.3090694732580194,0.019920146057119423,0.0,0.0,0.0,0.0,0.0,0.0,0.0,0.06556768383015697,0.0,0.0,0.0,0.14571233445027978,0.10346253567836332,0.0,0.0,0.5430375126719919,0.06827688922962692,0.31988086868216226,0.0,0.25615472061024014,0.6862519754642478,0.4914742470138092,0.1364905585131627,0.0,0.0,0.0,0.0,0.0,0.0,0.0,0.0,0.0,0.04266063155826474
0.0,0.0,0.0,0.0,0.0,0.0,0.0,0.0,0.0,0.0,0.0,0.0,0.0,0.0,0.0,0.0,0.0,0.0,0.0,0.0,0.0,0.0,0.0,0.0,0.0,0.0,0.0,0.0,0.0,0.0,0.0,0.0,0.0,0.0,0.0,0.0,0.0,0.0,0.0,0.0,0.0,0.0,0.0,0.0,0.543539862668789,0.4834460015020054,0.5546019767539506,0.7454839622923985,1.0,0.7375467501828661,0.2973096886677903,0.21494744086951403,0.3142064682224575,0.5428939343665906,0.06690000483141784,0.0,0.0,0.0,0.0,0.0,0.0,0.0,0.03188520581411897,0.0,0.0,0.0,0.15233884429515215,0.08562290518017748,0.0,0.0,0.31206912704910184,0.09435469860287146,0.07805551962297617,0.017554047707623813,0.17054053252549128,0.48946821206647,0.6859243442028132,0.3900521789942595,0.037857793226205444,0.0,0.0,0.0,0.0,0.0,0.0,0.0,0.0,0.10799687638014005
0.0,0.0,0.0,0.0,0.0,0.0,0.0,0.0,0.0,0.0,0.0,0.0,0.0,0.0,0.0,0.0,0.0,0.0,0.0,0.0,0.0,0.0,0.0,0.0,0.0,0.0,0.0,0.0,0.0,0.0,0.0,0.0,0.0,0.0,0.0,0.0,0.0,0.0,0.0,0.0,0.0,0.0,0.0,0.0,0.7350192850668406,0.5500694819645252,0.4813174110022686,0.5489952067156421,0.7375467501828661,1.0,0.5375648761659075,0.4766027267213611,0.5524503174809438,0.7354879488141781,0.2858582020785527,0.08634764434982381,0.06059183673396216,0.21506715596483658,0.15346150967511066,0.0,0.0,0.0,0.16157815001348663,0.0,0.0,0.0,0.2745268268108889,0.14580871033113493,0.0,0.0,0.2159684973513671,0.13234480176249372,0.0,0.03616277253702266,0.25433645899616164,0.2529423090517151,0.487466433608242,0.48483202278241105,0.2559129431419265,0.0,0.0,0.0,0.0,0.0,0.0,0.0,0.0,0.2721617077909923
0.0,0.0,0.0,0.0,0.0,0.0,0.0,0.0,0.0,0.0,0.0,0.0,0.0,0.0,0.0,0.0,0.0,0.0,0.0,0.0,0.0,0.0,0.0,0.0,0.0,0.0,0.0,0.0,0.0,0.0,0.0,0.0,0.0,0.0,0.0,0.0,0.0,0.0,0.0,0.0,0.0,0.0,0.0,0.0,0.7298227088379995,0.5328046622329051,0.2970991592570495,0.20230104886635863,0.2973096886677903,0.5375648761659075,1.0,0.7368517058927999,0.5418834948160216,0.4701944829968434,0.7308258405712957,0.5451728293009107,0.47640842549614426,0.5430502232838795,0.5198543937065895,0.29351121383393847,0.21182809431200633,0.3047951942362872,0.40782162457726273,0.15352133370915497,0.01735921995749765,0.07141450988288893,0.4208062214403055,0.18622280025484353,0.0,0.0,0.08085236994303552,0.08029759589961692,0.0,0.0,0.3759313752785803,0.0,0.025478021120066446,0.1564243940437198,0.24992043907892048,0.2498155009391308,0.162839118344894,0.035386753635650886,0.0,0.0,0.0,0.0,0.0,0.42478556838152604
0.0,0.0,0.0,0.0,0.0,0.0,0.0,0.0,0.0,0.0,0.0,0.0,0.0,0.0,0.0,0.0,0.0,0.0,0.0,0.0,0.0,0.0,0.0,0.0,0.0,0.0,0.0,0.0,0.0,0.0,0.0,0.0,0.0,0.0,0.0,0.0,0.0,0.0,0.0,0.0,0.0,0.0,0.0,0.0,0.5455430028325927,0.3053438503201767,0.09638568959003609,0.05775975786592576,0.21494744086951403,0.4766027267213611,0.7368517058927999,1.0,0.7348692653383836,0.5487938631797142,0.543401739369007,0.47900387651596593,0.5523365526967763,0.7361449390938747,0.2935300948726954,0.08718297906581118,0.05937293097737906,0.21596960507307308,0.1714553259495958,0.0,0.0,0.0,0.22152952731884584,0.0002784323123792863,0.0,0.0,0.0,0.0,0.0,0.0,0.1242700229478432,0.0,0.0,0.2524131302329813,0.4859533709629539,0.4857123570988311,0.2557671391235851,0.0,0.0,0.0,0.0,0.0,0.0,0.27083479930213067
0.0,0.0,0.0,0.0,0.0,0.0,0.0,0.0,0.0,0.0,0.0,0.0,0.0,0.0,0.0,0.0,0.0,0.0,0.0,0.0,0.0,0.0,0.0,0.0,0.0,0.0,0.0,0.0,0.0,0.0,0.0,0.0,0.0,0.0,0.0,0.0,0.0,0.0,0.0,0.0,0.0,0.0,0.0,0.0,0.477173531980713,0.21892172155923523,0.06676455247154899,0.10368523776404756,0.3142064682224575,0.5524503174809438,0.5418834948160216,0.7348692653383836,1.0,0.7479072801072146,0.29988304941485744,0.21396235529964827,0.31242735015821105,0.5431620680952345,0.07141615782102698,0.0,0.0,0.0,0.0,0.0,0.0,0.0,0.10348779605386937,0.0,0.0,0.0,0.0,0.0,0.0,0.0,0.0,0.0,0.1418953686589642,0.4919276312965568,0.6858597137663615,0.3931573658274523,0.036580642585780435,0.0,0.0,0.0,0.0,0.0,0.0,0.16898726641167824
0.0,0.0,0.0,0.0,0.0,0.0,0.0,0.0,0.0,0.0,0.0,0.0,0.0,0.0,0.0,0.0,0.0,0.0,0.0,0.0,0.0,0.0,0.0,0.0,0.0,0.0,0.0,0.0,0.0,0.0,0.0,0.0,0.0,0.0,0.0,0.0,0.0,0.0,0.0,0.0,0.0,0.0,0.0,0.0,0.5420658472247902,0.3080364316734189,0.21789241687847044,0.3090694732580194,0.5428939343665906,0.7354879488141781,0.4701944829968434,0.5487938631797142,0.7479072801072146,1.0,0.2024445984020898,0.0557220262760264,0.1031154641552907,0.3114714797719802,0.017330416282472123,0.0,0.0,0.0,0.0,0.0,0.0,0.0,0.13018369609217978,0.0,0.0,0.0,0.0,0.020680945834516466,0.0,0.0,0.03155861655865722,0.03311666970243099,0.39212090895359525,0.6859473995062667,0.49262156897038034,0.14238109702705748,0.0,0.0,0.0,0.0,0.0,0.0,0.0,0.17535360985106363
0.0,0.0,0.0,0.0,0.0,0.0,0.0,0.0,0.0,0.0,0.0,0.0,0.0,0.0,0.0,0.0,0.0,0.0,0.0,0.0,0.0,0.0,0.0,0.0,0.0,0.0,0.0,0.0,0.0,0.0,0.0,0.0,0.0,0.0,0.0,0.0,0.0,0.0,0.0,0.0,0.0,0.0,0.0,0.0,0.5221579535016674,0.4317462816332353,0.1750702827716615,0.019920146057119423,0.06690000483141784,0.2858582020785527,0.7308258405712957,0.543401739369007,0.29988304941485744,0.2024445984020898,1.0,0.7354338519476323,0.5421458949076714,0.47465868617492696,0.7308329467768322,0.5433930376353535,0.4746491442808574,0.5421408863216477,0.5221856038138054,0.2858862082545408,0.20245917319030465,0.299882920217931,0.43179911586938036,0.17512770389141505,0.019978462472815352,0.0669432184550596,0.012207051647104252,0.012275249897981429,0.0,0.0,0.37542369673675047,0.0,0.0,0.0,0.03131848435134612,0.16110472954312005,0.2491441854496329,0.24914467228733508,0.1610975313961488,0.03130913242218649,0.0,0.0,0.0,0.37546735304668977
0.0,0.0,0.0,0.0,0.0,0.0,0.0,0.0,0.0,0.0,0.0,0.0,0.0,0.0,0.0,0.0,0.0,0.0,0.0,0.0,0.0,0.0,0.0,0.0,0.0,0.0,0.0,0.0,0.0,0.0,0.0,0.0,0.0,0.0,0.0,0.0,0.0,0.0,0.0,0.0,0.0,0.0,0.0,0.0,0.29885224015988876,0.19356136680637542,0.0,0.0,0.0,0.08634764434982381,0.5451728293009107,0.47900387651596593,0.21396235529964827,0.0557220262760264,0.7354338519476323,1.0,0.7361610214488484,0.5513001097073588,0.5451929104932473,0.4790033030149738,0.5512961470075226,0.7361584615212806,0.2988853201207763,0.08636607432010408,0.055728883980126785,0.21395856273320712,0.19361739598469474,0.0,0.0,0.0,0.0,0.0,0.0,0.0,0.15085850979495222,0.0,0.0,0.0,0.0,0.25466063867982003,0.4862197725819566,0.4862216473140121,0.25465757355718144,0.0,0.0,0.0,0.0,0.15092505954842514
