1.0,0.7383116996155669,0.5469784673978505,0.47239521825317066,0.5435398626687891,0.7350192850668406,0.7298227088379994,0.5455430028325926,0.47717353198071305,0.5420658472247902,0.5221579535016674,0.29885224015988865,0.21486172005227913,0.30488445618830523,0.40777670286790035,0.1713983418732635,0.03828180375697103,0.08380245262806094,0.383862918280361,0.16162101545029037,0.0,0.0,0.43158427296372154,0.24917525556467007,0.06576029150996412,0.03201301904520594,0.30561265589655995,0.15790354892347858,0.07161744875667851,0.0069802525877719025,0.48601154452625084,0.15869675546768985,0.25014431044995566,0.24826701805943183,0.16323590702967705,0.034549787751084374,0.0,0.0,0.0,0.0,0.0,0.0,0.0,0.39827533475128923,0.0,0.0,0.0,0.0,0.0,0.0,0.0,0.0,0.0,0.0,0.0,0.0,0.0,0.0,0.0,0.0,0.0,0.0,0.0,0.0,0.0,0.0,0.0,0.0,0.0,0.0,0.0,0.0,0.0,0.0,0.0,0.0,0.0,0.0,0.0,0.0,0.0,0.0,0.0,0.0,0.0,0.0,0.0,0.0
0.7383116996155669,1.0,0.742585755508267,0.5485844359642996,0.48344600150200556,0.5500694819645251,0.532804662232905,0.3053438503201765,0.21892172155923523,0.3080364316734188,0.4317462816332354,0.19356136680637526,0.05026225945412659,0.0893521667305144,0.42070370225153153,0.22141727215867918,0.0510234309639007,0.03277963194109836,0.4315109476837791,0.2745175816803607,0.13013117270481694,0.10339516111853468,0.4127888820251106,0.2625380811381518,0.1458859424128591,0.15244000248815998,0.547975217366022,0.12116841109019016,0.32375875002735616,0.0,0.6868712758818021,0.2547214166019893,0.16941422758269506,0.035848851730751655,0.0,0.0,0.0,0.0,0.0,0.0,0.0,0.0,0.0,0.2902328211195963,0.0,0.0,0.0,0.0,0.0,0.0,0.0,0.0,0.0,0.0,0.0,0.0,0.0,0.0,0.0,0.0,0.0,0.0,0.0,0.0,0.0,0.0,0.0,0.0,0.0,0.0,0.0,0.0,0.0,0.0,0.0,0.0,0.0,0.0,0.0,0.0,0.0,0.0,0.0,0.0,0.0,0.0,0.0,0.0
0.5469784673978505,0.742585755508267,1.0,0.7375064638126808,0.5546019767539507,0.4813174110022686,0.29709915925704944,0.09638568959003592,0.06676455247154914,0.21789241687847044,0.1750702827716615,0.0,0.0,0.0,0.18608110934068803,0.0001340817815204326,0.0,0.0,0.24900296208105346,0.14568961103374206,0.0,0.0,0.26241050024013957,0.18641565849511277,0.1035243307226867,0.08561039006392174,0.7344834620546917,0.07714884391156636,0.4912098650386403,0.0,0.4926984445994399,0.4850309818644327,0.258111939332304,0.0,0.0,0.0,0.0,0.0,0.0,0.0,0.0,0.0,0.0,0.11974035307810793,0.0,0.0,0.0,0.0,0.0,0.0,0.0,0.0,0.0,0.0,0.0,0.0,0.0,0.0,0.0,0.0,0.0,0.0,0.0,0.0,0.0,0.0,0.0,0.0,0.0,0.0,0.0,0.0,0.0,0.0,0.0,0.0,0.0,0.0,0.0,0.0,0.0,0.0,0.0,0.0,0.0,0.0,0.0,0.0
0.47239521825317066,0.5485844359642996,0.7375064638126808,1.0,0.7454839622923985,0.5489952067156421,0.2023010488663583,0.05775975786592543,0.10368523776404756,0.30906947325801953,0.019920146057119423,0.0,0.0,0.0,0.0,0.0,0.0,0.0,0.06556768383015697,0.0,0.0,0.0,0.14571233445027978,0.10346253567836332,0.0,0.0,0.5430375126719917,0.06827688922962676,0.31988086868216237,0.0,0.2561547206102401,0.6862519754642478,0.49147424701380926,0.13649055851316286,0.0,0.0,0.0,0.0,0.0,0.0,0.0,0.0,0.0,0.04266063155826474,0.0,0.0,0.0,0.0,0.0,0.0,0.0,0.0,0.0,0.0,0.0,0.0,0.0,0.0,0.0,0.0,0.0,0.0,0.0,0.0,0.0,0.0,0.0,0.0,0.0,0.0,0.0,0.0,0.0,0.0,0.0,0.0,0.0,0.0,0.0,0.0,0.0,0.0,0.0,0.0,0.0,0.0,0.0,0.0
0.5435398626687891,0.48344600150200556,0.5546019767539507,0.7454839622923985,1.0,0.7375467501828664,0.29730968866779045,0.2149474408695142,0.31420646822245785,0.5428939343665908,0.06690000483141817,0.0,0.0,0.0,0.0,0.0,0.0,0.0,0.03188520581411913,0.0,0.0,0.0,0.15233884429515265,0.08562290518017765,0.0,0.0,0.31206912704910167,0.0943546986028718,0.07805551962297633,0.017554047707623813,0.17054053252549153,0.48946821206646995,0.685924344202813,0.39005217899425954,0.037857793226205444,0.0,0.0,0.0,0.0,0.0,0.0,0.0,0.0,0.10799687638014022,0.0,0.0,0.0,0.0,0.0,0.0,0.0,0.0,0.0,0.0,0.0,0.0,0.0,0.0,0.0,0.0,0.0,0.0,0.0,0.0,0.0,0.0,0.0,0.0,0.0,0.0,0.0,0.0,0.0,0.0,0.0,0.0,0.0,0.0,0.0,0.0,0.0,0.0,0.0,0.0,0.0,0.0,0.0,0.0
0.7350192850668406,0.5500694819645251,0.4813174110022686,0.5489952067156421,0.7375467501828664,1.0,0.5375648761659074,0.47660272672136095,0.5524503174809439,0.7354879488141781,0.2858582020785527,0.08634764434982364,0.06059183673396216,0.21506715596483658,0.15346150967511052,0.0,0.0,0.0,0.16157815001348647,0.0,0.0,0.0,0.274526826810889,0.14580871033113493,0.0,0.0,0.21596849735136694,0.13234480176249355,0.0,0.03616277253702249,0.25433645899616164,0.25294230905171516,0.487466433608242,0.4848320227824112,0.25591294314192636,0.0,0.0,0.0,0.0,0.0,0.0,0.0,0.0,0.2721617077909923,0.0,0.0,0.0,0.0,0.0,0.0,0.0,0.0,0.0,0.0,0.0,0.0,0.0,0.0,0.0,0.0,0.0,0.0,0.0,0.0,0.0,0.0,0.0,0.0,0.0,0.0,0.0,0.0,0.0,0.0,0.0,0.0,0.0,0.0,0.0,0.0,0.0,0.0,0.0,0.0,0.0,0.0,0.0,0.0
0.7298227088379994,0.532804662232905,0.29709915925704944,0.2023010488663583,0.29730968866779045,0.5375648761659074,1.0,0.7368517058927999,0.5418834948160216,0.4701944829968434,0.7308258405712957,0.5451728293009107,0.4764084254961445,0.5430502232838798,0.5198543937065893,0.29351121383393847,0.21182809431200633,0.3047951942362873,0.40782162457726256,0.15352133370915463,0.017359219957497483,0.07141450988288876,0.4208062214403054,0.18622280025484336,0.0,0.0,0.0808523699430352,0.08029759589961677,0.0,0.0,0.3759313752785801,0.0,0.025478021120066446,0.15642439404371988,0.24992043907892056,0.2498155009391308,0.16283911834489417,0.03538675363565105,0.0,0.0,0.0,0.0,0.0,0.42478556838152587,0.0,0.0,0.0,0.0,0.0,0.0,0.0,0.0,0.0,0.0,0.0,0.0,0.0,0.0,0.0,0.0,0.0,0.0,0.0,0.0,0.0,0.0,0.0,0.0,0.0,0.0,0.0,0.0,0.0,0.0,0.0,0.0,0.0,0.0,0.0,0.0,0.0,0.0,0.0,0.0,0.0,0.0,0.0,0.0
0.5455430028325926,0.3053438503201765,0.09638568959003592,0.05775975786592543,0.2149474408695142,0.47660272672136095,0.7368517058927999,1.0,0.7348692653383835,0.548793863179714,0.5434017393690069,0.47900387651596593,0.5523365526967765,0.7361449390938749,0.2935300948726952,0.08718297906581118,0.05937293097737906,0.21596960507307325,0.17145532594959564,0.0,0.0,0.0,0.22152952731884568,0.0002784323123792863,0.0,0.0,0.0,0.0,0.0,0.0,0.12427002294784303,0.0,0.0,0.25241313023298123,0.48595337096295393,0.48571235709883115,0.2557671391235853,0.0,0.0,0.0,0.0,0.0,0.0,0.2708347993021305,0.0,0.0,0.0,0.0,0.0,0.0,0.0,0.0,0.0,0.0,0.0,0.0,0.0,0.0,0.0,0.0,0.0,0.0,0.0,0.0,0.0,0.0,0.0,0.0,0.0,0.0,0.0,0.0,0.0,0.0,0.0,0.0,0.0,0.0,0.0,0.0,0.0,0.0,0.0,0.0,0.0,0.0,0.0,0.0
0.47717353198071305,0.21892172155923523,0.06676455247154914,0.10368523776404756,0.31420646822245785,0.5524503174809439,0.5418834948160216,0.7348692653383835,1.0,0.7479072801072146,0.2998830494148573,0.2139623552996481,0.31242735015821094,0.5431620680952343,0.07141615782102681,0.0,0.0,0.0,0.0,0.0,0.0,0.0,0.10348779605386953,0.0,0.0,0.0,0.0,0.0,0.0,0.0,0.0,0.0,0.1418953686589642,0.491927631296557,0.6858597137663615,0.393157365827452,0.03658064258578027,0.0,0.0,0.0,0.0,0.0,0.0,0.16898726641167833,0.0,0.0,0.0,0.0,0.0,0.0,0.0,0.0,0.0,0.0,0.0,0.0,0.0,0.0,0.0,0.0,0.0,0.0,0.0,0.0,0.0,0.0,0.0,0.0,0.0,0.0,0.0,0.0,0.0,0.0,0.0,0.0,0.0,0.0,0.0,0.0,0.0,0.0,0.0,0.0,0.0,0.0,0.0,0.0
0.5420658472247902,0.3080364316734188,0.21789241687847044,0.30906947325801953,0.5428939343665908,0.7354879488141781,0.4701944829968434,0.548793863179714,0.7479072801072146,1.0,0.20244459840208967,0.0557220262760264,0.1031154641552907,0.3114714797719802,0.01733041628247196,0.0,0.0,0.0,0.0,0.0,0.0,0.0,0.13018369609217995,0.0,0.0,0.0,0.0,0.020680945834516466,0.0,0.0,0.03155861655865722,0.03311666970243099,0.39212090895359525,0.6859473995062669,0.49262156897038023,0.14238109702705715,0.0,0.0,0.0,0.0,0.0,0.0,0.0,0.17535360985106363,0.0,0.0,0.0,0.0,0.0,0.0,0.0,0.0,0.0,0.0,0.0,0.0,0.0,0.0,0.0,0.0,0.0,0.0,0.0,0.0,0.0,0.0,0.0,0.0,0.0,0.0,0.0,0.0,0.0,0.0,0.0,0.0,0.0,0.0,0.0,0.0,0.0,0.0,0.0,0.0,0.0,0.0,0.0,0.0
0.5221579535016674,0.4317462816332354,0.1750702827716615,0.019920146057119423,0.06690000483141817,0.2858582020785527,0.7308258405712957,0.5434017393690069,0.2998830494148573,0.20244459840208967,1.0,0.7354338519476321,0.5421458949076715,0.4746586861749269,0.7308329467768322,0.5433930376353536,0.47464914428085736,0.5421408863216476,0.5221856038138055,0.28588620825454086,0.20245917319030482,0.299882920217931,0.4317991158693806,0.17512770389141555,0.01997846247281568,0.0669432184550596,0.012207051647104252,0.012275249897981594,0.0,0.0,0.37542369673675047,0.0,0.0,0.0,0.03131848435134596,0.16110472954311988,0.24914418544963282,0.24914467228733483,0.1610975313961488,0.03130913242218649,0.0,0.0,0.0,0.37546735304669,0.0,0.0,0.0,0.0,0.0,0.0,0.0,0.0,0.0,0.0,0.0,0.0,0.0,0.0,0.0,0.0,0.0,0.0,0.0,0.0,0.0,0.0,0.0,0.0,0.0,0.0,0.0,0.0,0.0,0.0,0.0,0.0,0.0,0.0,0.0,0.0,0.0,0.0,0.0,0.0,0.0,0.0,0.0,0.0
0.29885224015988865,0.19356136680637526,0.0,0.0,0.0,0.08634764434982364,0.5451728293009107,0.47900387651596593,0.2139623552996481,0.0557220262760264,0.7354338519476321,1.0,0.7361610214488488,0.551300109707359,0.5451929104932469,0.4790033030149738,0.5512961470075224,0.7361584615212806,0.29888532012077607,0.08636607432010375,0.05572888398012662,0.21395856273320696,0.19361739598469457,0.0,0.0,0.0,0.0,0.0,0.0,0.0,0.15085850979495205,0.0,0.0,0.0,0.0,0.2546606386798202,0.48621977258195676,0.4862216473140122,0.2546575735571815,0.0,0.0,0.0,0.0,0.15092505954842506,0.0,0.0,0.0,0.0,0.0,0.0,0.0,0.0,0.0,0.0,0.0,0.0,0.0,0.0,0.0,0.0,0.0,0.0,0.0,0.0,0.0,0.0,0.0,0.0,0.0,0.0,0.0,0.0,0.0,0.0,0.0,0.0,0.0,0.0,0.0,0.0,0.0,0.0,0.0,0.0,0.0,0.0,0.0,0.0
0.21486172005227913,0.05026225945412659,0.0,0.0,0.0,0.06059183673396216,0.4764084254961445,0.5523365526967765,0.31242735015821094,0.1031154641552907,0.5421458949076715,0.7361610214488488,1.0,0.7473485527542533,0.30482088775704547,0.2159743214629907,0.31196243743243973,0.5435019505194719,0.08384899470400117,0.0,0.0,0.0,0.032858431375059186,0.0,0.0,0.0,0.0,0.0,0.0,0.0,0.0,0.0,0.0,0.0,0.14253170484449032,0.49137964818303514,0.6858858387054677,0.3933423509774051,0.03534911643399618,0.0,0.0,0.0,0.0,0.03758940090335908,0.0,0.0,0.0,0.0,0.0,0.0,0.0,0.0,0.0,0.0,0.0,0.0,0.0,0.0,0.0,0.0,0.0,0.0,0.0,0.0,0.0,0.0,0.0,0.0,0.0,0.0,0.0,0.0,0.0,0.0,0.0,0.0,0.0,0.0,0.0,0.0,0.0,0.0,0.0,0.0,0.0,0.0,0.0,0.0
0.30488445618830523,0.0893521667305144,0.0,0.0,0.0,0.21506715596483658,0.5430502232838798,0.7361449390938749,0.5431620680952343,0.3114714797719802,0.4746586861749269,0.551300109707359,0.7473485527542533,1.0,0.2118558739847609,0.05938042785577318,0.1027691227164579,0.311963152523208,0.0383402755180825,0.0,0.0,0.0,0.05112559702823649,0.0,0.0,0.0,0.0,0.0,0.0,0.0,0.0,0.0,0.0,0.03565075105454982,0.394206235396475,0.6859120053598567,0.4914738053754068,0.1415375889836248,0.0,0.0,0.0,0.0,0.0,0.0935276603152896,0.0,0.0,0.0,0.0,0.0,0.0,0.0,0.0,0.0,0.0,0.0,0.0,0.0,0.0,0.0,0.0,0.0,0.0,0.0,0.0,0.0,0.0,0.0,0.0,0.0,0.0,0.0,0.0,0.0,0.0,0.0,0.0,0.0,0.0,0.0,0.0,0.0,0.0,0.0,0.0,0.0,0.0,0.0,0.0
0.40777670286790035,0.42070370225153153,0.18608110934068803,0.0,0.0,0.15346150967511052,0.5198543937065893,0.2935300948726952,0.07141615782102681,0.01733041628247196,0.7308329467768322,0.5451929104932469,0.30482088775704547,0.2118558739847609,1.0,0.7368541843879279,0.5430596221366739,0.4764261334404326,0.7298298234627072,0.5375717041743895,0.4702004230366462,0.5418886869129661,0.5328217500913718,0.29711344955334396,0.20231618832931403,0.29731927584814055,0.08012988968917761,0.08087209911508154,0.0,0.0,0.42470257328208055,0.0,0.0,0.0,0.0,0.0,0.035409189474420094,0.1628612762110235,0.2498239342634051,0.2499226434949474,0.1564284195338691,0.02548659846462189,0.0,0.3759408876675582,0.0,0.0,0.0,0.0,0.0,0.0,0.0,0.0,0.0,0.0,0.0,0.0,0.0,0.0,0.0,0.0,0.0,0.0,0.0,0.0,0.0,0.0,0.0,0.0,0.0,0.0,0.0,0.0,0.0,0.0,0.0,0.0,0.0,0.0,0.0,0.0,0.0,0.0,0.0,0.0,0.0,0.0,0.0,0.0
0.1713983418732635,0.22141727215867918,0.0001340817815204326,0.0,0.0,0.0,0.29351121383393847,0.08718297906581118,0.0,0.0,0.5433930376353536,0.4790033030149738,0.2159743214629907,0.05938042785577318,0.7368541843879279,1.0,0.736143534306098,0.5523368910938942,0.5455507897039724,0.4765981214197146,0.5487905043678398,0.734866784056835,0.3053568640821301,0.09638402477281982,0.057749493504742525,0.2149330407998886,0.0,0.0,0.0,0.0,0.27072249294403705,0.0,0.0,0.0,0.0,0.0,0.0,0.2557708857158411,0.4857120462017237,0.4859505214807157,0.2524077719996939,0.0,0.0,0.12428583946186038,0.0,0.0,0.0,0.0,0.0,0.0,0.0,0.0,0.0,0.0,0.0,0.0,0.0,0.0,0.0,0.0,0.0,0.0,0.0,0.0,0.0,0.0,0.0,0.0,0.0,0.0,0.0,0.0,0.0,0.0,0.0,0.0,0.0,0.0,0.0,0.0,0.0,0.0,0.0,0.0,0.0,0.0,0.0,0.0
0.03828180375697103,0.0510234309639007,0.0,0.0,0.0,0.0,0.21182809431200633,0.05937293097737906,0.0,0.0,0.47464914428085736,0.5512961470075224,0.31196243743243973,0.1027691227164579,0.5430596221366739,0.736143534306098,1.0,0.7473476405900831,0.30489588796840145,0.21505555525095488,0.3114557824475635,0.5431442561751303,0.08937274086619956,0.0,0.0,0.0,0.0,0.0,0.0,0.0,0.09341202093277613,0.0,0.0,0.0,0.0,0.0,0.14153603905131834,0.49147615903094466,0.6859137564834817,0.3941831739374138,0.03562948617363573,0.0,0.0,0.0,0.0,0.0,0.0,0.0,0.0,0.0,0.0,0.0,0.0,0.0,0.0,0.0,0.0,0.0,0.0,0.0,0.0,0.0,0.0,0.0,0.0,0.0,0.0,0.0,0.0,0.0,0.0,0.0,0.0,0.0,0.0,0.0,0.0,0.0,0.0,0.0,0.0,0.0,0.0,0.0,0.0,0.0,0.0,0.0
0.08380245262806094,0.03277963194109836,0.0,0.0,0.0,0.0,0.3047951942362873,0.21596960507307325,0.0,0.0,0.5421408863216476,0.7361584615212806,0.5435019505194719,0.311963152523208,0.4764261334404326,0.5523368910938942,0.7473476405900831,1.0,0.21488521520270418,0.060591451050135886,0.10310724514154292,0.3124141452111402,0.05030125338547828,0.0,0.0,0.0,0.0,0.0,0.0,0.0,0.03749343328058183,0.0,0.0,0.0,0.0,0.03535047942795815,0.39334118197050266,0.6858898718203943,0.4913785985862029,0.14250903205465082,0.0,0.0,0.0,0.0,0.0,0.0,0.0,0.0,0.0,0.0,0.0,0.0,0.0,0.0,0.0,0.0,0.0,0.0,0.0,0.0,0.0,0.0,0.0,0.0,0.0,0.0,0.0,0.0,0.0,0.0,0.0,0.0,0.0,0.0,0.0,0.0,0.0,0.0,0.0,0.0,0.0,0.0,0.0,0.0,0.0,0.0,0.0,0.0
0.383862918280361,0.4315109476837791,0.24900296208105346,0.06556768383015697,0.03188520581411913,0.16157815001348647,0.40782162457726256,0.17145532594959564,0.0,0.0,0.5221856038138055,0.29888532012077607,0.08384899470400117,0.0383402755180825,0.7298298234627072,0.5455507897039724,0.30489588796840145,0.21488521520270418,1.0,0.7350230317108083,0.5420716421443998,0.477183955627515,0.7383153486885485,0.546984175572885,0.47240405761638943,0.5435466278895793,0.1576892049499057,0.30562127072150524,0.006733451910835585,0.07163017722161176,0.3982560089762985,0.0,0.0,0.0,0.0,0.0,0.0,0.0,0.0345565851773793,0.16324434303735916,0.24826869997183995,0.25015184449313155,0.1587108221112095,0.4860059655254524,0.0,0.0,0.0,0.0,0.0,0.0,0.0,0.0,0.0,0.0,0.0,0.0,0.0,0.0,0.0,0.0,0.0,0.0,0.0,0.0,0.0,0.0,0.0,0.0,0.0,0.0,0.0,0.0,0.0,0.0,0.0,0.0,0.0,0.0,0.0,0.0,0.0,0.0,0.0,0.0,0.0,0.0,0.0,0.0
0.16162101545029037,0.2745175816803607,0.14568961103374206,0.0,0.0,0.0,0.15352133370915463,0.0,0.0,0.0,0.28588620825454086,0.08636607432010375,0.0,0.0,0.5375717041743895,0.4765981214197146,0.21505555525095488,0.060591451050135886,0.7350230317108083,1.0,0.7354856496313287,0.5524487272998302,0.5500656423558554,0.4813125696417021,0.5489913331883012,0.7375427042355271,0.13216406494202537,0.21596346364078198,0.03592697190261488,0.0,0.2722053582274358,0.0,0.0,0.0,0.0,0.0,0.0,0.0,0.0,0.25590842093900357,0.48482691903384373,0.48746563895466594,0.25294347486472274,0.2543285102200728,0.0,0.0,0.0,0.0,0.0,0.0,0.0,0.0,0.0,0.0,0.0,0.0,0.0,0.0,0.0,0.0,0.0,0.0,0.0,0.0,0.0,0.0,0.0,0.0,0.0,0.0,0.0,0.0,0.0,0.0,0.0,0.0,0.0,0.0,0.0,0.0,0.0,0.0,0.0,0.0,0.0,0.0,0.0,0.0
0.0,0.13013117270481694,0.0,0.0,0.0,0.0,0.017359219957497483,0.0,0.0,0.0,0.20245917319030482,0.05572888398012662,0.0,0.0,0.4702004230366462,0.5487905043678398,0.3114557824475635,0.10310724514154292,0.5420716421443998,0.7354856496313287,1.0,0.7479076882250557,0.30803663593407576,0.21788380689369344,0.3090544852665932,0.5428761672993009,0.020476230037908938,0.0,0.0,0.0,0.17533432923419617,0.0,0.0,0.0,0.0,0.0,0.0,0.0,0.14235384630976589,0.49261960274115907,0.6859448395008194,0.39210026499006145,0.033103262353523684,0.03155776193507511,0.0,0.0,0.0,0.0,0.0,0.0,0.0,0.0,0.0,0.0,0.0,0.0,0.0,0.0,0.0,0.0,0.0,0.0,0.0,0.0,0.0,0.0,0.0,0.0,0.0,0.0,0.0,0.0,0.0,0.0,0.0,0.0,0.0,0.0,0.0,0.0,0.0,0.0,0.0,0.0,0.0,0.0,0.0,0.0
0.0,0.10339516111853468,0.0,0.0,0.0,0.0,0.07141450988288876,0.0,0.0,0.0,0.299882920217931,0.21395856273320696,0.0,0.0,0.5418886869129661,0.734866784056835,0.5431442561751303,0.3124141452111402,0.477183955627515,0.5524487272998302,0.7479076882250557,1.0,0.218931170359065,0.06675958230670385,0.10367028763280628,0.31418852502613387,0.0,0.0,0.0,0.0,0.1689052483707754,0.0,0.0,0.0,0.0,0.0,0.0,0.036565719860685963,0.3931312557341412,0.6858570514992073,0.4919257690650959,0.141871642859038,0.0,0.0,0.0,0.0,0.0,0.0,0.0,0.0,0.0,0.0,0.0,0.0,0.0,0.0,0.0,0.0,0.0,0.0,0.0,0.0,0.0,0.0,0.0,0.0,0.0,0.0,0.0,0.0,0.0,0.0,0.0,0.0,0.0,0.0,0.0,0.0,0.0,0.0,0.0,0.0,0.0,0.0,0.0,0.0,0.0,0.0
0.43158427296372154,0.4127888820251106,0.26241050024013957,0.14571233445027978,0.15233884429515265,0.274526826810889,0.4208062214403054,0.22152952731884568,0.10348779605386953,0.13018369609217995,0.4317991158693806,0.19361739598469457,0.032858431375059186,0.05112559702823649,0.5328217500913718,0.3053568640821301,0.08937274086619956,0.05030125338547828,0.7383153486885485,0.5500656423558554,0.30803663593407576,0.218931170359065,1.0,0.742581947172033,0.5485807947705371,0.4834428207969811,0.1210021370814194,0.5479786942833598,0.0,0.323768943255964,0.2902903622385722,0.0,0.0,0.0,0.0,0.0,0.0,0.0,0.0,0.0,0.03584191083119597,0.16941245535054925,0.25472260354783893,0.686867115641535,0.0,0.0,0.0,0.0,0.0,0.0,0.0,0.0,0.0,0.0,0.0,0.0,0.0,0.0,0.0,0.0,0.0,0.0,0.0,0.0,0.0,0.0,0.0,0.0,0.0,0.0,0.0,0.0,0.0,0.0,0.0,0.0,0.0,0.0,0.0,0.0,0.0,0.0,0.0,0.0,0.0,0.0,0.0,0.0
0.24917525556467007,0.2625380811381518,0.18641565849511277,0.10346253567836332,0.08562290518017765,0.14580871033113493,0.18622280025484336,0.0002784323123792863,0.0,0.0,0.17512770389141555,0.0,0.0,0.0,0.29711344955334396,0.09638402477281982,0.0,0.0,0.546984175572885,0.4813125696417021,0.21788380689369344,0.06675958230670385,0.742581947172033,1.0,0.7375054297729249,0.5546012606001008,0.07709535542109101,0.7344830893186186,0.0,0.49120780517825297,0.11990628317288841,0.0,0.0,0.0,0.0,0.0,0.0,0.0,0.0,0.0,0.0,0.25811220325379386,0.48503486183656325,0.49269151090165625,0.0,0.0,0.0,0.0,0.0,0.0,0.0,0.0,0.0,0.0,0.0,0.0,0.0,0.0,0.0,0.0,0.0,0.0,0.0,0.0,0.0,0.0,0.0,0.0,0.0,0.0,0.0,0.0,0.0,0.0,0.0,0.0,0.0,0.0,0.0,0.0,0.0,0.0,0.0,0.0,0.0,0.0,0.0,0.0
0.06576029150996412,0.1458859424128591,0.1035243307226867,0.0,0.0,0.0,0.0,0.0,0.0,0.0,0.01997846247281568,0.0,0.0,0.0,0.20231618832931403,0.057749493504742525,0.0,0.0,0.47240405761638943,0.5489913331883012,0.3090544852665932,0.10367028763280628,0.5485807947705371,0.7375054297729249,1.0,0.7454847549114673,0.06828415429904443,0.5430285868337054,0.0,0.3198621211444328,0.04287372936252599,0.0,0.0,0.0,0.0,0.0,0.0,0.0,0.0,0.0,0.13646644613626294,0.4914749202934835,0.6862571716166453,0.2561471542414846,0.0,0.0,0.0,0.0,0.0,0.0,0.0,0.0,0.0,0.0,0.0,0.0,0.0,0.0,0.0,0.0,0.0,0.0,0.0,0.0,0.0,0.0,0.0,0.0,0.0,0.0,0.0,0.0,0.0,0.0,0.0,0.0,0.0,0.0,0.0,0.0,0.0,0.0,0.0,0.0,0.0,0.0,0.0,0.0
0.03201301904520594,0.15244000248815998,0.08561039006392174,0.0,0.0,0.0,0.0,0.0,0.0,0.0,0.0669432184550596,0.0,0.0,0.0,0.29731927584814055,0.2149330407998886,0.0,0.0,0.5435466278895793,0.7375427042355271,0.5428761672993009,0.31418852502613387,0.4834428207969811,0.5546012606001008,0.7454847549114673,1.0,0.09428231684390043,0.3120638965256707,0.01741886151383672,0.07804229444202809,0.10814885305710727,0.0,0.0,0.0,0.0,0.0,0.0,0.0,0.0,0.03783270403423094,0.3900270868548401,0.6859254854750407,0.489473617271461,0.17053323389832173,0.0,0.0,0.0,0.0,0.0,0.0,0.0,0.0,0.0,0.0,0.0,0.0,0.0,0.0,0.0,0.0,0.0,0.0,0.0,0.0,0.0,0.0,0.0,0.0,0.0,0.0,0.0,0.0,0.0,0.0,0.0,0.0,0.0,0.0,0.0,0.0,0.0,0.0,0.0,0.0,0.0,0.0,0.0,0.0
0.30561265589655995,0.547975217366022,0.7344834620546917,0.5430375126719917,0.31206912704910167,0.21596849735136694,0.0808523699430352,0.0,0.0,0.0,0.012207051647104252,0.0,0.0,0.0,0.08012988968917761,0.0,0.0,0.0,0.1576892049499057,0.13216406494202537,0.020476230037908938,0.0,0.1210021370814194,0.07709535542109101,0.06828415429904443,0.09428231684390043,1.0,0.0,0.7567248102258687,0.0,0.399751784235941,0.38932857288179523,0.03550730316421839,0.0,0.0,0.0,0.0,0.0,0.0,0.0,0.0,0.0,0.0,0.0,0.0,0.0,0.0,0.0,0.0,0.0,0.0,0.0,0.0,0.0,0.0,0.0,0.0,0.0,0.0,0.0,0.0,0.0,0.0,0.0,0.0,0.0,0.0,0.0,0.0,0.0,0.0,0.0,0.0,0.0,0.0,0.0,0.0,0.0,0.0,0.0,0.0,0.0,0.0,0.0,0.0,0.0,0.0,0.0
0.15790354892347858,0.12116841109019016,0.07714884391156636,0.06827688922962676,0.0943546986028718,0.13234480176249355,0.08029759589961677,0.0,0.0,0.020680945834516466,0.012275249897981594,0.0,0.0,0.0,0.08087209911508154,0.0,0.0,0.0,0.30562127072150524,0.21596346364078198,0.0,0.0,0.5479786942833598,0.7344830893186186,0.5430285868337054,0.3120638965256707,0.0,1.0,0.0,0.7567231556446239,0.0,0.0,0.0,0.0,0.0,0.0,0.0,0.0,0.0,0.0,0.0,0.03550113704206478,0.38931786603568774,0.39975764222751625,0.0,0.0,0.0,0.0,0.0,0.0,0.0,0.0,0.0,0.0,0.0,0.0,0.0,0.0,0.0,0.0,0.0,0.0,0.0,0.0,0.0,0.0,0.0,0.0,0.0,0.0,0.0,0.0,0.0,0.0,0.0,0.0,0.0,0.0,0.0,0.0,0.0,0.0,0.0,0.0,0.0,0.0,0.0,0.0
0.07161744875667851,0.32375875002735616,0.4912098650386403,0.31988086868216237,0.07805551962297633,0.0,0.0,0.0,0.0,0.0,0.0,0.0,0.0,0.0,0.0,0.0,0.0,0.0,0.006733451910835585,0.03592697190261488,0.0,0.0,0.0,0.0,0.0,0.01741886151383672,0.7567248102258687,0.0,1.0,0.0,0.2331204732836466,0.22327104320780514,0.0,0.0,0.0,0.0,0.0,0.0,0.0,0.0,0.0,0.0,0.0,0.0,0.0,0.0,0.0,0.0,0.0,0.0,0.0,0.0,0.0,0.0,0.0,0.0,0.0,0.0,0.0,0.0,0.0,0.0,0.0,0.0,0.0,0.0,0.0,0.0,0.0,0.0,0.0,0.0,0.0,0.0,0.0,0.0,0.0,0.0,0.0,0.0,0.0,0.0,0.0,0.0,0.0,0.0,0.0,0.0
0.0069802525877719025,0.0,0.0,0.0,0.017554047707623813,0.03616277253702249,0.0,0.0,0.0,0.0,0.0,0.0,0.0,0.0,0.0,0.0,0.0,0.0,0.07163017722161176,0.0,0.0,0.0,0.323768943255964,0.49120780517825297,0.3198621211444328,0.07804229444202809,0.0,0.7567231556446239,0.0,1.0,0.0,0.0,0.0,0.0,0.0,0.0,0.0,0.0,0.0,0.0,0.0,0.0,0.22324025847443585,0.23314280914453328,0.0,0.0,0.0,0.0,0.0,0.0,0.0,0.0,0.0,0.0,0.0,0.0,0.0,0.0,0.0,0.0,0.0,0.0,0.0,0.0,0.0,0.0,0.0,0.0,0.0,0.0,0.0,0.0,0.0,0.0,0.0,0.0,0.0,0.0,0.0,0.0,0.0,0.0,0.0,0.0,0.0,0.0,0.0,0.0
0.48601154452625084,0.6868712758818021,0.4926984445994399,0.2561547206102401,0.17054053252549153,0.25433645899616164,0.3759313752785801,0.12427002294784303,0.0,0.03155861655865722,0.37542369673675047,0.15085850979495205,0.0,0.0,0.42470257328208055,0.27072249294403705,0.09341202093277613,0.03749343328058183,0.3982560089762985,0.2722053582274358,0.17533432923419617,0.1689052483707754,0.2902903622385722,0.11990628317288841,0.04287372936252599,0.10814885305710727,0.399751784235941,0.0,0.2331204732836466,0.0,1.0,0.0,0.0,0.0,0.0,0.0,0.0,0.0,0.0,0.0,0.0,0.0,0.0,0.1670440305720714,0.0,0.0,0.0,0.0,0.0,0.0,0.0,0.0,0.0,0.0,0.0,0.0,0.0,0.0,0.0,0.0,0.0,0.0,0.0,0.0,0.0,0.0,0.0,0.0,0.0,0.0,0.0,0.0,0.0,0.0,0.0,0.0,0.0,0.0,0.0,0.0,0.0,0.0,0.0,0.0,0.0,0.0,0.0,0.0
0.15869675546768985,0.2547214166019893,0.4850309818644327,0.6862519754642478,0.48946821206646995,0.25294230905171516,0.0,0.0,0.0,0.03311666970243099,0.0,0.0,0.0,0.0,0.0,0.0,0.0,0.0,0.0,0.0,0.0,0.0,0.0,0.0,0.0,0.0,0.38932857288179523,0.0,0.22327104320780514,0.0,0.0,1.0,0.40669789815773855,0.0,0.0,0.0,0.0,0.0,0.0,0.0,0.0,0.0,0.0,0.0,0.0,0.0,0.0,0.0,0.0,0.0,0.0,0.0,0.0,0.0,0.0,0.0,0.0,0.0,0.0,0.0,0.0,0.0,0.0,0.0,0.0,0.0,0.0,0.0,0.0,0.0,0.0,0.0,0.0,0.0,0.0,0.0,0.0,0.0,0.0,0.0,0.0,0.0,0.0,0.0,0.0,0.0,0.0,0.0
0.25014431044995566,0.16941422758269506,0.258111939332304,0.49147424701380926,0.685924344202813,0.487466433608242,0.025478021120066446,0.0,0.1418953686589642,0.39212090895359525,0.0,0.0,0.0,0.0,0.0,0.0,0.0,0.0,0.0,0.0,0.0,0.0,0.0,0.0,0.0,0.0,0.03550730316421839,0.0,0.0,0.0,0.0,0.40669789815773855,1.0,0.41914363684581213,0.0,0.0,0.0,0.0,0.0,0.0,0.0,0.0,0.0,0.0,0.0,0.0,0.0,0.0,0.0,0.0,0.0,0.0,0.0,0.0,0.0,0.0,0.0,0.0,0.0,0.0,0.0,0.0,0.0,0.0,0.0,0.0,0.0,0.0,0.0,0.0,0.0,0.0,0.0,0.0,0.0,0.0,0.0,0.0,0.0,0.0,0.0,0.0,0.0,0.0,0.0,0.0,0.0,0.0
0.24826701805943183,0.035848851730751655,0.0,0.13649055851316286,0.39005217899425954,0.4848320227824112,0.15642439404371988,0.25241313023298123,0.491927631296557,0.6859473995062669,0.0,0.0,0.0,0.03565075105454982,0.0,0.0,0.0,0.0,0.0,0.0,0.0,0.0,0.0,0.0,0.0,0.0,0.0,0.0,0.0,0.0,0.0,0.0,0.41914363684581213,1.0,0.40868170748700494,0.0,0.0,0.0,0.0,0.0,0.0,0.0,0.0,0.0,0.0,0.0,0.0,0.0,0.0,0.0,0.0,0.0,0.0,0.0,0.0,0.0,0.0,0.0,0.0,0.0,0.0,0.0,0.0,0.0,0.0,0.0,0.0,0.0,0.0,0.0,0.0,0.0,0.0,0.0,0.0,0.0,0.0,0.0,0.0,0.0,0.0,0.0,0.0,0.0,0.0,0.0,0.0,0.0
0.16323590702967705,0.0,0.0,0.0,0.037857793226205444,0.25591294314192636,0.24992043907892056,0.48595337096295393,0.6858597137663615,0.49262156897038023,0.03131848435134596,0.0,0.14253170484449032,0.394206235396475,0.0,0.0,0.0,0.0,0.0,0.0,0.0,0.0,0.0,0.0,0.0,0.0,0.0,0.0,0.0,0.0,0.0,0.0,0.0,0.40868170748700494,1.0,0.42563222068916107,0.0,0.0,0.0,0.0,0.0,0.0,0.0,0.0,0.0,0.0,0.0,0.0,0.0,0.0,0.0,0.0,0.0,0.0,0.0,0.0,0.0,0.0,0.0,0.0,0.0,0.0,0.0,0.0,0.0,0.0,0.0,0.0,0.0,0.0,0.0,0.0,0.0,0.0,0.0,0.0,0.0,0.0,0.0,0.0,0.0,0.0,0.0,0.0,0.0,0.0,0.0,0.0
0.034549787751084374,0.0,0.0,0.0,0.0,0.0,0.2498155009391308,0.48571235709883115,0.393157365827452,0.14238109702705715,0.16110472954311988,0.2546606386798202,0.49137964818303514,0.6859120053598567,0.0,0.0,0.0,0.03535047942795815,0.0,0.0,0.0,0.0,0.0,0.0,0.0,0.0,0.0,0.0,0.0,0.0,0.0,0.0,0.0,0.0,0.42563222068916107,1.0,0.4065338032563368,0.0,0.0,0.0,0.0,0.0,0.0,0.0,0.0,0.0,0.0,0.0,0.0,0.0,0.0,0.0,0.0,0.0,0.0,0.0,0.0,0.0,0.0,0.0,0.0,0.0,0.0,0.0,0.0,0.0,0.0,0.0,0.0,0.0,0.0,0.0,0.0,0.0,0.0,0.0,0.0,0.0,0.0,0.0,0.0,0.0,0.0,0.0,0.0,0.0,0.0,0.0
0.0,0.0,0.0,0.0,0.0,0.0,0.16283911834489417,0.2557671391235853,0.03658064258578027,0.0,0.24914418544963282,0.48621977258195676,0.6858858387054677,0.4914738053754068,0.035409189474420094,0.0,0.14153603905131834,0.39334118197050266,0.0,0.0,0.0,0.0,0.0,0.0,0.0,0.0,0.0,0.0,0.0,0.0,0.0,0.0,0.0,0.0,0.0,0.4065338032563368,1.0,0.4240361369371017,0.0,0.0,0.0,0.0,0.0,0.0,0.0,0.0,0.0,0.0,0.0,0.0,0.0,0.0,0.0,0.0,0.0,0.0,0.0,0.0,0.0,0.0,0.0,0.0,0.0,0.0,0.0,0.0,0.0,0.0,0.0,0.0,0.0,0.0,0.0,0.0,0.0,0.0,0.0,0.0,0.0,0.0,0.0,0.0,0.0,0.0,0.0,0.0,0.0,0.0
0.0,0.0,0.0,0.0,0.0,0.0,0.03538675363565105,0.0,0.0,0.0,0.24914467228733483,0.4862216473140122,0.3933423509774051,0.1415375889836248,0.1628612762110235,0.2557708857158411,0.49147615903094466,0.6858898718203943,0.0,0.0,0.0,0.036565719860685963,0.0,0.0,0.0,0.0,0.0,0.0,0.0,0.0,0.0,0.0,0.0,0.0,0.0,0.0,0.4240361369371017,1.0,0.4065324070792948,0.0,0.0,0.0,0.0,0.0,0.0,0.0,0.0,0.0,0.0,0.0,0.0,0.0,0.0,0.0,0.0,0.0,0.0,0.0,0.0,0.0,0.0,0.0,0.0,0.0,0.0,0.0,0.0,0.0,0.0,0.0,0.0,0.0,0.0,0.0,0.0,0.0,0.0,0.0,0.0,0.0,0.0,0.0,0.0,0.0,0.0,0.0,0.0,0.0
0.0,0.0,0.0,0.0,0.0,0.0,0.0,0.0,0.0,0.0,0.1610975313961488,0.2546575735571815,0.03534911643399618,0.0,0.2498239342634051,0.4857120462017237,0.6859137564834817,0.4913785985862029,0.0345565851773793,0.0,0.14235384630976589,0.3931312557341412,0.0,0.0,0.0,0.0,0.0,0.0,0.0,0.0,0.0,0.0,0.0,0.0,0.0,0.0,0.0,0.4065324070792948,1.0,0.4255876537388031,0.0,0.0,0.0,0.0,0.0,0.0,0.0,0.0,0.0,0.0,0.0,0.0,0.0,0.0,0.0,0.0,0.0,0.0,0.0,0.0,0.0,0.0,0.0,0.0,0.0,0.0,0.0,0.0,0.0,0.0,0.0,0.0,0.0,0.0,0.0,0.0,0.0,0.0,0.0,0.0,0.0,0.0,0.0,0.0,0.0,0.0,0.0,0.0
0.0,0.0,0.0,0.0,0.0,0.0,0.0,0.0,0.0,0.0,0.03130913242218649,0.0,0.0,0.0,0.2499226434949474,0.4859505214807157,0.3941831739374138,0.14250903205465082,0.16324434303735916,0.25590842093900357,0.49261960274115907,0.6858570514992073,0.0,0.0,0.0,0.03783270403423094,0.0,0.0,0.0,0.0,0.0,0.0,0.0,0.0,0.0,0.0,0.0,0.0,0.4255876537388031,1.0,0.40867814767010674,0.0,0.0,0.0,0.0,0.0,0.0,0.0,0.0,0.0,0.0,0.0,0.0,0.0,0.0,0.0,0.0,0.0,0.0,0.0,0.0,0.0,0.0,0.0,0.0,0.0,0.0,0.0,0.0,0.0,0.0,0.0,0.0,0.0,0.0,0.0,0.0,0.0,0.0,0.0,0.0,0.0,0.0,0.0,0.0,0.0,0.0,0.0
0.0,0.0,0.0,0.0,0.0,0.0,0.0,0.0,0.0,0.0,0.0,0.0,0.0,0.0,0.1564284195338691,0.2524077719996939,0.03562948617363573,0.0,0.24826869997183995,0.48482691903384373,0.6859448395008194,0.4919257690650959,0.03584191083119597,0.0,0.13646644613626294,0.3900270868548401,0.0,0.0,0.0,0.0,0.0,0.0,0.0,0.0,0.0,0.0,0.0,0.0,0.0,0.40867814767010674,1.0,0.41910284776663154,0.0,0.0,0.0,0.0,0.0,0.0,0.0,0.0,0.0,0.0,0.0,0.0,0.0,0.0,0.0,0.0,0.0,0.0,0.0,0.0,0.0,0.0,0.0,0.0,0.0,0.0,0.0,0.0,0.0,0.0,0.0,0.0,0.0,0.0,0.0,0.0,0.0,0.0,0.0,0.0,0.0,0.0,0.0,0.0,0.0,0.0
0.0,0.0,0.0,0.0,0.0,0.0,0.0,0.0,0.0,0.0,0.0,0.0,0.0,0.0,0.02548659846462189,0.0,0.0,0.0,0.25015184449313155,0.48746563895466594,0.39210026499006145,0.141871642859038,0.16941245535054925,0.25811220325379386,0.4914749202934835,0.6859254854750407,0.0,0.03550113704206478,0.0,0.0,0.0,0.0,0.0,0.0,0.0,0.0,0.0,0.0,0.0,0.0,0.41910284776663154,1.0,0.4067018084726064,0.0,0.0,0.0,0.0,0.0,0.0,0.0,0.0,0.0,0.0,0.0,0.0,0.0,0.0,0.0,0.0,0.0,0.0,0.0,0.0,0.0,0.0,0.0,0.0,0.0,0.0,0.0,0.0,0.0,0.0,0.0,0.0,0.0,0.0,0.0,0.0,0.0,0.0,0.0,0.0,0.0,0.0,0.0,0.0,0.0
0.0,0.0,0.0,0.0,0.0,0.0,0.0,0.0,0.0,0.0,0.0,0.0,0.0,0.0,0.0,0.0,0.0,0.0,0.1587108221112095,0.25294347486472274,0.033103262353523684,0.0,0.25472260354783893,0.48503486183656325,0.6862571716166453,0.489473617271461,0.0,0.38931786603568774,0.0,0.22324025847443585,0.0,0.0,0.0,0.0,0.0,0.0,0.0,0.0,0.0,0.0,0.0,0.4067018084726064,1.0,0.0,0.0,0.0,0.0,0.0,0.0,0.0,0.0,0.0,0.0,0.0,0.0,0.0,0.0,0.0,0.0,0.0,0.0,0.0,0.0,0.0,0.0,0.0,0.0,0.0,0.0,0.0,0.0,0.0,0.0,0.0,0.0,0.0,0.0,0.0,0.0,0.0,0.0,0.0,0.0,0.0,0.0,0.0,0.0,0.0
0.39827533475128923,0.2902328211195963,0.11974035307810793,0.04266063155826474,0.10799687638014022,0.2721617077909923,0.42478556838152587,0.2708347993021305,0.16898726641167833,0.17535360985106363,0.37546735304669,0.15092505954842506,0.03758940090335908,0.0935276603152896,0.3759408876675582,0.12428583946186038,0.0,0.0,0.4860059655254524,0.2543285102200728,0.03155776193507511,0.0,0.686867115641535,0.49269151090165625,0.2561471542414846,0.17053323389832173,0.0,0.39975764222751625,0.0,0.23314280914453328,0.1670440305720714,0.0,0.0,0.0,0.0,0.0,0.0,0.0,0.0,0.0,0.0,0.0,0.0,1.0,0.0,0.0,0.0,0.0,0.0,0.0,0.0,0.0,0.0,0.0,0.0,0.0,0.0,0.0,0.0,0.0,0.0,0.0,0.0,0.0,0.0,0.0,0.0,0.0,0.0,0.0,0.0,0.0,0.0,0.0,0.0,0.0,0.0,0.0,0.0,0.0,0.0,0.0,0.0,0.0,0.0,0.0,0.0,0.0
0.0,0.0,0.0,0.0,0.0,0.0,0.0,0.0,0.0,0.0,0.0,0.0,0.0,0.0,0.0,0.0,0.0,0.0,0.0,0.0,0.0,0.0,0.0,0.0,0.0,0.0,0.0,0.0,0.0,0.0,0.0,0.0,0.0,0.0,0.0,0.0,0.0,0.0,0.0,0.0,0.0,0.0,0.0,0.0,1.0,0.7383116996155671,0.5469784673978505,0.47239521825317066,0.5435398626687888,0.7350192850668402,0.7298227088379995,0.5455430028325925,0.47717353198071266,0.5420658472247903,0.5221579535016674,0.2988522401598888,0.21486172005227896,0.3048844561883051,0.4077767028679006,0.1713983418732635,0.03828180375697119,0.08380245262806094,0.3838629182803611,0.16162101545029053,0.0,0.0,0.43158427296372154,0.2491752555646699,0.06576029150996412,0.032013019045206106,0.3056126558965604,0.15790354892347858,0.07161744875667851,0.0069802525877719025,0.48601154452625117,0.15869675546768994,0.25014431044995566,0.24826701805943174,0.16323590702967714,0.034549787751084374,0.0,0.0,0.0,0.0,0.0,0.0,0.0,0.39827533475128923
0.0,0.0,0.0,0.0,0.0,0.0,0.0,0.0,0.0,0.0,0.0,0.0,0.0,0.0,0.0,0.0,0.0,0.0,0.0,0.0,0.0,0.0,0.0,0.0,0.0,0.0,0.0,0.0,0.0,0.0,0.0,0.0,0.0,0.0,0.0,0.0,0.0,0.0,0.0,0.0,0.0,0.0,0.0,0.0,0.7383116996155671,1.0,0.742585755508267,0.5485844359642998,0.4834460015020053,0.5500694819645249,0.5328046622329051,0.30534385032017664,0.21892172155923506,0.3080364316734192,0.4317462816332353,0.1935613668063756,0.05026225945412659,0.0893521667305144,0.42070370225153153,0.221417272158679,0.05102343096390053,0.03277963194109836,0.4315109476837791,0.2745175816803607,0.13013117270481694,0.10339516111853468,0.4127888820251106,0.2625380811381518,0.1458859424128591,0.15244000248816014,0.5479752173660221,0.12116841109019033,0.32375875002735593,0.0,0.6868712758818021,0.2547214166019893,0.1694142275826954,0.03584885173075215,0.0,0.0,0.0,0.0,0.0,0.0,0.0,0.0,0.0,0.2902328211195963
0.0,0.0,0.0,0.0,0.0,0.0,0.0,0.0,0.0,0.0,0.0,0.0,0.0,0.0,0.0,0.0,0.0,0.0,0.0,0.0,0.0,0.0,0.0,0.0,0.0,0.0,0.0,0.0,0.0,0.0,0.0,0.0,0.0,0.0,0.0,0.0,0.0,0.0,0.0,0.0,0.0,0.0,0.0,0.0,0.5469784673978505,0.742585755508267,1.0,0.7375064638126808,0.5546019767539503,0.4813174110022682,0.29709915925704944,0.09638568959003575,0.06676455247154865,0.2178924168784706,0.17507028277166137,0.0,0.0,0.0,0.18608110934068803,0.00013408178152059708,0.0,0.0,0.24900296208105363,0.14568961103374223,0.0,0.0,0.2624105002401395,0.18641565849511277,0.10352433072268653,0.08561039006392174,0.7344834620546921,0.07714884391156636,0.4912098650386403,0.0,0.49269844459944,0.48503098186443255,0.258111939332304,0.0,0.0,0.0,0.0,0.0,0.0,0.0,0.0,0.0,0.0,0.11974035307810776
0.0,0.0,0.0,0.0,0.0,0.0,0.0,0.0,0.0,0.0,0.0,0.0,0.0,0.0,0.0,0.0,0.0,0.0,0.0,0.0,0.0,0.0,0.0,0.0,0.0,0.0,0.0,0.0,0.0,0.0,0.0,0.0,0.0,0.0,0.0,0.0,0.0,0.0,0.0,0.0,0.0,0.0,0.0,0.0,0.47239521825317066,0.5485844359642998,0.7375064638126808,1.0,0.7454839622923982,0.5489952067156418,0.20230104886635847,0.0577597578659256,0.10368523776404741,0.3090694732580196,0.019920146057119257,0.0,0.0,0.0,0.0,0.0,0.0,0.0,0.06556768383015697,0.0,0.0,0.0,0.14571233445027978,0.10346253567836315,0.0,0.0,0.5430375126719921,0.06827688922962676,0.31988086868216237,0.0,0.25615472061024025,0.6862519754642478,0.49147424701380926,0.1364905585131627,0.0,0.0,0.0,0.0,0.0,0.0,0.0,0.0,0.0,0.04266063155826458
0.0,0.0,0.0,0.0,0.0,0.0,0.0,0.0,0.0,0.0,0.0,0.0,0.0,0.0,0.0,0.0,0.0,0.0,0.0,0.0,0.0,0.0,0.0,0.0,0.0,0.0,0.0,0.0,0.0,0.0,0.0,0.0,0.0,0.0,0.0,0.0,0.0,0.0,0.0,0.0,0.0,0.0,0.0,0.0,0.5435398626687888,0.4834460015020053,0.5546019767539503,0.7454839622923982,1.0,0.7375467501828663,0.29730968866779034,0.2149474408695142,0.31420646822245757,0.542893934366591,0.06690000483141784,0.0,0.0,0.0,0.0,0.0,0.0,0.0,0.03188520581411897,0.0,0.0,0.0,0.1523388442951525,0.08562290518017748,0.0,0.0,0.3120691270491016,0.09435469860287163,0.07805551962297584,0.017554047707623976,0.17054053252549128,0.48946821206646995,0.6859243442028136,0.3900521789942598,0.03785779322620578,0.0,0.0,0.0,0.0,0.0,0.0,0.0,0.0,0.10799687638014022
0.0,0.0,0.0,0.0,0.0,0.0,0.0,0.0,0.0,0.0,0.0,0.0,0.0,0.0,0.0,0.0,0.0,0.0,0.0,0.0,0.0,0.0,0.0,0.0,0.0,0.0,0.0,0.0,0.0,0.0,0.0,0.0,0.0,0.0,0.0,0.0,0.0,0.0,0.0,0.0,0.0,0.0,0.0,0.0,0.7350192850668402,0.5500694819645249,0.4813174110022682,0.5489952067156418,0.7375467501828663,1.0,0.5375648761659074,0.4766027267213611,0.5524503174809438,0.7354879488141787,0.2858582020785524,0.08634764434982364,0.06059183673396199,0.21506715596483658,0.15346150967511035,0.0,0.0,0.0,0.16157815001348633,0.0,0.0,0.0,0.2745268268108889,0.1458087103311346,0.0,0.0,0.21596849735136678,0.13234480176249355,0.0,0.03616277253702249,0.2543364589961614,0.2529423090517151,0.4874664336082422,0.48483202278241155,0.2559129431419268,0.0,0.0,0.0,0.0,0.0,0.0,0.0,0.0,0.2721617077909922
0.0,0.0,0.0,0.0,0.0,0.0,0.0,0.0,0.0,0.0,0.0,0.0,0.0,0.0,0.0,0.0,0.0,0.0,0.0,0.0,0.0,0.0,0.0,0.0,0.0,0.0,0.0,0.0,0.0,0.0,0.0,0.0,0.0,0.0,0.0,0.0,0.0,0.0,0.0,0.0,0.0,0.0,0.0,0.0,0.7298227088379995,0.5328046622329051,0.29709915925704944,0.20230104886635847,0.29730968866779034,0.5375648761659074,1.0,0.7368517058927999,0.5418834948160215,0.4701944829968438,0.7308258405712954,0.5451728293009106,0.47640842549614426,0.5430502232838795,0.5198543937065893,0.29351121383393824,0.211828094312006,0.304795194236287,0.40782162457726245,0.1535213337091548,0.017359219957497483,0.07141450988288876,0.4208062214403055,0.18622280025484336,0.0,0.0,0.08085236994303537,0.08029759589961692,0.0,0.0,0.37593137527858017,0.0,0.025478021120066613,0.15642439404372013,0.2499204390789209,0.24981550093913096,0.16283911834489392,0.035386753635650886,0.0,0.0,0.0,0.0,0.0,0.42478556838152604
0.0,0.0,0.0,0.0,0.0,0.0,0.0,0.0,0.0,0.0,0.0,0.0,0.0,0.0,0.0,0.0,0.0,0.0,0.0,0.0,0.0,0.0,0.0,0.0,0.0,0.0,0.0,0.0,0.0,0.0,0.0,0.0,0.0,0.0,0.0,0.0,0.0,0.0,0.0,0.0,0.0,0.0,0.0,0.0,0.5455430028325925,0.30534385032017664,0.09638568959003575,0.0577597578659256,0.2149474408695142,0.4766027267213611,0.7368517058927999,1.0,0.7348692653383836,0.5487938631797143,0.5434017393690068,0.47900387651596577,0.5523365526967761,0.7361449390938748,0.2935300948726952,0.08718297906581102,0.05937293097737906,0.21596960507307292,0.17145532594959564,0.0,0.0,0.0,0.22152952731884584,0.0002784323123791218,0.0,0.0,0.0,0.0,0.0,0.0,0.12427002294784303,0.0,0.0,0.25241313023298156,0.4859533709629544,0.48571235709883126,0.2557671391235851,0.0,0.0,0.0,0.0,0.0,0.0,0.27083479930213067
0.0,0.0,0.0,0.0,0.0,0.0,0.0,0.0,0.0,0.0,0.0,0.0,0.0,0.0,0.0,0.0,0.0,0.0,0.0,0.0,0.0,0.0,0.0,0.0,0.0,0.0,0.0,0.0,0.0,0.0,0.0,0.0,0.0,0.0,0.0,0.0,0.0,0.0,0.0,0.0,0.0,0.0,0.0,0.0,0.47717353198071266,0.21892172155923506,0.06676455247154865,0.10368523776404741,0.31420646822245757,0.5524503174809438,0.5418834948160215,0.7348692653383836,1.0,0.7479072801072145,0.299883049414857,0.2139623552996481,0.3124273501582107,0.5431620680952345,0.07141615782102681,0.0,0.0,0.0,0.0,0.0,0.0,0.0,0.10348779605386937,0.0,0.0,0.0,0.0,0.0,0.0,0.0,0.0,0.0,0.14189536865896404,0.49192763129655687,0.685859713766362,0.3931573658274523,0.036580642585780435,0.0,0.0,0.0,0.0,0.0,0.0,0.16898726641167816
0.0,0.0,0.0,0.0,0.0,0.0,0.0,0.0,0.0,0.0,0.0,0.0,0.0,0.0,0.0,0.0,0.0,0.0,0.0,0.0,0.0,0.0,0.0,0.0,0.0,0.0,0.0,0.0,0.0,0.0,0.0,0.0,0.0,0.0,0.0,0.0,0.0,0.0,0.0,0.0,0.0,0.0,0.0,0.0,0.5420658472247903,0.3080364316734192,0.2178924168784706,0.3090694732580196,0.542893934366591,0.7354879488141787,0.4701944829968438,0.5487938631797143,0.7479072801072145,1.0,0.2024445984020898,0.055722026276026564,0.1031154641552907,0.31147147977198025,0.017330416282472123,0.0,0.0,0.0,0.0,0.0,0.0,0.0,0.1301836960921801,0.0,0.0,0.0,0.0,0.020680945834516302,0.0,0.0,0.03155861655865755,0.033116669702431316,0.39212090895359525,0.6859473995062667,0.49262156897038023,0.1423810970270573,0.0,0.0,0.0,0.0,0.0,0.0,0.0,0.17535360985106385
0.0,0.0,0.0,0.0,0.0,0.0,0.0,0.0,0.0,0.0,0.0,0.0,0.0,0.0,0.0,0.0,0.0,0.0,0.0,0.0,0.0,0.0,0.0,0.0,0.0,0.0,0.0,0.0,0.0,0.0,0.0,0.0,0.0,0.0,0.0,0.0,0.0,0.0,0.0,0.0,0.0,0.0,0.0,0.0,0.5221579535016674,0.4317462816332353,0.17507028277166137,0.019920146057119257,0.06690000483141784,0.2858582020785524,0.7308258405712954,0.5434017393690068,0.299883049414857,0.2024445984020898,1.0,0.7354338519476323,0.5421458949076716,0.4746586861749268,0.7308329467768323,0.5433930376353535,0.4746491442808575,0.5421408863216477,0.5221856038138054,0.28588620825454086,0.202459173190305,0.2998829202179311,0.4317991158693804,0.17512770389141522,0.019978462472815352,0.0669432184550596,0.012207051647104252,0.012275249897981594,0.0,0.0,0.3754236967367504,0.0,0.0,0.0,0.031318484351346286,0.16110472954312013,0.24914418544963282,0.24914467228733508,0.1610975313961488,0.03130913242218665,0.0,0.0,0.0,0.37546735304668977
0.0,0.0,0.0,0.0,0.0,0.0,0.0,0.0,0.0,0.0,0.0,0.0,0.0,0.0,0.0,0.0,0.0,0.0,0.0,0.0,0.0,0.0,0.0,0.0,0.0,0.0,0.0,0.0,0.0,0.0,0.0,0.0,0.0,0.0,0.0,0.0,0.0,0.0,0.0,0.0,0.0,0.0,0.0,0.0,0.2988522401598888,0.1935613668063756,0.0,0.0,0.0,0.08634764434982364,0.5451728293009106,0.47900387651596577,0.2139623552996481,0.055722026276026564,0.7354338519476323,1.0,0.7361610214488488,0.5513001097073588,0.5451929104932473,0.4790033030149736,0.5512961470075225,0.7361584615212804,0.2988853201207763,0.08636607432010392,0.055728883980126945,0.21395856273320712,0.19361739598469474,0.0,0.0,0.0,0.0,0.0,0.0,0.0,0.1508585097949523,0.0,0.0,0.0,0.0,0.2546606386798202,0.4862197725819564,0.4862216473140121,0.2546575735571813,0.0,0.0,0.0,0.0,0.15092505954842514
0.0,0.0,0.0,0.0,0.0,0.0,0.0,0.0,0.0,0.0,0.0,0.0,0.0,0.0,0.0,0.0,0.0,0.0,0.0,0.0,0.0,0.0,0.0,0.0,0.0,0.0,0.0,0.0,0.0,0.0,0.0,0.0,0.0,0.0,0.0,0.0,0.0,0.0,0.0,0.0,0.0,0.0,0.0,0.0,0.21486172005227896,0.05026225945412659,0.0,0.0,0.0,0.06059183673396199,0.47640842549614426,0.5523365526967761,0.3124273501582107,0.1031154641552907,0.5421458949076716,0.7361610214488488,1.0,0.7473485527542529,0.30482088775704547,0.21597432146299056,0.31196243743244007,0.5435019505194719,0.08384899470400117,0.0,0.0,0.0,0.03285843137505902,0.0,0.0,0.0,0.0,0.0,0.0,0.0,0.0,0.0,0.0,0.0,0.14253170484449032,0.49137964818303503,0.6858858387054677,0.3933423509774054,0.03534911643399618,0.0,0.0,0.0,0.0,0.03758940090335892
