1.0,0.738311699615567,0.5469784673978507,0.47239521825317077,0.5435398626687888,0.7350192850668406,0.7298227088379995,0.5455430028325927,0.4771735319807129,0.54206584722479,0.5221579535016674,0.29885224015988876,0.2148617200522788,0.3048844561883051,0.4077767028679006,0.17139834187326367,0.03828180375697103,0.0838024526280611,0.3838629182803611,0.16162101545029053,0.0,0.0,0.4315842729637215,0.24917525556467007,0.06576029150996396,0.032013019045206106,0.3056126558965604,0.15790354892347858,0.07161744875667868,0.0069802525877719025,0.486011544526251,0.15869675546768985,0.25014431044995555,0.24826701805943174,0.1632359070296768,0.034549787751084374,0.0,0.0,0.0,0.0,0.0,0.0,0.0,0.39827533475128907,0.08321331399710709,0.21894979228893327,0.25865249645196325,0.15233359732775348,0.03950577750191841,0.010938509394539067,0.0,0.0,0.0,0.0,0.0,0.0,0.0,0.0,0.0,0.0,0.0,0.0,0.0,0.0,0.0,0.0,0.0,0.0,0.0,0.0,0.2777246395998123,0.0,0.19538476497022675,0.0,0.1024858281938598,0.0,0.0,0.0,0.0,0.0,0.0,0.0,0.0,0.0,0.0,0.0,0.0,0.0
0.738311699615567,1.0,0.742585755508267,0.5485844359642998,0.4834460015020054,0.5500694819645251,0.5328046622329051,0.3053438503201767,0.21892172155923523,0.3080364316734187,0.4317462816332353,0.19356136680637542,0.05026225945412642,0.0893521667305144,0.4207037022515317,0.22141727215867918,0.05102343096390053,0.03277963194109836,0.4315109476837791,0.2745175816803606,0.13013117270481694,0.10339516111853483,0.41278888202511044,0.2625380811381517,0.1458859424128591,0.15244000248816014,0.5479752173660223,0.12116841109019016,0.3237587500273561,0.0,0.6868712758818021,0.25472141660198944,0.16941422758269498,0.03584885173075182,0.0,0.0,0.0,0.0,0.0,0.0,0.0,0.0,0.0,0.2902328211195961,0.2189497922889331,0.2812910467963958,0.2743383001409791,0.2055495670721906,0.16208631652670638,0.17293149841325686,0.09716576325253323,0.007334875192587448,0.0,0.036112885805437304,0.0,0.0,0.0,0.0,0.0,0.0,0.0,0.0,0.0,0.0,0.0,0.0,0.0,0.0,0.0,0.0,0.20153181549395374,0.0,0.06003644942203549,0.0,0.12921246703855674,0.0,0.0,0.0,0.0,0.0,0.0,0.0,0.0,0.0,0.0,0.0,0.0,0.0
0.5469784673978507,0.742585755508267,1.0,0.7375064638126809,0.5546019767539507,0.4813174110022686,0.2970991592570496,0.09638568959003609,0.06676455247154899,0.21789241687847044,0.1750702827716615,0.0,0.0,0.0,0.18608110934068817,0.00013408178152059708,0.0,0.0,0.24900296208105363,0.14568961103374206,0.0,0.0,0.26241050024013957,0.18641565849511293,0.1035243307226867,0.08561039006392189,0.7344834620546918,0.07714884391156653,0.49120986503864006,0.0,0.4926984445994399,0.4850309818644327,0.2581119393323039,0.0,0.0,0.0,0.0,0.0,0.0,0.0,0.0,0.0,0.0,0.11974035307810776,0.25865249645196275,0.2743383001409789,0.18198323219872398,0.0822151222714318,0.07975415692377408,0.16708188533221638,0.2153880020978154,0.14693679553402875,0.0670479279418955,0.06592071336535342,0.13381448816036826,0.08249339929651464,0.04225590297035488,0.054837938445716286,0.0,0.0,0.0,0.0,0.0,0.0,0.0,0.0,0.0,0.0,0.0,0.0,0.07930284547212402,0.0,0.0,0.0,0.15548668207773278,0.0,0.0,0.0,0.0,0.0,0.0,0.0,0.0,0.0,0.0,0.0,0.0,0.0
0.47239521825317077,0.5485844359642998,0.7375064638126809,1.0,0.7454839622923985,0.5489952067156421,0.20230104886635863,0.05775975786592576,0.10368523776404756,0.30906947325801937,0.019920146057119423,0.0,0.0,0.0,0.0,0.0,0.0,0.0,0.06556768383015714,0.0,0.0,0.0,0.14571233445027978,0.10346253567836332,0.0,0.0,0.5430375126719921,0.06827688922962692,0.31988086868216237,0.0,0.25615472061024014,0.6862519754642477,0.49147424701380893,0.1364905585131627,0.0,0.0,0.0,0.0,0.0,0.0,0.0,0.0,0.0,0.04266063155826458,0.1523335973277533,0.2055495670721906,0.0822151222714318,0.0,0.0,0.0,0.15416167711978657,0.052107872794658686,0.0,0.0,0.1560151866852502,0.14007688256913942,0.057265232052414405,0.001331174057847859,0.054713318710171564,0.031040909074923278,0.05617826750334348,0.09080947181099949,0.0,0.0,0.0,0.0,0.0,0.0,0.0,0.0,0.02457800241305325,0.0,0.0,0.0,0.15577999873242845,0.0,0.0,0.0,0.0,0.0,0.0,0.0,0.0,0.0,0.0,0.0,0.0,0.0
0.5435398626687888,0.4834460015020054,0.5546019767539507,0.7454839622923985,1.0,0.7375467501828661,0.2973096886677903,0.21494744086951403,0.3142064682224575,0.5428939343665906,0.066900004831418,0.0,0.0,0.0,0.0,0.0,0.0,0.0,0.03188520581411897,0.0,0.0,0.0,0.15233884429515232,0.08562290518017748,0.0,0.0,0.31206912704910184,0.09435469860287146,0.07805551962297617,0.017554047707623647,0.17054053252549128,0.48946821206647,0.685924344202813,0.3900521789942595,0.037857793226205284,0.0,0.0,0.0,0.0,0.0,0.0,0.0,0.0,0.10799687638014005,0.03950577750191824,0.16208631652670638,0.07975415692377408,0.0,0.0,0.0,0.004011905725996239,0.0,0.0,0.0,0.032430283281757885,0.0,0.0,0.0,0.0,0.006279451421452792,0.002263219738428402,0.0,0.0,0.0,0.0,0.0,0.0,0.0,0.0,0.0,0.09390189563948408,0.0,0.020676909725798772,0.0,0.14314054910608745,0.0,0.0,0.0,0.0,0.0,0.0,0.0,0.0,0.0,0.0,0.0,0.0,0.0
0.7350192850668406,0.5500694819645251,0.4813174110022686,0.5489952067156421,0.7375467501828661,1.0,0.5375648761659074,0.4766027267213611,0.5524503174809438,0.7354879488141781,0.2858582020785527,0.08634764434982381,0.06059183673396216,0.21506715596483658,0.15346150967511066,0.0,0.0,0.0,0.16157815001348663,0.0,0.0,0.0,0.274526826810889,0.14580871033113493,0.0,0.0,0.2159684973513671,0.13234480176249372,0.0,0.03616277253702266,0.25433645899616164,0.252942309051715,0.487466433608242,0.4848320227824113,0.25591294314192636,0.0,0.0,0.0,0.0,0.0,0.0,0.0,0.0,0.2721617077909923,0.010938509394538738,0.17293149841325653,0.16708188533221638,0.0,0.0,0.0,0.0,0.0,0.0,0.0,0.0,0.0,0.0,0.0,0.0,0.0,0.0,0.0,0.0,0.0,0.0,0.0,0.0,0.0,0.0,0.0,0.2272712852496068,0.0,0.1825447453527529,0.0,0.12284360122345346,0.0,0.0,0.0,0.0,0.0,0.0,0.0,0.0,0.0,0.0,0.0,0.0,0.0
0.7298227088379995,0.5328046622329051,0.2970991592570496,0.20230104886635863,0.2973096886677903,0.5375648761659074,1.0,0.7368517058927999,0.5418834948160215,0.4701944829968433,0.7308258405712957,0.5451728293009108,0.47640842549614415,0.5430502232838794,0.5198543937065895,0.29351121383393863,0.21182809431200633,0.3047951942362873,0.4078216245772628,0.15352133370915497,0.01735921995749765,0.0714145098828891,0.42080622144030555,0.18622280025484353,0.0,0.0,0.08085236994303568,0.08029759589961692,0.0,0.0,0.37593137527858034,0.0,0.025478021120066283,0.1564243940437198,0.24992043907892023,0.2498155009391308,0.162839118344894,0.03538675363565105,0.0,0.0,0.0,0.0,0.0,0.42478556838152604,0.0,0.0971657632525329,0.21538800209781556,0.15416167711978657,0.0040119057259960745,0.0,0.0,0.0,0.0,0.0,0.0,0.0,0.0,0.0,0.0,0.0,0.0,0.0,0.0,0.0,0.0,0.0,0.0,0.0,0.0,0.0,0.283142926934516,0.0,0.24059297391147774,0.0,0.0,0.045069717015738434,0.0,0.0,0.0,0.0,0.0,0.0,0.0,0.0,0.0,0.0,0.0,0.0
0.5455430028325927,0.3053438503201767,0.09638568959003609,0.05775975786592576,0.21494744086951403,0.4766027267213611,0.7368517058927999,1.0,0.7348692653383836,0.5487938631797141,0.5434017393690072,0.47900387651596604,0.5523365526967764,0.7361449390938746,0.2935300948726955,0.08718297906581135,0.05937293097737906,0.21596960507307325,0.17145532594959598,0.0,0.0,0.0,0.22152952731884584,0.0002784323123792863,0.0,0.0,0.0,0.0,0.0,0.0,0.1242700229478432,0.0,0.0,0.2524131302329813,0.4859533709629537,0.4857123570988311,0.2557671391235851,0.0,0.0,0.0,0.0,0.0,0.0,0.27083479930213067,0.0,0.007334875192587283,0.14693679553402875,0.052107872794658686,0.0,0.0,0.0,0.0,0.0,0.0,0.0,0.0,0.0,0.0,0.0,0.0,0.0,0.0,0.0,0.0,0.0,0.0,0.0,0.0,0.0,0.0,0.2975499160771467,0.0,0.3340862258743081,0.0,0.0,0.0,0.0,0.0,0.0,0.0,0.0,0.0,0.0,0.0,0.0,0.0,0.0,0.0
0.4771735319807129,0.21892172155923523,0.06676455247154899,0.10368523776404756,0.3142064682224575,0.5524503174809438,0.5418834948160215,0.7348692653383836,1.0,0.7479072801072146,0.29988304941485744,0.21396235529964827,0.3124273501582111,0.5431620680952345,0.07141615782102698,0.0,0.0,0.0,0.0,0.0,0.0,0.0,0.10348779605386937,0.0,0.0,0.0,0.0,0.0,0.0,0.0,0.0,0.0,0.1418953686589642,0.4919276312965568,0.6858597137663613,0.3931573658274523,0.036580642585780435,0.0,0.0,0.0,0.0,0.0,0.0,0.16898726641167833,0.0,0.0,0.06704792794189583,0.0,0.0,0.0,0.0,0.0,0.0,0.0,0.0,0.0,0.0,0.0,0.0,0.0,0.0,0.0,0.0,0.0,0.0,0.0,0.0,0.0,0.0,0.0,0.24476071680320582,0.0,0.3154921205545848,0.0,0.0,0.0,0.0,0.0,0.0,0.0,0.0,0.0,0.0,0.0,0.0,0.0,0.0,0.0
0.54206584722479,0.3080364316734187,0.21789241687847044,0.30906947325801937,0.5428939343665906,0.7354879488141781,0.4701944829968433,0.5487938631797141,0.7479072801072146,1.0,0.2024445984020898,0.0557220262760264,0.1031154641552907,0.3114714797719802,0.017330416282471794,0.0,0.0,0.0,0.0,0.0,0.0,0.0,0.13018369609217978,0.0,0.0,0.0,0.0,0.020680945834516466,0.0,0.0,0.031558616558657056,0.03311666970243082,0.39212090895359525,0.6859473995062669,0.49262156897038023,0.14238109702705748,0.0,0.0,0.0,0.0,0.0,0.0,0.0,0.17535360985106369,0.0,0.03611288580543698,0.06592071336535342,0.0,0.0,0.0,0.0,0.0,0.0,0.0,0.0,0.0,0.0,0.0,0.0,0.0,0.0,0.0,0.0,0.0,0.0,0.0,0.0,0.0,0.0,0.0,0.20183019819656176,0.0,0.23000530923883622,0.0,0.007337956490393819,0.0,0.0,0.0,0.0,0.0,0.0,0.0,0.0,0.0,0.0,0.0,0.0,0.0
0.5221579535016674,0.4317462816332353,0.1750702827716615,0.019920146057119423,0.066900004831418,0.2858582020785527,0.7308258405712957,0.5434017393690072,0.29988304941485744,0.2024445984020898,1.0,0.7354338519476323,0.5421458949076714,0.4746586861749269,0.7308329467768322,0.5433930376353535,0.47464914428085736,0.5421408863216477,0.5221856038138054,0.2858862082545408,0.20245917319030465,0.299882920217931,0.4317991158693803,0.17512770389141505,0.019978462472815352,0.06694321845505943,0.012207051647104252,0.012275249897981429,0.0,0.0,0.3754236967367504,0.0,0.0,0.0,0.03131848435134596,0.16110472954312013,0.2491441854496329,0.24914467228733508,0.1610975313961488,0.03130913242218649,0.0,0.0,0.0,0.37546735304668966,0.0,0.0,0.1338144881603686,0.1560151866852505,0.032430283281757885,0.0,0.0,0.0,0.0,0.0,0.0,0.0,0.0,0.0,0.0,0.0,0.0,0.0,0.0,0.0,0.0,0.0,0.0,0.0,0.0,0.0,0.160903867041596,0.0,0.09467576895019844,0.0,0.0,0.0848850751390755,0.0,0.0,0.0,0.0,0.0,0.0,0.0,0.0,0.0,0.0,0.0,0.0
0.29885224015988876,0.19356136680637542,0.0,0.0,0.0,0.08634764434982381,0.5451728293009108,0.47900387651596604,0.21396235529964827,0.0557220262760264,0.7354338519476323,1.0,0.7361610214488484,0.5513001097073588,0.5451929104932473,0.4790033030149738,0.5512961470075224,0.7361584615212806,0.2988853201207763,0.08636607432010392,0.055728883980126785,0.21395856273320712,0.19361739598469474,0.0,0.0,0.0,0.0,0.0,0.0,0.0,0.15085850979495222,0.0,0.0,0.0,0.0,0.2546606386798202,0.4862197725819566,0.4862216473140121,0.25465757355718144,0.0,0.0,0.0,0.0,0.15092505954842514,0.0,0.0,0.08249339929651481,0.14007688256913942,0.0,0.0,0.0,0.0,0.0,0.0,0.0,0.0,0.0,0.0,0.0,0.0,0.0,0.0,0.0,0.0,0.0,0.0,0.0,0.0,0.0,0.0,0.14281528623010192,0.0,0.10570424468569216,0.0,0.0,0.12919898941512695,0.0,0.0,0.0,0.0,0.0,0.0,0.0,0.0,0.0,0.0,0.0,0.0
0.2148617200522788,0.05026225945412642,0.0,0.0,0.0,0.06059183673396216,0.47640842549614415,0.5523365526967764,0.3124273501582111,0.1031154641552907,0.5421458949076714,0.7361610214488484,1.0,0.7473485527542533,0.3048208877570452,0.21597432146299023,0.31196243743243957,0.5435019505194718,0.083848994704001,0.0,0.0,0.0,0.03285843137505885,0.0,0.0,0.0,0.0,0.0,0.0,0.0,0.0,0.0,0.0,0.0,0.14253170484449032,0.49137964818303537,0.6858858387054677,0.39334235097740505,0.03534911643399618,0.0,0.0,0.0,0.0,0.03758940090335892,0.0,0.0,0.042255902970355044,0.05726523205241457,0.0,0.0,0.0,0.0,0.0,0.0,0.0,0.0,0.0,0.0,0.0,0.0,0.0,0.0,0.0,0.0,0.0,0.0,0.0,0.0,0.0,0.0,0.17443540643190264,0.0,0.2020350865893453,0.0,0.0,0.06156891042048352,0.0,0.0,0.0,0.0,0.0,0.0,0.0,0.0,0.0,0.0,0.0,0.0
0.3048844561883051,0.0893521667305144,0.0,0.0,0.0,0.21506715596483658,0.5430502232838794,0.7361449390938746,0.5431620680952345,0.3114714797719802,0.4746586861749269,0.5513001097073588,0.7473485527542533,1.0,0.2118558739847609,0.059380427855772855,0.1027691227164579,0.3119631525232079,0.0383402755180825,0.0,0.0,0.0,0.051125597028236325,0.0,0.0,0.0,0.0,0.0,0.0,0.0,0.0,0.0,0.0,0.03565075105454982,0.394206235396475,0.685912005359857,0.4914738053754067,0.14153758898362465,0.0,0.0,0.0,0.0,0.0,0.0935276603152896,0.0,0.0,0.05483793844571645,0.001331174057847859,0.0,0.0,0.0,0.0,0.0,0.0,0.0,0.0,0.0,0.0,0.0,0.0,0.0,0.0,0.0,0.0,0.0,0.0,0.0,0.0,0.0,0.0,0.23046545056124726,0.0,0.3005242802429747,0.0,0.0,0.0,0.0,0.0,0.0,0.0,0.0,0.0,0.0,0.0,0.0,0.0,0.0,0.0
0.4077767028679006,0.4207037022515317,0.18608110934068817,0.0,0.0,0.15346150967511066,0.5198543937065895,0.2935300948726955,0.07141615782102698,0.017330416282471794,0.7308329467768322,0.5451929104932473,0.3048208877570452,0.2118558739847609,1.0,0.7368541843879279,0.5430596221366737,0.4764261334404326,0.7298298234627072,0.5375717041743894,0.47020042303664616,0.5418886869129661,0.5328217500913717,0.2971134495533438,0.20231618832931386,0.2973192758481406,0.08012988968917795,0.08087209911508139,0.0,0.0,0.4247025732820809,0.0,0.0,0.0,0.0,0.0,0.035409189474420094,0.16286127621102367,0.2498239342634051,0.2499226434949474,0.15642841953386918,0.025486598464621722,0.0,0.375940887667558,0.0,0.0,0.0,0.054713318710172223,0.0,0.0,0.0,0.0,0.0,0.0,0.0,0.0,0.0,0.0,0.0,0.0,0.0,0.0,0.0,0.0,0.0,0.0,0.0,0.0,0.0,0.0,0.0,0.0,0.0,0.0,0.0,0.0,0.0,0.0,0.0,0.0,0.0,0.0,0.0,0.0,0.0,0.0,0.0,0.0
0.17139834187326367,0.22141727215867918,0.00013408178152059708,0.0,0.0,0.0,0.29351121383393863,0.08718297906581135,0.0,0.0,0.5433930376353535,0.4790033030149738,0.21597432146299023,0.059380427855772855,0.7368541843879279,1.0,0.7361435343060977,0.552336891093894,0.5455507897039726,0.47659812141971475,0.54879050436784,0.7348667840568353,0.30535686408213025,0.09638402477281982,0.05774949350474269,0.21493304079988892,0.0,0.0,0.0,0.0,0.27072249294403705,0.0,0.0,0.0,0.0,0.0,0.0,0.255770885715841,0.48571204620172354,0.4859505214807158,0.2524077719996941,0.0,0.0,0.12428583946186038,0.0,0.0,0.0,0.031040909074923278,0.0062794514214524625,0.0,0.0,0.0,0.0,0.0,0.0,0.0,0.0,0.0,0.0,0.0,0.0,0.0,0.0,0.0,0.0,0.0,0.0,0.0,0.0,0.0,0.0,0.0,0.0,0.0,0.0,0.0,0.0,0.0,0.0,0.0,0.0,0.0,0.0,0.0,0.0,0.0,0.0,0.0
0.03828180375697103,0.05102343096390053,0.0,0.0,0.0,0.0,0.21182809431200633,0.05937293097737906,0.0,0.0,0.47464914428085736,0.5512961470075224,0.31196243743243957,0.1027691227164579,0.5430596221366737,0.7361435343060977,1.0,0.7473476405900833,0.3048958879684013,0.21505555525095454,0.31145578244756333,0.5431442561751302,0.08937274086619941,0.0,0.0,0.0,0.0,0.0,0.0,0.0,0.09341202093277597,0.0,0.0,0.0,0.0,0.0,0.14153603905131834,0.49147615903094494,0.6859137564834819,0.3941831739374137,0.03562948617363557,0.0,0.0,0.0,0.0,0.0,0.0,0.05617826750334348,0.002263219738428073,0.0,0.0,0.0,0.0,0.0,0.0,0.0,0.0,0.0,0.0,0.0,0.0,0.0,0.0,0.0,0.0,0.0,0.0,0.0,0.0,0.0,0.0,0.0,0.0,0.0,0.0,0.04445611414289912,0.0,0.0,0.0,0.0,0.0,0.0,0.0,0.0,0.0,0.0,0.0,0.0
0.0838024526280611,0.03277963194109836,0.0,0.0,0.0,0.0,0.3047951942362873,0.21596960507307325,0.0,0.0,0.5421408863216477,0.7361584615212806,0.5435019505194718,0.3119631525232079,0.4764261334404326,0.552336891093894,0.7473476405900833,1.0,0.21488521520270418,0.060591451050135886,0.10310724514154292,0.31241414521114025,0.05030125338547828,0.0,0.0,0.0,0.0,0.0,0.0,0.0,0.03749343328058183,0.0,0.0,0.0,0.0,0.03535047942795832,0.39334118197050255,0.6858898718203944,0.4913785985862029,0.14250903205465082,0.0,0.0,0.0,0.0,0.0,0.0,0.0,0.09080947181099949,0.0,0.0,0.0,0.0,0.0,0.0,0.0,0.0,0.0,0.0,0.0,0.0,0.0,0.0,0.0,0.0,0.0,0.0,0.0,0.0,0.0,0.0,0.0,0.0,0.0,0.0,0.0,0.10771087363309216,0.0,0.0,0.0,0.0,0.0,0.0,0.0,0.0,0.0,0.0,0.0,0.0
0.3838629182803611,0.4315109476837791,0.24900296208105363,0.06556768383015714,0.03188520581411897,0.16157815001348663,0.4078216245772628,0.17145532594959598,0.0,0.0,0.5221856038138054,0.2988853201207763,0.083848994704001,0.0383402755180825,0.7298298234627072,0.5455507897039726,0.3048958879684013,0.21488521520270418,1.0,0.7350230317108085,0.5420716421443998,0.4771839556275151,0.7383153486885485,0.546984175572885,0.47240405761638915,0.5435466278895795,0.15768920494990588,0.30562127072150524,0.006733451910835585,0.07163017722161176,0.3982560089762986,0.0,0.0,0.0,0.0,0.0,0.0,0.0,0.0345565851773793,0.16324434303735916,0.24826869997184003,0.25015184449313166,0.15871082211120965,0.4860059655254522,0.0,0.0,0.0,0.0,0.0,0.0,0.0,0.0,0.0,0.0,0.0,0.0,0.0,0.0,0.0,0.0,0.0,0.0,0.0,0.0,0.0,0.0,0.0,0.0,0.0,0.0,0.0,0.0,0.0,0.0,0.0,0.0,0.0,0.0,0.0,0.0,0.0,0.0,0.0,0.0,0.0,0.0,0.0,0.0
0.16162101545029053,0.2745175816803606,0.14568961103374206,0.0,0.0,0.0,0.15352133370915497,0.0,0.0,0.0,0.2858862082545408,0.08636607432010392,0.0,0.0,0.5375717041743894,0.47659812141971475,0.21505555525095454,0.060591451050135886,0.7350230317108085,1.0,0.7354856496313286,0.55244872729983,0.5500656423558556,0.48131256964170216,0.5489913331883012,0.7375427042355273,0.1321640649420252,0.21596346364078214,0.03592697190261488,0.0,0.2722053582274358,0.0,0.0,0.0,0.0,0.0,0.0,0.0,0.0,0.25590842093900346,0.48482691903384373,0.48746563895466594,0.25294347486472296,0.2543285102200728,0.0,0.0,0.0,0.0,0.0,0.0,0.0,0.0,0.0,0.0,0.0,0.0,0.0,0.0,0.0,0.0,0.0,0.0,0.0,0.0,0.0,0.0,0.0,0.0,0.0,0.0,0.0,0.0,0.0,0.0,0.0,0.0,0.0,0.0,0.0,0.0,0.0,0.0,0.0,0.0,0.0,0.0,0.0,0.0
0.0,0.13013117270481694,0.0,0.0,0.0,0.0,0.01735921995749765,0.0,0.0,0.0,0.20245917319030465,0.055728883980126785,0.0,0.0,0.47020042303664616,0.54879050436784,0.31145578244756333,0.10310724514154292,0.5420716421443998,0.7354856496313286,1.0,0.7479076882250557,0.30803663593407576,0.21788380689369327,0.3090544852665931,0.5428761672993011,0.020476230037909104,0.0,0.0,0.0,0.17533432923419626,0.0,0.0,0.0,0.0,0.0,0.0,0.0,0.14235384630976605,0.49261960274115907,0.6859448395008196,0.3921002649900614,0.03310326235352385,0.03155776193507495,0.0,0.0,0.0,0.0,0.0,0.0,0.0,0.0,0.0,0.0,0.0,0.0,0.0,0.0,0.0,0.0,0.0,0.0,0.0,0.0,0.0,0.0,0.0,0.0,0.0,0.0,0.0,0.0,0.0,0.0,0.0,0.0,0.0,0.0,0.0,0.0,0.0,0.0,0.0,0.0,0.0,0.0,0.0,0.0
0.0,0.10339516111853483,0.0,0.0,0.0,0.0,0.0714145098828891,0.0,0.0,0.0,0.299882920217931,0.21395856273320712,0.0,0.0,0.5418886869129661,0.7348667840568353,0.5431442561751302,0.31241414521114025,0.4771839556275151,0.55244872729983,0.7479076882250557,1.0,0.218931170359065,0.0667595823067037,0.10367028763280611,0.3141885250261339,0.0,0.0,0.0,0.0,0.16890524837077564,0.0,0.0,0.0,0.0,0.0,0.0,0.036565719860685963,0.3931312557341412,0.6858570514992073,0.4919257690650959,0.141871642859038,0.0,0.0,0.0,0.0,0.0,0.0,0.0,0.0,0.0,0.0,0.0,0.0,0.0,0.0,0.0,0.0,0.0,0.0,0.0,0.0,0.0,0.0,0.0,0.0,0.0,0.0,0.0,0.0,0.0,0.0,0.0,0.0,0.0,0.0,0.0,0.0,0.0,0.0,0.0,0.0,0.0,0.0,0.0,0.0,0.0,0.0
0.4315842729637215,0.41278888202511044,0.26241050024013957,0.14571233445027978,0.15233884429515232,0.274526826810889,0.42080622144030555,0.22152952731884584,0.10348779605386937,0.13018369609217978,0.4317991158693803,0.19361739598469474,0.03285843137505885,0.051125597028236325,0.5328217500913717,0.30535686408213025,0.08937274086619941,0.05030125338547828,0.7383153486885485,0.5500656423558556,0.30803663593407576,0.218931170359065,1.0,0.742581947172033,0.5485807947705371,0.48344282079698125,0.1210021370814194,0.5479786942833598,0.0,0.323768943255964,0.2902903622385722,0.0,0.0,0.0,0.0,0.0,0.0,0.0,0.0,0.0,0.03584191083119614,0.16941245535054933,0.2547226035478391,0.6868671156415348,0.0,0.0,0.0,0.0,0.0,0.0,0.0,0.0,0.0,0.0,0.0,0.0,0.0,0.0,0.0,0.0,0.0,0.0,0.0,0.0,0.0,0.0,0.0,0.0,0.0,0.0,0.0,0.0,0.0,0.0,0.0,0.0,0.0,0.0,0.0,0.0,0.0,0.0,0.0,0.0,0.0,0.0,0.0,0.0
0.24917525556467007,0.2625380811381517,0.18641565849511293,0.10346253567836332,0.08562290518017748,0.14580871033113493,0.18622280025484353,0.0002784323123792863,0.0,0.0,0.17512770389141505,0.0,0.0,0.0,0.2971134495533438,0.09638402477281982,0.0,0.0,0.546984175572885,0.48131256964170216,0.21788380689369327,0.0667595823067037,0.742581947172033,1.0,0.7375054297729249,0.5546012606001008,0.07709535542109118,0.7344830893186187,0.0,0.491207805178253,0.11990628317288841,0.0,0.0,0.0,0.0,0.0,0.0,0.0,0.0,0.0,0.0,0.258112203253794,0.48503486183656347,0.4926915109016561,0.0,0.0,0.0,0.0,0.0,0.0,0.0,0.0,0.0,0.0,0.0,0.0,0.0,0.0,0.0,0.0,0.0,0.0,0.0,0.0,0.0,0.0,0.0,0.0,0.0,0.0,0.0,0.0,0.0,0.0,0.0,0.0,0.0,0.0,0.0,0.0,0.0,0.0,0.0,0.0,0.0,0.0,0.0,0.0
0.06576029150996396,0.1458859424128591,0.1035243307226867,0.0,0.0,0.0,0.0,0.0,0.0,0.0,0.019978462472815352,0.0,0.0,0.0,0.20231618832931386,0.05774949350474269,0.0,0.0,0.47240405761638915,0.5489913331883012,0.3090544852665931,0.10367028763280611,0.5485807947705371,0.7375054297729249,1.0,0.7454847549114669,0.06828415429904458,0.5430285868337054,0.0,0.31986212114443263,0.04287372936252599,0.0,0.0,0.0,0.0,0.0,0.0,0.0,0.0,0.0,0.1364664461362631,0.4914749202934836,0.6862571716166457,0.25614715424148443,0.0,0.0,0.0,0.0,0.0,0.0,0.0,0.0,0.0,0.0,0.0,0.0,0.0,0.0,0.0,0.0,0.0,0.0,0.0,0.0,0.0,0.0,0.0,0.0,0.0,0.0,0.0,0.0,0.0,0.0,0.0,0.0,0.0,0.0,0.0,0.0,0.0,0.0,0.0,0.0,0.0,0.0,0.0,0.0
0.032013019045206106,0.15244000248816014,0.08561039006392189,0.0,0.0,0.0,0.0,0.0,0.0,0.0,0.06694321845505943,0.0,0.0,0.0,0.2973192758481406,0.21493304079988892,0.0,0.0,0.5435466278895795,0.7375427042355273,0.5428761672993011,0.3141885250261339,0.48344282079698125,0.5546012606001008,0.7454847549114669,1.0,0.09428231684390043,0.31206389652567057,0.017418861513836884,0.07804229444202794,0.10814885305710742,0.0,0.0,0.0,0.0,0.0,0.0,0.0,0.0,0.037832704034231106,0.3900270868548404,0.6859254854750407,0.489473617271461,0.17053323389832165,0.0,0.0,0.0,0.0,0.0,0.0,0.0,0.0,0.0,0.0,0.0,0.0,0.0,0.0,0.0,0.0,0.0,0.0,0.0,0.0,0.0,0.0,0.0,0.0,0.0,0.0,0.0,0.0,0.0,0.0,0.0,0.0,0.0,0.0,0.0,0.0,0.0,0.0,0.0,0.0,0.0,0.0,0.0,0.0
0.3056126558965604,0.5479752173660223,0.7344834620546918,0.5430375126719921,0.31206912704910184,0.2159684973513671,0.08085236994303568,0.0,0.0,0.0,0.012207051647104252,0.0,0.0,0.0,0.08012988968917795,0.0,0.0,0.0,0.15768920494990588,0.1321640649420252,0.020476230037909104,0.0,0.1210021370814194,0.07709535542109118,0.06828415429904458,0.09428231684390043,1.0,0.0,0.7567248102258683,0.0,0.39975178423594115,0.3893285728817954,0.03550730316421839,0.0,0.0,0.0,0.0,0.0,0.0,0.0,0.0,0.0,0.0,0.0,0.2777246395998125,0.2015318154939539,0.07930284547212435,0.02457800241305358,0.09390189563948441,0.22727128524960713,0.28314292693451637,0.29754991607714687,0.24476071680320566,0.2018301981965621,0.160903867041596,0.14281528623010226,0.17443540643190264,0.2304654505612471,0.0,0.0,0.0,0.0,0.0,0.0,0.0,0.0,0.0,0.0,0.0,0.0,0.0,0.0,0.0,0.0,0.04903179862652215,0.0,0.0,0.0,0.03802430320473667,0.04003804823855473,0.0,0.0,0.0,0.0,0.0,0.0,0.0,0.0
0.15790354892347858,0.12116841109019016,0.07714884391156653,0.06827688922962692,0.09435469860287146,0.13234480176249372,0.08029759589961692,0.0,0.0,0.020680945834516466,0.012275249897981429,0.0,0.0,0.0,0.08087209911508139,0.0,0.0,0.0,0.30562127072150524,0.21596346364078214,0.0,0.0,0.5479786942833598,0.7344830893186187,0.5430285868337054,0.31206389652567057,0.0,1.0,0.0,0.7567231556446239,0.0,0.0,0.0,0.0,0.0,0.0,0.0,0.0,0.0,0.0,0.0,0.035501137042064944,0.3893178660356878,0.39975764222751636,0.0,0.0,0.0,0.0,0.0,0.0,0.0,0.0,0.0,0.0,0.0,0.0,0.0,0.0,0.0,0.0,0.0,0.0,0.0,0.0,0.0,0.0,0.0,0.0,0.0,0.0,0.0,0.0,0.0,0.0,0.0,0.0,0.0,0.0,0.0,0.0,0.0,0.0,0.0,0.0,0.0,0.0,0.0,0.0
0.07161744875667868,0.3237587500273561,0.49120986503864006,0.31988086868216237,0.07805551962297617,0.0,0.0,0.0,0.0,0.0,0.0,0.0,0.0,0.0,0.0,0.0,0.0,0.0,0.006733451910835585,0.03592697190261488,0.0,0.0,0.0,0.0,0.0,0.017418861513836884,0.7567248102258683,0.0,1.0,0.0,0.2331204732836465,0.22327104320780514,0.0,0.0,0.0,0.0,0.0,0.0,0.0,0.0,0.0,0.0,0.0,0.0,0.2068779864390633,0.06356800527039036,0.0,0.0,0.021893198533198703,0.19328267154997367,0.25474550178862365,0.35373835680809107,0.33405048058720715,0.24353503331170914,0.10024493182962155,0.11192214143190919,0.2139195034475418,0.3182021790807965,0.0,0.0,0.0,0.0,0.0,0.0,0.0,0.0,0.0,0.0,0.0,0.0,0.0,0.0,0.0,0.0,0.0,0.0,0.0,0.011015053375881552,0.16293486941160137,0.16521076816284325,0.0,0.0,0.0,0.0,0.0,0.0,0.0,0.0
0.0069802525877719025,0.0,0.0,0.0,0.017554047707623647,0.03616277253702266,0.0,0.0,0.0,0.0,0.0,0.0,0.0,0.0,0.0,0.0,0.0,0.0,0.07163017722161176,0.0,0.0,0.0,0.323768943255964,0.491207805178253,0.31986212114443263,0.07804229444202794,0.0,0.7567231556446239,0.0,1.0,0.0,0.0,0.0,0.0,0.0,0.0,0.0,0.0,0.0,0.0,0.0,0.0,0.22324025847443557,0.23314280914453345,0.0,0.0,0.0,0.0,0.0,0.0,0.0,0.0,0.0,0.0,0.0,0.0,0.0,0.0,0.0,0.0,0.0,0.0,0.0,0.0,0.0,0.0,0.0,0.0,0.0,0.0,0.0,0.0,0.0,0.0,0.0,0.0,0.0,0.0,0.0,0.0,0.0,0.0,0.0,0.0,0.0,0.0,0.0,0.0
0.486011544526251,0.6868712758818021,0.4926984445994399,0.25615472061024014,0.17054053252549128,0.25433645899616164,0.37593137527858034,0.1242700229478432,0.0,0.031558616558657056,0.3754236967367504,0.15085850979495222,0.0,0.0,0.4247025732820809,0.27072249294403705,0.09341202093277597,0.03749343328058183,0.3982560089762986,0.2722053582274358,0.17533432923419626,0.16890524837077564,0.2902903622385722,0.11990628317288841,0.04287372936252599,0.10814885305710742,0.39975178423594115,0.0,0.2331204732836465,0.0,1.0,0.0,0.0,0.0,0.0,0.0,0.0,0.0,0.0,0.0,0.0,0.0,0.0,0.16704403057207118,0.1323979598676656,0.166925196652681,0.2008679624927652,0.20124688831462084,0.18491841272078308,0.15869747526474892,0.0,0.0,0.0,0.009479656710078567,0.0,0.0,0.0,0.0,0.0,0.0,0.0,0.0,0.0,0.0,0.0,0.0,0.0,0.0,0.0,0.0,0.0633425149720619,0.0,0.0,0.0,0.0,0.0,0.0,0.0,0.0,0.0,0.0,0.0,0.0,0.0,0.0,0.0,0.0,0.0
0.15869675546768985,0.25472141660198944,0.4850309818644327,0.6862519754642477,0.48946821206647,0.252942309051715,0.0,0.0,0.0,0.03311666970243082,0.0,0.0,0.0,0.0,0.0,0.0,0.0,0.0,0.0,0.0,0.0,0.0,0.0,0.0,0.0,0.0,0.3893285728817954,0.0,0.22327104320780514,0.0,0.0,1.0,0.4066978981577381,0.0,0.0,0.0,0.0,0.0,0.0,0.0,0.0,0.0,0.0,0.0,0.0,0.0,0.0,0.0,0.0,0.0,0.05822403633612186,0.0,0.0,0.0,0.10966014491650905,0.16690778536882495,0.07953878379679732,0.0,0.0,0.0,0.057431343629583034,0.13914801856906686,0.0,0.0,0.0,0.0,0.0,0.0,0.0,0.0,0.0,0.0,0.0,0.0,0.0,0.0,0.0,0.0,0.0,0.0,0.0,0.0,0.0,0.0,0.0,0.0,0.0,0.0
0.25014431044995555,0.16941422758269498,0.2581119393323039,0.49147424701380893,0.685924344202813,0.487466433608242,0.025478021120066283,0.0,0.1418953686589642,0.39212090895359525,0.0,0.0,0.0,0.0,0.0,0.0,0.0,0.0,0.0,0.0,0.0,0.0,0.0,0.0,0.0,0.0,0.03550730316421839,0.0,0.0,0.0,0.0,0.4066978981577381,1.0,0.41914363684581235,0.0,0.0,0.0,0.0,0.0,0.0,0.0,0.0,0.0,0.0,0.0,0.0,0.0,0.0,0.0,0.0,0.0,0.0,0.0,0.0,0.0,0.0,0.0,0.0,0.0,0.0,0.0,0.0,0.0,0.0,0.0,0.0,0.0,0.0,0.0,0.0,0.0,0.0,0.0,0.0,0.0,0.0,0.0,0.0,0.0,0.0,0.0,0.0,0.0,0.0,0.0,0.0,0.0,0.0
0.24826701805943174,0.03584885173075182,0.0,0.1364905585131627,0.3900521789942595,0.4848320227824113,0.1564243940437198,0.2524131302329813,0.4919276312965568,0.6859473995062669,0.0,0.0,0.0,0.03565075105454982,0.0,0.0,0.0,0.0,0.0,0.0,0.0,0.0,0.0,0.0,0.0,0.0,0.0,0.0,0.0,0.0,0.0,0.0,0.41914363684581235,1.0,0.40868170748700494,0.0,0.0,0.0,0.0,0.0,0.0,0.0,0.0,0.0,0.0,0.0,0.0,0.0,0.0,0.0,0.0,0.0,0.0,0.0,0.0,0.0,0.0,0.0,0.0,0.0,0.0,0.0,0.0,0.0,0.0,0.0,0.0,0.0,0.0,0.0,0.0,0.0,0.013439419190669091,0.0,0.0,0.0,0.0,0.0,0.0,0.0,0.0,0.0,0.0,0.0,0.0,0.0,0.0,0.0
0.1632359070296768,0.0,0.0,0.0,0.037857793226205284,0.25591294314192636,0.24992043907892023,0.4859533709629537,0.6858597137663613,0.49262156897038023,0.03131848435134596,0.0,0.14253170484449032,0.394206235396475,0.0,0.0,0.0,0.0,0.0,0.0,0.0,0.0,0.0,0.0,0.0,0.0,0.0,0.0,0.0,0.0,0.0,0.0,0.0,0.40868170748700494,1.0,0.4256322206891612,0.0,0.0,0.0,0.0,0.0,0.0,0.0,0.0,0.0,0.0,0.0,0.0,0.0,0.0,0.0,0.0,0.0,0.0,0.0,0.0,0.0,0.0,0.0,0.0,0.0,0.0,0.0,0.0,0.0,0.0,0.0,0.0,0.0,0.0,0.049122305575497134,0.0,0.19879613253568598,0.0,0.0,0.0,0.0,0.0,0.0,0.0,0.0,0.0,0.0,0.0,0.0,0.0,0.0,0.0
0.034549787751084374,0.0,0.0,0.0,0.0,0.0,0.2498155009391308,0.4857123570988311,0.3931573658274523,0.14238109702705748,0.16110472954312013,0.2546606386798202,0.49137964818303537,0.685912005359857,0.0,0.0,0.0,0.03535047942795832,0.0,0.0,0.0,0.0,0.0,0.0,0.0,0.0,0.0,0.0,0.0,0.0,0.0,0.0,0.0,0.0,0.4256322206891612,1.0,0.4065338032563368,0.0,0.0,0.0,0.0,0.0,0.0,0.0,0.0,0.0,0.0,0.0,0.0,0.0,0.0,0.0,0.0,0.0,0.0,0.0,0.0,0.0,0.0,0.0,0.0,0.0,0.0,0.0,0.0,0.0,0.0,0.0,0.0,0.0,0.05172379437516662,0.0,0.20157294680155557,0.0,0.0,0.0,0.0,0.0,0.0,0.0,0.0,0.0,0.0,0.0,0.0,0.0,0.0,0.0
0.0,0.0,0.0,0.0,0.0,0.0,0.162839118344894,0.2557671391235851,0.036580642585780435,0.0,0.2491441854496329,0.4862197725819566,0.6858858387054677,0.4914738053754067,0.035409189474420094,0.0,0.14153603905131834,0.39334118197050255,0.0,0.0,0.0,0.0,0.0,0.0,0.0,0.0,0.0,0.0,0.0,0.0,0.0,0.0,0.0,0.0,0.0,0.4065338032563368,1.0,0.42403613693710157,0.0,0.0,0.0,0.0,0.0,0.0,0.0,0.0,0.0,0.0,0.0,0.0,0.0,0.0,0.0,0.0,0.0,0.0,0.0,0.0,0.0,0.0,0.0,0.0,0.0,0.0,0.0,0.0,0.0,0.0,0.0,0.0,0.0,0.0,0.0,0.0,0.0,0.0,0.0,0.0,0.0,0.0,0.0,0.0,0.0,0.0,0.0,0.0,0.0,0.0
0.0,0.0,0.0,0.0,0.0,0.0,0.03538675363565105,0.0,0.0,0.0,0.24914467228733508,0.4862216473140121,0.39334235097740505,0.14153758898362465,0.16286127621102367,0.255770885715841,0.49147615903094494,0.6858898718203944,0.0,0.0,0.0,0.036565719860685963,0.0,0.0,0.0,0.0,0.0,0.0,0.0,0.0,0.0,0.0,0.0,0.0,0.0,0.0,0.42403613693710157,1.0,0.4065324070792949,0.0,0.0,0.0,0.0,0.0,0.0,0.0,0.0,0.0,0.0,0.0,0.0,0.0,0.0,0.0,0.0,0.0,0.0,0.0,0.0,0.0,0.0,0.0,0.0,0.0,0.0,0.0,0.0,0.0,0.0,0.0,0.0,0.0,0.0,0.0,0.0,0.0,0.0,0.0,0.0,0.0,0.0,0.0,0.0,0.0,0.0,0.0,0.0,0.0
0.0,0.0,0.0,0.0,0.0,0.0,0.0,0.0,0.0,0.0,0.1610975313961488,0.25465757355718144,0.03534911643399618,0.0,0.2498239342634051,0.48571204620172354,0.6859137564834819,0.4913785985862029,0.0345565851773793,0.0,0.14235384630976605,0.3931312557341412,0.0,0.0,0.0,0.0,0.0,0.0,0.0,0.0,0.0,0.0,0.0,0.0,0.0,0.0,0.0,0.4065324070792949,1.0,0.4255876537388032,0.0,0.0,0.0,0.0,0.0,0.0,0.0,0.0,0.0,0.0,0.0,0.0,0.0,0.0,0.0,0.0,0.0,0.0,0.0,0.0,0.0,0.0,0.0,0.0,0.0,0.0,0.0,0.0,0.0,0.0,0.0,0.0,0.0,0.0,0.0,0.0,0.0,0.0,0.0,0.0,0.0,0.0,0.0,0.0,0.0,0.0,0.0,0.0
0.0,0.0,0.0,0.0,0.0,0.0,0.0,0.0,0.0,0.0,0.03130913242218649,0.0,0.0,0.0,0.2499226434949474,0.4859505214807158,0.3941831739374137,0.14250903205465082,0.16324434303735916,0.25590842093900346,0.49261960274115907,0.6858570514992073,0.0,0.0,0.0,0.037832704034231106,0.0,0.0,0.0,0.0,0.0,0.0,0.0,0.0,0.0,0.0,0.0,0.0,0.4255876537388032,1.0,0.40867814767010663,0.0,0.0,0.0,0.0,0.0,0.0,0.0,0.0,0.0,0.0,0.0,0.0,0.0,0.0,0.0,0.0,0.0,0.0,0.0,0.0,0.0,0.0,0.0,0.0,0.0,0.0,0.0,0.0,0.0,0.0,0.0,0.0,0.0,0.0,0.0,0.0,0.0,0.0,0.0,0.0,0.0,0.0,0.0,0.0,0.0,0.0,0.0
0.0,0.0,0.0,0.0,0.0,0.0,0.0,0.0,0.0,0.0,0.0,0.0,0.0,0.0,0.15642841953386918,0.2524077719996941,0.03562948617363557,0.0,0.24826869997184003,0.48482691903384373,0.6859448395008196,0.4919257690650959,0.03584191083119614,0.0,0.1364664461362631,0.3900270868548404,0.0,0.0,0.0,0.0,0.0,0.0,0.0,0.0,0.0,0.0,0.0,0.0,0.0,0.40867814767010663,1.0,0.41910284776663154,0.0,0.0,0.0,0.0,0.0,0.0,0.0,0.0,0.0,0.0,0.0,0.0,0.0,0.0,0.0,0.0,0.0,0.0,0.0,0.0,0.0,0.0,0.0,0.0,0.0,0.0,0.0,0.0,0.0,0.0,0.0,0.0,0.0,0.0,0.0,0.0,0.0,0.0,0.0,0.0,0.0,0.0,0.0,0.0,0.0,0.0
0.0,0.0,0.0,0.0,0.0,0.0,0.0,0.0,0.0,0.0,0.0,0.0,0.0,0.0,0.025486598464621722,0.0,0.0,0.0,0.25015184449313166,0.48746563895466594,0.3921002649900614,0.141871642859038,0.16941245535054933,0.258112203253794,0.4914749202934836,0.6859254854750407,0.0,0.035501137042064944,0.0,0.0,0.0,0.0,0.0,0.0,0.0,0.0,0.0,0.0,0.0,0.0,0.41910284776663154,1.0,0.40670180847260673,0.0,0.0,0.0,0.0,0.0,0.0,0.0,0.0,0.0,0.0,0.0,0.0,0.0,0.0,0.0,0.0,0.0,0.0,0.0,0.0,0.0,0.0,0.0,0.0,0.0,0.0,0.0,0.0,0.0,0.0,0.0,0.0,0.0,0.0,0.0,0.0,0.0,0.0,0.0,0.0,0.0,0.0,0.0,0.0,0.0
0.0,0.0,0.0,0.0,0.0,0.0,0.0,0.0,0.0,0.0,0.0,0.0,0.0,0.0,0.0,0.0,0.0,0.0,0.15871082211120965,0.25294347486472296,0.03310326235352385,0.0,0.2547226035478391,0.48503486183656347,0.6862571716166457,0.489473617271461,0.0,0.3893178660356878,0.0,0.22324025847443557,0.0,0.0,0.0,0.0,0.0,0.0,0.0,0.0,0.0,0.0,0.0,0.40670180847260673,1.0,0.0,0.0,0.0,0.0,0.0,0.0,0.0,0.0,0.0,0.0,0.0,0.0,0.0,0.0,0.0,0.0,0.0,0.0,0.0,0.0,0.0,0.0,0.0,0.0,0.0,0.0,0.0,0.0,0.0,0.0,0.0,0.0,0.0,0.0,0.0,0.0,0.0,0.0,0.0,0.0,0.0,0.0,0.0,0.0,0.0
0.39827533475128907,0.2902328211195961,0.11974035307810776,0.04266063155826458,0.10799687638014005,0.2721617077909923,0.42478556838152604,0.27083479930213067,0.16898726641167833,0.17535360985106369,0.37546735304668966,0.15092505954842514,0.03758940090335892,0.0935276603152896,0.375940887667558,0.12428583946186038,0.0,0.0,0.4860059655254522,0.2543285102200728,0.03155776193507495,0.0,0.6868671156415348,0.4926915109016561,0.25614715424148443,0.17053323389832165,0.0,0.39975764222751636,0.0,0.23314280914453345,0.16704403057207118,0.0,0.0,0.0,0.0,0.0,0.0,0.0,0.0,0.0,0.0,0.0,0.0,1.0,0.0,0.0,0.0,0.0,0.0,0.0,0.0,0.0,0.0,0.0,0.0,0.0,0.0,0.0,0.0,0.0,0.0,0.0,0.0,0.0,0.0,0.0,0.0,0.0,0.0,0.0,0.0,0.0,0.0,0.0,0.0,0.0,0.0,0.0,0.0,0.0,0.0,0.0,0.0,0.0,0.0,0.0,0.0,0.0
0.08321331399710709,0.2189497922889331,0.25865249645196275,0.1523335973277533,0.03950577750191824,0.010938509394538738,0.0,0.0,0.0,0.0,0.0,0.0,0.0,0.0,0.0,0.0,0.0,0.0,0.0,0.0,0.0,0.0,0.0,0.0,0.0,0.0,0.2777246395998125,0.0,0.2068779864390633,0.0,0.1323979598676656,0.0,0.0,0.0,0.0,0.0,0.0,0.0,0.0,0.0,0.0,0.0,0.0,0.0,1.0,0.7383116996155669,0.5469784673978505,0.4723952182531706,0.5435398626687891,0.7350192850668406,0.7298227088379995,0.5455430028325926,0.47717353198071305,0.5420658472247902,0.5221579535016674,0.29885224015988876,0.21486172005227913,0.30488445618830523,0.40777670286790024,0.17139834187326367,0.03828180375697119,0.0838024526280611,0.383862918280361,0.1616210154502902,0.0,0.0,0.43158427296372165,0.24917525556467007,0.06576029150996429,0.03201301904520594,0.30561265589656006,0.1579035489234784,0.07161744875667851,0.0069802525877719025,0.48601154452625084,0.15869675546768985,0.25014431044995566,0.24826701805943183,0.16323590702967705,0.034549787751084374,0.0,0.0,0.0,0.0,0.0,0.0,0.0,0.39827533475128907
0.21894979228893327,0.2812910467963958,0.2743383001409789,0.2055495670721906,0.16208631652670638,0.17293149841325653,0.0971657632525329,0.007334875192587283,0.0,0.03611288580543698,0.0,0.0,0.0,0.0,0.0,0.0,0.0,0.0,0.0,0.0,0.0,0.0,0.0,0.0,0.0,0.0,0.2015318154939539,0.0,0.06356800527039036,0.0,0.166925196652681,0.0,0.0,0.0,0.0,0.0,0.0,0.0,0.0,0.0,0.0,0.0,0.0,0.0,0.7383116996155669,1.0,0.742585755508267,0.5485844359642995,0.48344600150200545,0.5500694819645251,0.5328046622329051,0.3053438503201765,0.21892172155923523,0.3080364316734188,0.4317462816332354,0.19356136680637542,0.05026225945412659,0.0893521667305144,0.4207037022515314,0.22141727215867918,0.051023430963900857,0.03277963194109869,0.4315109476837791,0.27451758168036056,0.1301311727048171,0.10339516111853483,0.41278888202511077,0.2625380811381518,0.14588594241285927,0.1524400024881598,0.547975217366022,0.12116841109019001,0.3237587500273561,0.0,0.6868712758818021,0.2547214166019893,0.16941422758269498,0.035848851730751655,0.0,0.0,0.0,0.0,0.0,0.0,0.0,0.0,0.0,0.29023282111959614
0.25865249645196325,0.2743383001409791,0.18198323219872398,0.0822151222714318,0.07975415692377408,0.16708188533221638,0.21538800209781556,0.14693679553402875,0.06704792794189583,0.06592071336535342,0.1338144881603686,0.08249339929651481,0.042255902970355044,0.05483793844571645,0.0,0.0,0.0,0.0,0.0,0.0,0.0,0.0,0.0,0.0,0.0,0.0,0.07930284547212435,0.0,0.0,0.0,0.2008679624927652,0.0,0.0,0.0,0.0,0.0,0.0,0.0,0.0,0.0,0.0,0.0,0.0,0.0,0.5469784673978505,0.742585755508267,1.0,0.7375064638126808,0.5546019767539507,0.4813174110022686,0.29709915925704944,0.09638568959003592,0.06676455247154899,0.21789241687847044,0.17507028277166137,0.0,0.0,0.0,0.18608110934068786,0.0001340817815204326,0.0,0.0,0.24900296208105346,0.14568961103374176,0.0,0.0,0.26241050024013957,0.1864156584951126,0.1035243307226867,0.0856103900639214,0.7344834620546917,0.07714884391156603,0.4912098650386403,0.0,0.4926984445994398,0.48503098186443283,0.258111939332304,0.0,0.0,0.0,0.0,0.0,0.0,0.0,0.0,0.0,0.0,0.1197403530781076
0.15233359732775348,0.2055495670721906,0.0822151222714318,0.0,0.0,0.0,0.15416167711978657,0.052107872794658686,0.0,0.0,0.1560151866852505,0.14007688256913942,0.05726523205241457,0.001331174057847859,0.054713318710172223,0.031040909074923278,0.05617826750334348,0.09080947181099949,0.0,0.0,0.0,0.0,0.0,0.0,0.0,0.0,0.02457800241305358,0.0,0.0,0.0,0.20124688831462084,0.0,0.0,0.0,0.0,0.0,0.0,0.0,0.0,0.0,0.0,0.0,0.0,0.0,0.4723952182531706,0.5485844359642995,0.7375064638126808,1.0,0.7454839622923985,0.5489952067156421,0.20230104886635847,0.0577597578659256,0.10368523776404756,0.30906947325801953,0.019920146057119423,0.0,0.0,0.0,0.0,0.0,0.0,0.0,0.06556768383015682,0.0,0.0,0.0,0.14571233445027978,0.10346253567836299,0.0,0.0,0.5430375126719917,0.06827688922962642,0.31988086868216237,0.0,0.25615472061023997,0.6862519754642478,0.49147424701380926,0.13649055851316286,0.0,0.0,0.0,0.0,0.0,0.0,0.0,0.0,0.0,0.04266063155826441
0.03950577750191841,0.16208631652670638,0.07975415692377408,0.0,0.0,0.0,0.0040119057259960745,0.0,0.0,0.0,0.032430283281757885,0.0,0.0,0.0,0.0,0.0062794514214524625,0.002263219738428073,0.0,0.0,0.0,0.0,0.0,0.0,0.0,0.0,0.0,0.09390189563948441,0.0,0.021893198533198703,0.0,0.18491841272078308,0.0,0.0,0.0,0.0,0.0,0.0,0.0,0.0,0.0,0.0,0.0,0.0,0.0,0.5435398626687891,0.48344600150200545,0.5546019767539507,0.7454839622923985,1.0,0.7375467501828664,0.29730968866779045,0.2149474408695142,0.31420646822245774,0.5428939343665908,0.06690000483141817,0.0,0.0,0.0,0.0,0.0,0.0,0.0,0.03188520581411913,0.0,0.0,0.0,0.15233884429515265,0.08562290518017748,0.0,0.0,0.31206912704910167,0.09435469860287146,0.07805551962297633,0.017554047707623813,0.17054053252549137,0.48946821206646995,0.685924344202813,0.3900521789942595,0.037857793226205444,0.0,0.0,0.0,0.0,0.0,0.0,0.0,0.0,0.10799687638014005
0.010938509394539067,0.17293149841325686,0.16708188533221638,0.0,0.0,0.0,0.0,0.0,0.0,0.0,0.0,0.0,0.0,0.0,0.0,0.0,0.0,0.0,0.0,0.0,0.0,0.0,0.0,0.0,0.0,0.0,0.22727128524960713,0.0,0.19328267154997367,0.0,0.15869747526474892,0.0,0.0,0.0,0.0,0.0,0.0,0.0,0.0,0.0,0.0,0.0,0.0,0.0,0.7350192850668406,0.5500694819645251,0.4813174110022686,0.5489952067156421,0.7375467501828664,1.0,0.5375648761659074,0.47660272672136106,0.5524503174809438,0.7354879488141781,0.2858582020785527,0.08634764434982364,0.06059183673396216,0.21506715596483658,0.15346150967511019,0.0,0.0,0.0,0.16157815001348633,0.0,0.0,0.0,0.274526826810889,0.14580871033113477,0.0,0.0,0.21596849735136694,0.13234480176249339,0.0,0.03616277253702249,0.2543364589961616,0.25294230905171516,0.487466433608242,0.4848320227824112,0.25591294314192636,0.0,0.0,0.0,0.0,0.0,0.0,0.0,0.0,0.27216170779099197
0.0,0.09716576325253323,0.2153880020978154,0.15416167711978657,0.004011905725996239,0.0,0.0,0.0,0.0,0.0,0.0,0.0,0.0,0.0,0.0,0.0,0.0,0.0,0.0,0.0,0.0,0.0,0.0,0.0,0.0,0.0,0.28314292693451637,0.0,0.25474550178862365,0.0,0.0,0.05822403633612186,0.0,0.0,0.0,0.0,0.0,0.0,0.0,0.0,0.0,0.0,0.0,0.0,0.7298227088379995,0.5328046622329051,0.29709915925704944,0.20230104886635847,0.29730968866779045,0.5375648761659074,1.0,0.7368517058927999,0.5418834948160217,0.4701944829968434,0.7308258405712956,0.5451728293009107,0.4764084254961445,0.5430502232838798,0.519854393706589,0.29351121383393847,0.21182809431200633,0.3047951942362873,0.40782162457726245,0.15352133370915447,0.017359219957497483,0.07141450988288876,0.4208062214403054,0.18622280025484336,0.0,0.0,0.08085236994303537,0.0802975958996166,0.0,0.0,0.37593137527858017,0.0,0.025478021120066446,0.15642439404371997,0.24992043907892064,0.2498155009391308,0.16283911834489426,0.03538675363565105,0.0,0.0,0.0,0.0,0.0,0.4247855683815257
