1.0,0.738311699615567,0.5469784673978508,0.4723952182531708,0.5435398626687891,0.7350192850668404,0.7298227088379994,0.5455430028325925,0.4771735319807129,0.5420658472247902,0.5221579535016674,0.2988522401598886,0.2148617200522788,0.3048844561883051,0.4077767028679006,0.17139834187326367,0.03828180375697103,0.0838024526280611,0.38386291828036095,0.16162101545029037,0.0,0.0,0.43158427296372165,0.24917525556467007,0.06576029150996412,0.032013019045206106,0.3056126558965603,0.15790354892347874,0.07161744875667884,0.0069802525877719025,0.48601154452625106,0.15869675546769002,0.2501443104499557,0.24826701805943166,0.16323590702967689,0.03454978775108405,0.0,0.0,0.0,0.0,0.0,0.0,0.0,0.39827533475128907,0.0,0.0,0.0,0.0,0.0,0.0,0.0,0.0,0.0,0.0,0.0,0.0,0.0,0.0,0.0,0.0,0.0,0.0,0.0,0.0,0.0,0.0,0.0,0.0,0.0,0.0,0.0,0.0,0.0,0.0,0.0,0.0,0.0,0.0,0.0,0.0,0.0,0.0,0.0,0.0,0.0,0.0,0.0,0.0
0.738311699615567,1.0,0.7425857555082671,0.5485844359642998,0.48344600150200556,0.5500694819645251,0.5328046622329049,0.3053438503201765,0.21892172155923523,0.3080364316734189,0.4317462816332353,0.19356136680637526,0.05026225945412659,0.0893521667305144,0.4207037022515316,0.221417272158679,0.0510234309639007,0.03277963194109836,0.43151094768377907,0.2745175816803607,0.13013117270481694,0.10339516111853468,0.41278888202511055,0.26253808113815186,0.1458859424128591,0.15244000248816014,0.5479752173660222,0.12116841109019033,0.32375875002735616,0.0,0.686871275881802,0.2547214166019895,0.16941422758269506,0.035848851730751655,0.0,0.0,0.0,0.0,0.0,0.0,0.0,0.0,0.0,0.29023282111959614,0.0,0.0,0.0,0.0,0.0,0.0,0.0,0.0,0.0,0.0,0.0,0.0,0.0,0.0,0.0,0.0,0.0,0.0,0.0,0.0,0.0,0.0,0.0,0.0,0.0,0.0,0.0,0.0,0.0,0.0,0.0,0.0,0.0,0.0,0.0,0.0,0.0,0.0,0.0,0.0,0.0,0.0,0.0,0.0
0.5469784673978508,0.7425857555082671,1.0,0.7375064638126809,0.5546019767539507,0.4813174110022687,0.2970991592570495,0.09638568959003609,0.06676455247154914,0.2178924168784706,0.1750702827716615,0.0,0.0,0.0,0.18608110934068803,0.0001340817815204326,0.0,0.0,0.24900296208105346,0.14568961103374206,0.0,0.0,0.2624105002401395,0.18641565849511277,0.10352433072268653,0.08561039006392174,0.7344834620546917,0.07714884391156636,0.4912098650386402,0.0,0.4926984445994399,0.4850309818644327,0.258111939332304,0.0,0.0,0.0,0.0,0.0,0.0,0.0,0.0,0.0,0.0,0.11974035307810776,0.0,0.0,0.0,0.0,0.0,0.0,0.0,0.0,0.0,0.0,0.0,0.0,0.0,0.0,0.0,0.0,0.0,0.0,0.0,0.0,0.0,0.0,0.0,0.0,0.0,0.0,0.0,0.0,0.0,0.0,0.0,0.0,0.0,0.0,0.0,0.0,0.0,0.0,0.0,0.0,0.0,0.0,0.0,0.0
0.4723952182531708,0.5485844359642998,0.7375064638126809,1.0,0.7454839622923984,0.5489952067156422,0.20230104886635847,0.0577597578659256,0.10368523776404756,0.3090694732580196,0.019920146057119423,0.0,0.0,0.0,0.0,0.0,0.0,0.0,0.06556768383015697,0.0,0.0,0.0,0.14571233445027978,0.10346253567836332,0.0,0.0,0.5430375126719919,0.06827688922962676,0.3198808686821624,0.0,0.25615472061024014,0.6862519754642478,0.4914742470138091,0.1364905585131627,0.0,0.0,0.0,0.0,0.0,0.0,0.0,0.0,0.0,0.04266063155826458,0.0,0.0,0.0,0.0,0.0,0.0,0.0,0.0,0.0,0.0,0.0,0.0,0.0,0.0,0.0,0.0,0.0,0.0,0.0,0.0,0.0,0.0,0.0,0.0,0.0,0.0,0.0,0.0,0.0,0.0,0.0,0.0,0.0,0.0,0.0,0.0,0.0,0.0,0.0,0.0,0.0,0.0,0.0,0.0
0.5435398626687891,0.48344600150200556,0.5546019767539507,0.7454839622923984,1.0,0.7375467501828664,0.29730968866779034,0.2149474408695142,0.3142064682224577,0.5428939343665908,0.06690000483141817,0.0,0.0,0.0,0.0,0.0,0.0,0.0,0.03188520581411913,0.0,0.0,0.0,0.15233884429515265,0.08562290518017765,0.0,0.0,0.31206912704910167,0.0943546986028718,0.07805551962297633,0.017554047707623813,0.17054053252549137,0.48946821206647,0.685924344202813,0.3900521789942595,0.037857793226205444,0.0,0.0,0.0,0.0,0.0,0.0,0.0,0.0,0.10799687638014022,0.0,0.0,0.0,0.0,0.0,0.0,0.0,0.0,0.0,0.0,0.0,0.0,0.0,0.0,0.0,0.0,0.0,0.0,0.0,0.0,0.0,0.0,0.0,0.0,0.0,0.0,0.0,0.0,0.0,0.0,0.0,0.0,0.0,0.0,0.0,0.0,0.0,0.0,0.0,0.0,0.0,0.0,0.0,0.0
0.7350192850668404,0.5500694819645251,0.4813174110022687,0.5489952067156422,0.7375467501828664,1.0,0.5375648761659074,0.47660272672136106,0.5524503174809438,0.7354879488141782,0.2858582020785526,0.08634764434982349,0.06059183673396216,0.21506715596483658,0.15346150967511052,0.0,0.0,0.0,0.16157815001348633,0.0,0.0,0.0,0.2745268268108889,0.14580871033113477,0.0,0.0,0.21596849735136694,0.13234480176249372,0.0,0.03616277253702249,0.2543364589961616,0.2529423090517153,0.48746643360824204,0.4848320227824112,0.2559129431419263,0.0,0.0,0.0,0.0,0.0,0.0,0.0,0.0,0.27216170779099214,0.0,0.0,0.0,0.0,0.0,0.0,0.0,0.0,0.0,0.0,0.0,0.0,0.0,0.0,0.0,0.0,0.0,0.0,0.0,0.0,0.0,0.0,0.0,0.0,0.0,0.0,0.0,0.0,0.0,0.0,0.0,0.0,0.0,0.0,0.0,0.0,0.0,0.0,0.0,0.0,0.0,0.0,0.0,0.0
0.7298227088379994,0.5328046622329049,0.2970991592570495,0.20230104886635847,0.29730968866779034,0.5375648761659074,1.0,0.7368517058927999,0.5418834948160217,0.47019448299684347,0.7308258405712957,0.5451728293009106,0.47640842549614437,0.5430502232838798,0.5198543937065893,0.29351121383393847,0.21182809431200633,0.3047951942362873,0.4078216245772623,0.1535213337091548,0.017359219957497483,0.07141450988288876,0.4208062214403055,0.18622280025484336,0.0,0.0,0.08085236994303537,0.08029759589961677,0.0,0.0,0.37593137527858017,0.0,0.025478021120066446,0.15642439404371988,0.24992043907892056,0.2498155009391308,0.16283911834489417,0.035386753635650886,0.0,0.0,0.0,0.0,0.0,0.42478556838152587,0.0,0.0,0.0,0.0,0.0,0.0,0.0,0.0,0.0,0.0,0.0,0.0,0.0,0.0,0.0,0.0,0.0,0.0,0.0,0.0,0.0,0.0,0.0,0.0,0.0,0.0,0.0,0.030782295489824685,0.0,0.08505932968240064,0.0,0.0,0.0,0.0,0.0,0.0,0.0,0.0,0.0,0.0,0.0,0.0,0.0,0.0
0.5455430028325925,0.3053438503201765,0.09638568959003609,0.0577597578659256,0.2149474408695142,0.47660272672136106,0.7368517058927999,1.0,0.7348692653383836,0.5487938631797141,0.5434017393690069,0.4790038765159659,0.5523365526967764,0.7361449390938748,0.2935300948726952,0.08718297906581118,0.05937293097737906,0.21596960507307325,0.17145532594959564,0.0,0.0,0.0,0.22152952731884568,0.0002784323123792863,0.0,0.0,0.0,0.0,0.0,0.0,0.12427002294784303,0.0,0.0,0.2524131302329814,0.48595337096295393,0.4857123570988311,0.25576713912358523,0.0,0.0,0.0,0.0,0.0,0.0,0.27083479930213045,0.0,0.0,0.0,0.0,0.0,0.0,0.0,0.0,0.0,0.0,0.0,0.0,0.0,0.0,0.0,0.0,0.0,0.0,0.0,0.0,0.0,0.0,0.0,0.0,0.0,0.0,0.0,0.1147226877090248,0.0,0.21625957121597547,0.0,0.0,0.0,0.0,0.0,0.0,0.0,0.0,0.0,0.0,0.0,0.0,0.0,0.0
0.4771735319807129,0.21892172155923523,0.06676455247154914,0.10368523776404756,0.3142064682224577,0.5524503174809438,0.5418834948160217,0.7348692653383836,1.0,0.7479072801072145,0.29988304941485733,0.2139623552996481,0.31242735015821105,0.5431620680952345,0.07141615782102698,0.0,0.0,0.0,0.0,0.0,0.0,0.0,0.1034877960538697,0.0,0.0,0.0,0.0,0.0,0.0,0.0,0.0,0.0,0.1418953686589642,0.49192763129655687,0.6858597137663613,0.39315736582745203,0.036580642585780435,0.0,0.0,0.0,0.0,0.0,0.0,0.16898726641167824,0.0,0.0,0.0,0.0,0.0,0.0,0.0,0.0,0.0,0.0,0.0,0.0,0.0,0.0,0.0,0.0,0.0,0.0,0.0,0.0,0.0,0.0,0.0,0.0,0.0,0.0,0.0,0.0,0.0,0.08398086226139392,0.0,0.0,0.0,0.0,0.0,0.0,0.0,0.0,0.0,0.0,0.0,0.0,0.0,0.0
0.5420658472247902,0.3080364316734189,0.2178924168784706,0.3090694732580196,0.5428939343665908,0.7354879488141782,0.47019448299684347,0.5487938631797141,0.7479072801072145,1.0,0.2024445984020898,0.0557220262760264,0.1031154641552907,0.3114714797719801,0.01733041628247196,0.0,0.0,0.0,0.0,0.0,0.0,0.0,0.13018369609217995,0.0,0.0,0.0,0.0,0.020680945834516466,0.0,0.0,0.03155861655865722,0.03311666970243115,0.3921209089535953,0.6859473995062668,0.49262156897038006,0.14238109702705715,0.0,0.0,0.0,0.0,0.0,0.0,0.0,0.17535360985106355,0.0,0.0,0.0,0.0,0.0,0.0,0.0,0.0,0.0,0.0,0.0,0.0,0.0,0.0,0.0,0.0,0.0,0.0,0.0,0.0,0.0,0.0,0.0,0.0,0.0,0.0,0.0,0.0,0.0,0.0,0.0,0.0,0.0,0.0,0.0,0.0,0.0,0.0,0.0,0.0,0.0,0.0,0.0,0.0
0.5221579535016674,0.4317462816332353,0.1750702827716615,0.019920146057119423,0.06690000483141817,0.2858582020785526,0.7308258405712957,0.5434017393690069,0.29988304941485733,0.2024445984020898,1.0,0.7354338519476321,0.5421458949076715,0.4746586861749269,0.7308329467768323,0.5433930376353535,0.4746491442808574,0.5421408863216476,0.5221856038138053,0.28588620825454086,0.20245917319030482,0.299882920217931,0.4317991158693806,0.17512770389141538,0.01997846247281552,0.0669432184550596,0.012207051647104417,0.012275249897981594,0.0,0.0,0.37542369673675047,0.0,0.0,0.0,0.03131848435134596,0.16110472954311988,0.2491441854496329,0.24914467228733483,0.16109753139614888,0.03130913242218649,0.0,0.0,0.0,0.37546735304669,0.0,0.0,0.0,0.031094129741667847,0.0,0.0,0.0,0.0,0.0,0.0,0.0,0.0,0.0,0.0,0.0,0.0,0.0,0.0,0.0,0.0,0.0,0.0,0.0,0.0,0.0,0.0,0.0,0.07304410407518301,0.0,0.07132117050428327,0.0,0.010739326654599686,0.0,0.0,0.0,0.0,0.0,0.0,0.0,0.0,0.0,0.0,0.0,0.0
0.2988522401598886,0.19356136680637526,0.0,0.0,0.0,0.08634764434982349,0.5451728293009106,0.4790038765159659,0.2139623552996481,0.0557220262760264,0.7354338519476321,1.0,0.7361610214488487,0.5513001097073589,0.545192910493247,0.4790033030149738,0.5512961470075224,0.7361584615212806,0.29888532012077595,0.08636607432010392,0.05572888398012662,0.21395856273320696,0.19361739598469474,0.0,0.0,0.0,0.0,0.0,0.0,0.0,0.15085850979495213,0.0,0.0,0.0,0.0,0.25466063867982003,0.48621977258195676,0.4862216473140121,0.2546575735571815,0.0,0.0,0.0,0.0,0.15092505954842506,0.0,0.01296500358933427,0.1695338000625931,0.2647660435980712,0.16723227312662703,0.002524001858104908,0.0,0.0,0.0,0.0,0.0,0.0,0.0,0.0,0.0,0.0,0.0,0.0,0.0,0.0,0.0,0.0,0.03029515501307441,0.195144950836855,0.17751843564035535,0.0,0.12921473912344947,0.274338374804568,0.015113158434521975,0.24371081202092393,0.0,0.20975935689096892,0.02870362162384035,0.0,0.0,0.0,0.0,0.0,0.0,0.0,0.0,0.0,0.12113051195650236,0.0
0.2148617200522788,0.05026225945412659,0.0,0.0,0.0,0.06059183673396216,0.47640842549614437,0.5523365526967764,0.31242735015821105,0.1031154641552907,0.5421458949076715,0.7361610214488487,1.0,0.7473485527542533,0.30482088775704547,0.21597432146299056,0.31196243743243973,0.5435019505194719,0.083848994704001,0.0,0.0,0.0,0.032858431375059186,0.0,0.0,0.0,0.0,0.0,0.0,0.0,0.0,0.0,0.0,0.0,0.14253170484449032,0.49137964818303514,0.6858858387054677,0.39334235097740505,0.03534911643399618,0.0,0.0,0.0,0.0,0.03758940090335908,0.031136613813875204,0.03890124896076533,0.1517362886682924,0.28172780744561804,0.26836473840696423,0.13228931604938501,0.0,0.0,0.0,0.0,0.0,0.0,0.0,0.0,0.0,0.0,0.0,0.0,0.0,0.0,0.0,0.0,0.10868556166084817,0.25759553605250807,0.16175085743364032,0.0,0.03705466202561036,0.40388306151637915,0.0,0.4250144117923019,0.0,0.18146639465182215,0.1555710925276172,0.0,0.0,0.0,0.0,0.0,0.0,0.0,0.0,0.0,0.08011872174255713,0.0
0.3048844561883051,0.0893521667305144,0.0,0.0,0.0,0.21506715596483658,0.5430502232838798,0.7361449390938748,0.5431620680952345,0.3114714797719801,0.4746586861749269,0.5513001097073589,0.7473485527542533,1.0,0.2118558739847609,0.05938042785577318,0.1027691227164579,0.311963152523208,0.03834027551808234,0.0,0.0,0.0,0.05112559702823665,0.0,0.0,0.0,0.0,0.0,0.0,0.0,0.0,0.0,0.0,0.03565075105454982,0.394206235396475,0.6859120053598566,0.4914738053754068,0.14153758898362465,0.0,0.0,0.0,0.0,0.0,0.0935276603152896,0.0,0.0,0.0,0.06632299573330319,0.09463503597076031,0.0,0.0,0.0,0.0,0.0,0.0,0.0,0.0,0.0,0.0,0.0,0.0,0.0,0.0,0.0,0.0,0.0,0.0,0.09057071933520491,0.0,0.0,0.0,0.29311111274795193,0.0,0.3917322247253698,0.0,0.0,0.0267423695003986,0.0,0.0,0.0,0.0,0.0,0.0,0.0,0.0,0.0,0.0,0.0
0.4077767028679006,0.4207037022515316,0.18608110934068803,0.0,0.0,0.15346150967511052,0.5198543937065893,0.2935300948726952,0.07141615782102698,0.01733041628247196,0.7308329467768323,0.545192910493247,0.30482088775704547,0.2118558739847609,1.0,0.7368541843879279,0.5430596221366739,0.4764261334404326,0.729829823462707,0.5375717041743895,0.47020042303664616,0.5418886869129661,0.5328217500913718,0.2971134495533439,0.20231618832931386,0.29731927584814044,0.08012988968917795,0.08087209911508154,0.0,0.0,0.42470257328208083,0.0,0.0,0.0,0.0,0.0,0.03540918947442026,0.1628612762110236,0.24982393426340527,0.2499226434949474,0.1564284195338691,0.025486598464621722,0.0,0.3759408876675582,0.0,0.0,0.0,0.0,0.0,0.0,0.0,0.0,0.0,0.0,0.0,0.0,0.0,0.0,0.0,0.0,0.0,0.0,0.0,0.0,0.0,0.0,0.0,0.0,0.0,0.0,0.0,0.0,0.0,0.0,0.0,0.0,0.0,0.0,0.0,0.0,0.0,0.0,0.0,0.0,0.0,0.0,0.0,0.0
0.17139834187326367,0.221417272158679,0.0001340817815204326,0.0,0.0,0.0,0.29351121383393847,0.08718297906581118,0.0,0.0,0.5433930376353535,0.4790033030149738,0.21597432146299056,0.05938042785577318,0.7368541843879279,1.0,0.7361435343060979,0.5523368910938942,0.5455507897039725,0.47659812141971475,0.5487905043678399,0.734866784056835,0.30535686408213025,0.09638402477281982,0.057749493504742525,0.21493304079988876,0.0,0.0,0.0,0.0,0.27072249294403705,0.0,0.0,0.0,0.0,0.0,0.0,0.2557708857158411,0.48571204620172376,0.4859505214807158,0.2524077719996939,0.0,0.0,0.12428583946186038,0.0,0.0,0.0,0.025794437101276543,0.0,0.0,0.0,0.0,0.0,0.0,0.0,0.0,0.0,0.0,0.0,0.0,0.0,0.0,0.0,0.0,0.0,0.0,0.0,0.0,0.0,0.0,0.10655207102511788,0.0,0.11507495411166607,0.0,0.0,0.030010985862889663,0.0,0.0,0.0,0.0,0.0,0.0,0.0,0.0,0.0,0.0,0.0,0.0
0.03828180375697103,0.0510234309639007,0.0,0.0,0.0,0.0,0.21182809431200633,0.05937293097737906,0.0,0.0,0.4746491442808574,0.5512961470075224,0.31196243743243973,0.1027691227164579,0.5430596221366739,0.7361435343060979,1.0,0.7473476405900831,0.30489588796840145,0.21505555525095504,0.3114557824475635,0.5431442561751303,0.08937274086619973,0.0,0.0,0.0,0.0,0.0,0.0,0.0,0.09341202093277629,0.0,0.0,0.0,0.0,0.0,0.14153603905131834,0.49147615903094477,0.6859137564834819,0.3941831739374138,0.03562948617363573,0.0,0.0,0.0,0.0,0.04915499992005891,0.24190832501385506,0.2317746514181731,0.02835804720235562,0.0,0.0,0.0,0.0,0.0,0.0,0.0,0.0,0.0,0.0,0.0,0.0,0.0,0.0,0.0,0.0,0.0,0.0,0.0782946732984411,0.15813672511957935,0.08063916649528953,0.3455598419342723,0.031135674521587466,0.33037567196348117,0.0,0.0,0.1996593980641965,0.0,0.0,0.0,0.0,0.0,0.0,0.0,0.0,0.0,0.0,0.08246307579162798,0.0
0.0838024526280611,0.03277963194109836,0.0,0.0,0.0,0.0,0.3047951942362873,0.21596960507307325,0.0,0.0,0.5421408863216476,0.7361584615212806,0.5435019505194719,0.311963152523208,0.4764261334404326,0.5523368910938942,0.7473476405900831,1.0,0.21488521520270418,0.060591451050135886,0.10310724514154292,0.3124141452111402,0.050301253385478445,0.0,0.0,0.0,0.0,0.0,0.0,0.0,0.03749343328058183,0.0,0.0,0.0,0.0,0.03535047942795815,0.39334118197050266,0.6858898718203943,0.4913785985862029,0.14250903205465082,0.0,0.0,0.0,0.0,0.05411277437915692,0.18448030888262937,0.35754418348693606,0.38674681245803216,0.22396229812954146,0.06702651876452087,0.0,0.0,0.0,0.0,0.0,0.0,0.0,0.0,0.0,0.0,0.0,0.0,0.015127215548478947,0.018004527925355965,0.0,0.0,0.12254843252498038,0.25320380821481886,0.26977737147522163,0.14284330487660774,0.3678737819305803,0.24219515215909332,0.27117818273261246,0.1414001537368134,0.0,0.32180275731980734,0.03293357283438964,0.0,0.0,0.0,0.0,0.0,0.0,0.0,0.0,0.0,0.17519590673456914,0.0
0.38386291828036095,0.43151094768377907,0.24900296208105346,0.06556768383015697,0.03188520581411913,0.16157815001348633,0.4078216245772623,0.17145532594959564,0.0,0.0,0.5221856038138053,0.29888532012077595,0.083848994704001,0.03834027551808234,0.729829823462707,0.5455507897039725,0.30489588796840145,0.21488521520270418,1.0,0.7350230317108086,0.5420716421444001,0.47718395562751514,0.7383153486885485,0.5469841755728851,0.47240405761638943,0.5435466278895796,0.15768920494990588,0.3056212707215054,0.006733451910835585,0.07163017722161176,0.3982560089762985,0.0,0.0,0.0,0.0,0.0,0.0,0.0,0.034556585177379466,0.16324434303735924,0.24826869997184012,0.2501518444931318,0.15871082211120974,0.4860059655254522,0.0,0.0,0.0,0.0,0.0,0.0,0.0,0.0,0.0,0.0,0.0,0.0,0.0,0.0,0.0,0.0,0.0,0.0,0.0,0.0,0.0,0.0,0.0,0.0,0.0,0.0,0.0,0.0,0.0,0.0,0.0,0.0,0.0,0.0,0.0,0.0,0.0,0.0,0.0,0.0,0.0,0.0,0.0,0.0
0.16162101545029037,0.2745175816803607,0.14568961103374206,0.0,0.0,0.0,0.1535213337091548,0.0,0.0,0.0,0.28588620825454086,0.08636607432010392,0.0,0.0,0.5375717041743895,0.47659812141971475,0.21505555525095504,0.060591451050135886,0.7350230317108086,1.0,0.7354856496313288,0.5524487272998302,0.5500656423558554,0.48131256964170216,0.5489913331883011,0.7375427042355271,0.13216406494202537,0.21596346364078214,0.03592697190261488,0.0,0.27220535822743586,0.0,0.0,0.0,0.0,0.0,0.0,0.0,0.0,0.2559084209390036,0.48482691903384373,0.48746563895466594,0.2529434748647228,0.2543285102200728,0.0,0.0,0.0,0.0,0.0,0.0,0.0,0.0,0.0,0.0,0.0,0.0,0.0,0.0,0.0,0.0,0.0,0.0,0.0,0.0,0.0,0.0,0.0,0.0,0.0,0.0,0.0,0.0,0.0,0.0,0.0,0.0,0.0,0.0,0.0,0.0,0.0,0.0,0.0,0.0,0.0,0.0,0.0,0.0
0.0,0.13013117270481694,0.0,0.0,0.0,0.0,0.017359219957497483,0.0,0.0,0.0,0.20245917319030482,0.05572888398012662,0.0,0.0,0.47020042303664616,0.5487905043678399,0.3114557824475635,0.10310724514154292,0.5420716421444001,0.7354856496313288,1.0,0.7479076882250557,0.30803663593407576,0.21788380689369344,0.3090544852665932,0.542876167299301,0.020476230037909104,0.0,0.0,0.0,0.17533432923419626,0.0,0.0,0.0,0.0,0.0,0.0,0.0,0.14235384630976605,0.49261960274115907,0.6859448395008194,0.39210026499006156,0.03310326235352385,0.03155776193507528,0.0,0.0,0.0,0.0,0.0,0.0,0.0,0.0,0.0,0.0,0.0,0.0,0.0,0.0,0.0,0.0,0.0,0.0,0.0,0.0,0.0,0.0,0.0,0.0,0.0,0.0,0.0,0.0,0.0,0.0,0.0,0.0,0.0,0.0,0.0,0.0,0.0,0.0,0.0,0.0,0.0,0.0,0.0,0.0
0.0,0.10339516111853468,0.0,0.0,0.0,0.0,0.07141450988288876,0.0,0.0,0.0,0.299882920217931,0.21395856273320696,0.0,0.0,0.5418886869129661,0.734866784056835,0.5431442561751303,0.3124141452111402,0.47718395562751514,0.5524487272998302,0.7479076882250557,1.0,0.218931170359065,0.06675958230670385,0.10367028763280628,0.31418852502613387,0.0,0.0,0.0,0.0,0.16890524837077547,0.0,0.0,0.0,0.0,0.0,0.0,0.036565719860685963,0.3931312557341413,0.6858570514992073,0.4919257690650959,0.14187164285903817,0.0,0.0,0.0,0.0,0.0,0.0,0.0,0.0,0.0,0.0,0.0,0.0,0.0,0.0,0.0,0.0,0.0,0.0,0.0,0.0,0.0,0.0,0.0,0.0,0.0,0.0,0.0,0.0,0.0,0.0,0.056146943457224076,0.0,0.0,0.0,0.0,0.0,0.0,0.0,0.0,0.0,0.0,0.0,0.0,0.0,0.0,0.0
0.43158427296372165,0.41278888202511055,0.2624105002401395,0.14571233445027978,0.15233884429515265,0.2745268268108889,0.4208062214403055,0.22152952731884568,0.1034877960538697,0.13018369609217995,0.4317991158693806,0.19361739598469474,0.032858431375059186,0.05112559702823665,0.5328217500913718,0.30535686408213025,0.08937274086619973,0.050301253385478445,0.7383153486885485,0.5500656423558554,0.30803663593407576,0.218931170359065,1.0,0.7425819471720329,0.548580794770537,0.4834428207969811,0.12100213708141923,0.5479786942833598,0.0,0.323768943255964,0.2902903622385722,0.0,0.0,0.0,0.0,0.0,0.0,0.0,0.0,0.0,0.03584191083119597,0.16941245535054916,0.254722603547839,0.686867115641535,0.0,0.0,0.0,0.0,0.0,0.0,0.0,0.0,0.0,0.0,0.0,0.0,0.0,0.0,0.0,0.0,0.0,0.0,0.0,0.0,0.0,0.0,0.0,0.0,0.0,0.0,0.0,0.0,0.0,0.0,0.0,0.0,0.0,0.0,0.0,0.0,0.0,0.0,0.0,0.0,0.0,0.0,0.0,0.0
0.24917525556467007,0.26253808113815186,0.18641565849511277,0.10346253567836332,0.08562290518017765,0.14580871033113477,0.18622280025484336,0.0002784323123792863,0.0,0.0,0.17512770389141538,0.0,0.0,0.0,0.2971134495533439,0.09638402477281982,0.0,0.0,0.5469841755728851,0.48131256964170216,0.21788380689369344,0.06675958230670385,0.7425819471720329,1.0,0.7375054297729251,0.554601260600101,0.07709535542109118,0.7344830893186187,0.0,0.49120780517825297,0.11990628317288841,0.0,0.0,0.0,0.0,0.0,0.0,0.0,0.0,0.0,0.0,0.258112203253794,0.48503486183656347,0.4926915109016561,0.0,0.0,0.0,0.0,0.0,0.0,0.0,0.0,0.0,0.0,0.0,0.0,0.0,0.0,0.0,0.0,0.0,0.0,0.0,0.0,0.0,0.0,0.0,0.0,0.0,0.0,0.0,0.0,0.0,0.0,0.0,0.0,0.0,0.0,0.0,0.0,0.0,0.0,0.0,0.0,0.0,0.0,0.0,0.0
0.06576029150996412,0.1458859424128591,0.10352433072268653,0.0,0.0,0.0,0.0,0.0,0.0,0.0,0.01997846247281552,0.0,0.0,0.0,0.20231618832931386,0.057749493504742525,0.0,0.0,0.47240405761638943,0.5489913331883011,0.3090544852665932,0.10367028763280628,0.548580794770537,0.7375054297729251,1.0,0.745484754911467,0.06828415429904443,0.5430285868337055,0.0,0.3198621211444328,0.04287372936252599,0.0,0.0,0.0,0.0,0.0,0.0,0.0,0.0,0.0,0.13646644613626294,0.4914749202934835,0.6862571716166457,0.2561471542414845,0.0,0.0,0.0,0.0,0.0,0.0,0.0,0.0,0.0,0.0,0.0,0.0,0.0,0.0,0.0,0.0,0.0,0.0,0.0,0.0,0.0,0.0,0.0,0.0,0.0,0.0,0.0,0.0,0.0,0.0,0.0,0.0,0.0,0.0,0.0,0.0,0.0,0.0,0.0,0.0,0.0,0.0,0.0,0.0
0.032013019045206106,0.15244000248816014,0.08561039006392174,0.0,0.0,0.0,0.0,0.0,0.0,0.0,0.0669432184550596,0.0,0.0,0.0,0.29731927584814044,0.21493304079988876,0.0,0.0,0.5435466278895796,0.7375427042355271,0.542876167299301,0.31418852502613387,0.4834428207969811,0.554601260600101,0.745484754911467,1.0,0.09428231684390043,0.31206389652567085,0.01741886151383672,0.07804229444202809,0.10814885305710742,0.0,0.0,0.0,0.0,0.0,0.0,0.0,0.0,0.03783270403423094,0.3900270868548401,0.6859254854750406,0.489473617271461,0.17053323389832173,0.0,0.0,0.0,0.0,0.0,0.0,0.0,0.0,0.0,0.0,0.0,0.0,0.0,0.0,0.0,0.0,0.0,0.0,0.0,0.0,0.0,0.0,0.0,0.0,0.0,0.0,0.0,0.0,0.0,0.0,0.0,0.0,0.0,0.0,0.0,0.0,0.0,0.0,0.0,0.0,0.0,0.0,0.0,0.0
0.3056126558965603,0.5479752173660222,0.7344834620546917,0.5430375126719919,0.31206912704910167,0.21596849735136694,0.08085236994303537,0.0,0.0,0.0,0.012207051647104417,0.0,0.0,0.0,0.08012988968917795,0.0,0.0,0.0,0.15768920494990588,0.13216406494202537,0.020476230037909104,0.0,0.12100213708141923,0.07709535542109118,0.06828415429904443,0.09428231684390043,1.0,0.0,0.7567248102258687,0.0,0.399751784235941,0.3893285728817951,0.03550730316421839,0.0,0.0,0.0,0.0,0.0,0.0,0.0,0.0,0.0,0.0,0.0,0.0,0.0,0.0,0.0,0.0,0.0,0.0,0.0,0.0,0.0,0.0,0.0,0.0,0.0,0.0,0.0,0.0,0.0,0.0,0.0,0.0,0.0,0.0,0.0,0.0,0.0,0.0,0.0,0.0,0.0,0.0,0.0,0.0,0.0,0.0,0.0,0.0,0.0,0.0,0.0,0.0,0.0,0.0,0.0
0.15790354892347874,0.12116841109019033,0.07714884391156636,0.06827688922962676,0.0943546986028718,0.13234480176249372,0.08029759589961677,0.0,0.0,0.020680945834516466,0.012275249897981594,0.0,0.0,0.0,0.08087209911508154,0.0,0.0,0.0,0.3056212707215054,0.21596346364078214,0.0,0.0,0.5479786942833598,0.7344830893186187,0.5430285868337055,0.31206389652567085,0.0,1.0,0.0,0.7567231556446239,0.0,0.0,0.0,0.0,0.0,0.0,0.0,0.0,0.0,0.0,0.0,0.035501137042064944,0.3893178660356879,0.39975764222751636,0.0,0.0,0.0,0.0,0.0,0.0,0.0,0.0,0.0,0.0,0.0,0.0,0.0,0.0,0.0,0.0,0.0,0.0,0.0,0.0,0.0,0.0,0.0,0.0,0.0,0.0,0.0,0.0,0.0,0.0,0.0,0.0,0.0,0.0,0.0,0.0,0.0,0.0,0.0,0.0,0.0,0.0,0.0,0.0
0.07161744875667884,0.32375875002735616,0.4912098650386402,0.3198808686821624,0.07805551962297633,0.0,0.0,0.0,0.0,0.0,0.0,0.0,0.0,0.0,0.0,0.0,0.0,0.0,0.006733451910835585,0.03592697190261488,0.0,0.0,0.0,0.0,0.0,0.01741886151383672,0.7567248102258687,0.0,1.0,0.0,0.2331204732836464,0.22327104320780514,0.0,0.0,0.0,0.0,0.0,0.0,0.0,0.0,0.0,0.0,0.0,0.0,0.0,0.0,0.0,0.0,0.0,0.0,0.0,0.0,0.0,0.0,0.0,0.0,0.0,0.0,0.0,0.0,0.0,0.0,0.0,0.0,0.0,0.0,0.0,0.0,0.0,0.0,0.0,0.0,0.0,0.0,0.0,0.0,0.0,0.0,0.0,0.0,0.0,0.0,0.0,0.0,0.0,0.0,0.0,0.0
0.0069802525877719025,0.0,0.0,0.0,0.017554047707623813,0.03616277253702249,0.0,0.0,0.0,0.0,0.0,0.0,0.0,0.0,0.0,0.0,0.0,0.0,0.07163017722161176,0.0,0.0,0.0,0.323768943255964,0.49120780517825297,0.3198621211444328,0.07804229444202809,0.0,0.7567231556446239,0.0,1.0,0.0,0.0,0.0,0.0,0.0,0.0,0.0,0.0,0.0,0.0,0.0,0.0,0.22324025847443585,0.23314280914453336,0.0,0.0,0.0,0.0,0.0,0.0,0.0,0.0,0.0,0.0,0.0,0.0,0.0,0.0,0.0,0.0,0.0,0.0,0.0,0.0,0.0,0.0,0.0,0.0,0.0,0.0,0.0,0.0,0.0,0.0,0.0,0.0,0.0,0.0,0.0,0.0,0.0,0.0,0.0,0.0,0.0,0.0,0.0,0.0
0.48601154452625106,0.686871275881802,0.4926984445994399,0.25615472061024014,0.17054053252549137,0.2543364589961616,0.37593137527858017,0.12427002294784303,0.0,0.03155861655865722,0.37542369673675047,0.15085850979495213,0.0,0.0,0.42470257328208083,0.27072249294403705,0.09341202093277629,0.03749343328058183,0.3982560089762985,0.27220535822743586,0.17533432923419626,0.16890524837077547,0.2902903622385722,0.11990628317288841,0.04287372936252599,0.10814885305710742,0.399751784235941,0.0,0.2331204732836464,0.0,1.0,0.0,0.0,0.0,0.0,0.0,0.0,0.0,0.0,0.0,0.0,0.0,0.0,0.1670440305720713,0.0,0.0,0.0,0.0,0.0,0.0,0.0,0.0,0.0,0.0,0.0,0.0,0.0,0.0,0.0,0.0,0.0,0.0,0.0,0.0,0.0,0.0,0.0,0.0,0.0,0.0,0.0,0.0,0.0,0.0,0.0,0.0,0.0,0.0,0.0,0.0,0.0,0.0,0.0,0.0,0.0,0.0,0.0,0.0
0.15869675546769002,0.2547214166019895,0.4850309818644327,0.6862519754642478,0.48946821206647,0.2529423090517153,0.0,0.0,0.0,0.03311666970243115,0.0,0.0,0.0,0.0,0.0,0.0,0.0,0.0,0.0,0.0,0.0,0.0,0.0,0.0,0.0,0.0,0.3893285728817951,0.0,0.22327104320780514,0.0,0.0,1.0,0.40669789815773855,0.0,0.0,0.0,0.0,0.0,0.0,0.0,0.0,0.0,0.0,0.0,0.0,0.0,0.0,0.0,0.0,0.0,0.0,0.0,0.0,0.0,0.0,0.0,0.0,0.0,0.0,0.0,0.0,0.0,0.0,0.0,0.0,0.0,0.0,0.0,0.0,0.0,0.0,0.0,0.0,0.0,0.0,0.0,0.0,0.0,0.0,0.0,0.0,0.0,0.0,0.0,0.0,0.0,0.0,0.0
0.2501443104499557,0.16941422758269506,0.258111939332304,0.4914742470138091,0.685924344202813,0.48746643360824204,0.025478021120066446,0.0,0.1418953686589642,0.3921209089535953,0.0,0.0,0.0,0.0,0.0,0.0,0.0,0.0,0.0,0.0,0.0,0.0,0.0,0.0,0.0,0.0,0.03550730316421839,0.0,0.0,0.0,0.0,0.40669789815773855,1.0,0.41914363684581213,0.0,0.0,0.0,0.0,0.0,0.0,0.0,0.0,0.0,0.0,0.0,0.0,0.0,0.0,0.0,0.0,0.0,0.0,0.0,0.0,0.0,0.0,0.0,0.0,0.0,0.0,0.0,0.0,0.0,0.0,0.0,0.0,0.0,0.0,0.0,0.0,0.0,0.0,0.0,0.0,0.0,0.0,0.0,0.0,0.0,0.0,0.0,0.0,0.0,0.0,0.0,0.0,0.0,0.0
0.24826701805943166,0.035848851730751655,0.0,0.1364905585131627,0.3900521789942595,0.4848320227824112,0.15642439404371988,0.2524131302329814,0.49192763129655687,0.6859473995062668,0.0,0.0,0.0,0.03565075105454982,0.0,0.0,0.0,0.0,0.0,0.0,0.0,0.0,0.0,0.0,0.0,0.0,0.0,0.0,0.0,0.0,0.0,0.0,0.41914363684581213,1.0,0.40868170748700494,0.0,0.0,0.0,0.0,0.0,0.0,0.0,0.0,0.0,0.0,0.0,0.0,0.0,0.0,0.0,0.0,0.0,0.0,0.0,0.0,0.0,0.0,0.0,0.0,0.0,0.0,0.0,0.0,0.0,0.0,0.0,0.0,0.0,0.0,0.0,0.0,0.0,0.0,0.0,0.0,0.0,0.0,0.0,0.0,0.0,0.0,0.0,0.0,0.0,0.0,0.0,0.0,0.0
0.16323590702967689,0.0,0.0,0.0,0.037857793226205444,0.2559129431419263,0.24992043907892056,0.48595337096295393,0.6858597137663613,0.49262156897038006,0.03131848435134596,0.0,0.14253170484449032,0.394206235396475,0.0,0.0,0.0,0.0,0.0,0.0,0.0,0.0,0.0,0.0,0.0,0.0,0.0,0.0,0.0,0.0,0.0,0.0,0.0,0.40868170748700494,1.0,0.42563222068916107,0.0,0.0,0.0,0.0,0.0,0.0,0.0,0.0,0.0,0.0,0.0,0.0,0.0,0.0,0.0,0.0,0.0,0.0,0.0,0.0,0.0,0.0,0.0,0.0,0.0,0.0,0.0,0.0,0.0,0.0,0.0,0.0,0.0,0.0,0.0,0.0,0.0,0.0,0.0,0.0,0.0,0.0,0.0,0.0,0.0,0.0,0.0,0.0,0.0,0.0,0.0,0.0
0.03454978775108405,0.0,0.0,0.0,0.0,0.0,0.2498155009391308,0.4857123570988311,0.39315736582745203,0.14238109702705715,0.16110472954311988,0.25466063867982003,0.49137964818303514,0.6859120053598566,0.0,0.0,0.0,0.03535047942795815,0.0,0.0,0.0,0.0,0.0,0.0,0.0,0.0,0.0,0.0,0.0,0.0,0.0,0.0,0.0,0.0,0.42563222068916107,1.0,0.4065338032563367,0.0,0.0,0.0,0.0,0.0,0.0,0.0,0.0,0.0,0.0,0.0,0.0,0.0,0.0,0.0,0.0,0.0,0.0,0.0,0.0,0.0,0.0,0.0,0.0,0.0,0.0,0.0,0.0,0.0,0.0,0.0,0.0,0.0,0.0,0.20566921874893418,0.0,0.3796729426299029,0.0,0.0,0.0,0.0,0.0,0.0,0.0,0.0,0.0,0.0,0.0,0.0,0.0,0.0
0.0,0.0,0.0,0.0,0.0,0.0,0.16283911834489417,0.25576713912358523,0.036580642585780435,0.0,0.2491441854496329,0.48621977258195676,0.6858858387054677,0.4914738053754068,0.03540918947442026,0.0,0.14153603905131834,0.39334118197050266,0.0,0.0,0.0,0.0,0.0,0.0,0.0,0.0,0.0,0.0,0.0,0.0,0.0,0.0,0.0,0.0,0.0,0.4065338032563367,1.0,0.42403613693710146,0.0,0.0,0.0,0.0,0.0,0.0,0.142835453431538,0.11935380345968698,0.22409683902514677,0.3836985716287829,0.4108317987544324,0.27346465737858194,0.0,0.0,0.0,0.09063072343280341,0.0,0.0,0.0,0.0,0.0,0.0,0.0,0.0,0.0,0.0,0.0,0.0,0.18828049345665157,0.32227233344288014,0.13585885629032343,0.0,0.021173115553626276,0.4869688658698372,0.0,0.47082359960608305,0.0,0.1881896272693749,0.23229619160076415,0.0,0.0,0.0,0.0,0.0,0.0,0.0,0.0,0.0,0.0,0.055235652772594145
0.0,0.0,0.0,0.0,0.0,0.0,0.035386753635650886,0.0,0.0,0.0,0.24914467228733483,0.4862216473140121,0.39334235097740505,0.14153758898362465,0.1628612762110236,0.2557708857158411,0.49147615903094477,0.6858898718203943,0.0,0.0,0.0,0.036565719860685963,0.0,0.0,0.0,0.0,0.0,0.0,0.0,0.0,0.0,0.0,0.0,0.0,0.0,0.0,0.42403613693710146,1.0,0.4065324070792949,0.0,0.0,0.0,0.0,0.0,0.17588091484553303,0.3469283462627567,0.5410605618314144,0.5293192020801404,0.3226173359117339,0.16032877562320705,0.0,0.0,0.0,0.0,0.0,0.0,0.0,0.0,0.0,0.0,0.0,0.0,0.09878284380738456,0.06347619025689069,0.0,0.0,0.22709953499294527,0.339200794591594,0.3108891151996739,0.16913895673292076,0.49748933991418304,0.27657330194268653,0.31215862711868797,0.10366742444082636,0.06903334836593016,0.3651552090371013,0.02867229775993593,0.0,0.0,0.0,0.0,0.0,0.0,0.0,0.0,0.0,0.11719371359821372,0.0
0.0,0.0,0.0,0.0,0.0,0.0,0.0,0.0,0.0,0.0,0.16109753139614888,0.2546575735571815,0.03534911643399618,0.0,0.24982393426340527,0.48571204620172376,0.6859137564834819,0.4913785985862029,0.034556585177379466,0.0,0.14235384630976605,0.3931312557341413,0.0,0.0,0.0,0.0,0.0,0.0,0.0,0.0,0.0,0.0,0.0,0.0,0.0,0.0,0.0,0.4065324070792949,1.0,0.4255876537388032,0.0,0.0,0.0,0.0,0.0,0.0,0.21662624534188052,0.12642382931920004,0.0,0.0,0.0,0.0,0.0,0.0,0.0,0.0,0.0,0.0,0.0,0.0,0.0,0.0,0.0,0.0,0.0,0.0,0.0,0.0,0.04340970526047915,0.017093026339931223,0.42933495665426086,0.0,0.47678812930492587,0.0,0.0,0.06250038063846312,0.0,0.0,0.0,0.0,0.0,0.0,0.0,0.0,0.0,0.0,0.0,0.0
0.0,0.0,0.0,0.0,0.0,0.0,0.0,0.0,0.0,0.0,0.03130913242218649,0.0,0.0,0.0,0.2499226434949474,0.4859505214807158,0.3941831739374138,0.14250903205465082,0.16324434303735924,0.2559084209390036,0.49261960274115907,0.6858570514992073,0.0,0.0,0.0,0.03783270403423094,0.0,0.0,0.0,0.0,0.0,0.0,0.0,0.0,0.0,0.0,0.0,0.0,0.4255876537388032,1.0,0.40867814767010674,0.0,0.0,0.0,0.0,0.0,0.0,0.0,0.0,0.0,0.0,0.0,0.0,0.0,0.0,0.0,0.0,0.0,0.0,0.0,0.0,0.0,0.0,0.0,0.0,0.0,0.0,0.0,0.0,0.0,0.0,0.0,0.05596656405229622,0.0,0.0,0.0,0.0,0.0,0.0,0.0,0.0,0.0,0.0,0.0,0.0,0.0,0.0,0.0
0.0,0.0,0.0,0.0,0.0,0.0,0.0,0.0,0.0,0.0,0.0,0.0,0.0,0.0,0.1564284195338691,0.2524077719996939,0.03562948617363573,0.0,0.24826869997184012,0.48482691903384373,0.6859448395008194,0.4919257690650959,0.03584191083119597,0.0,0.13646644613626294,0.3900270868548401,0.0,0.0,0.0,0.0,0.0,0.0,0.0,0.0,0.0,0.0,0.0,0.0,0.0,0.40867814767010674,1.0,0.41910284776663165,0.0,0.0,0.0,0.0,0.0,0.0,0.0,0.0,0.0,0.0,0.0,0.0,0.0,0.0,0.0,0.0,0.0,0.0,0.0,0.0,0.0,0.0,0.0,0.0,0.0,0.0,0.0,0.0,0.0,0.0,0.0,0.0,0.0,0.0,0.0,0.0,0.0,0.0,0.0,0.0,0.0,0.0,0.0,0.0,0.0,0.0
0.0,0.0,0.0,0.0,0.0,0.0,0.0,0.0,0.0,0.0,0.0,0.0,0.0,0.0,0.025486598464621722,0.0,0.0,0.0,0.2501518444931318,0.48746563895466594,0.39210026499006156,0.14187164285903817,0.16941245535054916,0.258112203253794,0.4914749202934835,0.6859254854750406,0.0,0.035501137042064944,0.0,0.0,0.0,0.0,0.0,0.0,0.0,0.0,0.0,0.0,0.0,0.0,0.41910284776663165,1.0,0.4067018084726064,0.0,0.0,0.0,0.0,0.0,0.0,0.0,0.0,0.0,0.0,0.0,0.0,0.0,0.0,0.0,0.0,0.0,0.0,0.0,0.0,0.0,0.0,0.0,0.0,0.0,0.0,0.0,0.0,0.0,0.0,0.0,0.0,0.0,0.0,0.0,0.0,0.0,0.0,0.0,0.0,0.0,0.0,0.0,0.0,0.0
0.0,0.0,0.0,0.0,0.0,0.0,0.0,0.0,0.0,0.0,0.0,0.0,0.0,0.0,0.0,0.0,0.0,0.0,0.15871082211120974,0.2529434748647228,0.03310326235352385,0.0,0.254722603547839,0.48503486183656347,0.6862571716166457,0.489473617271461,0.0,0.3893178660356879,0.0,0.22324025847443585,0.0,0.0,0.0,0.0,0.0,0.0,0.0,0.0,0.0,0.0,0.0,0.4067018084726064,1.0,0.0,0.0,0.0,0.0,0.0,0.0,0.0,0.0,0.0,0.0,0.0,0.0,0.0,0.0,0.0,0.0,0.0,0.0,0.0,0.0,0.0,0.0,0.0,0.0,0.0,0.0,0.0,0.0,0.0,0.0,0.0,0.0,0.0,0.0,0.0,0.0,0.0,0.0,0.0,0.0,0.0,0.0,0.0,0.0,0.0
0.39827533475128907,0.29023282111959614,0.11974035307810776,0.04266063155826458,0.10799687638014022,0.27216170779099214,0.42478556838152587,0.27083479930213045,0.16898726641167824,0.17535360985106355,0.37546735304669,0.15092505954842506,0.03758940090335908,0.0935276603152896,0.3759408876675582,0.12428583946186038,0.0,0.0,0.4860059655254522,0.2543285102200728,0.03155776193507528,0.0,0.686867115641535,0.4926915109016561,0.2561471542414845,0.17053323389832173,0.0,0.39975764222751636,0.0,0.23314280914453336,0.1670440305720713,0.0,0.0,0.0,0.0,0.0,0.0,0.0,0.0,0.0,0.0,0.0,0.0,1.0,0.0,0.0,0.0,0.0,0.0,0.0,0.0,0.0,0.0,0.0,0.0,0.0,0.0,0.0,0.0,0.0,0.0,0.0,0.0,0.0,0.0,0.0,0.0,0.0,0.0,0.0,0.0,0.0,0.0,0.0,0.0,0.0,0.0,0.0,0.0,0.0,0.0,0.0,0.0,0.0,0.0,0.0,0.0,0.0
0.0,0.0,0.0,0.0,0.0,0.0,0.0,0.0,0.0,0.0,0.0,0.0,0.031136613813875204,0.0,0.0,0.0,0.0,0.05411277437915692,0.0,0.0,0.0,0.0,0.0,0.0,0.0,0.0,0.0,0.0,0.0,0.0,0.0,0.0,0.0,0.0,0.0,0.0,0.142835453431538,0.17588091484553303,0.0,0.0,0.0,0.0,0.0,0.0,1.0,0.7383116996155671,0.5469784673978505,0.47239521825317066,0.543539862668789,0.7350192850668404,0.7298227088379995,0.5455430028325927,0.4771735319807129,0.5420658472247902,0.5221579535016674,0.2988522401598888,0.2148617200522788,0.30488445618830523,0.40777670286790035,0.1713983418732635,0.03828180375697119,0.08380245262806094,0.3838629182803611,0.16162101545029053,0.0,0.0,0.43158427296372154,0.24917525556467007,0.06576029150996396,0.032013019045206106,0.3056126558965604,0.15790354892347858,0.07161744875667851,0.0069802525877719025,0.48601154452625084,0.15869675546768994,0.25014431044995555,0.24826701805943174,0.16323590702967705,0.034549787751084374,0.0,0.0,0.0,0.0,0.0,0.0,0.0,0.39827533475128923
0.0,0.0,0.0,0.0,0.0,0.0,0.0,0.0,0.0,0.0,0.0,0.01296500358933427,0.03890124896076533,0.0,0.0,0.0,0.04915499992005891,0.18448030888262937,0.0,0.0,0.0,0.0,0.0,0.0,0.0,0.0,0.0,0.0,0.0,0.0,0.0,0.0,0.0,0.0,0.0,0.0,0.11935380345968698,0.3469283462627567,0.0,0.0,0.0,0.0,0.0,0.0,0.7383116996155671,1.0,0.742585755508267,0.5485844359642998,0.4834460015020056,0.5500694819645252,0.5328046622329052,0.30534385032017697,0.2189217215592354,0.30803643167341904,0.4317462816332353,0.1935613668063756,0.05026225945412659,0.08935216673051456,0.4207037022515314,0.221417272158679,0.05102343096390053,0.03277963194109836,0.4315109476837791,0.2745175816803607,0.13013117270481694,0.10339516111853451,0.41278888202511066,0.2625380811381518,0.1458859424128591,0.15244000248816014,0.5479752173660221,0.12116841109019033,0.32375875002735593,0.0,0.6868712758818019,0.2547214166019895,0.16941422758269523,0.03584885173075215,0.0,0.0,0.0,0.0,0.0,0.0,0.0,0.0,0.0,0.2902328211195964
0.0,0.0,0.0,0.0,0.0,0.0,0.0,0.0,0.0,0.0,0.0,0.1695338000625931,0.1517362886682924,0.0,0.0,0.0,0.24190832501385506,0.35754418348693606,0.0,0.0,0.0,0.0,0.0,0.0,0.0,0.0,0.0,0.0,0.0,0.0,0.0,0.0,0.0,0.0,0.0,0.0,0.22409683902514677,0.5410605618314144,0.21662624534188052,0.0,0.0,0.0,0.0,0.0,0.5469784673978505,0.742585755508267,1.0,0.7375064638126808,0.5546019767539506,0.48131741100226844,0.2970991592570495,0.09638568959003609,0.06676455247154899,0.21789241687847044,0.17507028277166137,0.0,0.0,0.0,0.18608110934068803,0.00013408178152059708,0.0,0.0,0.24900296208105363,0.14568961103374223,0.0,0.0,0.26241050024013957,0.18641565849511277,0.10352433072268653,0.08561039006392174,0.7344834620546921,0.07714884391156636,0.4912098650386403,0.0,0.4926984445994399,0.48503098186443266,0.2581119393323039,0.0,0.0,0.0,0.0,0.0,0.0,0.0,0.0,0.0,0.0,0.11974035307810776
0.0,0.0,0.0,0.0,0.0,0.0,0.0,0.0,0.0,0.0,0.031094129741667847,0.2647660435980712,0.28172780744561804,0.06632299573330319,0.0,0.025794437101276543,0.2317746514181731,0.38674681245803216,0.0,0.0,0.0,0.0,0.0,0.0,0.0,0.0,0.0,0.0,0.0,0.0,0.0,0.0,0.0,0.0,0.0,0.0,0.3836985716287829,0.5293192020801404,0.12642382931920004,0.0,0.0,0.0,0.0,0.0,0.47239521825317066,0.5485844359642998,0.7375064638126808,1.0,0.7454839622923984,0.548995206715642,0.20230104886635847,0.0577597578659256,0.10368523776404756,0.3090694732580194,0.019920146057119257,0.0,0.0,0.0,0.0,0.0,0.0,0.0,0.06556768383015697,0.0,0.0,0.0,0.14571233445027978,0.10346253567836332,0.0,0.0,0.5430375126719921,0.06827688922962676,0.31988086868216237,0.0,0.2561547206102401,0.6862519754642478,0.4914742470138091,0.1364905585131627,0.0,0.0,0.0,0.0,0.0,0.0,0.0,0.0,0.0,0.04266063155826458
0.0,0.0,0.0,0.0,0.0,0.0,0.0,0.0,0.0,0.0,0.0,0.16723227312662703,0.26836473840696423,0.09463503597076031,0.0,0.0,0.02835804720235562,0.22396229812954146,0.0,0.0,0.0,0.0,0.0,0.0,0.0,0.0,0.0,0.0,0.0,0.0,0.0,0.0,0.0,0.0,0.0,0.0,0.4108317987544324,0.3226173359117339,0.0,0.0,0.0,0.0,0.0,0.0,0.543539862668789,0.4834460015020056,0.5546019767539506,0.7454839622923984,1.0,0.7375467501828663,0.29730968866779034,0.2149474408695142,0.31420646822245757,0.5428939343665907,0.066900004831418,0.0,0.0,0.0,0.0,0.0,0.0,0.0,0.03188520581411913,0.0,0.0,0.0,0.1523388442951525,0.08562290518017765,0.0,0.0,0.31206912704910184,0.0943546986028718,0.07805551962297617,0.017554047707623976,0.17054053252549128,0.48946821206647,0.685924344202813,0.39005217899425954,0.037857793226205444,0.0,0.0,0.0,0.0,0.0,0.0,0.0,0.0,0.10799687638014022
0.0,0.0,0.0,0.0,0.0,0.0,0.0,0.0,0.0,0.0,0.0,0.002524001858104908,0.13228931604938501,0.0,0.0,0.0,0.0,0.06702651876452087,0.0,0.0,0.0,0.0,0.0,0.0,0.0,0.0,0.0,0.0,0.0,0.0,0.0,0.0,0.0,0.0,0.0,0.0,0.27346465737858194,0.16032877562320705,0.0,0.0,0.0,0.0,0.0,0.0,0.7350192850668404,0.5500694819645252,0.48131741100226844,0.548995206715642,0.7375467501828663,1.0,0.5375648761659074,0.4766027267213611,0.5524503174809438,0.7354879488141782,0.28585820207855256,0.08634764434982381,0.06059183673396216,0.21506715596483658,0.15346150967511035,0.0,0.0,0.0,0.16157815001348647,0.0,0.0,0.0,0.2745268268108889,0.14580871033113493,0.0,0.0,0.2159684973513671,0.13234480176249355,0.0,0.03616277253702249,0.2543364589961614,0.25294230905171516,0.487466433608242,0.4848320227824113,0.25591294314192636,0.0,0.0,0.0,0.0,0.0,0.0,0.0,0.0,0.2721617077909923
0.0,0.0,0.0,0.0,0.0,0.0,0.0,0.0,0.0,0.0,0.0,0.0,0.0,0.0,0.0,0.0,0.0,0.0,0.0,0.0,0.0,0.0,0.0,0.0,0.0,0.0,0.0,0.0,0.0,0.0,0.0,0.0,0.0,0.0,0.0,0.0,0.0,0.0,0.0,0.0,0.0,0.0,0.0,0.0,0.7298227088379995,0.5328046622329052,0.2970991592570495,0.20230104886635847,0.29730968866779034,0.5375648761659074,1.0,0.7368517058927999,0.5418834948160215,0.4701944829968434,0.7308258405712957,0.5451728293009108,0.47640842549614415,0.5430502232838795,0.5198543937065893,0.29351121383393847,0.21182809431200633,0.30479519423628715,0.40782162457726273,0.15352133370915497,0.017359219957497812,0.07141450988288876,0.4208062214403055,0.18622280025484336,0.0,0.0,0.08085236994303568,0.08029759589961677,0.0,0.0,0.37593137527858017,0.0,0.025478021120066446,0.15642439404371988,0.24992043907892048,0.2498155009391308,0.16283911834489392,0.03538675363565105,0.0,0.0,0.0,0.0,0.0,0.42478556838152604
0.0,0.0,0.0,0.0,0.0,0.0,0.0,0.0,0.0,0.0,0.0,0.0,0.0,0.0,0.0,0.0,0.0,0.0,0.0,0.0,0.0,0.0,0.0,0.0,0.0,0.0,0.0,0.0,0.0,0.0,0.0,0.0,0.0,0.0,0.0,0.0,0.0,0.0,0.0,0.0,0.0,0.0,0.0,0.0,0.5455430028325927,0.30534385032017697,0.09638568959003609,0.0577597578659256,0.2149474408695142,0.4766027267213611,0.7368517058927999,1.0,0.7348692653383836,0.5487938631797141,0.5434017393690072,0.47900387651596604,0.5523365526967763,0.7361449390938747,0.2935300948726952,0.08718297906581118,0.05937293097737939,0.21596960507307308,0.17145532594959598,0.0,0.0,0.0,0.22152952731884584,0.0002784323123792863,0.0,0.0,0.0,0.0,0.0,0.0,0.12427002294784303,0.0,0.0,0.2524131302329813,0.4859533709629539,0.4857123570988311,0.2557671391235851,0.0,0.0,0.0,0.0,0.0,0.0,0.27083479930213067
0.0,0.0,0.0,0.0,0.0,0.0,0.0,0.0,0.0,0.0,0.0,0.0,0.0,0.0,0.0,0.0,0.0,0.0,0.0,0.0,0.0,0.0,0.0,0.0,0.0,0.0,0.0,0.0,0.0,0.0,0.0,0.0,0.0,0.0,0.0,0.0,0.0,0.0,0.0,0.0,0.0,0.0,0.0,0.0,0.4771735319807129,0.2189217215592354,0.06676455247154899,0.10368523776404756,0.31420646822245757,0.5524503174809438,0.5418834948160215,0.7348692653383836,1.0,0.7479072801072145,0.29988304941485733,0.21396235529964827,0.31242735015821094,0.5431620680952345,0.07141615782102681,0.0,0.0,0.0,0.0,0.0,0.0,0.0,0.10348779605386937,0.0,0.0,0.0,0.0,0.0,0.0,0.0,0.0,0.0,0.14189536865896404,0.4919276312965568,0.6858597137663615,0.3931573658274523,0.036580642585780435,0.0,0.0,0.0,0.0,0.0,0.0,0.16898726641167824
