1.0,0.7383101837331237,0.5469745995244542,0.4723859187209297,0.543538358906377,0.7350213000600251,0.7298188108144612,0.5455442713475747,0.4771782523447112,0.5420659115460222,0.5221499540318577,0.2988394266615379,0.21485714238656844,0.30488526192816867,0.4077824480204647,0.17138843132899412,0.03825424317962149,0.08377896521456188,0.38389053483321084,0.16166055151863398,0.0,0.0,0.43156805599316767,0.24916181938482085,0.06576857370685145,0.03204274986343499,0.30560957414829926,0.15784950197479072,0.07161312952542503,0.006891664643294044,0.4860060592206328,0.15869161526558664,0.2501429962227157,0.24826651407944159,0.16323938323844842,0.03455335202230937,0.0,0.0,0.0,0.0,0.0,0.0,0.0,0.3981954339716709,0.0,0.0,0.0,0.0,0.0,0.0,0.0,0.0,0.0,0.0,0.0,0.0,0.0,0.0,0.0,0.0,0.0,0.0,0.0,0.0,0.0,0.0,0.0,0.0,0.0,0.0,0.0,0.0,0.0,0.0,0.0,0.0,0.0,0.0,0.0,0.0,0.0,0.0,0.0,0.0,0.0,0.0,0.0,0.0
0.7383101837331237,1.0,0.7425828503076631,0.5485779887434067,0.4834465711241129,0.5500722501077381,0.5327934271008693,0.3053396531328407,0.21892558198142306,0.3080393089152278,0.431720374141469,0.19352700456924596,0.050241427142315186,0.08934274579240757,0.4206840808220761,0.22137477595144847,0.050959813702200644,0.0327253827703339,0.43152327109543365,0.2745525825032699,0.13015358872876837,0.10336954758221872,0.4127489598604123,0.2625070798398693,0.14588332289719103,0.15246641522208149,0.5479737347845636,0.1211027576118252,0.3237559645643684,0.0,0.6868687234791557,0.25471932951947857,0.16941451086735745,0.035854067959047047,0.0,0.0,0.0,0.0,0.0,0.0,0.0,0.0,0.0,0.2901325775819642,0.0,0.0,0.0,0.0,0.0,0.0,0.0,0.0,0.0,0.0,0.0,0.0,0.0,0.0,0.0,0.0,0.0,0.0,0.0,0.0,0.0,0.0,0.0,0.0,0.0,0.0,0.0,0.0,0.0,0.0,0.0,0.0,0.0,0.0,0.0,0.0,0.0,0.0,0.0,0.0,0.0,0.0,0.0,0.0
0.5469745995244542,0.7425828503076631,1.0,0.7375052029546922,0.5546041638157575,0.48131885792667417,0.29708714633498395,0.09637941644338653,0.06676799489375142,0.21789752505691085,0.17504557986884536,0.0,0.0,0.0,0.18607014024963806,8.863336466514016e-05,0.0,0.0,0.2490431566303309,0.14575734820735234,0.0,0.0,0.2624092237128678,0.18643210698074936,0.10357338902325691,0.08568361995759137,0.7344831750087588,0.07712895275816427,0.4912085177808716,0.0,0.4926958589023311,0.485032983660491,0.258113868073676,0.0,0.0,0.0,0.0,0.0,0.0,0.0,0.0,0.0,0.0,0.11967068000780927,0.0,0.0,0.0,0.0,0.0,0.0,0.0,0.0,0.0,0.0,0.0,0.0,0.0,0.0,0.0,0.0,0.0,0.0,0.0,0.0,0.0,0.0,0.0,0.0,0.0,0.0,0.0,0.0,0.0,0.0,0.0,0.0,0.0,0.0,0.0,0.0,0.0,0.0,0.0,0.0,0.0,0.0,0.0,0.0
0.4723859187209297,0.5485779887434067,0.7375052029546922,1.0,0.7454812399310744,0.5489892044213376,0.20228782074855012,0.057750892521116225,0.1036846174411074,0.3090710856262204,0.019901181975456705,0.0,0.0,0.0,0.0,0.0,0.0,0.0,0.06563126885598446,0.0,0.0,0.0,0.14574790829571957,0.10352537550293914,0.0,0.0,0.5430378275820644,0.06830459484318106,0.31988164313979806,0.0,0.2561484264692636,0.6862562363061235,0.4914734174671515,0.13649960394969976,0.0,0.0,0.0,0.0,0.0,0.0,0.0,0.0,0.0,0.04262203342969899,0.0,0.0,0.0,0.0,0.0,0.0,0.0,0.0,0.0,0.0,0.0,0.0,0.0,0.0,0.0,0.0,0.0,0.0,0.0,0.0,0.0,0.0,0.0,0.0,0.0,0.0,0.0,0.0,0.0,0.0,0.0,0.0,0.0,0.0,0.0,0.0,0.0,0.0,0.0,0.0,0.0,0.0,0.0,0.0
0.543538358906377,0.4834465711241129,0.5546041638157575,0.7454812399310744,1.0,0.7375452664573362,0.29730707128552286,0.21494838707107197,0.31421247093274074,0.5429006972717748,0.06689626204207651,0.0,0.0,0.0,0.0,0.0,0.0,0.0,0.03195775473151406,0.0,0.0,0.0,0.15239040969903808,0.08569523689166303,0.0,0.0,0.312070231367737,0.0943916014860969,0.07805590807809017,0.017550083219015796,0.17053901345606523,0.48946520856523734,0.6859237053047023,0.39006363061625887,0.037865252065203574,0.0,0.0,0.0,0.0,0.0,0.0,0.0,0.0,0.10798055780908167,0.0,0.0,0.0,0.0,0.0,0.0,0.0,0.0,0.0,0.0,0.0,0.0,0.0,0.0,0.0,0.0,0.0,0.0,0.0,0.0,0.0,0.0,0.0,0.0,0.0,0.0,0.0,0.0,0.0,0.0,0.0,0.0,0.0,0.0,0.0,0.0,0.0,0.0,0.0,0.0,0.0,0.0,0.0,0.0
0.7350213000600251,0.5500722501077381,0.48131885792667417,0.5489892044213376,0.7375452664573362,1.0,0.5375659668905777,0.4766067764871849,0.5524565023669835,0.7354903249114845,0.28585954818500986,0.08633975812501368,0.060589679897204075,0.21507087696332894,0.1534839253161128,0.0,0.0,0.0,0.16163498187566938,0.0,0.0,0.0,0.2745577272173275,0.14584640802087379,0.0,0.0,0.21596976840972726,0.13234109619488243,0.0,0.036115021016535936,0.25433584828800015,0.25293857552702115,0.48746484745564767,0.4848330633376189,0.2559185417831945,0.0,0.0,0.0,0.0,0.0,0.0,0.0,0.0,0.27213202103310963,0.0,0.0,0.0,0.0,0.0,0.0,0.0,0.0,0.0,0.0,0.0,0.0,0.0,0.0,0.0,0.0,0.0,0.0,0.0,0.0,0.0,0.0,0.0,0.0,0.0,0.0,0.0,0.0,0.0,0.0,0.0,0.0,0.0,0.0,0.0,0.0,0.0,0.0,0.0,0.0,0.0,0.0,0.0,0.0
0.7298188108144612,0.5327934271008693,0.29708714633498395,0.20228782074855012,0.29730707128552286,0.5375659668905777,1.0,0.7368510476816572,0.5418849213251553,0.4701916374816496,0.7308256621188953,0.545172054156483,0.47641048799927194,0.5430518789026673,0.5198644742913405,0.29351613196507653,0.2118230235225668,0.30479142115011154,0.40783662138010235,0.1535437448442778,0.017385780555359,0.07142679482356419,0.4207932123033358,0.1862089562972555,0.0,0.0,0.08083922558427245,0.08025301819675455,0.0,0.0,0.3759120641218828,0.0,0.02547751420087357,0.15642000213759405,0.24991933424381121,0.2498164405315549,0.16284181797457406,0.03538221010464497,0.0,0.0,0.0,0.0,0.0,0.4247373987793416,0.0,0.0,0.0,0.0,0.0,0.0,0.0,0.0,0.0,0.0,0.0,0.0,0.0,0.0,0.0,0.0,0.0,0.0,0.0,0.0,0.0,0.0,0.0,0.0,0.0,0.0,0.0,0.0,0.0,0.0,0.0,0.0,0.0,0.0,0.0,0.0,0.0,0.0,0.0,0.0,0.0,0.0,0.0,0.0
0.5455442713475747,0.3053396531328407,0.09637941644338653,0.057750892521116225,0.21494838707107197,0.4766067764871849,0.7368510476816572,1.0,0.7348719395012016,0.5487942268345944,0.5433998474191765,0.47900458589604406,0.5523412914351179,0.7361488874676979,0.29353705063552005,0.08718839055756548,0.059371295753635485,0.21596959026528434,0.17146582288526693,0.0,0.0,0.0,0.22152484744400164,0.00027151532233945136,0.0,0.0,0.0,0.0,0.0,0.0,0.12425945959229523,0.0,0.0,0.2524113867251821,0.48595400156587165,0.4857160566828294,0.25577043092390905,0.0,0.0,0.0,0.0,0.0,0.0,0.27081067784325313,0.0,0.0,0.0,0.0,0.0,0.0,0.0,0.0,0.0,0.0,0.0,0.0,0.0,0.0,0.0,0.0,0.0,0.0,0.0,0.0,0.0,0.0,0.0,0.0,0.0,0.0,0.0,0.0,0.0,0.0,0.0,0.0,0.0,0.0,0.0,0.0,0.0,0.0,0.0,0.0,0.0,0.0,0.0,0.0
0.4771782523447112,0.21892558198142306,0.06676799489375142,0.1036846174411074,0.31421247093274074,0.5524565023669835,0.5418849213251553,0.7348719395012016,1.0,0.7479085700586734,0.2998859173254758,0.21396501133942633,0.3124335783426152,0.5431685990833409,0.07143303951198833,0.0,0.0,0.0,0.0,0.0,0.0,0.0,0.10350213694932686,0.0,0.0,0.0,0.0,0.0,0.0,0.0,0.0,0.0,0.14190515758958255,0.4919248568281104,0.6858578290678695,0.3931666202931917,0.03658346960888592,0.0,0.0,0.0,0.0,0.0,0.0,0.1689747343181578,0.0,0.0,0.0,0.0,0.0,0.0,0.0,0.0,0.0,0.0,0.0,0.0,0.0,0.0,0.0,0.0,0.0,0.0,0.0,0.0,0.0,0.0,0.0,0.0,0.0,0.0,0.0,0.0,0.0,0.0,0.0,0.0,0.0,0.0,0.0,0.0,0.0,0.0,0.0,0.0,0.0,0.0,0.0,0.0
0.5420659115460222,0.3080393089152278,0.21789752505691085,0.3090710856262204,0.5429006972717748,0.7354903249114845,0.4701916374816496,0.5487942268345944,0.7479085700586734,1.0,0.20244426818328015,0.05571794272496976,0.10311639670520602,0.31147553073027123,0.01734883867420275,0.0,0.0,0.0,0.0,0.0,0.0,0.0,0.13020686436842707,0.0,0.0,0.0,0.0,0.020670976027379905,0.0,0.0,0.031556843823547405,0.033121128596320326,0.39213121490649894,0.6859460115508905,0.49262410392391903,0.14238994479595854,0.0,0.0,0.0,0.0,0.0,0.0,0.0,0.17533307027289216,0.0,0.0,0.0,0.0,0.0,0.0,0.0,0.0,0.0,0.0,0.0,0.0,0.0,0.0,0.0,0.0,0.0,0.0,0.0,0.0,0.0,0.0,0.0,0.0,0.0,0.0,0.0,0.0,0.0,0.0,0.0,0.0,0.0,0.0,0.0,0.0,0.0,0.0,0.0,0.0,0.0,0.0,0.0,0.0
0.5221499540318577,0.431720374141469,0.17504557986884536,0.019901181975456705,0.06689626204207651,0.28585954818500986,0.7308256621188953,0.5433998474191765,0.2998859173254758,0.20244426818328015,1.0,0.7354327964742928,0.5421426695665043,0.4746557826594304,0.7308368711460825,0.5434004490629163,0.474651687280562,0.5421421350495899,0.5221861509596298,0.28589417919632365,0.2024762877669371,0.2998947978541802,0.43178831727266853,0.1751161637146009,0.019972898661983218,0.06694566909391639,0.012176343492352706,0.012246408207593689,0.0,0.0,0.3753782811429084,0.0,0.0,0.0,0.03131848978619721,0.16109971210780352,0.2491452571664159,0.24914609275159594,0.1611007985942722,0.03131953965641579,0.0,0.0,0.0,0.37544967282361214,0.0,0.0,0.0,0.0,0.0,0.0,0.0,0.0,0.0,0.0,0.0,0.0,0.0,0.0,0.0,0.0,0.0,0.0,0.0,0.0,0.0,0.0,0.0,0.0,0.0,0.0,0.0,0.0,0.0,0.0,0.0,0.0,0.0,0.0,0.0,0.0,0.0,0.0,0.0,0.0,0.0,0.0,0.0,0.0
0.2988394266615379,0.19352700456924596,0.0,0.0,0.0,0.08633975812501368,0.545172054156483,0.47900458589604406,0.21396501133942633,0.05571794272496976,0.7354327964742928,1.0,0.7361589910101921,0.5512995649138863,0.5451873660434271,0.47900443849953067,0.5512966900626145,0.736160226591459,0.2988786936479665,0.08636221580336997,0.05573264499355686,0.21396197017285887,0.19361777086713866,0.0,0.0,0.0,0.0,0.0,0.0,0.0,0.15081130686318103,0.0,0.0,0.0,0.0,0.25465747746967754,0.4862234589673985,0.48622498071400716,0.2546593995092708,0.0,0.0,0.0,0.0,0.15093642379593722,0.0,0.0,0.0,0.0,0.0,0.0,0.0,0.0,0.0,0.0,0.0,0.0,0.0,0.0,0.0,0.0,0.0,0.0,0.0,0.0,0.0,0.0,0.0,0.0,0.0,0.0,0.0,0.0,0.0,0.0,0.0,0.0,0.0,0.0,0.0,0.0,0.0,0.0,0.0,0.0,0.0,0.0,0.0,0.0
0.21485714238656844,0.050241427142315186,0.0,0.0,0.0,0.060589679897204075,0.47641048799927194,0.5523412914351179,0.3124335783426152,0.10311639670520602,0.5421426695665043,0.7361589910101921,1.0,0.7473503465671631,0.30481460610147404,0.21597289192524952,0.31196045432896685,0.5435016381925479,0.08384067929532003,0.0,0.0,0.0,0.03285740617208202,0.0,0.0,0.0,0.0,0.0,0.0,0.0,0.0,0.0,0.0,0.0,0.14254034917080285,0.49137827925307825,0.685887059077231,0.3933459306765403,0.0353482985397742,0.0,0.0,0.0,0.0,0.03760047767545583,0.0,0.0,0.0,0.0,0.0,0.0,0.0,0.0,0.0,0.0,0.0,0.0,0.0,0.0,0.0,0.0,0.0,0.0,0.0,0.0,0.0,0.0,0.0,0.0,0.0,0.0,0.0,0.0,0.0,0.0,0.0,0.0,0.0,0.0,0.0,0.0,0.0,0.0,0.0,0.0,0.0,0.0,0.0,0.0
0.30488526192816867,0.08934274579240757,0.0,0.0,0.0,0.21507087696332894,0.5430518789026673,0.7361488874676979,0.5431685990833409,0.31147553073027123,0.4746557826594304,0.5512995649138863,0.7473503465671631,1.0,0.21185667105063544,0.05938364449927881,0.10276909560465342,0.3119643897693426,0.03834129942211122,0.0,0.0,0.0,0.051126436932900005,0.0,0.0,0.0,0.0,0.0,0.0,0.0,0.0,0.0,0.0,0.03565338955575878,0.3942138752068704,0.6859100534210205,0.4914729611286634,0.14154157863183808,0.0,0.0,0.0,0.0,0.0,0.09353071735335049,0.0,0.0,0.0,0.0,0.0,0.0,0.0,0.0,0.0,0.0,0.0,0.0,0.0,0.0,0.0,0.0,0.0,0.0,0.0,0.0,0.0,0.0,0.0,0.0,0.0,0.0,0.0,0.0,0.0,0.0,0.0,0.0,0.0,0.0,0.0,0.0,0.0,0.0,0.0,0.0,0.0,0.0,0.0,0.0
0.4077824480204647,0.4206840808220761,0.18607014024963806,0.0,0.0,0.1534839253161128,0.5198644742913405,0.29353705063552005,0.07143303951198833,0.01734883867420275,0.7308368711460825,0.5451873660434271,0.30481460610147404,0.21185667105063544,1.0,0.7368522196076671,0.5430547166786945,0.47641926533083656,0.7298304919676554,0.5375773107063256,0.4702110605482937,0.5418927239855869,0.5328224101598317,0.2971133386371277,0.2023173209633745,0.2973235172114934,0.08010521645551617,0.08086382811076027,0.0,0.0,0.42463946524291807,0.0,0.0,0.0,0.0,0.0,0.03540590064367063,0.16285516868096445,0.2498222261759533,0.24992482110721936,0.15643830588661436,0.025487670713184418,0.0,0.3759433869898198,0.0,0.0,0.0,0.0,0.0,0.0,0.0,0.0,0.0,0.0,0.0,0.0,0.0,0.0,0.0,0.0,0.0,0.0,0.0,0.0,0.0,0.0,0.0,0.0,0.0,0.0,0.0,0.0,0.0,0.0,0.0,0.0,0.0,0.0,0.0,0.0,0.0,0.0,0.0,0.0,0.0,0.0,0.0,0.0
0.17138843132899412,0.22137477595144847,8.863336466514016e-05,0.0,0.0,0.0,0.29351613196507653,0.08718839055756548,0.0,0.0,0.5434004490629163,0.47900443849953067,0.21597289192524952,0.05938364449927881,0.7368522196076671,1.0,0.7361436465600051,0.5523351328095235,0.54554820187924,0.47659742736626837,0.5487947165893613,0.7348695165358496,0.3053658830994491,0.09639233898390304,0.05775448335833967,0.21493656123491192,0.0,0.0,0.0,0.0,0.27064560691879075,0.0,0.0,0.0,0.0,0.0,0.0,0.25576777938978373,0.48571436997766854,0.4859518156553859,0.252412062977716,0.0,0.0,0.12430500894535411,0.0,0.0,0.0,0.0,0.0,0.0,0.0,0.0,0.0,0.0,0.0,0.0,0.0,0.0,0.0,0.0,0.0,0.0,0.0,0.0,0.0,0.0,0.0,0.0,0.0,0.0,0.0,0.0,0.0,0.0,0.0,0.0,0.0,0.0,0.0,0.0,0.0,0.0,0.0,0.0,0.0,0.0,0.0,0.0
0.03825424317962149,0.050959813702200644,0.0,0.0,0.0,0.0,0.2118230235225668,0.059371295753635485,0.0,0.0,0.474651687280562,0.5512966900626145,0.31196045432896685,0.10276909560465342,0.5430547166786945,0.7361436465600051,1.0,0.7473457863383886,0.3048943567854323,0.21505488982459986,0.3114581759685656,0.5431465959375332,0.08938941325356639,0.0,0.0,0.0,0.0,0.0,0.0,0.0,0.09332666870597658,0.0,0.0,0.0,0.0,0.0,0.14154093278402827,0.4914720130635414,0.6859157134074464,0.39418336562584544,0.03563238072850643,0.0,0.0,0.0,0.0,0.0,0.0,0.0,0.0,0.0,0.0,0.0,0.0,0.0,0.0,0.0,0.0,0.0,0.0,0.0,0.0,0.0,0.0,0.0,0.0,0.0,0.0,0.0,0.0,0.0,0.0,0.0,0.0,0.0,0.0,0.0,0.0,0.0,0.0,0.0,0.0,0.0,0.0,0.0,0.0,0.0,0.0,0.0
0.08377896521456188,0.0327253827703339,0.0,0.0,0.0,0.0,0.30479142115011154,0.21596959026528434,0.0,0.0,0.5421421350495899,0.736160226591459,0.5435016381925479,0.3119643897693426,0.47641926533083656,0.5523351328095235,0.7473457863383886,1.0,0.21488017764149253,0.06058607571480381,0.10310571591149909,0.3124134427722458,0.05031471407726434,0.0,0.0,0.0,0.0,0.0,0.0,0.0,0.037424198495317605,0.0,0.0,0.0,0.0,0.03534950930781986,0.39334813192103557,0.6858898693707111,0.4913782856747971,0.1425062743713,0.0,0.0,0.0,0.0,0.0,0.0,0.0,0.0,0.0,0.0,0.0,0.0,0.0,0.0,0.0,0.0,0.0,0.0,0.0,0.0,0.0,0.0,0.0,0.0,0.0,0.0,0.0,0.0,0.0,0.0,0.0,0.0,0.0,0.0,0.0,0.0,0.0,0.0,0.0,0.0,0.0,0.0,0.0,0.0,0.0,0.0,0.0,0.0
0.38389053483321084,0.43152327109543365,0.2490431566303309,0.06563126885598446,0.03195775473151406,0.16163498187566938,0.40783662138010235,0.17146582288526693,0.0,0.0,0.5221861509596298,0.2988786936479665,0.08384067929532003,0.03834129942211122,0.7298304919676554,0.54554820187924,0.3048943567854323,0.21488017764149253,1.0,0.7350243036488251,0.542074426430438,0.4771839604762502,0.738313972882556,0.5469828850808875,0.47240430379050763,0.543548098572061,0.1577143077332425,0.30561489197239095,0.006745149960305096,0.0716186843941025,0.39820846352821526,0.0,0.0,0.0,0.0,0.0,0.0,0.0,0.03456048900401557,0.1632448320028782,0.24827131368236402,0.25015015731844714,0.15870904433873195,0.4860033042509974,0.0,0.0,0.0,0.0,0.0,0.0,0.0,0.0,0.0,0.0,0.0,0.0,0.0,0.0,0.0,0.0,0.0,0.0,0.0,0.0,0.0,0.0,0.0,0.0,0.0,0.0,0.0,0.0,0.0,0.0,0.0,0.0,0.0,0.0,0.0,0.0,0.0,0.0,0.0,0.0,0.0,0.0,0.0,0.0
0.16166055151863398,0.2745525825032699,0.14575734820735234,0.0,0.0,0.0,0.1535437448442778,0.0,0.0,0.0,0.28589417919632365,0.08636221580336997,0.0,0.0,0.5375773107063256,0.47659742736626837,0.21505488982459986,0.06058607571480381,0.7350243036488251,1.0,0.7354857652001912,0.5524481888822935,0.5500629130432773,0.48130789444211436,0.5489872501676732,0.7375430223599141,0.13222303439951627,0.2159601138289154,0.035973104788070656,0.0,0.272189254709916,0.0,0.0,0.0,0.0,0.0,0.0,0.0,0.0,0.25590954502259444,0.4848279142121397,0.4874618019118997,0.25293864751986456,0.25432571723658093,0.0,0.0,0.0,0.0,0.0,0.0,0.0,0.0,0.0,0.0,0.0,0.0,0.0,0.0,0.0,0.0,0.0,0.0,0.0,0.0,0.0,0.0,0.0,0.0,0.0,0.0,0.0,0.0,0.0,0.0,0.0,0.0,0.0,0.0,0.0,0.0,0.0,0.0,0.0,0.0,0.0,0.0,0.0,0.0
0.0,0.13015358872876837,0.0,0.0,0.0,0.0,0.017385780555359,0.0,0.0,0.0,0.2024762877669371,0.05573264499355686,0.0,0.0,0.4702110605482937,0.5487947165893613,0.3114581759685656,0.10310571591149909,0.542074426430438,0.7354857652001912,1.0,0.7479085656643649,0.3080397761202938,0.21788384283764464,0.30905175821608755,0.5428764676330305,0.020502329003648293,0.0,0.0,0.0,0.17532022607134126,0.0,0.0,0.0,0.0,0.0,0.0,0.0,0.14235771716077547,0.49262123687613596,0.68594420442837,0.3920934118183156,0.03309960808595728,0.0315650969438725,0.0,0.0,0.0,0.0,0.0,0.0,0.0,0.0,0.0,0.0,0.0,0.0,0.0,0.0,0.0,0.0,0.0,0.0,0.0,0.0,0.0,0.0,0.0,0.0,0.0,0.0,0.0,0.0,0.0,0.0,0.0,0.0,0.0,0.0,0.0,0.0,0.0,0.0,0.0,0.0,0.0,0.0,0.0,0.0
0.0,0.10336954758221872,0.0,0.0,0.0,0.0,0.07142679482356419,0.0,0.0,0.0,0.2998947978541802,0.21396197017285887,0.0,0.0,0.5418927239855869,0.7348695165358496,0.5431465959375332,0.3124134427722458,0.4771839604762502,0.5524481888822935,0.7479085656643649,1.0,0.21894099480564294,0.06676895767210837,0.10367599925517229,0.31419333625005713,0.0,0.0,0.0,0.0,0.16884649506681562,0.0,0.0,0.0,0.0,0.0,0.0,0.03656191130806536,0.3931349152710489,0.6858574820204973,0.4919273449701913,0.1418698478397815,0.0,0.0,0.0,0.0,0.0,0.0,0.0,0.0,0.0,0.0,0.0,0.0,0.0,0.0,0.0,0.0,0.0,0.0,0.0,0.0,0.0,0.0,0.0,0.0,0.0,0.0,0.0,0.0,0.0,0.0,0.0,0.0,0.0,0.0,0.0,0.0,0.0,0.0,0.0,0.0,0.0,0.0,0.0,0.0,0.0,0.0
0.43156805599316767,0.4127489598604123,0.2624092237128678,0.14574790829571957,0.15239040969903808,0.2745577272173275,0.4207932123033358,0.22152484744400164,0.10350213694932686,0.13020686436842707,0.43178831727266853,0.19361777086713866,0.03285740617208202,0.051126436932900005,0.5328224101598317,0.3053658830994491,0.08938941325356639,0.05031471407726434,0.738313972882556,0.5500629130432773,0.3080397761202938,0.21894099480564294,1.0,0.7425804175598474,0.5485790237078131,0.4834383330283131,0.12098615347759126,0.5479698561905254,0.0,0.32375369189065395,0.2901947701967915,0.0,0.0,0.0,0.0,0.0,0.0,0.0,0.0,0.0,0.03584354028278264,0.16940695883617155,0.2547178940503531,0.6868632351664739,0.0,0.0,0.0,0.0,0.0,0.0,0.0,0.0,0.0,0.0,0.0,0.0,0.0,0.0,0.0,0.0,0.0,0.0,0.0,0.0,0.0,0.0,0.0,0.0,0.0,0.0,0.0,0.0,0.0,0.0,0.0,0.0,0.0,0.0,0.0,0.0,0.0,0.0,0.0,0.0,0.0,0.0,0.0,0.0
0.24916181938482085,0.2625070798398693,0.18643210698074936,0.10352537550293914,0.08569523689166303,0.14584640802087379,0.1862089562972555,0.00027151532233945136,0.0,0.0,0.1751161637146009,0.0,0.0,0.0,0.2971133386371277,0.09639233898390304,0.0,0.0,0.5469828850808875,0.48130789444211436,0.21788384283764464,0.06676895767210837,0.7425804175598474,1.0,0.7375044001434171,0.5545942316314781,0.07709729279800687,0.7344842977652807,0.0,0.49121111489293956,0.11982012941379534,0.0,0.0,0.0,0.0,0.0,0.0,0.0,0.0,0.0,0.0,0.2581060188973497,0.48503093829462046,0.4926843700667161,0.0,0.0,0.0,0.0,0.0,0.0,0.0,0.0,0.0,0.0,0.0,0.0,0.0,0.0,0.0,0.0,0.0,0.0,0.0,0.0,0.0,0.0,0.0,0.0,0.0,0.0,0.0,0.0,0.0,0.0,0.0,0.0,0.0,0.0,0.0,0.0,0.0,0.0,0.0,0.0,0.0,0.0,0.0,0.0
0.06576857370685145,0.14588332289719103,0.10357338902325691,0.0,0.0,0.0,0.0,0.0,0.0,0.0,0.019972898661983218,0.0,0.0,0.0,0.2023173209633745,0.05775448335833967,0.0,0.0,0.47240430379050763,0.5489872501676732,0.30905175821608755,0.10367599925517229,0.5485790237078131,0.7375044001434171,1.0,0.7454778532085972,0.06832190899542896,0.5430369644608629,0.0,0.31988133418800674,0.04281388551850846,0.0,0.0,0.0,0.0,0.0,0.0,0.0,0.0,0.0,0.1364625323168824,0.49146963113213343,0.6862552004965572,0.25614038040393755,0.0,0.0,0.0,0.0,0.0,0.0,0.0,0.0,0.0,0.0,0.0,0.0,0.0,0.0,0.0,0.0,0.0,0.0,0.0,0.0,0.0,0.0,0.0,0.0,0.0,0.0,0.0,0.0,0.0,0.0,0.0,0.0,0.0,0.0,0.0,0.0,0.0,0.0,0.0,0.0,0.0,0.0,0.0,0.0
0.03204274986343499,0.15246641522208149,0.08568361995759137,0.0,0.0,0.0,0.0,0.0,0.0,0.0,0.06694566909391639,0.0,0.0,0.0,0.2973235172114934,0.21493656123491192,0.0,0.0,0.543548098572061,0.7375430223599141,0.5428764676330305,0.31419333625005713,0.4834383330283131,0.5545942316314781,0.7454778532085972,1.0,0.09435046781950371,0.3120630413938679,0.017476650256456224,0.0780502706822615,0.10812152980296919,0.0,0.0,0.0,0.0,0.0,0.0,0.0,0.0,0.037841193953178226,0.3900279343986463,0.6859243529402113,0.48946724701922406,0.17052579347444513,0.0,0.0,0.0,0.0,0.0,0.0,0.0,0.0,0.0,0.0,0.0,0.0,0.0,0.0,0.0,0.0,0.0,0.0,0.0,0.0,0.0,0.0,0.0,0.0,0.0,0.0,0.0,0.0,0.0,0.0,0.0,0.0,0.0,0.0,0.0,0.0,0.0,0.0,0.0,0.0,0.0,0.0,0.0,0.0
0.30560957414829926,0.5479737347845636,0.7344831750087588,0.5430378275820644,0.312070231367737,0.21596976840972726,0.08083922558427245,0.0,0.0,0.0,0.012176343492352706,0.0,0.0,0.0,0.08010521645551617,0.0,0.0,0.0,0.1577143077332425,0.13222303439951627,0.020502329003648293,0.0,0.12098615347759126,0.07709729279800687,0.06832190899542896,0.09435046781950371,1.0,0.0,0.7567237442073773,0.0,0.39975318183984626,0.3893310446583122,0.035508211262094795,0.0,0.0,0.0,0.0,0.0,0.0,0.0,0.0,0.0,0.0,0.0,0.0,0.0,0.0,0.0,0.0,0.0,0.0,0.0,0.0,0.0,0.0,0.0,0.0,0.0,0.0,0.0,0.0,0.0,0.0,0.0,0.0,0.0,0.0,0.0,0.0,0.0,0.0,0.0,0.0,0.0,0.0,0.0,0.0,0.0,0.0,0.0,0.0,0.0,0.0,0.0,0.0,0.0,0.0,0.0
0.15784950197479072,0.1211027576118252,0.07712895275816427,0.06830459484318106,0.0943916014860969,0.13234109619488243,0.08025301819675455,0.0,0.0,0.020670976027379905,0.012246408207593689,0.0,0.0,0.0,0.08086382811076027,0.0,0.0,0.0,0.30561489197239095,0.2159601138289154,0.0,0.0,0.5479698561905254,0.7344842977652807,0.5430369644608629,0.3120630413938679,0.0,1.0,0.0,0.7567252109353044,0.0,0.0,0.0,0.0,0.0,0.0,0.0,0.0,0.0,0.0,0.0,0.0355040153712434,0.38932781351803125,0.39973696496122046,0.0,0.0,0.0,0.0,0.0,0.0,0.0,0.0,0.0,0.0,0.0,0.0,0.0,0.0,0.0,0.0,0.0,0.0,0.0,0.0,0.0,0.0,0.0,0.0,0.0,0.0,0.0,0.0,0.0,0.0,0.0,0.0,0.0,0.0,0.0,0.0,0.0,0.0,0.0,0.0,0.0,0.0,0.0,0.0
0.07161312952542503,0.3237559645643684,0.4912085177808716,0.31988164313979806,0.07805590807809017,0.0,0.0,0.0,0.0,0.0,0.0,0.0,0.0,0.0,0.0,0.0,0.0,0.0,0.006745149960305096,0.035973104788070656,0.0,0.0,0.0,0.0,0.0,0.017476650256456224,0.7567237442073773,0.0,1.0,0.0,0.23312131819694173,0.2232744231861837,0.0,0.0,0.0,0.0,0.0,0.0,0.0,0.0,0.0,0.0,0.0,0.0,0.0,0.0,0.0,0.0,0.0,0.0,0.0,0.0,0.0,0.0,0.0,0.0,0.0,0.0,0.0,0.0,0.0,0.0,0.0,0.0,0.0,0.0,0.0,0.0,0.0,0.0,0.0,0.0,0.0,0.0,0.0,0.0,0.0,0.0,0.0,0.0,0.0,0.0,0.0,0.0,0.0,0.0,0.0,0.0
0.006891664643294044,0.0,0.0,0.0,0.017550083219015796,0.036115021016535936,0.0,0.0,0.0,0.0,0.0,0.0,0.0,0.0,0.0,0.0,0.0,0.0,0.0716186843941025,0.0,0.0,0.0,0.32375369189065395,0.49121111489293956,0.31988133418800674,0.0780502706822615,0.0,0.7567252109353044,0.0,1.0,0.0,0.0,0.0,0.0,0.0,0.0,0.0,0.0,0.0,0.0,0.0,0.0,0.223270787339364,0.2331059970741111,0.0,0.0,0.0,0.0,0.0,0.0,0.0,0.0,0.0,0.0,0.0,0.0,0.0,0.0,0.0,0.0,0.0,0.0,0.0,0.0,0.0,0.0,0.0,0.0,0.0,0.0,0.0,0.0,0.0,0.0,0.0,0.0,0.0,0.0,0.0,0.0,0.0,0.0,0.0,0.0,0.0,0.0,0.0,0.0
0.4860060592206328,0.6868687234791557,0.4926958589023311,0.2561484264692636,0.17053901345606523,0.25433584828800015,0.3759120641218828,0.12425945959229523,0.0,0.031556843823547405,0.3753782811429084,0.15081130686318103,0.0,0.0,0.42463946524291807,0.27064560691879075,0.09332666870597658,0.037424198495317605,0.39820846352821526,0.272189254709916,0.17532022607134126,0.16884649506681562,0.2901947701967915,0.11982012941379534,0.04281388551850846,0.10812152980296919,0.39975318183984626,0.0,0.23312131819694173,0.0,1.0,0.0,0.0,0.0,0.0,0.0,0.0,0.0,0.0,0.0,0.0,0.0,0.0,0.16687083424427307,0.0,0.0,0.0,0.0,0.0,0.0,0.0,0.0,0.0,0.0,0.0,0.0,0.0,0.0,0.0,0.0,0.0,0.0,0.0,0.0,0.0,0.0,0.0,0.0,0.0,0.0,0.0,0.0,0.0,0.0,0.0,0.0,0.0,0.0,0.0,0.0,0.0,0.0,0.0,0.0,0.0,0.0,0.0,0.0
0.15869161526558664,0.25471932951947857,0.485032983660491,0.6862562363061235,0.48946520856523734,0.25293857552702115,0.0,0.0,0.0,0.033121128596320326,0.0,0.0,0.0,0.0,0.0,0.0,0.0,0.0,0.0,0.0,0.0,0.0,0.0,0.0,0.0,0.0,0.3893310446583122,0.0,0.2232744231861837,0.0,0.0,1.0,0.4066926682940293,0.0,0.0,0.0,0.0,0.0,0.0,0.0,0.0,0.0,0.0,0.0,0.0,0.0,0.0,0.0,0.0,0.0,0.0,0.0,0.0,0.0,0.0,0.0,0.0,0.0,0.0,0.0,0.0,0.0,0.0,0.0,0.0,0.0,0.0,0.0,0.0,0.0,0.0,0.0,0.0,0.0,0.0,0.0,0.0,0.0,0.0,0.0,0.0,0.0,0.0,0.0,0.0,0.0,0.0,0.0
0.2501429962227157,0.16941451086735745,0.258113868073676,0.4914734174671515,0.6859237053047023,0.48746484745564767,0.02547751420087357,0.0,0.14190515758958255,0.39213121490649894,0.0,0.0,0.0,0.0,0.0,0.0,0.0,0.0,0.0,0.0,0.0,0.0,0.0,0.0,0.0,0.0,0.035508211262094795,0.0,0.0,0.0,0.0,0.4066926682940293,1.0,0.4191666720515124,0.0,0.0,0.0,0.0,0.0,0.0,0.0,0.0,0.0,0.0,0.0,0.0,0.0,0.0,0.0,0.0,0.0,0.0,0.0,0.0,0.0,0.0,0.0,0.0,0.0,0.0,0.0,0.0,0.0,0.0,0.0,0.0,0.0,0.0,0.0,0.0,0.0,0.0,0.0,0.0,0.0,0.0,0.0,0.0,0.0,0.0,0.0,0.0,0.0,0.0,0.0,0.0,0.0,0.0
0.24826651407944159,0.035854067959047047,0.0,0.13649960394969976,0.39006363061625887,0.4848330633376189,0.15642000213759405,0.2524113867251821,0.4919248568281104,0.6859460115508905,0.0,0.0,0.0,0.03565338955575878,0.0,0.0,0.0,0.0,0.0,0.0,0.0,0.0,0.0,0.0,0.0,0.0,0.0,0.0,0.0,0.0,0.0,0.0,0.4191666720515124,1.0,0.40868143286906383,0.0,0.0,0.0,0.0,0.0,0.0,0.0,0.0,0.0,0.0,0.0,0.0,0.0,0.0,0.0,0.0,0.0,0.0,0.0,0.0,0.0,0.0,0.0,0.0,0.0,0.0,0.0,0.0,0.0,0.0,0.0,0.0,0.0,0.0,0.0,0.0,0.0,0.0,0.0,0.0,0.0,0.0,0.0,0.0,0.0,0.0,0.0,0.0,0.0,0.0,0.0,0.0,0.0
0.16323938323844842,0.0,0.0,0.0,0.037865252065203574,0.2559185417831945,0.24991933424381121,0.48595400156587165,0.6858578290678695,0.49262410392391903,0.03131848978619721,0.0,0.14254034917080285,0.3942138752068704,0.0,0.0,0.0,0.0,0.0,0.0,0.0,0.0,0.0,0.0,0.0,0.0,0.0,0.0,0.0,0.0,0.0,0.0,0.0,0.40868143286906383,1.0,0.4256502976575018,0.0,0.0,0.0,0.0,0.0,0.0,0.0,0.0,0.0,0.0,0.0,0.0,0.0,0.0,0.0,0.0,0.0,0.0,0.0,0.0,0.0,0.0,0.0,0.0,0.0,0.0,0.0,0.0,0.0,0.0,0.0,0.0,0.0,0.0,0.0,0.0,0.0,0.0,0.0,0.0,0.0,0.0,0.0,0.0,0.0,0.0,0.0,0.0,0.0,0.0,0.0,0.0
0.03455335202230937,0.0,0.0,0.0,0.0,0.0,0.2498164405315549,0.4857160566828294,0.3931666202931917,0.14238994479595854,0.16109971210780352,0.25465747746967754,0.49137827925307825,0.6859100534210205,0.0,0.0,0.0,0.03534950930781986,0.0,0.0,0.0,0.0,0.0,0.0,0.0,0.0,0.0,0.0,0.0,0.0,0.0,0.0,0.0,0.0,0.4256502976575018,1.0,0.40652616260786967,0.0,0.0,0.0,0.0,0.0,0.0,0.0,0.0,0.0,0.0,0.0,0.0,0.0,0.0,0.0,0.0,0.0,0.0,0.0,0.0,0.0,0.0,0.0,0.0,0.0,0.0,0.0,0.0,0.0,0.0,0.0,0.0,0.0,0.0,0.0,0.0,0.0,0.0,0.0,0.0,0.0,0.0,0.0,0.0,0.0,0.0,0.0,0.0,0.0,0.0,0.0
0.0,0.0,0.0,0.0,0.0,0.0,0.16284181797457406,0.25577043092390905,0.03658346960888592,0.0,0.2491452571664159,0.4862234589673985,0.685887059077231,0.4914729611286634,0.03540590064367063,0.0,0.14154093278402827,0.39334813192103557,0.0,0.0,0.0,0.0,0.0,0.0,0.0,0.0,0.0,0.0,0.0,0.0,0.0,0.0,0.0,0.0,0.0,0.40652616260786967,1.0,0.42405216994521466,0.0,0.0,0.0,0.0,0.0,0.0,0.0,0.0,0.0,0.0,0.0,0.0,0.0,0.0,0.0,0.0,0.0,0.0,0.0,0.0,0.0,0.0,0.0,0.0,0.0,0.0,0.0,0.0,0.0,0.0,0.0,0.0,0.0,0.0,0.0,0.0,0.0,0.0,0.0,0.0,0.0,0.0,0.0,0.0,0.0,0.0,0.0,0.0,0.0,0.0
0.0,0.0,0.0,0.0,0.0,0.0,0.03538221010464497,0.0,0.0,0.0,0.24914609275159594,0.48622498071400716,0.3933459306765403,0.14154157863183808,0.16285516868096445,0.25576777938978373,0.4914720130635414,0.6858898693707111,0.0,0.0,0.0,0.03656191130806536,0.0,0.0,0.0,0.0,0.0,0.0,0.0,0.0,0.0,0.0,0.0,0.0,0.0,0.0,0.42405216994521466,1.0,0.40652579511271014,0.0,0.0,0.0,0.0,0.0,0.0,0.0,0.0,0.0,0.0,0.0,0.0,0.0,0.0,0.0,0.0,0.0,0.0,0.0,0.0,0.0,0.0,0.0,0.0,0.0,0.0,0.0,0.0,0.0,0.0,0.0,0.0,0.0,0.0,0.0,0.0,0.0,0.0,0.0,0.0,0.0,0.0,0.0,0.0,0.0,0.0,0.0,0.0,0.0
0.0,0.0,0.0,0.0,0.0,0.0,0.0,0.0,0.0,0.0,0.1611007985942722,0.2546593995092708,0.0353482985397742,0.0,0.2498222261759533,0.48571436997766854,0.6859157134074464,0.4913782856747971,0.03456048900401557,0.0,0.14235771716077547,0.3931349152710489,0.0,0.0,0.0,0.0,0.0,0.0,0.0,0.0,0.0,0.0,0.0,0.0,0.0,0.0,0.0,0.40652579511271014,1.0,0.4255870096787152,0.0,0.0,0.0,0.0,0.0,0.0,0.0,0.0,0.0,0.0,0.0,0.0,0.0,0.0,0.0,0.0,0.0,0.0,0.0,0.0,0.0,0.0,0.0,0.0,0.0,0.0,0.0,0.0,0.0,0.0,0.0,0.0,0.0,0.0,0.0,0.0,0.0,0.0,0.0,0.0,0.0,0.0,0.0,0.0,0.0,0.0,0.0,0.0
0.0,0.0,0.0,0.0,0.0,0.0,0.0,0.0,0.0,0.0,0.03131953965641579,0.0,0.0,0.0,0.24992482110721936,0.4859518156553859,0.39418336562584544,0.1425062743713,0.1632448320028782,0.25590954502259444,0.49262123687613596,0.6858574820204973,0.0,0.0,0.0,0.037841193953178226,0.0,0.0,0.0,0.0,0.0,0.0,0.0,0.0,0.0,0.0,0.0,0.0,0.4255870096787152,1.0,0.40868304596586924,0.0,0.0,0.0,0.0,0.0,0.0,0.0,0.0,0.0,0.0,0.0,0.0,0.0,0.0,0.0,0.0,0.0,0.0,0.0,0.0,0.0,0.0,0.0,0.0,0.0,0.0,0.0,0.0,0.0,0.0,0.0,0.0,0.0,0.0,0.0,0.0,0.0,0.0,0.0,0.0,0.0,0.0,0.0,0.0,0.0,0.0,0.0
0.0,0.0,0.0,0.0,0.0,0.0,0.0,0.0,0.0,0.0,0.0,0.0,0.0,0.0,0.15643830588661436,0.252412062977716,0.03563238072850643,0.0,0.24827131368236402,0.4848279142121397,0.68594420442837,0.4919273449701913,0.03584354028278264,0.0,0.1364625323168824,0.3900279343986463,0.0,0.0,0.0,0.0,0.0,0.0,0.0,0.0,0.0,0.0,0.0,0.0,0.0,0.40868304596586924,1.0,0.41909506718057893,0.0,0.0,0.0,0.0,0.0,0.0,0.0,0.0,0.0,0.0,0.0,0.0,0.0,0.0,0.0,0.0,0.0,0.0,0.0,0.0,0.0,0.0,0.0,0.0,0.0,0.0,0.0,0.0,0.0,0.0,0.0,0.0,0.0,0.0,0.0,0.0,0.0,0.0,0.0,0.0,0.0,0.0,0.0,0.0,0.0,0.0
0.0,0.0,0.0,0.0,0.0,0.0,0.0,0.0,0.0,0.0,0.0,0.0,0.0,0.0,0.025487670713184418,0.0,0.0,0.0,0.25015015731844714,0.4874618019118997,0.3920934118183156,0.1418698478397815,0.16940695883617155,0.2581060188973497,0.49146963113213343,0.6859243529402113,0.0,0.0355040153712434,0.0,0.0,0.0,0.0,0.0,0.0,0.0,0.0,0.0,0.0,0.0,0.0,0.41909506718057893,1.0,0.40669750898650775,0.0,0.0,0.0,0.0,0.0,0.0,0.0,0.0,0.0,0.0,0.0,0.0,0.0,0.0,0.0,0.0,0.0,0.0,0.0,0.0,0.0,0.0,0.0,0.0,0.0,0.0,0.0,0.0,0.0,0.0,0.0,0.0,0.0,0.0,0.0,0.0,0.0,0.0,0.0,0.0,0.0,0.0,0.0,0.0,0.0
0.0,0.0,0.0,0.0,0.0,0.0,0.0,0.0,0.0,0.0,0.0,0.0,0.0,0.0,0.0,0.0,0.0,0.0,0.15870904433873195,0.25293864751986456,0.03309960808595728,0.0,0.2547178940503531,0.48503093829462046,0.6862552004965572,0.48946724701922406,0.0,0.38932781351803125,0.0,0.223270787339364,0.0,0.0,0.0,0.0,0.0,0.0,0.0,0.0,0.0,0.0,0.0,0.40669750898650775,1.0,0.0,0.0,0.0,0.0,0.0,0.0,0.0,0.0,0.0,0.0,0.0,0.0,0.0,0.0,0.0,0.0,0.0,0.0,0.0,0.0,0.0,0.0,0.0,0.0,0.0,0.0,0.0,0.0,0.0,0.0,0.0,0.0,0.0,0.0,0.0,0.0,0.0,0.0,0.0,0.0,0.0,0.0,0.0,0.0,0.0
0.3981954339716709,0.2901325775819642,0.11967068000780927,0.04262203342969899,0.10798055780908167,0.27213202103310963,0.4247373987793416,0.27081067784325313,0.1689747343181578,0.17533307027289216,0.37544967282361214,0.15093642379593722,0.03760047767545583,0.09353071735335049,0.3759433869898198,0.12430500894535411,0.0,0.0,0.4860033042509974,0.25432571723658093,0.0315650969438725,0.0,0.6868632351664739,0.4926843700667161,0.25614038040393755,0.17052579347444513,0.0,0.39973696496122046,0.0,0.2331059970741111,0.16687083424427307,0.0,0.0,0.0,0.0,0.0,0.0,0.0,0.0,0.0,0.0,0.0,0.0,1.0,0.0,0.0,0.0,0.0,0.0,0.0,0.0,0.0,0.0,0.0,0.0,0.0,0.0,0.0,0.0,0.0,0.0,0.0,0.0,0.0,0.0,0.0,0.0,0.0,0.0,0.0,0.0,0.0,0.0,0.0,0.0,0.0,0.0,0.0,0.0,0.0,0.0,0.0,0.0,0.0,0.0,0.0,0.0,0.0
0.0,0.0,0.0,0.0,0.0,0.0,0.0,0.0,0.0,0.0,0.0,0.0,0.0,0.0,0.0,0.0,0.0,0.0,0.0,0.0,0.0,0.0,0.0,0.0,0.0,0.0,0.0,0.0,0.0,0.0,0.0,0.0,0.0,0.0,0.0,0.0,0.0,0.0,0.0,0.0,0.0,0.0,0.0,0.0,1.0,0.7383101837331237,0.546974599524454,0.4723859187209297,0.5435383589063773,0.7350213000600251,0.7298188108144611,0.5455442713475747,0.477178252344711,0.5420659115460222,0.5221499540318576,0.2988394266615378,0.21485714238656828,0.30488526192816867,0.40778244802046465,0.17138843132899412,0.03825424317962133,0.08377896521456188,0.38389053483321095,0.16166055151863398,0.0,0.0,0.43156805599316755,0.24916181938482052,0.06576857370685128,0.03204274986343499,0.3056095741482994,0.15784950197479072,0.07161312952542503,0.006891664643294044,0.4860060592206328,0.15869161526558664,0.25014299622271585,0.24826651407944167,0.16323938323844842,0.03455335202230937,0.0,0.0,0.0,0.0,0.0,0.0,0.0,0.3981954339716709
0.0,0.0,0.0,0.0,0.0,0.0,0.0,0.0,0.0,0.0,0.0,0.0,0.0,0.0,0.0,0.0,0.0,0.0,0.0,0.0,0.0,0.0,0.0,0.0,0.0,0.0,0.0,0.0,0.0,0.0,0.0,0.0,0.0,0.0,0.0,0.0,0.0,0.0,0.0,0.0,0.0,0.0,0.0,0.0,0.7383101837331237,1.0,0.7425828503076631,0.5485779887434067,0.4834465711241129,0.550072250107738,0.5327934271008692,0.30533965313284067,0.2189255819814229,0.30803930891522774,0.4317203741414688,0.19352700456924563,0.05024142714231485,0.0893427457924074,0.420684080822076,0.22137477595144847,0.050959813702200485,0.0327253827703339,0.4315232710954338,0.27455258250326997,0.13015358872876853,0.10336954758221889,0.4127489598604125,0.2625070798398693,0.14588332289719103,0.1524664152220818,0.5479737347845637,0.12110275761182554,0.3237559645643685,0.0,0.6868687234791557,0.25471932951947857,0.16941451086735754,0.035854067959047047,0.0,0.0,0.0,0.0,0.0,0.0,0.0,0.0,0.0,0.2901325775819644
0.0,0.0,0.0,0.0,0.0,0.0,0.0,0.0,0.0,0.0,0.0,0.0,0.0,0.0,0.0,0.0,0.0,0.0,0.0,0.0,0.0,0.0,0.0,0.0,0.0,0.0,0.0,0.0,0.0,0.0,0.0,0.0,0.0,0.0,0.0,0.0,0.0,0.0,0.0,0.0,0.0,0.0,0.0,0.0,0.546974599524454,0.7425828503076631,1.0,0.7375052029546922,0.5546041638157575,0.48131885792667417,0.2970871463349838,0.09637941644338653,0.06676799489375125,0.21789752505691085,0.1750455798688452,0.0,0.0,0.0,0.1860701402496379,8.863336466514016e-05,0.0,0.0,0.24904315663033075,0.145757348207352,0.0,0.0,0.26240922371286773,0.1864321069807492,0.10357338902325658,0.0856836199575912,0.7344831750087589,0.07712895275816427,0.49120851778087166,0.0,0.4926958589023309,0.485032983660491,0.25811386807367603,0.0,0.0,0.0,0.0,0.0,0.0,0.0,0.0,0.0,0.0,0.1196706800078091
0.0,0.0,0.0,0.0,0.0,0.0,0.0,0.0,0.0,0.0,0.0,0.0,0.0,0.0,0.0,0.0,0.0,0.0,0.0,0.0,0.0,0.0,0.0,0.0,0.0,0.0,0.0,0.0,0.0,0.0,0.0,0.0,0.0,0.0,0.0,0.0,0.0,0.0,0.0,0.0,0.0,0.0,0.0,0.0,0.4723859187209297,0.5485779887434067,0.7375052029546922,1.0,0.7454812399310744,0.5489892044213377,0.20228782074855012,0.057750892521116225,0.1036846174411074,0.3090710856262204,0.019901181975456542,0.0,0.0,0.0,0.0,0.0,0.0,0.0,0.06563126885598446,0.0,0.0,0.0,0.14574790829571957,0.10352537550293897,0.0,0.0,0.5430378275820645,0.06830459484318106,0.31988164313979806,0.0,0.2561484264692635,0.6862562363061235,0.49147341746715156,0.13649960394969976,0.0,0.0,0.0,0.0,0.0,0.0,0.0,0.0,0.0,0.04262203342969899
0.0,0.0,0.0,0.0,0.0,0.0,0.0,0.0,0.0,0.0,0.0,0.0,0.0,0.0,0.0,0.0,0.0,0.0,0.0,0.0,0.0,0.0,0.0,0.0,0.0,0.0,0.0,0.0,0.0,0.0,0.0,0.0,0.0,0.0,0.0,0.0,0.0,0.0,0.0,0.0,0.0,0.0,0.0,0.0,0.5435383589063773,0.4834465711241129,0.5546041638157575,0.7454812399310744,1.0,0.7375452664573363,0.297307071285523,0.21494838707107214,0.3142124709327408,0.5429006972717748,0.06689626204207651,0.0,0.0,0.0,0.0,0.0,0.0,0.0,0.03195775473151423,0.0,0.0,0.0,0.15239040969903808,0.08569523689166286,0.0,0.0,0.312070231367737,0.09439160148609706,0.07805590807809,0.017550083219015796,0.17053901345606515,0.4894652085652373,0.6859237053047023,0.3900636306162589,0.03786525206520374,0.0,0.0,0.0,0.0,0.0,0.0,0.0,0.0,0.10798055780908183
0.0,0.0,0.0,0.0,0.0,0.0,0.0,0.0,0.0,0.0,0.0,0.0,0.0,0.0,0.0,0.0,0.0,0.0,0.0,0.0,0.0,0.0,0.0,0.0,0.0,0.0,0.0,0.0,0.0,0.0,0.0,0.0,0.0,0.0,0.0,0.0,0.0,0.0,0.0,0.0,0.0,0.0,0.0,0.0,0.7350213000600251,0.550072250107738,0.48131885792667417,0.5489892044213377,0.7375452664573363,1.0,0.5375659668905777,0.47660677648718475,0.5524565023669834,0.7354903249114845,0.2858595481850097,0.08633975812501352,0.06058967989720391,0.21507087696332877,0.15348392531611263,0.0,0.0,0.0,0.16163498187566952,0.0,0.0,0.0,0.2745577272173278,0.14584640802087379,0.0,0.0,0.2159697684097274,0.13234109619488293,0.0,0.03611502101653627,0.25433584828800015,0.25293857552702126,0.48746484745564783,0.4848330633376189,0.2559185417831943,0.0,0.0,0.0,0.0,0.0,0.0,0.0,0.0,0.2721320210331098
0.0,0.0,0.0,0.0,0.0,0.0,0.0,0.0,0.0,0.0,0.0,0.0,0.0,0.0,0.0,0.0,0.0,0.0,0.0,0.0,0.0,0.0,0.0,0.0,0.0,0.0,0.0,0.0,0.0,0.0,0.0,0.0,0.0,0.0,0.0,0.0,0.0,0.0,0.0,0.0,0.0,0.0,0.0,0.0,0.7298188108144611,0.5327934271008692,0.2970871463349838,0.20228782074855012,0.297307071285523,0.5375659668905777,1.0,0.7368510476816572,0.5418849213251551,0.47019163748164955,0.7308256621188952,0.545172054156483,0.47641048799927194,0.5430518789026673,0.5198644742913405,0.2935161319650767,0.2118230235225668,0.3047914211501116,0.40783662138010235,0.15354374484427763,0.01738578055535916,0.07142679482356419,0.42079321230333566,0.18620895629725534,0.0,0.0,0.08083922558427262,0.08025301819675455,0.0,0.0,0.3759120641218828,0.0,0.02547751420087357,0.15642000213759413,0.24991933424381121,0.2498164405315549,0.16284181797457414,0.03538221010464497,0.0,0.0,0.0,0.0,0.0,0.4247373987793416
0.0,0.0,0.0,0.0,0.0,0.0,0.0,0.0,0.0,0.0,0.0,0.0,0.0,0.0,0.0,0.0,0.0,0.0,0.0,0.0,0.0,0.0,0.0,0.0,0.0,0.0,0.0,0.0,0.0,0.0,0.0,0.0,0.0,0.0,0.0,0.0,0.0,0.0,0.0,0.0,0.0,0.0,0.0,0.0,0.5455442713475747,0.30533965313284067,0.09637941644338653,0.057750892521116225,0.21494838707107214,0.47660677648718475,0.7368510476816572,1.0,0.7348719395012014,0.5487942268345944,0.5433998474191766,0.47900458589604406,0.5523412914351178,0.7361488874676979,0.29353705063552,0.08718839055756548,0.059371295753635485,0.21596959026528434,0.17146582288526693,0.0,0.0,0.0,0.22152484744400164,0.0002715153223391224,0.0,0.0,0.0,0.0,0.0,0.0,0.12425945959229523,0.0,0.0,0.2524113867251821,0.4859540015658717,0.4857160566828295,0.25577043092390905,0.0,0.0,0.0,0.0,0.0,0.0,0.27081067784325313
0.0,0.0,0.0,0.0,0.0,0.0,0.0,0.0,0.0,0.0,0.0,0.0,0.0,0.0,0.0,0.0,0.0,0.0,0.0,0.0,0.0,0.0,0.0,0.0,0.0,0.0,0.0,0.0,0.0,0.0,0.0,0.0,0.0,0.0,0.0,0.0,0.0,0.0,0.0,0.0,0.0,0.0,0.0,0.0,0.477178252344711,0.2189255819814229,0.06676799489375125,0.1036846174411074,0.3142124709327408,0.5524565023669834,0.5418849213251551,0.7348719395012014,1.0,0.7479085700586733,0.2998859173254757,0.21396501133942633,0.31243357834261504,0.543168599083341,0.07143303951198816,0.0,0.0,0.0,0.0,0.0,0.0,0.0,0.1035021369493267,0.0,0.0,0.0,0.0,0.0,0.0,0.0,0.0,0.0,0.14190515758958255,0.4919248568281104,0.6858578290678696,0.39316662029319177,0.03658346960888592,0.0,0.0,0.0,0.0,0.0,0.0,0.16897473431815763
0.0,0.0,0.0,0.0,0.0,0.0,0.0,0.0,0.0,0.0,0.0,0.0,0.0,0.0,0.0,0.0,0.0,0.0,0.0,0.0,0.0,0.0,0.0,0.0,0.0,0.0,0.0,0.0,0.0,0.0,0.0,0.0,0.0,0.0,0.0,0.0,0.0,0.0,0.0,0.0,0.0,0.0,0.0,0.0,0.5420659115460222,0.30803930891522774,0.21789752505691085,0.3090710856262204,0.5429006972717748,0.7354903249114845,0.47019163748164955,0.5487942268345944,0.7479085700586733,1.0,0.20244426818328015,0.05571794272496959,0.10311639670520602,0.3114755307302711,0.017348838674202588,0.0,0.0,0.0,0.0,0.0,0.0,0.0,0.13020686436842707,0.0,0.0,0.0,0.0,0.020670976027379905,0.0,0.0,0.03155684382354708,0.033121128596320326,0.392131214906499,0.6859460115508906,0.49262410392391887,0.14238994479595854,0.0,0.0,0.0,0.0,0.0,0.0,0.0,0.17533307027289233
0.0,0.0,0.0,0.0,0.0,0.0,0.0,0.0,0.0,0.0,0.0,0.0,0.0,0.0,0.0,0.0,0.0,0.0,0.0,0.0,0.0,0.0,0.0,0.0,0.0,0.0,0.0,0.0,0.0,0.0,0.0,0.0,0.0,0.0,0.0,0.0,0.0,0.0,0.0,0.0,0.0,0.0,0.0,0.0,0.5221499540318576,0.4317203741414688,0.1750455798688452,0.019901181975456542,0.06689626204207651,0.2858595481850097,0.7308256621188952,0.5433998474191766,0.2998859173254757,0.20244426818328015,1.0,0.7354327964742929,0.5421426695665043,0.47465578265943054,0.7308368711460823,0.5434004490629164,0.4746516872805619,0.5421421350495901,0.5221861509596298,0.2858941791963235,0.20247628776693694,0.2998947978541802,0.43178831727266836,0.1751161637146004,0.01997289866198305,0.06694566909391639,0.012176343492352706,0.012246408207593689,0.0,0.0,0.37537828114290833,0.0,0.0,0.0,0.03131848978619721,0.1610997121078036,0.24914525716641606,0.24914609275159594,0.16110079859427212,0.03131953965641546,0.0,0.0,0.0,0.37544967282361214
0.0,0.0,0.0,0.0,0.0,0.0,0.0,0.0,0.0,0.0,0.0,0.0,0.0,0.0,0.0,0.0,0.0,0.0,0.0,0.0,0.0,0.0,0.0,0.0,0.0,0.0,0.0,0.0,0.0,0.0,0.0,0.0,0.0,0.0,0.0,0.0,0.0,0.0,0.0,0.0,0.0,0.0,0.0,0.0,0.2988394266615378,0.19352700456924563,0.0,0.0,0.0,0.08633975812501352,0.545172054156483,0.47900458589604406,0.21396501133942633,0.05571794272496959,0.7354327964742929,1.0,0.736158991010192,0.5512995649138863,0.5451873660434269,0.4790044384995308,0.5512966900626146,0.736160226591459,0.2988786936479666,0.08636221580336981,0.05573264499355686,0.21396197017285903,0.19361777086713866,0.0,0.0,0.0,0.0,0.0,0.0,0.0,0.15081130686318103,0.0,0.0,0.0,0.0,0.2546574774696775,0.4862234589673986,0.48622498071400716,0.2546593995092707,0.0,0.0,0.0,0.0,0.15093642379593722
0.0,0.0,0.0,0.0,0.0,0.0,0.0,0.0,0.0,0.0,0.0,0.0,0.0,0.0,0.0,0.0,0.0,0.0,0.0,0.0,0.0,0.0,0.0,0.0,0.0,0.0,0.0,0.0,0.0,0.0,0.0,0.0,0.0,0.0,0.0,0.0,0.0,0.0,0.0,0.0,0.0,0.0,0.0,0.0,0.21485714238656828,0.05024142714231485,0.0,0.0,0.0,0.06058967989720391,0.47641048799927194,0.5523412914351178,0.31243357834261504,0.10311639670520602,0.5421426695665043,0.736158991010192,1.0,0.7473503465671631,0.30481460610147376,0.21597289192524968,0.31196045432896696,0.5435016381925479,0.0838406792953202,0.0,0.0,0.0,0.032857406172081854,0.0,0.0,0.0,0.0,0.0,0.0,0.0,0.0,0.0,0.0,0.0,0.14254034917080285,0.4913782792530782,0.6858870590772311,0.39334593067654033,0.0353482985397742,0.0,0.0,0.0,0.0,0.03760047767545567
