1.0,0.7383101837331237,0.5469745995244542,0.4723859187209297,0.543538358906377,0.7350213000600251,0.7298188108144612,0.5455442713475747,0.4771782523447112,0.5420659115460222,0.5221499540318577,0.2988394266615379,0.21485714238656844,0.30488526192816867,0.4077824480204647,0.17138843132899412,0.03825424317962149,0.08377896521456188,0.38389053483321084,0.16166055151863398,0.0,0.0,0.43156805599316767,0.24916181938482085,0.06576857370685145,0.03204274986343499,0.30560957414829926,0.15784950197479072,0.07161312952542503,0.006891664643294044,0.4860060592206328,0.15869161526558664,0.2501429962227157,0.24826651407944159,0.16323938323844842,0.03455335202230937,0.0,0.0,0.0,0.0,0.0,0.0,0.0,0.3981954339716709,0.2851086094831249,0.29572787338307455,0.277585889242224,0.2492618255410302,0.2526773353720182,0.27652673465139227,0.16467970285443556,0.10794476561874089,0.10287128950355348,0.16853584804124597,0.016274139828339515,0.0,0.0,0.0,0.0,0.0,0.0,0.0,0.0,0.0,0.0,0.0,0.0,0.0,0.0,0.0,0.15529370113631416,0.0,0.0,0.0,0.11026620222143295,0.030019383703047745,0.03740472465570151,0.0,0.0,0.0,0.0,0.0,0.0,0.0,0.0,0.0,0.0,0.0
0.7383101837331237,1.0,0.7425828503076631,0.5485779887434067,0.4834465711241129,0.5500722501077381,0.5327934271008693,0.3053396531328407,0.21892558198142306,0.3080393089152278,0.431720374141469,0.19352700456924596,0.050241427142315186,0.08934274579240757,0.4206840808220761,0.22137477595144847,0.050959813702200644,0.0327253827703339,0.43152327109543365,0.2745525825032699,0.13015358872876837,0.10336954758221872,0.4127489598604123,0.2625070798398693,0.14588332289719103,0.15246641522208149,0.5479737347845636,0.1211027576118252,0.3237559645643684,0.0,0.6868687234791557,0.25471932951947857,0.16941451086735745,0.035854067959047047,0.0,0.0,0.0,0.0,0.0,0.0,0.0,0.0,0.0,0.2901325775819642,0.29572787338307455,0.2139390123536946,0.15485997611377034,0.16836685904230408,0.2560698702127458,0.3332141385683788,0.22161257712814889,0.24293286888508048,0.2778391144852446,0.3103350412074595,0.03743748812428609,0.0,9.547967668581762e-05,0.1125655712312049,0.0,0.0,0.0,0.0,0.0,0.0,0.0,0.0,0.0,0.0,0.0,0.0,0.0,0.0,0.0,0.0,0.005253328144616954,0.0,0.07098674236564603,0.11940742752239576,0.0706998969240106,0.0,0.0,0.0,0.0,0.0,0.0,0.0,0.0,0.0
0.5469745995244542,0.7425828503076631,1.0,0.7375052029546922,0.5546041638157575,0.48131885792667417,0.29708714633498395,0.09637941644338653,0.06676799489375142,0.21789752505691085,0.17504557986884536,0.0,0.0,0.0,0.18607014024963806,8.863336466514016e-05,0.0,0.0,0.2490431566303309,0.14575734820735234,0.0,0.0,0.2624092237128678,0.18643210698074936,0.10357338902325691,0.08568361995759137,0.7344831750087588,0.07712895275816427,0.4912085177808716,0.0,0.4926958589023311,0.485032983660491,0.258113868073676,0.0,0.0,0.0,0.0,0.0,0.0,0.0,0.0,0.0,0.0,0.11967068000780927,0.27758588924222405,0.15485997611377034,0.028836459930253206,0.005452179359427503,0.11427125787343045,0.2647166460361066,0.2980627844113155,0.3661176354183366,0.3493810728801815,0.28908759701958675,0.14469192698120456,0.1326923771477147,0.2057317331528531,0.3029334402443859,0.0,0.0,0.0,0.0,0.0,0.0,0.0,0.0,0.0,0.0,0.0,0.0,0.0,0.0,0.0,0.0,0.0,0.0,0.0,0.06646508493295482,0.16693272383230665,0.1406319184240041,0.0,0.0,0.0,0.0,0.0,0.0,0.0,0.0
0.4723859187209297,0.5485779887434067,0.7375052029546922,1.0,0.7454812399310744,0.5489892044213376,0.20228782074855012,0.057750892521116225,0.1036846174411074,0.3090710856262204,0.019901181975456705,0.0,0.0,0.0,0.0,0.0,0.0,0.0,0.06563126885598446,0.0,0.0,0.0,0.14574790829571957,0.10352537550293914,0.0,0.0,0.5430378275820644,0.06830459484318106,0.31988164313979806,0.0,0.2561484264692636,0.6862562363061235,0.4914734174671515,0.13649960394969976,0.0,0.0,0.0,0.0,0.0,0.0,0.0,0.0,0.0,0.04262203342969899,0.2492618255410302,0.16836685904230408,0.005452179359427339,0.0,0.0,0.15080552022145646,0.31785054569708726,0.33263660943527207,0.22172243824876575,0.13134113383807078,0.24741893032848927,0.27704833819070174,0.3107090571481448,0.31978266072458417,0.04237748230579245,0.0,0.006442083499329756,0.1422449783162065,0.0,0.0,0.0,0.0,0.0,0.0,0.0,0.0,0.0,0.0,0.0,0.0,0.0521160460665328,0.0,0.0,0.0,0.019750935493952616,0.11860281223345251,0.10989839405668674,0.0,0.0,0.0,0.0,0.0,0.0,0.0
0.543538358906377,0.4834465711241129,0.5546041638157575,0.7454812399310744,1.0,0.7375452664573362,0.29730707128552286,0.21494838707107197,0.31421247093274074,0.5429006972717748,0.06689626204207651,0.0,0.0,0.0,0.0,0.0,0.0,0.0,0.03195775473151406,0.0,0.0,0.0,0.15239040969903808,0.08569523689166303,0.0,0.0,0.312070231367737,0.0943916014860969,0.07805590807809017,0.017550083219015796,0.17053901345606523,0.48946520856523734,0.6859237053047023,0.39006363061625887,0.037865252065203574,0.0,0.0,0.0,0.0,0.0,0.0,0.0,0.0,0.10798055780908167,0.2526773353720182,0.2560698702127458,0.11427125787343029,0.0,0.0,0.11652759830399656,0.27009643351389506,0.19889750334236417,0.07066870136879093,0.026411181541491316,0.23766585854195207,0.2251347448440198,0.17625606116540374,0.14747454187108178,0.09378810550848515,0.03431667087655069,0.0604388157419059,0.13348913382571279,0.0,0.0,0.0,0.0,0.0,0.0,0.0,0.0,0.010940788979015313,0.0,0.0,0.0,0.1752729948050119,0.0,0.0,0.0,0.0,0.0,0.0,0.0,0.0,0.0,0.0,0.0,0.0,0.0
0.7350213000600251,0.5500722501077381,0.48131885792667417,0.5489892044213376,0.7375452664573362,1.0,0.5375659668905777,0.4766067764871849,0.5524565023669835,0.7354903249114845,0.28585954818500986,0.08633975812501368,0.060589679897204075,0.21507087696332894,0.1534839253161128,0.0,0.0,0.0,0.16163498187566938,0.0,0.0,0.0,0.2745577272173275,0.14584640802087379,0.0,0.0,0.21596976840972726,0.13234109619488243,0.0,0.036115021016535936,0.25433584828800015,0.25293857552702115,0.48746484745564767,0.4848330633376189,0.2559185417831945,0.0,0.0,0.0,0.0,0.0,0.0,0.0,0.0,0.27213202103310963,0.2765267346513924,0.3332141385683788,0.2647166460361066,0.15080552022145663,0.11652759830399656,0.17769540074437062,0.20033118374159126,0.09949477462161341,0.019977093326049515,0.04416085348729409,0.12329125341159304,0.043825909073839056,0.0,0.0,0.013520702079727803,0.0,0.0,0.0,0.0,0.0,0.0,0.0,0.0,0.0,0.0,0.0,0.18540748366566684,0.0,0.040486259287943284,0.0,0.2188712210864062,0.0,0.0,0.0,0.0,0.0,0.0,0.0,0.0,0.0,0.0,0.0,0.0,0.0
0.7298188108144612,0.5327934271008693,0.29708714633498395,0.20228782074855012,0.29730707128552286,0.5375659668905777,1.0,0.7368510476816572,0.5418849213251553,0.4701916374816496,0.7308256621188953,0.545172054156483,0.47641048799927194,0.5430518789026673,0.5198644742913405,0.29351613196507653,0.2118230235225668,0.30479142115011154,0.40783662138010235,0.1535437448442778,0.017385780555359,0.07142679482356419,0.4207932123033358,0.1862089562972555,0.0,0.0,0.08083922558427245,0.08025301819675455,0.0,0.0,0.3759120641218828,0.0,0.02547751420087357,0.15642000213759405,0.24991933424381121,0.2498164405315549,0.16284181797457406,0.03538221010464497,0.0,0.0,0.0,0.0,0.0,0.4247373987793416,0.16467970285443556,0.22161257712814889,0.29806278441131556,0.31785054569708726,0.27009643351389495,0.20033118374159126,0.0,0.0,0.0,0.061902170376562336,0.0,0.0,0.0,0.0,0.0,0.0,0.0,0.0,0.0,0.0,0.0,0.0,0.0,0.0,0.0,0.0,0.21863040806038045,0.0,0.07221271075242043,0.0,0.01374544161835356,0.16059473594128124,0.08397262638525943,0.0,0.0,0.0,0.0,0.0,0.0,0.0,0.0,0.0,0.0,0.0
0.5455442713475747,0.3053396531328407,0.09637941644338653,0.057750892521116225,0.21494838707107197,0.4766067764871849,0.7368510476816572,1.0,0.7348719395012016,0.5487942268345944,0.5433998474191765,0.47900458589604406,0.5523412914351179,0.7361488874676979,0.29353705063552005,0.08718839055756548,0.059371295753635485,0.21596959026528434,0.17146582288526693,0.0,0.0,0.0,0.22152484744400164,0.00027151532233945136,0.0,0.0,0.0,0.0,0.0,0.0,0.12425945959229523,0.0,0.0,0.2524113867251821,0.48595400156587165,0.4857160566828294,0.25577043092390905,0.0,0.0,0.0,0.0,0.0,0.0,0.27081067784325313,0.10794476561874106,0.24293286888508064,0.36611763541833675,0.33263660943527207,0.19889750334236417,0.09949477462161324,0.0,0.0,0.0,0.0,0.0,0.0,0.0,0.0,0.0,0.0,0.0,0.0,0.0,0.0,0.0,0.0,0.0,0.0,0.0,0.0,0.37784089835652246,0.0,0.2801632278508645,0.0,0.066310534118494,0.2083251599280737,0.0,0.0,0.0,0.0,0.0,0.0,0.0,0.0,0.0,0.0,0.0,0.0
0.4771782523447112,0.21892558198142306,0.06676799489375142,0.1036846174411074,0.31421247093274074,0.5524565023669835,0.5418849213251553,0.7348719395012016,1.0,0.7479085700586734,0.2998859173254758,0.21396501133942633,0.3124335783426152,0.5431685990833409,0.07143303951198833,0.0,0.0,0.0,0.0,0.0,0.0,0.0,0.10350213694932686,0.0,0.0,0.0,0.0,0.0,0.0,0.0,0.0,0.0,0.14190515758958255,0.4919248568281104,0.6858578290678695,0.3931666202931917,0.03658346960888592,0.0,0.0,0.0,0.0,0.0,0.0,0.1689747343181578,0.10287128950355365,0.2778391144852448,0.34938107288018166,0.22172243824876575,0.07066870136879093,0.019977093326049515,0.0,0.0,0.0,0.0,0.0,0.0,0.0,0.0,0.0,0.0,0.0,0.0,0.0,0.0,0.0,0.0,0.0,0.0,0.0,0.0,0.4144618575764227,0.0,0.35428031628887374,0.0,0.16840027221381287,0.06436614814754006,0.0,0.0,0.0,0.0,0.0,0.0,0.0,0.0,0.0,0.0,0.0,0.0
0.5420659115460222,0.3080393089152278,0.21789752505691085,0.3090710856262204,0.5429006972717748,0.7354903249114845,0.4701916374816496,0.5487942268345944,0.7479085700586734,1.0,0.20244426818328015,0.05571794272496976,0.10311639670520602,0.31147553073027123,0.01734883867420275,0.0,0.0,0.0,0.0,0.0,0.0,0.0,0.13020686436842707,0.0,0.0,0.0,0.0,0.020670976027379905,0.0,0.0,0.031556843823547405,0.033121128596320326,0.39213121490649894,0.6859460115508905,0.49262410392391903,0.14238994479595854,0.0,0.0,0.0,0.0,0.0,0.0,0.0,0.17533307027289216,0.16853584804124613,0.3103350412074596,0.2890875970195868,0.13134113383807078,0.02641118154149148,0.04416085348729409,0.061902170376562336,0.0,0.0,0.0,0.02535716584276907,0.0,0.0,0.0,0.0,0.0,0.0,0.0,0.0,0.0,0.0,0.0,0.0,0.0,0.0,0.0,0.3003340723815654,0.0,0.20970315647526921,0.0,0.23717629877580304,0.0,0.0,0.0,0.0,0.0,0.0,0.0,0.0,0.0,0.0,0.0,0.0,0.0
0.5221499540318577,0.431720374141469,0.17504557986884536,0.019901181975456705,0.06689626204207651,0.28585954818500986,0.7308256621188953,0.5433998474191765,0.2998859173254758,0.20244426818328015,1.0,0.7354327964742928,0.5421426695665043,0.4746557826594304,0.7308368711460825,0.5434004490629163,0.474651687280562,0.5421421350495899,0.5221861509596298,0.28589417919632365,0.2024762877669371,0.2998947978541802,0.43178831727266853,0.1751161637146009,0.019972898661983218,0.06694566909391639,0.012176343492352706,0.012246408207593689,0.0,0.0,0.3753782811429084,0.0,0.0,0.0,0.03131848978619721,0.16109971210780352,0.2491452571664159,0.24914609275159594,0.1611007985942722,0.03131953965641579,0.0,0.0,0.0,0.37544967282361214,0.016274139828339515,0.03743748812428609,0.14469192698120456,0.24741893032848927,0.23766585854195207,0.12329125341159304,0.0,0.0,0.0,0.02535716584276907,0.0,0.0,0.0,0.0,0.0,0.0,0.0,0.0,0.0,0.0,0.0,0.0,0.0,0.0,0.0,0.0,0.0487383363840251,0.0,0.0,0.0,0.0,0.1344159004293666,0.12075527918084063,0.0,0.0,0.0,0.0,0.0,0.0,0.0,0.0,0.0,0.0,0.0
0.2988394266615379,0.19352700456924596,0.0,0.0,0.0,0.08633975812501368,0.545172054156483,0.47900458589604406,0.21396501133942633,0.05571794272496976,0.7354327964742928,1.0,0.7361589910101921,0.5512995649138863,0.5451873660434271,0.47900443849953067,0.5512966900626145,0.736160226591459,0.2988786936479665,0.08636221580336997,0.05573264499355686,0.21396197017285887,0.19361777086713866,0.0,0.0,0.0,0.0,0.0,0.0,0.0,0.15081130686318103,0.0,0.0,0.0,0.0,0.25465747746967754,0.4862234589673985,0.48622498071400716,0.2546593995092708,0.0,0.0,0.0,0.0,0.15093642379593722,0.0,0.0,0.13269237714771487,0.27704833819070174,0.2251347448440198,0.043825909073839056,0.0,0.0,0.0,0.0,0.0,0.0,0.0,0.0,0.0,0.0,0.0,0.0,0.0,0.0,0.0,0.0,0.0,0.0,0.0,0.0,0.07010955911145188,0.0,0.0,0.0,0.0,0.23402654356882666,0.13836375332559164,0.0,0.0,0.0,0.0,0.0,0.0,0.0,0.0,0.0,0.0,0.0
0.21485714238656844,0.050241427142315186,0.0,0.0,0.0,0.060589679897204075,0.47641048799927194,0.5523412914351179,0.3124335783426152,0.10311639670520602,0.5421426695665043,0.7361589910101921,1.0,0.7473503465671631,0.30481460610147404,0.21597289192524952,0.31196045432896685,0.5435016381925479,0.08384067929532003,0.0,0.0,0.0,0.03285740617208202,0.0,0.0,0.0,0.0,0.0,0.0,0.0,0.0,0.0,0.0,0.0,0.14254034917080285,0.49137827925307825,0.685887059077231,0.3933459306765403,0.0353482985397742,0.0,0.0,0.0,0.0,0.03760047767545583,0.0,9.547967668581762e-05,0.20573173315285326,0.3107090571481448,0.17625606116540357,0.0,0.0,0.0,0.0,0.0,0.0,0.0,0.0,0.0,0.0,0.0,0.0,0.0,0.0,0.0,0.0,0.0,0.0,0.0,0.0,0.0,0.21598691477336646,0.0,0.1329557610479687,0.0,0.0,0.30678880253538504,0.05145165536980909,0.0,0.0,0.0,0.0,0.0,0.0,0.0,0.0,0.0,0.0,0.0
0.30488526192816867,0.08934274579240757,0.0,0.0,0.0,0.21507087696332894,0.5430518789026673,0.7361488874676979,0.5431685990833409,0.31147553073027123,0.4746557826594304,0.5512995649138863,0.7473503465671631,1.0,0.21185667105063544,0.05938364449927881,0.10276909560465342,0.3119643897693426,0.03834129942211122,0.0,0.0,0.0,0.051126436932900005,0.0,0.0,0.0,0.0,0.0,0.0,0.0,0.0,0.0,0.0,0.03565338955575878,0.3942138752068704,0.6859100534210205,0.4914729611286634,0.14154157863183808,0.0,0.0,0.0,0.0,0.0,0.09353071735335049,0.0,0.1125655712312049,0.3029334402443859,0.31978266072458417,0.1474745418710816,0.0,0.0,0.0,0.0,0.0,0.0,0.0,0.0,0.0,0.0,0.0,0.0,0.0,0.0,0.0,0.0,0.0,0.0,0.0,0.0,0.0,0.364155045876652,0.0,0.3078685436377158,0.0,0.0,0.27404301371528406,0.0,0.0,0.0,0.0,0.0,0.0,0.0,0.0,0.0,0.0,0.0,0.0
0.4077824480204647,0.4206840808220761,0.18607014024963806,0.0,0.0,0.1534839253161128,0.5198644742913405,0.29353705063552005,0.07143303951198833,0.01734883867420275,0.7308368711460825,0.5451873660434271,0.30481460610147404,0.21185667105063544,1.0,0.7368522196076671,0.5430547166786945,0.47641926533083656,0.7298304919676554,0.5375773107063256,0.4702110605482937,0.5418927239855869,0.5328224101598317,0.2971133386371277,0.2023173209633745,0.2973235172114934,0.08010521645551617,0.08086382811076027,0.0,0.0,0.42463946524291807,0.0,0.0,0.0,0.0,0.0,0.03540590064367063,0.16285516868096445,0.2498222261759533,0.24992482110721936,0.15643830588661436,0.025487670713184418,0.0,0.3759433869898198,0.0,0.0,0.0,0.04237748230579245,0.09378810550848499,0.013520702079727638,0.0,0.0,0.0,0.0,0.0,0.0,0.0,0.0,0.0,0.0,0.0,0.0,0.0,0.0,0.0,0.0,0.0,0.0,0.0,0.0,0.0,0.0,0.0,0.0,0.0,0.0,0.013299331311702137,0.0,0.0,0.0,0.0,0.0,0.0,0.0,0.0,0.0,0.0,0.0
0.17138843132899412,0.22137477595144847,8.863336466514016e-05,0.0,0.0,0.0,0.29351613196507653,0.08718839055756548,0.0,0.0,0.5434004490629163,0.47900443849953067,0.21597289192524952,0.05938364449927881,0.7368522196076671,1.0,0.7361436465600051,0.5523351328095235,0.54554820187924,0.47659742736626837,0.5487947165893613,0.7348695165358496,0.3053658830994491,0.09639233898390304,0.05775448335833967,0.21493656123491192,0.0,0.0,0.0,0.0,0.27064560691879075,0.0,0.0,0.0,0.0,0.0,0.0,0.25576777938978373,0.48571436997766854,0.4859518156553859,0.252412062977716,0.0,0.0,0.12430500894535411,0.0,0.0,0.0,0.0,0.03431667087655052,0.0,0.0,0.0,0.0,0.0,0.0,0.0,0.0,0.0,0.0,0.0,0.0,0.0,0.0,0.0,0.0,0.0,0.0,0.0,0.0,0.0,0.0,0.0,0.0,0.0,0.0,0.0,0.009125780136608598,0.0,0.0,0.0,0.0,0.0,0.0,0.0,0.0,0.0,0.0,0.0
0.03825424317962149,0.050959813702200644,0.0,0.0,0.0,0.0,0.2118230235225668,0.059371295753635485,0.0,0.0,0.474651687280562,0.5512966900626145,0.31196045432896685,0.10276909560465342,0.5430547166786945,0.7361436465600051,1.0,0.7473457863383886,0.3048943567854323,0.21505488982459986,0.3114581759685656,0.5431465959375332,0.08938941325356639,0.0,0.0,0.0,0.0,0.0,0.0,0.0,0.09332666870597658,0.0,0.0,0.0,0.0,0.0,0.14154093278402827,0.4914720130635414,0.6859157134074464,0.39418336562584544,0.03563238072850643,0.0,0.0,0.0,0.0,0.0,0.0,0.006442083499329756,0.0604388157419059,0.0,0.0,0.0,0.0,0.0,0.0,0.0,0.0,0.0,0.0,0.0,0.0,0.0,0.0,0.0,0.0,0.0,0.0,0.0,0.0,0.0,0.0,0.0,0.0,0.0,0.0,0.0,0.06302487108042137,0.0,0.0,0.0,0.0,0.0,0.0,0.0,0.0,0.0,0.0,0.0
0.08377896521456188,0.0327253827703339,0.0,0.0,0.0,0.0,0.30479142115011154,0.21596959026528434,0.0,0.0,0.5421421350495899,0.736160226591459,0.5435016381925479,0.3119643897693426,0.47641926533083656,0.5523351328095235,0.7473457863383886,1.0,0.21488017764149253,0.06058607571480381,0.10310571591149909,0.3124134427722458,0.05031471407726434,0.0,0.0,0.0,0.0,0.0,0.0,0.0,0.037424198495317605,0.0,0.0,0.0,0.0,0.03534950930781986,0.39334813192103557,0.6858898693707111,0.4913782856747971,0.1425062743713,0.0,0.0,0.0,0.0,0.0,0.0,0.0,0.14224497831620633,0.13348913382571262,0.0,0.0,0.0,0.0,0.0,0.0,0.0,0.0,0.0,0.0,0.0,0.0,0.0,0.0,0.0,0.0,0.0,0.0,0.0,0.0,0.0,0.0,0.0,0.0,0.0,0.0,0.12194755876335882,0.10894661984591349,0.0,0.0,0.0,0.0,0.0,0.0,0.0,0.0,0.0,0.0,0.0
0.38389053483321084,0.43152327109543365,0.2490431566303309,0.06563126885598446,0.03195775473151406,0.16163498187566938,0.40783662138010235,0.17146582288526693,0.0,0.0,0.5221861509596298,0.2988786936479665,0.08384067929532003,0.03834129942211122,0.7298304919676554,0.54554820187924,0.3048943567854323,0.21488017764149253,1.0,0.7350243036488251,0.542074426430438,0.4771839604762502,0.738313972882556,0.5469828850808875,0.47240430379050763,0.543548098572061,0.1577143077332425,0.30561489197239095,0.006745149960305096,0.0716186843941025,0.39820846352821526,0.0,0.0,0.0,0.0,0.0,0.0,0.0,0.03456048900401557,0.1632448320028782,0.24827131368236402,0.25015015731844714,0.15870904433873195,0.4860033042509974,0.0,0.0,0.0,0.0,0.0,0.0,0.0,0.0,0.0,0.0,0.0,0.0,0.0,0.0,0.0,0.0,0.0,0.0,0.0,0.0,0.0,0.0,0.0,0.0,0.0,0.0,0.0,0.0,0.0,0.0,0.0,0.0,0.0,0.0,0.0,0.0,0.0,0.0,0.0,0.0,0.0,0.0,0.0,0.0
0.16166055151863398,0.2745525825032699,0.14575734820735234,0.0,0.0,0.0,0.1535437448442778,0.0,0.0,0.0,0.28589417919632365,0.08636221580336997,0.0,0.0,0.5375773107063256,0.47659742736626837,0.21505488982459986,0.06058607571480381,0.7350243036488251,1.0,0.7354857652001912,0.5524481888822935,0.5500629130432773,0.48130789444211436,0.5489872501676732,0.7375430223599141,0.13222303439951627,0.2159601138289154,0.035973104788070656,0.0,0.272189254709916,0.0,0.0,0.0,0.0,0.0,0.0,0.0,0.0,0.25590954502259444,0.4848279142121397,0.4874618019118997,0.25293864751986456,0.25432571723658093,0.0,0.0,0.0,0.0,0.0,0.0,0.0,0.0,0.0,0.0,0.0,0.0,0.0,0.0,0.0,0.0,0.0,0.0,0.0,0.0,0.0,0.0,0.0,0.0,0.0,0.0,0.0,0.0,0.0,0.0,0.0,0.0,0.0,0.0,0.0,0.0,0.0,0.0,0.0,0.0,0.0,0.0,0.0,0.0
0.0,0.13015358872876837,0.0,0.0,0.0,0.0,0.017385780555359,0.0,0.0,0.0,0.2024762877669371,0.05573264499355686,0.0,0.0,0.4702110605482937,0.5487947165893613,0.3114581759685656,0.10310571591149909,0.542074426430438,0.7354857652001912,1.0,0.7479085656643649,0.3080397761202938,0.21788384283764464,0.30905175821608755,0.5428764676330305,0.020502329003648293,0.0,0.0,0.0,0.17532022607134126,0.0,0.0,0.0,0.0,0.0,0.0,0.0,0.14235771716077547,0.49262123687613596,0.68594420442837,0.3920934118183156,0.03309960808595728,0.0315650969438725,0.0,0.0,0.0,0.0,0.0,0.0,0.0,0.0,0.0,0.0,0.0,0.0,0.0,0.0,0.0,0.0,0.0,0.0,0.0,0.0,0.0,0.0,0.0,0.0,0.0,0.0,0.0,0.0,0.0,0.0,0.0,0.0,0.0,0.0,0.0,0.0,0.0,0.0,0.0,0.0,0.0,0.0,0.0,0.0
0.0,0.10336954758221872,0.0,0.0,0.0,0.0,0.07142679482356419,0.0,0.0,0.0,0.2998947978541802,0.21396197017285887,0.0,0.0,0.5418927239855869,0.7348695165358496,0.5431465959375332,0.3124134427722458,0.4771839604762502,0.5524481888822935,0.7479085656643649,1.0,0.21894099480564294,0.06676895767210837,0.10367599925517229,0.31419333625005713,0.0,0.0,0.0,0.0,0.16884649506681562,0.0,0.0,0.0,0.0,0.0,0.0,0.03656191130806536,0.3931349152710489,0.6858574820204973,0.4919273449701913,0.1418698478397815,0.0,0.0,0.0,0.0,0.0,0.0,0.0,0.0,0.0,0.0,0.0,0.0,0.0,0.0,0.0,0.0,0.0,0.0,0.0,0.0,0.0,0.0,0.0,0.0,0.0,0.0,0.0,0.0,0.0,0.0,0.0,0.0,0.0,0.0,0.0,0.0,0.0,0.0,0.0,0.0,0.0,0.0,0.0,0.0,0.0,0.0
0.43156805599316767,0.4127489598604123,0.2624092237128678,0.14574790829571957,0.15239040969903808,0.2745577272173275,0.4207932123033358,0.22152484744400164,0.10350213694932686,0.13020686436842707,0.43178831727266853,0.19361777086713866,0.03285740617208202,0.051126436932900005,0.5328224101598317,0.3053658830994491,0.08938941325356639,0.05031471407726434,0.738313972882556,0.5500629130432773,0.3080397761202938,0.21894099480564294,1.0,0.7425804175598474,0.5485790237078131,0.4834383330283131,0.12098615347759126,0.5479698561905254,0.0,0.32375369189065395,0.2901947701967915,0.0,0.0,0.0,0.0,0.0,0.0,0.0,0.0,0.0,0.03584354028278264,0.16940695883617155,0.2547178940503531,0.6868632351664739,0.0,0.0,0.0,0.0,0.0,0.0,0.0,0.0,0.0,0.0,0.0,0.0,0.0,0.0,0.0,0.0,0.0,0.0,0.0,0.0,0.0,0.0,0.0,0.0,0.0,0.0,0.0,0.0,0.0,0.0,0.0,0.0,0.0,0.0,0.0,0.0,0.0,0.0,0.0,0.0,0.0,0.0,0.0,0.0
0.24916181938482085,0.2625070798398693,0.18643210698074936,0.10352537550293914,0.08569523689166303,0.14584640802087379,0.1862089562972555,0.00027151532233945136,0.0,0.0,0.1751161637146009,0.0,0.0,0.0,0.2971133386371277,0.09639233898390304,0.0,0.0,0.5469828850808875,0.48130789444211436,0.21788384283764464,0.06676895767210837,0.7425804175598474,1.0,0.7375044001434171,0.5545942316314781,0.07709729279800687,0.7344842977652807,0.0,0.49121111489293956,0.11982012941379534,0.0,0.0,0.0,0.0,0.0,0.0,0.0,0.0,0.0,0.0,0.2581060188973497,0.48503093829462046,0.4926843700667161,0.0,0.0,0.0,0.0,0.0,0.0,0.0,0.0,0.0,0.0,0.0,0.0,0.0,0.0,0.0,0.0,0.0,0.0,0.0,0.0,0.0,0.0,0.0,0.0,0.0,0.0,0.0,0.0,0.0,0.0,0.0,0.0,0.0,0.0,0.0,0.0,0.0,0.0,0.0,0.0,0.0,0.0,0.0,0.0
0.06576857370685145,0.14588332289719103,0.10357338902325691,0.0,0.0,0.0,0.0,0.0,0.0,0.0,0.019972898661983218,0.0,0.0,0.0,0.2023173209633745,0.05775448335833967,0.0,0.0,0.47240430379050763,0.5489872501676732,0.30905175821608755,0.10367599925517229,0.5485790237078131,0.7375044001434171,1.0,0.7454778532085972,0.06832190899542896,0.5430369644608629,0.0,0.31988133418800674,0.04281388551850846,0.0,0.0,0.0,0.0,0.0,0.0,0.0,0.0,0.0,0.1364625323168824,0.49146963113213343,0.6862552004965572,0.25614038040393755,0.0,0.0,0.0,0.0,0.0,0.0,0.0,0.0,0.0,0.0,0.0,0.0,0.0,0.0,0.0,0.0,0.0,0.0,0.0,0.0,0.0,0.0,0.0,0.0,0.0,0.0,0.0,0.0,0.0,0.0,0.0,0.0,0.0,0.0,0.0,0.0,0.0,0.0,0.0,0.0,0.0,0.0,0.0,0.0
0.03204274986343499,0.15246641522208149,0.08568361995759137,0.0,0.0,0.0,0.0,0.0,0.0,0.0,0.06694566909391639,0.0,0.0,0.0,0.2973235172114934,0.21493656123491192,0.0,0.0,0.543548098572061,0.7375430223599141,0.5428764676330305,0.31419333625005713,0.4834383330283131,0.5545942316314781,0.7454778532085972,1.0,0.09435046781950371,0.3120630413938679,0.017476650256456224,0.0780502706822615,0.10812152980296919,0.0,0.0,0.0,0.0,0.0,0.0,0.0,0.0,0.037841193953178226,0.3900279343986463,0.6859243529402113,0.48946724701922406,0.17052579347444513,0.0,0.0,0.0,0.0,0.0,0.0,0.0,0.0,0.0,0.0,0.0,0.0,0.0,0.0,0.0,0.0,0.0,0.0,0.0,0.0,0.0,0.0,0.0,0.0,0.0,0.0,0.0,0.0,0.0,0.0,0.0,0.0,0.0,0.0,0.0,0.0,0.0,0.0,0.0,0.0,0.0,0.0,0.0,0.0
0.30560957414829926,0.5479737347845636,0.7344831750087588,0.5430378275820644,0.312070231367737,0.21596976840972726,0.08083922558427245,0.0,0.0,0.0,0.012176343492352706,0.0,0.0,0.0,0.08010521645551617,0.0,0.0,0.0,0.1577143077332425,0.13222303439951627,0.020502329003648293,0.0,0.12098615347759126,0.07709729279800687,0.06832190899542896,0.09435046781950371,1.0,0.0,0.7567237442073773,0.0,0.39975318183984626,0.3893310446583122,0.035508211262094795,0.0,0.0,0.0,0.0,0.0,0.0,0.0,0.0,0.0,0.0,0.0,0.155293701136314,0.0,0.0,0.0,0.010940788979015313,0.18540748366566684,0.21863040806038028,0.37784089835652246,0.4144618575764227,0.3003340723815654,0.0487383363840251,0.07010955911145188,0.21598691477336662,0.36415504587665226,0.0,0.0,0.0,0.0,0.0,0.0,0.0,0.0,0.0,0.0,0.0,0.0,0.0,0.0,0.0,0.0,0.0,0.0,0.0,0.10840117522410578,0.30873477122650245,0.2749397712958146,0.021509474917465486,0.0,0.0,0.0,0.0,0.0,0.0,0.0
0.15784950197479072,0.1211027576118252,0.07712895275816427,0.06830459484318106,0.0943916014860969,0.13234109619488243,0.08025301819675455,0.0,0.0,0.020670976027379905,0.012246408207593689,0.0,0.0,0.0,0.08086382811076027,0.0,0.0,0.0,0.30561489197239095,0.2159601138289154,0.0,0.0,0.5479698561905254,0.7344842977652807,0.5430369644608629,0.3120630413938679,0.0,1.0,0.0,0.7567252109353044,0.0,0.0,0.0,0.0,0.0,0.0,0.0,0.0,0.0,0.0,0.0,0.0355040153712434,0.38932781351803125,0.39973696496122046,0.0,0.0,0.0,0.0,0.0,0.0,0.0,0.0,0.0,0.0,0.0,0.0,0.0,0.0,0.0,0.0,0.0,0.0,0.0,0.0,0.0,0.0,0.0,0.0,0.0,0.0,0.0,0.0,0.0,0.0,0.0,0.0,0.0,0.0,0.0,0.0,0.0,0.0,0.0,0.0,0.0,0.0,0.0,0.0
0.07161312952542503,0.3237559645643684,0.4912085177808716,0.31988164313979806,0.07805590807809017,0.0,0.0,0.0,0.0,0.0,0.0,0.0,0.0,0.0,0.0,0.0,0.0,0.0,0.006745149960305096,0.035973104788070656,0.0,0.0,0.0,0.0,0.0,0.017476650256456224,0.7567237442073773,0.0,1.0,0.0,0.23312131819694173,0.2232744231861837,0.0,0.0,0.0,0.0,0.0,0.0,0.0,0.0,0.0,0.0,0.0,0.0,0.0,0.0,0.0,0.0,0.0,0.04286780395193995,0.0764605172672687,0.29664341772444486,0.3751203348941017,0.22203863626793213,0.0,0.0,0.14077668816843766,0.3259784579693463,0.0,0.0,0.0,0.0,0.0,0.0,0.0,0.0,0.0,0.0,0.0,0.0,0.0,0.0,0.0,0.0,0.0,0.0,0.0,0.05157915654070788,0.3403410200319206,0.30168787711320777,0.0,0.0,0.0,0.0,0.0,0.0,0.0,0.0
0.006891664643294044,0.0,0.0,0.0,0.017550083219015796,0.036115021016535936,0.0,0.0,0.0,0.0,0.0,0.0,0.0,0.0,0.0,0.0,0.0,0.0,0.0716186843941025,0.0,0.0,0.0,0.32375369189065395,0.49121111489293956,0.31988133418800674,0.0780502706822615,0.0,0.7567252109353044,0.0,1.0,0.0,0.0,0.0,0.0,0.0,0.0,0.0,0.0,0.0,0.0,0.0,0.0,0.223270787339364,0.2331059970741111,0.0,0.0,0.0,0.0,0.0,0.0,0.0,0.0,0.0,0.0,0.0,0.0,0.0,0.0,0.0,0.0,0.0,0.0,0.0,0.0,0.0,0.0,0.0,0.0,0.0,0.0,0.0,0.0,0.0,0.0,0.0,0.0,0.0,0.0,0.0,0.0,0.0,0.0,0.0,0.0,0.0,0.0,0.0,0.0
0.4860060592206328,0.6868687234791557,0.4926958589023311,0.2561484264692636,0.17053901345606523,0.25433584828800015,0.3759120641218828,0.12425945959229523,0.0,0.031556843823547405,0.3753782811429084,0.15081130686318103,0.0,0.0,0.42463946524291807,0.27064560691879075,0.09332666870597658,0.037424198495317605,0.39820846352821526,0.272189254709916,0.17532022607134126,0.16884649506681562,0.2901947701967915,0.11982012941379534,0.04281388551850846,0.10812152980296919,0.39975318183984626,0.0,0.23312131819694173,0.0,1.0,0.0,0.0,0.0,0.0,0.0,0.0,0.0,0.0,0.0,0.0,0.0,0.0,0.16687083424427307,0.14244916076453062,0.006786596167686762,0.0,0.0673269494639417,0.2264292277385322,0.2827522951833956,0.01775726907634192,0.08566432637317407,0.21755059089822698,0.30640000320319055,0.0,0.0,0.0,0.0,0.0,0.0,0.0,0.0,0.0,0.0,0.0,0.0,0.0,0.0,0.0,0.0,0.0,0.0,0.0,0.0,0.0,0.0,0.05175408999161914,0.1278995158605226,0.0,0.0,0.0,0.0,0.0,0.0,0.0,0.0,0.0,0.0
0.15869161526558664,0.25471932951947857,0.485032983660491,0.6862562363061235,0.48946520856523734,0.25293857552702115,0.0,0.0,0.0,0.033121128596320326,0.0,0.0,0.0,0.0,0.0,0.0,0.0,0.0,0.0,0.0,0.0,0.0,0.0,0.0,0.0,0.0,0.3893310446583122,0.0,0.2232744231861837,0.0,0.0,1.0,0.4066926682940293,0.0,0.0,0.0,0.0,0.0,0.0,0.0,0.0,0.0,0.0,0.0,0.03878102200872197,0.0,0.0,0.0,0.0,0.0,0.20746688375189445,0.2691281970362676,0.083152440190602,0.0,0.17364733548291383,0.30233094145255124,0.3963300319835118,0.3540268598235729,0.0,0.0,0.0,0.1575399084502722,0.0,0.0,0.0,0.0,0.0,0.0,0.0,0.0,0.0,0.0,0.0,0.0,0.0,0.0,0.0,0.0,0.0,0.11466261526273469,0.19277863606876042,0.0,0.0,0.0,0.0,0.0,0.0,0.0
0.2501429962227157,0.16941451086735745,0.258113868073676,0.4914734174671515,0.6859237053047023,0.48746484745564767,0.02547751420087357,0.0,0.14190515758958255,0.39213121490649894,0.0,0.0,0.0,0.0,0.0,0.0,0.0,0.0,0.0,0.0,0.0,0.0,0.0,0.0,0.0,0.0,0.035508211262094795,0.0,0.0,0.0,0.0,0.4066926682940293,1.0,0.4191666720515124,0.0,0.0,0.0,0.0,0.0,0.0,0.0,0.0,0.0,0.0,0.048321893095882126,0.09170536095083438,0.0,0.0,0.0,0.0,0.108481383368517,0.0,0.0,0.0,0.1559996429608946,0.17874743252588418,0.06646864569305481,0.0,0.01718095432612238,0.011789285343944335,0.08141968991250609,0.14074443712151527,0.0,0.0,0.0,0.0,0.0,0.0,0.0,0.0,0.0,0.0,0.0,0.0,0.05175408999161914,0.0,0.0,0.0,0.0,0.0,0.0,0.0,0.0,0.0,0.0,0.0,0.0,0.0
0.24826651407944159,0.035854067959047047,0.0,0.13649960394969976,0.39006363061625887,0.4848330633376189,0.15642000213759405,0.2524113867251821,0.4919248568281104,0.6859460115508905,0.0,0.0,0.0,0.03565338955575878,0.0,0.0,0.0,0.0,0.0,0.0,0.0,0.0,0.0,0.0,0.0,0.0,0.0,0.0,0.0,0.0,0.0,0.0,0.4191666720515124,1.0,0.40868143286906383,0.0,0.0,0.0,0.0,0.0,0.0,0.0,0.0,0.0,0.0,0.15425839919161177,0.08586398532008518,0.0,0.0,0.0,0.0,0.0,0.0,0.0,0.0,0.0,0.0,0.0,0.0,0.0,0.0,0.0,0.0,0.0,0.0,0.0,0.0,0.0,0.0,0.0,0.1400397957440601,0.0,0.06293150678411727,0.0,0.1278995158605226,0.0,0.0,0.0,0.0,0.0,0.0,0.0,0.0,0.0,0.0,0.0,0.0,0.0
0.16323938323844842,0.0,0.0,0.0,0.037865252065203574,0.2559185417831945,0.24991933424381121,0.48595400156587165,0.6858578290678695,0.49262410392391903,0.03131848978619721,0.0,0.14254034917080285,0.3942138752068704,0.0,0.0,0.0,0.0,0.0,0.0,0.0,0.0,0.0,0.0,0.0,0.0,0.0,0.0,0.0,0.0,0.0,0.0,0.0,0.40868143286906383,1.0,0.4256502976575018,0.0,0.0,0.0,0.0,0.0,0.0,0.0,0.0,0.0,0.09133479506929601,0.2156547149986737,0.025515562599843094,0.0,0.0,0.0,0.0,0.0,0.0,0.0,0.0,0.0,0.0,0.0,0.0,0.0,0.0,0.0,0.0,0.0,0.0,0.0,0.0,0.0,0.0,0.39884396282849593,0.0,0.4152486129576065,0.0,0.0,0.0,0.0,0.0,0.0,0.0,0.0,0.0,0.0,0.0,0.0,0.0,0.0,0.0
0.03455335202230937,0.0,0.0,0.0,0.0,0.0,0.2498164405315549,0.4857160566828294,0.3931666202931917,0.14238994479595854,0.16109971210780352,0.25465747746967754,0.49137827925307825,0.6859100534210205,0.0,0.0,0.0,0.03534950930781986,0.0,0.0,0.0,0.0,0.0,0.0,0.0,0.0,0.0,0.0,0.0,0.0,0.0,0.0,0.0,0.0,0.4256502976575018,1.0,0.40652616260786967,0.0,0.0,0.0,0.0,0.0,0.0,0.0,0.0,0.0,0.1816775979640249,0.1532189440336468,0.0,0.0,0.0,0.0,0.0,0.0,0.0,0.0,0.0,0.0,0.0,0.0,0.0,0.0,0.0,0.0,0.0,0.0,0.0,0.0,0.0,0.0,0.35518535047784644,0.0,0.36808807973142577,0.0,0.0,0.11466261526273469,0.0,0.0,0.0,0.0,0.0,0.0,0.0,0.0,0.0,0.0,0.0,0.0
0.0,0.0,0.0,0.0,0.0,0.0,0.16284181797457406,0.25577043092390905,0.03658346960888592,0.0,0.2491452571664159,0.4862234589673985,0.685887059077231,0.4914729611286634,0.03540590064367063,0.0,0.14154093278402827,0.39334813192103557,0.0,0.0,0.0,0.0,0.0,0.0,0.0,0.0,0.0,0.0,0.0,0.0,0.0,0.0,0.0,0.0,0.0,0.40652616260786967,1.0,0.42405216994521466,0.0,0.0,0.0,0.0,0.0,0.0,0.0,0.0,0.0,0.1419740018914133,0.0,0.0,0.0,0.0,0.0,0.0,0.0,0.0,0.0,0.0,0.0,0.0,0.0,0.0,0.0,0.0,0.0,0.0,0.0,0.0,0.0,0.0,0.027787359941223146,0.0,0.0,0.0,0.0,0.1927786360687603,0.0,0.0,0.0,0.0,0.0,0.0,0.0,0.0,0.0,0.0,0.0,0.0
0.0,0.0,0.0,0.0,0.0,0.0,0.03538221010464497,0.0,0.0,0.0,0.24914609275159594,0.48622498071400716,0.3933459306765403,0.14154157863183808,0.16285516868096445,0.25576777938978373,0.4914720130635414,0.6858898693707111,0.0,0.0,0.0,0.03656191130806536,0.0,0.0,0.0,0.0,0.0,0.0,0.0,0.0,0.0,0.0,0.0,0.0,0.0,0.0,0.42405216994521466,1.0,0.40652579511271014,0.0,0.0,0.0,0.0,0.0,0.0,0.0,0.0,0.0,0.0,0.0,0.0,0.0,0.0,0.0,0.0,0.0,0.0,0.0,0.0,0.0,0.0,0.0,0.0,0.0,0.0,0.0,0.0,0.0,0.0,0.0,0.0,0.0,0.0,0.0,0.0,0.0,0.0,0.0,0.0,0.0,0.0,0.0,0.0,0.0,0.0,0.0,0.0,0.0
0.0,0.0,0.0,0.0,0.0,0.0,0.0,0.0,0.0,0.0,0.1611007985942722,0.2546593995092708,0.0353482985397742,0.0,0.2498222261759533,0.48571436997766854,0.6859157134074464,0.4913782856747971,0.03456048900401557,0.0,0.14235771716077547,0.3931349152710489,0.0,0.0,0.0,0.0,0.0,0.0,0.0,0.0,0.0,0.0,0.0,0.0,0.0,0.0,0.0,0.40652579511271014,1.0,0.4255870096787152,0.0,0.0,0.0,0.0,0.0,0.0,0.0,0.0,0.0,0.0,0.0,0.0,0.0,0.0,0.0,0.0,0.0,0.0,0.0,0.0,0.0,0.0,0.0,0.0,0.0,0.0,0.0,0.0,0.0,0.0,0.0,0.0,0.0,0.0,0.0,0.0,0.0,0.0,0.0,0.0,0.0,0.0,0.0,0.0,0.0,0.0,0.0,0.0
0.0,0.0,0.0,0.0,0.0,0.0,0.0,0.0,0.0,0.0,0.03131953965641579,0.0,0.0,0.0,0.24992482110721936,0.4859518156553859,0.39418336562584544,0.1425062743713,0.1632448320028782,0.25590954502259444,0.49262123687613596,0.6858574820204973,0.0,0.0,0.0,0.037841193953178226,0.0,0.0,0.0,0.0,0.0,0.0,0.0,0.0,0.0,0.0,0.0,0.0,0.4255870096787152,1.0,0.40868304596586924,0.0,0.0,0.0,0.0,0.0,0.0,0.0,0.0,0.0,0.0,0.0,0.0,0.0,0.0,0.0,0.0,0.0,0.0,0.0,0.0,0.0,0.0,0.0,0.0,0.0,0.0,0.0,0.0,0.0,0.0,0.0,0.0,0.0,0.0,0.0,0.0,0.0,0.0,0.0,0.0,0.0,0.0,0.0,0.0,0.0,0.0,0.0
0.0,0.0,0.0,0.0,0.0,0.0,0.0,0.0,0.0,0.0,0.0,0.0,0.0,0.0,0.15643830588661436,0.252412062977716,0.03563238072850643,0.0,0.24827131368236402,0.4848279142121397,0.68594420442837,0.4919273449701913,0.03584354028278264,0.0,0.1364625323168824,0.3900279343986463,0.0,0.0,0.0,0.0,0.0,0.0,0.0,0.0,0.0,0.0,0.0,0.0,0.0,0.40868304596586924,1.0,0.41909506718057893,0.0,0.0,0.0,0.0,0.0,0.0,0.0,0.0,0.0,0.0,0.0,0.0,0.0,0.0,0.0,0.0,0.0,0.0,0.0,0.0,0.0,0.0,0.0,0.0,0.0,0.0,0.0,0.0,0.0,0.0,0.0,0.0,0.0,0.0,0.0,0.0,0.0,0.0,0.0,0.0,0.0,0.0,0.0,0.0,0.0,0.0
0.0,0.0,0.0,0.0,0.0,0.0,0.0,0.0,0.0,0.0,0.0,0.0,0.0,0.0,0.025487670713184418,0.0,0.0,0.0,0.25015015731844714,0.4874618019118997,0.3920934118183156,0.1418698478397815,0.16940695883617155,0.2581060188973497,0.49146963113213343,0.6859243529402113,0.0,0.0355040153712434,0.0,0.0,0.0,0.0,0.0,0.0,0.0,0.0,0.0,0.0,0.0,0.0,0.41909506718057893,1.0,0.40669750898650775,0.0,0.0,0.0,0.0,0.0,0.0,0.0,0.0,0.0,0.0,0.0,0.0,0.0,0.0,0.0,0.0,0.0,0.0,0.0,0.0,0.0,0.0,0.0,0.0,0.0,0.0,0.0,0.0,0.0,0.0,0.0,0.0,0.0,0.0,0.0,0.0,0.0,0.0,0.0,0.0,0.0,0.0,0.0,0.0,0.0
0.0,0.0,0.0,0.0,0.0,0.0,0.0,0.0,0.0,0.0,0.0,0.0,0.0,0.0,0.0,0.0,0.0,0.0,0.15870904433873195,0.25293864751986456,0.03309960808595728,0.0,0.2547178940503531,0.48503093829462046,0.6862552004965572,0.48946724701922406,0.0,0.38932781351803125,0.0,0.223270787339364,0.0,0.0,0.0,0.0,0.0,0.0,0.0,0.0,0.0,0.0,0.0,0.40669750898650775,1.0,0.0,0.0,0.0,0.0,0.0,0.0,0.0,0.0,0.0,0.0,0.0,0.0,0.0,0.0,0.0,0.0,0.0,0.0,0.0,0.0,0.0,0.0,0.0,0.0,0.0,0.0,0.0,0.0,0.0,0.0,0.0,0.0,0.0,0.0,0.0,0.0,0.0,0.0,0.0,0.0,0.0,0.0,0.0,0.0,0.0
0.3981954339716709,0.2901325775819642,0.11967068000780927,0.04262203342969899,0.10798055780908167,0.27213202103310963,0.4247373987793416,0.27081067784325313,0.1689747343181578,0.17533307027289216,0.37544967282361214,0.15093642379593722,0.03760047767545583,0.09353071735335049,0.3759433869898198,0.12430500894535411,0.0,0.0,0.4860033042509974,0.25432571723658093,0.0315650969438725,0.0,0.6868632351664739,0.4926843700667161,0.25614038040393755,0.17052579347444513,0.0,0.39973696496122046,0.0,0.2331059970741111,0.16687083424427307,0.0,0.0,0.0,0.0,0.0,0.0,0.0,0.0,0.0,0.0,0.0,0.0,1.0,0.0,0.0,0.0,0.0,0.0,0.0,0.0,0.0,0.0,0.0,0.0,0.0,0.0,0.0,0.0,0.0,0.0,0.0,0.0,0.0,0.0,0.0,0.0,0.0,0.0,0.0,0.0,0.0,0.0,0.0,0.0,0.0,0.0,0.0,0.0,0.0,0.0,0.0,0.0,0.0,0.0,0.0,0.0,0.0
0.2851086094831249,0.29572787338307455,0.27758588924222405,0.2492618255410302,0.2526773353720182,0.2765267346513924,0.16467970285443556,0.10794476561874106,0.10287128950355365,0.16853584804124613,0.016274139828339515,0.0,0.0,0.0,0.0,0.0,0.0,0.0,0.0,0.0,0.0,0.0,0.0,0.0,0.0,0.0,0.155293701136314,0.0,0.0,0.0,0.14244916076453062,0.03878102200872197,0.048321893095882126,0.0,0.0,0.0,0.0,0.0,0.0,0.0,0.0,0.0,0.0,0.0,1.0,0.7383101837331237,0.546974599524454,0.4723859187209297,0.5435383589063773,0.7350213000600249,0.7298188108144612,0.5455442713475745,0.477178252344711,0.542065911546022,0.5221499540318577,0.2988394266615378,0.21485714238656844,0.30488526192816867,0.407782448020465,0.17138843132899428,0.03825424317962133,0.08377896521456188,0.38389053483321117,0.16166055151863398,0.0,0.0,0.4315680559931677,0.24916181938482068,0.06576857370685177,0.03204274986343532,0.30560957414829953,0.15784950197479072,0.07161312952542503,0.006891664643294373,0.4860060592206328,0.15869161526558664,0.25014299622271585,0.24826651407944159,0.16323938323844842,0.034553352022309206,0.0,0.0,0.0,0.0,0.0,0.0,0.0,0.3981954339716708
0.29572787338307455,0.2139390123536946,0.15485997611377034,0.16836685904230408,0.2560698702127458,0.3332141385683788,0.22161257712814889,0.24293286888508064,0.2778391144852448,0.3103350412074596,0.03743748812428609,0.0,9.547967668581762e-05,0.1125655712312049,0.0,0.0,0.0,0.0,0.0,0.0,0.0,0.0,0.0,0.0,0.0,0.0,0.0,0.0,0.0,0.0,0.006786596167686762,0.0,0.09170536095083438,0.15425839919161177,0.09133479506929601,0.0,0.0,0.0,0.0,0.0,0.0,0.0,0.0,0.0,0.7383101837331237,1.0,0.7425828503076629,0.5485779887434067,0.4834465711241129,0.550072250107738,0.5327934271008693,0.30533965313284067,0.21892558198142306,0.3080393089152276,0.431720374141469,0.1935270045692458,0.050241427142315186,0.08934274579240757,0.4206840808220762,0.2213747759514486,0.050959813702200644,0.03272538277033406,0.43152327109543387,0.27455258250326975,0.1301535887287687,0.10336954758221906,0.41274895986041243,0.2625070798398693,0.1458833228971912,0.1524664152220818,0.5479737347845638,0.1211027576118252,0.3237559645643684,0.0,0.6868687234791558,0.25471932951947857,0.16941451086735754,0.035854067959047047,0.0,0.0,0.0,0.0,0.0,0.0,0.0,0.0,0.0,0.29013257758196404
0.277585889242224,0.15485997611377034,0.028836459930253206,0.005452179359427339,0.11427125787343029,0.2647166460361066,0.29806278441131556,0.36611763541833675,0.34938107288018166,0.2890875970195868,0.14469192698120456,0.13269237714771487,0.20573173315285326,0.3029334402443859,0.0,0.0,0.0,0.0,0.0,0.0,0.0,0.0,0.0,0.0,0.0,0.0,0.0,0.0,0.0,0.0,0.0,0.0,0.0,0.08586398532008518,0.2156547149986737,0.1816775979640249,0.0,0.0,0.0,0.0,0.0,0.0,0.0,0.0,0.546974599524454,0.7425828503076629,1.0,0.7375052029546922,0.5546041638157575,0.4813188579266739,0.2970871463349838,0.09637941644338636,0.06676799489375108,0.21789752505691068,0.1750455798688452,0.0,0.0,0.0,0.18607014024963806,8.863336466514016e-05,0.0,0.0,0.2490431566303309,0.145757348207352,0.0,0.0,0.2624092237128678,0.1864321069807492,0.10357338902325708,0.08568361995759137,0.7344831750087589,0.0771289527581641,0.49120851778087166,0.0,0.4926958589023309,0.48503298366049113,0.25811386807367603,0.0,0.0,0.0,0.0,0.0,0.0,0.0,0.0,0.0,0.0,0.11967068000780894
0.2492618255410302,0.16836685904230408,0.005452179359427503,0.0,0.0,0.15080552022145663,0.31785054569708726,0.33263660943527207,0.22172243824876575,0.13134113383807078,0.24741893032848927,0.27704833819070174,0.3107090571481448,0.31978266072458417,0.04237748230579245,0.0,0.006442083499329756,0.14224497831620633,0.0,0.0,0.0,0.0,0.0,0.0,0.0,0.0,0.0,0.0,0.0,0.0,0.0673269494639417,0.0,0.0,0.0,0.025515562599843094,0.1532189440336468,0.1419740018914133,0.0,0.0,0.0,0.0,0.0,0.0,0.0,0.4723859187209297,0.5485779887434067,0.7375052029546922,1.0,0.7454812399310743,0.5489892044213376,0.20228782074855012,0.05775089252111606,0.1036846174411074,0.30907108562622027,0.019901181975456705,0.0,0.0,0.0,0.0,0.0,0.0,0.0,0.06563126885598462,0.0,0.0,0.0,0.1457479082957197,0.10352537550293897,0.0,0.0,0.5430378275820645,0.0683045948431809,0.31988164313979806,0.0,0.2561484264692636,0.6862562363061236,0.4914734174671515,0.13649960394969976,0.0,0.0,0.0,0.0,0.0,0.0,0.0,0.0,0.0,0.042622033429698655
0.2526773353720182,0.2560698702127458,0.11427125787343045,0.0,0.0,0.11652759830399656,0.27009643351389495,0.19889750334236417,0.07066870136879093,0.02641118154149148,0.23766585854195207,0.2251347448440198,0.17625606116540357,0.1474745418710816,0.09378810550848499,0.03431667087655052,0.0604388157419059,0.13348913382571262,0.0,0.0,0.0,0.0,0.0,0.0,0.0,0.0,0.010940788979015313,0.0,0.0,0.0,0.2264292277385322,0.0,0.0,0.0,0.0,0.0,0.0,0.0,0.0,0.0,0.0,0.0,0.0,0.0,0.5435383589063773,0.4834465711241129,0.5546041638157575,0.7454812399310743,1.0,0.7375452664573363,0.29730707128552303,0.21494838707107197,0.3142124709327408,0.5429006972717748,0.06689626204207667,0.0,0.0,0.0,0.0,0.0,0.0,0.0,0.03195775473151439,0.0,0.0,0.0,0.15239040969903825,0.08569523689166303,0.0,0.0,0.312070231367737,0.09439160148609706,0.07805590807809,0.017550083219016126,0.1705390134560653,0.4894652085652373,0.6859237053047023,0.39006363061625904,0.03786525206520391,0.0,0.0,0.0,0.0,0.0,0.0,0.0,0.0,0.10798055780908167
