1.0,0.7383101837331237,0.546974599524454,0.4723859187209297,0.5435383589063771,0.7350213000600249,0.7298188108144612,0.5455442713475747,0.477178252344711,0.5420659115460221,0.5221499540318577,0.2988394266615379,0.21485714238656844,0.30488526192816867,0.4077824480204647,0.17138843132899428,0.03825424317962133,0.08377896521456205,0.38389053483321095,0.16166055151863398,0.0,0.0,0.43156805599316755,0.24916181938482035,0.06576857370685112,0.03204274986343499,0.3056095741482994,0.15784950197479072,0.07161312952542503,0.006891664643294044,0.4860060592206328,0.15869161526558664,0.25014299622271585,0.24826651407944159,0.16323938323844842,0.03455335202230937,0.0,0.0,0.0,0.0,0.0,0.0,0.0,0.3981954339716706,0.0,0.0,0.0,0.0,0.0,0.0,0.0,0.0,0.0,0.0,0.0,0.0,0.0,0.0,0.0,0.0,0.0,0.0,0.0,0.0,0.0,0.0,0.0,0.0,0.0,0.0,0.0,0.0,0.0,0.0,0.0,0.0,0.0,0.0,0.0,0.0,0.0,0.0,0.0,0.0,0.0,0.0,0.0,0.0
0.7383101837331237,1.0,0.7425828503076629,0.5485779887434067,0.4834465711241129,0.550072250107738,0.5327934271008693,0.30533965313284067,0.2189255819814229,0.30803930891522757,0.431720374141469,0.1935270045692458,0.05024142714231502,0.0893427457924074,0.4206840808220762,0.22137477595144878,0.050959813702200485,0.03272538277033406,0.43152327109543387,0.27455258250326997,0.13015358872876853,0.10336954758221906,0.4127489598604125,0.2625070798398693,0.14588332289719103,0.1524664152220818,0.5479737347845638,0.12110275761182554,0.3237559645643684,0.0,0.6868687234791558,0.25471932951947857,0.16941451086735754,0.035854067959047047,0.0,0.0,0.0,0.0,0.0,0.0,0.0,0.0,0.0,0.2901325775819642,0.0,0.0,0.0,0.0,0.0,0.0,0.0,0.0,0.0,0.0,0.0,0.0,0.0,0.0,0.0,0.0,0.0,0.0,0.0,0.0,0.0,0.0,0.0,0.0,0.0,0.0,0.0,0.0,0.0,0.0,0.0,0.0,0.0,0.0,0.0,0.0,0.0,0.0,0.0,0.0,0.0,0.0,0.0,0.0
0.546974599524454,0.7425828503076629,1.0,0.7375052029546922,0.5546041638157575,0.481318857926674,0.2970871463349838,0.09637941644338636,0.06676799489375108,0.21789752505691068,0.1750455798688452,0.0,0.0,0.0,0.18607014024963806,8.863336466514016e-05,0.0,0.0,0.24904315663033075,0.145757348207352,0.0,0.0,0.2624092237128678,0.1864321069807492,0.10357338902325658,0.08568361995759137,0.7344831750087589,0.07712895275816427,0.49120851778087166,0.0,0.4926958589023309,0.48503298366049113,0.2581138680736761,0.0,0.0,0.0,0.0,0.0,0.0,0.0,0.0,0.0,0.0,0.11967068000780894,0.0,0.0,0.0,0.0,0.0,0.0,0.0,0.0,0.0,0.0,0.0,0.0,0.0,0.0,0.0,0.0,0.0,0.0,0.0,0.0,0.0,0.0,0.0,0.0,0.0,0.0,0.0,0.0,0.0,0.0,0.0,0.0,0.0,0.0,0.0,0.0,0.0,0.0,0.0,0.0,0.0,0.0,0.0,0.0
0.4723859187209297,0.5485779887434067,0.7375052029546922,1.0,0.7454812399310744,0.5489892044213376,0.20228782074855012,0.057750892521116225,0.1036846174411074,0.3090710856262204,0.019901181975456705,0.0,0.0,0.0,0.0,0.0,0.0,0.0,0.06563126885598462,0.0,0.0,0.0,0.1457479082957197,0.1035253755029388,0.0,0.0,0.5430378275820645,0.0683045948431809,0.319881643139798,0.0,0.25614842646926367,0.6862562363061236,0.49147341746715156,0.13649960394969993,0.0,0.0,0.0,0.0,0.0,0.0,0.0,0.0,0.0,0.042622033429698655,0.0,0.0,0.0,0.0,0.0,0.0,0.0,0.0,0.0,0.0,0.0,0.0,0.0,0.0,0.0,0.0,0.0,0.0,0.0,0.0,0.0,0.0,0.0,0.0,0.0,0.0,0.0,0.0,0.0,0.0,0.0,0.0,0.0,0.0,0.0,0.0,0.0,0.0,0.0,0.0,0.0,0.0,0.0,0.0
0.5435383589063771,0.4834465711241129,0.5546041638157575,0.7454812399310744,1.0,0.7375452664573363,0.29730707128552303,0.21494838707107197,0.31421247093274074,0.5429006972717748,0.06689626204207667,0.0,0.0,0.0,0.0,0.0,0.0,0.0,0.03195775473151439,0.0,0.0,0.0,0.15239040969903825,0.08569523689166286,0.0,0.0,0.312070231367737,0.09439160148609706,0.07805590807809,0.017550083219016126,0.1705390134560653,0.4894652085652373,0.6859237053047023,0.39006363061625904,0.03786525206520374,0.0,0.0,0.0,0.0,0.0,0.0,0.0,0.0,0.10798055780908167,0.0,0.0,0.0,0.0,0.0,0.0,0.0,0.0,0.0,0.0,0.0,0.0,0.0,0.0,0.0,0.0,0.0,0.0,0.0,0.0,0.0,0.0,0.0,0.0,0.0,0.0,0.0,0.0,0.0,0.0,0.0,0.0,0.0,0.0,0.0,0.0,0.0,0.0,0.0,0.0,0.0,0.0,0.0,0.0
0.7350213000600249,0.550072250107738,0.481318857926674,0.5489892044213376,0.7375452664573363,1.0,0.5375659668905777,0.47660677648718475,0.5524565023669834,0.7354903249114845,0.2858595481850098,0.08633975812501352,0.060589679897204075,0.21507087696332877,0.1534839253161128,0.0,0.0,0.0,0.16163498187566952,0.0,0.0,0.0,0.2745577272173278,0.14584640802087365,0.0,0.0,0.2159697684097274,0.13234109619488293,0.0,0.03611502101653627,0.2543358482880001,0.25293857552702126,0.48746484745564794,0.48483306333761905,0.2559185417831945,0.0,0.0,0.0,0.0,0.0,0.0,0.0,0.0,0.2721320210331096,0.0,0.0,0.0,0.0,0.0,0.0,0.0,0.0,0.0,0.0,0.0,0.0,0.0,0.0,0.0,0.0,0.0,0.0,0.0,0.0,0.0,0.0,0.0,0.0,0.0,0.0,0.0,0.0,0.0,0.0,0.0,0.0,0.0,0.0,0.0,0.0,0.0,0.0,0.0,0.0,0.0,0.0,0.0,0.0
0.7298188108144612,0.5327934271008693,0.2970871463349838,0.20228782074855012,0.29730707128552303,0.5375659668905777,1.0,0.7368510476816572,0.5418849213251551,0.47019163748164955,0.7308256621188953,0.5451720541564831,0.47641048799927205,0.5430518789026673,0.5198644742913405,0.2935161319650767,0.2118230235225668,0.3047914211501117,0.40783662138010246,0.15354374484427746,0.017385780555359,0.07142679482356436,0.4207932123033356,0.18620895629725534,0.0,0.0,0.08083922558427262,0.0802530181967544,0.0,0.0,0.3759120641218828,0.0,0.02547751420087357,0.15642000213759405,0.24991933424381121,0.24981644053155483,0.16284181797457423,0.03538221010464497,0.0,0.0,0.0,0.0,0.0,0.4247373987793414,0.0,0.0,0.0,0.0,0.0,0.0,0.0,0.0,0.0,0.0,0.0,0.0,0.0,0.0,0.0,0.0,0.0,0.0,0.0,0.0,0.0,0.0,0.0,0.0,0.0,0.0,0.0,0.0,0.0,0.0,0.0,0.0,0.0,0.0,0.0,0.0,0.0,0.0,0.0,0.0,0.0,0.0,0.0,0.0
0.5455442713475747,0.30533965313284067,0.09637941644338636,0.057750892521116225,0.21494838707107197,0.47660677648718475,0.7368510476816572,1.0,0.7348719395012013,0.5487942268345942,0.5433998474191767,0.47900458589604417,0.5523412914351181,0.736148887467698,0.29353705063552005,0.08718839055756564,0.059371295753635485,0.21596959026528467,0.17146582288526693,0.0,0.0,0.0,0.22152484744400164,0.0002715153223392869,0.0,0.0,0.0,0.0,0.0,0.0,0.12425945959229523,0.0,0.0,0.2524113867251819,0.48595400156587165,0.4857160566828295,0.2557704309239092,0.0,0.0,0.0,0.0,0.0,0.0,0.2708106778432532,0.0,0.0,0.0,0.0,0.0,0.0,0.0,0.0,0.0,0.0,0.0,0.0,0.0,0.0,0.0,0.0,0.0,0.0,0.0,0.0,0.0,0.0,0.0,0.0,0.0,0.0,0.0,0.0,0.0,0.0,0.0,0.0,0.0,0.0,0.0,0.0,0.0,0.0,0.0,0.0,0.0,0.0,0.0,0.0
0.477178252344711,0.2189255819814229,0.06676799489375108,0.1036846174411074,0.31421247093274074,0.5524565023669834,0.5418849213251551,0.7348719395012013,1.0,0.7479085700586733,0.2998859173254757,0.21396501133942633,0.3124335783426153,0.543168599083341,0.07143303951198816,0.0,0.0,0.0,0.0,0.0,0.0,0.0,0.1035021369493267,0.0,0.0,0.0,0.0,0.0,0.0,0.0,0.0,0.0,0.14190515758958255,0.4919248568281104,0.6858578290678697,0.39316662029319177,0.03658346960888592,0.0,0.0,0.0,0.0,0.0,0.0,0.16897473431815754,0.0,0.0,0.0,0.0,0.0,0.0,0.0,0.0,0.0,0.0,0.0,0.0,0.0,0.0,0.0,0.0,0.0,0.0,0.0,0.0,0.0,0.0,0.0,0.0,0.0,0.0,0.0,0.0,0.0,0.0,0.0,0.0,0.0,0.0,0.0,0.0,0.0,0.0,0.0,0.0,0.0,0.0,0.0,0.0
0.5420659115460221,0.30803930891522757,0.21789752505691068,0.3090710856262204,0.5429006972717748,0.7354903249114845,0.47019163748164955,0.5487942268345942,0.7479085700586733,1.0,0.20244426818328015,0.05571794272496959,0.10311639670520602,0.31147553073027123,0.01734883867420275,0.0,0.0,0.0,0.0,0.0,0.0,0.0,0.13020686436842707,0.0,0.0,0.0,0.0,0.020670976027379905,0.0,0.0,0.03155684382354708,0.03312112859632049,0.3921312149064991,0.6859460115508907,0.49262410392391903,0.14238994479595854,0.0,0.0,0.0,0.0,0.0,0.0,0.0,0.17533307027289208,0.0,0.0,0.0,0.0,0.0,0.0,0.0,0.0,0.0,0.0,0.0,0.0,0.0,0.0,0.0,0.0,0.0,0.0,0.0,0.0,0.0,0.0,0.0,0.0,0.0,0.0,0.0,0.0,0.0,0.0,0.0,0.0,0.0,0.0,0.0,0.0,0.0,0.0,0.0,0.0,0.0,0.0,0.0,0.0
0.5221499540318577,0.431720374141469,0.1750455798688452,0.019901181975456705,0.06689626204207667,0.2858595481850098,0.7308256621188953,0.5433998474191767,0.2998859173254757,0.20244426818328015,1.0,0.7354327964742928,0.5421426695665044,0.4746557826594304,0.7308368711460823,0.5434004490629163,0.4746516872805619,0.5421421350495901,0.5221861509596298,0.2858941791963234,0.2024762877669371,0.2998947978541802,0.43178831727266836,0.17511616371460056,0.019972898661982888,0.06694566909391639,0.012176343492352871,0.012246408207593689,0.0,0.0,0.3753782811429084,0.0,0.0,0.0,0.03131848978619721,0.16109971210780352,0.24914525716641606,0.24914609275159585,0.1611007985942722,0.031319539656415624,0.0,0.0,0.0,0.3754496728236121,0.0,0.0,0.0,0.0,0.0,0.0,0.0,0.0,0.0,0.0,0.0,0.0,0.0,0.0,0.0,0.0,0.0,0.0,0.0,0.0,0.0,0.0,0.0,0.0,0.0,0.0,0.0,0.0,0.0,0.0,0.0,0.0,0.0,0.0,0.0,0.0,0.0,0.0,0.0,0.0,0.0,0.0,0.0,0.0
0.2988394266615379,0.1935270045692458,0.0,0.0,0.0,0.08633975812501352,0.5451720541564831,0.47900458589604417,0.21396501133942633,0.05571794272496959,0.7354327964742928,1.0,0.7361589910101921,0.5512995649138862,0.5451873660434268,0.47900443849953067,0.5512966900626146,0.7361602265914592,0.29887869364796665,0.08636221580336981,0.05573264499355686,0.21396197017285887,0.19361777086713852,0.0,0.0,0.0,0.0,0.0,0.0,0.0,0.15081130686318095,0.0,0.0,0.0,0.0,0.2546574774696774,0.4862234589673986,0.48622498071400705,0.2546593995092708,0.0,0.0,0.0,0.0,0.1509364237959373,0.0,0.0,0.0,0.0,0.0,0.0,0.0,0.0,0.0,0.0,0.0,0.0,0.0,0.0,0.0,0.0,0.0,0.0,0.0,0.0,0.0,0.0,0.0,0.0,0.0,0.0,0.0,0.0,0.0,0.0,0.0,0.0,0.0,0.0,0.0,0.0,0.0,0.0,0.0,0.0,0.0,0.0,0.0,0.0
0.21485714238656844,0.05024142714231502,0.0,0.0,0.0,0.060589679897204075,0.47641048799927205,0.5523412914351181,0.3124335783426153,0.10311639670520602,0.5421426695665044,0.7361589910101921,1.0,0.7473503465671634,0.30481460610147376,0.21597289192524952,0.31196045432896685,0.5435016381925478,0.0838406792953202,0.0,0.0,0.0,0.032857406172081854,0.0,0.0,0.0,0.0,0.0,0.0,0.0,0.0,0.0,0.0,0.0,0.14254034917080285,0.4913782792530782,0.6858870590772311,0.39334593067654017,0.03534829853977404,0.0,0.0,0.0,0.0,0.03760047767545583,0.0,0.0,0.0,0.0,0.0,0.0,0.0,0.0,0.0,0.0,0.0,0.0,0.0,0.0,0.0,0.0,0.0,0.0,0.0,0.0,0.0,0.0,0.0,0.0,0.0,0.0,0.0,0.0,0.0,0.0,0.0,0.0,0.0,0.0,0.0,0.0,0.0,0.0,0.0,0.0,0.0,0.0,0.0,0.0
0.30488526192816867,0.0893427457924074,0.0,0.0,0.0,0.21507087696332877,0.5430518789026673,0.736148887467698,0.543168599083341,0.31147553073027123,0.4746557826594304,0.5512995649138862,0.7473503465671634,1.0,0.2118566710506351,0.059383644499278646,0.10276909560465325,0.3119643897693425,0.03834129942211122,0.0,0.0,0.0,0.05112643693289967,0.0,0.0,0.0,0.0,0.0,0.0,0.0,0.0,0.0,0.0,0.03565338955575878,0.39421387520687046,0.6859100534210205,0.4914729611286634,0.14154157863183792,0.0,0.0,0.0,0.0,0.0,0.09353071735335049,0.0,0.0,0.0,0.0,0.0,0.0,0.0,0.0,0.0,0.0,0.0,0.0,0.0,0.0,0.0,0.0,0.0,0.0,0.0,0.0,0.0,0.0,0.0,0.0,0.0,0.0,0.0,0.0,0.0,0.0,0.0,0.0,0.0,0.0,0.0,0.0,0.0,0.0,0.0,0.0,0.0,0.0,0.0,0.0
0.4077824480204647,0.4206840808220762,0.18607014024963806,0.0,0.0,0.1534839253161128,0.5198644742913405,0.29353705063552005,0.07143303951198816,0.01734883867420275,0.7308368711460823,0.5451873660434268,0.30481460610147376,0.2118566710506351,1.0,0.7368522196076669,0.5430547166786939,0.47641926533083645,0.7298304919676558,0.5375773107063259,0.47021106054829387,0.5418927239855869,0.532822410159832,0.2971133386371281,0.20231732096337463,0.2973235172114938,0.08010521645551649,0.08086382811076061,0.0,0.0,0.4246394652429181,0.0,0.0,0.0,0.0,0.0,0.03540590064367046,0.16285516868096386,0.2498222261759529,0.24992482110721914,0.15643830588661428,0.025487670713184585,0.0,0.37594338698982016,0.0,0.0,0.0,0.0,0.0,0.0,0.0,0.0,0.0,0.0,0.0,0.0,0.0,0.0,0.0,0.0,0.0,0.0,0.0,0.0,0.0,0.0,0.0,0.0,0.0,0.0,0.0,0.0,0.0,0.0,0.0,0.0,0.0,0.0,0.0,0.0,0.0,0.0,0.0,0.0,0.0,0.0,0.0,0.0
0.17138843132899428,0.22137477595144878,8.863336466514016e-05,0.0,0.0,0.0,0.2935161319650767,0.08718839055756564,0.0,0.0,0.5434004490629163,0.47900443849953067,0.21597289192524952,0.059383644499278646,0.7368522196076669,1.0,0.7361436465600047,0.5523351328095237,0.5455482018792401,0.47659742736626826,0.5487947165893613,0.7348695165358495,0.30536588309944895,0.09639233898390288,0.057754483358339506,0.2149365612349121,0.0,0.0,0.0,0.0,0.2706456069187909,0.0,0.0,0.0,0.0,0.0,0.0,0.25576777938978357,0.4857143699776684,0.48595181565538575,0.25241206297771573,0.0,0.0,0.12430500894535411,0.0,0.0,0.0,0.0,0.0,0.0,0.0,0.0,0.0,0.0,0.0,0.0,0.0,0.0,0.0,0.0,0.0,0.0,0.0,0.0,0.0,0.0,0.0,0.0,0.0,0.0,0.0,0.0,0.0,0.0,0.0,0.0,0.0,0.0,0.0,0.0,0.0,0.0,0.0,0.0,0.0,0.0,0.0,0.0
0.03825424317962133,0.050959813702200485,0.0,0.0,0.0,0.0,0.2118230235225668,0.059371295753635485,0.0,0.0,0.4746516872805619,0.5512966900626146,0.31196045432896685,0.10276909560465325,0.5430547166786939,0.7361436465600047,1.0,0.7473457863383889,0.3048943567854322,0.21505488982459955,0.3114581759685654,0.5431465959375331,0.08938941325356606,0.0,0.0,0.0,0.0,0.0,0.0,0.0,0.09332666870597643,0.0,0.0,0.0,0.0,0.0,0.14154093278402827,0.49147201306354127,0.6859157134074466,0.3941833656258451,0.035632380728505934,0.0,0.0,0.0,0.0,0.0,0.0,0.0,0.0,0.0,0.0,0.0,0.0,0.0,0.0,0.0,0.0,0.0,0.0,0.0,0.0,0.0,0.0,0.0,0.0,0.0,0.0,0.0,0.0,0.0,0.0,0.0,0.0,0.0,0.0,0.0,0.0,0.0,0.0,0.0,0.0,0.0,0.0,0.0,0.0,0.0,0.0,0.0
0.08377896521456205,0.03272538277033406,0.0,0.0,0.0,0.0,0.3047914211501117,0.21596959026528467,0.0,0.0,0.5421421350495901,0.7361602265914592,0.5435016381925478,0.3119643897693425,0.47641926533083645,0.5523351328095237,0.7473457863383889,1.0,0.21488017764149303,0.060586075714803976,0.10310571591149942,0.312413442772246,0.05031471407726434,0.0,0.0,0.0,0.0,0.0,0.0,0.0,0.037424198495317605,0.0,0.0,0.0,0.0,0.035349509307819695,0.3933481319210355,0.6858898693707107,0.49137828567479713,0.14250627437129984,0.0,0.0,0.0,0.0,0.0,0.0,0.0,0.0,0.0,0.0,0.0,0.0,0.0,0.0,0.0,0.0,0.0,0.0,0.0,0.0,0.0,0.0,0.0,0.0,0.0,0.0,0.0,0.0,0.0,0.0,0.0,0.0,0.0,0.0,0.0,0.0,0.0,0.0,0.0,0.0,0.0,0.0,0.0,0.0,0.0,0.0,0.0,0.0
0.38389053483321095,0.43152327109543387,0.24904315663033075,0.06563126885598462,0.03195775473151439,0.16163498187566952,0.40783662138010246,0.17146582288526693,0.0,0.0,0.5221861509596298,0.29887869364796665,0.0838406792953202,0.03834129942211122,0.7298304919676558,0.5455482018792401,0.3048943567854322,0.21488017764149303,1.0,0.735024303648825,0.542074426430438,0.47718396047625034,0.738313972882556,0.5469828850808875,0.47240430379050746,0.543548098572061,0.15771430773324266,0.30561489197239095,0.006745149960305096,0.07161868439410267,0.3982084635282154,0.0,0.0,0.0,0.0,0.0,0.0,0.0,0.03456048900401557,0.1632448320028782,0.24827131368236377,0.2501501573184469,0.15870904433873204,0.48600330425099747,0.0,0.0,0.0,0.0,0.0,0.0,0.0,0.0,0.0,0.0,0.0,0.0,0.0,0.0,0.0,0.0,0.0,0.0,0.0,0.0,0.0,0.0,0.0,0.0,0.0,0.0,0.0,0.0,0.0,0.0,0.0,0.0,0.0,0.0,0.0,0.0,0.0,0.0,0.0,0.0,0.0,0.0,0.0,0.0
0.16166055151863398,0.27455258250326997,0.145757348207352,0.0,0.0,0.0,0.15354374484427746,0.0,0.0,0.0,0.2858941791963234,0.08636221580336981,0.0,0.0,0.5375773107063259,0.47659742736626826,0.21505488982459955,0.060586075714803976,0.735024303648825,1.0,0.7354857652001912,0.5524481888822935,0.5500629130432773,0.4813078944421145,0.5489872501676734,0.7375430223599144,0.13222303439951627,0.2159601138289154,0.035973104788070656,0.0,0.27218925470991584,0.0,0.0,0.0,0.0,0.0,0.0,0.0,0.0,0.25590954502259444,0.48482791421213967,0.4874618019118998,0.2529386475198649,0.2543257172365808,0.0,0.0,0.0,0.0,0.0,0.0,0.0,0.0,0.0,0.0,0.0,0.0,0.0,0.0,0.0,0.0,0.0,0.0,0.0,0.0,0.0,0.0,0.0,0.0,0.0,0.0,0.0,0.0,0.0,0.0,0.0,0.0,0.0,0.0,0.0,0.0,0.0,0.0,0.0,0.0,0.0,0.0,0.0,0.0
0.0,0.13015358872876853,0.0,0.0,0.0,0.0,0.017385780555359,0.0,0.0,0.0,0.2024762877669371,0.05573264499355686,0.0,0.0,0.47021106054829387,0.5487947165893613,0.3114581759685654,0.10310571591149942,0.542074426430438,0.7354857652001912,1.0,0.7479085656643651,0.308039776120294,0.2178838428376448,0.30905175821608777,0.5428764676330307,0.02050232900364846,0.0,0.0,0.0,0.17532022607134135,0.0,0.0,0.0,0.0,0.0,0.0,0.0,0.1423577171607753,0.49262123687613607,0.6859442044283697,0.3920934118183154,0.033099608085957445,0.0315650969438725,0.0,0.0,0.0,0.0,0.0,0.0,0.0,0.0,0.0,0.0,0.0,0.0,0.0,0.0,0.0,0.0,0.0,0.0,0.0,0.0,0.0,0.0,0.0,0.0,0.0,0.0,0.0,0.0,0.0,0.0,0.0,0.0,0.0,0.0,0.0,0.0,0.0,0.0,0.0,0.0,0.0,0.0,0.0,0.0
0.0,0.10336954758221906,0.0,0.0,0.0,0.0,0.07142679482356436,0.0,0.0,0.0,0.2998947978541802,0.21396197017285887,0.0,0.0,0.5418927239855869,0.7348695165358495,0.5431465959375331,0.312413442772246,0.47718396047625034,0.5524481888822935,0.7479085656643651,1.0,0.21894099480564294,0.06676895767210837,0.10367599925517246,0.3141933362500574,0.0,0.0,0.0,0.0,0.16884649506681587,0.0,0.0,0.0,0.0,0.0,0.0,0.036561911308065034,0.39313491527104866,0.6858574820204971,0.4919273449701912,0.1418698478397815,0.0,0.0,0.0,0.0,0.0,0.0,0.0,0.0,0.0,0.0,0.0,0.0,0.0,0.0,0.0,0.0,0.0,0.0,0.0,0.0,0.0,0.0,0.0,0.0,0.0,0.0,0.0,0.0,0.0,0.0,0.0,0.0,0.0,0.0,0.0,0.0,0.0,0.0,0.0,0.0,0.0,0.0,0.0,0.0,0.0,0.0
0.43156805599316755,0.4127489598604125,0.2624092237128678,0.1457479082957197,0.15239040969903825,0.2745577272173278,0.4207932123033356,0.22152484744400164,0.1035021369493267,0.13020686436842707,0.43178831727266836,0.19361777086713852,0.032857406172081854,0.05112643693289967,0.532822410159832,0.30536588309944895,0.08938941325356606,0.05031471407726434,0.738313972882556,0.5500629130432773,0.308039776120294,0.21894099480564294,1.0,0.7425804175598474,0.5485790237078131,0.4834383330283133,0.12098615347759158,0.5479698561905256,0.0,0.3237536918906541,0.2901947701967916,0.0,0.0,0.0,0.0,0.0,0.0,0.0,0.0,0.0,0.03584354028278231,0.16940695883617155,0.25471789405035333,0.6868632351664737,0.0,0.0,0.0,0.0,0.0,0.0,0.0,0.0,0.0,0.0,0.0,0.0,0.0,0.0,0.0,0.0,0.0,0.0,0.0,0.0,0.0,0.0,0.0,0.0,0.0,0.0,0.0,0.0,0.0,0.0,0.0,0.0,0.0,0.0,0.0,0.0,0.0,0.0,0.0,0.0,0.0,0.0,0.0,0.0
0.24916181938482035,0.2625070798398693,0.1864321069807492,0.1035253755029388,0.08569523689166286,0.14584640802087365,0.18620895629725534,0.0002715153223392869,0.0,0.0,0.17511616371460056,0.0,0.0,0.0,0.2971133386371281,0.09639233898390288,0.0,0.0,0.5469828850808875,0.4813078944421145,0.2178838428376448,0.06676895767210837,0.7425804175598474,1.0,0.7375044001434173,0.5545942316314781,0.0770972927980067,0.7344842977652806,0.0,0.4912111148929396,0.11982012941379534,0.0,0.0,0.0,0.0,0.0,0.0,0.0,0.0,0.0,0.0,0.25810601889734985,0.4850309382946208,0.49268437006671595,0.0,0.0,0.0,0.0,0.0,0.0,0.0,0.0,0.0,0.0,0.0,0.0,0.0,0.0,0.0,0.0,0.0,0.0,0.0,0.0,0.0,0.0,0.0,0.0,0.0,0.0,0.0,0.0,0.0,0.0,0.0,0.0,0.0,0.0,0.0,0.0,0.0,0.0,0.0,0.0,0.0,0.0,0.0,0.0
0.06576857370685112,0.14588332289719103,0.10357338902325658,0.0,0.0,0.0,0.0,0.0,0.0,0.0,0.019972898661982888,0.0,0.0,0.0,0.20231732096337463,0.057754483358339506,0.0,0.0,0.47240430379050746,0.5489872501676734,0.30905175821608777,0.10367599925517246,0.5485790237078131,0.7375044001434173,1.0,0.7454778532085969,0.0683219089954288,0.5430369644608629,0.0,0.31988133418800685,0.042813885518508295,0.0,0.0,0.0,0.0,0.0,0.0,0.0,0.0,0.0,0.1364625323168824,0.49146963113213354,0.6862552004965575,0.2561403804039375,0.0,0.0,0.0,0.0,0.0,0.0,0.0,0.0,0.0,0.0,0.0,0.0,0.0,0.0,0.0,0.0,0.0,0.0,0.0,0.0,0.0,0.0,0.0,0.0,0.0,0.0,0.0,0.0,0.0,0.0,0.0,0.0,0.0,0.0,0.0,0.0,0.0,0.0,0.0,0.0,0.0,0.0,0.0,0.0
0.03204274986343499,0.1524664152220818,0.08568361995759137,0.0,0.0,0.0,0.0,0.0,0.0,0.0,0.06694566909391639,0.0,0.0,0.0,0.2973235172114938,0.2149365612349121,0.0,0.0,0.543548098572061,0.7375430223599144,0.5428764676330307,0.3141933362500574,0.4834383330283133,0.5545942316314781,0.7454778532085969,1.0,0.09435046781950404,0.31206304139386776,0.017476650256456554,0.0780502706822615,0.10812152980296934,0.0,0.0,0.0,0.0,0.0,0.0,0.0,0.0,0.03784119395317856,0.39002793439864636,0.6859243529402111,0.48946724701922406,0.17052579347444513,0.0,0.0,0.0,0.0,0.0,0.0,0.0,0.0,0.0,0.0,0.0,0.0,0.0,0.0,0.0,0.0,0.0,0.0,0.0,0.0,0.0,0.0,0.0,0.0,0.0,0.0,0.0,0.0,0.0,0.0,0.0,0.0,0.0,0.0,0.0,0.0,0.0,0.0,0.0,0.0,0.0,0.0,0.0,0.0
0.3056095741482994,0.5479737347845638,0.7344831750087589,0.5430378275820645,0.312070231367737,0.2159697684097274,0.08083922558427262,0.0,0.0,0.0,0.012176343492352871,0.0,0.0,0.0,0.08010521645551649,0.0,0.0,0.0,0.15771430773324266,0.13222303439951627,0.02050232900364846,0.0,0.12098615347759158,0.0770972927980067,0.0683219089954288,0.09435046781950404,1.0,0.0,0.7567237442073771,0.0,0.3997531818398464,0.3893310446583121,0.03550821126209512,0.0,0.0,0.0,0.0,0.0,0.0,0.0,0.0,0.0,0.0,0.0,0.0,0.0,0.0,0.0,0.0,0.0,0.0,0.0,0.0,0.0,0.0,0.0,0.0,0.0,0.0,0.0,0.0,0.0,0.0,0.0,0.0,0.0,0.0,0.0,0.0,0.0,0.0,0.0,0.0,0.0,0.0,0.0,0.0,0.0,0.0,0.0,0.0,0.0,0.0,0.0,0.0,0.0,0.0,0.0
0.15784950197479072,0.12110275761182554,0.07712895275816427,0.0683045948431809,0.09439160148609706,0.13234109619488293,0.0802530181967544,0.0,0.0,0.020670976027379905,0.012246408207593689,0.0,0.0,0.0,0.08086382811076061,0.0,0.0,0.0,0.30561489197239095,0.2159601138289154,0.0,0.0,0.5479698561905256,0.7344842977652806,0.5430369644608629,0.31206304139386776,0.0,1.0,0.0,0.7567252109353045,0.0,0.0,0.0,0.0,0.0,0.0,0.0,0.0,0.0,0.0,0.0,0.0355040153712434,0.38932781351803125,0.39973696496122046,0.0,0.0,0.0,0.0,0.0,0.0,0.0,0.0,0.0,0.0,0.0,0.0,0.0,0.0,0.0,0.0,0.0,0.0,0.0,0.0,0.0,0.0,0.0,0.0,0.0,0.0,0.0,0.0,0.0,0.0,0.0,0.0,0.0,0.0,0.0,0.0,0.0,0.0,0.0,0.0,0.0,0.0,0.0,0.0
0.07161312952542503,0.3237559645643684,0.49120851778087166,0.319881643139798,0.07805590807809,0.0,0.0,0.0,0.0,0.0,0.0,0.0,0.0,0.0,0.0,0.0,0.0,0.0,0.006745149960305096,0.035973104788070656,0.0,0.0,0.0,0.0,0.0,0.017476650256456554,0.7567237442073771,0.0,1.0,0.0,0.23312131819694165,0.2232744231861835,0.0,0.0,0.0,0.0,0.0,0.0,0.0,0.0,0.0,0.0,0.0,0.0,0.0,0.0,0.0,0.0,0.0,0.0,0.0,0.0,0.0,0.0,0.0,0.0,0.0,0.0,0.0,0.0,0.0,0.0,0.0,0.0,0.0,0.0,0.0,0.0,0.0,0.0,0.0,0.0,0.0,0.0,0.0,0.0,0.0,0.0,0.0,0.0,0.0,0.0,0.0,0.0,0.0,0.0,0.0,0.0
0.006891664643294044,0.0,0.0,0.0,0.017550083219016126,0.03611502101653627,0.0,0.0,0.0,0.0,0.0,0.0,0.0,0.0,0.0,0.0,0.0,0.0,0.07161868439410267,0.0,0.0,0.0,0.3237536918906541,0.4912111148929396,0.31988133418800685,0.0780502706822615,0.0,0.7567252109353045,0.0,1.0,0.0,0.0,0.0,0.0,0.0,0.0,0.0,0.0,0.0,0.0,0.0,0.0,0.2232707873393641,0.233105997074111,0.0,0.0,0.0,0.0,0.0,0.0,0.0,0.0,0.0,0.0,0.0,0.0,0.0,0.0,0.0,0.0,0.0,0.0,0.0,0.0,0.0,0.0,0.0,0.0,0.0,0.0,0.0,0.0,0.0,0.0,0.0,0.0,0.0,0.0,0.0,0.0,0.0,0.0,0.0,0.0,0.0,0.0,0.0,0.0
0.4860060592206328,0.6868687234791558,0.4926958589023309,0.25614842646926367,0.1705390134560653,0.2543358482880001,0.3759120641218828,0.12425945959229523,0.0,0.03155684382354708,0.3753782811429084,0.15081130686318095,0.0,0.0,0.4246394652429181,0.2706456069187909,0.09332666870597643,0.037424198495317605,0.3982084635282154,0.27218925470991584,0.17532022607134135,0.16884649506681587,0.2901947701967916,0.11982012941379534,0.042813885518508295,0.10812152980296934,0.3997531818398464,0.0,0.23312131819694165,0.0,1.0,0.0,0.0,0.0,0.0,0.0,0.0,0.0,0.0,0.0,0.0,0.0,0.0,0.16687083424427288,0.0,0.0,0.0,0.0,0.0,0.0,0.0,0.0,0.0,0.0,0.0,0.0,0.0,0.0,0.0,0.0,0.0,0.0,0.0,0.0,0.0,0.0,0.0,0.0,0.0,0.0,0.0,0.0,0.0,0.0,0.0,0.0,0.0,0.0,0.0,0.0,0.0,0.0,0.0,0.0,0.0,0.0,0.0,0.0
0.15869161526558664,0.25471932951947857,0.48503298366049113,0.6862562363061236,0.4894652085652373,0.25293857552702126,0.0,0.0,0.0,0.03312112859632049,0.0,0.0,0.0,0.0,0.0,0.0,0.0,0.0,0.0,0.0,0.0,0.0,0.0,0.0,0.0,0.0,0.3893310446583121,0.0,0.2232744231861835,0.0,0.0,1.0,0.4066926682940294,0.0,0.0,0.0,0.0,0.0,0.0,0.0,0.0,0.0,0.0,0.0,0.0,0.0,0.0,0.0,0.0,0.0,0.0,0.0,0.0,0.0,0.0,0.0,0.0,0.0,0.0,0.0,0.0,0.0,0.0,0.0,0.0,0.0,0.0,0.0,0.0,0.0,0.0,0.0,0.0,0.0,0.0,0.0,0.0,0.0,0.0,0.0,0.0,0.0,0.0,0.0,0.0,0.0,0.0,0.0
0.25014299622271585,0.16941451086735754,0.2581138680736761,0.49147341746715156,0.6859237053047023,0.48746484745564794,0.02547751420087357,0.0,0.14190515758958255,0.3921312149064991,0.0,0.0,0.0,0.0,0.0,0.0,0.0,0.0,0.0,0.0,0.0,0.0,0.0,0.0,0.0,0.0,0.03550821126209512,0.0,0.0,0.0,0.0,0.4066926682940294,1.0,0.41916667205151253,0.0,0.0,0.0,0.0,0.0,0.0,0.0,0.0,0.0,0.0,0.0,0.0,0.0,0.0,0.0,0.0,0.0,0.0,0.0,0.0,0.0,0.0,0.0,0.0,0.0,0.0,0.0,0.0,0.0,0.0,0.0,0.0,0.0,0.0,0.0,0.0,0.0,0.0,0.0,0.0,0.0,0.0,0.0,0.0,0.0,0.0,0.0,0.0,0.0,0.0,0.0,0.0,0.0,0.0
0.24826651407944159,0.035854067959047047,0.0,0.13649960394969993,0.39006363061625904,0.48483306333761905,0.15642000213759405,0.2524113867251819,0.4919248568281104,0.6859460115508907,0.0,0.0,0.0,0.03565338955575878,0.0,0.0,0.0,0.0,0.0,0.0,0.0,0.0,0.0,0.0,0.0,0.0,0.0,0.0,0.0,0.0,0.0,0.0,0.41916667205151253,1.0,0.4086814328690637,0.0,0.0,0.0,0.0,0.0,0.0,0.0,0.0,0.0,0.0,0.0,0.0,0.0,0.0,0.0,0.0,0.0,0.0,0.0,0.0,0.0,0.0,0.0,0.0,0.0,0.0,0.0,0.0,0.0,0.0,0.0,0.0,0.0,0.0,0.0,0.0,0.0,0.0,0.0,0.0,0.0,0.0,0.0,0.0,0.0,0.0,0.0,0.0,0.0,0.0,0.0,0.0,0.0
0.16323938323844842,0.0,0.0,0.0,0.03786525206520374,0.2559185417831945,0.24991933424381121,0.48595400156587165,0.6858578290678697,0.49262410392391903,0.03131848978619721,0.0,0.14254034917080285,0.39421387520687046,0.0,0.0,0.0,0.0,0.0,0.0,0.0,0.0,0.0,0.0,0.0,0.0,0.0,0.0,0.0,0.0,0.0,0.0,0.0,0.4086814328690637,1.0,0.4256502976575018,0.0,0.0,0.0,0.0,0.0,0.0,0.0,0.0,0.0,0.0,0.0,0.0,0.0,0.0,0.0,0.0,0.0,0.0,0.0,0.0,0.0,0.0,0.0,0.0,0.0,0.0,0.0,0.0,0.0,0.0,0.0,0.0,0.0,0.0,0.0,0.0,0.0,0.0,0.0,0.0,0.0,0.0,0.0,0.0,0.0,0.0,0.0,0.0,0.0,0.0,0.0,0.0
0.03455335202230937,0.0,0.0,0.0,0.0,0.0,0.24981644053155483,0.4857160566828295,0.39316662029319177,0.14238994479595854,0.16109971210780352,0.2546574774696774,0.4913782792530782,0.6859100534210205,0.0,0.0,0.0,0.035349509307819695,0.0,0.0,0.0,0.0,0.0,0.0,0.0,0.0,0.0,0.0,0.0,0.0,0.0,0.0,0.0,0.0,0.4256502976575018,1.0,0.40652616260786967,0.0,0.0,0.0,0.0,0.0,0.0,0.0,0.0,0.0,0.0,0.0,0.0,0.0,0.0,0.0,0.0,0.0,0.0,0.0,0.0,0.0,0.0,0.0,0.0,0.0,0.0,0.0,0.0,0.0,0.0,0.0,0.0,0.0,0.0,0.0,0.0,0.0,0.0,0.0,0.0,0.0,0.0,0.0,0.0,0.0,0.0,0.0,0.0,0.0,0.0,0.0
0.0,0.0,0.0,0.0,0.0,0.0,0.16284181797457423,0.2557704309239092,0.03658346960888592,0.0,0.24914525716641606,0.4862234589673986,0.6858870590772311,0.4914729611286634,0.03540590064367046,0.0,0.14154093278402827,0.3933481319210355,0.0,0.0,0.0,0.0,0.0,0.0,0.0,0.0,0.0,0.0,0.0,0.0,0.0,0.0,0.0,0.0,0.0,0.40652616260786967,1.0,0.4240521699452147,0.0,0.0,0.0,0.0,0.0,0.0,0.0,0.0,0.0,0.0,0.0,0.0,0.0,0.0,0.0,0.0,0.0,0.0,0.0,0.0,0.0,0.0,0.0,0.0,0.0,0.0,0.0,0.0,0.0,0.0,0.0,0.0,0.0,0.0,0.0,0.0,0.0,0.0,0.0,0.0,0.0,0.0,0.0,0.0,0.0,0.0,0.0,0.0,0.0,0.0
0.0,0.0,0.0,0.0,0.0,0.0,0.03538221010464497,0.0,0.0,0.0,0.24914609275159585,0.48622498071400705,0.39334593067654017,0.14154157863183792,0.16285516868096386,0.25576777938978357,0.49147201306354127,0.6858898693707107,0.0,0.0,0.0,0.036561911308065034,0.0,0.0,0.0,0.0,0.0,0.0,0.0,0.0,0.0,0.0,0.0,0.0,0.0,0.0,0.4240521699452147,1.0,0.40652579511271003,0.0,0.0,0.0,0.0,0.0,0.0,0.0,0.0,0.0,0.0,0.0,0.0,0.0,0.0,0.0,0.0,0.0,0.0,0.0,0.0,0.0,0.0,0.0,0.0,0.0,0.0,0.0,0.0,0.0,0.0,0.0,0.0,0.0,0.0,0.0,0.0,0.0,0.0,0.0,0.0,0.0,0.0,0.0,0.0,0.0,0.0,0.0,0.0,0.0
0.0,0.0,0.0,0.0,0.0,0.0,0.0,0.0,0.0,0.0,0.1611007985942722,0.2546593995092708,0.03534829853977404,0.0,0.2498222261759529,0.4857143699776684,0.6859157134074466,0.49137828567479713,0.03456048900401557,0.0,0.1423577171607753,0.39313491527104866,0.0,0.0,0.0,0.0,0.0,0.0,0.0,0.0,0.0,0.0,0.0,0.0,0.0,0.0,0.0,0.40652579511271003,1.0,0.42558700967871477,0.0,0.0,0.0,0.0,0.0,0.0,0.0,0.0,0.0,0.0,0.0,0.0,0.0,0.0,0.0,0.0,0.0,0.0,0.0,0.0,0.0,0.0,0.0,0.0,0.0,0.0,0.0,0.0,0.0,0.0,0.0,0.0,0.0,0.0,0.0,0.0,0.0,0.0,0.0,0.0,0.0,0.0,0.0,0.0,0.0,0.0,0.0,0.0
0.0,0.0,0.0,0.0,0.0,0.0,0.0,0.0,0.0,0.0,0.031319539656415624,0.0,0.0,0.0,0.24992482110721914,0.48595181565538575,0.3941833656258451,0.14250627437129984,0.1632448320028782,0.25590954502259444,0.49262123687613607,0.6858574820204971,0.0,0.0,0.0,0.03784119395317856,0.0,0.0,0.0,0.0,0.0,0.0,0.0,0.0,0.0,0.0,0.0,0.0,0.42558700967871477,1.0,0.40868304596586935,0.0,0.0,0.0,0.0,0.0,0.0,0.0,0.0,0.0,0.0,0.0,0.0,0.0,0.0,0.0,0.0,0.0,0.0,0.0,0.0,0.0,0.0,0.0,0.0,0.0,0.0,0.0,0.0,0.0,0.0,0.0,0.0,0.0,0.0,0.0,0.0,0.0,0.0,0.0,0.0,0.0,0.0,0.0,0.0,0.0,0.0,0.0
0.0,0.0,0.0,0.0,0.0,0.0,0.0,0.0,0.0,0.0,0.0,0.0,0.0,0.0,0.15643830588661428,0.25241206297771573,0.035632380728505934,0.0,0.24827131368236377,0.48482791421213967,0.6859442044283697,0.4919273449701912,0.03584354028278231,0.0,0.1364625323168824,0.39002793439864636,0.0,0.0,0.0,0.0,0.0,0.0,0.0,0.0,0.0,0.0,0.0,0.0,0.0,0.40868304596586935,1.0,0.4190950671805788,0.0,0.0,0.0,0.0,0.0,0.0,0.0,0.0,0.0,0.0,0.0,0.0,0.0,0.0,0.0,0.0,0.0,0.0,0.0,0.0,0.0,0.0,0.0,0.0,0.0,0.0,0.0,0.0,0.0,0.0,0.0,0.0,0.0,0.0,0.0,0.0,0.0,0.0,0.0,0.0,0.0,0.0,0.0,0.0,0.0,0.0
0.0,0.0,0.0,0.0,0.0,0.0,0.0,0.0,0.0,0.0,0.0,0.0,0.0,0.0,0.025487670713184585,0.0,0.0,0.0,0.2501501573184469,0.4874618019118998,0.3920934118183154,0.1418698478397815,0.16940695883617155,0.25810601889734985,0.49146963113213354,0.6859243529402111,0.0,0.0355040153712434,0.0,0.0,0.0,0.0,0.0,0.0,0.0,0.0,0.0,0.0,0.0,0.0,0.4190950671805788,1.0,0.406697508986508,0.0,0.0,0.0,0.0,0.0,0.0,0.0,0.0,0.0,0.0,0.0,0.0,0.0,0.0,0.0,0.0,0.0,0.0,0.0,0.0,0.0,0.0,0.0,0.0,0.0,0.0,0.0,0.0,0.0,0.0,0.0,0.0,0.0,0.0,0.0,0.0,0.0,0.0,0.0,0.0,0.0,0.0,0.0,0.0,0.0
0.0,0.0,0.0,0.0,0.0,0.0,0.0,0.0,0.0,0.0,0.0,0.0,0.0,0.0,0.0,0.0,0.0,0.0,0.15870904433873204,0.2529386475198649,0.033099608085957445,0.0,0.25471789405035333,0.4850309382946208,0.6862552004965575,0.48946724701922406,0.0,0.38932781351803125,0.0,0.2232707873393641,0.0,0.0,0.0,0.0,0.0,0.0,0.0,0.0,0.0,0.0,0.0,0.406697508986508,1.0,0.0,0.0,0.0,0.0,0.0,0.0,0.0,0.0,0.0,0.0,0.0,0.0,0.0,0.0,0.0,0.0,0.0,0.0,0.0,0.0,0.0,0.0,0.0,0.0,0.0,0.0,0.0,0.0,0.0,0.0,0.0,0.0,0.0,0.0,0.0,0.0,0.0,0.0,0.0,0.0,0.0,0.0,0.0,0.0,0.0
0.3981954339716706,0.2901325775819642,0.11967068000780894,0.042622033429698655,0.10798055780908167,0.2721320210331096,0.4247373987793414,0.2708106778432532,0.16897473431815754,0.17533307027289208,0.3754496728236121,0.1509364237959373,0.03760047767545583,0.09353071735335049,0.37594338698982016,0.12430500894535411,0.0,0.0,0.48600330425099747,0.2543257172365808,0.0315650969438725,0.0,0.6868632351664737,0.49268437006671595,0.2561403804039375,0.17052579347444513,0.0,0.39973696496122046,0.0,0.233105997074111,0.16687083424427288,0.0,0.0,0.0,0.0,0.0,0.0,0.0,0.0,0.0,0.0,0.0,0.0,1.0,0.0,0.0,0.0,0.0,0.0,0.0,0.0,0.0,0.0,0.0,0.0,0.0,0.0,0.0,0.0,0.0,0.0,0.0,0.0,0.0,0.0,0.0,0.0,0.0,0.0,0.0,0.0,0.0,0.0,0.0,0.0,0.0,0.0,0.0,0.0,0.0,0.0,0.0,0.0,0.0,0.0,0.0,0.0,0.0
0.0,0.0,0.0,0.0,0.0,0.0,0.0,0.0,0.0,0.0,0.0,0.0,0.0,0.0,0.0,0.0,0.0,0.0,0.0,0.0,0.0,0.0,0.0,0.0,0.0,0.0,0.0,0.0,0.0,0.0,0.0,0.0,0.0,0.0,0.0,0.0,0.0,0.0,0.0,0.0,0.0,0.0,0.0,0.0,1.0,0.7383101837331237,0.5469745995244542,0.47238591872092994,0.5435383589063773,0.7350213000600252,0.729818810814461,0.5455442713475747,0.47717825234471084,0.5420659115460222,0.5221499540318574,0.2988394266615379,0.21485714238656778,0.3048852619281681,0.40778244802046454,0.17138843132899398,0.038254243179621165,0.08377896521456156,0.3838905348332107,0.16166055151863398,0.0,0.0,0.4315680559931672,0.24916181938482035,0.06576857370685112,0.032042749863434826,0.30560957414829987,0.1578495019747904,0.0716131295254252,0.006891664643293716,0.4860060592206328,0.15869161526558656,0.25014299622271596,0.24826651407944175,0.16323938323844833,0.03455335202230937,0.0,0.0,0.0,0.0,0.0,0.0,0.0,0.39819543397167045
0.0,0.0,0.0,0.0,0.0,0.0,0.0,0.0,0.0,0.0,0.0,0.0,0.0,0.0,0.0,0.0,0.0,0.0,0.0,0.0,0.0,0.0,0.0,0.0,0.0,0.0,0.0,0.0,0.0,0.0,0.0,0.0,0.0,0.0,0.0,0.0,0.0,0.0,0.0,0.0,0.0,0.0,0.0,0.0,0.7383101837331237,1.0,0.7425828503076629,0.5485779887434068,0.4834465711241129,0.550072250107738,0.5327934271008691,0.30533965313284067,0.21892558198142273,0.30803930891522757,0.4317203741414688,0.1935270045692458,0.050241427142314526,0.0893427457924069,0.4206840808220761,0.2213747759514486,0.05095981370220032,0.032725382770333565,0.4315232710954337,0.27455258250327014,0.13015358872876887,0.10336954758221889,0.41274895986041227,0.2625070798398695,0.14588332289719103,0.15246641522208162,0.547973734784564,0.12110275761182554,0.32375596456436856,0.0,0.6868687234791555,0.25471932951947845,0.16941451086735754,0.035854067959047047,0.0,0.0,0.0,0.0,0.0,0.0,0.0,0.0,0.0,0.2901325775819642
0.0,0.0,0.0,0.0,0.0,0.0,0.0,0.0,0.0,0.0,0.0,0.0,0.0,0.0,0.0,0.0,0.0,0.0,0.0,0.0,0.0,0.0,0.0,0.0,0.0,0.0,0.0,0.0,0.0,0.0,0.0,0.0,0.0,0.0,0.0,0.0,0.0,0.0,0.0,0.0,0.0,0.0,0.0,0.0,0.5469745995244542,0.7425828503076629,1.0,0.7375052029546924,0.5546041638157575,0.48131885792667384,0.2970871463349837,0.09637941644338653,0.06676799489375092,0.2178975250569105,0.17504557986884503,0.0,0.0,0.0,0.1860701402496379,8.863336466514016e-05,0.0,0.0,0.24904315663033058,0.14575734820735217,0.0,0.0,0.2624092237128673,0.1864321069807492,0.10357338902325641,0.08568361995759104,0.7344831750087591,0.07712895275816427,0.49120851778087177,0.0,0.4926958589023305,0.48503298366049097,0.2581138680736761,0.0,0.0,0.0,0.0,0.0,0.0,0.0,0.0,0.0,0.0,0.11967068000780877
0.0,0.0,0.0,0.0,0.0,0.0,0.0,0.0,0.0,0.0,0.0,0.0,0.0,0.0,0.0,0.0,0.0,0.0,0.0,0.0,0.0,0.0,0.0,0.0,0.0,0.0,0.0,0.0,0.0,0.0,0.0,0.0,0.0,0.0,0.0,0.0,0.0,0.0,0.0,0.0,0.0,0.0,0.0,0.0,0.47238591872092994,0.5485779887434068,0.7375052029546924,1.0,0.7454812399310744,0.5489892044213375,0.20228782074855012,0.057750892521116384,0.10368461744110723,0.3090710856262201,0.019901181975456705,0.0,0.0,0.0,0.0,0.0,0.0,0.0,0.06563126885598462,0.0,0.0,0.0,0.1457479082957194,0.10352537550293914,0.0,0.0,0.5430378275820645,0.06830459484318123,0.31988164313979806,0.0,0.25614842646926334,0.6862562363061233,0.49147341746715156,0.13649960394969976,0.0,0.0,0.0,0.0,0.0,0.0,0.0,0.0,0.0,0.042622033429698655
0.0,0.0,0.0,0.0,0.0,0.0,0.0,0.0,0.0,0.0,0.0,0.0,0.0,0.0,0.0,0.0,0.0,0.0,0.0,0.0,0.0,0.0,0.0,0.0,0.0,0.0,0.0,0.0,0.0,0.0,0.0,0.0,0.0,0.0,0.0,0.0,0.0,0.0,0.0,0.0,0.0,0.0,0.0,0.0,0.5435383589063773,0.4834465711241129,0.5546041638157575,0.7454812399310744,1.0,0.737545266457336,0.29730707128552286,0.21494838707107214,0.3142124709327407,0.5429006972717745,0.06689626204207651,0.0,0.0,0.0,0.0,0.0,0.0,0.0,0.03195775473151406,0.0,0.0,0.0,0.15239040969903792,0.08569523689166286,0.0,0.0,0.31207023136773704,0.09439160148609706,0.07805590807809,0.017550083219015796,0.17053901345606498,0.4894652085652372,0.6859237053047023,0.39006363061625887,0.03786525206520374,0.0,0.0,0.0,0.0,0.0,0.0,0.0,0.0,0.1079805578090815
0.0,0.0,0.0,0.0,0.0,0.0,0.0,0.0,0.0,0.0,0.0,0.0,0.0,0.0,0.0,0.0,0.0,0.0,0.0,0.0,0.0,0.0,0.0,0.0,0.0,0.0,0.0,0.0,0.0,0.0,0.0,0.0,0.0,0.0,0.0,0.0,0.0,0.0,0.0,0.0,0.0,0.0,0.0,0.0,0.7350213000600252,0.550072250107738,0.48131885792667384,0.5489892044213375,0.737545266457336,1.0,0.5375659668905778,0.47660677648718514,0.5524565023669835,0.7354903249114844,0.28585954818500997,0.08633975812501384,0.06058967989720391,0.2150708769633286,0.15348392531611296,0.0,0.0,0.0,0.16163498187566952,0.0,0.0,0.0,0.2745577272173277,0.14584640802087395,0.0,0.0,0.2159697684097274,0.13234109619488293,0.0,0.03611502101653627,0.2543358482880001,0.25293857552702076,0.4874648474556476,0.48483306333761905,0.2559185417831947,0.0,0.0,0.0,0.0,0.0,0.0,0.0,0.0,0.2721320210331098
0.0,0.0,0.0,0.0,0.0,0.0,0.0,0.0,0.0,0.0,0.0,0.0,0.0,0.0,0.0,0.0,0.0,0.0,0.0,0.0,0.0,0.0,0.0,0.0,0.0,0.0,0.0,0.0,0.0,0.0,0.0,0.0,0.0,0.0,0.0,0.0,0.0,0.0,0.0,0.0,0.0,0.0,0.0,0.0,0.729818810814461,0.5327934271008691,0.2970871463349837,0.20228782074855012,0.29730707128552286,0.5375659668905778,1.0,0.7368510476816573,0.5418849213251551,0.4701916374816497,0.7308256621188953,0.5451720541564833,0.4764104879992717,0.5430518789026669,0.5198644742913406,0.2935161319650768,0.2118230235225668,0.30479142115011143,0.40783662138010246,0.15354374484427763,0.01738578055535916,0.07142679482356436,0.42079321230333566,0.18620895629725534,0.0,0.0,0.08083922558427278,0.0802530181967544,0.0,0.0,0.375912064121883,0.0,0.025477514200873408,0.15642000213759422,0.24991933424381121,0.249816440531555,0.16284181797457398,0.03538221010464481,0.0,0.0,0.0,0.0,0.0,0.4247373987793416
0.0,0.0,0.0,0.0,0.0,0.0,0.0,0.0,0.0,0.0,0.0,0.0,0.0,0.0,0.0,0.0,0.0,0.0,0.0,0.0,0.0,0.0,0.0,0.0,0.0,0.0,0.0,0.0,0.0,0.0,0.0,0.0,0.0,0.0,0.0,0.0,0.0,0.0,0.0,0.0,0.0,0.0,0.0,0.0,0.5455442713475747,0.30533965313284067,0.09637941644338653,0.057750892521116384,0.21494838707107214,0.47660677648718514,0.7368510476816573,1.0,0.7348719395012016,0.5487942268345948,0.5433998474191765,0.47900458589604417,0.5523412914351176,0.7361488874676974,0.29353705063552005,0.08718839055756548,0.05937129575363532,0.21596959026528417,0.17146582288526693,0.0,0.0,0.0,0.22152484744400164,0.0002715153223392869,0.0,0.0,0.0,0.0,0.0,0.0,0.12425945959229538,0.0,0.0,0.25241138672518226,0.4859540015658717,0.4857160566828295,0.2557704309239087,0.0,0.0,0.0,0.0,0.0,0.0,0.2708106778432532
0.0,0.0,0.0,0.0,0.0,0.0,0.0,0.0,0.0,0.0,0.0,0.0,0.0,0.0,0.0,0.0,0.0,0.0,0.0,0.0,0.0,0.0,0.0,0.0,0.0,0.0,0.0,0.0,0.0,0.0,0.0,0.0,0.0,0.0,0.0,0.0,0.0,0.0,0.0,0.0,0.0,0.0,0.0,0.0,0.47717825234471084,0.21892558198142273,0.06676799489375092,0.10368461744110723,0.3142124709327407,0.5524565023669835,0.5418849213251551,0.7348719395012016,1.0,0.7479085700586736,0.29988591732547565,0.2139650113394265,0.312433578342615,0.5431685990833407,0.07143303951198816,0.0,0.0,0.0,0.0,0.0,0.0,0.0,0.10350213694932653,0.0,0.0,0.0,0.0,0.0,0.0,0.0,0.0,0.0,0.1419051575895824,0.49192485682811044,0.6858578290678699,0.3931666202931922,0.03658346960888576,0.0,0.0,0.0,0.0,0.0,0.0,0.16897473431815746
0.0,0.0,0.0,0.0,0.0,0.0,0.0,0.0,0.0,0.0,0.0,0.0,0.0,0.0,0.0,0.0,0.0,0.0,0.0,0.0,0.0,0.0,0.0,0.0,0.0,0.0,0.0,0.0,0.0,0.0,0.0,0.0,0.0,0.0,0.0,0.0,0.0,0.0,0.0,0.0,0.0,0.0,0.0,0.0,0.5420659115460222,0.30803930891522757,0.2178975250569105,0.3090710856262201,0.5429006972717745,0.7354903249114844,0.4701916374816497,0.5487942268345948,0.7479085700586736,1.0,0.20244426818328032,0.05571794272497008,0.10311639670520602,0.3114755307302711,0.017348838674202918,0.0,0.0,0.0,0.0,0.0,0.0,0.0,0.13020686436842707,0.0,0.0,0.0,0.0,0.020670976027380068,0.0,0.0,0.03155684382354708,0.033121128596319833,0.3921312149064986,0.6859460115508905,0.49262410392391925,0.14238994479595904,0.0,0.0,0.0,0.0,0.0,0.0,0.0,0.1753330702728924
0.0,0.0,0.0,0.0,0.0,0.0,0.0,0.0,0.0,0.0,0.0,0.0,0.0,0.0,0.0,0.0,0.0,0.0,0.0,0.0,0.0,0.0,0.0,0.0,0.0,0.0,0.0,0.0,0.0,0.0,0.0,0.0,0.0,0.0,0.0,0.0,0.0,0.0,0.0,0.0,0.0,0.0,0.0,0.0,0.5221499540318574,0.4317203741414688,0.17504557986884503,0.019901181975456705,0.06689626204207651,0.28585954818500997,0.7308256621188953,0.5433998474191765,0.29988591732547565,0.20244426818328032,1.0,0.7354327964742932,0.542142669566504,0.4746557826594302,0.7308368711460823,0.5434004490629164,0.4746516872805619,0.5421421350495897,0.5221861509596298,0.2858941791963234,0.2024762877669371,0.2998947978541802,0.4317883172726685,0.17511616371460056,0.01997289866198305,0.06694566909391639,0.012176343492353036,0.012246408207593524,0.0,0.0,0.37537828114290867,0.0,0.0,0.0,0.03131848978619721,0.16109971210780352,0.2491452571664159,0.24914609275159577,0.16110079859427195,0.031319539656415624,0.0,0.0,0.0,0.37544967282361214
0.0,0.0,0.0,0.0,0.0,0.0,0.0,0.0,0.0,0.0,0.0,0.0,0.0,0.0,0.0,0.0,0.0,0.0,0.0,0.0,0.0,0.0,0.0,0.0,0.0,0.0,0.0,0.0,0.0,0.0,0.0,0.0,0.0,0.0,0.0,0.0,0.0,0.0,0.0,0.0,0.0,0.0,0.0,0.0,0.2988394266615379,0.1935270045692458,0.0,0.0,0.0,0.08633975812501384,0.5451720541564833,0.47900458589604417,0.2139650113394265,0.05571794272497008,0.7354327964742932,1.0,0.7361589910101919,0.5512995649138863,0.545187366043427,0.4790044384995307,0.5512966900626144,0.7361602265914587,0.29887869364796665,0.08636221580336981,0.05573264499355686,0.21396197017285887,0.19361777086713883,0.0,0.0,0.0,0.0,0.0,0.0,0.0,0.15081130686318145,0.0,0.0,0.0,0.0,0.2546574774696775,0.48622345896739827,0.4862249807140068,0.25465939950927063,0.0,0.0,0.0,0.0,0.15093642379593747
0.0,0.0,0.0,0.0,0.0,0.0,0.0,0.0,0.0,0.0,0.0,0.0,0.0,0.0,0.0,0.0,0.0,0.0,0.0,0.0,0.0,0.0,0.0,0.0,0.0,0.0,0.0,0.0,0.0,0.0,0.0,0.0,0.0,0.0,0.0,0.0,0.0,0.0,0.0,0.0,0.0,0.0,0.0,0.0,0.21485714238656778,0.050241427142314526,0.0,0.0,0.0,0.06058967989720391,0.4764104879992717,0.5523412914351176,0.312433578342615,0.10311639670520602,0.542142669566504,0.7361589910101919,1.0,0.7473503465671634,0.3048146061014736,0.21597289192524952,0.31196045432896685,0.5435016381925478,0.08384067929532003,0.0,0.0,0.0,0.03285740617208169,0.0,0.0,0.0,0.0,0.0,0.0,0.0,0.0,0.0,0.0,0.0,0.1425403491708027,0.4913782792530781,0.6858870590772311,0.39334593067654033,0.03534829853977404,0.0,0.0,0.0,0.0,0.03760047767545567
