1.0,0.7383101837331238,0.5469745995244542,0.47238591872093005,0.5435383589063773,0.7350213000600251,0.7298188108144611,0.5455442713475745,0.47717825234471095,0.5420659115460222,0.5221499540318574,0.2988394266615378,0.21485714238656844,0.3048852619281686,0.40778244802046454,0.17138843132899398,0.03825424317962133,0.08377896521456205,0.38389053483321095,0.16166055151863398,0.0,0.0,0.43156805599316755,0.24916181938482035,0.06576857370685128,0.03204274986343499,0.30560957414829937,0.15784950197479072,0.0716131295254252,0.00689166464329388,0.4860060592206328,0.15869161526558664,0.25014299622271596,0.24826651407944142,0.16323938323844858,0.034553352022309206,0.0,0.0,0.0,0.0,0.0,0.0,0.0,0.3981954339716708,0.2851084453270343,0.29572769794208603,0.2775857079607586,0.24926164886855012,0.2526771685041788,0.27652657469830716,0.16467957227745472,0.10794466594196114,0.10287119154072535,0.16853572452995802,0.016274021921465126,0.0,0.0,0.0,0.0,0.0,0.0,0.0,0.0,0.0,0.0,0.0,0.0,0.0,0.0,0.0,0.15529353938468823,0.0,0.0,0.0,0.11026604555259159,0.030019221315491177,0.03740457828579355,0.0,0.0,0.0,0.0,0.0,0.0,0.0,0.0,0.0,0.0,0.0
0.7383101837331238,1.0,0.7425828503076629,0.5485779887434068,0.4834465711241129,0.550072250107738,0.5327934271008693,0.30533965313284067,0.2189255819814229,0.3080393089152278,0.4317203741414688,0.1935270045692458,0.050241427142315186,0.08934274579240757,0.4206840808220761,0.22137477595144847,0.050959813702200644,0.032725382770334224,0.431523271095434,0.27455258250326997,0.1301535887287687,0.10336954758221889,0.41274895986041266,0.2625070798398693,0.14588332289719103,0.1524664152220818,0.5479737347845636,0.12110275761182554,0.32375596456436856,0.0,0.6868687234791555,0.25471932951947845,0.16941451086735754,0.03585406795904689,0.0,0.0,0.0,0.0,0.0,0.0,0.0,0.0,0.0,0.2901325775819644,0.295727697942086,0.21393884727410675,0.15485981381555694,0.16836669209465116,0.2560696942438803,0.33321395571177054,0.2216124290296304,0.24293274324019323,0.2778389841961526,0.3103348833052401,0.037437361179320935,0.0,9.540891744570429e-05,0.11256548761875988,0.0,0.0,0.0,0.0,0.0,0.0,0.0,0.0,0.0,0.0,0.0,0.0,0.0,0.0,0.0,0.0,0.0052531830974683405,0.0,0.070986582369349,0.11940728584919354,0.07069979765630183,0.0,0.0,0.0,0.0,0.0,0.0,0.0,0.0,0.0
0.5469745995244542,0.7425828503076629,1.0,0.7375052029546922,0.5546041638157575,0.481318857926674,0.29708714633498384,0.09637941644338653,0.06676799489375108,0.21789752505691085,0.17504557986884503,0.0,0.0,0.0,0.1860701402496379,8.863336466514016e-05,0.0,0.0,0.2490431566303309,0.145757348207352,0.0,0.0,0.2624092237128676,0.18643210698074902,0.10357338902325658,0.08568361995759137,0.7344831750087589,0.07712895275816427,0.49120851778087166,0.0,0.49269585890233075,0.485032983660491,0.2581138680736761,0.0,0.0,0.0,0.0,0.0,0.0,0.0,0.0,0.0,0.0,0.1196706800078091,0.2775857079607586,0.15485981381555677,0.028836311070865674,0.005452032316427011,0.11427110171880969,0.264716470147052,0.2980626096376909,0.3661174736790194,0.349380916887526,0.28908743342458143,0.144691775463223,0.132692260102578,0.20573163475464615,0.30293332317859134,0.0,0.0,0.0,0.0,0.0,0.0,0.0,0.0,0.0,0.0,0.0,0.0,0.0,0.0,0.0,0.0,0.0,0.0,0.0,0.0664649433796927,0.16693260101953475,0.14063182991878714,0.0,0.0,0.0,0.0,0.0,0.0,0.0,0.0
0.47238591872093005,0.5485779887434068,0.7375052029546922,1.0,0.7454812399310746,0.5489892044213378,0.20228782074855042,0.05775089252111655,0.10368461744110756,0.3090710856262207,0.019901181975456705,0.0,0.0,0.0,0.0,0.0,0.0,0.0,0.06563126885598479,0.0,0.0,0.0,0.1457479082957197,0.10352537550293897,0.0,0.0,0.5430378275820644,0.06830459484318123,0.31988164313979783,0.0,0.2561484264692635,0.6862562363061233,0.4914734174671517,0.13649960394969993,0.0,0.0,0.0,0.0,0.0,0.0,0.0,0.0,0.0,0.04262203342969899,0.2492616488685503,0.16836669209465116,0.005452032316427176,0.0,0.0,0.15080536595434085,0.31785036339891937,0.3326364533011645,0.22172230569160575,0.13134099802387172,0.2474187559033807,0.27704819545830756,0.31070894133484706,0.3197825382973377,0.04237731101498918,0.0,0.006441961469297093,0.14224486352855828,0.0,0.0,0.0,0.0,0.0,0.0,0.0,0.0,0.0,0.0,0.0,0.0,0.05211588200695322,0.0,0.0,0.0,0.019750831592259276,0.11860272408637292,0.1098983163815077,0.0,0.0,0.0,0.0,0.0,0.0,0.0
0.5435383589063773,0.4834465711241129,0.5546041638157575,0.7454812399310746,1.0,0.7375452664573363,0.2973070712855232,0.21494838707107214,0.3142124709327409,0.5429006972717751,0.06689626204207634,0.0,0.0,0.0,0.0,0.0,0.0,0.0,0.03195775473151439,0.0,0.0,0.0,0.15239040969903808,0.08569523689166286,0.0,0.0,0.312070231367737,0.09439160148609706,0.07805590807809,0.017550083219015796,0.17053901345606515,0.489465208565237,0.6859237053047023,0.39006363061625887,0.03786525206520391,0.0,0.0,0.0,0.0,0.0,0.0,0.0,0.0,0.10798055780908183,0.2526771685041788,0.2560696942438803,0.11427110171880969,0.0,0.0,0.11652745899899199,0.2700962740079731,0.1988973831735538,0.07066859889122606,0.026411068510661023,0.23766569675150914,0.22513462190914138,0.17625597388293854,0.14747445349075222,0.09378793325156284,0.034316518034320787,0.060438695139598334,0.13348902935036475,0.0,0.0,0.0,0.0,0.0,0.0,0.0,0.0,0.010940643403340177,0.0,0.0,0.0,0.1752728135003691,0.0,0.0,0.0,0.0,0.0,0.0,0.0,0.0,0.0,0.0,0.0,0.0,0.0
0.7350213000600251,0.550072250107738,0.481318857926674,0.5489892044213378,0.7375452664573363,1.0,0.5375659668905779,0.4766067764871848,0.5524565023669835,0.7354903249114846,0.28585954818500964,0.08633975812501352,0.060589679897204075,0.21507087696332894,0.1534839253161128,0.0,0.0,0.0,0.16163498187566952,0.0,0.0,0.0,0.2745577272173277,0.14584640802087365,0.0,0.0,0.21596976840972726,0.13234109619488293,0.0,0.03611502101653627,0.254335848288,0.252938575527021,0.48746484745564794,0.48483306333761883,0.25591854178319473,0.0,0.0,0.0,0.0,0.0,0.0,0.0,0.0,0.27213202103310974,0.27652657469830694,0.33321395571177054,0.264716470147052,0.15080536595434085,0.11652745899899199,0.17769526200042063,0.20033104938396218,0.0994946776924723,0.01997700531456483,0.04416074775484397,0.123291122973697,0.04382581884379471,0.0,0.0,0.013520552944376,0.0,0.0,0.0,0.0,0.0,0.0,0.0,0.0,0.0,0.0,0.0,0.1854073179378727,0.0,0.04048610935647357,0.0,0.2188710413948022,0.0,0.0,0.0,0.0,0.0,0.0,0.0,0.0,0.0,0.0,0.0,0.0,0.0
0.7298188108144611,0.5327934271008693,0.29708714633498384,0.20228782074855042,0.2973070712855232,0.5375659668905779,1.0,0.7368510476816573,0.5418849213251552,0.47019163748164977,0.7308256621188949,0.545172054156483,0.47641048799927194,0.5430518789026673,0.5198644742913404,0.2935161319650763,0.21182302352256646,0.3047914211501116,0.40783662138010235,0.1535437448442773,0.017385780555359,0.07142679482356402,0.42079321230333566,0.18620895629725534,0.0,0.0,0.08083922558427245,0.08025301819675455,0.0,0.0,0.3759120641218828,0.0,0.0254775142008739,0.15642000213759422,0.24991933424381155,0.2498164405315549,0.16284181797457398,0.035382210104644644,0.0,0.0,0.0,0.0,0.0,0.4247373987793416,0.16467957227745456,0.2216124290296304,0.29806260963769093,0.31785036339891937,0.270096274007973,0.20033104938396218,0.0,0.0,0.0,0.06190206973137402,0.0,0.0,0.0,0.0,0.0,0.0,0.0,0.0,0.0,0.0,0.0,0.0,0.0,0.0,0.0,0.0,0.21863024379440463,0.0,0.07221256292247182,0.0,0.013745311746942157,0.16059455576341855,0.08397248183841646,0.0,0.0,0.0,0.0,0.0,0.0,0.0,0.0,0.0,0.0,0.0
0.5455442713475745,0.30533965313284067,0.09637941644338653,0.05775089252111655,0.21494838707107214,0.4766067764871848,0.7368510476816573,1.0,0.7348719395012013,0.5487942268345943,0.5433998474191765,0.47900458589604406,0.5523412914351181,0.7361488874676979,0.29353705063552005,0.08718839055756548,0.059371295753635485,0.2159695902652845,0.17146582288526693,0.0,0.0,0.0,0.22152484744400164,0.0002715153223391224,0.0,0.0,0.0,0.0,0.0,0.0,0.12425945959229523,0.0,0.0,0.25241138672518193,0.4859540015658718,0.4857160566828295,0.25577043092390905,0.0,0.0,0.0,0.0,0.0,0.0,0.27081067784325313,0.10794466594196114,0.2429327432401934,0.3661174736790195,0.3326364533011647,0.19889738317355396,0.09949467769247264,0.0,0.0,0.0,0.0,0.0,0.0,0.0,0.0,0.0,0.0,0.0,0.0,0.0,0.0,0.0,0.0,0.0,0.0,0.0,0.0,0.377840724452414,0.0,0.28016306472612273,0.0,0.06631042048843457,0.20832499677723612,0.0,0.0,0.0,0.0,0.0,0.0,0.0,0.0,0.0,0.0,0.0,0.0
0.47717825234471095,0.2189255819814229,0.06676799489375108,0.10368461744110756,0.3142124709327409,0.5524565023669835,0.5418849213251552,0.7348719395012013,1.0,0.7479085700586733,0.2998859173254755,0.21396501133942616,0.3124335783426153,0.5431685990833409,0.071433039511988,0.0,0.0,0.0,0.0,0.0,0.0,0.0,0.10350213694932653,0.0,0.0,0.0,0.0,0.0,0.0,0.0,0.0,0.0,0.14190515758958272,0.49192485682811044,0.68585782906787,0.3931666202931919,0.03658346960888576,0.0,0.0,0.0,0.0,0.0,0.0,0.16897473431815738,0.10287119154072519,0.2778389841961526,0.3493809168875258,0.22172230569160575,0.07066859889122606,0.01997700531456483,0.0,0.0,0.0,0.0,0.0,0.0,0.0,0.0,0.0,0.0,0.0,0.0,0.0,0.0,0.0,0.0,0.0,0.0,0.0,0.0,0.4144616745582946,0.0,0.35428013526859803,0.0,0.1684001438773894,0.06436601480079143,0.0,0.0,0.0,0.0,0.0,0.0,0.0,0.0,0.0,0.0,0.0,0.0
0.5420659115460222,0.3080393089152278,0.21789752505691085,0.3090710856262207,0.5429006972717751,0.7354903249114846,0.47019163748164977,0.5487942268345943,0.7479085700586733,1.0,0.20244426818327999,0.05571794272496959,0.10311639670520618,0.3114755307302711,0.017348838674202588,0.0,0.0,0.0,0.0,0.0,0.0,0.0,0.13020686436842707,0.0,0.0,0.0,0.0,0.020670976027379905,0.0,0.0,0.03155684382354724,0.033121128596320326,0.39213121490649916,0.6859460115508905,0.49262410392391903,0.14238994479595854,0.0,0.0,0.0,0.0,0.0,0.0,0.0,0.17533307027289208,0.1685357245299582,0.3103348833052404,0.2890874334245814,0.1313409980238719,0.026411068510661186,0.0441607477548443,0.061902069731374354,0.0,0.0,0.0,0.025357061877022937,0.0,0.0,0.0,0.0,0.0,0.0,0.0,0.0,0.0,0.0,0.0,0.0,0.0,0.0,0.0,0.30033389804973526,0.0,0.20970299035488246,0.0,0.23717613406788074,0.0,0.0,0.0,0.0,0.0,0.0,0.0,0.0,0.0,0.0,0.0,0.0,0.0
0.5221499540318574,0.4317203741414688,0.17504557986884503,0.019901181975456705,0.06689626204207634,0.28585954818500964,0.7308256621188949,0.5433998474191765,0.2998859173254755,0.20244426818327999,1.0,0.7354327964742932,0.5421426695665045,0.4746557826594304,0.7308368711460824,0.5434004490629163,0.47465168728056206,0.5421421350495903,0.5221861509596297,0.2858941791963233,0.2024762877669371,0.2998947978541802,0.43178831727266853,0.1751161637146004,0.019972898661982888,0.06694566909391639,0.012176343492352377,0.012246408207593524,0.0,0.0,0.3753782811429084,0.0,0.0,0.0,0.03131848978619721,0.16109971210780344,0.24914525716641597,0.2491460927515961,0.16110079859427237,0.03131953965641579,0.0,0.0,0.0,0.3754496728236121,0.016274021921464633,0.03743736117932061,0.144691775463223,0.2474187559033807,0.23766569675150898,0.12329112297369683,0.0,0.0,0.0,0.025357061877022278,0.0,0.0,0.0,0.0,0.0,0.0,0.0,0.0,0.0,0.0,0.0,0.0,0.0,0.0,0.0,0.0,0.04873819418668379,0.0,0.0,0.0,0.0,0.13441571733158802,0.12075511867217781,0.0,0.0,0.0,0.0,0.0,0.0,0.0,0.0,0.0,0.0,0.0
0.2988394266615378,0.1935270045692458,0.0,0.0,0.0,0.08633975812501352,0.545172054156483,0.47900458589604406,0.21396501133942616,0.05571794272496959,0.7354327964742932,1.0,0.7361589910101919,0.5512995649138863,0.545187366043427,0.47900443849953067,0.5512966900626146,0.7361602265914592,0.2988786936479665,0.08636221580336964,0.05573264499355686,0.21396197017285887,0.19361777086713866,0.0,0.0,0.0,0.0,0.0,0.0,0.0,0.1508113068631812,0.0,0.0,0.0,0.0,0.2546574774696774,0.4862234589673983,0.48622498071400705,0.25465939950927086,0.0,0.0,0.0,0.0,0.1509364237959373,0.0,0.0,0.13269226010257834,0.2770481954583077,0.2251346219091417,0.04382581884379504,0.0,0.0,0.0,0.0,0.0,0.0,0.0,0.0,0.0,0.0,0.0,0.0,0.0,0.0,0.0,0.0,0.0,0.0,0.0,0.0,0.07010944384360969,0.0,0.0,0.0,0.0,0.2340263755426717,0.1383636265487335,0.0,0.0,0.0,0.0,0.0,0.0,0.0,0.0,0.0,0.0,0.0
0.21485714238656844,0.050241427142315186,0.0,0.0,0.0,0.060589679897204075,0.47641048799927194,0.5523412914351181,0.3124335783426153,0.10311639670520618,0.5421426695665045,0.7361589910101919,1.0,0.7473503465671635,0.3048146061014739,0.21597289192524952,0.3119604543289668,0.5435016381925477,0.08384067929532003,0.0,0.0,0.0,0.03285740617208202,0.0,0.0,0.0,0.0,0.0,0.0,0.0,0.0,0.0,0.0,0.0,0.14254034917080302,0.49137827925307825,0.6858870590772309,0.3933459306765401,0.03534829853977404,0.0,0.0,0.0,0.0,0.03760047767545583,0.0,9.540891744603325e-05,0.20573163475464648,0.3107089413348473,0.1762559738829387,0.0,0.0,0.0,0.0,0.0,0.0,0.0,0.0,0.0,0.0,0.0,0.0,0.0,0.0,0.0,0.0,0.0,0.0,0.0,0.0,0.0,0.21598680785308808,0.0,0.13295565557155475,0.0,0.0,0.30678865369688385,0.05145156973537276,0.0,0.0,0.0,0.0,0.0,0.0,0.0,0.0,0.0,0.0,0.0
0.3048852619281686,0.08934274579240757,0.0,0.0,0.0,0.21507087696332894,0.5430518789026673,0.7361488874676979,0.5431685990833409,0.3114755307302711,0.4746557826594304,0.5512995649138863,0.7473503465671635,1.0,0.21185667105063527,0.059383644499278646,0.10276909560465342,0.3119643897693426,0.03834129942211122,0.0,0.0,0.0,0.05112643693289984,0.0,0.0,0.0,0.0,0.0,0.0,0.0,0.0,0.0,0.0,0.03565338955575878,0.39421387520687046,0.6859100534210204,0.4914729611286634,0.14154157863183808,0.0,0.0,0.0,0.0,0.0,0.09353071735335032,0.0,0.1125654876187602,0.30293332317859156,0.31978253829733805,0.1474744534907524,0.0,0.0,0.0,0.0,0.0,0.0,0.0,0.0,0.0,0.0,0.0,0.0,0.0,0.0,0.0,0.0,0.0,0.0,0.0,0.0,0.0,0.3641549086183903,0.0,0.3078684052010743,0.0,0.0,0.2740428672026692,0.0,0.0,0.0,0.0,0.0,0.0,0.0,0.0,0.0,0.0,0.0,0.0
0.40778244802046454,0.4206840808220761,0.1860701402496379,0.0,0.0,0.1534839253161128,0.5198644742913404,0.29353705063552005,0.071433039511988,0.017348838674202588,0.7308368711460824,0.545187366043427,0.3048146061014739,0.21185667105063527,1.0,0.7368522196076669,0.5430547166786941,0.4764192653308368,0.7298304919676555,0.5375773107063256,0.47021106054829387,0.5418927239855867,0.532822410159832,0.2971133386371277,0.2023173209633745,0.29732351721149347,0.08010521645551617,0.08086382811076027,0.0,0.0,0.4246394652429181,0.0,0.0,0.0,0.0,0.0,0.03540590064367046,0.1628551686809641,0.24982222617595307,0.24992482110721928,0.15643830588661428,0.025487670713184585,0.0,0.37594338698982016,0.0,0.0,0.0,0.04237731101498951,0.09378793325156318,0.013520552944376492,0.0,0.0,0.0,0.0,0.0,0.0,0.0,0.0,0.0,0.0,0.0,0.0,0.0,0.0,0.0,0.0,0.0,0.0,0.0,0.0,0.0,0.0,0.0,0.0,0.0,0.0,0.013299153045672052,0.0,0.0,0.0,0.0,0.0,0.0,0.0,0.0,0.0,0.0,0.0
0.17138843132899398,0.22137477595144847,8.863336466514016e-05,0.0,0.0,0.0,0.2935161319650763,0.08718839055756548,0.0,0.0,0.5434004490629163,0.47900443849953067,0.21597289192524952,0.059383644499278646,0.7368522196076669,1.0,0.7361436465600047,0.552335132809524,0.5455482018792399,0.47659742736626803,0.5487947165893613,0.7348695165358496,0.3053658830994491,0.09639233898390272,0.057754483358339506,0.21493656123491192,0.0,0.0,0.0,0.0,0.2706456069187909,0.0,0.0,0.0,0.0,0.0,0.0,0.2557677793897836,0.48571436997766854,0.48595181565538587,0.2524120629777159,0.0,0.0,0.12430500894535411,0.0,0.0,0.0,0.0,0.034316518034320787,0.0,0.0,0.0,0.0,0.0,0.0,0.0,0.0,0.0,0.0,0.0,0.0,0.0,0.0,0.0,0.0,0.0,0.0,0.0,0.0,0.0,0.0,0.0,0.0,0.0,0.0,0.0,0.009125612404766191,0.0,0.0,0.0,0.0,0.0,0.0,0.0,0.0,0.0,0.0,0.0
0.03825424317962133,0.050959813702200644,0.0,0.0,0.0,0.0,0.21182302352256646,0.059371295753635485,0.0,0.0,0.47465168728056206,0.5512966900626146,0.3119604543289668,0.10276909560465342,0.5430547166786941,0.7361436465600047,1.0,0.747345786338389,0.304894356785432,0.21505488982459922,0.3114581759685653,0.5431465959375331,0.08938941325356622,0.0,0.0,0.0,0.0,0.0,0.0,0.0,0.09332666870597658,0.0,0.0,0.0,0.0,0.0,0.14154093278402827,0.49147201306354144,0.6859157134074466,0.394183365625845,0.035632380728505934,0.0,0.0,0.0,0.0,0.0,0.0,0.006441961469296928,0.060438695139598334,0.0,0.0,0.0,0.0,0.0,0.0,0.0,0.0,0.0,0.0,0.0,0.0,0.0,0.0,0.0,0.0,0.0,0.0,0.0,0.0,0.0,0.0,0.0,0.0,0.0,0.0,0.0,0.06302473398326289,0.0,0.0,0.0,0.0,0.0,0.0,0.0,0.0,0.0,0.0,0.0
0.08377896521456205,0.032725382770334224,0.0,0.0,0.0,0.0,0.3047914211501116,0.2159695902652845,0.0,0.0,0.5421421350495903,0.7361602265914592,0.5435016381925477,0.3119643897693426,0.4764192653308368,0.552335132809524,0.747345786338389,1.0,0.21488017764149286,0.060586075714803976,0.10310571591149942,0.31241344277224614,0.05031471407726467,0.0,0.0,0.0,0.0,0.0,0.0,0.0,0.03742419849531793,0.0,0.0,0.0,0.0,0.035349509307819695,0.39334813192103524,0.6858898693707106,0.49137828567479724,0.1425062743713,0.0,0.0,0.0,0.0,0.0,0.0,0.0,0.14224486352855845,0.13348902935036505,0.0,0.0,0.0,0.0,0.0,0.0,0.0,0.0,0.0,0.0,0.0,0.0,0.0,0.0,0.0,0.0,0.0,0.0,0.0,0.0,0.0,0.0,0.0,0.0,0.0,0.0,0.12194742153247734,0.10894650393971231,0.0,0.0,0.0,0.0,0.0,0.0,0.0,0.0,0.0,0.0,0.0
0.38389053483321095,0.431523271095434,0.2490431566303309,0.06563126885598479,0.03195775473151439,0.16163498187566952,0.40783662138010235,0.17146582288526693,0.0,0.0,0.5221861509596297,0.2988786936479665,0.08384067929532003,0.03834129942211122,0.7298304919676555,0.5455482018792399,0.304894356785432,0.21488017764149286,1.0,0.7350243036488248,0.542074426430438,0.47718396047625006,0.7383139728825562,0.5469828850808875,0.47240430379050763,0.5435480985720609,0.1577143077332425,0.30561489197239095,0.006745149960305425,0.07161868439410267,0.39820846352821543,0.0,0.0,0.0,0.0,0.0,0.0,0.0,0.034560489004015406,0.16324483200287812,0.24827131368236377,0.2501501573184471,0.15870904433873204,0.48600330425099764,0.0,0.0,0.0,0.0,0.0,0.0,0.0,0.0,0.0,0.0,0.0,0.0,0.0,0.0,0.0,0.0,0.0,0.0,0.0,0.0,0.0,0.0,0.0,0.0,0.0,0.0,0.0,0.0,0.0,0.0,0.0,0.0,0.0,0.0,0.0,0.0,0.0,0.0,0.0,0.0,0.0,0.0,0.0,0.0
0.16166055151863398,0.27455258250326997,0.145757348207352,0.0,0.0,0.0,0.1535437448442773,0.0,0.0,0.0,0.2858941791963233,0.08636221580336964,0.0,0.0,0.5375773107063256,0.47659742736626803,0.21505488982459922,0.060586075714803976,0.7350243036488248,1.0,0.7354857652001912,0.5524481888822932,0.5500629130432773,0.48130789444211447,0.5489872501676735,0.7375430223599144,0.1322230343995161,0.2159601138289154,0.035973104788070816,0.0,0.27218925470991584,0.0,0.0,0.0,0.0,0.0,0.0,0.0,0.0,0.25590954502259444,0.48482791421213967,0.4874618019119,0.2529386475198649,0.2543257172365808,0.0,0.0,0.0,0.0,0.0,0.0,0.0,0.0,0.0,0.0,0.0,0.0,0.0,0.0,0.0,0.0,0.0,0.0,0.0,0.0,0.0,0.0,0.0,0.0,0.0,0.0,0.0,0.0,0.0,0.0,0.0,0.0,0.0,0.0,0.0,0.0,0.0,0.0,0.0,0.0,0.0,0.0,0.0,0.0
0.0,0.1301535887287687,0.0,0.0,0.0,0.0,0.017385780555359,0.0,0.0,0.0,0.2024762877669371,0.05573264499355686,0.0,0.0,0.47021106054829387,0.5487947165893613,0.3114581759685653,0.10310571591149942,0.542074426430438,0.7354857652001912,1.0,0.7479085656643648,0.30803977612029404,0.21788384283764464,0.30905175821608777,0.5428764676330305,0.020502329003648293,0.0,0.0,0.0,0.1753202260713415,0.0,0.0,0.0,0.0,0.0,0.0,0.0,0.14235771716077517,0.49262123687613607,0.6859442044283697,0.3920934118183154,0.033099608085957445,0.03156509694387283,0.0,0.0,0.0,0.0,0.0,0.0,0.0,0.0,0.0,0.0,0.0,0.0,0.0,0.0,0.0,0.0,0.0,0.0,0.0,0.0,0.0,0.0,0.0,0.0,0.0,0.0,0.0,0.0,0.0,0.0,0.0,0.0,0.0,0.0,0.0,0.0,0.0,0.0,0.0,0.0,0.0,0.0,0.0,0.0
0.0,0.10336954758221889,0.0,0.0,0.0,0.0,0.07142679482356402,0.0,0.0,0.0,0.2998947978541802,0.21396197017285887,0.0,0.0,0.5418927239855867,0.7348695165358496,0.5431465959375331,0.31241344277224614,0.47718396047625006,0.5524481888822932,0.7479085656643648,1.0,0.21894099480564294,0.0667689576721082,0.10367599925517212,0.3141933362500571,0.0,0.0,0.0,0.0,0.16884649506681587,0.0,0.0,0.0,0.0,0.0,0.0,0.036561911308065194,0.3931349152710487,0.6858574820204975,0.4919273449701912,0.14186984783978115,0.0,0.0,0.0,0.0,0.0,0.0,0.0,0.0,0.0,0.0,0.0,0.0,0.0,0.0,0.0,0.0,0.0,0.0,0.0,0.0,0.0,0.0,0.0,0.0,0.0,0.0,0.0,0.0,0.0,0.0,0.0,0.0,0.0,0.0,0.0,0.0,0.0,0.0,0.0,0.0,0.0,0.0,0.0,0.0,0.0,0.0
0.43156805599316755,0.41274895986041266,0.2624092237128676,0.1457479082957197,0.15239040969903808,0.2745577272173277,0.42079321230333566,0.22152484744400164,0.10350213694932653,0.13020686436842707,0.43178831727266853,0.19361777086713866,0.03285740617208202,0.05112643693289984,0.532822410159832,0.3053658830994491,0.08938941325356622,0.05031471407726467,0.7383139728825562,0.5500629130432773,0.30803977612029404,0.21894099480564294,1.0,0.7425804175598473,0.548579023707813,0.4834383330283131,0.12098615347759126,0.5479698561905252,0.0,0.3237536918906538,0.2901947701967916,0.0,0.0,0.0,0.0,0.0,0.0,0.0,0.0,0.0,0.03584354028278247,0.16940695883617155,0.2547178940503531,0.6868632351664739,0.0,0.0,0.0,0.0,0.0,0.0,0.0,0.0,0.0,0.0,0.0,0.0,0.0,0.0,0.0,0.0,0.0,0.0,0.0,0.0,0.0,0.0,0.0,0.0,0.0,0.0,0.0,0.0,0.0,0.0,0.0,0.0,0.0,0.0,0.0,0.0,0.0,0.0,0.0,0.0,0.0,0.0,0.0,0.0
0.24916181938482035,0.2625070798398693,0.18643210698074902,0.10352537550293897,0.08569523689166286,0.14584640802087365,0.18620895629725534,0.0002715153223391224,0.0,0.0,0.1751161637146004,0.0,0.0,0.0,0.2971133386371277,0.09639233898390272,0.0,0.0,0.5469828850808875,0.48130789444211447,0.21788384283764464,0.0667689576721082,0.7425804175598473,1.0,0.7375044001434173,0.5545942316314781,0.07709729279800653,0.7344842977652806,0.0,0.49121111489293956,0.11982012941379518,0.0,0.0,0.0,0.0,0.0,0.0,0.0,0.0,0.0,0.0,0.25810601889734985,0.4850309382946207,0.4926843700667159,0.0,0.0,0.0,0.0,0.0,0.0,0.0,0.0,0.0,0.0,0.0,0.0,0.0,0.0,0.0,0.0,0.0,0.0,0.0,0.0,0.0,0.0,0.0,0.0,0.0,0.0,0.0,0.0,0.0,0.0,0.0,0.0,0.0,0.0,0.0,0.0,0.0,0.0,0.0,0.0,0.0,0.0,0.0,0.0
0.06576857370685128,0.14588332289719103,0.10357338902325658,0.0,0.0,0.0,0.0,0.0,0.0,0.0,0.019972898661982888,0.0,0.0,0.0,0.2023173209633745,0.057754483358339506,0.0,0.0,0.47240430379050763,0.5489872501676735,0.30905175821608777,0.10367599925517212,0.548579023707813,0.7375044001434173,1.0,0.7454778532085972,0.0683219089954288,0.5430369644608628,0.0,0.3198813341880065,0.042813885518508295,0.0,0.0,0.0,0.0,0.0,0.0,0.0,0.0,0.0,0.1364625323168824,0.4914696311321336,0.6862552004965573,0.25614038040393755,0.0,0.0,0.0,0.0,0.0,0.0,0.0,0.0,0.0,0.0,0.0,0.0,0.0,0.0,0.0,0.0,0.0,0.0,0.0,0.0,0.0,0.0,0.0,0.0,0.0,0.0,0.0,0.0,0.0,0.0,0.0,0.0,0.0,0.0,0.0,0.0,0.0,0.0,0.0,0.0,0.0,0.0,0.0,0.0
0.03204274986343499,0.1524664152220818,0.08568361995759137,0.0,0.0,0.0,0.0,0.0,0.0,0.0,0.06694566909391639,0.0,0.0,0.0,0.29732351721149347,0.21493656123491192,0.0,0.0,0.5435480985720609,0.7375430223599144,0.5428764676330305,0.3141933362500571,0.4834383330283131,0.5545942316314781,0.7454778532085972,1.0,0.09435046781950371,0.31206304139386776,0.017476650256456717,0.07805027068226134,0.10812152980296919,0.0,0.0,0.0,0.0,0.0,0.0,0.0,0.0,0.03784119395317856,0.3900279343986462,0.6859243529402114,0.48946724701922406,0.17052579347444521,0.0,0.0,0.0,0.0,0.0,0.0,0.0,0.0,0.0,0.0,0.0,0.0,0.0,0.0,0.0,0.0,0.0,0.0,0.0,0.0,0.0,0.0,0.0,0.0,0.0,0.0,0.0,0.0,0.0,0.0,0.0,0.0,0.0,0.0,0.0,0.0,0.0,0.0,0.0,0.0,0.0,0.0,0.0,0.0
0.30560957414829937,0.5479737347845636,0.7344831750087589,0.5430378275820644,0.312070231367737,0.21596976840972726,0.08083922558427245,0.0,0.0,0.0,0.012176343492352377,0.0,0.0,0.0,0.08010521645551617,0.0,0.0,0.0,0.1577143077332425,0.1322230343995161,0.020502329003648293,0.0,0.12098615347759126,0.07709729279800653,0.0683219089954288,0.09435046781950371,1.0,0.0,0.7567237442073771,0.0,0.39975318183984593,0.38933104465831236,0.03550821126209512,0.0,0.0,0.0,0.0,0.0,0.0,0.0,0.0,0.0,0.0,0.0,0.1552935393846884,0.0,0.0,0.0,0.010940643403339848,0.18540731793787255,0.2186302437944048,0.377840724452414,0.4144616745582946,0.30033389804973526,0.04873819418668395,0.07010944384360986,0.21598680785308808,0.3641549086183904,0.0,0.0,0.0,0.0,0.0,0.0,0.0,0.0,0.0,0.0,0.0,0.0,0.0,0.0,0.0,0.0,0.0,0.0,0.0,0.10840101876206032,0.3087346084909716,0.27493965410354265,0.021509400555624683,0.0,0.0,0.0,0.0,0.0,0.0,0.0
0.15784950197479072,0.12110275761182554,0.07712895275816427,0.06830459484318123,0.09439160148609706,0.13234109619488293,0.08025301819675455,0.0,0.0,0.020670976027379905,0.012246408207593524,0.0,0.0,0.0,0.08086382811076027,0.0,0.0,0.0,0.30561489197239095,0.2159601138289154,0.0,0.0,0.5479698561905252,0.7344842977652806,0.5430369644608628,0.31206304139386776,0.0,1.0,0.0,0.7567252109353045,0.0,0.0,0.0,0.0,0.0,0.0,0.0,0.0,0.0,0.0,0.0,0.0355040153712434,0.38932781351803114,0.39973696496122035,0.0,0.0,0.0,0.0,0.0,0.0,0.0,0.0,0.0,0.0,0.0,0.0,0.0,0.0,0.0,0.0,0.0,0.0,0.0,0.0,0.0,0.0,0.0,0.0,0.0,0.0,0.0,0.0,0.0,0.0,0.0,0.0,0.0,0.0,0.0,0.0,0.0,0.0,0.0,0.0,0.0,0.0,0.0,0.0
0.0716131295254252,0.32375596456436856,0.49120851778087166,0.31988164313979783,0.07805590807809,0.0,0.0,0.0,0.0,0.0,0.0,0.0,0.0,0.0,0.0,0.0,0.0,0.0,0.006745149960305425,0.035973104788070816,0.0,0.0,0.0,0.0,0.0,0.017476650256456717,0.7567237442073771,0.0,1.0,0.0,0.23312131819694173,0.22327442318618362,0.0,0.0,0.0,0.0,0.0,0.0,0.0,0.0,0.0,0.0,0.0,0.0,0.0,0.0,0.0,0.0,0.0,0.04286764520097168,0.07646036074144041,0.29664324500412964,0.3751201432255741,0.22203846037575775,0.0,0.0,0.14077657648752825,0.32597831138937244,0.0,0.0,0.0,0.0,0.0,0.0,0.0,0.0,0.0,0.0,0.0,0.0,0.0,0.0,0.0,0.0,0.0,0.0,0.0,0.05157899126265415,0.3403408255110917,0.3016877362106729,0.0,0.0,0.0,0.0,0.0,0.0,0.0,0.0
0.00689166464329388,0.0,0.0,0.0,0.017550083219015796,0.03611502101653627,0.0,0.0,0.0,0.0,0.0,0.0,0.0,0.0,0.0,0.0,0.0,0.0,0.07161868439410267,0.0,0.0,0.0,0.3237536918906538,0.49121111489293956,0.3198813341880065,0.07805027068226134,0.0,0.7567252109353045,0.0,1.0,0.0,0.0,0.0,0.0,0.0,0.0,0.0,0.0,0.0,0.0,0.0,0.0,0.22327078733936384,0.233105997074111,0.0,0.0,0.0,0.0,0.0,0.0,0.0,0.0,0.0,0.0,0.0,0.0,0.0,0.0,0.0,0.0,0.0,0.0,0.0,0.0,0.0,0.0,0.0,0.0,0.0,0.0,0.0,0.0,0.0,0.0,0.0,0.0,0.0,0.0,0.0,0.0,0.0,0.0,0.0,0.0,0.0,0.0,0.0,0.0
0.4860060592206328,0.6868687234791555,0.49269585890233075,0.2561484264692635,0.17053901345606515,0.254335848288,0.3759120641218828,0.12425945959229523,0.0,0.03155684382354724,0.3753782811429084,0.1508113068631812,0.0,0.0,0.4246394652429181,0.2706456069187909,0.09332666870597658,0.03742419849531793,0.39820846352821543,0.27218925470991584,0.1753202260713415,0.16884649506681587,0.2901947701967916,0.11982012941379518,0.042813885518508295,0.10812152980296919,0.39975318183984593,0.0,0.23312131819694173,0.0,1.0,0.0,0.0,0.0,0.0,0.0,0.0,0.0,0.0,0.0,0.0,0.0,0.0,0.16687083424427307,0.1424489583693765,0.006786408786203121,0.0,0.06732673752094415,0.22642899351722326,0.28275206304591677,0.01775710129987743,0.08566417957836003,0.21755042510476158,0.3063997904226209,0.0,0.0,0.0,0.0,0.0,0.0,0.0,0.0,0.0,0.0,0.0,0.0,0.0,0.0,0.0,0.0,0.0,0.0,0.0,0.0,0.0,0.0,0.05175386347434551,0.12789931130744145,0.0,0.0,0.0,0.0,0.0,0.0,0.0,0.0,0.0,0.0
0.15869161526558664,0.25471932951947845,0.485032983660491,0.6862562363061233,0.489465208565237,0.252938575527021,0.0,0.0,0.0,0.033121128596320326,0.0,0.0,0.0,0.0,0.0,0.0,0.0,0.0,0.0,0.0,0.0,0.0,0.0,0.0,0.0,0.0,0.38933104465831236,0.0,0.22327442318618362,0.0,0.0,1.0,0.40669266829402917,0.0,0.0,0.0,0.0,0.0,0.0,0.0,0.0,0.0,0.0,0.0,0.03878081222575437,0.0,0.0,0.0,0.0,0.0,0.20746665098623454,0.2691279862672431,0.08315226792446763,0.0,0.17364709894511374,0.3023307243852695,0.3963298397041081,0.35402667054890274,0.0,0.0,0.0,0.1575397311663581,0.0,0.0,0.0,0.0,0.0,0.0,0.0,0.0,0.0,0.0,0.0,0.0,0.0,0.0,0.0,0.0,0.0,0.11466247526004052,0.19277849775691613,0.0,0.0,0.0,0.0,0.0,0.0,0.0
0.25014299622271596,0.16941451086735754,0.2581138680736761,0.4914734174671517,0.6859237053047023,0.48746484745564794,0.0254775142008739,0.0,0.14190515758958272,0.39213121490649916,0.0,0.0,0.0,0.0,0.0,0.0,0.0,0.0,0.0,0.0,0.0,0.0,0.0,0.0,0.0,0.0,0.03550821126209512,0.0,0.0,0.0,0.0,0.40669266829402917,1.0,0.4191666720515124,0.0,0.0,0.0,0.0,0.0,0.0,0.0,0.0,0.0,0.0,0.04832170400557062,0.09170515425705375,0.0,0.0,0.0,0.0,0.10848119663336121,0.0,0.0,0.0,0.1559994356052058,0.17874726874716748,0.06646853506483542,0.0,0.017180724030293616,0.011789068656874985,0.08141951280134463,0.14074428738623102,0.0,0.0,0.0,0.0,0.0,0.0,0.0,0.0,0.0,0.0,0.0,0.0,0.05175386347434551,0.0,0.0,0.0,0.0,0.0,0.0,0.0,0.0,0.0,0.0,0.0,0.0,0.0
0.24826651407944142,0.03585406795904689,0.0,0.13649960394969993,0.39006363061625887,0.48483306333761883,0.15642000213759422,0.25241138672518193,0.49192485682811044,0.6859460115508905,0.0,0.0,0.0,0.03565338955575878,0.0,0.0,0.0,0.0,0.0,0.0,0.0,0.0,0.0,0.0,0.0,0.0,0.0,0.0,0.0,0.0,0.0,0.0,0.4191666720515124,1.0,0.40868143286906405,0.0,0.0,0.0,0.0,0.0,0.0,0.0,0.0,0.0,0.0,0.15425821616881466,0.08586380245223439,0.0,0.0,0.0,0.0,0.0,0.0,0.0,0.0,0.0,0.0,0.0,0.0,0.0,0.0,0.0,0.0,0.0,0.0,0.0,0.0,0.0,0.0,0.0,0.14003959361605903,0.0,0.06293130512907606,0.0,0.12789931130744125,0.0,0.0,0.0,0.0,0.0,0.0,0.0,0.0,0.0,0.0,0.0,0.0,0.0
0.16323938323844858,0.0,0.0,0.0,0.03786525206520391,0.25591854178319473,0.24991933424381155,0.4859540015658718,0.68585782906787,0.49262410392391903,0.03131848978619721,0.0,0.14254034917080302,0.39421387520687046,0.0,0.0,0.0,0.0,0.0,0.0,0.0,0.0,0.0,0.0,0.0,0.0,0.0,0.0,0.0,0.0,0.0,0.0,0.0,0.40868143286906405,1.0,0.4256502976575019,0.0,0.0,0.0,0.0,0.0,0.0,0.0,0.0,0.0,0.0913346668287155,0.2156545563410258,0.025515428372775355,0.0,0.0,0.0,0.0,0.0,0.0,0.0,0.0,0.0,0.0,0.0,0.0,0.0,0.0,0.0,0.0,0.0,0.0,0.0,0.0,0.0,0.0,0.39884375259599225,0.0,0.41524837562358125,0.0,0.0,0.0,0.0,0.0,0.0,0.0,0.0,0.0,0.0,0.0,0.0,0.0,0.0,0.0
0.034553352022309206,0.0,0.0,0.0,0.0,0.0,0.2498164405315549,0.4857160566828295,0.3931666202931919,0.14238994479595854,0.16109971210780344,0.2546574774696774,0.49137827925307825,0.6859100534210204,0.0,0.0,0.0,0.035349509307819695,0.0,0.0,0.0,0.0,0.0,0.0,0.0,0.0,0.0,0.0,0.0,0.0,0.0,0.0,0.0,0.0,0.4256502976575019,1.0,0.40652616260786956,0.0,0.0,0.0,0.0,0.0,0.0,0.0,0.0,0.0,0.1816774836271415,0.15321883015942936,0.0,0.0,0.0,0.0,0.0,0.0,0.0,0.0,0.0,0.0,0.0,0.0,0.0,0.0,0.0,0.0,0.0,0.0,0.0,0.0,0.0,0.0,0.3551851990811317,0.0,0.36808790781685036,0.0,0.0,0.1146624752600404,0.0,0.0,0.0,0.0,0.0,0.0,0.0,0.0,0.0,0.0,0.0,0.0
0.0,0.0,0.0,0.0,0.0,0.0,0.16284181797457398,0.25577043092390905,0.03658346960888576,0.0,0.24914525716641597,0.4862234589673983,0.6858870590772309,0.4914729611286634,0.03540590064367046,0.0,0.14154093278402827,0.39334813192103524,0.0,0.0,0.0,0.0,0.0,0.0,0.0,0.0,0.0,0.0,0.0,0.0,0.0,0.0,0.0,0.0,0.0,0.40652616260786956,1.0,0.42405216994521455,0.0,0.0,0.0,0.0,0.0,0.0,0.0,0.0,0.0,0.14197390154548845,0.0,0.0,0.0,0.0,0.0,0.0,0.0,0.0,0.0,0.0,0.0,0.0,0.0,0.0,0.0,0.0,0.0,0.0,0.0,0.0,0.0,0.0,0.027787263875687182,0.0,0.0,0.0,0.0,0.19277849775691602,0.0,0.0,0.0,0.0,0.0,0.0,0.0,0.0,0.0,0.0,0.0,0.0
0.0,0.0,0.0,0.0,0.0,0.0,0.035382210104644644,0.0,0.0,0.0,0.2491460927515961,0.48622498071400705,0.3933459306765401,0.14154157863183808,0.1628551686809641,0.2557677793897836,0.49147201306354144,0.6858898693707106,0.0,0.0,0.0,0.036561911308065194,0.0,0.0,0.0,0.0,0.0,0.0,0.0,0.0,0.0,0.0,0.0,0.0,0.0,0.0,0.42405216994521455,1.0,0.40652579511271014,0.0,0.0,0.0,0.0,0.0,0.0,0.0,0.0,0.0,0.0,0.0,0.0,0.0,0.0,0.0,0.0,0.0,0.0,0.0,0.0,0.0,0.0,0.0,0.0,0.0,0.0,0.0,0.0,0.0,0.0,0.0,0.0,0.0,0.0,0.0,0.0,0.0,0.0,0.0,0.0,0.0,0.0,0.0,0.0,0.0,0.0,0.0,0.0,0.0
0.0,0.0,0.0,0.0,0.0,0.0,0.0,0.0,0.0,0.0,0.16110079859427237,0.25465939950927086,0.03534829853977404,0.0,0.24982222617595307,0.48571436997766854,0.6859157134074466,0.49137828567479724,0.034560489004015406,0.0,0.14235771716077517,0.3931349152710487,0.0,0.0,0.0,0.0,0.0,0.0,0.0,0.0,0.0,0.0,0.0,0.0,0.0,0.0,0.0,0.40652579511271014,1.0,0.42558700967871466,0.0,0.0,0.0,0.0,0.0,0.0,0.0,0.0,0.0,0.0,0.0,0.0,0.0,0.0,0.0,0.0,0.0,0.0,0.0,0.0,0.0,0.0,0.0,0.0,0.0,0.0,0.0,0.0,0.0,0.0,0.0,0.0,0.0,0.0,0.0,0.0,0.0,0.0,0.0,0.0,0.0,0.0,0.0,0.0,0.0,0.0,0.0,0.0
0.0,0.0,0.0,0.0,0.0,0.0,0.0,0.0,0.0,0.0,0.03131953965641579,0.0,0.0,0.0,0.24992482110721928,0.48595181565538587,0.394183365625845,0.1425062743713,0.16324483200287812,0.25590954502259444,0.49262123687613607,0.6858574820204975,0.0,0.0,0.0,0.03784119395317856,0.0,0.0,0.0,0.0,0.0,0.0,0.0,0.0,0.0,0.0,0.0,0.0,0.42558700967871466,1.0,0.4086830459658696,0.0,0.0,0.0,0.0,0.0,0.0,0.0,0.0,0.0,0.0,0.0,0.0,0.0,0.0,0.0,0.0,0.0,0.0,0.0,0.0,0.0,0.0,0.0,0.0,0.0,0.0,0.0,0.0,0.0,0.0,0.0,0.0,0.0,0.0,0.0,0.0,0.0,0.0,0.0,0.0,0.0,0.0,0.0,0.0,0.0,0.0,0.0
0.0,0.0,0.0,0.0,0.0,0.0,0.0,0.0,0.0,0.0,0.0,0.0,0.0,0.0,0.15643830588661428,0.2524120629777159,0.035632380728505934,0.0,0.24827131368236377,0.48482791421213967,0.6859442044283697,0.4919273449701912,0.03584354028278247,0.0,0.1364625323168824,0.3900279343986462,0.0,0.0,0.0,0.0,0.0,0.0,0.0,0.0,0.0,0.0,0.0,0.0,0.0,0.4086830459658696,1.0,0.4190950671805787,0.0,0.0,0.0,0.0,0.0,0.0,0.0,0.0,0.0,0.0,0.0,0.0,0.0,0.0,0.0,0.0,0.0,0.0,0.0,0.0,0.0,0.0,0.0,0.0,0.0,0.0,0.0,0.0,0.0,0.0,0.0,0.0,0.0,0.0,0.0,0.0,0.0,0.0,0.0,0.0,0.0,0.0,0.0,0.0,0.0,0.0
0.0,0.0,0.0,0.0,0.0,0.0,0.0,0.0,0.0,0.0,0.0,0.0,0.0,0.0,0.025487670713184585,0.0,0.0,0.0,0.2501501573184471,0.4874618019119,0.3920934118183154,0.14186984783978115,0.16940695883617155,0.25810601889734985,0.4914696311321336,0.6859243529402114,0.0,0.0355040153712434,0.0,0.0,0.0,0.0,0.0,0.0,0.0,0.0,0.0,0.0,0.0,0.0,0.4190950671805787,1.0,0.406697508986508,0.0,0.0,0.0,0.0,0.0,0.0,0.0,0.0,0.0,0.0,0.0,0.0,0.0,0.0,0.0,0.0,0.0,0.0,0.0,0.0,0.0,0.0,0.0,0.0,0.0,0.0,0.0,0.0,0.0,0.0,0.0,0.0,0.0,0.0,0.0,0.0,0.0,0.0,0.0,0.0,0.0,0.0,0.0,0.0,0.0
0.0,0.0,0.0,0.0,0.0,0.0,0.0,0.0,0.0,0.0,0.0,0.0,0.0,0.0,0.0,0.0,0.0,0.0,0.15870904433873204,0.2529386475198649,0.033099608085957445,0.0,0.2547178940503531,0.4850309382946207,0.6862552004965573,0.48946724701922406,0.0,0.38932781351803114,0.0,0.22327078733936384,0.0,0.0,0.0,0.0,0.0,0.0,0.0,0.0,0.0,0.0,0.0,0.406697508986508,1.0,0.0,0.0,0.0,0.0,0.0,0.0,0.0,0.0,0.0,0.0,0.0,0.0,0.0,0.0,0.0,0.0,0.0,0.0,0.0,0.0,0.0,0.0,0.0,0.0,0.0,0.0,0.0,0.0,0.0,0.0,0.0,0.0,0.0,0.0,0.0,0.0,0.0,0.0,0.0,0.0,0.0,0.0,0.0,0.0,0.0
0.3981954339716708,0.2901325775819644,0.1196706800078091,0.04262203342969899,0.10798055780908183,0.27213202103310974,0.4247373987793416,0.27081067784325313,0.16897473431815738,0.17533307027289208,0.3754496728236121,0.1509364237959373,0.03760047767545583,0.09353071735335032,0.37594338698982016,0.12430500894535411,0.0,0.0,0.48600330425099764,0.2543257172365808,0.03156509694387283,0.0,0.6868632351664739,0.4926843700667159,0.25614038040393755,0.17052579347444521,0.0,0.39973696496122035,0.0,0.233105997074111,0.16687083424427307,0.0,0.0,0.0,0.0,0.0,0.0,0.0,0.0,0.0,0.0,0.0,0.0,1.0,0.0,0.0,0.0,0.0,0.0,0.0,0.0,0.0,0.0,0.0,0.0,0.0,0.0,0.0,0.0,0.0,0.0,0.0,0.0,0.0,0.0,0.0,0.0,0.0,0.0,0.0,0.0,0.0,0.0,0.0,0.0,0.0,0.0,0.0,0.0,0.0,0.0,0.0,0.0,0.0,0.0,0.0,0.0,0.0
0.2851084453270343,0.295727697942086,0.2775857079607586,0.2492616488685503,0.2526771685041788,0.27652657469830694,0.16467957227745456,0.10794466594196114,0.10287119154072519,0.1685357245299582,0.016274021921464633,0.0,0.0,0.0,0.0,0.0,0.0,0.0,0.0,0.0,0.0,0.0,0.0,0.0,0.0,0.0,0.1552935393846884,0.0,0.0,0.0,0.1424489583693765,0.03878081222575437,0.04832170400557062,0.0,0.0,0.0,0.0,0.0,0.0,0.0,0.0,0.0,0.0,0.0,1.0,0.7383101837331235,0.546974599524454,0.4723859187209297,0.543538358906377,0.735021300060025,0.7298188108144615,0.5455442713475745,0.4771782523447112,0.542065911546022,0.522149954031858,0.2988394266615378,0.21485714238656844,0.3048852619281686,0.40778244802046437,0.17138843132899412,0.03825424317962166,0.08377896521456205,0.38389053483321134,0.16166055151863398,0.0,0.0,0.4315680559931677,0.24916181938482068,0.06576857370685112,0.03204274986343532,0.30560957414829926,0.15784950197479072,0.07161312952542503,0.006891664643293716,0.4860060592206328,0.15869161526558623,0.2501429962227157,0.2482665140794415,0.1632393832384485,0.03455335202230937,0.0,0.0,0.0,0.0,0.0,0.0,0.0,0.39819543397167095
0.29572769794208603,0.21393884727410675,0.15485981381555677,0.16836669209465116,0.2560696942438803,0.33321395571177054,0.2216124290296304,0.2429327432401934,0.2778389841961526,0.3103348833052404,0.03743736117932061,0.0,9.540891744603325e-05,0.1125654876187602,0.0,0.0,0.0,0.0,0.0,0.0,0.0,0.0,0.0,0.0,0.0,0.0,0.0,0.0,0.0,0.0,0.006786408786203121,0.0,0.09170515425705375,0.15425821616881466,0.0913346668287155,0.0,0.0,0.0,0.0,0.0,0.0,0.0,0.0,0.0,0.7383101837331235,1.0,0.7425828503076629,0.5485779887434068,0.4834465711241128,0.550072250107738,0.5327934271008693,0.3053396531328404,0.2189255819814229,0.3080393089152274,0.4317203741414691,0.19352700456924546,0.05024142714231485,0.08934274579240707,0.42068408082207576,0.2213747759514483,0.05095981370220081,0.0327253827703339,0.4315232710954342,0.2745525825032699,0.13015358872876853,0.10336954758221889,0.4127489598604126,0.2625070798398695,0.14588332289719103,0.15246641522208212,0.5479737347845639,0.12110275761182537,0.3237559645643687,0.0,0.6868687234791557,0.2547193295194784,0.16941451086735745,0.03585406795904689,0.0,0.0,0.0,0.0,0.0,0.0,0.0,0.0,0.0,0.29013257758196426
0.2775857079607586,0.15485981381555694,0.028836311070865674,0.005452032316427176,0.11427110171880969,0.264716470147052,0.29806260963769093,0.3661174736790195,0.3493809168875258,0.2890874334245814,0.144691775463223,0.13269226010257834,0.20573163475464648,0.30293332317859156,0.0,0.0,0.0,0.0,0.0,0.0,0.0,0.0,0.0,0.0,0.0,0.0,0.0,0.0,0.0,0.0,0.0,0.0,0.0,0.08586380245223439,0.2156545563410258,0.1816774836271415,0.0,0.0,0.0,0.0,0.0,0.0,0.0,0.0,0.546974599524454,0.7425828503076629,1.0,0.7375052029546926,0.5546041638157576,0.48131885792667434,0.297087146334984,0.09637941644338636,0.06676799489375142,0.21789752505691085,0.17504557986884536,0.0,0.0,0.0,0.18607014024963756,8.86333646648112e-05,0.0,0.0,0.24904315663033105,0.1457573482073517,0.0,0.0,0.26240922371286773,0.1864321069807492,0.10357338902325641,0.08568361995759154,0.7344831750087587,0.07712895275816427,0.4912085177808716,0.0,0.49269585890233075,0.485032983660491,0.25811386807367626,0.0,0.0,0.0,0.0,0.0,0.0,0.0,0.0,0.0,0.0,0.1196706800078091
0.24926164886855012,0.16836669209465116,0.005452032316427011,0.0,0.0,0.15080536595434085,0.31785036339891937,0.3326364533011647,0.22172230569160575,0.1313409980238719,0.2474187559033807,0.2770481954583077,0.3107089413348473,0.31978253829733805,0.04237731101498951,0.0,0.006441961469296928,0.14224486352855845,0.0,0.0,0.0,0.0,0.0,0.0,0.0,0.0,0.0,0.0,0.0,0.0,0.06732673752094415,0.0,0.0,0.0,0.025515428372775355,0.15321883015942936,0.14197390154548845,0.0,0.0,0.0,0.0,0.0,0.0,0.0,0.4723859187209297,0.5485779887434068,0.7375052029546926,1.0,0.7454812399310744,0.5489892044213378,0.20228782074855042,0.05775089252111606,0.10368461744110756,0.30907108562622027,0.019901181975457035,0.0,0.0,0.0,0.0,0.0,0.0,0.0,0.06563126885598494,0.0,0.0,0.0,0.1457479082957197,0.10352537550293897,0.0,0.0,0.5430378275820644,0.06830459484318106,0.31988164313979806,0.0,0.2561484264692636,0.6862562363061233,0.49147341746715156,0.13649960394969993,0.0,0.0,0.0,0.0,0.0,0.0,0.0,0.0,0.0,0.04262203342969899
0.2526771685041788,0.2560696942438803,0.11427110171880969,0.0,0.0,0.11652745899899199,0.270096274007973,0.19889738317355396,0.07066859889122606,0.026411068510661186,0.23766569675150898,0.2251346219091417,0.1762559738829387,0.1474744534907524,0.09378793325156318,0.034316518034320787,0.060438695139598334,0.13348902935036505,0.0,0.0,0.0,0.0,0.0,0.0,0.0,0.0,0.010940643403339848,0.0,0.0,0.0,0.22642899351722326,0.0,0.0,0.0,0.0,0.0,0.0,0.0,0.0,0.0,0.0,0.0,0.0,0.0,0.543538358906377,0.4834465711241128,0.5546041638157576,0.7454812399310744,1.0,0.7375452664573363,0.2973070712855232,0.2149483870710718,0.31421247093274096,0.5429006972717748,0.06689626204207667,0.0,0.0,0.0,0.0,0.0,0.0,0.0,0.031957754731514555,0.0,0.0,0.0,0.15239040969903808,0.08569523689166286,0.0,0.0,0.31207023136773687,0.0943916014860969,0.07805590807809,0.017550083219015467,0.17053901345606515,0.4894652085652372,0.6859237053047023,0.39006363061625904,0.03786525206520391,0.0,0.0,0.0,0.0,0.0,0.0,0.0,0.0,0.10798055780908183
