1.0,0.7383101837331238,0.5469745995244542,0.47238591872093005,0.5435383589063773,0.7350213000600251,0.7298188108144611,0.5455442713475745,0.47717825234471095,0.5420659115460222,0.5221499540318574,0.2988394266615378,0.21485714238656844,0.3048852619281686,0.40778244802046454,0.17138843132899398,0.03825424317962133,0.08377896521456205,0.38389053483321095,0.16166055151863398,0.0,0.0,0.43156805599316755,0.24916181938482035,0.06576857370685128,0.03204274986343499,0.30560957414829937,0.15784950197479072,0.0716131295254252,0.00689166464329388,0.4860060592206328,0.15869161526558664,0.25014299622271596,0.24826651407944142,0.16323938323844858,0.034553352022309206,0.0,0.0,0.0,0.0,0.0,0.0,0.0,0.3981954339716708,0.0,0.0,0.0,0.0,0.0,0.0,0.0,0.0,0.0,0.0,0.0,0.0,0.0,0.0,0.0,0.0,0.0,0.0,0.0,0.0,0.0,0.0,0.0,0.0,0.0,0.0,0.0,0.0,0.0,0.0,0.0,0.0,0.0,0.0,0.0,0.0,0.0,0.0,0.0,0.0,0.0,0.0,0.0,0.0
0.7383101837331238,1.0,0.7425828503076629,0.5485779887434068,0.4834465711241129,0.550072250107738,0.5327934271008693,0.30533965313284067,0.2189255819814229,0.3080393089152278,0.4317203741414688,0.1935270045692458,0.050241427142315186,0.08934274579240757,0.4206840808220761,0.22137477595144847,0.050959813702200644,0.032725382770334224,0.431523271095434,0.27455258250326997,0.1301535887287687,0.10336954758221889,0.41274895986041266,0.2625070798398693,0.14588332289719103,0.1524664152220818,0.5479737347845636,0.12110275761182554,0.32375596456436856,0.0,0.6868687234791555,0.25471932951947845,0.16941451086735754,0.03585406795904689,0.0,0.0,0.0,0.0,0.0,0.0,0.0,0.0,0.0,0.2901325775819644,0.0,0.0,0.0,0.0,0.0,0.0,0.0,0.0,0.0,0.0,0.0,0.0,0.0,0.0,0.0,0.0,0.0010606212327739998,0.09519096479876489,0.0,0.0,0.0,0.0,0.0,0.0,0.0,0.0,0.0,0.0,0.0,0.0,0.0,0.0,0.0,0.0,0.0,0.0,0.0,0.1536870169082861,0.0,0.0,0.0,0.0,0.0,0.0
0.5469745995244542,0.7425828503076629,1.0,0.7375052029546922,0.5546041638157575,0.481318857926674,0.29708714633498384,0.09637941644338653,0.06676799489375108,0.21789752505691085,0.17504557986884503,0.0,0.0,0.0,0.1860701402496379,8.863336466514016e-05,0.0,0.0,0.2490431566303309,0.145757348207352,0.0,0.0,0.2624092237128676,0.18643210698074902,0.10357338902325658,0.08568361995759137,0.7344831750087589,0.07712895275816427,0.49120851778087166,0.0,0.49269585890233075,0.485032983660491,0.2581138680736761,0.0,0.0,0.0,0.0,0.0,0.0,0.0,0.0,0.0,0.0,0.1196706800078091,0.0,0.0,0.0,0.0,0.0,0.0,0.0,0.0,0.0,0.0,0.0,0.075514117785852,0.050075716607707536,0.0,0.0,0.0,0.14263404967394602,0.23632688743521324,0.0,0.0,0.0,0.0,0.0,0.0,0.0,0.0,0.0,0.0,0.0,0.0,0.0,0.0,0.0,0.0,0.0,0.0,0.03532921427395486,0.2613555580637399,0.07391865541975835,0.0,0.0,0.0,0.0,0.0
0.47238591872093005,0.5485779887434068,0.7375052029546922,1.0,0.7454812399310746,0.5489892044213378,0.20228782074855042,0.05775089252111655,0.10368461744110756,0.3090710856262207,0.019901181975456705,0.0,0.0,0.0,0.0,0.0,0.0,0.0,0.06563126885598479,0.0,0.0,0.0,0.1457479082957197,0.10352537550293897,0.0,0.0,0.5430378275820644,0.06830459484318123,0.31988164313979783,0.0,0.2561484264692635,0.6862562363061233,0.4914734174671517,0.13649960394969993,0.0,0.0,0.0,0.0,0.0,0.0,0.0,0.0,0.0,0.04262203342969899,0.0,0.0,0.0,0.0,0.0,0.0,0.0,0.0,0.0,0.0,0.0,0.002196613098671161,0.0,0.0,0.0,0.0,0.14931788391270312,0.1743857236381862,0.0,0.0,0.0,0.0,0.0,0.0,0.0,0.0,0.0,0.0,0.0,0.0,0.0,0.0,0.0,0.0,0.0,0.0,0.0,0.14890687576418093,0.10426331776742363,0.0,0.0,0.0,0.0,0.0
0.5435383589063773,0.4834465711241129,0.5546041638157575,0.7454812399310746,1.0,0.7375452664573363,0.2973070712855232,0.21494838707107214,0.3142124709327409,0.5429006972717751,0.06689626204207634,0.0,0.0,0.0,0.0,0.0,0.0,0.0,0.03195775473151439,0.0,0.0,0.0,0.15239040969903808,0.08569523689166286,0.0,0.0,0.312070231367737,0.09439160148609706,0.07805590807809,0.017550083219015796,0.17053901345606515,0.489465208565237,0.6859237053047023,0.39006363061625887,0.03786525206520391,0.0,0.0,0.0,0.0,0.0,0.0,0.0,0.0,0.10798055780908183,0.0,0.0,0.0,0.0,0.0,0.0,0.0,0.0,0.0,0.0,0.0,0.0,0.0,0.0,0.0,0.0,0.004870927734598719,0.0,0.0,0.0,0.0,0.0,0.0,0.0,0.0,0.0,0.0,0.0,0.0,0.0,0.0,0.0,0.0,0.0,0.0,0.0,0.0,0.0,0.004902825185559762,0.0,0.0,0.0,0.0,0.0
0.7350213000600251,0.550072250107738,0.481318857926674,0.5489892044213378,0.7375452664573363,1.0,0.5375659668905779,0.4766067764871848,0.5524565023669835,0.7354903249114846,0.28585954818500964,0.08633975812501352,0.060589679897204075,0.21507087696332894,0.1534839253161128,0.0,0.0,0.0,0.16163498187566952,0.0,0.0,0.0,0.2745577272173277,0.14584640802087365,0.0,0.0,0.21596976840972726,0.13234109619488293,0.0,0.03611502101653627,0.254335848288,0.252938575527021,0.48746484745564794,0.48483306333761883,0.25591854178319473,0.0,0.0,0.0,0.0,0.0,0.0,0.0,0.0,0.27213202103310974,0.0,0.0,0.0,0.0,0.0,0.0,0.0,0.0,0.0,0.0,0.0,0.0,0.0,0.0,0.0,0.0,0.0,0.0,0.0,0.0,0.0,0.0,0.0,0.0,0.0,0.0,0.0,0.0,0.0,0.0,0.0,0.0,0.0,0.0,0.0,0.0,0.0,0.0,0.0,0.0,0.0,0.0,0.0,0.0
0.7298188108144611,0.5327934271008693,0.29708714633498384,0.20228782074855042,0.2973070712855232,0.5375659668905779,1.0,0.7368510476816573,0.5418849213251552,0.47019163748164977,0.7308256621188949,0.545172054156483,0.47641048799927194,0.5430518789026673,0.5198644742913404,0.2935161319650763,0.21182302352256646,0.3047914211501116,0.40783662138010235,0.1535437448442773,0.017385780555359,0.07142679482356402,0.42079321230333566,0.18620895629725534,0.0,0.0,0.08083922558427245,0.08025301819675455,0.0,0.0,0.3759120641218828,0.0,0.0254775142008739,0.15642000213759422,0.24991933424381155,0.2498164405315549,0.16284181797457398,0.035382210104644644,0.0,0.0,0.0,0.0,0.0,0.4247373987793416,0.0,0.0,0.0,0.0,0.0,0.0,0.0,0.0,0.0,0.0,0.0,0.0,0.0,0.0,0.0,0.0,0.0,0.0,0.0,0.0,0.0,0.0,0.0,0.0,0.0,0.0,0.0,0.0,0.0,0.0,0.0,0.0,0.0,0.0,0.0,0.0,0.0,0.0,0.0,0.0,0.0,0.0,0.0,0.0
0.5455442713475745,0.30533965313284067,0.09637941644338653,0.05775089252111655,0.21494838707107214,0.4766067764871848,0.7368510476816573,1.0,0.7348719395012013,0.5487942268345943,0.5433998474191765,0.47900458589604406,0.5523412914351181,0.7361488874676979,0.29353705063552005,0.08718839055756548,0.059371295753635485,0.2159695902652845,0.17146582288526693,0.0,0.0,0.0,0.22152484744400164,0.0002715153223391224,0.0,0.0,0.0,0.0,0.0,0.0,0.12425945959229523,0.0,0.0,0.25241138672518193,0.4859540015658718,0.4857160566828295,0.25577043092390905,0.0,0.0,0.0,0.0,0.0,0.0,0.27081067784325313,0.0,0.0,0.0,0.0,0.0,0.0,0.0,0.0,0.0,0.0,0.0,0.0,0.0,0.0,0.0,0.0,0.0,0.0,0.0,0.0,0.0,0.0,0.0,0.0,0.0,0.0,0.0,0.0,0.0,0.0,0.0,0.0,0.0,0.0,0.0,0.0,0.0,0.0,0.0,0.0,0.0,0.0,0.0,0.0
0.47717825234471095,0.2189255819814229,0.06676799489375108,0.10368461744110756,0.3142124709327409,0.5524565023669835,0.5418849213251552,0.7348719395012013,1.0,0.7479085700586733,0.2998859173254755,0.21396501133942616,0.3124335783426153,0.5431685990833409,0.071433039511988,0.0,0.0,0.0,0.0,0.0,0.0,0.0,0.10350213694932653,0.0,0.0,0.0,0.0,0.0,0.0,0.0,0.0,0.0,0.14190515758958272,0.49192485682811044,0.68585782906787,0.3931666202931919,0.03658346960888576,0.0,0.0,0.0,0.0,0.0,0.0,0.16897473431815738,0.0,0.0,0.0,0.0,0.0,0.0,0.0,0.0,0.0,0.0,0.0,0.0,0.0,0.0,0.0,0.0,0.0,0.0,0.0,0.0,0.0,0.0,0.0,0.0,0.0,0.0,0.0,0.0,0.0,0.0,0.0,0.0,0.0,0.0,0.0,0.0,0.0,0.0,0.0,0.0,0.0,0.0,0.0,0.0
0.5420659115460222,0.3080393089152278,0.21789752505691085,0.3090710856262207,0.5429006972717751,0.7354903249114846,0.47019163748164977,0.5487942268345943,0.7479085700586733,1.0,0.20244426818327999,0.05571794272496959,0.10311639670520618,0.3114755307302711,0.017348838674202588,0.0,0.0,0.0,0.0,0.0,0.0,0.0,0.13020686436842707,0.0,0.0,0.0,0.0,0.020670976027379905,0.0,0.0,0.03155684382354724,0.033121128596320326,0.39213121490649916,0.6859460115508905,0.49262410392391903,0.14238994479595854,0.0,0.0,0.0,0.0,0.0,0.0,0.0,0.17533307027289208,0.0,0.0,0.0,0.0,0.0,0.0,0.0,0.0,0.0,0.0,0.0,0.0,0.0,0.0,0.0,0.0,0.0,0.0,0.0,0.0,0.0,0.0,0.0,0.0,0.0,0.0,0.0,0.0,0.0,0.0,0.0,0.0,0.0,0.0,0.0,0.0,0.0,0.0,0.0,0.0,0.0,0.0,0.0,0.0
0.5221499540318574,0.4317203741414688,0.17504557986884503,0.019901181975456705,0.06689626204207634,0.28585954818500964,0.7308256621188949,0.5433998474191765,0.2998859173254755,0.20244426818327999,1.0,0.7354327964742932,0.5421426695665045,0.4746557826594304,0.7308368711460824,0.5434004490629163,0.47465168728056206,0.5421421350495903,0.5221861509596297,0.2858941791963233,0.2024762877669371,0.2998947978541802,0.43178831727266853,0.1751161637146004,0.019972898661982888,0.06694566909391639,0.012176343492352377,0.012246408207593524,0.0,0.0,0.3753782811429084,0.0,0.0,0.0,0.03131848978619721,0.16109971210780344,0.24914525716641597,0.2491460927515961,0.16110079859427237,0.03131953965641579,0.0,0.0,0.0,0.3754496728236121,0.0,0.0,0.0,0.0,0.0,0.0,0.0,0.0,0.0,0.0,0.0,0.0,0.0,0.0,0.0,0.0,0.0,0.0,0.0,0.0,0.0,0.0,0.0,0.0,0.0,0.0,0.0,0.0,0.0,0.0,0.0,0.0,0.0,0.0,0.0,0.0,0.0,0.0,0.0,0.0,0.0,0.0,0.0,0.0
0.2988394266615378,0.1935270045692458,0.0,0.0,0.0,0.08633975812501352,0.545172054156483,0.47900458589604406,0.21396501133942616,0.05571794272496959,0.7354327964742932,1.0,0.7361589910101919,0.5512995649138863,0.545187366043427,0.47900443849953067,0.5512966900626146,0.7361602265914592,0.2988786936479665,0.08636221580336964,0.05573264499355686,0.21396197017285887,0.19361777086713866,0.0,0.0,0.0,0.0,0.0,0.0,0.0,0.1508113068631812,0.0,0.0,0.0,0.0,0.2546574774696774,0.4862234589673983,0.48622498071400705,0.25465939950927086,0.0,0.0,0.0,0.0,0.1509364237959373,0.0,0.0,0.0,0.0,0.0,0.0,0.0,0.0,0.0,0.0,0.0,0.0,0.0,0.0,0.0,0.0,0.0,0.0,0.0,0.0,0.0,0.0,0.0,0.0,0.0,0.0,0.0,0.0,0.0,0.0,0.0,0.0,0.0,0.0,0.0,0.0,0.0,0.0,0.0,0.0,0.0,0.0,0.0,0.0
0.21485714238656844,0.050241427142315186,0.0,0.0,0.0,0.060589679897204075,0.47641048799927194,0.5523412914351181,0.3124335783426153,0.10311639670520618,0.5421426695665045,0.7361589910101919,1.0,0.7473503465671635,0.3048146061014739,0.21597289192524952,0.3119604543289668,0.5435016381925477,0.08384067929532003,0.0,0.0,0.0,0.03285740617208202,0.0,0.0,0.0,0.0,0.0,0.0,0.0,0.0,0.0,0.0,0.0,0.14254034917080302,0.49137827925307825,0.6858870590772309,0.3933459306765401,0.03534829853977404,0.0,0.0,0.0,0.0,0.03760047767545583,0.0,0.0,0.0,0.0,0.0,0.0,0.0,0.0,0.0,0.0,0.0,0.0,0.0,0.0,0.0,0.0,0.0,0.0,0.0,0.0,0.0,0.0,0.0,0.0,0.0,0.0,0.0,0.0,0.0,0.0,0.0,0.0,0.0,0.0,0.0,0.0,0.0,0.0,0.0,0.0,0.0,0.0,0.0,0.0
0.3048852619281686,0.08934274579240757,0.0,0.0,0.0,0.21507087696332894,0.5430518789026673,0.7361488874676979,0.5431685990833409,0.3114755307302711,0.4746557826594304,0.5512995649138863,0.7473503465671635,1.0,0.21185667105063527,0.059383644499278646,0.10276909560465342,0.3119643897693426,0.03834129942211122,0.0,0.0,0.0,0.05112643693289984,0.0,0.0,0.0,0.0,0.0,0.0,0.0,0.0,0.0,0.0,0.03565338955575878,0.39421387520687046,0.6859100534210204,0.4914729611286634,0.14154157863183808,0.0,0.0,0.0,0.0,0.0,0.09353071735335032,0.0,0.0,0.0,0.0,0.0,0.0,0.0,0.0,0.0,0.0,0.0,0.0,0.0,0.0,0.0,0.0,0.0,0.0,0.0,0.0,0.0,0.0,0.0,0.0,0.0,0.0,0.0,0.0,0.0,0.0,0.0,0.0,0.0,0.0,0.0,0.0,0.0,0.0,0.0,0.0,0.0,0.0,0.0,0.0
0.40778244802046454,0.4206840808220761,0.1860701402496379,0.0,0.0,0.1534839253161128,0.5198644742913404,0.29353705063552005,0.071433039511988,0.017348838674202588,0.7308368711460824,0.545187366043427,0.3048146061014739,0.21185667105063527,1.0,0.7368522196076669,0.5430547166786941,0.4764192653308368,0.7298304919676555,0.5375773107063256,0.47021106054829387,0.5418927239855867,0.532822410159832,0.2971133386371277,0.2023173209633745,0.29732351721149347,0.08010521645551617,0.08086382811076027,0.0,0.0,0.4246394652429181,0.0,0.0,0.0,0.0,0.0,0.03540590064367046,0.1628551686809641,0.24982222617595307,0.24992482110721928,0.15643830588661428,0.025487670713184585,0.0,0.37594338698982016,0.0,0.0,0.0,0.0,0.0,0.0,0.0,0.0,0.0,0.0,0.0,0.0,0.0,0.0,0.0,0.0,0.0,0.0,0.0,0.0,0.0,0.0,0.0,0.0,0.0,0.0,0.0,0.0,0.0,0.0,0.0,0.0,0.0,0.0,0.0,0.0,0.0,0.0,0.0,0.0,0.0,0.0,0.0,0.0
0.17138843132899398,0.22137477595144847,8.863336466514016e-05,0.0,0.0,0.0,0.2935161319650763,0.08718839055756548,0.0,0.0,0.5434004490629163,0.47900443849953067,0.21597289192524952,0.059383644499278646,0.7368522196076669,1.0,0.7361436465600047,0.552335132809524,0.5455482018792399,0.47659742736626803,0.5487947165893613,0.7348695165358496,0.3053658830994491,0.09639233898390272,0.057754483358339506,0.21493656123491192,0.0,0.0,0.0,0.0,0.2706456069187909,0.0,0.0,0.0,0.0,0.0,0.0,0.2557677793897836,0.48571436997766854,0.48595181565538587,0.2524120629777159,0.0,0.0,0.12430500894535411,0.0,0.0,0.0,0.0,0.0,0.0,0.0,0.0,0.0,0.0,0.0,0.0,0.0,0.0,0.0,0.0,0.0,0.0,0.0,0.0,0.0,0.0,0.0,0.0,0.0,0.0,0.0,0.0,0.0,0.0,0.0,0.0,0.0,0.0,0.0,0.0,0.0,0.0,0.0,0.0,0.0,0.0,0.0,0.0
0.03825424317962133,0.050959813702200644,0.0,0.0,0.0,0.0,0.21182302352256646,0.059371295753635485,0.0,0.0,0.47465168728056206,0.5512966900626146,0.3119604543289668,0.10276909560465342,0.5430547166786941,0.7361436465600047,1.0,0.747345786338389,0.304894356785432,0.21505488982459922,0.3114581759685653,0.5431465959375331,0.08938941325356622,0.0,0.0,0.0,0.0,0.0,0.0,0.0,0.09332666870597658,0.0,0.0,0.0,0.0,0.0,0.14154093278402827,0.49147201306354144,0.6859157134074466,0.394183365625845,0.035632380728505934,0.0,0.0,0.0,0.0,0.0,0.0,0.0,0.0,0.0,0.0,0.0,0.0,0.0,0.0,0.0,0.0,0.0,0.0,0.0,0.0,0.0,0.0,0.0,0.0,0.0,0.0,0.0,0.0,0.0,0.0,0.0,0.0,0.0,0.0,0.0,0.0,0.0,0.0,0.0,0.0,0.0,0.0,0.0,0.0,0.0,0.0,0.0
0.08377896521456205,0.032725382770334224,0.0,0.0,0.0,0.0,0.3047914211501116,0.2159695902652845,0.0,0.0,0.5421421350495903,0.7361602265914592,0.5435016381925477,0.3119643897693426,0.4764192653308368,0.552335132809524,0.747345786338389,1.0,0.21488017764149286,0.060586075714803976,0.10310571591149942,0.31241344277224614,0.05031471407726467,0.0,0.0,0.0,0.0,0.0,0.0,0.0,0.03742419849531793,0.0,0.0,0.0,0.0,0.035349509307819695,0.39334813192103524,0.6858898693707106,0.49137828567479724,0.1425062743713,0.0,0.0,0.0,0.0,0.0,0.0,0.0,0.0,0.0,0.0,0.0,0.0,0.0,0.0,0.0,0.0,0.0,0.0,0.0,0.0,0.0,0.0,0.0,0.0,0.0,0.0,0.0,0.0,0.0,0.0,0.0,0.0,0.0,0.0,0.0,0.0,0.0,0.0,0.0,0.0,0.0,0.0,0.0,0.0,0.0,0.0,0.0,0.0
0.38389053483321095,0.431523271095434,0.2490431566303309,0.06563126885598479,0.03195775473151439,0.16163498187566952,0.40783662138010235,0.17146582288526693,0.0,0.0,0.5221861509596297,0.2988786936479665,0.08384067929532003,0.03834129942211122,0.7298304919676555,0.5455482018792399,0.304894356785432,0.21488017764149286,1.0,0.7350243036488248,0.542074426430438,0.47718396047625006,0.7383139728825562,0.5469828850808875,0.47240430379050763,0.5435480985720609,0.1577143077332425,0.30561489197239095,0.006745149960305425,0.07161868439410267,0.39820846352821543,0.0,0.0,0.0,0.0,0.0,0.0,0.0,0.034560489004015406,0.16324483200287812,0.24827131368236377,0.2501501573184471,0.15870904433873204,0.48600330425099764,0.0,0.0,0.0,0.0,0.0,0.0,0.0,0.0,0.0,0.0,0.0,0.0,0.0,0.0,0.0,0.0,0.0,0.04599747810476138,0.0,0.0,0.0,0.0,0.0,0.0,0.0,0.0,0.0,0.0,0.0,0.0,0.0,0.0,0.0,0.0,0.0,0.0,0.0,0.11944763463071918,0.0,0.0,0.0,0.0,0.0,0.0
0.16166055151863398,0.27455258250326997,0.145757348207352,0.0,0.0,0.0,0.1535437448442773,0.0,0.0,0.0,0.2858941791963233,0.08636221580336964,0.0,0.0,0.5375773107063256,0.47659742736626803,0.21505488982459922,0.060586075714803976,0.7350243036488248,1.0,0.7354857652001912,0.5524481888822932,0.5500629130432773,0.48130789444211447,0.5489872501676735,0.7375430223599144,0.1322230343995161,0.2159601138289154,0.035973104788070816,0.0,0.27218925470991584,0.0,0.0,0.0,0.0,0.0,0.0,0.0,0.0,0.25590954502259444,0.48482791421213967,0.4874618019119,0.2529386475198649,0.2543257172365808,0.0,0.0,0.0,0.0,0.0,0.0,0.0,0.0,0.0,0.0,0.0,0.0,0.0,0.0,0.0,0.0,0.0008165789997401136,0.12959565243882523,0.0,0.0,0.0,0.0,0.0,0.0,0.0,0.0,0.0,0.0,0.0,0.0,0.0,0.0,0.0,0.0,0.0,0.0,0.04324836456120625,0.19610989796670833,0.0,0.0,0.0,0.0,0.0,0.0
0.0,0.1301535887287687,0.0,0.0,0.0,0.0,0.017385780555359,0.0,0.0,0.0,0.2024762877669371,0.05573264499355686,0.0,0.0,0.47021106054829387,0.5487947165893613,0.3114581759685653,0.10310571591149942,0.542074426430438,0.7354857652001912,1.0,0.7479085656643648,0.30803977612029404,0.21788384283764464,0.30905175821608777,0.5428764676330305,0.020502329003648293,0.0,0.0,0.0,0.1753202260713415,0.0,0.0,0.0,0.0,0.0,0.0,0.0,0.14235771716077517,0.49262123687613607,0.6859442044283697,0.3920934118183154,0.033099608085957445,0.03156509694387283,0.0,0.0,0.0,0.0,0.0,0.0,0.0,0.0,0.0,0.0,0.0,0.0,0.0,0.0,0.0,0.0,0.0,0.0,0.0,0.0,0.0,0.0,0.0,0.0,0.0,0.0,0.0,0.0,0.0,0.0,0.0,0.0,0.0,0.0,0.0,0.0,0.0,0.021566950959023237,0.0,0.0,0.0,0.0,0.0,0.0
0.0,0.10336954758221889,0.0,0.0,0.0,0.0,0.07142679482356402,0.0,0.0,0.0,0.2998947978541802,0.21396197017285887,0.0,0.0,0.5418927239855867,0.7348695165358496,0.5431465959375331,0.31241344277224614,0.47718396047625006,0.5524481888822932,0.7479085656643648,1.0,0.21894099480564294,0.0667689576721082,0.10367599925517212,0.3141933362500571,0.0,0.0,0.0,0.0,0.16884649506681587,0.0,0.0,0.0,0.0,0.0,0.0,0.036561911308065194,0.3931349152710487,0.6858574820204975,0.4919273449701912,0.14186984783978115,0.0,0.0,0.0,0.0,0.0,0.0,0.0,0.0,0.0,0.0,0.0,0.0,0.0,0.0,0.0,0.0,0.0,0.0,0.0,0.0,0.0,0.0,0.0,0.0,0.0,0.0,0.0,0.0,0.0,0.0,0.0,0.0,0.0,0.0,0.0,0.0,0.0,0.0,0.0,0.0,0.0,0.0,0.0,0.0,0.0,0.0
0.43156805599316755,0.41274895986041266,0.2624092237128676,0.1457479082957197,0.15239040969903808,0.2745577272173277,0.42079321230333566,0.22152484744400164,0.10350213694932653,0.13020686436842707,0.43178831727266853,0.19361777086713866,0.03285740617208202,0.05112643693289984,0.532822410159832,0.3053658830994491,0.08938941325356622,0.05031471407726467,0.7383139728825562,0.5500629130432773,0.30803977612029404,0.21894099480564294,1.0,0.7425804175598473,0.548579023707813,0.4834383330283131,0.12098615347759126,0.5479698561905252,0.0,0.3237536918906538,0.2901947701967916,0.0,0.0,0.0,0.0,0.0,0.0,0.0,0.0,0.0,0.03584354028278247,0.16940695883617155,0.2547178940503531,0.6868632351664739,0.0,0.0,0.0,0.0,0.0,0.0,0.0,0.0,0.0,0.0,0.0,0.0,0.0,0.0,0.0,0.0,0.06628883725677241,0.09533031215428782,0.0,0.0,0.0,0.0,0.0,0.0,0.0,0.0,0.0,0.0,0.0,0.0,0.0,0.0,0.0,0.0,0.0,0.0,0.0,0.141723024140924,0.07755200727823998,0.0,0.0,0.0,0.0,0.0
0.24916181938482035,0.2625070798398693,0.18643210698074902,0.10352537550293897,0.08569523689166286,0.14584640802087365,0.18620895629725534,0.0002715153223391224,0.0,0.0,0.1751161637146004,0.0,0.0,0.0,0.2971133386371277,0.09639233898390272,0.0,0.0,0.5469828850808875,0.48130789444211447,0.21788384283764464,0.0667689576721082,0.7425804175598473,1.0,0.7375044001434173,0.5545942316314781,0.07709729279800653,0.7344842977652806,0.0,0.49121111489293956,0.11982012941379518,0.0,0.0,0.0,0.0,0.0,0.0,0.0,0.0,0.0,0.0,0.25810601889734985,0.4850309382946207,0.4926843700667159,0.0,0.0,0.0,0.0,0.0,0.0,0.0,0.0,0.0,0.0,0.0,0.0,0.0,0.0,0.0,0.02397407709056169,0.25305135550490115,0.24177901185879952,0.0,0.0,0.0,0.0,0.0,0.0,0.0,0.0,0.0,0.0,0.0,0.0,0.0,0.0,0.0,0.0,0.0,0.0,0.0,0.24858585691189272,0.2699939901781883,0.0,0.0,0.0,0.0,0.0
0.06576857370685128,0.14588332289719103,0.10357338902325658,0.0,0.0,0.0,0.0,0.0,0.0,0.0,0.019972898661982888,0.0,0.0,0.0,0.2023173209633745,0.057754483358339506,0.0,0.0,0.47240430379050763,0.5489872501676735,0.30905175821608777,0.10367599925517212,0.548579023707813,0.7375044001434173,1.0,0.7454778532085972,0.0683219089954288,0.5430369644608628,0.0,0.3198813341880065,0.042813885518508295,0.0,0.0,0.0,0.0,0.0,0.0,0.0,0.0,0.0,0.1364625323168824,0.4914696311321336,0.6862552004965573,0.25614038040393755,0.0,0.0,0.0,0.0,0.0,0.0,0.0,0.0,0.0,0.0,0.0,0.14803230750285107,0.06166389426112584,0.0,0.0,0.11718250420723286,0.32986885166960056,0.36154836955151826,0.0,0.0,0.0,0.0,0.0,0.0,0.0,0.0,0.0,0.0,0.0,0.0,0.0,0.0,0.0,0.0,0.0,0.0,0.03378876395453135,0.3552919168754714,0.2837812704520519,0.0,0.0,0.0,0.0,0.0
0.03204274986343499,0.1524664152220818,0.08568361995759137,0.0,0.0,0.0,0.0,0.0,0.0,0.0,0.06694566909391639,0.0,0.0,0.0,0.29732351721149347,0.21493656123491192,0.0,0.0,0.5435480985720609,0.7375430223599144,0.5428764676330305,0.3141933362500571,0.4834383330283131,0.5545942316314781,0.7454778532085972,1.0,0.09435046781950371,0.31206304139386776,0.017476650256456717,0.07805027068226134,0.10812152980296919,0.0,0.0,0.0,0.0,0.0,0.0,0.0,0.0,0.03784119395317856,0.3900279343986462,0.6859243529402114,0.48946724701922406,0.17052579347444521,0.0,0.0,0.0,0.0,0.0,0.0,0.0,0.0,0.0,0.0,0.0,0.12914647101900723,0.1165132606045024,0.0,0.0,0.0,0.18283744513579947,0.2929241504071617,0.0,0.0,0.0,0.0,0.0,0.0,0.0,0.0,0.0,0.0,0.0,0.0,0.0,0.0,0.0,0.0,0.0,0.0,0.12909773151695597,0.32268468223250324,0.09330740450967406,0.0,0.0,0.0,0.0,0.0
0.30560957414829937,0.5479737347845636,0.7344831750087589,0.5430378275820644,0.312070231367737,0.21596976840972726,0.08083922558427245,0.0,0.0,0.0,0.012176343492352377,0.0,0.0,0.0,0.08010521645551617,0.0,0.0,0.0,0.1577143077332425,0.1322230343995161,0.020502329003648293,0.0,0.12098615347759126,0.07709729279800653,0.0683219089954288,0.09435046781950371,1.0,0.0,0.7567237442073771,0.0,0.39975318183984593,0.38933104465831236,0.03550821126209512,0.0,0.0,0.0,0.0,0.0,0.0,0.0,0.0,0.0,0.0,0.0,0.0,0.0,0.0,0.0,0.0,0.0,0.0,0.0,0.0,0.0,0.016533513029131416,0.2354697348087193,0.26145854879616826,0.06999866639825279,0.0,0.0,0.1717217648194336,0.3291934194083297,0.0,0.0,0.0,0.0,0.0,0.0,0.0,0.0,0.0,0.0,0.0,0.0,0.0,0.0,0.0,0.0,0.0,0.0,0.24791136078680345,0.3444083673332206,0.03998259232382872,0.0,0.0,0.0,0.0,0.0
0.15784950197479072,0.12110275761182554,0.07712895275816427,0.06830459484318123,0.09439160148609706,0.13234109619488293,0.08025301819675455,0.0,0.0,0.020670976027379905,0.012246408207593524,0.0,0.0,0.0,0.08086382811076027,0.0,0.0,0.0,0.30561489197239095,0.2159601138289154,0.0,0.0,0.5479698561905252,0.7344842977652806,0.5430369644608628,0.31206304139386776,0.0,1.0,0.0,0.7567252109353045,0.0,0.0,0.0,0.0,0.0,0.0,0.0,0.0,0.0,0.0,0.0,0.0355040153712434,0.38932781351803114,0.39973696496122035,0.0,0.0,0.0,0.0,0.0,0.0,0.0,0.0,0.0,0.0,0.0,0.0,0.0,0.0,0.0,0.06192104634400938,0.2552565169903423,0.1607182385292072,0.0,0.0,0.0,0.04606190634679946,0.0,0.0,0.0,0.0,0.0,0.0,0.0,0.0,0.0,0.0,0.0,0.0,0.0,0.0,0.0,0.11704498814740215,0.31777056062693904,0.06251380556790226,0.0,0.0,0.0,0.0
0.0716131295254252,0.32375596456436856,0.49120851778087166,0.31988164313979783,0.07805590807809,0.0,0.0,0.0,0.0,0.0,0.0,0.0,0.0,0.0,0.0,0.0,0.0,0.0,0.006745149960305425,0.035973104788070816,0.0,0.0,0.0,0.0,0.0,0.017476650256456717,0.7567237442073771,0.0,1.0,0.0,0.23312131819694173,0.22327442318618362,0.0,0.0,0.0,0.0,0.0,0.0,0.0,0.0,0.0,0.0,0.0,0.0,0.0,0.0,0.0,0.0,0.0,0.0,0.0,0.0425634072081934,0.0,0.0,0.07683637796892166,0.3050969174116675,0.3950600466187174,0.22866565072922898,0.0,0.0,0.11325981634441942,0.32333280975530043,0.0,0.0,0.0,0.0,0.0,0.0,0.0,0.0,0.0,0.0,0.0,0.0,0.0,0.0,0.0,0.0,0.0,0.05696478709501758,0.37529106056860184,0.31183831018725894,0.0,0.0,0.0,0.0,0.0,0.0
0.00689166464329388,0.0,0.0,0.0,0.017550083219015796,0.03611502101653627,0.0,0.0,0.0,0.0,0.0,0.0,0.0,0.0,0.0,0.0,0.0,0.0,0.07161868439410267,0.0,0.0,0.0,0.3237536918906538,0.49121111489293956,0.3198813341880065,0.07805027068226134,0.0,0.7567252109353045,0.0,1.0,0.0,0.0,0.0,0.0,0.0,0.0,0.0,0.0,0.0,0.0,0.0,0.0,0.22327078733936384,0.233105997074111,0.0,0.0,0.0,0.0,0.0,0.0,0.0,0.0,0.0,0.0,0.0,0.0,0.0,0.0,0.0,0.012309160978681562,0.17301317787200338,0.018406584812884444,0.0,0.0,0.0,0.05788516150223817,0.0,0.0,0.0,0.0,0.0,0.0,0.0,0.0,0.0,0.0,0.0,0.0,0.0,0.0,0.0,0.0,0.25653230046505293,0.10917494930048594,0.0,0.0,0.0,0.0
0.4860060592206328,0.6868687234791555,0.49269585890233075,0.2561484264692635,0.17053901345606515,0.254335848288,0.3759120641218828,0.12425945959229523,0.0,0.03155684382354724,0.3753782811429084,0.1508113068631812,0.0,0.0,0.4246394652429181,0.2706456069187909,0.09332666870597658,0.03742419849531793,0.39820846352821543,0.27218925470991584,0.1753202260713415,0.16884649506681587,0.2901947701967916,0.11982012941379518,0.042813885518508295,0.10812152980296919,0.39975318183984593,0.0,0.23312131819694173,0.0,1.0,0.0,0.0,0.0,0.0,0.0,0.0,0.0,0.0,0.0,0.0,0.0,0.0,0.16687083424427307,0.0,0.0,0.0,0.0,0.0,0.0,0.0,0.0,0.0,0.0,0.0,0.0,0.0,0.0,0.0,0.0,0.0,0.0,0.0,0.0,0.0,0.0,0.0,0.0,0.0,0.0,0.0,0.0,0.0,0.0,0.0,0.0,0.0,0.0,0.0,0.0,0.0,0.030221900606035444,0.0,0.0,0.0,0.0,0.0,0.0
0.15869161526558664,0.25471932951947845,0.485032983660491,0.6862562363061233,0.489465208565237,0.252938575527021,0.0,0.0,0.0,0.033121128596320326,0.0,0.0,0.0,0.0,0.0,0.0,0.0,0.0,0.0,0.0,0.0,0.0,0.0,0.0,0.0,0.0,0.38933104465831236,0.0,0.22327442318618362,0.0,0.0,1.0,0.40669266829402917,0.0,0.0,0.0,0.0,0.0,0.0,0.0,0.0,0.0,0.0,0.0,0.0,0.0,0.0,0.0,0.0,0.0,0.0,0.0,0.0,0.0,0.0,0.0,0.0,0.0,0.0,0.0,0.09906078521574235,0.11571538728611155,0.0,0.0,0.0,0.0,0.0,0.0,0.0,0.0,0.0,0.0,0.0,0.0,0.0,0.0,0.0,0.0,0.0,0.0,0.0,0.025187238006099084,0.0015699735463198384,0.0,0.0,0.0,0.0,0.0
0.25014299622271596,0.16941451086735754,0.2581138680736761,0.4914734174671517,0.6859237053047023,0.48746484745564794,0.0254775142008739,0.0,0.14190515758958272,0.39213121490649916,0.0,0.0,0.0,0.0,0.0,0.0,0.0,0.0,0.0,0.0,0.0,0.0,0.0,0.0,0.0,0.0,0.03550821126209512,0.0,0.0,0.0,0.0,0.40669266829402917,1.0,0.4191666720515124,0.0,0.0,0.0,0.0,0.0,0.0,0.0,0.0,0.0,0.0,0.0,0.0,0.0,0.0,0.0,0.0,0.0,0.0,0.0,0.0,0.0,0.0,0.0,0.0,0.0,0.0,0.0,0.0,0.0,0.0,0.0,0.0,0.0,0.0,0.0,0.0,0.0,0.0,0.0,0.0,0.0,0.0,0.0,0.0,0.0,0.0,0.0,0.0,0.0,0.0,0.0,0.0,0.0,0.0
0.24826651407944142,0.03585406795904689,0.0,0.13649960394969993,0.39006363061625887,0.48483306333761883,0.15642000213759422,0.25241138672518193,0.49192485682811044,0.6859460115508905,0.0,0.0,0.0,0.03565338955575878,0.0,0.0,0.0,0.0,0.0,0.0,0.0,0.0,0.0,0.0,0.0,0.0,0.0,0.0,0.0,0.0,0.0,0.0,0.4191666720515124,1.0,0.40868143286906405,0.0,0.0,0.0,0.0,0.0,0.0,0.0,0.0,0.0,0.0,0.0,0.0,0.0,0.0,0.0,0.0,0.0,0.0,0.0,0.0,0.0,0.0,0.0,0.0,0.0,0.0,0.0,0.0,0.0,0.0,0.0,0.0,0.0,0.0,0.0,0.0,0.0,0.0,0.0,0.0,0.0,0.0,0.0,0.0,0.0,0.0,0.0,0.0,0.0,0.0,0.0,0.0,0.0
0.16323938323844858,0.0,0.0,0.0,0.03786525206520391,0.25591854178319473,0.24991933424381155,0.4859540015658718,0.68585782906787,0.49262410392391903,0.03131848978619721,0.0,0.14254034917080302,0.39421387520687046,0.0,0.0,0.0,0.0,0.0,0.0,0.0,0.0,0.0,0.0,0.0,0.0,0.0,0.0,0.0,0.0,0.0,0.0,0.0,0.40868143286906405,1.0,0.4256502976575019,0.0,0.0,0.0,0.0,0.0,0.0,0.0,0.0,0.0,0.0,0.0,0.0,0.0,0.0,0.0,0.0,0.0,0.0,0.0,0.0,0.0,0.0,0.0,0.0,0.0,0.0,0.0,0.0,0.0,0.0,0.0,0.0,0.0,0.0,0.0,0.0,0.0,0.0,0.0,0.0,0.0,0.0,0.0,0.0,0.0,0.0,0.0,0.0,0.0,0.0,0.0,0.0
0.034553352022309206,0.0,0.0,0.0,0.0,0.0,0.2498164405315549,0.4857160566828295,0.3931666202931919,0.14238994479595854,0.16109971210780344,0.2546574774696774,0.49137827925307825,0.6859100534210204,0.0,0.0,0.0,0.035349509307819695,0.0,0.0,0.0,0.0,0.0,0.0,0.0,0.0,0.0,0.0,0.0,0.0,0.0,0.0,0.0,0.0,0.4256502976575019,1.0,0.40652616260786956,0.0,0.0,0.0,0.0,0.0,0.0,0.0,0.0,0.0,0.0,0.0,0.0,0.0,0.0,0.0,0.0,0.0,0.0,0.0,0.0,0.0,0.0,0.0,0.0,0.0,0.0,0.0,0.0,0.0,0.0,0.0,0.0,0.0,0.0,0.0,0.0,0.0,0.0,0.0,0.0,0.0,0.0,0.0,0.0,0.0,0.0,0.0,0.0,0.0,0.0,0.0
0.0,0.0,0.0,0.0,0.0,0.0,0.16284181797457398,0.25577043092390905,0.03658346960888576,0.0,0.24914525716641597,0.4862234589673983,0.6858870590772309,0.4914729611286634,0.03540590064367046,0.0,0.14154093278402827,0.39334813192103524,0.0,0.0,0.0,0.0,0.0,0.0,0.0,0.0,0.0,0.0,0.0,0.0,0.0,0.0,0.0,0.0,0.0,0.40652616260786956,1.0,0.42405216994521455,0.0,0.0,0.0,0.0,0.0,0.0,0.0,0.0,0.0,0.0,0.0,0.0,0.0,0.0,0.0,0.0,0.0,0.0,0.0,0.0,0.0,0.0,0.0,0.0,0.0,0.0,0.0,0.0,0.0,0.0,0.0,0.0,0.0,0.0,0.0,0.0,0.0,0.0,0.0,0.0,0.0,0.0,0.0,0.0,0.0,0.0,0.0,0.0,0.0,0.0
0.0,0.0,0.0,0.0,0.0,0.0,0.035382210104644644,0.0,0.0,0.0,0.2491460927515961,0.48622498071400705,0.3933459306765401,0.14154157863183808,0.1628551686809641,0.2557677793897836,0.49147201306354144,0.6858898693707106,0.0,0.0,0.0,0.036561911308065194,0.0,0.0,0.0,0.0,0.0,0.0,0.0,0.0,0.0,0.0,0.0,0.0,0.0,0.0,0.42405216994521455,1.0,0.40652579511271014,0.0,0.0,0.0,0.0,0.0,0.0,0.0,0.0,0.0,0.0,0.0,0.0,0.0,0.0,0.0,0.0,0.0,0.0,0.0,0.0,0.0,0.0,0.0,0.0,0.0,0.0,0.0,0.0,0.0,0.0,0.0,0.0,0.0,0.0,0.0,0.0,0.0,0.0,0.0,0.0,0.0,0.0,0.0,0.0,0.0,0.0,0.0,0.0,0.0
0.0,0.0,0.0,0.0,0.0,0.0,0.0,0.0,0.0,0.0,0.16110079859427237,0.25465939950927086,0.03534829853977404,0.0,0.24982222617595307,0.48571436997766854,0.6859157134074466,0.49137828567479724,0.034560489004015406,0.0,0.14235771716077517,0.3931349152710487,0.0,0.0,0.0,0.0,0.0,0.0,0.0,0.0,0.0,0.0,0.0,0.0,0.0,0.0,0.0,0.40652579511271014,1.0,0.42558700967871466,0.0,0.0,0.0,0.0,0.0,0.0,0.0,0.0,0.0,0.0,0.0,0.0,0.0,0.0,0.0,0.0,0.0,0.0,0.0,0.0,0.0,0.0,0.0,0.0,0.0,0.0,0.0,0.0,0.0,0.0,0.0,0.0,0.0,0.0,0.0,0.0,0.0,0.0,0.0,0.0,0.0,0.0,0.0,0.0,0.0,0.0,0.0,0.0
0.0,0.0,0.0,0.0,0.0,0.0,0.0,0.0,0.0,0.0,0.03131953965641579,0.0,0.0,0.0,0.24992482110721928,0.48595181565538587,0.394183365625845,0.1425062743713,0.16324483200287812,0.25590954502259444,0.49262123687613607,0.6858574820204975,0.0,0.0,0.0,0.03784119395317856,0.0,0.0,0.0,0.0,0.0,0.0,0.0,0.0,0.0,0.0,0.0,0.0,0.42558700967871466,1.0,0.4086830459658696,0.0,0.0,0.0,0.0,0.0,0.0,0.0,0.0,0.0,0.0,0.0,0.0,0.0,0.0,0.0,0.0,0.0,0.0,0.0,0.0,0.0,0.0,0.0,0.0,0.0,0.0,0.0,0.0,0.0,0.0,0.0,0.0,0.0,0.0,0.0,0.0,0.0,0.0,0.0,0.0,0.0,0.0,0.0,0.0,0.0,0.0,0.0
0.0,0.0,0.0,0.0,0.0,0.0,0.0,0.0,0.0,0.0,0.0,0.0,0.0,0.0,0.15643830588661428,0.2524120629777159,0.035632380728505934,0.0,0.24827131368236377,0.48482791421213967,0.6859442044283697,0.4919273449701912,0.03584354028278247,0.0,0.1364625323168824,0.3900279343986462,0.0,0.0,0.0,0.0,0.0,0.0,0.0,0.0,0.0,0.0,0.0,0.0,0.0,0.4086830459658696,1.0,0.4190950671805787,0.0,0.0,0.0,0.0,0.0,0.0,0.0,0.0,0.0,0.0,0.0,0.0,0.0,0.0,0.0,0.0,0.0,0.0,0.0,0.0,0.0,0.0,0.0,0.0,0.0,0.0,0.0,0.0,0.0,0.0,0.0,0.0,0.0,0.0,0.0,0.0,0.0,0.0,0.0,0.0,0.0,0.0,0.0,0.0,0.0,0.0
0.0,0.0,0.0,0.0,0.0,0.0,0.0,0.0,0.0,0.0,0.0,0.0,0.0,0.0,0.025487670713184585,0.0,0.0,0.0,0.2501501573184471,0.4874618019119,0.3920934118183154,0.14186984783978115,0.16940695883617155,0.25810601889734985,0.4914696311321336,0.6859243529402114,0.0,0.0355040153712434,0.0,0.0,0.0,0.0,0.0,0.0,0.0,0.0,0.0,0.0,0.0,0.0,0.4190950671805787,1.0,0.406697508986508,0.0,0.0,0.0,0.0,0.0,0.0,0.0,0.0,0.0,0.0,0.0,0.0,0.0654965515534841,0.08549456341156499,0.0,0.0,0.0,0.034100176448072755,0.20790828994777424,0.0,0.0,0.0,0.0,0.0,0.0,0.0,0.0,0.0,0.0,0.0,0.0,0.0,0.0,0.0,0.0,0.0,0.0,0.09025695615684498,0.2080488064904839,0.0,0.0,0.0,0.0,0.0,0.0
0.0,0.0,0.0,0.0,0.0,0.0,0.0,0.0,0.0,0.0,0.0,0.0,0.0,0.0,0.0,0.0,0.0,0.0,0.15870904433873204,0.2529386475198649,0.033099608085957445,0.0,0.2547178940503531,0.4850309382946207,0.6862552004965573,0.48946724701922406,0.0,0.38932781351803114,0.0,0.22327078733936384,0.0,0.0,0.0,0.0,0.0,0.0,0.0,0.0,0.0,0.0,0.0,0.406697508986508,1.0,0.0,0.0,0.0,0.0,0.0,0.0,0.0,0.0,0.0,0.0,0.0,0.0,0.11329217714261386,0.0,0.0,0.0,0.168273521899827,0.38746965200841466,0.3720521239007993,0.0,0.0,0.0,0.03812332719830451,0.0,0.0,0.0,0.0,0.0,0.0,0.0,0.0,0.0,0.0,0.0,0.0,0.0,0.0,0.0,0.28157994237291,0.3040212446136678,0.0,0.0,0.0,0.0,0.0
0.3981954339716708,0.2901325775819644,0.1196706800078091,0.04262203342969899,0.10798055780908183,0.27213202103310974,0.4247373987793416,0.27081067784325313,0.16897473431815738,0.17533307027289208,0.3754496728236121,0.1509364237959373,0.03760047767545583,0.09353071735335032,0.37594338698982016,0.12430500894535411,0.0,0.0,0.48600330425099764,0.2543257172365808,0.03156509694387283,0.0,0.6868632351664739,0.4926843700667159,0.25614038040393755,0.17052579347444521,0.0,0.39973696496122035,0.0,0.233105997074111,0.16687083424427307,0.0,0.0,0.0,0.0,0.0,0.0,0.0,0.0,0.0,0.0,0.0,0.0,1.0,0.0,0.0,0.0,0.0,0.0,0.0,0.0,0.0,0.0,0.0,0.0,0.0,0.0,0.0,0.0,0.0,0.0,0.0,0.0,0.0,0.0,0.0,0.0,0.0,0.0,0.0,0.0,0.0,0.0,0.0,0.0,0.0,0.0,0.0,0.0,0.0,0.0,0.0,0.0,0.0,0.0,0.0,0.0,0.0
0.0,0.0,0.0,0.0,0.0,0.0,0.0,0.0,0.0,0.0,0.0,0.0,0.0,0.0,0.0,0.0,0.0,0.0,0.0,0.0,0.0,0.0,0.0,0.0,0.0,0.0,0.0,0.0,0.0,0.0,0.0,0.0,0.0,0.0,0.0,0.0,0.0,0.0,0.0,0.0,0.0,0.0,0.0,0.0,1.0,0.7383101837331237,0.5469745995244542,0.47238591872092994,0.5435383589063774,0.7350213000600254,0.729818810814461,0.5455442713475747,0.477178252344711,0.5420659115460223,0.5221499540318574,0.2988394266615379,0.21485714238656778,0.3048852619281681,0.4077824480204645,0.17138843132899398,0.038254243179621165,0.0837789652145614,0.3838905348332106,0.16166055151863398,0.0,0.0,0.43156805599316717,0.24916181938482035,0.06576857370685112,0.032042749863434826,0.3056095741482997,0.1578495019747904,0.0716131295254252,0.006891664643293716,0.4860060592206328,0.15869161526558656,0.25014299622271596,0.24826651407944175,0.16323938323844833,0.03455335202230954,0.0,0.0,0.0,0.0,0.0,0.0,0.0,0.39819543397167045
0.0,0.0,0.0,0.0,0.0,0.0,0.0,0.0,0.0,0.0,0.0,0.0,0.0,0.0,0.0,0.0,0.0,0.0,0.0,0.0,0.0,0.0,0.0,0.0,0.0,0.0,0.0,0.0,0.0,0.0,0.0,0.0,0.0,0.0,0.0,0.0,0.0,0.0,0.0,0.0,0.0,0.0,0.0,0.0,0.7383101837331237,1.0,0.7425828503076629,0.5485779887434068,0.483446571124113,0.5500722501077382,0.5327934271008691,0.30533965313284067,0.2189255819814229,0.30803930891522774,0.4317203741414688,0.1935270045692458,0.050241427142314526,0.0893427457924069,0.4206840808220761,0.22137477595144847,0.05095981370220032,0.032725382770333565,0.43152327109543365,0.27455258250327014,0.1301535887287687,0.10336954758221889,0.41274895986041227,0.2625070798398695,0.14588332289719103,0.15246641522208162,0.547973734784564,0.12110275761182554,0.32375596456436856,0.0,0.6868687234791554,0.25471932951947845,0.16941451086735754,0.035854067959047047,0.0,0.0,0.0,0.0,0.0,0.0,0.0,0.0,0.0,0.2901325775819642
0.0,0.0,0.0,0.0,0.0,0.0,0.0,0.0,0.0,0.0,0.0,0.0,0.0,0.0,0.0,0.0,0.0,0.0,0.0,0.0,0.0,0.0,0.0,0.0,0.0,0.0,0.0,0.0,0.0,0.0,0.0,0.0,0.0,0.0,0.0,0.0,0.0,0.0,0.0,0.0,0.0,0.0,0.0,0.0,0.5469745995244542,0.7425828503076629,1.0,0.7375052029546924,0.5546041638157575,0.481318857926674,0.2970871463349837,0.09637941644338653,0.06676799489375108,0.21789752505691068,0.17504557986884503,0.0,0.0,0.0,0.1860701402496379,8.863336466514016e-05,0.0,0.0,0.24904315663033058,0.14575734820735217,0.0,0.0,0.2624092237128673,0.1864321069807492,0.10357338902325641,0.08568361995759104,0.7344831750087589,0.07712895275816427,0.49120851778087177,0.0,0.4926958589023305,0.485032983660491,0.2581138680736761,0.0,0.0,0.0,0.0,0.0,0.0,0.0,0.0,0.0,0.0,0.11967068000780877
0.0,0.0,0.0,0.0,0.0,0.0,0.0,0.0,0.0,0.0,0.0,0.0,0.0,0.0,0.0,0.0,0.0,0.0,0.0,0.0,0.0,0.0,0.0,0.0,0.0,0.0,0.0,0.0,0.0,0.0,0.0,0.0,0.0,0.0,0.0,0.0,0.0,0.0,0.0,0.0,0.0,0.0,0.0,0.0,0.47238591872092994,0.5485779887434068,0.7375052029546924,1.0,0.7454812399310744,0.5489892044213376,0.20228782074855012,0.057750892521116384,0.1036846174411074,0.3090710856262202,0.019901181975456705,0.0,0.0,0.0,0.0,0.0,0.0,0.0,0.06563126885598446,0.0,0.0,0.0,0.1457479082957194,0.10352537550293914,0.0,0.0,0.5430378275820644,0.06830459484318123,0.31988164313979806,0.0,0.25614842646926334,0.6862562363061233,0.49147341746715156,0.13649960394969976,0.0,0.0,0.0,0.0,0.0,0.0,0.0,0.0,0.0,0.04262203342969882
0.0,0.0,0.0,0.0,0.0,0.0,0.0,0.0,0.0,0.0,0.0,0.0,0.0,0.0,0.0,0.0,0.0,0.0,0.0,0.0,0.0,0.0,0.0,0.0,0.0,0.0,0.0,0.0,0.0,0.0,0.0,0.0,0.0,0.0,0.0,0.0,0.0,0.0,0.0,0.0,0.0,0.0,0.0,0.0,0.5435383589063774,0.483446571124113,0.5546041638157575,0.7454812399310744,1.0,0.737545266457336,0.29730707128552286,0.21494838707107214,0.3142124709327407,0.5429006972717746,0.06689626204207651,0.0,0.0,0.0,0.0,0.0,0.0,0.0,0.03195775473151406,0.0,0.0,0.0,0.15239040969903792,0.08569523689166286,0.0,0.0,0.312070231367737,0.09439160148609706,0.07805590807809017,0.017550083219015796,0.17053901345606498,0.4894652085652371,0.6859237053047023,0.39006363061625887,0.037865252065203574,0.0,0.0,0.0,0.0,0.0,0.0,0.0,0.0,0.1079805578090815
0.0,0.0,0.0,0.0,0.0,0.0,0.0,0.0,0.0,0.0,0.0,0.0,0.0,0.0,0.0,0.0,0.0,0.0,0.0,0.0,0.0,0.0,0.0,0.0,0.0,0.0,0.0,0.0,0.0,0.0,0.0,0.0,0.0,0.0,0.0,0.0,0.0,0.0,0.0,0.0,0.0,0.0,0.0,0.0,0.7350213000600254,0.5500722501077382,0.481318857926674,0.5489892044213376,0.737545266457336,1.0,0.5375659668905779,0.47660677648718514,0.5524565023669835,0.7354903249114843,0.28585954818500997,0.08633975812501384,0.06058967989720391,0.2150708769633286,0.15348392531611296,0.0,0.0,0.0,0.16163498187566952,0.0,0.0,0.0,0.2745577272173277,0.14584640802087395,0.0,0.0,0.2159697684097274,0.13234109619488293,0.0,0.03611502101653627,0.25433584828800015,0.25293857552702076,0.4874648474556476,0.4848330633376189,0.2559185417831945,0.0,0.0,0.0,0.0,0.0,0.0,0.0,0.0,0.2721320210331098
0.0,0.0,0.0,0.0,0.0,0.0,0.0,0.0,0.0,0.0,0.0,0.0,0.0,0.0,0.0,0.0,0.0,0.0,0.0,0.0,0.0,0.0,0.0,0.0,0.0,0.0,0.0,0.0,0.0,0.0,0.0,0.0,0.0,0.0,0.0,0.0,0.0,0.0,0.0,0.0,0.0,0.0,0.0,0.0,0.729818810814461,0.5327934271008691,0.2970871463349837,0.20228782074855012,0.29730707128552286,0.5375659668905779,1.0,0.7368510476816573,0.5418849213251552,0.47019163748164977,0.7308256621188953,0.5451720541564833,0.4764104879992717,0.5430518789026669,0.5198644742913405,0.2935161319650767,0.21182302352256663,0.30479142115011143,0.40783662138010235,0.15354374484427763,0.017385780555359,0.07142679482356419,0.4207932123033356,0.18620895629725534,0.0,0.0,0.08083922558427278,0.0802530181967544,0.0,0.0,0.375912064121883,0.0,0.02547751420087357,0.15642000213759422,0.24991933424381121,0.24981644053155508,0.16284181797457398,0.03538221010464481,0.0,0.0,0.0,0.0,0.0,0.4247373987793416
0.0,0.0,0.0,0.0,0.0,0.0,0.0,0.0,0.0,0.0,0.0,0.0,0.0,0.0,0.0,0.0,0.0,0.0,0.0,0.0,0.0,0.0,0.0,0.0,0.0,0.0,0.0,0.0,0.0425634072081934,0.0,0.0,0.0,0.0,0.0,0.0,0.0,0.0,0.0,0.0,0.0,0.0,0.0,0.0,0.0,0.5455442713475747,0.30533965313284067,0.09637941644338653,0.057750892521116384,0.21494838707107214,0.47660677648718514,0.7368510476816573,1.0,0.7348719395012017,0.5487942268345949,0.5433998474191765,0.47900458589604406,0.5523412914351175,0.7361488874676974,0.2935370506355199,0.08718839055756548,0.05937129575363532,0.215969590265284,0.17146582288526693,0.0,0.0,0.0,0.22152484744400164,0.0002715153223392869,0.0,0.0,0.0,0.0,0.0,0.0,0.12425945959229538,0.0,0.0,0.25241138672518226,0.4859540015658717,0.4857160566828296,0.2557704309239087,0.0,0.0,0.0,0.0,0.0,0.0,0.2708106778432532
0.0,0.0,0.0,0.0,0.0,0.0,0.0,0.0,0.0,0.0,0.0,0.0,0.0,0.0,0.0,0.0,0.0,0.0,0.0,0.0,0.0,0.0,0.0,0.0,0.0,0.0,0.0,0.0,0.0,0.0,0.0,0.0,0.0,0.0,0.0,0.0,0.0,0.0,0.0,0.0,0.0,0.0,0.0,0.0,0.477178252344711,0.2189255819814229,0.06676799489375108,0.1036846174411074,0.3142124709327407,0.5524565023669835,0.5418849213251552,0.7348719395012017,1.0,0.7479085700586736,0.2998859173254757,0.2139650113394265,0.312433578342615,0.5431685990833407,0.07143303951198816,0.0,0.0,0.0,0.0,0.0,0.0,0.0,0.10350213694932653,0.0,0.0,0.0,0.0,0.0,0.0,0.0,0.0,0.0,0.1419051575895824,0.49192485682811044,0.6858578290678697,0.3931666202931922,0.03658346960888576,0.0,0.0,0.0,0.0,0.0,0.0,0.16897473431815754
0.0,0.0,0.0,0.0,0.0,0.0,0.0,0.0,0.0,0.0,0.0,0.0,0.0,0.0,0.0,0.0,0.0,0.0,0.0,0.0,0.0,0.0,0.0,0.0,0.0,0.0,0.0,0.0,0.0,0.0,0.0,0.0,0.0,0.0,0.0,0.0,0.0,0.0,0.0,0.0,0.0,0.0,0.0,0.0,0.5420659115460223,0.30803930891522774,0.21789752505691068,0.3090710856262202,0.5429006972717746,0.7354903249114843,0.47019163748164977,0.5487942268345949,0.7479085700586736,1.0,0.20244426818328048,0.05571794272497008,0.10311639670520602,0.3114755307302711,0.017348838674202918,0.0,0.0,0.0,0.0,0.0,0.0,0.0,0.13020686436842707,0.0,0.0,0.0,0.0,0.020670976027380068,0.0,0.0,0.031556843823547405,0.033121128596319833,0.3921312149064986,0.6859460115508905,0.4926241039239192,0.14238994479595904,0.0,0.0,0.0,0.0,0.0,0.0,0.0,0.1753330702728924
