1.0,0.7383101837331238,0.5469745995244542,0.47238591872093005,0.5435383589063773,0.7350213000600251,0.7298188108144611,0.5455442713475745,0.47717825234471095,0.5420659115460222,0.5221499540318574,0.2988394266615378,0.21485714238656844,0.3048852619281686,0.40778244802046454,0.17138843132899398,0.03825424317962133,0.08377896521456205,0.38389053483321095,0.16166055151863398,0.0,0.0,0.43156805599316755,0.24916181938482035,0.06576857370685128,0.03204274986343499,0.30560957414829937,0.15784950197479072,0.0716131295254252,0.00689166464329388,0.4860060592206328,0.15869161526558664,0.25014299622271596,0.24826651407944142,0.16323938323844858,0.034553352022309206,0.0,0.0,0.0,0.0,0.0,0.0,0.0,0.3981954339716708,0.0,0.0,0.0,0.0,0.0,0.0,0.0,0.0,0.0,0.0,0.0,0.0,0.0,0.0,0.0,0.0,0.0,0.0,0.0,0.0,0.0849413197040426,0.08294733216611737,0.0,0.0,0.0,0.0,0.0,0.0,0.0,0.0,0.0,0.0,0.0,0.0,0.0,0.0,0.0,0.0,0.0,0.02858005757233096,0.035933414438365036,0.0,0.0,0.0
0.7383101837331238,1.0,0.7425828503076629,0.5485779887434068,0.4834465711241129,0.550072250107738,0.5327934271008693,0.30533965313284067,0.2189255819814229,0.3080393089152278,0.4317203741414688,0.1935270045692458,0.050241427142315186,0.08934274579240757,0.4206840808220761,0.22137477595144847,0.050959813702200644,0.032725382770334224,0.431523271095434,0.27455258250326997,0.1301535887287687,0.10336954758221889,0.41274895986041266,0.2625070798398693,0.14588332289719103,0.1524664152220818,0.5479737347845636,0.12110275761182554,0.32375596456436856,0.0,0.6868687234791555,0.25471932951947845,0.16941451086735754,0.03585406795904689,0.0,0.0,0.0,0.0,0.0,0.0,0.0,0.0,0.0,0.2901325775819644,0.0,0.0,0.0,0.0,0.0,0.0,0.0,0.0,0.0,0.0,0.0,0.0,0.0,0.0,0.0,0.0,0.0,0.0,0.0,0.0,0.0,0.0,0.0,0.0,0.0,0.0,0.0,0.0,0.0,0.0,0.0,0.0,0.0,0.0,0.0,0.0,0.0,0.0,0.0,0.0,0.0,0.0,0.0,0.0
0.5469745995244542,0.7425828503076629,1.0,0.7375052029546922,0.5546041638157575,0.481318857926674,0.29708714633498384,0.09637941644338653,0.06676799489375108,0.21789752505691085,0.17504557986884503,0.0,0.0,0.0,0.1860701402496379,8.863336466514016e-05,0.0,0.0,0.2490431566303309,0.145757348207352,0.0,0.0,0.2624092237128676,0.18643210698074902,0.10357338902325658,0.08568361995759137,0.7344831750087589,0.07712895275816427,0.49120851778087166,0.0,0.49269585890233075,0.485032983660491,0.2581138680736761,0.0,0.0,0.0,0.0,0.0,0.0,0.0,0.0,0.0,0.0,0.1196706800078091,0.0,0.0,0.0,0.0,0.0,0.0,0.0,0.0,0.0,0.0,0.0,0.0,0.0,0.0,0.0,0.0,0.0,0.0,0.0,0.0,0.0,0.0,0.0,0.0,0.0,0.0,0.0,0.0,0.0,0.0,0.0,0.0,0.0,0.0,0.0,0.0,0.0,0.0,0.0,0.0,0.0,0.0,0.0,0.0
0.47238591872093005,0.5485779887434068,0.7375052029546922,1.0,0.7454812399310746,0.5489892044213378,0.20228782074855042,0.05775089252111655,0.10368461744110756,0.3090710856262207,0.019901181975456705,0.0,0.0,0.0,0.0,0.0,0.0,0.0,0.06563126885598479,0.0,0.0,0.0,0.1457479082957197,0.10352537550293897,0.0,0.0,0.5430378275820644,0.06830459484318123,0.31988164313979783,0.0,0.2561484264692635,0.6862562363061233,0.4914734174671517,0.13649960394969993,0.0,0.0,0.0,0.0,0.0,0.0,0.0,0.0,0.0,0.04262203342969899,0.0,0.0,0.0,0.0,0.0,0.0,0.0,0.0,0.0,0.0,0.0,0.0,0.0,0.0,0.0,0.0,0.0,0.0,0.0,0.0,0.0,0.0,0.0,0.0,0.0,0.0,0.0,0.0,0.13258485546154616,0.0,0.0,0.0,0.0,0.0,0.0,0.0,0.0,0.0,0.0,0.0,0.0,0.0,0.0,0.0
0.5435383589063773,0.4834465711241129,0.5546041638157575,0.7454812399310746,1.0,0.7375452664573363,0.2973070712855232,0.21494838707107214,0.3142124709327409,0.5429006972717751,0.06689626204207634,0.0,0.0,0.0,0.0,0.0,0.0,0.0,0.03195775473151439,0.0,0.0,0.0,0.15239040969903808,0.08569523689166286,0.0,0.0,0.312070231367737,0.09439160148609706,0.07805590807809,0.017550083219015796,0.17053901345606515,0.489465208565237,0.6859237053047023,0.39006363061625887,0.03786525206520391,0.0,0.0,0.0,0.0,0.0,0.0,0.0,0.0,0.10798055780908183,0.0,0.0,0.0,0.0,0.0,0.0,0.0,0.0,0.0,0.0,0.0,0.0,0.0,0.0,0.0,0.0,0.0,0.0,0.0,0.0,0.0,0.0,0.0,0.0,0.0,0.0,0.19123187949618173,0.0,0.3399330050595173,0.0,0.0,0.0,0.0,0.0,0.0,0.0,0.0,0.0,0.0,0.0,0.0,0.0,0.0,0.0
0.7350213000600251,0.550072250107738,0.481318857926674,0.5489892044213378,0.7375452664573363,1.0,0.5375659668905779,0.4766067764871848,0.5524565023669835,0.7354903249114846,0.28585954818500964,0.08633975812501352,0.060589679897204075,0.21507087696332894,0.1534839253161128,0.0,0.0,0.0,0.16163498187566952,0.0,0.0,0.0,0.2745577272173277,0.14584640802087365,0.0,0.0,0.21596976840972726,0.13234109619488293,0.0,0.03611502101653627,0.254335848288,0.252938575527021,0.48746484745564794,0.48483306333761883,0.25591854178319473,0.0,0.0,0.0,0.0,0.0,0.0,0.0,0.0,0.27213202103310974,0.0,0.0,0.0,0.0,0.0,0.0,0.0,0.0,0.0,0.0,0.0,0.0,0.0,0.0,0.0,0.0,0.0,0.0,0.0,0.009926160034575322,0.13535933554882773,0.10728366794546287,0.0,0.0,0.0,0.0,0.1543519766734278,0.0,0.25198000835600437,0.0,0.0,0.0,0.0,0.0,0.0,0.0,0.0,0.0,0.0,0.0,0.05148957310514025,0.0,0.0,0.0
0.7298188108144611,0.5327934271008693,0.29708714633498384,0.20228782074855042,0.2973070712855232,0.5375659668905779,1.0,0.7368510476816573,0.5418849213251552,0.47019163748164977,0.7308256621188949,0.545172054156483,0.47641048799927194,0.5430518789026673,0.5198644742913404,0.2935161319650763,0.21182302352256646,0.3047914211501116,0.40783662138010235,0.1535437448442773,0.017385780555359,0.07142679482356402,0.42079321230333566,0.18620895629725534,0.0,0.0,0.08083922558427245,0.08025301819675455,0.0,0.0,0.3759120641218828,0.0,0.0254775142008739,0.15642000213759422,0.24991933424381155,0.2498164405315549,0.16284181797457398,0.035382210104644644,0.0,0.0,0.0,0.0,0.0,0.4247373987793416,0.0,0.0,0.0,0.0,0.0,0.0,0.0,0.0,0.0,0.0,0.0,0.0,0.0,0.0,0.0,0.05367536617516371,0.0,0.0,0.0,0.0,0.15941469506534645,0.21946130356599336,0.0,0.0,0.0,0.0,0.0,0.0,0.0,0.0,0.0,0.0,0.0,0.0,0.0,0.0,0.0,0.0,0.0,0.2113809381115107,0.09393320200368172,0.0,0.0,0.0
0.5455442713475745,0.30533965313284067,0.09637941644338653,0.05775089252111655,0.21494838707107214,0.4766067764871848,0.7368510476816573,1.0,0.7348719395012013,0.5487942268345943,0.5433998474191765,0.47900458589604406,0.5523412914351181,0.7361488874676979,0.29353705063552005,0.08718839055756548,0.059371295753635485,0.2159695902652845,0.17146582288526693,0.0,0.0,0.0,0.22152484744400164,0.0002715153223391224,0.0,0.0,0.0,0.0,0.0,0.0,0.12425945959229523,0.0,0.0,0.25241138672518193,0.4859540015658718,0.4857160566828295,0.25577043092390905,0.0,0.0,0.0,0.0,0.0,0.0,0.27081067784325313,0.0,0.0,0.0,0.0,0.0,0.0,0.0,0.0,0.0,0.0,0.0,0.0,0.0,0.0,0.07162326183786645,0.25483956834733307,0.21588896053227408,0.009515170752710266,0.0,0.039800576289434814,0.24447924893284856,0.3632939466408993,0.0,0.0,0.0,0.0,0.0,0.0,0.0,0.0,0.0,0.0,0.0,0.0,0.0,0.0,0.0,0.0,0.16245782275411935,0.338461445614398,0.11426614683774705,0.0,0.0,0.0
0.47717825234471095,0.2189255819814229,0.06676799489375108,0.10368461744110756,0.3142124709327409,0.5524565023669835,0.5418849213251552,0.7348719395012013,1.0,0.7479085700586733,0.2998859173254755,0.21396501133942616,0.3124335783426153,0.5431685990833409,0.071433039511988,0.0,0.0,0.0,0.0,0.0,0.0,0.0,0.10350213694932653,0.0,0.0,0.0,0.0,0.0,0.0,0.0,0.0,0.0,0.14190515758958272,0.49192485682811044,0.68585782906787,0.3931666202931919,0.03658346960888576,0.0,0.0,0.0,0.0,0.0,0.0,0.16897473431815738,0.0,0.1385289672251194,0.0330442794635908,0.0,0.0,0.0,0.0,0.0,0.0,0.0,0.08594536437511652,0.001942651915585345,0.0,0.0,0.22155821828645858,0.3398639853895499,0.2557959751602234,0.07953857827255385,0.118431789888953,0.16081891848143437,0.304687505347396,0.394520569609593,0.0,0.0,0.0,0.0,0.12421540507184219,0.0,0.11420090659321591,0.0,0.21500649485829357,0.0,0.0,0.0,0.0,0.0,0.0,0.0,0.132886532298816,0.2836385587444047,0.13131155696761002,0.0,0.0,0.0
0.5420659115460222,0.3080393089152278,0.21789752505691085,0.3090710856262207,0.5429006972717751,0.7354903249114846,0.47019163748164977,0.5487942268345943,0.7479085700586733,1.0,0.20244426818327999,0.05571794272496959,0.10311639670520618,0.3114755307302711,0.017348838674202588,0.0,0.0,0.0,0.0,0.0,0.0,0.0,0.13020686436842707,0.0,0.0,0.0,0.0,0.020670976027379905,0.0,0.0,0.03155684382354724,0.033121128596320326,0.39213121490649916,0.6859460115508905,0.49262410392391903,0.14238994479595854,0.0,0.0,0.0,0.0,0.0,0.0,0.0,0.17533307027289208,0.0,0.1845430740949489,0.1456751334484041,0.0,0.0,0.0,0.0,0.0,0.0,0.0,0.0,0.0,0.0,0.0,0.12624739288790343,0.18677038955447242,0.05198384651401071,0.0,0.08694656987665064,0.15439581177149522,0.2557362988894724,0.26269018907644903,0.0,0.0,0.0,0.008334749045430832,0.2948190082033379,0.0,0.32912306962612253,0.0,0.23688017999531696,0.0,0.0,0.0,0.0,0.0,0.0,0.0,0.0,0.11764742591233592,0.1097066912603337,0.0,0.0,0.0
0.5221499540318574,0.4317203741414688,0.17504557986884503,0.019901181975456705,0.06689626204207634,0.28585954818500964,0.7308256621188949,0.5433998474191765,0.2998859173254755,0.20244426818327999,1.0,0.7354327964742932,0.5421426695665045,0.4746557826594304,0.7308368711460824,0.5434004490629163,0.47465168728056206,0.5421421350495903,0.5221861509596297,0.2858941791963233,0.2024762877669371,0.2998947978541802,0.43178831727266853,0.1751161637146004,0.019972898661982888,0.06694566909391639,0.012176343492352377,0.012246408207593524,0.0,0.0,0.3753782811429084,0.0,0.0,0.0,0.03131848978619721,0.16109971210780344,0.24914525716641597,0.2491460927515961,0.16110079859427237,0.03131953965641579,0.0,0.0,0.0,0.3754496728236121,0.0,0.0,0.0,0.0,0.0,0.0,0.0,0.0,0.0,0.0,0.0,0.0,0.0,0.0,0.0,0.0,0.0,0.0,0.0,0.0,0.026086057256442363,0.10080530528149195,0.0,0.0,0.0,0.0,0.0,0.0,0.0,0.0,0.0,0.0,0.0,0.0,0.0,0.0,0.0,0.0,0.0,0.1399161313805073,0.0,0.0,0.0,0.0
0.2988394266615378,0.1935270045692458,0.0,0.0,0.0,0.08633975812501352,0.545172054156483,0.47900458589604406,0.21396501133942616,0.05571794272496959,0.7354327964742932,1.0,0.7361589910101919,0.5512995649138863,0.545187366043427,0.47900443849953067,0.5512966900626146,0.7361602265914592,0.2988786936479665,0.08636221580336964,0.05573264499355686,0.21396197017285887,0.19361777086713866,0.0,0.0,0.0,0.0,0.0,0.0,0.0,0.1508113068631812,0.0,0.0,0.0,0.0,0.2546574774696774,0.4862234589673983,0.48622498071400705,0.25465939950927086,0.0,0.0,0.0,0.0,0.1509364237959373,0.0,0.0,0.0,0.0,0.0,0.0,0.0,0.0,0.0,0.0,0.0,0.0,0.0,0.0,0.0,0.0,0.0,0.0,0.0,0.0,0.0,0.04956416799749884,0.0,0.0,0.0,0.0,0.0,0.0,0.0,0.0,0.0,0.0,0.0,0.0,0.0,0.0,0.0,0.0,0.0,0.11442235243343497,0.0,0.0,0.0,0.0
0.21485714238656844,0.050241427142315186,0.0,0.0,0.0,0.060589679897204075,0.47641048799927194,0.5523412914351181,0.3124335783426153,0.10311639670520618,0.5421426695665045,0.7361589910101919,1.0,0.7473503465671635,0.3048146061014739,0.21597289192524952,0.3119604543289668,0.5435016381925477,0.08384067929532003,0.0,0.0,0.0,0.03285740617208202,0.0,0.0,0.0,0.0,0.0,0.0,0.0,0.0,0.0,0.0,0.0,0.14254034917080302,0.49137827925307825,0.6858870590772309,0.3933459306765401,0.03534829853977404,0.0,0.0,0.0,0.0,0.03760047767545583,0.0,0.0,0.0,0.0,0.0,0.0,0.0,0.0,0.0,0.0,0.0,0.0,0.0,0.0,0.0,0.05891453398524724,0.13261860006660783,0.0,0.0,0.0,0.0,0.1506040042051499,0.0,0.0,0.0,0.0,0.0,0.0,0.0,0.0,0.0,0.0,0.0,0.0,0.0,0.0,0.0,0.0,0.17343080946905987,0.2061956361191175,0.0,0.0,0.0,0.0
0.3048852619281686,0.08934274579240757,0.0,0.0,0.0,0.21507087696332894,0.5430518789026673,0.7361488874676979,0.5431685990833409,0.3114755307302711,0.4746557826594304,0.5512995649138863,0.7473503465671635,1.0,0.21185667105063527,0.059383644499278646,0.10276909560465342,0.3119643897693426,0.03834129942211122,0.0,0.0,0.0,0.05112643693289984,0.0,0.0,0.0,0.0,0.0,0.0,0.0,0.0,0.0,0.0,0.03565338955575878,0.39421387520687046,0.6859100534210204,0.4914729611286634,0.14154157863183808,0.0,0.0,0.0,0.0,0.0,0.09353071735335032,0.0,0.0,0.0,0.0,0.0,0.0,0.0,0.0,0.0,0.0,0.0,0.0,0.0,0.0,0.03705045794307888,0.25830828018117563,0.3083501585270916,0.1150943784955569,0.0,0.0,0.1377395757076701,0.3226991279251842,0.0,0.0,0.0,0.0,0.0,0.0,0.0,0.0,0.0,0.0,0.0,0.0,0.0,0.0,0.0,0.0,0.30696516172736954,0.3388590317350684,0.0,0.0,0.0,0.0
0.40778244802046454,0.4206840808220761,0.1860701402496379,0.0,0.0,0.1534839253161128,0.5198644742913404,0.29353705063552005,0.071433039511988,0.017348838674202588,0.7308368711460824,0.545187366043427,0.3048146061014739,0.21185667105063527,1.0,0.7368522196076669,0.5430547166786941,0.4764192653308368,0.7298304919676555,0.5375773107063256,0.47021106054829387,0.5418927239855867,0.532822410159832,0.2971133386371277,0.2023173209633745,0.29732351721149347,0.08010521645551617,0.08086382811076027,0.0,0.0,0.4246394652429181,0.0,0.0,0.0,0.0,0.0,0.03540590064367046,0.1628551686809641,0.24982222617595307,0.24992482110721928,0.15643830588661428,0.025487670713184585,0.0,0.37594338698982016,0.0,0.0,0.0,0.0,0.0,0.0,0.0,0.0,0.0,0.0,0.0,0.0,0.0,0.0,0.0,0.0,0.0,0.0,0.0,0.0,0.0,0.0,0.0,0.0,0.0,0.0,0.0,0.0,0.0,0.0,0.0,0.0,0.0,0.0,0.0,0.0,0.0,0.0,0.0,0.0,0.0,0.0,0.0,0.0
0.17138843132899398,0.22137477595144847,8.863336466514016e-05,0.0,0.0,0.0,0.2935161319650763,0.08718839055756548,0.0,0.0,0.5434004490629163,0.47900443849953067,0.21597289192524952,0.059383644499278646,0.7368522196076669,1.0,0.7361436465600047,0.552335132809524,0.5455482018792399,0.47659742736626803,0.5487947165893613,0.7348695165358496,0.3053658830994491,0.09639233898390272,0.057754483358339506,0.21493656123491192,0.0,0.0,0.0,0.0,0.2706456069187909,0.0,0.0,0.0,0.0,0.0,0.0,0.2557677793897836,0.48571436997766854,0.48595181565538587,0.2524120629777159,0.0,0.0,0.12430500894535411,0.0,0.0,0.0,0.0,0.0,0.0,0.0,0.0,0.0,0.0,0.0,0.0,0.0,0.0,0.0,0.0,0.0,0.0,0.0,0.0,0.0,0.0,0.0,0.0,0.0,0.0,0.0,0.0,0.0,0.0,0.0,0.0,0.0,0.0,0.0,0.0,0.0,0.0,0.0,0.0,0.0,0.0,0.0,0.0
0.03825424317962133,0.050959813702200644,0.0,0.0,0.0,0.0,0.21182302352256646,0.059371295753635485,0.0,0.0,0.47465168728056206,0.5512966900626146,0.3119604543289668,0.10276909560465342,0.5430547166786941,0.7361436465600047,1.0,0.747345786338389,0.304894356785432,0.21505488982459922,0.3114581759685653,0.5431465959375331,0.08938941325356622,0.0,0.0,0.0,0.0,0.0,0.0,0.0,0.09332666870597658,0.0,0.0,0.0,0.0,0.0,0.14154093278402827,0.49147201306354144,0.6859157134074466,0.394183365625845,0.035632380728505934,0.0,0.0,0.0,0.0,0.0,0.0,0.0,0.0,0.0,0.0,0.0,0.0,0.0,0.0,0.0,0.0,0.0,0.0,0.0,0.0,0.0,0.0,0.0,0.0,0.0,0.0,0.0,0.0,0.0,0.0,0.0,0.0,0.0,0.0,0.0,0.0,0.0,0.0,0.0,0.0,0.0,0.0,0.0,0.0,0.0,0.0,0.0
0.08377896521456205,0.032725382770334224,0.0,0.0,0.0,0.0,0.3047914211501116,0.2159695902652845,0.0,0.0,0.5421421350495903,0.7361602265914592,0.5435016381925477,0.3119643897693426,0.4764192653308368,0.552335132809524,0.747345786338389,1.0,0.21488017764149286,0.060586075714803976,0.10310571591149942,0.31241344277224614,0.05031471407726467,0.0,0.0,0.0,0.0,0.0,0.0,0.0,0.03742419849531793,0.0,0.0,0.0,0.0,0.035349509307819695,0.39334813192103524,0.6858898693707106,0.49137828567479724,0.1425062743713,0.0,0.0,0.0,0.0,0.0,0.0,0.0,0.0,0.0,0.0,0.0,0.0,0.0,0.0,0.0,0.0,0.0,0.0,0.0,0.0,0.0,0.0,0.0,0.0,0.0,0.0,0.0,0.0,0.0,0.0,0.0,0.0,0.0,0.0,0.0,0.0,0.0,0.0,0.0,0.0,0.0,0.0,0.0,0.0,0.0,0.0,0.0,0.0
0.38389053483321095,0.431523271095434,0.2490431566303309,0.06563126885598479,0.03195775473151439,0.16163498187566952,0.40783662138010235,0.17146582288526693,0.0,0.0,0.5221861509596297,0.2988786936479665,0.08384067929532003,0.03834129942211122,0.7298304919676555,0.5455482018792399,0.304894356785432,0.21488017764149286,1.0,0.7350243036488248,0.542074426430438,0.47718396047625006,0.7383139728825562,0.5469828850808875,0.47240430379050763,0.5435480985720609,0.1577143077332425,0.30561489197239095,0.006745149960305425,0.07161868439410267,0.39820846352821543,0.0,0.0,0.0,0.0,0.0,0.0,0.0,0.034560489004015406,0.16324483200287812,0.24827131368236377,0.2501501573184471,0.15870904433873204,0.48600330425099764,0.0,0.0,0.0,0.0,0.0,0.0,0.0,0.0,0.0,0.0,0.0,0.0,0.0,0.0,0.0,0.0,0.0,0.0,0.0,0.0,0.0,0.0,0.0,0.0,0.0,0.0,0.0,0.0,0.0,0.0,0.0,0.0,0.0,0.0,0.0,0.0,0.0,0.0,0.0,0.0,0.0,0.0,0.0,0.0
0.16166055151863398,0.27455258250326997,0.145757348207352,0.0,0.0,0.0,0.1535437448442773,0.0,0.0,0.0,0.2858941791963233,0.08636221580336964,0.0,0.0,0.5375773107063256,0.47659742736626803,0.21505488982459922,0.060586075714803976,0.7350243036488248,1.0,0.7354857652001912,0.5524481888822932,0.5500629130432773,0.48130789444211447,0.5489872501676735,0.7375430223599144,0.1322230343995161,0.2159601138289154,0.035973104788070816,0.0,0.27218925470991584,0.0,0.0,0.0,0.0,0.0,0.0,0.0,0.0,0.25590954502259444,0.48482791421213967,0.4874618019119,0.2529386475198649,0.2543257172365808,0.0,0.0,0.0,0.0,0.0,0.0,0.0,0.0,0.0,0.0,0.0,0.0,0.0,0.0,0.0,0.0,0.0,0.0,0.0,0.0,0.0,0.0,0.0,0.0,0.0,0.0,0.0,0.0,0.0,0.0,0.0,0.0,0.0,0.0,0.0,0.0,0.0,0.0,0.0,0.0,0.0,0.0,0.0,0.0
0.0,0.1301535887287687,0.0,0.0,0.0,0.0,0.017385780555359,0.0,0.0,0.0,0.2024762877669371,0.05573264499355686,0.0,0.0,0.47021106054829387,0.5487947165893613,0.3114581759685653,0.10310571591149942,0.542074426430438,0.7354857652001912,1.0,0.7479085656643648,0.30803977612029404,0.21788384283764464,0.30905175821608777,0.5428764676330305,0.020502329003648293,0.0,0.0,0.0,0.1753202260713415,0.0,0.0,0.0,0.0,0.0,0.0,0.0,0.14235771716077517,0.49262123687613607,0.6859442044283697,0.3920934118183154,0.033099608085957445,0.03156509694387283,0.0,0.0,0.0,0.0,0.0,0.0,0.0,0.0,0.0,0.0,0.0,0.0,0.0,0.0,0.0,0.0,0.0,0.0,0.0,0.0,0.0,0.0,0.0,0.0,0.0,0.0,0.0,0.0,0.0,0.0,0.0,0.0,0.0,0.0,0.0,0.0,0.0,0.0,0.0,0.0,0.0,0.0,0.0,0.0
0.0,0.10336954758221889,0.0,0.0,0.0,0.0,0.07142679482356402,0.0,0.0,0.0,0.2998947978541802,0.21396197017285887,0.0,0.0,0.5418927239855867,0.7348695165358496,0.5431465959375331,0.31241344277224614,0.47718396047625006,0.5524481888822932,0.7479085656643648,1.0,0.21894099480564294,0.0667689576721082,0.10367599925517212,0.3141933362500571,0.0,0.0,0.0,0.0,0.16884649506681587,0.0,0.0,0.0,0.0,0.0,0.0,0.036561911308065194,0.3931349152710487,0.6858574820204975,0.4919273449701912,0.14186984783978115,0.0,0.0,0.0,0.0,0.0,0.0,0.0,0.0,0.0,0.0,0.0,0.0,0.0,0.0,0.0,0.0,0.0,0.0,0.0,0.0,0.0,0.0,0.0,0.0,0.0,0.0,0.0,0.0,0.0,0.0,0.0,0.0,0.0,0.0,0.0,0.0,0.0,0.0,0.0,0.0,0.0,0.0,0.0,0.0,0.0,0.0
0.43156805599316755,0.41274895986041266,0.2624092237128676,0.1457479082957197,0.15239040969903808,0.2745577272173277,0.42079321230333566,0.22152484744400164,0.10350213694932653,0.13020686436842707,0.43178831727266853,0.19361777086713866,0.03285740617208202,0.05112643693289984,0.532822410159832,0.3053658830994491,0.08938941325356622,0.05031471407726467,0.7383139728825562,0.5500629130432773,0.30803977612029404,0.21894099480564294,1.0,0.7425804175598473,0.548579023707813,0.4834383330283131,0.12098615347759126,0.5479698561905252,0.0,0.3237536918906538,0.2901947701967916,0.0,0.0,0.0,0.0,0.0,0.0,0.0,0.0,0.0,0.03584354028278247,0.16940695883617155,0.2547178940503531,0.6868632351664739,0.0,0.0,0.0,0.0,0.0,0.0,0.0,0.0,0.0,0.0,0.0,0.0,0.0,0.0,0.0,0.0,0.0,0.0,0.0,0.0,0.16413459006224085,0.08574909880496172,0.0,0.0,0.0,0.0,0.0,0.0,0.0,0.0,0.0,0.0,0.0,0.0,0.0,0.0,0.0,0.0,0.0,0.05261525219790138,0.21944175524217582,0.0,0.0,0.0
0.24916181938482035,0.2625070798398693,0.18643210698074902,0.10352537550293897,0.08569523689166286,0.14584640802087365,0.18620895629725534,0.0002715153223391224,0.0,0.0,0.1751161637146004,0.0,0.0,0.0,0.2971133386371277,0.09639233898390272,0.0,0.0,0.5469828850808875,0.48130789444211447,0.21788384283764464,0.0667689576721082,0.7425804175598473,1.0,0.7375044001434173,0.5545942316314781,0.07709729279800653,0.7344842977652806,0.0,0.49121111489293956,0.11982012941379518,0.0,0.0,0.0,0.0,0.0,0.0,0.0,0.0,0.0,0.0,0.25810601889734985,0.4850309382946207,0.4926843700667159,0.0,0.0,0.0,0.0,0.0,0.0,0.0,0.0,0.0,0.0,0.0,0.0,0.0,0.0,0.0,0.0,0.0,0.0,0.0,0.0,0.09395340684188737,0.0,0.0,0.0,0.0,0.0,0.0,0.0,0.0,0.0,0.0,0.0,0.0,0.0,0.0,0.0,0.0,0.0,0.0,0.0,0.17036441276708228,0.0025342118293129826,0.0,0.0
0.06576857370685128,0.14588332289719103,0.10357338902325658,0.0,0.0,0.0,0.0,0.0,0.0,0.0,0.019972898661982888,0.0,0.0,0.0,0.2023173209633745,0.057754483358339506,0.0,0.0,0.47240430379050763,0.5489872501676735,0.30905175821608777,0.10367599925517212,0.548579023707813,0.7375044001434173,1.0,0.7454778532085972,0.0683219089954288,0.5430369644608628,0.0,0.3198813341880065,0.042813885518508295,0.0,0.0,0.0,0.0,0.0,0.0,0.0,0.0,0.0,0.1364625323168824,0.4914696311321336,0.6862552004965573,0.25614038040393755,0.0,0.0,0.0,0.0,0.0,0.0,0.0,0.0,0.0,0.0,0.0,0.0,0.0,0.0,0.0,0.0,0.0,0.0,0.0,0.0,0.0,0.0,0.0,0.0,0.0,0.0,0.0,0.0,0.0,0.0,0.0,0.0,0.0,0.0,0.0,0.0,0.0,0.0,0.0,0.0,0.0,0.0,0.0,0.0
0.03204274986343499,0.1524664152220818,0.08568361995759137,0.0,0.0,0.0,0.0,0.0,0.0,0.0,0.06694566909391639,0.0,0.0,0.0,0.29732351721149347,0.21493656123491192,0.0,0.0,0.5435480985720609,0.7375430223599144,0.5428764676330305,0.3141933362500571,0.4834383330283131,0.5545942316314781,0.7454778532085972,1.0,0.09435046781950371,0.31206304139386776,0.017476650256456717,0.07805027068226134,0.10812152980296919,0.0,0.0,0.0,0.0,0.0,0.0,0.0,0.0,0.03784119395317856,0.3900279343986462,0.6859243529402114,0.48946724701922406,0.17052579347444521,0.0,0.0,0.0,0.0,0.0,0.0,0.0,0.0,0.0,0.0,0.0,0.0,0.0,0.0,0.0,0.0,0.0,0.0,0.0,0.0,0.0,0.0,0.0,0.0,0.0,0.0,0.0,0.0,0.0,0.0,0.0,0.0,0.0,0.0,0.0,0.0,0.0,0.0,0.0,0.0,0.0,0.0,0.0,0.0
0.30560957414829937,0.5479737347845636,0.7344831750087589,0.5430378275820644,0.312070231367737,0.21596976840972726,0.08083922558427245,0.0,0.0,0.0,0.012176343492352377,0.0,0.0,0.0,0.08010521645551617,0.0,0.0,0.0,0.1577143077332425,0.1322230343995161,0.020502329003648293,0.0,0.12098615347759126,0.07709729279800653,0.0683219089954288,0.09435046781950371,1.0,0.0,0.7567237442073771,0.0,0.39975318183984593,0.38933104465831236,0.03550821126209512,0.0,0.0,0.0,0.0,0.0,0.0,0.0,0.0,0.0,0.0,0.0,0.0,0.0,0.0,0.0,0.0,0.0,0.0,0.0,0.0,0.0,0.0,0.0,0.0,0.0,0.0,0.0,0.0,0.0,0.0,0.0,0.0,0.0,0.0,0.0,0.0,0.0,0.0,0.0,0.0,0.0,0.0,0.0,0.0,0.0,0.0,0.0,0.0,0.0,0.0,0.0,0.0,0.0,0.0,0.0
0.15784950197479072,0.12110275761182554,0.07712895275816427,0.06830459484318123,0.09439160148609706,0.13234109619488293,0.08025301819675455,0.0,0.0,0.020670976027379905,0.012246408207593524,0.0,0.0,0.0,0.08086382811076027,0.0,0.0,0.0,0.30561489197239095,0.2159601138289154,0.0,0.0,0.5479698561905252,0.7344842977652806,0.5430369644608628,0.31206304139386776,0.0,1.0,0.0,0.7567252109353045,0.0,0.0,0.0,0.0,0.0,0.0,0.0,0.0,0.0,0.0,0.0,0.0355040153712434,0.38932781351803114,0.39973696496122035,0.0,0.0,0.0,0.0,0.0,0.0,0.0,0.0,0.0,0.0,0.0,0.0,0.0,0.0,0.0,0.0,0.0,0.0,0.0,0.10434204202995653,0.21459249539000327,0.027071255040403436,0.0,0.0,0.0,0.17420034878033144,0.0,0.0,0.0,0.0,0.0,0.0,0.0,0.0,0.0,0.0,0.0,0.0,0.0,0.0,0.28639158359458916,0.2363569839912091,0.0,0.0
0.0716131295254252,0.32375596456436856,0.49120851778087166,0.31988164313979783,0.07805590807809,0.0,0.0,0.0,0.0,0.0,0.0,0.0,0.0,0.0,0.0,0.0,0.0,0.0,0.006745149960305425,0.035973104788070816,0.0,0.0,0.0,0.0,0.0,0.017476650256456717,0.7567237442073771,0.0,1.0,0.0,0.23312131819694173,0.22327442318618362,0.0,0.0,0.0,0.0,0.0,0.0,0.0,0.0,0.0,0.0,0.0,0.0,0.0,0.0,0.0,0.0,0.0,0.0,0.0,0.0,0.0,0.0,0.0,0.0,0.0,0.0,0.0,0.0,0.0,0.0,0.0,0.0,0.0,0.0,0.0,0.0,0.0,0.0,0.0,0.0,0.0,0.0,0.0,0.0,0.0,0.0,0.0,0.0,0.0,0.0,0.0,0.0,0.0,0.0,0.0,0.0
0.00689166464329388,0.0,0.0,0.0,0.017550083219015796,0.03611502101653627,0.0,0.0,0.0,0.0,0.0,0.0,0.0,0.0,0.0,0.0,0.0,0.0,0.07161868439410267,0.0,0.0,0.0,0.3237536918906538,0.49121111489293956,0.3198813341880065,0.07805027068226134,0.0,0.7567252109353045,0.0,1.0,0.0,0.0,0.0,0.0,0.0,0.0,0.0,0.0,0.0,0.0,0.0,0.0,0.22327078733936384,0.233105997074111,0.0,0.0,0.0,0.0,0.0,0.0,0.0,0.0,0.0,0.0,0.0,0.0,0.0,0.0,0.0,0.0,0.0,0.0,0.0,0.1895042258282998,0.23949173440149407,0.003287540706977459,0.0,0.0,0.12678462506173035,0.3183148179275856,0.0,0.0,0.0,0.0,0.0,0.0,0.0,0.0,0.0,0.0,0.0,0.0,0.0,0.0,0.2908848125657718,0.39488203835664704,0.0014895122400277888,0.0
0.4860060592206328,0.6868687234791555,0.49269585890233075,0.2561484264692635,0.17053901345606515,0.254335848288,0.3759120641218828,0.12425945959229523,0.0,0.03155684382354724,0.3753782811429084,0.1508113068631812,0.0,0.0,0.4246394652429181,0.2706456069187909,0.09332666870597658,0.03742419849531793,0.39820846352821543,0.27218925470991584,0.1753202260713415,0.16884649506681587,0.2901947701967916,0.11982012941379518,0.042813885518508295,0.10812152980296919,0.39975318183984593,0.0,0.23312131819694173,0.0,1.0,0.0,0.0,0.0,0.0,0.0,0.0,0.0,0.0,0.0,0.0,0.0,0.0,0.16687083424427307,0.0,0.0,0.0,0.0,0.0,0.0,0.0,0.0,0.0,0.0,0.0,0.0,0.0,0.0,0.0,0.0,0.0,0.0,0.0,0.0,0.0,0.0,0.0,0.0,0.0,0.0,0.0,0.0,0.0,0.0,0.0,0.0,0.0,0.0,0.0,0.0,0.0,0.0,0.0,0.0,0.0,0.0,0.0,0.0
0.15869161526558664,0.25471932951947845,0.485032983660491,0.6862562363061233,0.489465208565237,0.252938575527021,0.0,0.0,0.0,0.033121128596320326,0.0,0.0,0.0,0.0,0.0,0.0,0.0,0.0,0.0,0.0,0.0,0.0,0.0,0.0,0.0,0.0,0.38933104465831236,0.0,0.22327442318618362,0.0,0.0,1.0,0.40669266829402917,0.0,0.0,0.0,0.0,0.0,0.0,0.0,0.0,0.0,0.0,0.0,0.0,0.0,0.0,0.0,0.0,0.0,0.0,0.0,0.0,0.0,0.0,0.0,0.0,0.0,0.0,0.0,0.0,0.0,0.0,0.0,0.0,0.0,0.0,0.0,0.0,0.0,0.0,0.0,0.0,0.0,0.0,0.0,0.0,0.0,0.0,0.0,0.0,0.0,0.0,0.0,0.0,0.0,0.0,0.0
0.25014299622271596,0.16941451086735754,0.2581138680736761,0.4914734174671517,0.6859237053047023,0.48746484745564794,0.0254775142008739,0.0,0.14190515758958272,0.39213121490649916,0.0,0.0,0.0,0.0,0.0,0.0,0.0,0.0,0.0,0.0,0.0,0.0,0.0,0.0,0.0,0.0,0.03550821126209512,0.0,0.0,0.0,0.0,0.40669266829402917,1.0,0.4191666720515124,0.0,0.0,0.0,0.0,0.0,0.0,0.0,0.0,0.0,0.0,0.0,0.0,0.0,0.0,0.0,0.0,0.0,0.0,0.0,0.0,0.0,0.0,0.0,0.0,0.0,0.0,0.0,0.0,0.0,0.0,0.0,0.0,0.0,0.0,0.0,0.0,0.31162524516893514,0.0,0.522579536204748,0.0,0.0,0.0,0.0,0.0,0.0,0.0,0.0,0.0,0.0,0.0,0.0,0.0,0.0,0.0
0.24826651407944142,0.03585406795904689,0.0,0.13649960394969993,0.39006363061625887,0.48483306333761883,0.15642000213759422,0.25241138672518193,0.49192485682811044,0.6859460115508905,0.0,0.0,0.0,0.03565338955575878,0.0,0.0,0.0,0.0,0.0,0.0,0.0,0.0,0.0,0.0,0.0,0.0,0.0,0.0,0.0,0.0,0.0,0.0,0.4191666720515124,1.0,0.40868143286906405,0.0,0.0,0.0,0.0,0.0,0.0,0.0,0.0,0.0,0.0,0.2939297540708107,0.2836332048862573,0.0,0.0,0.0,0.0,0.0,0.0,0.0,0.0,0.0,0.0,0.0,0.05823837278097567,0.05683266200622031,0.0,0.0,0.03183324064042565,0.07392593371876945,0.12278301683590301,0.1009519240156284,0.0,0.0,0.0,0.0,0.4819785541435387,0.0,0.5018637785735856,0.0,0.32512072235300116,0.0,0.0,0.0,0.0,0.0,0.0,0.0,0.0,0.0,0.0,0.0,0.0,0.0
0.16323938323844858,0.0,0.0,0.0,0.03786525206520391,0.25591854178319473,0.24991933424381155,0.4859540015658718,0.68585782906787,0.49262410392391903,0.03131848978619721,0.0,0.14254034917080302,0.39421387520687046,0.0,0.0,0.0,0.0,0.0,0.0,0.0,0.0,0.0,0.0,0.0,0.0,0.0,0.0,0.0,0.0,0.0,0.0,0.0,0.40868143286906405,1.0,0.4256502976575019,0.0,0.0,0.0,0.0,0.0,0.0,0.0,0.0,0.0,0.16528946607979766,0.0,0.0,0.0,0.0,0.0,0.0,0.0,0.0,0.1802283145635638,0.09373785141359345,0.0,0.0,0.3018762187956181,0.43253448867310995,0.3609440324123237,0.1766455894438271,0.1070080635374299,0.08410765905339675,0.22751649039788513,0.3951917038937463,0.0,0.0,0.0,0.0,0.023869862579920062,0.0,0.0,0.0,0.2615996649481644,0.0,0.0,0.0,0.0,0.0,0.0,0.0,0.1602119923921572,0.2128352601655255,0.0,0.0,0.0,0.0
0.034553352022309206,0.0,0.0,0.0,0.0,0.0,0.2498164405315549,0.4857160566828295,0.3931666202931919,0.14238994479595854,0.16109971210780344,0.2546574774696774,0.49137827925307825,0.6859100534210204,0.0,0.0,0.0,0.035349509307819695,0.0,0.0,0.0,0.0,0.0,0.0,0.0,0.0,0.0,0.0,0.0,0.0,0.0,0.0,0.0,0.0,0.4256502976575019,1.0,0.40652616260786956,0.0,0.0,0.0,0.0,0.0,0.0,0.0,0.0,0.0,0.0,0.0,0.0,0.0,0.0,0.0,0.0,0.0,0.0,0.0,0.0,0.0,0.01937289991931776,0.29332109954133956,0.42459227750844386,0.21863258996676907,0.0,0.0,0.0018989317946909723,0.2803590492168854,0.0,0.0,0.0,0.0,0.0,0.0,0.0,0.0,0.0,0.0,0.0,0.0,0.0,0.0,0.0,0.009935005369151899,0.40585767638256476,0.2588377254654868,0.0,0.0,0.0,0.0
0.0,0.0,0.0,0.0,0.0,0.0,0.16284181797457398,0.25577043092390905,0.03658346960888576,0.0,0.24914525716641597,0.4862234589673983,0.6858870590772309,0.4914729611286634,0.03540590064367046,0.0,0.14154093278402827,0.39334813192103524,0.0,0.0,0.0,0.0,0.0,0.0,0.0,0.0,0.0,0.0,0.0,0.0,0.0,0.0,0.0,0.0,0.0,0.40652616260786956,1.0,0.42405216994521455,0.0,0.0,0.0,0.0,0.0,0.0,0.0,0.0,0.0,0.0,0.0,0.0,0.0,0.0,0.0,0.0,0.0,0.0,0.0,0.0,0.0,0.0,0.0,0.0,0.0,0.0,0.0,0.0,0.0,0.0,0.0,0.0,0.0,0.0,0.0,0.0,0.0,0.0,0.0,0.0,0.0,0.0,0.0,0.0,0.0583126370272966,0.0,0.0,0.0,0.0,0.0
0.0,0.0,0.0,0.0,0.0,0.0,0.035382210104644644,0.0,0.0,0.0,0.2491460927515961,0.48622498071400705,0.3933459306765401,0.14154157863183808,0.1628551686809641,0.2557677793897836,0.49147201306354144,0.6858898693707106,0.0,0.0,0.0,0.036561911308065194,0.0,0.0,0.0,0.0,0.0,0.0,0.0,0.0,0.0,0.0,0.0,0.0,0.0,0.0,0.42405216994521455,1.0,0.40652579511271014,0.0,0.0,0.0,0.0,0.0,0.0,0.0,0.0,0.0,0.0,0.0,0.0,0.0,0.0,0.0,0.0,0.0,0.0,0.0,0.0,0.0,0.0,0.0,0.0,0.0,0.0,0.0,0.0,0.0,0.0,0.0,0.0,0.0,0.0,0.0,0.0,0.0,0.0,0.0,0.0,0.0,0.0,0.0,0.0,0.0,0.0,0.0,0.0,0.0
0.0,0.0,0.0,0.0,0.0,0.0,0.0,0.0,0.0,0.0,0.16110079859427237,0.25465939950927086,0.03534829853977404,0.0,0.24982222617595307,0.48571436997766854,0.6859157134074466,0.49137828567479724,0.034560489004015406,0.0,0.14235771716077517,0.3931349152710487,0.0,0.0,0.0,0.0,0.0,0.0,0.0,0.0,0.0,0.0,0.0,0.0,0.0,0.0,0.0,0.40652579511271014,1.0,0.42558700967871466,0.0,0.0,0.0,0.0,0.0,0.0,0.0,0.0,0.0,0.0,0.0,0.0,0.0,0.0,0.0,0.0,0.0,0.0,0.0,0.0,0.0,0.0,0.0,0.0,0.0,0.0,0.0,0.0,0.0,0.0,0.0,0.0,0.0,0.0,0.0,0.0,0.0,0.0,0.0,0.0,0.0,0.0,0.0,0.0,0.0,0.0,0.0,0.0
0.0,0.0,0.0,0.0,0.0,0.0,0.0,0.0,0.0,0.0,0.03131953965641579,0.0,0.0,0.0,0.24992482110721928,0.48595181565538587,0.394183365625845,0.1425062743713,0.16324483200287812,0.25590954502259444,0.49262123687613607,0.6858574820204975,0.0,0.0,0.0,0.03784119395317856,0.0,0.0,0.0,0.0,0.0,0.0,0.0,0.0,0.0,0.0,0.0,0.0,0.42558700967871466,1.0,0.4086830459658696,0.0,0.0,0.0,0.0,0.0,0.0,0.0,0.0,0.0,0.0,0.0,0.0,0.0,0.0,0.0,0.0,0.0,0.0,0.0,0.0,0.0,0.0,0.0,0.0,0.0,0.0,0.0,0.0,0.0,0.0,0.0,0.0,0.0,0.0,0.0,0.0,0.0,0.0,0.0,0.0,0.0,0.0,0.0,0.0,0.0,0.0,0.0
0.0,0.0,0.0,0.0,0.0,0.0,0.0,0.0,0.0,0.0,0.0,0.0,0.0,0.0,0.15643830588661428,0.2524120629777159,0.035632380728505934,0.0,0.24827131368236377,0.48482791421213967,0.6859442044283697,0.4919273449701912,0.03584354028278247,0.0,0.1364625323168824,0.3900279343986462,0.0,0.0,0.0,0.0,0.0,0.0,0.0,0.0,0.0,0.0,0.0,0.0,0.0,0.4086830459658696,1.0,0.4190950671805787,0.0,0.0,0.0,0.0,0.0,0.0,0.0,0.0,0.0,0.0,0.0,0.0,0.0,0.0,0.0,0.0,0.0,0.0,0.0,0.0,0.0,0.0,0.0,0.0,0.0,0.0,0.0,0.0,0.0,0.0,0.0,0.0,0.0,0.0,0.0,0.0,0.0,0.0,0.0,0.0,0.0,0.0,0.0,0.0,0.0,0.0
0.0,0.0,0.0,0.0,0.0,0.0,0.0,0.0,0.0,0.0,0.0,0.0,0.0,0.0,0.025487670713184585,0.0,0.0,0.0,0.2501501573184471,0.4874618019119,0.3920934118183154,0.14186984783978115,0.16940695883617155,0.25810601889734985,0.4914696311321336,0.6859243529402114,0.0,0.0355040153712434,0.0,0.0,0.0,0.0,0.0,0.0,0.0,0.0,0.0,0.0,0.0,0.0,0.4190950671805787,1.0,0.406697508986508,0.0,0.0,0.0,0.0,0.0,0.0,0.0,0.0,0.0,0.0,0.0,0.0,0.0,0.0,0.0,0.0,0.0,0.0,0.0,0.0,0.0,0.0,0.0,0.0,0.0,0.0,0.0,0.0,0.0,0.0,0.0,0.0,0.0,0.0,0.0,0.0,0.0,0.0,0.0,0.0,0.0,0.0,0.0,0.0,0.0
0.0,0.0,0.0,0.0,0.0,0.0,0.0,0.0,0.0,0.0,0.0,0.0,0.0,0.0,0.0,0.0,0.0,0.0,0.15870904433873204,0.2529386475198649,0.033099608085957445,0.0,0.2547178940503531,0.4850309382946207,0.6862552004965573,0.48946724701922406,0.0,0.38932781351803114,0.0,0.22327078733936384,0.0,0.0,0.0,0.0,0.0,0.0,0.0,0.0,0.0,0.0,0.0,0.406697508986508,1.0,0.0,0.0,0.0,0.0,0.0,0.0,0.0,0.0,0.0,0.0,0.0,0.0,0.0,0.0,0.0,0.0,0.0,0.0,0.0,0.0,0.0,0.0,0.0,0.0,0.0,0.0,0.0,0.0,0.0,0.0,0.0,0.0,0.0,0.0,0.0,0.0,0.0,0.0,0.0,0.0,0.0,0.0,0.0,0.0,0.0
0.3981954339716708,0.2901325775819644,0.1196706800078091,0.04262203342969899,0.10798055780908183,0.27213202103310974,0.4247373987793416,0.27081067784325313,0.16897473431815738,0.17533307027289208,0.3754496728236121,0.1509364237959373,0.03760047767545583,0.09353071735335032,0.37594338698982016,0.12430500894535411,0.0,0.0,0.48600330425099764,0.2543257172365808,0.03156509694387283,0.0,0.6868632351664739,0.4926843700667159,0.25614038040393755,0.17052579347444521,0.0,0.39973696496122035,0.0,0.233105997074111,0.16687083424427307,0.0,0.0,0.0,0.0,0.0,0.0,0.0,0.0,0.0,0.0,0.0,0.0,1.0,0.0,0.0,0.0,0.0,0.0,0.0,0.0,0.0,0.0,0.0,0.0,0.0,0.0,0.0,0.0,0.0,0.0,0.0,0.0,0.012679217203435698,0.29463067627681205,0.2115225094909933,0.0,0.0,0.0,0.0,0.0,0.0,0.0,0.0,0.0,0.0,0.0,0.0,0.0,0.0,0.0,0.0,0.0,0.1582566675028247,0.339410080064404,0.0,0.0,0.0
0.0,0.0,0.0,0.0,0.0,0.0,0.0,0.0,0.0,0.0,0.0,0.0,0.0,0.0,0.0,0.0,0.0,0.0,0.0,0.0,0.0,0.0,0.0,0.0,0.0,0.0,0.0,0.0,0.0,0.0,0.0,0.0,0.0,0.0,0.0,0.0,0.0,0.0,0.0,0.0,0.0,0.0,0.0,0.0,1.0,0.7383101837331238,0.5469745995244542,0.47238591872093005,0.5435383589063773,0.7350213000600251,0.7298188108144613,0.5455442713475747,0.4771782523447113,0.5420659115460222,0.5221499540318574,0.2988394266615378,0.21485714238656844,0.3048852619281688,0.40778244802046454,0.17138843132899398,0.03825424317962133,0.08377896521456205,0.38389053483321084,0.16166055151863382,0.0,0.0,0.43156805599316755,0.24916181938482035,0.06576857370685128,0.03204274986343499,0.30560957414829937,0.15784950197479072,0.0716131295254252,0.00689166464329388,0.48600605922063256,0.15869161526558664,0.2501429962227162,0.24826651407944142,0.16323938323844858,0.03455335202230954,0.0,0.0,0.0,0.0,0.0,0.0,0.0,0.3981954339716708
0.0,0.0,0.0,0.0,0.0,0.0,0.0,0.0,0.1385289672251194,0.1845430740949489,0.0,0.0,0.0,0.0,0.0,0.0,0.0,0.0,0.0,0.0,0.0,0.0,0.0,0.0,0.0,0.0,0.0,0.0,0.0,0.0,0.0,0.0,0.0,0.2939297540708107,0.16528946607979766,0.0,0.0,0.0,0.0,0.0,0.0,0.0,0.0,0.0,0.7383101837331238,1.0,0.7425828503076629,0.5485779887434068,0.4834465711241129,0.550072250107738,0.5327934271008695,0.3053396531328409,0.21892558198142323,0.3080393089152278,0.4317203741414688,0.1935270045692458,0.050241427142315186,0.08934274579240757,0.4206840808220761,0.22137477595144847,0.050959813702200644,0.032725382770334224,0.431523271095434,0.2745525825032699,0.1301535887287687,0.10336954758221889,0.41274895986041266,0.2625070798398693,0.14588332289719103,0.1524664152220818,0.5479737347845636,0.12110275761182554,0.3237559645643684,0.0,0.6868687234791555,0.25471932951947845,0.16941451086735787,0.03585406795904689,0.0,0.0,0.0,0.0,0.0,0.0,0.0,0.0,0.0,0.2901325775819644
0.0,0.0,0.0,0.0,0.0,0.0,0.0,0.0,0.0330442794635908,0.1456751334484041,0.0,0.0,0.0,0.0,0.0,0.0,0.0,0.0,0.0,0.0,0.0,0.0,0.0,0.0,0.0,0.0,0.0,0.0,0.0,0.0,0.0,0.0,0.0,0.2836332048862573,0.0,0.0,0.0,0.0,0.0,0.0,0.0,0.0,0.0,0.0,0.5469745995244542,0.7425828503076629,1.0,0.7375052029546922,0.5546041638157575,0.481318857926674,0.297087146334984,0.0963794164433867,0.06676799489375142,0.21789752505691085,0.17504557986884503,0.0,0.0,0.0,0.1860701402496379,8.863336466514016e-05,0.0,0.0,0.2490431566303309,0.145757348207352,0.0,0.0,0.26240922371286773,0.18643210698074902,0.10357338902325658,0.0856836199575912,0.7344831750087589,0.07712895275816427,0.4912085177808716,0.0,0.49269585890233075,0.485032983660491,0.25811386807367637,0.0,0.0,0.0,0.0,0.0,0.0,0.0,0.0,0.0,0.0,0.1196706800078091
0.0,0.0,0.0,0.0,0.0,0.0,0.0,0.0,0.0,0.0,0.0,0.0,0.0,0.0,0.0,0.0,0.0,0.0,0.0,0.0,0.0,0.0,0.0,0.0,0.0,0.0,0.0,0.0,0.0,0.0,0.0,0.0,0.0,0.0,0.0,0.0,0.0,0.0,0.0,0.0,0.0,0.0,0.0,0.0,0.47238591872093005,0.5485779887434068,0.7375052029546922,1.0,0.7454812399310746,0.5489892044213378,0.20228782074855042,0.05775089252111672,0.10368461744110773,0.3090710856262207,0.019901181975456705,0.0,0.0,0.0,0.0,0.0,0.0,0.0,0.06563126885598479,0.0,0.0,0.0,0.1457479082957197,0.10352537550293897,0.0,0.0,0.5430378275820644,0.06830459484318123,0.31988164313979767,0.0,0.25614842646926345,0.6862562363061233,0.49147341746715206,0.13649960394969993,0.0,0.0,0.0,0.0,0.0,0.0,0.0,0.0,0.0,0.04262203342969899
0.0,0.0,0.0,0.0,0.0,0.0,0.0,0.0,0.0,0.0,0.0,0.0,0.0,0.0,0.0,0.0,0.0,0.0,0.0,0.0,0.0,0.0,0.0,0.0,0.0,0.0,0.0,0.0,0.0,0.0,0.0,0.0,0.0,0.0,0.0,0.0,0.0,0.0,0.0,0.0,0.0,0.0,0.0,0.0,0.5435383589063773,0.4834465711241129,0.5546041638157575,0.7454812399310746,1.0,0.7375452664573363,0.29730707128552314,0.21494838707107214,0.3142124709327411,0.5429006972717751,0.06689626204207634,0.0,0.0,0.0,0.0,0.0,0.0,0.0,0.03195775473151439,0.0,0.0,0.0,0.15239040969903808,0.0856952368916627,0.0,0.0,0.312070231367737,0.09439160148609706,0.07805590807808983,0.017550083219015796,0.17053901345606498,0.489465208565237,0.6859237053047026,0.39006363061625887,0.03786525206520391,0.0,0.0,0.0,0.0,0.0,0.0,0.0,0.0,0.10798055780908183
0.0,0.0,0.0,0.0,0.0,0.0,0.0,0.0,0.0,0.0,0.0,0.0,0.0,0.0,0.0,0.0,0.0,0.0,0.0,0.0,0.0,0.0,0.0,0.0,0.0,0.0,0.0,0.0,0.0,0.0,0.0,0.0,0.0,0.0,0.0,0.0,0.0,0.0,0.0,0.0,0.0,0.0,0.0,0.0,0.7350213000600251,0.550072250107738,0.481318857926674,0.5489892044213378,0.7375452664573363,1.0,0.5375659668905777,0.4766067764871849,0.5524565023669836,0.7354903249114846,0.28585954818500947,0.08633975812501352,0.060589679897204075,0.21507087696332894,0.1534839253161128,0.0,0.0,0.0,0.16163498187566952,0.0,0.0,0.0,0.27455772721732763,0.14584640802087365,0.0,0.0,0.21596976840972726,0.13234109619488293,0.0,0.03611502101653627,0.2543358482879998,0.252938575527021,0.487464847455648,0.48483306333761883,0.25591854178319473,0.0,0.0,0.0,0.0,0.0,0.0,0.0,0.0,0.27213202103310974
0.0,0.0,0.0,0.0,0.0,0.0,0.0,0.0,0.0,0.0,0.0,0.0,0.0,0.0,0.0,0.0,0.0,0.0,0.0,0.0,0.0,0.0,0.0,0.0,0.0,0.0,0.0,0.0,0.0,0.0,0.0,0.0,0.0,0.0,0.0,0.0,0.0,0.0,0.0,0.0,0.0,0.0,0.0,0.0,0.7298188108144613,0.5327934271008695,0.297087146334984,0.20228782074855042,0.29730707128552314,0.5375659668905777,1.0,0.7368510476816573,0.5418849213251552,0.47019163748164955,0.730825662118895,0.545172054156483,0.47641048799927194,0.5430518789026673,0.5198644742913406,0.29351613196507664,0.2118230235225668,0.30479142115011176,0.40783662138010246,0.15354374484427746,0.01738578055535916,0.07142679482356436,0.4207932123033358,0.18620895629725534,0.0,0.0,0.08083922558427262,0.0802530181967544,0.0,0.0,0.375912064121883,0.0,0.0254775142008739,0.15642000213759397,0.24991933424381121,0.2498164405315549,0.1628418179745739,0.03538221010464481,0.0,0.0,0.0,0.0,0.0,0.4247373987793416
0.0,0.0,0.0,0.0,0.0,0.0,0.0,0.0,0.0,0.0,0.0,0.0,0.0,0.0,0.0,0.0,0.0,0.0,0.0,0.0,0.0,0.0,0.0,0.0,0.0,0.0,0.0,0.0,0.0,0.0,0.0,0.0,0.0,0.0,0.0,0.0,0.0,0.0,0.0,0.0,0.0,0.0,0.0,0.0,0.5455442713475747,0.3053396531328409,0.0963794164433867,0.05775089252111672,0.21494838707107214,0.4766067764871849,0.7368510476816573,1.0,0.7348719395012013,0.5487942268345941,0.5433998474191766,0.4790045858960442,0.5523412914351181,0.7361488874676979,0.2935370506355203,0.0871883905575658,0.05937129575363565,0.21596959026528484,0.17146582288526693,0.0,0.0,0.0,0.2215248474440018,0.0002715153223392869,0.0,0.0,0.0,0.0,0.0,0.0,0.12425945959229538,0.0,0.0,0.25241138672518176,0.4859540015658715,0.4857160566828295,0.25577043092390916,0.0,0.0,0.0,0.0,0.0,0.0,0.2708106778432532
0.0,0.0,0.0,0.0,0.0,0.0,0.0,0.0,0.0,0.0,0.0,0.0,0.0,0.0,0.0,0.0,0.0,0.0,0.0,0.0,0.0,0.0,0.0,0.0,0.0,0.0,0.0,0.0,0.0,0.0,0.0,0.0,0.0,0.0,0.0,0.0,0.0,0.0,0.0,0.0,0.0,0.0,0.0,0.0,0.4771782523447113,0.21892558198142323,0.06676799489375142,0.10368461744110773,0.3142124709327411,0.5524565023669836,0.5418849213251552,0.7348719395012013,1.0,0.7479085700586733,0.29988591732547565,0.21396501133942633,0.3124335783426153,0.5431685990833409,0.07143303951198833,0.0,0.0,0.0,0.0,0.0,0.0,0.0,0.1035021369493267,0.0,0.0,0.0,0.0,0.0,0.0,0.0,0.0,0.0,0.14190515758958272,0.4919248568281104,0.6858578290678696,0.3931666202931919,0.03658346960888592,0.0,0.0,0.0,0.0,0.0,0.0,0.16897473431815754
0.0,0.0,0.0,0.0,0.0,0.0,0.0,0.0,0.0,0.0,0.0,0.0,0.0,0.0,0.0,0.0,0.0,0.0,0.0,0.0,0.0,0.0,0.0,0.0,0.0,0.0,0.0,0.0,0.0,0.0,0.0,0.0,0.0,0.0,0.0,0.0,0.0,0.0,0.0,0.0,0.0,0.0,0.0,0.0,0.5420659115460222,0.3080393089152278,0.21789752505691085,0.3090710856262207,0.5429006972717751,0.7354903249114846,0.47019163748164955,0.5487942268345941,0.7479085700586733,1.0,0.20244426818327982,0.05571794272496959,0.10311639670520602,0.3114755307302711,0.017348838674202588,0.0,0.0,0.0,0.0,0.0,0.0,0.0,0.1302068643684269,0.0,0.0,0.0,0.0,0.020670976027379905,0.0,0.0,0.03155684382354708,0.033121128596320326,0.3921312149064991,0.6859460115508905,0.49262410392391903,0.14238994479595854,0.0,0.0,0.0,0.0,0.0,0.0,0.0,0.17533307027289208
