1.0,0.7383101837331238,0.5469745995244542,0.47238591872093005,0.5435383589063773,0.7350213000600251,0.7298188108144611,0.5455442713475745,0.47717825234471095,0.5420659115460222,0.5221499540318574,0.2988394266615378,0.21485714238656844,0.3048852619281686,0.40778244802046454,0.17138843132899398,0.03825424317962133,0.08377896521456205,0.38389053483321095,0.16166055151863398,0.0,0.0,0.43156805599316755,0.24916181938482035,0.06576857370685128,0.03204274986343499,0.30560957414829937,0.15784950197479072,0.0716131295254252,0.00689166464329388,0.4860060592206328,0.15869161526558664,0.25014299622271596,0.24826651407944142,0.16323938323844858,0.034553352022309206,0.0,0.0,0.0,0.0,0.0,0.0,0.0,0.3981954339716708,0.0,0.0,0.0,0.0,0.0,0.0,0.0,0.0,0.0,0.0,0.0,0.0,0.0,0.0,0.0,0.0,0.0,0.0,0.0,0.0,0.0,0.0,0.0,0.0,0.0,0.0,0.0,0.0,0.0,0.0,0.0,0.0,0.0,0.0,0.0,0.0,0.0,0.0,0.0,0.0,0.0,0.0,0.0,0.0
0.7383101837331238,1.0,0.7425828503076629,0.5485779887434068,0.4834465711241129,0.550072250107738,0.5327934271008693,0.30533965313284067,0.2189255819814229,0.3080393089152278,0.4317203741414688,0.1935270045692458,0.050241427142315186,0.08934274579240757,0.4206840808220761,0.22137477595144847,0.050959813702200644,0.032725382770334224,0.431523271095434,0.27455258250326997,0.1301535887287687,0.10336954758221889,0.41274895986041266,0.2625070798398693,0.14588332289719103,0.1524664152220818,0.5479737347845636,0.12110275761182554,0.32375596456436856,0.0,0.6868687234791555,0.25471932951947845,0.16941451086735754,0.03585406795904689,0.0,0.0,0.0,0.0,0.0,0.0,0.0,0.0,0.0,0.2901325775819644,0.0,0.0,0.0,0.0,0.0,0.0,0.0,0.0,0.0,0.0,0.0,0.0,0.0,0.0,0.0,0.0,0.0,0.0,0.0,0.0,0.0,0.0,0.0,0.0,0.0,0.0,0.0,0.0,0.0,0.0,0.0,0.0,0.0,0.0,0.0,0.0,0.0,0.0,0.0,0.0,0.0,0.0,0.0,0.0
0.5469745995244542,0.7425828503076629,1.0,0.7375052029546922,0.5546041638157575,0.481318857926674,0.29708714633498384,0.09637941644338653,0.06676799489375108,0.21789752505691085,0.17504557986884503,0.0,0.0,0.0,0.1860701402496379,8.863336466514016e-05,0.0,0.0,0.2490431566303309,0.145757348207352,0.0,0.0,0.2624092237128676,0.18643210698074902,0.10357338902325658,0.08568361995759137,0.7344831750087589,0.07712895275816427,0.49120851778087166,0.0,0.49269585890233075,0.485032983660491,0.2581138680736761,0.0,0.0,0.0,0.0,0.0,0.0,0.0,0.0,0.0,0.0,0.1196706800078091,0.0,0.0,0.0,0.0,0.0,0.0,0.0,0.0,0.0,0.0,0.0,0.0,0.0,0.0,0.0,0.0,0.0,0.0,0.0,0.0,0.0,0.0,0.0,0.0,0.0,0.0,0.0,0.0,0.13463650221528828,0.0,0.0,0.0,0.0,0.0,0.0,0.0,0.0,0.0,0.0,0.0,0.0,0.0,0.0,0.0
0.47238591872093005,0.5485779887434068,0.7375052029546922,1.0,0.7454812399310746,0.5489892044213378,0.20228782074855042,0.05775089252111655,0.10368461744110756,0.3090710856262207,0.019901181975456705,0.0,0.0,0.0,0.0,0.0,0.0,0.0,0.06563126885598479,0.0,0.0,0.0,0.1457479082957197,0.10352537550293897,0.0,0.0,0.5430378275820644,0.06830459484318123,0.31988164313979783,0.0,0.2561484264692635,0.6862562363061233,0.4914734174671517,0.13649960394969993,0.0,0.0,0.0,0.0,0.0,0.0,0.0,0.0,0.0,0.04262203342969899,0.0,0.0,0.016735655336963445,0.0,0.0,0.0,0.0,0.0,0.0,0.0,0.0,0.0,0.0,0.0,0.0,0.0,0.0,0.0,0.0,0.0,0.0,0.0,0.0,0.0,0.0,0.0,0.2266079146671328,0.0,0.33861914428244416,0.0,0.0,0.020680544462454955,0.0,0.0,0.0,0.0,0.0,0.0,0.0,0.0,0.0,0.0,0.0,0.0
0.5435383589063773,0.4834465711241129,0.5546041638157575,0.7454812399310746,1.0,0.7375452664573363,0.2973070712855232,0.21494838707107214,0.3142124709327409,0.5429006972717751,0.06689626204207634,0.0,0.0,0.0,0.0,0.0,0.0,0.0,0.03195775473151439,0.0,0.0,0.0,0.15239040969903808,0.08569523689166286,0.0,0.0,0.312070231367737,0.09439160148609706,0.07805590807809,0.017550083219015796,0.17053901345606515,0.489465208565237,0.6859237053047023,0.39006363061625887,0.03786525206520391,0.0,0.0,0.0,0.0,0.0,0.0,0.0,0.0,0.10798055780908183,0.0,0.0,0.014259195387923704,0.05933179356781006,0.0,0.0,0.0,0.0,0.0,0.0,0.0,0.0,0.0,0.0,0.0,0.0,0.0,0.0,0.0,0.0,0.0,0.0,0.0,0.0,0.0,0.0,0.17030080722947966,0.0,0.22350009784086347,0.0,0.0,0.11833375582588757,0.0,0.0,0.0,0.0,0.0,0.0,0.0,0.0,0.0,0.0,0.0,0.0
0.7350213000600251,0.550072250107738,0.481318857926674,0.5489892044213378,0.7375452664573363,1.0,0.5375659668905779,0.4766067764871848,0.5524565023669835,0.7354903249114846,0.28585954818500964,0.08633975812501352,0.060589679897204075,0.21507087696332894,0.1534839253161128,0.0,0.0,0.0,0.16163498187566952,0.0,0.0,0.0,0.2745577272173277,0.14584640802087365,0.0,0.0,0.21596976840972726,0.13234109619488293,0.0,0.03611502101653627,0.254335848288,0.252938575527021,0.48746484745564794,0.48483306333761883,0.25591854178319473,0.0,0.0,0.0,0.0,0.0,0.0,0.0,0.0,0.27213202103310974,0.0,0.0,0.0,0.0,0.0,0.0,0.0,0.0,0.0,0.0,0.0,0.0,0.0,0.0,0.0,0.0,0.0,0.0,0.0,0.0,0.0,0.0,0.0,0.0,0.0,0.0,0.0,0.0,0.0,0.0,0.0,0.0,0.0,0.0,0.0,0.0,0.0,0.0,0.0,0.0,0.0,0.0,0.0,0.0
0.7298188108144611,0.5327934271008693,0.29708714633498384,0.20228782074855042,0.2973070712855232,0.5375659668905779,1.0,0.7368510476816573,0.5418849213251552,0.47019163748164977,0.7308256621188949,0.545172054156483,0.47641048799927194,0.5430518789026673,0.5198644742913404,0.2935161319650763,0.21182302352256646,0.3047914211501116,0.40783662138010235,0.1535437448442773,0.017385780555359,0.07142679482356402,0.42079321230333566,0.18620895629725534,0.0,0.0,0.08083922558427245,0.08025301819675455,0.0,0.0,0.3759120641218828,0.0,0.0254775142008739,0.15642000213759422,0.24991933424381155,0.2498164405315549,0.16284181797457398,0.035382210104644644,0.0,0.0,0.0,0.0,0.0,0.4247373987793416,0.0,0.0,0.0,0.0,0.0,0.0,0.0,0.0,0.0,0.0,0.0,0.0,0.0,0.0,0.0,0.0,0.0,0.0,0.0,0.0,0.0,0.0,0.0,0.0,0.0,0.0,0.0,0.0,0.0,0.0,0.0,0.0,0.0,0.0,0.0,0.0,0.0,0.0,0.0,0.0,0.0,0.0,0.0,0.0
0.5455442713475745,0.30533965313284067,0.09637941644338653,0.05775089252111655,0.21494838707107214,0.4766067764871848,0.7368510476816573,1.0,0.7348719395012013,0.5487942268345943,0.5433998474191765,0.47900458589604406,0.5523412914351181,0.7361488874676979,0.29353705063552005,0.08718839055756548,0.059371295753635485,0.2159695902652845,0.17146582288526693,0.0,0.0,0.0,0.22152484744400164,0.0002715153223391224,0.0,0.0,0.0,0.0,0.0,0.0,0.12425945959229523,0.0,0.0,0.25241138672518193,0.4859540015658718,0.4857160566828295,0.25577043092390905,0.0,0.0,0.0,0.0,0.0,0.0,0.27081067784325313,0.0,0.0,0.0,0.0,0.0,0.0,0.0,0.0,0.0,0.0,0.0,0.0,0.0,0.0,0.0,0.0,0.0,0.0,0.0,0.0,0.0,0.0,0.0,0.0,0.0,0.0,0.0,0.0,0.0,0.0,0.0,0.0,0.0,0.0,0.0,0.0,0.0,0.0,0.0,0.0,0.0,0.0,0.0,0.0
0.47717825234471095,0.2189255819814229,0.06676799489375108,0.10368461744110756,0.3142124709327409,0.5524565023669835,0.5418849213251552,0.7348719395012013,1.0,0.7479085700586733,0.2998859173254755,0.21396501133942616,0.3124335783426153,0.5431685990833409,0.071433039511988,0.0,0.0,0.0,0.0,0.0,0.0,0.0,0.10350213694932653,0.0,0.0,0.0,0.0,0.0,0.0,0.0,0.0,0.0,0.14190515758958272,0.49192485682811044,0.68585782906787,0.3931666202931919,0.03658346960888576,0.0,0.0,0.0,0.0,0.0,0.0,0.16897473431815738,0.0,0.0,0.0,0.0,0.0,0.0,0.0,0.0,0.0,0.0,0.0,0.0,0.0,0.0,0.0,0.0,0.0,0.0,0.0,0.0,0.0,0.0,0.0,0.0,0.0,0.0,0.0,0.0,0.0,0.0,0.0,0.0,0.0,0.0,0.0,0.0,0.0,0.0,0.0,0.0,0.0,0.0,0.0,0.0
0.5420659115460222,0.3080393089152278,0.21789752505691085,0.3090710856262207,0.5429006972717751,0.7354903249114846,0.47019163748164977,0.5487942268345943,0.7479085700586733,1.0,0.20244426818327999,0.05571794272496959,0.10311639670520618,0.3114755307302711,0.017348838674202588,0.0,0.0,0.0,0.0,0.0,0.0,0.0,0.13020686436842707,0.0,0.0,0.0,0.0,0.020670976027379905,0.0,0.0,0.03155684382354724,0.033121128596320326,0.39213121490649916,0.6859460115508905,0.49262410392391903,0.14238994479595854,0.0,0.0,0.0,0.0,0.0,0.0,0.0,0.17533307027289208,0.0,0.0,0.0,0.0,0.0,0.0,0.0,0.0,0.0,0.0,0.0,0.0,0.0,0.0,0.0,0.0,0.0,0.0,0.0,0.0,0.0,0.0,0.0,0.0,0.0,0.0,0.0,0.0,0.0,0.0,0.0,0.0,0.0,0.0,0.0,0.0,0.0,0.0,0.0,0.0,0.0,0.0,0.0,0.0
0.5221499540318574,0.4317203741414688,0.17504557986884503,0.019901181975456705,0.06689626204207634,0.28585954818500964,0.7308256621188949,0.5433998474191765,0.2998859173254755,0.20244426818327999,1.0,0.7354327964742932,0.5421426695665045,0.4746557826594304,0.7308368711460824,0.5434004490629163,0.47465168728056206,0.5421421350495903,0.5221861509596297,0.2858941791963233,0.2024762877669371,0.2998947978541802,0.43178831727266853,0.1751161637146004,0.019972898661982888,0.06694566909391639,0.012176343492352377,0.012246408207593524,0.0,0.0,0.3753782811429084,0.0,0.0,0.0,0.03131848978619721,0.16109971210780344,0.24914525716641597,0.2491460927515961,0.16110079859427237,0.03131953965641579,0.0,0.0,0.0,0.3754496728236121,0.0,0.0,0.0,0.0,0.0,0.0,0.0,0.0,0.0,0.0,0.0,0.0,0.0,0.0,0.0,0.0,0.0,0.0,0.0,0.0,0.0,0.0,0.0,0.0,0.0,0.0,0.0,0.0,0.0,0.0,0.0,0.0,0.0,0.0,0.0,0.0,0.0,0.0,0.0,0.0,0.0,0.0,0.0,0.0
0.2988394266615378,0.1935270045692458,0.0,0.0,0.0,0.08633975812501352,0.545172054156483,0.47900458589604406,0.21396501133942616,0.05571794272496959,0.7354327964742932,1.0,0.7361589910101919,0.5512995649138863,0.545187366043427,0.47900443849953067,0.5512966900626146,0.7361602265914592,0.2988786936479665,0.08636221580336964,0.05573264499355686,0.21396197017285887,0.19361777086713866,0.0,0.0,0.0,0.0,0.0,0.0,0.0,0.1508113068631812,0.0,0.0,0.0,0.0,0.2546574774696774,0.4862234589673983,0.48622498071400705,0.25465939950927086,0.0,0.0,0.0,0.0,0.1509364237959373,0.0,0.0,0.0,0.0,0.0,0.0,0.0,0.0,0.0,0.0,0.0,0.0,0.0,0.0,0.0,0.0,0.0,0.0,0.0,0.0,0.0,0.0,0.0,0.0,0.0,0.0,0.0,0.0,0.0,0.0,0.0,0.0,0.0,0.0,0.0,0.0,0.0,0.0,0.0,0.0,0.0,0.0,0.0,0.0
0.21485714238656844,0.050241427142315186,0.0,0.0,0.0,0.060589679897204075,0.47641048799927194,0.5523412914351181,0.3124335783426153,0.10311639670520618,0.5421426695665045,0.7361589910101919,1.0,0.7473503465671635,0.3048146061014739,0.21597289192524952,0.3119604543289668,0.5435016381925477,0.08384067929532003,0.0,0.0,0.0,0.03285740617208202,0.0,0.0,0.0,0.0,0.0,0.0,0.0,0.0,0.0,0.0,0.0,0.14254034917080302,0.49137827925307825,0.6858870590772309,0.3933459306765401,0.03534829853977404,0.0,0.0,0.0,0.0,0.03760047767545583,0.0,0.0,0.0,0.0,0.0,0.0,0.0,0.0,0.0,0.0,0.0,0.0,0.0,0.0,0.0,0.0,0.0,0.0,0.0,0.0,0.0,0.0,0.0,0.0,0.0,0.0,0.0,0.0,0.0,0.0,0.0,0.0,0.0,0.0,0.0,0.0,0.0,0.0,0.0,0.0,0.0,0.0,0.0,0.0
0.3048852619281686,0.08934274579240757,0.0,0.0,0.0,0.21507087696332894,0.5430518789026673,0.7361488874676979,0.5431685990833409,0.3114755307302711,0.4746557826594304,0.5512995649138863,0.7473503465671635,1.0,0.21185667105063527,0.059383644499278646,0.10276909560465342,0.3119643897693426,0.03834129942211122,0.0,0.0,0.0,0.05112643693289984,0.0,0.0,0.0,0.0,0.0,0.0,0.0,0.0,0.0,0.0,0.03565338955575878,0.39421387520687046,0.6859100534210204,0.4914729611286634,0.14154157863183808,0.0,0.0,0.0,0.0,0.0,0.09353071735335032,0.0,0.0,0.0,0.0,0.0,0.0,0.0,0.0,0.0,0.0,0.0,0.0,0.0,0.0,0.0,0.0,0.0,0.0,0.0,0.0,0.0,0.0,0.0,0.0,0.0,0.0,0.0,0.0,0.0,0.0,0.0,0.0,0.0,0.0,0.0,0.0,0.0,0.0,0.0,0.0,0.0,0.0,0.0,0.0
0.40778244802046454,0.4206840808220761,0.1860701402496379,0.0,0.0,0.1534839253161128,0.5198644742913404,0.29353705063552005,0.071433039511988,0.017348838674202588,0.7308368711460824,0.545187366043427,0.3048146061014739,0.21185667105063527,1.0,0.7368522196076669,0.5430547166786941,0.4764192653308368,0.7298304919676555,0.5375773107063256,0.47021106054829387,0.5418927239855867,0.532822410159832,0.2971133386371277,0.2023173209633745,0.29732351721149347,0.08010521645551617,0.08086382811076027,0.0,0.0,0.4246394652429181,0.0,0.0,0.0,0.0,0.0,0.03540590064367046,0.1628551686809641,0.24982222617595307,0.24992482110721928,0.15643830588661428,0.025487670713184585,0.0,0.37594338698982016,0.0,0.0,0.0,0.0,0.0,0.0,0.0,0.0,0.0,0.0,0.0,0.0,0.0,0.0,0.0,0.0,0.0,0.0,0.0,0.0,0.0,0.0,0.0,0.0,0.0,0.0,0.0,0.0,0.0,0.0,0.0,0.0,0.0,0.0,0.0,0.0,0.0,0.0,0.0,0.0,0.0,0.0,0.0,0.0
0.17138843132899398,0.22137477595144847,8.863336466514016e-05,0.0,0.0,0.0,0.2935161319650763,0.08718839055756548,0.0,0.0,0.5434004490629163,0.47900443849953067,0.21597289192524952,0.059383644499278646,0.7368522196076669,1.0,0.7361436465600047,0.552335132809524,0.5455482018792399,0.47659742736626803,0.5487947165893613,0.7348695165358496,0.3053658830994491,0.09639233898390272,0.057754483358339506,0.21493656123491192,0.0,0.0,0.0,0.0,0.2706456069187909,0.0,0.0,0.0,0.0,0.0,0.0,0.2557677793897836,0.48571436997766854,0.48595181565538587,0.2524120629777159,0.0,0.0,0.12430500894535411,0.0,0.0,0.0,0.0,0.0,0.0,0.0,0.0,0.0,0.0,0.0,0.0,0.0,0.0,0.0,0.0,0.0,0.0,0.0,0.0,0.0,0.0,0.0,0.0,0.0,0.0,0.0,0.0,0.0,0.0,0.0,0.0,0.0,0.0,0.0,0.0,0.0,0.0,0.0,0.0,0.0,0.0,0.0,0.0
0.03825424317962133,0.050959813702200644,0.0,0.0,0.0,0.0,0.21182302352256646,0.059371295753635485,0.0,0.0,0.47465168728056206,0.5512966900626146,0.3119604543289668,0.10276909560465342,0.5430547166786941,0.7361436465600047,1.0,0.747345786338389,0.304894356785432,0.21505488982459922,0.3114581759685653,0.5431465959375331,0.08938941325356622,0.0,0.0,0.0,0.0,0.0,0.0,0.0,0.09332666870597658,0.0,0.0,0.0,0.0,0.0,0.14154093278402827,0.49147201306354144,0.6859157134074466,0.394183365625845,0.035632380728505934,0.0,0.0,0.0,0.0,0.0,0.0,0.0,0.0,0.0,0.0,0.0,0.0,0.0,0.0,0.0,0.0,0.0,0.0,0.0,0.0,0.0,0.0,0.0,0.0,0.0,0.0,0.0,0.0,0.0,0.0,0.0,0.0,0.0,0.0,0.0,0.0,0.0,0.0,0.0,0.0,0.0,0.0,0.0,0.0,0.0,0.0,0.0
0.08377896521456205,0.032725382770334224,0.0,0.0,0.0,0.0,0.3047914211501116,0.2159695902652845,0.0,0.0,0.5421421350495903,0.7361602265914592,0.5435016381925477,0.3119643897693426,0.4764192653308368,0.552335132809524,0.747345786338389,1.0,0.21488017764149286,0.060586075714803976,0.10310571591149942,0.31241344277224614,0.05031471407726467,0.0,0.0,0.0,0.0,0.0,0.0,0.0,0.03742419849531793,0.0,0.0,0.0,0.0,0.035349509307819695,0.39334813192103524,0.6858898693707106,0.49137828567479724,0.1425062743713,0.0,0.0,0.0,0.0,0.0,0.0,0.0,0.0,0.0,0.0,0.0,0.0,0.0,0.0,0.0,0.0,0.0,0.0,0.0,0.0,0.0,0.0,0.0,0.0,0.0,0.0,0.0,0.0,0.0,0.0,0.0,0.0,0.0,0.0,0.0,0.0,0.0,0.0,0.0,0.0,0.0,0.0,0.0,0.0,0.0,0.0,0.0,0.0
0.38389053483321095,0.431523271095434,0.2490431566303309,0.06563126885598479,0.03195775473151439,0.16163498187566952,0.40783662138010235,0.17146582288526693,0.0,0.0,0.5221861509596297,0.2988786936479665,0.08384067929532003,0.03834129942211122,0.7298304919676555,0.5455482018792399,0.304894356785432,0.21488017764149286,1.0,0.7350243036488248,0.542074426430438,0.47718396047625006,0.7383139728825562,0.5469828850808875,0.47240430379050763,0.5435480985720609,0.1577143077332425,0.30561489197239095,0.006745149960305425,0.07161868439410267,0.39820846352821543,0.0,0.0,0.0,0.0,0.0,0.0,0.0,0.034560489004015406,0.16324483200287812,0.24827131368236377,0.2501501573184471,0.15870904433873204,0.48600330425099764,0.0,0.0,0.0,0.0,0.0,0.0,0.0,0.0,0.0,0.0,0.0,0.0,0.0,0.0,0.0,0.0,0.0,0.0,0.0,0.0,0.0,0.0,0.0,0.0,0.0,0.0,0.0,0.0,0.0,0.0,0.0,0.0,0.0,0.0,0.0,0.0,0.0,0.0,0.0,0.0,0.0,0.0,0.0,0.0
0.16166055151863398,0.27455258250326997,0.145757348207352,0.0,0.0,0.0,0.1535437448442773,0.0,0.0,0.0,0.2858941791963233,0.08636221580336964,0.0,0.0,0.5375773107063256,0.47659742736626803,0.21505488982459922,0.060586075714803976,0.7350243036488248,1.0,0.7354857652001912,0.5524481888822932,0.5500629130432773,0.48130789444211447,0.5489872501676735,0.7375430223599144,0.1322230343995161,0.2159601138289154,0.035973104788070816,0.0,0.27218925470991584,0.0,0.0,0.0,0.0,0.0,0.0,0.0,0.0,0.25590954502259444,0.48482791421213967,0.4874618019119,0.2529386475198649,0.2543257172365808,0.0,0.0,0.0,0.0,0.0,0.0,0.0,0.0,0.0,0.0,0.0,0.0,0.0,0.0,0.0,0.0,0.0,0.0,0.0,0.0,0.0,0.0,0.0,0.0,0.0,0.0,0.0,0.0,0.0,0.0,0.0,0.0,0.0,0.0,0.0,0.0,0.0,0.0,0.0,0.0,0.0,0.0,0.0,0.0
0.0,0.1301535887287687,0.0,0.0,0.0,0.0,0.017385780555359,0.0,0.0,0.0,0.2024762877669371,0.05573264499355686,0.0,0.0,0.47021106054829387,0.5487947165893613,0.3114581759685653,0.10310571591149942,0.542074426430438,0.7354857652001912,1.0,0.7479085656643648,0.30803977612029404,0.21788384283764464,0.30905175821608777,0.5428764676330305,0.020502329003648293,0.0,0.0,0.0,0.1753202260713415,0.0,0.0,0.0,0.0,0.0,0.0,0.0,0.14235771716077517,0.49262123687613607,0.6859442044283697,0.3920934118183154,0.033099608085957445,0.03156509694387283,0.0,0.0,0.0,0.0,0.0,0.0,0.0,0.0,0.0,0.0,0.0,0.0,0.0,0.0,0.0,0.0,0.0,0.0,0.0,0.0,0.0,0.0,0.0,0.0,0.0,0.0,0.0,0.0,0.0,0.0,0.0,0.0,0.0,0.0,0.0,0.0,0.0,0.0,0.0,0.0,0.0,0.0,0.0,0.0
0.0,0.10336954758221889,0.0,0.0,0.0,0.0,0.07142679482356402,0.0,0.0,0.0,0.2998947978541802,0.21396197017285887,0.0,0.0,0.5418927239855867,0.7348695165358496,0.5431465959375331,0.31241344277224614,0.47718396047625006,0.5524481888822932,0.7479085656643648,1.0,0.21894099480564294,0.0667689576721082,0.10367599925517212,0.3141933362500571,0.0,0.0,0.0,0.0,0.16884649506681587,0.0,0.0,0.0,0.0,0.0,0.0,0.036561911308065194,0.3931349152710487,0.6858574820204975,0.4919273449701912,0.14186984783978115,0.0,0.0,0.0,0.0,0.0,0.0,0.0,0.0,0.0,0.0,0.0,0.0,0.0,0.0,0.0,0.0,0.0,0.0,0.0,0.0,0.0,0.0,0.0,0.0,0.0,0.0,0.0,0.0,0.0,0.0,0.0,0.0,0.0,0.0,0.0,0.0,0.0,0.0,0.0,0.0,0.0,0.0,0.0,0.0,0.0,0.0
0.43156805599316755,0.41274895986041266,0.2624092237128676,0.1457479082957197,0.15239040969903808,0.2745577272173277,0.42079321230333566,0.22152484744400164,0.10350213694932653,0.13020686436842707,0.43178831727266853,0.19361777086713866,0.03285740617208202,0.05112643693289984,0.532822410159832,0.3053658830994491,0.08938941325356622,0.05031471407726467,0.7383139728825562,0.5500629130432773,0.30803977612029404,0.21894099480564294,1.0,0.7425804175598473,0.548579023707813,0.4834383330283131,0.12098615347759126,0.5479698561905252,0.0,0.3237536918906538,0.2901947701967916,0.0,0.0,0.0,0.0,0.0,0.0,0.0,0.0,0.0,0.03584354028278247,0.16940695883617155,0.2547178940503531,0.6868632351664739,0.0,0.0,0.0,0.0,0.0,0.0,0.0,0.0,0.0,0.0,0.0,0.0,0.0,0.0,0.0,0.0,0.0,0.0,0.0,0.0,0.0,0.0,0.0,0.0,0.0,0.0,0.0,0.0,0.0,0.0,0.0,0.0,0.0,0.0,0.0,0.0,0.0,0.0,0.0,0.0,0.0,0.0,0.0,0.0
0.24916181938482035,0.2625070798398693,0.18643210698074902,0.10352537550293897,0.08569523689166286,0.14584640802087365,0.18620895629725534,0.0002715153223391224,0.0,0.0,0.1751161637146004,0.0,0.0,0.0,0.2971133386371277,0.09639233898390272,0.0,0.0,0.5469828850808875,0.48130789444211447,0.21788384283764464,0.0667689576721082,0.7425804175598473,1.0,0.7375044001434173,0.5545942316314781,0.07709729279800653,0.7344842977652806,0.0,0.49121111489293956,0.11982012941379518,0.0,0.0,0.0,0.0,0.0,0.0,0.0,0.0,0.0,0.0,0.25810601889734985,0.4850309382946207,0.4926843700667159,0.0,0.0,0.0,0.0,0.0,0.0,0.0,0.0,0.0,0.0,0.0,0.0,0.0,0.0,0.0,0.0,0.0,0.0,0.0,0.0,0.0,0.0,0.0,0.0,0.0,0.0,0.0,0.0,0.0,0.0,0.0,0.0,0.0,0.0,0.0,0.0,0.0,0.0,0.0,0.0,0.0,0.0,0.0,0.0
0.06576857370685128,0.14588332289719103,0.10357338902325658,0.0,0.0,0.0,0.0,0.0,0.0,0.0,0.019972898661982888,0.0,0.0,0.0,0.2023173209633745,0.057754483358339506,0.0,0.0,0.47240430379050763,0.5489872501676735,0.30905175821608777,0.10367599925517212,0.548579023707813,0.7375044001434173,1.0,0.7454778532085972,0.0683219089954288,0.5430369644608628,0.0,0.3198813341880065,0.042813885518508295,0.0,0.0,0.0,0.0,0.0,0.0,0.0,0.0,0.0,0.1364625323168824,0.4914696311321336,0.6862552004965573,0.25614038040393755,0.0,0.0,0.0,0.0,0.0,0.0,0.0,0.0,0.0,0.0,0.0,0.0,0.0,0.0,0.0,0.0,0.0,0.0,0.0,0.0,0.0,0.0,0.0,0.0,0.0,0.0,0.0,0.0,0.0,0.0,0.0,0.0,0.0,0.0,0.0,0.0,0.0,0.0,0.0,0.0,0.0,0.0,0.0,0.0
0.03204274986343499,0.1524664152220818,0.08568361995759137,0.0,0.0,0.0,0.0,0.0,0.0,0.0,0.06694566909391639,0.0,0.0,0.0,0.29732351721149347,0.21493656123491192,0.0,0.0,0.5435480985720609,0.7375430223599144,0.5428764676330305,0.3141933362500571,0.4834383330283131,0.5545942316314781,0.7454778532085972,1.0,0.09435046781950371,0.31206304139386776,0.017476650256456717,0.07805027068226134,0.10812152980296919,0.0,0.0,0.0,0.0,0.0,0.0,0.0,0.0,0.03784119395317856,0.3900279343986462,0.6859243529402114,0.48946724701922406,0.17052579347444521,0.0,0.0,0.0,0.0,0.0,0.0,0.0,0.0,0.0,0.0,0.0,0.0,0.0,0.0,0.0,0.0,0.0,0.0,0.0,0.0,0.0,0.0,0.0,0.0,0.0,0.0,0.0,0.0,0.0,0.0,0.0,0.0,0.0,0.0,0.0,0.0,0.0,0.0,0.0,0.0,0.0,0.0,0.0,0.0
0.30560957414829937,0.5479737347845636,0.7344831750087589,0.5430378275820644,0.312070231367737,0.21596976840972726,0.08083922558427245,0.0,0.0,0.0,0.012176343492352377,0.0,0.0,0.0,0.08010521645551617,0.0,0.0,0.0,0.1577143077332425,0.1322230343995161,0.020502329003648293,0.0,0.12098615347759126,0.07709729279800653,0.0683219089954288,0.09435046781950371,1.0,0.0,0.7567237442073771,0.0,0.39975318183984593,0.38933104465831236,0.03550821126209512,0.0,0.0,0.0,0.0,0.0,0.0,0.0,0.0,0.0,0.0,0.0,0.0,0.0,0.0,0.0,0.0,0.0,0.0,0.0,0.0,0.0,0.0,0.0,0.0,0.0,0.0,0.0,0.0,0.0,0.0,0.0,0.0,0.0,0.0,0.0,0.0,0.0,0.0,0.0,0.10713182263977068,0.0,0.0,0.0,0.0,0.0,0.0,0.0,0.0,0.0,0.0,0.0,0.0,0.0,0.0,0.0
0.15784950197479072,0.12110275761182554,0.07712895275816427,0.06830459484318123,0.09439160148609706,0.13234109619488293,0.08025301819675455,0.0,0.0,0.020670976027379905,0.012246408207593524,0.0,0.0,0.0,0.08086382811076027,0.0,0.0,0.0,0.30561489197239095,0.2159601138289154,0.0,0.0,0.5479698561905252,0.7344842977652806,0.5430369644608628,0.31206304139386776,0.0,1.0,0.0,0.7567252109353045,0.0,0.0,0.0,0.0,0.0,0.0,0.0,0.0,0.0,0.0,0.0,0.0355040153712434,0.38932781351803114,0.39973696496122035,0.0,0.0,0.0,0.0,0.0,0.0,0.0,0.0,0.0,0.0,0.0,0.0,0.0,0.0,0.0,0.0,0.0,0.0,0.0,0.0,0.0,0.0,0.0,0.0,0.0,0.0,0.0,0.0,0.0,0.0,0.0,0.0,0.0,0.0,0.0,0.0,0.0,0.0,0.0,0.0,0.0,0.0,0.0,0.0
0.0716131295254252,0.32375596456436856,0.49120851778087166,0.31988164313979783,0.07805590807809,0.0,0.0,0.0,0.0,0.0,0.0,0.0,0.0,0.0,0.0,0.0,0.0,0.0,0.006745149960305425,0.035973104788070816,0.0,0.0,0.0,0.0,0.0,0.017476650256456717,0.7567237442073771,0.0,1.0,0.0,0.23312131819694173,0.22327442318618362,0.0,0.0,0.0,0.0,0.0,0.0,0.0,0.0,0.0,0.0,0.0,0.0,0.0,0.0,0.0,0.0,0.0,0.0,0.0,0.0,0.0,0.0,0.0,0.0,0.0,0.0,0.0,0.0,0.0,0.0,0.0,0.0,0.0,0.0,0.0,0.0,0.0,0.0,0.0,0.0,0.0020732970013155197,0.0,0.0,0.0,0.0,0.0,0.0,0.0,0.0,0.0,0.0,0.0,0.0,0.0,0.0,0.0
0.00689166464329388,0.0,0.0,0.0,0.017550083219015796,0.03611502101653627,0.0,0.0,0.0,0.0,0.0,0.0,0.0,0.0,0.0,0.0,0.0,0.0,0.07161868439410267,0.0,0.0,0.0,0.3237536918906538,0.49121111489293956,0.3198813341880065,0.07805027068226134,0.0,0.7567252109353045,0.0,1.0,0.0,0.0,0.0,0.0,0.0,0.0,0.0,0.0,0.0,0.0,0.0,0.0,0.22327078733936384,0.233105997074111,0.0,0.0,0.0,0.0,0.0,0.0,0.0,0.0,0.0,0.0,0.0,0.0,0.0,0.0,0.0,0.0,0.0,0.0,0.0,0.0,0.0,0.0,0.0,0.0,0.0,0.0,0.0,0.0,0.0,0.0,0.0,0.0,0.0,0.0,0.0,0.0,0.0,0.0,0.0,0.0,0.0,0.0,0.0,0.0
0.4860060592206328,0.6868687234791555,0.49269585890233075,0.2561484264692635,0.17053901345606515,0.254335848288,0.3759120641218828,0.12425945959229523,0.0,0.03155684382354724,0.3753782811429084,0.1508113068631812,0.0,0.0,0.4246394652429181,0.2706456069187909,0.09332666870597658,0.03742419849531793,0.39820846352821543,0.27218925470991584,0.1753202260713415,0.16884649506681587,0.2901947701967916,0.11982012941379518,0.042813885518508295,0.10812152980296919,0.39975318183984593,0.0,0.23312131819694173,0.0,1.0,0.0,0.0,0.0,0.0,0.0,0.0,0.0,0.0,0.0,0.0,0.0,0.0,0.16687083424427307,0.0,0.0,0.0,0.0,0.0,0.0,0.0,0.0,0.0,0.0,0.0,0.0,0.0,0.0,0.0,0.0,0.0,0.0,0.0,0.0,0.0,0.0,0.0,0.0,0.0,0.0,0.0,0.0,0.0,0.0,0.0,0.0,0.0,0.0,0.0,0.0,0.0,0.0,0.0,0.0,0.0,0.0,0.0,0.0
0.15869161526558664,0.25471932951947845,0.485032983660491,0.6862562363061233,0.489465208565237,0.252938575527021,0.0,0.0,0.0,0.033121128596320326,0.0,0.0,0.0,0.0,0.0,0.0,0.0,0.0,0.0,0.0,0.0,0.0,0.0,0.0,0.0,0.0,0.38933104465831236,0.0,0.22327442318618362,0.0,0.0,1.0,0.40669266829402917,0.0,0.0,0.0,0.0,0.0,0.0,0.0,0.0,0.0,0.0,0.0,0.0,0.0,0.06693394296738671,0.0,0.0,0.0,0.0,0.0,0.0,0.0,0.0,0.0,0.0,0.0,0.0,0.0,0.0,0.0,0.0,0.0,0.0,0.0,0.0,0.0,0.0,0.0,0.36712165572024685,0.0,0.5393317196605873,0.0,0.0,0.0,0.0,0.0,0.0,0.0,0.0,0.0,0.0,0.0,0.0,0.0,0.0,0.0
0.25014299622271596,0.16941451086735754,0.2581138680736761,0.4914734174671517,0.6859237053047023,0.48746484745564794,0.0254775142008739,0.0,0.14190515758958272,0.39213121490649916,0.0,0.0,0.0,0.0,0.0,0.0,0.0,0.0,0.0,0.0,0.0,0.0,0.0,0.0,0.0,0.0,0.03550821126209512,0.0,0.0,0.0,0.0,0.40669266829402917,1.0,0.4191666720515124,0.0,0.0,0.0,0.0,0.0,0.0,0.0,0.0,0.0,0.0,0.0,0.0,0.063873512067747,0.16192770079572846,0.0,0.0,0.0,0.0,0.0,0.0,0.0,0.0,0.0,0.0,0.0,0.0,0.0,0.0,0.0,0.0,0.0,0.0,0.0,0.0,0.0,0.0,0.21238615310124354,0.0,0.21615381813780496,0.0,0.0,0.24870245830875928,0.0,0.0,0.0,0.0,0.0,0.0,0.0,0.0,0.0,0.0,0.0,0.0
0.24826651407944142,0.03585406795904689,0.0,0.13649960394969993,0.39006363061625887,0.48483306333761883,0.15642000213759422,0.25241138672518193,0.49192485682811044,0.6859460115508905,0.0,0.0,0.0,0.03565338955575878,0.0,0.0,0.0,0.0,0.0,0.0,0.0,0.0,0.0,0.0,0.0,0.0,0.0,0.0,0.0,0.0,0.0,0.0,0.4191666720515124,1.0,0.40868143286906405,0.0,0.0,0.0,0.0,0.0,0.0,0.0,0.0,0.0,0.0,0.0,0.0,0.0,0.0,0.0,0.0,0.0,0.0,0.0,0.0,0.0,0.0,0.0,0.0,0.0,0.0,0.0,0.0,0.0,0.0,0.0,0.0,0.0,0.0,0.0,0.0,0.0,0.0,0.0,0.0,0.0,0.0,0.0,0.0,0.0,0.0,0.0,0.0,0.0,0.0,0.0,0.0,0.0
0.16323938323844858,0.0,0.0,0.0,0.03786525206520391,0.25591854178319473,0.24991933424381155,0.4859540015658718,0.68585782906787,0.49262410392391903,0.03131848978619721,0.0,0.14254034917080302,0.39421387520687046,0.0,0.0,0.0,0.0,0.0,0.0,0.0,0.0,0.0,0.0,0.0,0.0,0.0,0.0,0.0,0.0,0.0,0.0,0.0,0.40868143286906405,1.0,0.4256502976575019,0.0,0.0,0.0,0.0,0.0,0.0,0.0,0.0,0.0,0.0,0.0,0.0,0.0,0.0,0.0,0.0,0.0,0.0,0.0,0.0,0.0,0.0,0.0,0.0,0.0,0.0,0.0,0.0,0.0,0.0,0.0,0.0,0.0,0.0,0.0,0.0,0.0,0.0,0.0,0.0,0.0,0.0,0.0,0.0,0.0,0.0,0.0,0.0,0.0,0.0,0.0,0.0
0.034553352022309206,0.0,0.0,0.0,0.0,0.0,0.2498164405315549,0.4857160566828295,0.3931666202931919,0.14238994479595854,0.16109971210780344,0.2546574774696774,0.49137827925307825,0.6859100534210204,0.0,0.0,0.0,0.035349509307819695,0.0,0.0,0.0,0.0,0.0,0.0,0.0,0.0,0.0,0.0,0.0,0.0,0.0,0.0,0.0,0.0,0.4256502976575019,1.0,0.40652616260786956,0.0,0.0,0.0,0.0,0.0,0.0,0.0,0.0,0.0,0.0,0.0,0.0,0.0,0.0,0.0,0.0,0.0,0.0,0.0,0.0,0.0,0.0,0.0,0.0,0.0,0.0,0.0,0.0,0.0,0.0,0.0,0.0,0.0,0.0,0.0,0.0,0.0,0.0,0.0,0.0,0.0,0.0,0.0,0.0,0.0,0.0,0.0,0.0,0.0,0.0,0.0
0.0,0.0,0.0,0.0,0.0,0.0,0.16284181797457398,0.25577043092390905,0.03658346960888576,0.0,0.24914525716641597,0.4862234589673983,0.6858870590772309,0.4914729611286634,0.03540590064367046,0.0,0.14154093278402827,0.39334813192103524,0.0,0.0,0.0,0.0,0.0,0.0,0.0,0.0,0.0,0.0,0.0,0.0,0.0,0.0,0.0,0.0,0.0,0.40652616260786956,1.0,0.42405216994521455,0.0,0.0,0.0,0.0,0.0,0.0,0.0,0.0,0.0,0.0,0.0,0.0,0.0,0.0,0.0,0.0,0.0,0.0,0.0,0.0,0.0,0.0,0.0,0.0,0.0,0.0,0.0,0.0,0.0,0.0,0.0,0.0,0.0,0.0,0.0,0.0,0.0,0.0,0.0,0.0,0.0,0.0,0.0,0.0,0.0,0.0,0.0,0.0,0.0,0.0
0.0,0.0,0.0,0.0,0.0,0.0,0.035382210104644644,0.0,0.0,0.0,0.2491460927515961,0.48622498071400705,0.3933459306765401,0.14154157863183808,0.1628551686809641,0.2557677793897836,0.49147201306354144,0.6858898693707106,0.0,0.0,0.0,0.036561911308065194,0.0,0.0,0.0,0.0,0.0,0.0,0.0,0.0,0.0,0.0,0.0,0.0,0.0,0.0,0.42405216994521455,1.0,0.40652579511271014,0.0,0.0,0.0,0.0,0.0,0.0,0.0,0.0,0.0,0.0,0.0,0.0,0.0,0.0,0.0,0.0,0.0,0.0,0.0,0.0,0.0,0.0,0.0,0.0,0.0,0.0,0.0,0.0,0.0,0.0,0.0,0.0,0.0,0.0,0.0,0.0,0.0,0.0,0.0,0.0,0.0,0.0,0.0,0.0,0.0,0.0,0.0,0.0,0.0
0.0,0.0,0.0,0.0,0.0,0.0,0.0,0.0,0.0,0.0,0.16110079859427237,0.25465939950927086,0.03534829853977404,0.0,0.24982222617595307,0.48571436997766854,0.6859157134074466,0.49137828567479724,0.034560489004015406,0.0,0.14235771716077517,0.3931349152710487,0.0,0.0,0.0,0.0,0.0,0.0,0.0,0.0,0.0,0.0,0.0,0.0,0.0,0.0,0.0,0.40652579511271014,1.0,0.42558700967871466,0.0,0.0,0.0,0.0,0.0,0.0,0.0,0.0,0.0,0.0,0.0,0.0,0.0,0.0,0.0,0.0,0.0,0.0,0.0,0.0,0.0,0.0,0.0,0.0,0.0,0.0,0.0,0.0,0.0,0.0,0.0,0.0,0.0,0.0,0.0,0.0,0.0,0.0,0.0,0.0,0.0,0.0,0.0,0.0,0.0,0.0,0.0,0.0
0.0,0.0,0.0,0.0,0.0,0.0,0.0,0.0,0.0,0.0,0.03131953965641579,0.0,0.0,0.0,0.24992482110721928,0.48595181565538587,0.394183365625845,0.1425062743713,0.16324483200287812,0.25590954502259444,0.49262123687613607,0.6858574820204975,0.0,0.0,0.0,0.03784119395317856,0.0,0.0,0.0,0.0,0.0,0.0,0.0,0.0,0.0,0.0,0.0,0.0,0.42558700967871466,1.0,0.4086830459658696,0.0,0.0,0.0,0.0,0.0,0.0,0.0,0.0,0.0,0.0,0.0,0.0,0.0,0.0,0.0,0.0,0.0,0.0,0.0,0.0,0.0,0.0,0.0,0.0,0.0,0.0,0.0,0.0,0.0,0.0,0.0,0.0,0.0,0.0,0.0,0.0,0.0,0.0,0.0,0.0,0.0,0.0,0.0,0.0,0.0,0.0,0.0
0.0,0.0,0.0,0.0,0.0,0.0,0.0,0.0,0.0,0.0,0.0,0.0,0.0,0.0,0.15643830588661428,0.2524120629777159,0.035632380728505934,0.0,0.24827131368236377,0.48482791421213967,0.6859442044283697,0.4919273449701912,0.03584354028278247,0.0,0.1364625323168824,0.3900279343986462,0.0,0.0,0.0,0.0,0.0,0.0,0.0,0.0,0.0,0.0,0.0,0.0,0.0,0.4086830459658696,1.0,0.4190950671805787,0.0,0.0,0.0,0.0,0.0,0.0,0.0,0.0,0.0,0.0,0.0,0.0,0.0,0.0,0.0,0.0,0.0,0.0,0.0,0.0,0.0,0.0,0.0,0.0,0.0,0.0,0.0,0.0,0.0,0.0,0.0,0.0,0.0,0.0,0.0,0.0,0.0,0.0,0.0,0.0,0.0,0.0,0.0,0.0,0.0,0.0
0.0,0.0,0.0,0.0,0.0,0.0,0.0,0.0,0.0,0.0,0.0,0.0,0.0,0.0,0.025487670713184585,0.0,0.0,0.0,0.2501501573184471,0.4874618019119,0.3920934118183154,0.14186984783978115,0.16940695883617155,0.25810601889734985,0.4914696311321336,0.6859243529402114,0.0,0.0355040153712434,0.0,0.0,0.0,0.0,0.0,0.0,0.0,0.0,0.0,0.0,0.0,0.0,0.4190950671805787,1.0,0.406697508986508,0.0,0.0,0.0,0.0,0.0,0.0,0.0,0.0,0.0,0.0,0.0,0.0,0.0,0.0,0.0,0.0,0.0,0.0,0.0,0.0,0.0,0.0,0.0,0.0,0.0,0.0,0.0,0.0,0.0,0.0,0.0,0.0,0.0,0.0,0.0,0.0,0.0,0.0,0.0,0.0,0.0,0.0,0.0,0.0,0.0
0.0,0.0,0.0,0.0,0.0,0.0,0.0,0.0,0.0,0.0,0.0,0.0,0.0,0.0,0.0,0.0,0.0,0.0,0.15870904433873204,0.2529386475198649,0.033099608085957445,0.0,0.2547178940503531,0.4850309382946207,0.6862552004965573,0.48946724701922406,0.0,0.38932781351803114,0.0,0.22327078733936384,0.0,0.0,0.0,0.0,0.0,0.0,0.0,0.0,0.0,0.0,0.0,0.406697508986508,1.0,0.0,0.0,0.0,0.0,0.0,0.0,0.0,0.0,0.0,0.0,0.0,0.0,0.0,0.0,0.0,0.0,0.0,0.0,0.0,0.0,0.0,0.0,0.0,0.0,0.0,0.0,0.0,0.0,0.0,0.0,0.0,0.0,0.0,0.0,0.0,0.0,0.0,0.0,0.0,0.0,0.0,0.0,0.0,0.0,0.0
0.3981954339716708,0.2901325775819644,0.1196706800078091,0.04262203342969899,0.10798055780908183,0.27213202103310974,0.4247373987793416,0.27081067784325313,0.16897473431815738,0.17533307027289208,0.3754496728236121,0.1509364237959373,0.03760047767545583,0.09353071735335032,0.37594338698982016,0.12430500894535411,0.0,0.0,0.48600330425099764,0.2543257172365808,0.03156509694387283,0.0,0.6868632351664739,0.4926843700667159,0.25614038040393755,0.17052579347444521,0.0,0.39973696496122035,0.0,0.233105997074111,0.16687083424427307,0.0,0.0,0.0,0.0,0.0,0.0,0.0,0.0,0.0,0.0,0.0,0.0,1.0,0.0,0.0,0.0,0.0,0.0,0.0,0.0,0.0,0.0,0.0,0.0,0.0,0.0,0.0,0.0,0.0,0.0,0.0,0.0,0.0,0.0,0.0,0.0,0.0,0.0,0.0,0.0,0.0,0.0,0.0,0.0,0.0,0.0,0.0,0.0,0.0,0.0,0.0,0.0,0.0,0.0,0.0,0.0,0.0
0.0,0.0,0.0,0.0,0.0,0.0,0.0,0.0,0.0,0.0,0.0,0.0,0.0,0.0,0.0,0.0,0.0,0.0,0.0,0.0,0.0,0.0,0.0,0.0,0.0,0.0,0.0,0.0,0.0,0.0,0.0,0.0,0.0,0.0,0.0,0.0,0.0,0.0,0.0,0.0,0.0,0.0,0.0,0.0,1.0,0.7383101837331238,0.5469745995244542,0.47238591872093005,0.5435383589063773,0.7350213000600249,0.7298188108144609,0.5455442713475745,0.47717825234471084,0.5420659115460219,0.5221499540318574,0.2988394266615379,0.21485714238656844,0.3048852619281685,0.40778244802046454,0.17138843132899428,0.03825424317962133,0.08377896521456205,0.38389053483321084,0.16166055151863415,0.0,0.0,0.4315680559931677,0.24916181938482068,0.06576857370685145,0.03204274986343499,0.30560957414829937,0.15784950197479072,0.07161312952542552,0.00689166464329388,0.4860060592206329,0.15869161526558664,0.25014299622271596,0.2482665140794415,0.16323938323844817,0.034553352022309206,0.0,0.0,0.0,0.0,0.0,0.0,0.0,0.3981954339716706
0.0,0.0,0.0,0.0,0.0,0.0,0.0,0.0,0.0,0.0,0.0,0.0,0.0,0.0,0.0,0.0,0.0,0.0,0.0,0.0,0.0,0.0,0.0,0.0,0.0,0.0,0.0,0.0,0.0,0.0,0.0,0.0,0.0,0.0,0.0,0.0,0.0,0.0,0.0,0.0,0.0,0.0,0.0,0.0,0.7383101837331238,1.0,0.7425828503076629,0.5485779887434068,0.4834465711241129,0.550072250107738,0.532793427100869,0.30533965313284067,0.21892558198142273,0.3080393089152274,0.4317203741414687,0.1935270045692458,0.050241427142315186,0.08934274579240724,0.4206840808220761,0.2213747759514486,0.050959813702200485,0.032725382770334224,0.4315232710954338,0.2745525825032703,0.13015358872876887,0.10336954758221906,0.4127489598604128,0.26250707983986965,0.1458833228971912,0.1524664152220818,0.5479737347845636,0.12110275761182554,0.3237559645643687,0.0,0.6868687234791558,0.2547193295194784,0.16941451086735754,0.03585406795904689,0.0,0.0,0.0,0.0,0.0,0.0,0.0,0.0,0.0,0.2901325775819641
0.0,0.0,0.0,0.016735655336963445,0.014259195387923704,0.0,0.0,0.0,0.0,0.0,0.0,0.0,0.0,0.0,0.0,0.0,0.0,0.0,0.0,0.0,0.0,0.0,0.0,0.0,0.0,0.0,0.0,0.0,0.0,0.0,0.0,0.06693394296738671,0.063873512067747,0.0,0.0,0.0,0.0,0.0,0.0,0.0,0.0,0.0,0.0,0.0,0.5469745995244542,0.7425828503076629,1.0,0.7375052029546922,0.5546041638157575,0.48131885792667417,0.2970871463349836,0.09637941644338653,0.06676799489375092,0.21789752505691068,0.17504557986884503,0.0,0.0,0.0,0.1860701402496379,8.863336466514016e-05,0.0,0.0,0.24904315663033058,0.14575734820735234,0.0,0.0,0.2624092237128679,0.1864321069807492,0.10357338902325675,0.0856836199575912,0.7344831750087589,0.07712895275816427,0.49120851778087193,0.0,0.4926958589023311,0.48503298366049086,0.2581138680736761,0.0,0.0,0.0,0.0,0.0,0.0,0.0,0.0,0.0,0.0,0.1196706800078086
0.0,0.0,0.0,0.0,0.05933179356781006,0.0,0.0,0.0,0.0,0.0,0.0,0.0,0.0,0.0,0.0,0.0,0.0,0.0,0.0,0.0,0.0,0.0,0.0,0.0,0.0,0.0,0.0,0.0,0.0,0.0,0.0,0.0,0.16192770079572846,0.0,0.0,0.0,0.0,0.0,0.0,0.0,0.0,0.0,0.0,0.0,0.47238591872093005,0.5485779887434068,0.7375052029546922,1.0,0.7454812399310746,0.548989204421338,0.20228782074855012,0.05775089252111655,0.1036846174411074,0.30907108562622054,0.019901181975456705,0.0,0.0,0.0,0.0,0.0,0.0,0.0,0.06563126885598462,0.0,0.0,0.0,0.14574790829572004,0.1035253755029393,0.0,0.0,0.5430378275820644,0.06830459484318123,0.31988164313979806,0.0,0.25614842646926383,0.6862562363061233,0.4914734174671517,0.13649960394969976,0.0,0.0,0.0,0.0,0.0,0.0,0.0,0.0,0.0,0.042622033429698655
0.0,0.0,0.0,0.0,0.0,0.0,0.0,0.0,0.0,0.0,0.0,0.0,0.0,0.0,0.0,0.0,0.0,0.0,0.0,0.0,0.0,0.0,0.0,0.0,0.0,0.0,0.0,0.0,0.0,0.0,0.0,0.0,0.0,0.0,0.0,0.0,0.0,0.0,0.0,0.0,0.0,0.0,0.0,0.0,0.5435383589063773,0.4834465711241129,0.5546041638157575,0.7454812399310746,1.0,0.7375452664573366,0.297307071285523,0.21494838707107214,0.3142124709327407,0.5429006972717749,0.06689626204207651,0.0,0.0,0.0,0.0,0.0,0.0,0.0,0.03195775473151423,0.0,0.0,0.0,0.15239040969903841,0.0856952368916632,0.0,0.0,0.312070231367737,0.09439160148609706,0.07805590807809017,0.017550083219015796,0.17053901345606548,0.4894652085652373,0.6859237053047023,0.3900636306162587,0.037865252065203574,0.0,0.0,0.0,0.0,0.0,0.0,0.0,0.0,0.10798055780908167
0.0,0.0,0.0,0.0,0.0,0.0,0.0,0.0,0.0,0.0,0.0,0.0,0.0,0.0,0.0,0.0,0.0,0.0,0.0,0.0,0.0,0.0,0.0,0.0,0.0,0.0,0.0,0.0,0.0,0.0,0.0,0.0,0.0,0.0,0.0,0.0,0.0,0.0,0.0,0.0,0.0,0.0,0.0,0.0,0.7350213000600249,0.550072250107738,0.48131885792667417,0.548989204421338,0.7375452664573366,1.0,0.5375659668905773,0.47660677648718447,0.552456502366983,0.7354903249114843,0.28585954818500936,0.08633975812501335,0.06058967989720391,0.2150708769633286,0.15348392531611246,0.0,0.0,0.0,0.16163498187566938,0.0,0.0,0.0,0.2745577272173278,0.14584640802087395,0.0,0.0,0.2159697684097274,0.13234109619488277,0.0,0.03611502101653627,0.25433584828800015,0.2529385755270214,0.48746484745564816,0.4848330633376189,0.2559185417831941,0.0,0.0,0.0,0.0,0.0,0.0,0.0,0.0,0.27213202103310946
0.0,0.0,0.0,0.0,0.0,0.0,0.0,0.0,0.0,0.0,0.0,0.0,0.0,0.0,0.0,0.0,0.0,0.0,0.0,0.0,0.0,0.0,0.0,0.0,0.0,0.0,0.0,0.0,0.0,0.0,0.0,0.0,0.0,0.0,0.0,0.0,0.0,0.0,0.0,0.0,0.0,0.0,0.0,0.0,0.7298188108144609,0.532793427100869,0.2970871463349836,0.20228782074855012,0.297307071285523,0.5375659668905773,1.0,0.7368510476816573,0.5418849213251552,0.4701916374816493,0.7308256621188953,0.5451720541564833,0.47641048799927227,0.5430518789026673,0.5198644742913405,0.29351613196507687,0.2118230235225668,0.3047914211501119,0.40783662138010246,0.1535437448442778,0.01738578055535916,0.07142679482356436,0.42079321230333566,0.1862089562972555,0.0,0.0,0.08083922558427228,0.0802530181967544,0.0,0.0,0.37591206412188266,0.0,0.02547751420087357,0.15642000213759422,0.24991933424381121,0.24981644053155508,0.16284181797457456,0.03538221010464481,0.0,0.0,0.0,0.0,0.0,0.4247373987793416
0.0,0.0,0.0,0.0,0.0,0.0,0.0,0.0,0.0,0.0,0.0,0.0,0.0,0.0,0.0,0.0,0.0,0.0,0.0,0.0,0.0,0.0,0.0,0.0,0.0,0.0,0.0,0.0,0.0,0.0,0.0,0.0,0.0,0.0,0.0,0.0,0.0,0.0,0.0,0.0,0.0,0.0,0.0,0.0,0.5455442713475745,0.30533965313284067,0.09637941644338653,0.05775089252111655,0.21494838707107214,0.47660677648718447,0.7368510476816573,1.0,0.7348719395012016,0.5487942268345941,0.5433998474191766,0.4790045858960442,0.5523412914351181,0.7361488874676979,0.29353705063552005,0.0871883905575658,0.059371295753635485,0.2159695902652845,0.17146582288526693,0.0,0.0,0.0,0.22152484744400164,0.00027151532233961583,0.0,0.0,0.0,0.0,0.0,0.0,0.12425945959229523,0.0,0.0,0.2524113867251822,0.48595400156587154,0.4857160566828295,0.25577043092390933,0.0,0.0,0.0,0.0,0.0,0.0,0.2708106778432533
0.0,0.0,0.0,0.0,0.0,0.0,0.0,0.0,0.0,0.0,0.0,0.0,0.0,0.0,0.0,0.0,0.0,0.0,0.0,0.0,0.0,0.0,0.0,0.0,0.0,0.0,0.0,0.0,0.0,0.0,0.0,0.0,0.0,0.0,0.0,0.0,0.0,0.0,0.0,0.0,0.0,0.0,0.0,0.0,0.47717825234471084,0.21892558198142273,0.06676799489375092,0.1036846174411074,0.3142124709327407,0.552456502366983,0.5418849213251552,0.7348719395012016,1.0,0.747908570058673,0.2998859173254757,0.2139650113394265,0.31243357834261554,0.5431685990833413,0.07143303951198816,0.0,0.0,0.0,0.0,0.0,0.0,0.0,0.1035021369493267,0.0,0.0,0.0,0.0,0.0,0.0,0.0,0.0,0.0,0.1419051575895824,0.49192485682811044,0.6858578290678696,0.3931666202931922,0.036583469608886414,0.0,0.0,0.0,0.0,0.0,0.0,0.16897473431815754
0.0,0.0,0.0,0.0,0.0,0.0,0.0,0.0,0.0,0.0,0.0,0.0,0.0,0.0,0.0,0.0,0.0,0.0,0.0,0.0,0.0,0.0,0.0,0.0,0.0,0.0,0.0,0.0,0.0,0.0,0.0,0.0,0.0,0.0,0.0,0.0,0.0,0.0,0.0,0.0,0.0,0.0,0.0,0.0,0.5420659115460219,0.3080393089152274,0.21789752505691068,0.30907108562622054,0.5429006972717749,0.7354903249114843,0.4701916374816493,0.5487942268345941,0.747908570058673,1.0,0.20244426818327982,0.05571794272496959,0.10311639670520602,0.3114755307302711,0.017348838674202425,0.0,0.0,0.0,0.0,0.0,0.0,0.0,0.13020686436842707,0.0,0.0,0.0,0.0,0.020670976027379738,0.0,0.0,0.03155684382354708,0.033121128596320326,0.3921312149064991,0.685946011550891,0.49262410392391875,0.14238994479595854,0.0,0.0,0.0,0.0,0.0,0.0,0.0,0.17533307027289202
0.0,0.0,0.0,0.0,0.0,0.0,0.0,0.0,0.0,0.0,0.0,0.0,0.0,0.0,0.0,0.0,0.0,0.0,0.0,0.0,0.0,0.0,0.0,0.0,0.0,0.0,0.0,0.0,0.0,0.0,0.0,0.0,0.0,0.0,0.0,0.0,0.0,0.0,0.0,0.0,0.0,0.0,0.0,0.0,0.5221499540318574,0.4317203741414687,0.17504557986884503,0.019901181975456705,0.06689626204207651,0.28585954818500936,0.7308256621188953,0.5433998474191766,0.2998859173254757,0.20244426818327982,1.0,0.7354327964742932,0.5421426695665045,0.47465578265943037,0.7308368711460823,0.5434004490629166,0.474651687280562,0.5421421350495903,0.5221861509596298,0.28589417919632354,0.2024762877669371,0.2998947978541804,0.43178831727266836,0.17511616371460073,0.01997289866198338,0.06694566909391639,0.012176343492352377,0.012246408207593524,0.0,0.0,0.37537828114290805,0.0,0.0,0.0,0.03131848978619721,0.1610997121078036,0.24914525716641622,0.24914609275159585,0.1611007985942722,0.031319539656415624,0.0,0.0,0.0,0.37544967282361214
0.0,0.0,0.0,0.0,0.0,0.0,0.0,0.0,0.0,0.0,0.0,0.0,0.0,0.0,0.0,0.0,0.0,0.0,0.0,0.0,0.0,0.0,0.0,0.0,0.0,0.0,0.0,0.0,0.0,0.0,0.0,0.0,0.0,0.0,0.0,0.0,0.0,0.0,0.0,0.0,0.0,0.0,0.0,0.0,0.2988394266615379,0.1935270045692458,0.0,0.0,0.0,0.08633975812501335,0.5451720541564833,0.4790045858960442,0.2139650113394265,0.05571794272496959,0.7354327964742932,1.0,0.7361589910101921,0.5512995649138862,0.5451873660434269,0.4790044384995309,0.5512966900626146,0.736160226591459,0.29887869364796665,0.08636221580336981,0.05573264499355686,0.21396197017285903,0.19361777086713852,0.0,0.0,0.0,0.0,0.0,0.0,0.0,0.15081130686318095,0.0,0.0,0.0,0.0,0.25465747746967754,0.48622345896739866,0.4862249807140069,0.25465939950927063,0.0,0.0,0.0,0.0,0.15093642379593739
