1.0,0.7383101837331237,0.546974599524454,0.4723859187209297,0.5435383589063773,0.7350213000600251,0.7298188108144611,0.5455442713475747,0.4771782523447111,0.5420659115460222,0.5221499540318576,0.2988394266615379,0.21485714238656844,0.30488526192816867,0.40778244802046465,0.17138843132899412,0.03825424317962133,0.08377896521456188,0.38389053483321095,0.16166055151863398,0.0,0.0,0.43156805599316733,0.24916181938482052,0.06576857370685112,0.03204274986343499,0.3056095741482994,0.15784950197479072,0.07161312952542503,0.006891664643293716,0.4860060592206328,0.15869161526558664,0.25014299622271585,0.24826651407944167,0.16323938323844842,0.03455335202230937,0.0,0.0,0.0,0.0,0.0,0.0,0.0,0.3981954339716706,0.0,0.0,0.0,0.0,0.0,0.0,0.0,0.0,0.0,0.0,0.0,0.0,0.0,0.0,0.0,0.0,0.0,0.0,0.0,0.0,0.0,0.0,0.0,0.0,0.0,0.0,0.0,0.0,0.0,0.0,0.0,0.0,0.0,0.0,0.0,0.0,0.0,0.0,0.0,0.0,0.0,0.0,0.0,0.0
0.7383101837331237,1.0,0.7425828503076631,0.5485779887434067,0.4834465711241129,0.550072250107738,0.5327934271008692,0.3053396531328407,0.2189255819814229,0.30803930891522774,0.4317203741414688,0.1935270045692458,0.05024142714231502,0.0893427457924074,0.420684080822076,0.22137477595144847,0.050959813702200485,0.0327253827703339,0.4315232710954338,0.2745525825032699,0.13015358872876853,0.10336954758221872,0.4127489598604123,0.26250707983986926,0.14588332289719103,0.1524664152220818,0.5479737347845637,0.12110275761182554,0.3237559645643685,0.0,0.6868687234791557,0.25471932951947857,0.16941451086735754,0.035854067959047047,0.0,0.0,0.0,0.0,0.0,0.0,0.0,0.0,0.0,0.2901325775819642,0.0,0.0,0.0,0.0,0.0,0.0,0.0,0.0,0.0,0.0,0.0,0.0,0.0,0.0,0.0,0.0,0.0,0.0,0.0,0.0,0.0,0.0,0.0,0.0,0.0,0.0,0.0,0.0,0.0,0.0,0.0,0.0,0.0,0.0,0.0,0.0,0.0,0.0,0.0,0.0,0.0,0.0,0.0,0.0
0.546974599524454,0.7425828503076631,1.0,0.7375052029546922,0.5546041638157575,0.48131885792667417,0.2970871463349838,0.09637941644338653,0.06676799489375125,0.21789752505691085,0.1750455798688452,0.0,0.0,0.0,0.1860701402496379,8.863336466514016e-05,0.0,0.0,0.24904315663033075,0.145757348207352,0.0,0.0,0.26240922371286757,0.18643210698074902,0.10357338902325641,0.0856836199575912,0.7344831750087589,0.07712895275816427,0.4912085177808716,0.0,0.4926958589023309,0.485032983660491,0.25811386807367603,0.0,0.0,0.0,0.0,0.0,0.0,0.0,0.0,0.0,0.0,0.11967068000780894,0.0,0.0,0.0,0.0,0.0,0.0,0.0,0.0,0.0,0.0,0.0,0.0,0.0,0.0,0.0,0.0,0.0,0.0,0.0,0.0,0.0,0.0,0.0,0.0,0.0,0.0,0.0,0.0,0.0,0.0,0.0,0.0,0.0,0.0,0.0,0.0,0.0,0.0,0.0,0.0,0.0,0.0,0.0,0.0
0.4723859187209297,0.5485779887434067,0.7375052029546922,1.0,0.7454812399310744,0.5489892044213377,0.20228782074855012,0.057750892521116384,0.1036846174411074,0.3090710856262204,0.019901181975456542,0.0,0.0,0.0,0.0,0.0,0.0,0.0,0.06563126885598446,0.0,0.0,0.0,0.1457479082957194,0.10352537550293897,0.0,0.0,0.5430378275820645,0.06830459484318106,0.319881643139798,0.0,0.2561484264692635,0.6862562363061235,0.49147341746715156,0.13649960394969976,0.0,0.0,0.0,0.0,0.0,0.0,0.0,0.0,0.0,0.04262203342969882,0.0,0.0,0.0,0.0,0.0,0.0,0.0,0.0,0.0,0.0,0.0,0.0,0.0,0.0,0.0,0.0,0.0,0.0,0.0,0.0,0.0,0.0,0.0,0.0,0.0,0.0,0.0,0.0,0.0,0.0,0.0,0.0,0.0,0.0,0.0,0.0,0.0,0.0,0.0,0.0,0.0,0.0,0.0,0.0
0.5435383589063773,0.4834465711241129,0.5546041638157575,0.7454812399310744,1.0,0.7375452664573363,0.297307071285523,0.2149483870710723,0.3142124709327408,0.5429006972717749,0.06689626204207651,0.0,0.0,0.0,0.0,0.0,0.0,0.0,0.03195775473151423,0.0,0.0,0.0,0.15239040969903792,0.08569523689166286,0.0,0.0,0.312070231367737,0.09439160148609706,0.07805590807809,0.017550083219015467,0.17053901345606515,0.4894652085652373,0.6859237053047023,0.39006363061625904,0.03786525206520374,0.0,0.0,0.0,0.0,0.0,0.0,0.0,0.0,0.10798055780908167,0.0,0.0,0.0,0.0,0.0,0.0,0.0,0.0,0.0,0.0,0.0,0.0,0.0,0.0,0.0,0.0,0.0,0.0,0.0,0.0,0.0,0.0,0.0,0.0,0.0,0.0,0.0,0.0,0.0,0.0,0.0,0.0,0.0,0.0,0.0,0.0,0.0,0.0,0.0,0.0,0.0,0.0,0.0,0.0
0.7350213000600251,0.550072250107738,0.48131885792667417,0.5489892044213377,0.7375452664573363,1.0,0.5375659668905777,0.4766067764871848,0.5524565023669835,0.7354903249114845,0.2858595481850097,0.08633975812501352,0.06058967989720391,0.21507087696332877,0.15348392531611263,0.0,0.0,0.0,0.16163498187566952,0.0,0.0,0.0,0.2745577272173275,0.14584640802087379,0.0,0.0,0.2159697684097274,0.13234109619488293,0.0,0.036115021016535936,0.25433584828800015,0.25293857552702126,0.48746484745564783,0.4848330633376189,0.2559185417831943,0.0,0.0,0.0,0.0,0.0,0.0,0.0,0.0,0.2721320210331096,0.0,0.0,0.0,0.0,0.0,0.0,0.0,0.0,0.0,0.0,0.0,0.0,0.0,0.0,0.0,0.0,0.0,0.0,0.0,0.0,0.0,0.0,0.0,0.0,0.0,0.0,0.0,0.0,0.0,0.0,0.0,0.0,0.0,0.0,0.0,0.0,0.0,0.0,0.0,0.0,0.0,0.0,0.0,0.0
0.7298188108144611,0.5327934271008692,0.2970871463349838,0.20228782074855012,0.297307071285523,0.5375659668905777,1.0,0.7368510476816573,0.5418849213251552,0.4701916374816496,0.7308256621188952,0.5451720541564832,0.4764104879992721,0.5430518789026673,0.5198644742913405,0.29351613196507664,0.2118230235225668,0.3047914211501116,0.40783662138010235,0.15354374484427746,0.01738578055535916,0.07142679482356402,0.42079321230333544,0.18620895629725534,0.0,0.0,0.08083922558427262,0.08025301819675455,0.0,0.0,0.3759120641218828,0.0,0.02547751420087357,0.15642000213759413,0.24991933424381121,0.249816440531555,0.16284181797457414,0.03538221010464497,0.0,0.0,0.0,0.0,0.0,0.42473739877934125,0.0,0.0,0.0,0.0,0.0,0.0,0.0,0.0,0.0,0.0,0.0,0.0,0.0,0.0,0.0,0.0,0.0,0.0,0.0,0.0,0.0,0.0,0.0,0.0,0.0,0.02026422244113428,0.0,0.0,0.0,0.0,0.0,0.0,0.0,0.0,0.0,0.0,0.0,0.0,0.0,0.0,0.0,0.0,0.0,0.0
0.5455442713475747,0.3053396531328407,0.09637941644338653,0.057750892521116384,0.2149483870710723,0.4766067764871848,0.7368510476816573,1.0,0.7348719395012014,0.5487942268345944,0.5433998474191767,0.47900458589604406,0.5523412914351178,0.7361488874676977,0.29353705063552016,0.08718839055756564,0.059371295753635485,0.21596959026528434,0.1714658228852671,0.0,0.0,0.0,0.22152484744400164,0.00027151532233945136,0.0,0.0,0.0,0.0,0.0,0.0,0.12425945959229523,0.0,0.0,0.2524113867251821,0.48595400156587165,0.4857160566828294,0.255770430923909,0.0,0.0,0.0,0.0,0.0,0.0,0.27081067784325313,0.0,0.0,0.0,0.0,0.0,0.0,0.0,0.0,0.0,0.0,0.0,0.0,0.0,0.0,0.0,0.0,0.0,0.0,0.0,0.0,0.0,0.0,0.0,0.0,0.0010477087326482353,0.0,0.0,0.0,0.0,0.0,0.0,0.0,0.0,0.0,0.0,0.0,0.0,0.0,0.0,0.0,0.0,0.0,0.0,0.0
0.4771782523447111,0.2189255819814229,0.06676799489375125,0.1036846174411074,0.3142124709327408,0.5524565023669835,0.5418849213251552,0.7348719395012014,1.0,0.7479085700586733,0.2998859173254757,0.21396501133942633,0.31243357834261515,0.543168599083341,0.07143303951198816,0.0,0.0,0.0,0.0,0.0,0.0,0.0,0.1035021369493267,0.0,0.0,0.0,0.0,0.0,0.0,0.0,0.0,0.0,0.14190515758958255,0.4919248568281104,0.6858578290678695,0.39316662029319177,0.03658346960888592,0.0,0.0,0.0,0.0,0.0,0.0,0.16897473431815746,0.0,0.0,0.0,0.0,0.0,0.0,0.0,0.0,0.0,0.0,0.0,0.0,0.0,0.0,0.0,0.0,0.0,0.0,0.0,0.0,0.0,0.0,0.0,0.0,0.0,0.0,0.0,0.0,0.0,0.0,0.0,0.0,0.0,0.0,0.0,0.0,0.0,0.0,0.0,0.0,0.0,0.0,0.0,0.0
0.5420659115460222,0.30803930891522774,0.21789752505691085,0.3090710856262204,0.5429006972717749,0.7354903249114845,0.4701916374816496,0.5487942268345944,0.7479085700586733,1.0,0.20244426818328015,0.05571794272496959,0.10311639670520602,0.3114755307302711,0.01734883867420275,0.0,0.0,0.0,0.0,0.0,0.0,0.0,0.13020686436842707,0.0,0.0,0.0,0.0,0.02067097602738023,0.0,0.0,0.03155684382354708,0.033121128596320326,0.392131214906499,0.6859460115508906,0.49262410392391875,0.14238994479595854,0.0,0.0,0.0,0.0,0.0,0.0,0.0,0.17533307027289216,0.0,0.0,0.0,0.0,0.0,0.0,0.0,0.0,0.0,0.0,0.0,0.0,0.0,0.0,0.0,0.0,0.0,0.0,0.0,0.0,0.0,0.0,0.0,0.0,0.0,0.0,0.0,0.0,0.0,0.0,0.0,0.0,0.0,0.0,0.0,0.0,0.0,0.0,0.0,0.0,0.0,0.0,0.0,0.0
0.5221499540318576,0.4317203741414688,0.1750455798688452,0.019901181975456542,0.06689626204207651,0.2858595481850097,0.7308256621188952,0.5433998474191767,0.2998859173254757,0.20244426818328015,1.0,0.7354327964742932,0.5421426695665045,0.47465578265943054,0.7308368711460823,0.5434004490629163,0.474651687280562,0.5421421350495901,0.5221861509596298,0.2858941791963234,0.2024762877669371,0.2998947978541801,0.4317883172726682,0.1751161637146004,0.019972898661982888,0.06694566909391639,0.012176343492352706,0.012246408207593689,0.0,0.0,0.37537828114290833,0.0,0.0,0.0,0.03131848978619721,0.1610997121078037,0.24914525716641606,0.2491460927515961,0.1611007985942722,0.03131953965641546,0.0,0.0,0.0,0.3754496728236118,0.0,0.0,0.0,0.0,0.0,0.0,0.0,0.0,0.0,0.0,0.0,0.0,0.0,0.0,0.0,0.0,0.0,0.0,0.0,0.0,0.0063327946574439666,0.0,0.0,0.0,0.0177254291286191,0.11416224646481016,0.0,0.0,0.0,0.0,0.0,0.0,0.0,0.0,0.0,0.0,0.0,0.0,0.0,0.0,0.0,0.11015848822544776,0.0,0.0
0.2988394266615379,0.1935270045692458,0.0,0.0,0.0,0.08633975812501352,0.5451720541564832,0.47900458589604406,0.21396501133942633,0.05571794272496959,0.7354327964742932,1.0,0.736158991010192,0.5512995649138862,0.5451873660434272,0.4790044384995309,0.5512966900626146,0.736160226591459,0.2988786936479668,0.08636221580336997,0.05573264499355702,0.21396197017285903,0.19361777086713866,0.0,0.0,0.0,0.0,0.0,0.0,0.0,0.15081130686318112,0.0,0.0,0.0,0.0,0.2546574774696773,0.4862234589673983,0.48622498071400716,0.2546593995092708,0.0,0.0,0.0,0.0,0.15093642379593722,0.0,0.0,0.0,0.0,0.0,0.0,0.0,0.0,0.0,0.0,0.0,0.0,0.0,0.0,0.0,0.0,0.0,0.0,0.0,0.0,0.0,0.0,0.0,0.0,0.03167777617542409,0.08888953835437957,0.0,0.0,0.0,0.0,0.0,0.0,0.0,0.0,0.0,0.0,0.0,0.0,0.0,0.0,0.0,0.1056352723709873,0.0,0.0
0.21485714238656844,0.05024142714231502,0.0,0.0,0.0,0.06058967989720391,0.4764104879992721,0.5523412914351178,0.31243357834261515,0.10311639670520602,0.5421426695665045,0.736158991010192,1.0,0.7473503465671631,0.30481460610147393,0.21597289192524968,0.31196045432896696,0.5435016381925479,0.08384067929532037,0.0,0.0,0.0,0.032857406172081854,0.0,0.0,0.0,0.0,0.0,0.0,0.0,0.0,0.0,0.0,0.0,0.14254034917080285,0.4913782792530782,0.685887059077231,0.39334593067654033,0.0353482985397742,0.0,0.0,0.0,0.0,0.03760047767545567,0.0,0.0,0.0,0.0,0.0,0.0,0.0,0.0,0.0,0.0,0.0,0.0,0.0,0.0,0.0,0.0,0.0,0.0,0.0,0.0,0.0,0.0,0.0,0.0,0.052588797408692566,0.039518308613708614,0.0,0.0,0.0,0.0,0.0,0.0,0.0,0.0,0.0,0.0,0.0,0.0,0.0,0.0,0.0,0.02054539314277525,0.04226315227787261,0.0
0.30488526192816867,0.0893427457924074,0.0,0.0,0.0,0.21507087696332877,0.5430518789026673,0.7361488874676977,0.543168599083341,0.3114755307302711,0.47465578265943054,0.5512995649138862,0.7473503465671631,1.0,0.21185667105063527,0.05938364449927881,0.10276909560465342,0.3119643897693426,0.03834129942211139,0.0,0.0,0.0,0.05112643693289967,0.0,0.0,0.0,0.0,0.0,0.0,0.0,0.0,0.0,0.0,0.03565338955575878,0.39421387520687046,0.6859100534210205,0.4914729611286634,0.14154157863183808,0.0,0.0,0.0,0.0,0.0,0.09353071735335032,0.0,0.0,0.0,0.0,0.0,0.0,0.0,0.0,0.0,0.0,0.0,0.0,0.0,0.0,0.0,0.0,0.0,0.0,0.0,0.0,0.0,0.0,0.0,0.0,0.055919998868808315,0.012708513057536742,0.0,0.0,0.0,0.0,0.0,0.0,0.0,0.0,0.0,0.0,0.0,0.0,0.0,0.0,0.0,0.0,0.025716216326242092,0.0
0.40778244802046465,0.420684080822076,0.1860701402496379,0.0,0.0,0.15348392531611263,0.5198644742913405,0.29353705063552016,0.07143303951198816,0.01734883867420275,0.7308368711460823,0.5451873660434272,0.30481460610147393,0.21185667105063527,1.0,0.7368522196076671,0.5430547166786942,0.47641926533083656,0.7298304919676557,0.5375773107063256,0.47021106054829387,0.5418927239855869,0.5328224101598318,0.2971133386371277,0.2023173209633745,0.29732351721149364,0.08010521645551649,0.08086382811076044,0.0,0.0,0.4246394652429181,0.0,0.0,0.0,0.0,0.0,0.03540590064367046,0.16285516868096428,0.24982222617595307,0.24992482110721928,0.1564383058866142,0.025487670713184418,0.0,0.3759433869898199,0.0,0.0,0.0,0.0,0.0,0.0,0.0,0.0,0.0,0.0,0.0,0.0,0.0,0.0,0.0,0.0,0.0,0.0,0.0,0.04349516035313889,0.12199840877830638,0.0,0.0,0.0,0.0,0.11854854769952297,0.0,0.0,0.0,0.0,0.0,0.0,0.0,0.0,0.0,0.0,0.0,0.0,0.0,0.0,0.140764414596378,0.13672521723612505,0.0,0.0
0.17138843132899412,0.22137477595144847,8.863336466514016e-05,0.0,0.0,0.0,0.29351613196507664,0.08718839055756564,0.0,0.0,0.5434004490629163,0.4790044384995309,0.21597289192524968,0.05938364449927881,0.7368522196076671,1.0,0.736143646560005,0.5523351328095237,0.54554820187924,0.4765974273662681,0.5487947165893613,0.7348695165358495,0.30536588309944895,0.09639233898390272,0.05775448335833935,0.21493656123491192,0.0,0.0,0.0,0.0,0.2706456069187909,0.0,0.0,0.0,0.0,0.0,0.0,0.2557677793897838,0.4857143699776684,0.4859518156553857,0.2524120629777157,0.0,0.0,0.12430500894535411,0.0,0.0,0.0,0.0,0.0,0.0,0.0,0.0,0.0,0.0,0.0,0.0,0.0,0.0,0.0,0.0,0.0,0.0,0.0,0.0,0.015492886086357205,0.0,0.0,0.0,0.0,0.012518951835503217,0.0,0.0,0.0,0.0,0.0,0.0,0.0,0.0,0.0,0.0,0.0,0.0,0.0,0.0,0.0717795858021534,0.06835206006103302,0.0,0.0
0.03825424317962133,0.050959813702200485,0.0,0.0,0.0,0.0,0.2118230235225668,0.059371295753635485,0.0,0.0,0.474651687280562,0.5512966900626146,0.31196045432896696,0.10276909560465342,0.5430547166786942,0.736143646560005,1.0,0.7473457863383889,0.3048943567854323,0.21505488982459955,0.31145817596856556,0.543146595937533,0.08938941325356606,0.0,0.0,0.0,0.0,0.0,0.0,0.0,0.09332666870597658,0.0,0.0,0.0,0.0,0.0,0.14154093278402827,0.49147201306354144,0.6859157134074464,0.3941833656258451,0.035632380728505934,0.0,0.0,0.0,0.0,0.0,0.0,0.0,0.0,0.0,0.0,0.0,0.0,0.0,0.0,0.0,0.0,0.0,0.0,0.0,0.0,0.0,0.0,0.0,0.0,0.0,0.0,0.0,0.0,0.0,0.0,0.0,0.0,0.0,0.0,0.0,0.0,0.0,0.0,0.0,0.0,0.0,0.0,0.0,0.0,0.02431666585923502,0.0,0.0
0.08377896521456188,0.0327253827703339,0.0,0.0,0.0,0.0,0.3047914211501116,0.21596959026528434,0.0,0.0,0.5421421350495901,0.736160226591459,0.5435016381925479,0.3119643897693426,0.47641926533083656,0.5523351328095237,0.7473457863383889,1.0,0.21488017764149286,0.06058607571480381,0.10310571591149942,0.3124134427722458,0.05031471407726418,0.0,0.0,0.0,0.0,0.0,0.0,0.0,0.037424198495317605,0.0,0.0,0.0,0.0,0.03534950930781986,0.3933481319210354,0.6858898693707108,0.49137828567479713,0.14250627437129984,0.0,0.0,0.0,0.0,0.0,0.0,0.0,0.0,0.0,0.0,0.0,0.0,0.0,0.0,0.0,0.0,0.0,0.0,0.0,0.0,0.0,0.0,0.0,0.0,0.0,0.0,0.0,0.0,0.0,0.0038313247914784692,0.0,0.0,0.0,0.0,0.0,0.0,0.0,0.0,0.0,0.0,0.0,0.0,0.0,0.0,0.0,0.058406987694806005,0.0,0.0
0.38389053483321095,0.4315232710954338,0.24904315663033075,0.06563126885598446,0.03195775473151423,0.16163498187566952,0.40783662138010235,0.1714658228852671,0.0,0.0,0.5221861509596298,0.2988786936479668,0.08384067929532037,0.03834129942211139,0.7298304919676557,0.54554820187924,0.3048943567854323,0.21488017764149286,1.0,0.735024303648825,0.542074426430438,0.4771839604762504,0.738313972882556,0.5469828850808873,0.4724043037905074,0.543548098572061,0.1577143077332425,0.30561489197239095,0.006745149960305096,0.0716186843941025,0.39820846352821554,0.0,0.0,0.0,0.0,0.0,0.0,0.0,0.03456048900401557,0.1632448320028782,0.24827131368236377,0.2501501573184469,0.15870904433873195,0.48600330425099747,0.0,0.0,0.0,0.0,0.0,0.0,0.0,0.0,0.0,0.0,0.0,0.0,0.0,0.0,0.0,0.0,0.0,0.0,0.0,0.13413620806678422,0.2638771764507618,0.16483166000148747,0.0,0.0,0.0,0.13208394721926842,0.0,0.0,0.0,0.0,0.0,0.0,0.0,0.0,0.0,0.0,0.0,0.0,0.0,0.0710813473302888,0.2631162570703172,0.11420292366514152,0.0,0.0
0.16166055151863398,0.2745525825032699,0.145757348207352,0.0,0.0,0.0,0.15354374484427746,0.0,0.0,0.0,0.2858941791963234,0.08636221580336997,0.0,0.0,0.5375773107063256,0.4765974273662681,0.21505488982459955,0.06058607571480381,0.735024303648825,1.0,0.7354857652001912,0.5524481888822935,0.5500629130432773,0.48130789444211447,0.5489872501676734,0.7375430223599144,0.1322230343995161,0.21596011382891556,0.035973104788070656,0.0,0.27218925470991606,0.0,0.0,0.0,0.0,0.0,0.0,0.0,0.0,0.2559095450225944,0.48482791421213955,0.4874618019118997,0.2529386475198647,0.25432571723658093,0.0,0.0,0.0,0.0,0.0,0.0,0.0,0.0,0.0,0.0,0.0,0.0,0.0,0.0,0.0,0.0,0.0,0.0,0.0,0.025022373621608196,0.21668672118962184,0.16078328036012438,0.0,0.0,0.0,0.0,0.0,0.0,0.0,0.0,0.0,0.0,0.0,0.0,0.0,0.0,0.0,0.0,0.0,0.1265458715492454,0.2398069378356193,0.0,0.0,0.0
0.0,0.13015358872876853,0.0,0.0,0.0,0.0,0.01738578055535916,0.0,0.0,0.0,0.2024762877669371,0.05573264499355702,0.0,0.0,0.47021106054829387,0.5487947165893613,0.31145817596856556,0.10310571591149942,0.542074426430438,0.7354857652001912,1.0,0.7479085656643651,0.308039776120294,0.21788384283764464,0.30905175821608755,0.5428764676330307,0.02050232900364846,0.0,0.0,0.0,0.1753202260713416,0.0,0.0,0.0,0.0,0.0,0.0,0.0,0.1423577171607753,0.49262123687613607,0.6859442044283696,0.39209341181831536,0.03309960808595728,0.0315650969438725,0.0,0.0,0.0,0.0,0.0,0.0,0.0,0.0,0.0,0.0,0.0,0.0,0.0,0.0,0.0,0.0,0.0,0.0,0.0,0.0,0.06077839623813441,0.0,0.0,0.0,0.0,0.0,0.0,0.0,0.0,0.0,0.0,0.0,0.0,0.0,0.0,0.0,0.0,0.0,0.0,0.0,0.11998050235910816,0.0,0.0,0.0
0.0,0.10336954758221872,0.0,0.0,0.0,0.0,0.07142679482356402,0.0,0.0,0.0,0.2998947978541801,0.21396197017285903,0.0,0.0,0.5418927239855869,0.7348695165358495,0.543146595937533,0.3124134427722458,0.4771839604762504,0.5524481888822935,0.7479085656643651,1.0,0.21894099480564294,0.06676895767210837,0.10367599925517229,0.3141933362500573,0.0,0.0,0.0,0.0,0.1688464950668157,0.0,0.0,0.0,0.0,0.0,0.0,0.036561911308065194,0.39313491527104866,0.6858574820204971,0.4919273449701912,0.1418698478397815,0.0,0.0,0.0,0.0,0.0,0.0,0.0,0.0,0.0,0.0,0.0,0.0,0.0,0.0,0.0,0.0,0.0,0.0,0.0,0.0,0.0,0.0,0.0,0.0,0.0,0.0,0.0,0.0,0.0,0.0,0.0,0.0,0.0,0.0,0.0,0.0,0.0,0.0,0.0,0.0,0.0,0.0,0.055812149638221994,0.0,0.0,0.0
0.43156805599316733,0.4127489598604123,0.26240922371286757,0.1457479082957194,0.15239040969903792,0.2745577272173275,0.42079321230333544,0.22152484744400164,0.1035021369493267,0.13020686436842707,0.4317883172726682,0.19361777086713866,0.032857406172081854,0.05112643693289967,0.5328224101598318,0.30536588309944895,0.08938941325356606,0.05031471407726418,0.738313972882556,0.5500629130432773,0.308039776120294,0.21894099480564294,1.0,0.7425804175598474,0.5485790237078131,0.4834383330283133,0.12098615347759126,0.5479698561905256,0.0,0.32375369189065395,0.2901947701967915,0.0,0.0,0.0,0.0,0.0,0.0,0.0,0.0,0.0,0.03584354028278247,0.16940695883617163,0.25471789405035333,0.6868632351664739,0.0,0.0,0.0,0.0,0.0,0.0,0.0,0.0,0.0,0.0,0.0,0.0,0.0,0.0,0.005672539447674454,0.11571361359692323,0.0,0.0,0.08273336281822478,0.2424517731294109,0.3444287354127936,0.28165987539504994,0.0,0.0,0.024985289913612457,0.19700460404222148,0.0,0.0,0.0,0.0,0.0,0.0,0.0,0.0,0.0,0.0,0.0,0.0,0.0,0.15893789558445628,0.2707352192158567,0.11795570244792183,0.0,0.0
0.24916181938482052,0.26250707983986926,0.18643210698074902,0.10352537550293897,0.08569523689166286,0.14584640802087379,0.18620895629725534,0.00027151532233945136,0.0,0.0,0.1751161637146004,0.0,0.0,0.0,0.2971133386371277,0.09639233898390272,0.0,0.0,0.5469828850808873,0.48130789444211447,0.21788384283764464,0.06676895767210837,0.7425804175598474,1.0,0.7375044001434173,0.5545942316314781,0.0770972927980067,0.7344842977652807,0.0,0.49121111489293956,0.11982012941379534,0.0,0.0,0.0,0.0,0.0,0.0,0.0,0.0,0.0,0.0,0.25810601889734974,0.4850309382946208,0.4926843700667161,0.0,0.0,0.0,0.0,0.0,0.0,0.0,0.0,0.0,0.0,0.0,0.0,0.0,0.0,0.09036967259742189,0.24794021518145026,0.17021641178324814,0.0,0.09499866830665096,0.2095267839966213,0.3537370344846397,0.38689659727674824,0.0,0.0,0.0,0.08856386585329394,0.0,0.0,0.0,0.0,0.0,0.0,0.0,0.0,0.0,0.0,0.0,0.0,0.09549896730504523,0.3016075295119756,0.2355573376849644,0.0,0.0,0.0
0.06576857370685112,0.14588332289719103,0.10357338902325641,0.0,0.0,0.0,0.0,0.0,0.0,0.0,0.019972898661982888,0.0,0.0,0.0,0.2023173209633745,0.05775448335833935,0.0,0.0,0.4724043037905074,0.5489872501676734,0.30905175821608755,0.10367599925517229,0.5485790237078131,0.7375044001434173,1.0,0.7454778532085968,0.0683219089954288,0.5430369644608629,0.0,0.31988133418800674,0.04281388551850846,0.0,0.0,0.0,0.0,0.0,0.0,0.0,0.0,0.0,0.1364625323168824,0.49146963113213343,0.6862552004965575,0.25614038040393766,0.0,0.0,0.0,0.0,0.0,0.0,0.0,0.0,0.0,0.0,0.0,0.0,0.0,0.0,0.0,0.18974572369413095,0.154390441254636,0.0,0.0,0.07471944581873588,0.2806169251800919,0.3590930523260426,0.0,0.0,0.0,0.0,0.0,0.0,0.0,0.0,0.0,0.0,0.0,0.0,0.0,0.0,0.0,0.0,0.13802747861266257,0.3569307604430943,0.19416534667232915,0.0,0.0,0.0
0.03204274986343499,0.1524664152220818,0.0856836199575912,0.0,0.0,0.0,0.0,0.0,0.0,0.0,0.06694566909391639,0.0,0.0,0.0,0.29732351721149364,0.21493656123491192,0.0,0.0,0.543548098572061,0.7375430223599144,0.5428764676330307,0.3141933362500573,0.4834383330283133,0.5545942316314781,0.7454778532085968,1.0,0.09435046781950371,0.31206304139386787,0.017476650256456554,0.0780502706822615,0.1081215298029695,0.0,0.0,0.0,0.0,0.0,0.0,0.0,0.0,0.03784119395317856,0.39002793439864636,0.6859243529402111,0.48946724701922395,0.1705257934744453,0.0,0.0,0.0,0.0,0.0,0.0,0.0,0.0,0.0,0.0,0.0,0.0,0.0,0.0,0.0,0.029181433212232027,0.0,0.0,0.0,0.0,0.2203903647921065,0.24673696501464842,0.0,0.0,0.0,0.0,0.0,0.0,0.0,0.0,0.0,0.0,0.0,0.0,0.0,0.0,0.0,0.0,0.0,0.2598143986082965,0.20026859607401662,0.0,0.0,0.0
0.3056095741482994,0.5479737347845637,0.7344831750087589,0.5430378275820645,0.312070231367737,0.2159697684097274,0.08083922558427262,0.0,0.0,0.0,0.012176343492352706,0.0,0.0,0.0,0.08010521645551649,0.0,0.0,0.0,0.1577143077332425,0.1322230343995161,0.02050232900364846,0.0,0.12098615347759126,0.0770972927980067,0.0683219089954288,0.09435046781950371,1.0,0.0,0.7567237442073771,0.0,0.39975318183984626,0.3893310446583121,0.03550821126209512,0.0,0.0,0.0,0.0,0.0,0.0,0.0,0.0,0.0,0.0,0.0,0.0,0.0,0.0,0.0,0.0,0.0,0.0,0.0,0.0,0.0,0.0,0.0,0.0,0.0,0.0,0.0,0.0,0.0,0.0,0.0,0.0,0.0,0.0,0.0,0.0,0.0,0.0,0.0,0.0,0.0,0.0,0.0,0.0,0.0,0.0,0.0,0.0,0.0,0.0,0.0,0.0,0.0,0.0,0.0
0.15784950197479072,0.12110275761182554,0.07712895275816427,0.06830459484318106,0.09439160148609706,0.13234109619488293,0.08025301819675455,0.0,0.0,0.02067097602738023,0.012246408207593689,0.0,0.0,0.0,0.08086382811076044,0.0,0.0,0.0,0.30561489197239095,0.21596011382891556,0.0,0.0,0.5479698561905256,0.7344842977652807,0.5430369644608629,0.31206304139386787,0.0,1.0,0.0,0.7567252109353044,0.0,0.0,0.0,0.0,0.0,0.0,0.0,0.0,0.0,0.0,0.0,0.0355040153712434,0.38932781351803125,0.3997369649612207,0.0,0.0,0.0,0.0,0.0,0.0,0.0,0.0,0.0,0.0,0.019742592295751333,0.025283631765852282,0.0,0.0,0.19355193215806213,0.3250222771241743,0.2864197642591367,0.14875677567044582,0.15936140118484846,0.19444933900103406,0.28539922353977376,0.36559274594692365,0.0013445197909625307,0.0,0.0,0.041365212592827494,0.0,0.0,0.0,0.0,0.0,0.0,0.0,0.0,0.0,0.0,0.0,0.0,0.17952248320373285,0.23969194469356903,0.09863906936844188,0.0,0.0,0.0
0.07161312952542503,0.3237559645643685,0.4912085177808716,0.319881643139798,0.07805590807809,0.0,0.0,0.0,0.0,0.0,0.0,0.0,0.0,0.0,0.0,0.0,0.0,0.0,0.006745149960305096,0.035973104788070656,0.0,0.0,0.0,0.0,0.0,0.017476650256456554,0.7567237442073771,0.0,1.0,0.0,0.23312131819694173,0.22327442318618362,0.0,0.0,0.0,0.0,0.0,0.0,0.0,0.0,0.0,0.0,0.0,0.0,0.0,0.0,0.0,0.0,0.0,0.0,0.0,0.0,0.0,0.0,0.0,0.0,0.0,0.0,0.0,0.0,0.0,0.0,0.0,0.0,0.0,0.0,0.0,0.0,0.0,0.0,0.0,0.0,0.0,0.0,0.0,0.0,0.0,0.0,0.0,0.0,0.0,0.0,0.0,0.0,0.0,0.0,0.0,0.0
0.006891664643293716,0.0,0.0,0.0,0.017550083219015467,0.036115021016535936,0.0,0.0,0.0,0.0,0.0,0.0,0.0,0.0,0.0,0.0,0.0,0.0,0.0716186843941025,0.0,0.0,0.0,0.32375369189065395,0.49121111489293956,0.31988133418800674,0.0780502706822615,0.0,0.7567252109353044,0.0,1.0,0.0,0.0,0.0,0.0,0.0,0.0,0.0,0.0,0.0,0.0,0.0,0.0,0.22327078733936417,0.233105997074111,0.0,0.0,0.0,0.0,0.0,0.0,0.0,0.0,0.0,0.0,0.07381340185645427,0.11520809545779495,0.0,0.0,0.2017437151776192,0.30336600655106627,0.305834831143019,0.22676327795721177,0.13073333525263675,0.09829482613757783,0.14956986305398776,0.2600873718617267,0.0,0.0,0.0,0.0,0.0,0.0,0.0,0.0,0.0,0.0,0.0,0.0,0.0,0.0,0.0,0.03192677116098521,0.16010318494087708,0.10031312130561182,0.0,0.0,0.0,0.0
0.4860060592206328,0.6868687234791557,0.4926958589023309,0.2561484264692635,0.17053901345606515,0.25433584828800015,0.3759120641218828,0.12425945959229523,0.0,0.03155684382354708,0.37537828114290833,0.15081130686318112,0.0,0.0,0.4246394652429181,0.2706456069187909,0.09332666870597658,0.037424198495317605,0.39820846352821554,0.27218925470991606,0.1753202260713416,0.1688464950668157,0.2901947701967915,0.11982012941379534,0.04281388551850846,0.1081215298029695,0.39975318183984626,0.0,0.23312131819694173,0.0,1.0,0.0,0.0,0.0,0.0,0.0,0.0,0.0,0.0,0.0,0.0,0.0,0.0,0.16687083424427307,0.0,0.0,0.0,0.0,0.0,0.0,0.0,0.0,0.0,0.0,0.0,0.0,0.0,0.0,0.0,0.0,0.0,0.0,0.0,0.0,0.0,0.0,0.0,0.0,0.0,0.0,0.0,0.0,0.0,0.0,0.0,0.0,0.0,0.0,0.0,0.0,0.0,0.0,0.0,0.0,0.0,0.0,0.0,0.0
0.15869161526558664,0.25471932951947857,0.485032983660491,0.6862562363061235,0.4894652085652373,0.25293857552702126,0.0,0.0,0.0,0.033121128596320326,0.0,0.0,0.0,0.0,0.0,0.0,0.0,0.0,0.0,0.0,0.0,0.0,0.0,0.0,0.0,0.0,0.3893310446583121,0.0,0.22327442318618362,0.0,0.0,1.0,0.4066926682940293,0.0,0.0,0.0,0.0,0.0,0.0,0.0,0.0,0.0,0.0,0.0,0.0,0.0,0.0,0.0,0.0,0.0,0.0,0.0,0.0,0.0,0.0,0.0,0.0,0.0,0.0,0.0,0.0,0.0,0.0,0.0,0.0,0.0,0.0,0.0,0.0,0.0,0.0,0.0,0.0,0.0,0.0,0.0,0.0,0.0,0.0,0.0,0.0,0.0,0.0,0.0,0.0,0.0,0.0,0.0
0.25014299622271585,0.16941451086735754,0.25811386807367603,0.49147341746715156,0.6859237053047023,0.48746484745564783,0.02547751420087357,0.0,0.14190515758958255,0.392131214906499,0.0,0.0,0.0,0.0,0.0,0.0,0.0,0.0,0.0,0.0,0.0,0.0,0.0,0.0,0.0,0.0,0.03550821126209512,0.0,0.0,0.0,0.0,0.4066926682940293,1.0,0.4191666720515124,0.0,0.0,0.0,0.0,0.0,0.0,0.0,0.0,0.0,0.0,0.0,0.0,0.0,0.0,0.0,0.0,0.0,0.0,0.0,0.0,0.0,0.0,0.0,0.0,0.0,0.0,0.0,0.0,0.0,0.0,0.0,0.0,0.0,0.0,0.0,0.0,0.0,0.0,0.0,0.0,0.0,0.0,0.0,0.0,0.0,0.0,0.0,0.0,0.0,0.0,0.0,0.0,0.0,0.0
0.24826651407944167,0.035854067959047047,0.0,0.13649960394969976,0.39006363061625904,0.4848330633376189,0.15642000213759413,0.2524113867251821,0.4919248568281104,0.6859460115508906,0.0,0.0,0.0,0.03565338955575878,0.0,0.0,0.0,0.0,0.0,0.0,0.0,0.0,0.0,0.0,0.0,0.0,0.0,0.0,0.0,0.0,0.0,0.0,0.4191666720515124,1.0,0.4086814328690636,0.0,0.0,0.0,0.0,0.0,0.0,0.0,0.0,0.0,0.0,0.0,0.0,0.0,0.0,0.0,0.0,0.0,0.0,0.0,0.0,0.0,0.0,0.0,0.0,0.0,0.0,0.0,0.0,0.0,0.0,0.0,0.0,0.0,0.0,0.0,0.0,0.0,0.0,0.0,0.0,0.0,0.0,0.0,0.0,0.0,0.0,0.0,0.0,0.0,0.0,0.0,0.0,0.0
0.16323938323844842,0.0,0.0,0.0,0.03786525206520374,0.2559185417831943,0.24991933424381121,0.48595400156587165,0.6858578290678695,0.49262410392391875,0.03131848978619721,0.0,0.14254034917080285,0.39421387520687046,0.0,0.0,0.0,0.0,0.0,0.0,0.0,0.0,0.0,0.0,0.0,0.0,0.0,0.0,0.0,0.0,0.0,0.0,0.0,0.4086814328690636,1.0,0.425650297657502,0.0,0.0,0.0,0.0,0.0,0.0,0.0,0.0,0.0,0.0,0.0,0.0,0.0,0.0,0.0,0.0,0.0,0.0,0.0,0.0,0.0,0.0,0.0,0.0,0.0,0.0,0.0,0.0,0.0,0.0,0.0,0.0,0.0,0.0,0.0,0.0,0.0,0.0,0.0,0.0,0.0,0.0,0.0,0.0,0.0,0.0,0.0,0.0,0.0,0.0,0.0,0.0
0.03455335202230937,0.0,0.0,0.0,0.0,0.0,0.249816440531555,0.4857160566828294,0.39316662029319177,0.14238994479595854,0.1610997121078037,0.2546574774696773,0.4913782792530782,0.6859100534210205,0.0,0.0,0.0,0.03534950930781986,0.0,0.0,0.0,0.0,0.0,0.0,0.0,0.0,0.0,0.0,0.0,0.0,0.0,0.0,0.0,0.0,0.425650297657502,1.0,0.40652616260786967,0.0,0.0,0.0,0.0,0.0,0.0,0.0,0.0,0.0,0.0,0.0,0.0,0.0,0.0,0.0,0.0,0.0,0.0,0.0,0.0,0.0,0.0,0.0,0.0,0.0,0.0,0.0,0.0,0.0,0.0,0.0,0.0,0.0,0.0,0.0,0.0,0.0,0.0,0.0,0.0,0.0,0.0,0.0,0.0,0.0,0.0,0.0,0.0,0.0,0.0,0.0
0.0,0.0,0.0,0.0,0.0,0.0,0.16284181797457414,0.255770430923909,0.03658346960888592,0.0,0.24914525716641606,0.4862234589673983,0.685887059077231,0.4914729611286634,0.03540590064367046,0.0,0.14154093278402827,0.3933481319210354,0.0,0.0,0.0,0.0,0.0,0.0,0.0,0.0,0.0,0.0,0.0,0.0,0.0,0.0,0.0,0.0,0.0,0.40652616260786967,1.0,0.42405216994521466,0.0,0.0,0.0,0.0,0.0,0.0,0.0,0.0,0.0,0.0,0.0,0.0,0.0,0.0,0.0,0.0,0.0,0.0,0.0,0.0,0.0,0.0,0.0,0.0,0.0,0.0,0.0,0.0,0.0,0.0,0.0,0.0,0.0,0.0,0.0,0.0,0.0,0.0,0.0,0.0,0.0,0.0,0.0,0.0,0.0,0.0,0.0,0.0,0.0,0.0
0.0,0.0,0.0,0.0,0.0,0.0,0.03538221010464497,0.0,0.0,0.0,0.2491460927515961,0.48622498071400716,0.39334593067654033,0.14154157863183808,0.16285516868096428,0.2557677793897838,0.49147201306354144,0.6858898693707108,0.0,0.0,0.0,0.036561911308065194,0.0,0.0,0.0,0.0,0.0,0.0,0.0,0.0,0.0,0.0,0.0,0.0,0.0,0.0,0.42405216994521466,1.0,0.40652579511271003,0.0,0.0,0.0,0.0,0.0,0.0,0.0,0.0,0.0,0.0,0.0,0.0,0.0,0.0,0.0,0.0,0.0,0.0,0.0,0.0,0.0,0.0,0.0,0.0,0.0,0.0,0.0,0.0,0.0,0.0,0.0,0.0,0.0,0.0,0.0,0.0,0.0,0.0,0.0,0.0,0.0,0.0,0.0,0.0,0.0,0.0,0.0,0.0,0.0
0.0,0.0,0.0,0.0,0.0,0.0,0.0,0.0,0.0,0.0,0.1611007985942722,0.2546593995092708,0.0353482985397742,0.0,0.24982222617595307,0.4857143699776684,0.6859157134074464,0.49137828567479713,0.03456048900401557,0.0,0.1423577171607753,0.39313491527104866,0.0,0.0,0.0,0.0,0.0,0.0,0.0,0.0,0.0,0.0,0.0,0.0,0.0,0.0,0.0,0.40652579511271003,1.0,0.42558700967871477,0.0,0.0,0.0,0.0,0.0,0.0,0.0,0.0,0.0,0.0,0.0,0.0,0.0,0.0,0.0,0.0,0.0,0.0,0.0,0.0,0.0,0.0,0.0,0.0,0.0,0.0,0.0,0.0,0.0,0.0,0.0,0.0,0.0,0.0,0.0,0.0,0.0,0.0,0.0,0.0,0.0,0.0,0.0,0.0,0.0,0.0,0.0,0.0
0.0,0.0,0.0,0.0,0.0,0.0,0.0,0.0,0.0,0.0,0.03131953965641546,0.0,0.0,0.0,0.24992482110721928,0.4859518156553857,0.3941833656258451,0.14250627437129984,0.1632448320028782,0.2559095450225944,0.49262123687613607,0.6858574820204971,0.0,0.0,0.0,0.03784119395317856,0.0,0.0,0.0,0.0,0.0,0.0,0.0,0.0,0.0,0.0,0.0,0.0,0.42558700967871477,1.0,0.40868304596586924,0.0,0.0,0.0,0.0,0.0,0.0,0.0,0.0,0.0,0.0,0.0,0.0,0.0,0.0,0.0,0.0,0.0,0.0,0.0,0.0,0.0,0.0,0.0,0.0,0.0,0.0,0.0,0.0,0.0,0.0,0.0,0.0,0.0,0.0,0.0,0.0,0.0,0.0,0.0,0.0,0.0,0.0,0.0,0.0,0.0,0.0,0.0
0.0,0.0,0.0,0.0,0.0,0.0,0.0,0.0,0.0,0.0,0.0,0.0,0.0,0.0,0.1564383058866142,0.2524120629777157,0.035632380728505934,0.0,0.24827131368236377,0.48482791421213955,0.6859442044283696,0.4919273449701912,0.03584354028278247,0.0,0.1364625323168824,0.39002793439864636,0.0,0.0,0.0,0.0,0.0,0.0,0.0,0.0,0.0,0.0,0.0,0.0,0.0,0.40868304596586924,1.0,0.41909506718057893,0.0,0.0,0.0,0.0,0.0,0.0,0.0,0.0,0.0,0.0,0.0,0.0,0.0,0.0,0.0,0.0,0.0,0.0,0.0,0.0,0.0,0.0,0.0,0.0,0.0,0.0,0.0,0.0,0.0,0.0,0.0,0.0,0.0,0.0,0.0,0.0,0.0,0.0,0.0,0.0,0.0,0.0,0.0,0.0,0.0,0.0
0.0,0.0,0.0,0.0,0.0,0.0,0.0,0.0,0.0,0.0,0.0,0.0,0.0,0.0,0.025487670713184418,0.0,0.0,0.0,0.2501501573184469,0.4874618019118997,0.39209341181831536,0.1418698478397815,0.16940695883617163,0.25810601889734974,0.49146963113213343,0.6859243529402111,0.0,0.0355040153712434,0.0,0.0,0.0,0.0,0.0,0.0,0.0,0.0,0.0,0.0,0.0,0.0,0.41909506718057893,1.0,0.40669750898650786,0.0,0.0,0.0,0.0,0.0,0.0,0.0,0.0,0.0,0.0,0.0,0.0,0.0,0.0,0.0,0.0,0.0,0.0,0.0,0.0,0.0,0.0,0.042578659989737054,0.0,0.0,0.0,0.0,0.0,0.0,0.0,0.0,0.0,0.0,0.0,0.0,0.0,0.0,0.0,0.0,0.0,0.10228987606234746,0.0,0.0,0.0,0.0
0.0,0.0,0.0,0.0,0.0,0.0,0.0,0.0,0.0,0.0,0.0,0.0,0.0,0.0,0.0,0.0,0.0,0.0,0.15870904433873195,0.2529386475198647,0.03309960808595728,0.0,0.25471789405035333,0.4850309382946208,0.6862552004965575,0.48946724701922395,0.0,0.38932781351803125,0.0,0.22327078733936417,0.0,0.0,0.0,0.0,0.0,0.0,0.0,0.0,0.0,0.0,0.0,0.40669750898650786,1.0,0.0,0.0,0.0,0.0,0.0,0.0,0.0,0.0,0.0,0.0,0.0,0.0,0.0,0.0,0.0,0.0,0.1153431652807858,0.15137648182628569,0.0,0.0,0.0,0.09835173789391848,0.27868938502873936,0.0,0.0,0.0,0.0,0.0,0.0,0.0,0.0,0.0,0.0,0.0,0.0,0.0,0.0,0.0,0.0,0.17488158903768047,0.31134668691717643,0.0,0.0,0.0,0.0
0.3981954339716706,0.2901325775819642,0.11967068000780894,0.04262203342969882,0.10798055780908167,0.2721320210331096,0.42473739877934125,0.27081067784325313,0.16897473431815746,0.17533307027289216,0.3754496728236118,0.15093642379593722,0.03760047767545567,0.09353071735335032,0.3759433869898199,0.12430500894535411,0.0,0.0,0.48600330425099747,0.25432571723658093,0.0315650969438725,0.0,0.6868632351664739,0.4926843700667161,0.25614038040393766,0.1705257934744453,0.0,0.3997369649612207,0.0,0.233105997074111,0.16687083424427307,0.0,0.0,0.0,0.0,0.0,0.0,0.0,0.0,0.0,0.0,0.0,0.0,1.0,0.0,0.0,0.0,0.0,0.0,0.0,0.0,0.0,0.0,0.0,0.0,0.0,0.0,0.0,0.0,0.0,0.0,0.0,0.024843792719625474,0.20168938427298055,0.24061565186144307,0.12527372494741984,0.0,0.0,0.0215111334556382,0.18653480601822064,0.0,0.0,0.0,0.0,0.0,0.0,0.0,0.0,0.0,0.0,0.0,0.0,0.0,0.0,0.107124754585761,0.0529958344333589,0.0,0.0
0.0,0.0,0.0,0.0,0.0,0.0,0.0,0.0,0.0,0.0,0.0,0.0,0.0,0.0,0.0,0.0,0.0,0.0,0.0,0.0,0.0,0.0,0.0,0.0,0.0,0.0,0.0,0.0,0.0,0.0,0.0,0.0,0.0,0.0,0.0,0.0,0.0,0.0,0.0,0.0,0.0,0.0,0.0,0.0,1.0,0.7383101837331237,0.5469745995244542,0.4723859187209297,0.543538358906377,0.7350213000600249,0.7298188108144612,0.5455442713475747,0.477178252344711,0.542065911546022,0.5221499540318577,0.2988394266615379,0.21485714238656844,0.3048852619281686,0.40778244802046487,0.17138843132899412,0.03825424317962149,0.08377896521456188,0.38389053483321095,0.16166055151863415,0.0,0.0,0.43156805599316767,0.24916181938482085,0.06576857370685162,0.03204274986343499,0.30560957414829937,0.15784950197479072,0.07161312952542503,0.006891664643294044,0.4860060592206328,0.15869161526558664,0.2501429962227157,0.24826651407944159,0.16323938323844842,0.034553352022309206,0.0,0.0,0.0,0.0,0.0,0.0,0.0,0.3981954339716709
0.0,0.0,0.0,0.0,0.0,0.0,0.0,0.0,0.0,0.0,0.0,0.0,0.0,0.0,0.0,0.0,0.0,0.0,0.0,0.0,0.0,0.0,0.0,0.0,0.0,0.0,0.0,0.0,0.0,0.0,0.0,0.0,0.0,0.0,0.0,0.0,0.0,0.0,0.0,0.0,0.0,0.0,0.0,0.0,0.7383101837331237,1.0,0.7425828503076631,0.5485779887434067,0.4834465711241128,0.550072250107738,0.5327934271008693,0.3053396531328407,0.21892558198142306,0.3080393089152276,0.431720374141469,0.19352700456924596,0.050241427142315186,0.08934274579240757,0.4206840808220761,0.22137477595144847,0.05095981370220081,0.0327253827703339,0.43152327109543365,0.27455258250326997,0.13015358872876853,0.10336954758221889,0.4127489598604123,0.2625070798398693,0.14588332289719103,0.15246641522208149,0.5479737347845637,0.1211027576118252,0.3237559645643684,0.0,0.6868687234791558,0.25471932951947857,0.16941451086735745,0.035854067959047047,0.0,0.0,0.0,0.0,0.0,0.0,0.0,0.0,0.0,0.2901325775819642
0.0,0.0,0.0,0.0,0.0,0.0,0.0,0.0,0.0,0.0,0.0,0.0,0.0,0.0,0.0,0.0,0.0,0.0,0.0,0.0,0.0,0.0,0.0,0.0,0.0,0.0,0.0,0.0,0.0,0.0,0.0,0.0,0.0,0.0,0.0,0.0,0.0,0.0,0.0,0.0,0.0,0.0,0.0,0.0,0.5469745995244542,0.7425828503076631,1.0,0.7375052029546922,0.5546041638157574,0.481318857926674,0.29708714633498395,0.09637941644338653,0.06676799489375125,0.21789752505691068,0.17504557986884536,0.0,0.0,0.0,0.18607014024963806,8.863336466514016e-05,0.0,0.0,0.2490431566303309,0.14575734820735234,0.0,0.0,0.2624092237128678,0.18643210698074936,0.10357338902325691,0.08568361995759137,0.7344831750087588,0.07712895275816427,0.4912085177808716,0.0,0.4926958589023311,0.48503298366049097,0.258113868073676,0.0,0.0,0.0,0.0,0.0,0.0,0.0,0.0,0.0,0.0,0.1196706800078091
0.0,0.0,0.0,0.0,0.0,0.0,0.0,0.0,0.0,0.0,0.0,0.0,0.0,0.0,0.0,0.0,0.0,0.0,0.0,0.0,0.0,0.0,0.0,0.0,0.0,0.0,0.0,0.0,0.0,0.0,0.0,0.0,0.0,0.0,0.0,0.0,0.0,0.0,0.0,0.0,0.0,0.0,0.0,0.0,0.4723859187209297,0.5485779887434067,0.7375052029546922,1.0,0.7454812399310744,0.5489892044213376,0.20228782074855012,0.057750892521116225,0.1036846174411074,0.30907108562622027,0.019901181975456705,0.0,0.0,0.0,0.0,0.0,0.0,0.0,0.06563126885598462,0.0,0.0,0.0,0.14574790829571957,0.10352537550293914,0.0,0.0,0.5430378275820645,0.0683045948431809,0.31988164313979806,0.0,0.2561484264692636,0.6862562363061236,0.4914734174671515,0.13649960394969976,0.0,0.0,0.0,0.0,0.0,0.0,0.0,0.0,0.0,0.04262203342969882
0.0,0.0,0.0,0.0,0.0,0.0,0.0,0.0,0.0,0.0,0.0,0.0,0.0,0.0,0.0,0.0,0.0,0.0,0.0,0.0,0.0,0.0,0.0,0.0,0.0,0.0,0.0,0.0,0.0,0.0,0.0,0.0,0.0,0.0,0.0,0.0,0.0,0.0,0.0,0.0,0.0,0.0,0.0,0.0,0.543538358906377,0.4834465711241128,0.5546041638157574,0.7454812399310744,1.0,0.7375452664573361,0.29730707128552286,0.21494838707107197,0.31421247093274074,0.5429006972717748,0.06689626204207651,0.0,0.0,0.0,0.0,0.0,0.0,0.0,0.03195775473151406,0.0,0.0,0.0,0.15239040969903808,0.08569523689166303,0.0,0.0,0.312070231367737,0.0943916014860969,0.07805590807809,0.017550083219015796,0.17053901345606523,0.48946520856523734,0.6859237053047023,0.3900636306162589,0.03786525206520374,0.0,0.0,0.0,0.0,0.0,0.0,0.0,0.0,0.10798055780908167
0.0,0.0,0.0,0.0,0.0,0.0,0.0,0.0,0.0,0.0,0.0,0.0,0.0,0.0,0.0,0.0,0.0,0.0,0.0,0.0,0.0,0.0,0.0,0.0,0.0,0.0,0.0,0.0,0.0,0.0,0.0,0.0,0.0,0.0,0.0,0.0,0.0,0.0,0.0,0.0,0.0,0.0,0.0,0.0,0.7350213000600249,0.550072250107738,0.481318857926674,0.5489892044213376,0.7375452664573361,1.0,0.5375659668905777,0.47660677648718497,0.5524565023669835,0.7354903249114845,0.2858595481850098,0.08633975812501368,0.060589679897204075,0.21507087696332894,0.1534839253161128,0.0,0.0,0.0,0.16163498187566938,0.0,0.0,0.0,0.2745577272173275,0.14584640802087365,0.0,0.0,0.21596976840972726,0.13234109619488243,0.0,0.036115021016535936,0.2543358482880001,0.25293857552702115,0.4874648474556478,0.48483306333761905,0.2559185417831947,0.0,0.0,0.0,0.0,0.0,0.0,0.0,0.0,0.2721320210331096
0.0,0.0,0.0,0.0,0.0,0.0,0.0,0.0,0.0,0.0,0.0,0.0,0.0,0.0,0.0,0.0,0.0,0.0,0.0,0.0,0.0,0.0,0.0,0.0,0.0,0.0,0.0,0.0,0.0,0.0,0.0,0.0,0.0,0.0,0.0,0.0,0.0,0.0,0.0,0.0,0.0,0.0,0.0,0.0,0.7298188108144612,0.5327934271008693,0.29708714633498395,0.20228782074855012,0.29730707128552286,0.5375659668905777,1.0,0.7368510476816572,0.5418849213251551,0.47019163748164955,0.7308256621188953,0.5451720541564831,0.47641048799927194,0.5430518789026673,0.5198644742913408,0.29351613196507664,0.2118230235225668,0.30479142115011154,0.40783662138010246,0.1535437448442778,0.01738578055535916,0.07142679482356436,0.4207932123033358,0.1862089562972555,0.0,0.0,0.08083922558427262,0.0802530181967544,0.0,0.0,0.3759120641218829,0.0,0.02547751420087357,0.15642000213759405,0.24991933424381121,0.24981644053155483,0.16284181797457406,0.03538221010464497,0.0,0.0,0.0,0.0,0.0,0.4247373987793416
0.0,0.0,0.0,0.0,0.0,0.0,0.0,0.0,0.0,0.0,0.0,0.0,0.0,0.0,0.0,0.0,0.0,0.0,0.0,0.0,0.0,0.0,0.0,0.0,0.0,0.0,0.0,0.0,0.0,0.0,0.0,0.0,0.0,0.0,0.0,0.0,0.0,0.0,0.0,0.0,0.0,0.0,0.0,0.0,0.5455442713475747,0.3053396531328407,0.09637941644338653,0.057750892521116225,0.21494838707107197,0.47660677648718497,0.7368510476816572,1.0,0.7348719395012014,0.5487942268345944,0.5433998474191766,0.47900458589604417,0.552341291435118,0.7361488874676979,0.29353705063552016,0.08718839055756548,0.059371295753635485,0.2159695902652845,0.17146582288526693,0.0,0.0,0.0,0.22152484744400164,0.00027151532233945136,0.0,0.0,0.0,0.0,0.0,0.0,0.12425945959229523,0.0,0.0,0.25241138672518204,0.48595400156587165,0.48571605668282936,0.25577043092390905,0.0,0.0,0.0,0.0,0.0,0.0,0.2708106778432532
0.0,0.0,0.0,0.0,0.0,0.0,0.0,0.0,0.0,0.0,0.0,0.0,0.0,0.0,0.0,0.0,0.0,0.0,0.0,0.0,0.0,0.0,0.0,0.0,0.0,0.0,0.0,0.0,0.0,0.0,0.0,0.0,0.0,0.0,0.0,0.0,0.0,0.0,0.0,0.0,0.0,0.0,0.0,0.0,0.477178252344711,0.21892558198142306,0.06676799489375125,0.1036846174411074,0.31421247093274074,0.5524565023669835,0.5418849213251551,0.7348719395012014,1.0,0.7479085700586734,0.2998859173254757,0.21396501133942633,0.3124335783426152,0.5431685990833409,0.07143303951198833,0.0,0.0,0.0,0.0,0.0,0.0,0.0,0.10350213694932686,0.0,0.0,0.0,0.0,0.0,0.0,0.0,0.0,0.0,0.14190515758958255,0.49192485682811044,0.6858578290678697,0.3931666202931917,0.03658346960888576,0.0,0.0,0.0,0.0,0.0,0.0,0.1689747343181577
0.0,0.0,0.0,0.0,0.0,0.0,0.0,0.0,0.0,0.0,0.0,0.0,0.0,0.0,0.0,0.0,0.0,0.0,0.0,0.0,0.0,0.0,0.0,0.0,0.0,0.0,0.0,0.0,0.0,0.0,0.0,0.0,0.0,0.0,0.0,0.0,0.0,0.0,0.0,0.0,0.0,0.0,0.0,0.0,0.542065911546022,0.3080393089152276,0.21789752505691068,0.30907108562622027,0.5429006972717748,0.7354903249114845,0.47019163748164955,0.5487942268345944,0.7479085700586734,1.0,0.20244426818328015,0.05571794272496959,0.10311639670520602,0.3114755307302711,0.01734883867420275,0.0,0.0,0.0,0.0,0.0,0.0,0.0,0.13020686436842707,0.0,0.0,0.0,0.0,0.020670976027379905,0.0,0.0,0.03155684382354708,0.033121128596320326,0.39213121490649894,0.6859460115508907,0.49262410392391903,0.14238994479595854,0.0,0.0,0.0,0.0,0.0,0.0,0.0,0.17533307027289216
