1.0,0.7383146384209073,0.5469795489774769,0.47239680736627687,0.5435426711888488,0.7350223316565195,0.7298227342966302,0.5455487799772363,0.47718016729900087,0.5420700195033962,0.5221660132493726,0.2988484438318318,0.21486572441648166,0.3048906615452778,0.40781636930205667,0.17141028571460826,0.03826614116455211,0.0837872437278205,0.38394001111832327,0.1616994199016416,0.0,0.0,0.43161685558877727,0.2491913895498418,0.06578892890187217,0.03207183754990056,0.30561376823323344,0.15787881676986376,0.07161387103757696,0.006914860454892774,0.4860110884323101,0.15870414586209527,0.2501479207967053,0.24827041319120452,0.16324234732414308,0.034560661326957336,0.0,0.0,0.0,0.0,0.0,0.0,0.0,0.39828411073192443,0.0,0.0,0.0,0.0,0.0,0.0,0.0,0.0,0.0,0.0,0.0,0.0,0.0,0.0,0.0,0.0,0.0,0.0,0.0,0.0,0.0,0.0,0.0,0.0,0.0,0.0,0.0,0.0,0.0,0.0,0.0,0.0,0.0,0.0,0.0,0.0,0.0,0.0,0.0,0.0,0.0,0.0,0.0,0.0
0.7383146384209073,1.0,0.7425814591543755,0.5485807328169057,0.4834449745678812,0.5500728139725906,0.5328065019051468,0.30536547276223747,0.2189440188381215,0.30804786614553503,0.43173975203502446,0.193560564060166,0.05028581661222158,0.08938105748107782,0.4207031230921707,0.22139420360554296,0.05098678493630289,0.03275934272455991,0.43152893316272967,0.2745445183170973,0.13014723942281775,0.10338092231546457,0.4127368193089193,0.2624623161472024,0.14582792948492468,0.15243198217885506,0.5479722080025767,0.12105551939286505,0.3237504688852772,0.0,0.6868679062533669,0.25472207900203936,0.16941558315771857,0.03585940614265117,0.0,0.0,0.0,0.0,0.0,0.0,0.0,0.0,0.0,0.2901644499927111,0.0,0.0,0.0,0.0,0.0,0.0,0.0,0.0,0.0,0.0,0.0,0.0,0.0,0.0,0.0,0.0,0.0,0.0,0.0,0.0,0.0,0.0,0.0,0.0,0.0,0.0,0.0,0.0,0.0,0.0,0.0,0.0,0.0,0.0,0.0,0.0,0.0,0.0,0.0,0.0,0.0,0.0,0.0,0.0
0.5469795489774769,0.7425814591543755,1.0,0.7375061535777772,0.5546011911771012,0.4813179543597899,0.2970981491188937,0.09639767246537351,0.06677916527618181,0.2178989079822502,0.175068104629881,0.0,0.0,0.0,0.18611010843381187,0.0001243768523932713,0.0,0.0,0.24909756694332183,0.14580353881065394,0.0,0.0,0.2624606433500792,0.18645675245814175,0.10358465674846377,0.08571143209602744,0.7344828325332209,0.07714533664782816,0.4912073874848219,0.0,0.492689881084806,0.4850345943230946,0.25811406669438647,0.0,0.0,0.0,0.0,0.0,0.0,0.0,0.0,0.0,0.0,0.1197573745308933,0.0,0.0,0.0,0.0,0.0,0.0,0.0,0.0,0.0,0.0,0.0,0.0,0.0,0.0,0.0,0.0,0.0,0.0,0.0,0.0,0.0,0.0,0.0,0.0,0.0,0.0,0.0,0.0,0.0,0.0,0.0,0.0,0.0,0.0,0.0,0.0,0.0,0.0,0.0,0.0,0.0,0.0,0.0,0.0
0.47239680736627687,0.5485807328169057,0.7375061535777772,1.0,0.7454815230163095,0.5489930045143545,0.20230250313084427,0.057762103585088376,0.10368856542555342,0.30906866805352556,0.019932610394428864,0.0,0.0,0.0,0.0,0.0,0.0,0.0,0.06574136037259495,0.0,0.0,0.0,0.14587960164684283,0.10365533119028345,0.0,0.0,0.5430352023584603,0.06843734402348792,0.3198807000310533,0.0,0.2561470107204906,0.686257857427588,0.4914744165427535,0.13649191663766,0.0,0.0,0.0,0.0,0.0,0.0,0.0,0.0,0.0,0.04278345583489985,0.0,0.0,0.0,0.0,0.0,0.0,0.0,0.0,0.0,0.0,0.0,0.0,0.0,0.0,0.0,0.0,0.0,0.0,0.0,0.0,0.0,0.0,0.0,0.0,0.0,0.0,0.0,0.0,0.0,0.0,0.0,0.0,0.0,0.0,0.0,0.0,0.0,0.0,0.0,0.0,0.0,0.0,0.0,0.0
0.5435426711888488,0.4834449745678812,0.5546011911771012,0.7454815230163095,1.0,0.7375459788856183,0.29731424479384105,0.2149466709145193,0.31420576959752256,0.5428921828327238,0.066920406787494,0.0,0.0,0.0,0.0,0.0,0.0,0.0,0.03206808348361787,0.0,0.0,0.0,0.15253233456534146,0.08584267079000371,0.0,0.0,0.3120667113142717,0.09455651566309506,0.07805408892037105,0.017711843729919272,0.17053668084382484,0.48947110724783904,0.6859260987529732,0.3900529598583654,0.03785603378424098,0.0,0.0,0.0,0.0,0.0,0.0,0.0,0.0,0.10815839108241329,0.0,0.0,0.0,0.0,0.0,0.0,0.0,0.0,0.0,0.0,0.0,0.0,0.0,0.0,0.0,0.0,0.0,0.0,0.0,0.0,0.0,0.0,0.0,0.0,0.0,0.0,0.0,0.0,0.0,0.0,0.0,0.0,0.0,0.0,0.0,0.0,0.0,0.0,0.0,0.0,0.0,0.0,0.0,0.0
0.7350223316565195,0.5500728139725906,0.4813179543597899,0.5489930045143545,0.7375459788856183,1.0,0.5375704098712475,0.4766029279230301,0.552450505790728,0.7354878822164834,0.2858781949784745,0.08633964479297725,0.06058050708603287,0.21506003879080898,0.15353110922939334,0.0,0.0,0.0,0.16171837867798747,0.0,0.0,0.0,0.2746631522506599,0.1459452013210733,0.0,0.0,0.2159689442343017,0.13245169002830776,0.0,0.03622195497505803,0.25433862300204535,0.25294576773391286,0.48746618871768577,0.48483279251204053,0.25591191141166253,0.0,0.0,0.0,0.0,0.0,0.0,0.0,0.0,0.2722810835408393,0.0,0.0,0.0,0.0,0.0,0.0,0.0,0.0,0.0,0.0,0.0,0.0,0.0,0.0,0.0,0.0,0.0,0.0,0.0,0.0,0.0,0.0,0.0,0.0,0.0,0.0,0.0,0.0,0.0,0.0,0.0,0.0,0.0,0.0,0.0,0.0,0.0,0.0,0.0,0.0,0.0,0.0,0.0,0.0
0.7298227342966302,0.5328065019051468,0.2970981491188937,0.20230250313084427,0.29731424479384105,0.5375704098712475,1.0,0.7368531204987967,0.5418875297663913,0.47020118788232823,0.730832535518707,0.5451763689763345,0.47641619319744954,0.5430541402670798,0.5198739556092253,0.2935208259695467,0.21182650587982352,0.30479503512222644,0.4078421268753014,0.15354562259949692,0.017383534376211297,0.07142873803674435,0.4207827099927165,0.18619049194677037,0.0,0.0,0.08085060023775296,0.08023650714806234,0.0,0.0,0.3759308620732857,0.0,0.025483906226325393,0.15642964260127168,0.24992274598751624,0.24982218076019935,0.16284532401030125,0.03538286793830939,0.0,0.0,0.0,0.0,0.0,0.4247461644307721,0.0,0.0,0.0,0.0,0.0,0.0,0.0,0.0,0.0,0.0,0.0,0.0,0.0,0.0,0.0,0.0,0.0,0.0,0.0,0.0,0.0,0.0,0.0,0.0,0.0,0.0,0.0,0.0,0.0,0.0,0.0,0.0,0.0,0.0,0.0,0.0,0.0,0.0,0.0,0.0,0.0,0.0,0.0,0.0
0.5455487799772363,0.30536547276223747,0.09639767246537351,0.057762103585088376,0.2149466709145193,0.4766029279230301,0.7368531204987967,1.0,0.7348698816397344,0.548794384484179,0.5434005677217453,0.47900028457485744,0.5523353639799433,0.7361435581353426,0.29353648896657536,0.08718540482234757,0.05936756942407847,0.21596415441938155,0.17145758541016837,0.0,0.0,0.0,0.22149546072658793,0.0002358753582184555,0.0,0.0,0.0,0.0,0.0,0.0,0.12430110044706957,0.0,0.0,0.25241138098870125,0.48595345484604896,0.48571488879066926,0.255762842036866,0.0,0.0,0.0,0.0,0.0,0.0,0.27078798724447684,0.0,0.0,0.0,0.0,0.0,0.0,0.0,0.0,0.0,0.0,0.0,0.0,0.0,0.0,0.0,0.0,0.0,0.0,0.0,0.0,0.0,0.0,0.0,0.0,0.0,0.0,0.0,0.0,0.0,0.0,0.0,0.0,0.0,0.0,0.0,0.0,0.0,0.0,0.0,0.0,0.0,0.0,0.0,0.0
0.47718016729900087,0.2189440188381215,0.06677916527618181,0.10368856542555342,0.31420576959752256,0.552450505790728,0.5418875297663913,0.7348698816397344,1.0,0.7479066962936943,0.29989138907828844,0.2139576630835534,0.31241815139681983,0.5431541418376854,0.07144486712738062,0.0,0.0,0.0,0.0,0.0,0.0,0.0,0.10350876022232423,0.0,0.0,0.0,0.0,0.0,0.0,0.0,0.0,0.0,0.1418912530565126,0.49192438351674667,0.6858584814863942,0.39314869765216165,0.03656352816950055,0.0,0.0,0.0,0.0,0.0,0.0,0.16899956814879372,0.0,0.0,0.0,0.0,0.0,0.0,0.0,0.0,0.0,0.0,0.0,0.0,0.0,0.0,0.0,0.0,0.0,0.0,0.0,0.0,0.0,0.0,0.0,0.0,0.0,0.0,0.0,0.0,0.0,0.0,0.0,0.0,0.0,0.0,0.0,0.0,0.0,0.0,0.0,0.0,0.0,0.0,0.0,0.0
0.5420700195033962,0.30804786614553503,0.2178989079822502,0.30906866805352556,0.5428921828327238,0.7354878822164834,0.47020118788232823,0.548794384484179,0.7479066962936943,1.0,0.2024638955522223,0.055717522998865184,0.10310366886503507,0.3114623702001384,0.017388837040301672,0.0,0.0,0.0,0.0,0.0,0.0,0.0,0.13028500348029987,0.0,0.0,0.0,0.0,0.02075853753128555,0.0,0.0,0.03157314770686325,0.03312055600063226,0.3921167181580622,0.685946029126823,0.4926190835314992,0.14236984944511477,0.0,0.0,0.0,0.0,0.0,0.0,0.0,0.17544723979440188,0.0,0.0,0.0,0.0,0.0,0.0,0.0,0.0,0.0,0.0,0.0,0.0,0.0,0.0,0.0,0.0,0.0,0.0,0.0,0.0,0.0,0.0,0.0,0.0,0.0,0.0,0.0,0.0,0.0,0.0,0.0,0.0,0.0,0.0,0.0,0.0,0.0,0.0,0.0,0.0,0.0,0.0,0.0,0.0
0.5221660132493726,0.43173975203502446,0.175068104629881,0.019932610394428864,0.066920406787494,0.2858781949784745,0.730832535518707,0.5434005677217453,0.29989138907828844,0.2024638955522223,1.0,0.7354322212260844,0.5421439002129507,0.47465260019126154,0.7308359432510052,0.5433970760396937,0.4746502046445561,0.5421427268766822,0.5221791061347745,0.2858874968652336,0.2024663053043053,0.2998884616237753,0.43176815839133953,0.17509698559036735,0.01995537803013417,0.06693532249832605,0.012195879436482926,0.012231709419197868,0.0,0.0,0.37539507369988395,0.0,0.0,0.0,0.03132222407082375,0.1611011788950916,0.24914291496054974,0.24914482814091762,0.1610977190350714,0.031314705149617116,0.0,0.0,0.0,0.37543511308060884,0.0,0.0,0.0,0.0,0.0,0.0,0.0,0.0,0.0,0.0,0.0,0.0,0.0,0.0,0.0,0.0,0.0,0.0,0.0,0.0,0.0,0.0,0.0,0.0,0.0,0.0,0.0,0.0,0.0,0.0,0.0,0.0,0.0,0.0,0.0,0.0,0.0,0.0,0.0,0.0,0.0,0.0,0.0,0.0
0.2988484438318318,0.193560564060166,0.0,0.0,0.0,0.08633964479297725,0.5451763689763345,0.47900028457485744,0.2139576630835534,0.055717522998865184,0.7354322212260844,1.0,0.7361611851510111,0.5512976290341708,0.5451823606396142,0.47900011057963865,0.5512958189050781,0.7361602038812552,0.2988634897388186,0.08635166887887046,0.055722940358121184,0.2139565426031289,0.19358469052587274,0.0,0.0,0.0,0.0,0.0,0.0,0.0,0.15086570753274148,0.0,0.0,0.0,0.0,0.2546603259996884,0.48622239143984114,0.486223903430102,0.25465793289632727,0.0,0.0,0.0,0.0,0.15089628296417515,0.0,0.0,0.0,0.0,0.0,0.0,0.0,0.0,0.0,0.0,0.0,0.0,0.0,0.0,0.0,0.0,0.0,0.0,0.0,0.0,0.0,0.0,0.0,0.0,0.0,0.0,0.0,0.0,0.0,0.0,0.0,0.0,0.0,0.0,0.0,0.0,0.0,0.0,0.0,0.0,0.0,0.0,0.0,0.0
0.21486572441648166,0.05028581661222158,0.0,0.0,0.0,0.06058050708603287,0.47641619319744954,0.5523353639799433,0.31241815139681983,0.10310366886503507,0.5421439002129507,0.7361611851510111,1.0,0.7473485395222302,0.3048072725505088,0.21596871587808533,0.31196182284398133,0.5435025739559507,0.08381669936589532,0.0,0.0,0.0,0.032806819844398254,0.0,0.0,0.0,0.0,0.0,0.0,0.0,0.0,0.0,0.0,0.0,0.1425211570259731,0.49137956514396786,0.6858845297316762,0.393345861267839,0.035349931015299166,0.0,0.0,0.0,0.0,0.0375381889389,0.0,0.0,0.0,0.0,0.0,0.0,0.0,0.0,0.0,0.0,0.0,0.0,0.0,0.0,0.0,0.0,0.0,0.0,0.0,0.0,0.0,0.0,0.0,0.0,0.0,0.0,0.0,0.0,0.0,0.0,0.0,0.0,0.0,0.0,0.0,0.0,0.0,0.0,0.0,0.0,0.0,0.0,0.0,0.0
0.3048906615452778,0.08938105748107782,0.0,0.0,0.0,0.21506003879080898,0.5430541402670798,0.7361435581353426,0.5431541418376854,0.3114623702001384,0.47465260019126154,0.5512976290341708,0.7473485395222302,1.0,0.21184371272570993,0.0593743745250338,0.10276635055633439,0.3119622237724749,0.038309475200326154,0.0,0.0,0.0,0.05106388081738125,0.0,0.0,0.0,0.0,0.0,0.0,0.0,0.0,0.0,0.0,0.03563765222786921,0.3941975486368998,0.6859149247949564,0.49147182763007263,0.14153923143567423,0.0,0.0,0.0,0.0,0.0,0.09345959865718902,0.0,0.0,0.0,0.0,0.0,0.0,0.0,0.0,0.0,0.0,0.0,0.0,0.0,0.0,0.0,0.0,0.0,0.0,0.0,0.0,0.0,0.0,0.0,0.0,0.0,0.0,0.0,0.0,0.0,0.0,0.0,0.0,0.0,0.0,0.0,0.0,0.0,0.0,0.0,0.0,0.0,0.0,0.0,0.0
0.40781636930205667,0.4207031230921707,0.18611010843381187,0.0,0.0,0.15353110922939334,0.5198739556092253,0.29353648896657536,0.07144486712738062,0.017388837040301672,0.7308359432510052,0.5451823606396142,0.3048072725505088,0.21184371272570993,1.0,0.7368519126823904,0.5430560438591674,0.47642010092760984,0.7298258691711292,0.5375731764363142,0.47020266092419477,0.5418872784333755,0.5328119126968196,0.2971046874152103,0.20230901184262928,0.2973190552621325,0.08013092980478063,0.08085956070314107,0.0,0.0,0.4246181173449121,0.0,0.0,0.0,0.0,0.0,0.035393079038143045,0.16285351520500968,0.24982269290182105,0.24992051118347983,0.15643198126819954,0.025483581284342607,0.0,0.3759371033832233,0.0,0.0,0.0,0.0,0.0,0.0,0.0,0.0,0.0,0.0,0.0,0.0,0.0,0.0,0.0,0.0,0.0,0.0,0.0,0.0,0.0,0.0,0.0,0.0,0.0,0.0,0.0,0.0,0.0,0.0,0.0,0.0,0.0,0.0,0.0,0.0,0.0,0.0,0.0,0.0,0.0,0.0,0.0,0.0
0.17141028571460826,0.22139420360554296,0.0001243768523932713,0.0,0.0,0.0,0.2935208259695467,0.08718540482234757,0.0,0.0,0.5433970760396937,0.47900011057963865,0.21596871587808533,0.0593743745250338,0.7368519126823904,1.0,0.7361445226085854,0.552336038435248,0.5455489284929612,0.47660227817988976,0.5487946388959232,0.7348686296781575,0.30536254563421017,0.09639506806511738,0.05776108060936186,0.2149461242184743,0.0,0.0,0.0,0.0,0.2706423686280671,0.0,0.0,0.0,0.0,0.0,0.0,0.25576797592806066,0.48571515957391986,0.4859512331083761,0.2524134573758042,0.0,0.0,0.12429723968937267,0.0,0.0,0.0,0.0,0.0,0.0,0.0,0.0,0.0,0.0,0.0,0.0,0.0,0.0,0.0,0.0,0.0,0.0,0.0,0.0,0.0,0.0,0.0,0.0,0.0,0.0,0.0,0.0,0.0,0.0,0.0,0.0,0.0,0.0,0.0,0.0,0.0,0.0,0.0,0.0,0.0,0.0,0.0,0.0
0.03826614116455211,0.05098678493630289,0.0,0.0,0.0,0.0,0.21182650587982352,0.05936756942407847,0.0,0.0,0.4746502046445561,0.5512958189050781,0.31196182284398133,0.10276635055633439,0.5430560438591674,0.7361445226085854,1.0,0.7473476072573078,0.3048936197760925,0.21506025529444886,0.3114614738006286,0.5431499209088727,0.08938088845951744,0.0,0.0,0.0,0.0,0.0,0.0,0.0,0.09336041959790903,0.0,0.0,0.0,0.0,0.0,0.14153999533716247,0.49147432409248926,0.685914436469489,0.394190177700292,0.03563804269479845,0.0,0.0,0.0,0.0,0.0,0.0,0.0,0.0,0.0,0.0,0.0,0.0,0.0,0.0,0.0,0.0,0.0,0.0,0.0,0.0,0.0,0.0,0.0,0.0,0.0,0.0,0.0,0.0,0.0,0.0,0.0,0.0,0.0,0.0,0.0,0.0,0.0,0.0,0.0,0.0,0.0,0.0,0.0,0.0,0.0,0.0,0.0
0.0837872437278205,0.03275934272455991,0.0,0.0,0.0,0.0,0.30479503512222644,0.21596415441938155,0.0,0.0,0.5421427268766822,0.7361602038812552,0.5435025739559507,0.3119622237724749,0.47642010092760984,0.552336038435248,0.7473476072573078,1.0,0.21487420038993743,0.060586356416137264,0.10310601789791636,0.312415523966345,0.05029503075149982,0.0,0.0,0.0,0.0,0.0,0.0,0.0,0.03747997614941654,0.0,0.0,0.0,0.0,0.03535166051045136,0.393346618891595,0.6858881847204712,0.4913787700474435,0.14251400622327795,0.0,0.0,0.0,0.0,0.0,0.0,0.0,0.0,0.0,0.0,0.0,0.0,0.0,0.0,0.0,0.0,0.0,0.0,0.0,0.0,0.0,0.0,0.0,0.0,0.0,0.0,0.0,0.0,0.0,0.0,0.0,0.0,0.0,0.0,0.0,0.0,0.0,0.0,0.0,0.0,0.0,0.0,0.0,0.0,0.0,0.0,0.0,0.0
0.38394001111832327,0.43152893316272967,0.24909756694332183,0.06574136037259495,0.03206808348361787,0.16171837867798747,0.4078421268753014,0.17145758541016837,0.0,0.0,0.5221791061347745,0.2988634897388186,0.08381669936589532,0.038309475200326154,0.7298258691711292,0.5455489284929612,0.3048936197760925,0.21487420038993743,1.0,0.7350238268269824,0.5420708025360028,0.4771812822607453,0.7383141197965785,0.5469810942768965,0.4724003466217765,0.5435460011264132,0.15773573306611824,0.3056168428186349,0.006735272821542083,0.07162157550646008,0.39812542675014717,0.0,0.0,0.0,0.0,0.0,0.0,0.0,0.0345610439124778,0.16324214250620195,0.2482710118514084,0.2501468592704172,0.1587084636718905,0.48600817836363824,0.0,0.0,0.0,0.0,0.0,0.0,0.0,0.0,0.0,0.0,0.0,0.0,0.0,0.0,0.0,0.0,0.0,0.0,0.0,0.0,0.0,0.0,0.0,0.0,0.0,0.0,0.0,0.0,0.0,0.0,0.0,0.0,0.0,0.0,0.0,0.0,0.0,0.0,0.0,0.0,0.0,0.0,0.0,0.0
0.1616994199016416,0.2745445183170973,0.14580353881065394,0.0,0.0,0.0,0.15354562259949692,0.0,0.0,0.0,0.2858874968652336,0.08635166887887046,0.0,0.0,0.5375731764363142,0.47660227817988976,0.21506025529444886,0.060586356416137264,0.7350238268269824,1.0,0.7354864870566542,0.552450749984767,0.5500700665792537,0.48131466582218435,0.5489920203298708,0.737546502789913,0.13223211992299075,0.21596702267273243,0.03594324193555259,0.0,0.27208674534268174,0.0,0.0,0.0,0.0,0.0,0.0,0.0,0.0,0.2559109975145497,0.48483063933020043,0.4874629153191699,0.25294572410621957,0.2543327718242794,0.0,0.0,0.0,0.0,0.0,0.0,0.0,0.0,0.0,0.0,0.0,0.0,0.0,0.0,0.0,0.0,0.0,0.0,0.0,0.0,0.0,0.0,0.0,0.0,0.0,0.0,0.0,0.0,0.0,0.0,0.0,0.0,0.0,0.0,0.0,0.0,0.0,0.0,0.0,0.0,0.0,0.0,0.0,0.0
0.0,0.13014723942281775,0.0,0.0,0.0,0.0,0.017383534376211297,0.0,0.0,0.0,0.2024663053043053,0.055722940358121184,0.0,0.0,0.47020266092419477,0.5487946388959232,0.3114614738006286,0.10310601789791636,0.5420708025360028,0.7354864870566542,1.0,0.7479089043561534,0.30804334181661286,0.21789268180002214,0.3090639246735009,0.5428890478971511,0.020512516914697073,0.0,0.0,0.0,0.17524241824455056,0.0,0.0,0.0,0.0,0.0,0.0,0.0,0.1423656557958823,0.4926203515699249,0.6859469177965013,0.39211033745050783,0.0331160213838062,0.03156587713537731,0.0,0.0,0.0,0.0,0.0,0.0,0.0,0.0,0.0,0.0,0.0,0.0,0.0,0.0,0.0,0.0,0.0,0.0,0.0,0.0,0.0,0.0,0.0,0.0,0.0,0.0,0.0,0.0,0.0,0.0,0.0,0.0,0.0,0.0,0.0,0.0,0.0,0.0,0.0,0.0,0.0,0.0,0.0,0.0
0.0,0.10338092231546457,0.0,0.0,0.0,0.0,0.07142873803674435,0.0,0.0,0.0,0.2998884616237753,0.2139565426031289,0.0,0.0,0.5418872784333755,0.7348686296781575,0.5431499209088727,0.312415523966345,0.4771812822607453,0.552450749984767,0.7479089043561534,1.0,0.2189398097589912,0.06677431340490604,0.10368594991911811,0.3142049231713849,0.0,0.0,0.0,0.0,0.16881680002723823,0.0,0.0,0.0,0.0,0.0,0.0,0.036564822833740074,0.39314197216619595,0.6858570808831167,0.49192885648779283,0.14188680386498415,0.0,0.0,0.0,0.0,0.0,0.0,0.0,0.0,0.0,0.0,0.0,0.0,0.0,0.0,0.0,0.0,0.0,0.0,0.0,0.0,0.0,0.0,0.0,0.0,0.0,0.0,0.0,0.0,0.0,0.0,0.0,0.0,0.0,0.0,0.0,0.0,0.0,0.0,0.0,0.0,0.0,0.0,0.0,0.0,0.0,0.0
0.43161685558877727,0.4127368193089193,0.2624606433500792,0.14587960164684283,0.15253233456534146,0.2746631522506599,0.4207827099927165,0.22149546072658793,0.10350876022232423,0.13028500348029987,0.43176815839133953,0.19358469052587274,0.032806819844398254,0.05106388081738125,0.5328119126968196,0.30536254563421017,0.08938088845951744,0.05029503075149982,0.7383141197965785,0.5500700665792537,0.30804334181661286,0.2189398097589912,1.0,0.742583226524914,0.5485827216375256,0.48344454281215016,0.12099702845763054,0.5479757281252601,0.0,0.3237595879503276,0.2900943577585282,0.0,0.0,0.0,0.0,0.0,0.0,0.0,0.0,0.0,0.03585354897355231,0.1694112298392499,0.254725123899506,0.6868640100487787,0.0,0.0,0.0,0.0,0.0,0.0,0.0,0.0,0.0,0.0,0.0,0.0,0.0,0.0,0.0,0.0,0.0,0.0,0.0,0.0,0.0,0.0,0.0,0.0,0.0,0.0,0.0,0.0,0.0,0.0,0.0,0.0,0.0,0.0,0.0,0.0,0.0,0.0,0.0,0.0,0.0,0.0,0.0,0.0
0.2491913895498418,0.2624623161472024,0.18645675245814175,0.10365533119028345,0.08584267079000371,0.1459452013210733,0.18619049194677037,0.0002358753582184555,0.0,0.0,0.17509698559036735,0.0,0.0,0.0,0.2971046874152103,0.09639506806511738,0.0,0.0,0.5469810942768965,0.48131466582218435,0.21789268180002214,0.06677431340490604,0.742583226524914,1.0,0.7375057226617648,0.5545983378564235,0.07707084252586757,0.7344844426694859,0.0,0.49121099238395616,0.11968425777168382,0.0,0.0,0.0,0.0,0.0,0.0,0.0,0.0,0.0,0.0,0.2581081786310669,0.48503545233521295,0.492686984419982,0.0,0.0,0.0,0.0,0.0,0.0,0.0,0.0,0.0,0.0,0.0,0.0,0.0,0.0,0.0,0.0,0.0,0.0,0.0,0.0,0.0,0.0,0.0,0.0,0.0,0.0,0.0,0.0,0.0,0.0,0.0,0.0,0.0,0.0,0.0,0.0,0.0,0.0,0.0,0.0,0.0,0.0,0.0,0.0
0.06578892890187217,0.14582792948492468,0.10358465674846377,0.0,0.0,0.0,0.0,0.0,0.0,0.0,0.01995537803013417,0.0,0.0,0.0,0.20230901184262928,0.05776108060936186,0.0,0.0,0.4724003466217765,0.5489920203298708,0.3090639246735009,0.10368594991911811,0.5485827216375256,0.7375057226617648,1.0,0.7454798153049246,0.06827563293530929,0.5430347577542166,0.0,0.3198781826703764,0.04266049057047095,0.0,0.0,0.0,0.0,0.0,0.0,0.0,0.0,0.0,0.13648278217907475,0.4914702488140778,0.6862586358284597,0.2561439942079937,0.0,0.0,0.0,0.0,0.0,0.0,0.0,0.0,0.0,0.0,0.0,0.0,0.0,0.0,0.0,0.0,0.0,0.0,0.0,0.0,0.0,0.0,0.0,0.0,0.0,0.0,0.0,0.0,0.0,0.0,0.0,0.0,0.0,0.0,0.0,0.0,0.0,0.0,0.0,0.0,0.0,0.0,0.0,0.0
0.03207183754990056,0.15243198217885506,0.08571143209602744,0.0,0.0,0.0,0.0,0.0,0.0,0.0,0.06693532249832605,0.0,0.0,0.0,0.2973190552621325,0.2149461242184743,0.0,0.0,0.5435460011264132,0.737546502789913,0.5428890478971511,0.3142049231713849,0.48344454281215016,0.5545983378564235,0.7454798153049246,1.0,0.09432756563846698,0.3120644381032069,0.01740504663092123,0.07805061604872056,0.1079871769292357,0.0,0.0,0.0,0.0,0.0,0.0,0.0,0.0,0.03785365556403355,0.3900459266498295,0.6859223181222762,0.48947031159180887,0.17053177478843481,0.0,0.0,0.0,0.0,0.0,0.0,0.0,0.0,0.0,0.0,0.0,0.0,0.0,0.0,0.0,0.0,0.0,0.0,0.0,0.0,0.0,0.0,0.0,0.0,0.0,0.0,0.0,0.0,0.0,0.0,0.0,0.0,0.0,0.0,0.0,0.0,0.0,0.0,0.0,0.0,0.0,0.0,0.0,0.0
0.30561376823323344,0.5479722080025767,0.7344828325332209,0.5430352023584603,0.3120667113142717,0.2159689442343017,0.08085060023775296,0.0,0.0,0.0,0.012195879436482926,0.0,0.0,0.0,0.08013092980478063,0.0,0.0,0.0,0.15773573306611824,0.13223211992299075,0.020512516914697073,0.0,0.12099702845763054,0.07707084252586757,0.06827563293530929,0.09432756563846698,1.0,0.0,0.7567229374475983,0.0,0.3997447003043083,0.38932638948828113,0.035507957028266396,0.0,0.0,0.0,0.0,0.0,0.0,0.0,0.0,0.0,0.0,0.0,0.0,0.0,0.0,0.0,0.0,0.0,0.0,0.0,0.0,0.0,0.0,0.0,0.0,0.0,0.0,0.0,0.0,0.0,0.0,0.0,0.0,0.0,0.0,0.0,0.0,0.0,0.0,0.0,0.0,0.0,0.0,0.0,0.0,0.0,0.0,0.0,0.0,0.0,0.0,0.0,0.0,0.0,0.0,0.0
0.15787881676986376,0.12105551939286505,0.07714533664782816,0.06843734402348792,0.09455651566309506,0.13245169002830776,0.08023650714806234,0.0,0.0,0.02075853753128555,0.012231709419197868,0.0,0.0,0.0,0.08085956070314107,0.0,0.0,0.0,0.3056168428186349,0.21596702267273243,0.0,0.0,0.5479757281252601,0.7344844426694859,0.5430347577542166,0.3120644381032069,0.0,1.0,0.0,0.7567249491907871,0.0,0.0,0.0,0.0,0.0,0.0,0.0,0.0,0.0,0.0,0.0,0.035502601569004824,0.38932580991000204,0.39974492568597136,0.0,0.0,0.0,0.0,0.0,0.0,0.0,0.0,0.0,0.0,0.0,0.0,0.0,0.0,0.0,0.0,0.0,0.0,0.0,0.0,0.0,0.0,0.0,0.0,0.0,0.0,0.0,0.0,0.0,0.0,0.0,0.0,0.0,0.0,0.0,0.0,0.0,0.0,0.0,0.0,0.0,0.0,0.0,0.0
0.07161387103757696,0.3237504688852772,0.4912073874848219,0.3198807000310533,0.07805408892037105,0.0,0.0,0.0,0.0,0.0,0.0,0.0,0.0,0.0,0.0,0.0,0.0,0.0,0.006735272821542083,0.03594324193555259,0.0,0.0,0.0,0.0,0.0,0.01740504663092123,0.7567229374475983,0.0,1.0,0.0,0.2331051677189781,0.22327235263064873,0.0,0.0,0.0,0.0,0.0,0.0,0.0,0.0,0.0,0.0,0.0,0.0,0.0,0.0,0.0,0.0,0.0,0.0,0.0,0.0,0.0,0.0,0.0,0.0,0.0,0.0,0.0,0.0,0.0,0.0,0.0,0.0,0.0,0.0,0.0,0.0,0.0,0.0,0.0,0.0,0.0,0.0,0.0,0.0,0.0,0.0,0.0,0.0,0.0,0.0,0.0,0.0,0.0,0.0,0.0,0.0
0.006914860454892774,0.0,0.0,0.0,0.017711843729919272,0.03622195497505803,0.0,0.0,0.0,0.0,0.0,0.0,0.0,0.0,0.0,0.0,0.0,0.0,0.07162157550646008,0.0,0.0,0.0,0.3237595879503276,0.49121099238395616,0.3198781826703764,0.07805061604872056,0.0,0.7567249491907871,0.0,1.0,0.0,0.0,0.0,0.0,0.0,0.0,0.0,0.0,0.0,0.0,0.0,0.0,0.2232658020103803,0.2331154502107182,0.0,0.0,0.0,0.0,0.0,0.0,0.0,0.0,0.0,0.0,0.0,0.0,0.0,0.0,0.0,0.0,0.0,0.0,0.0,0.0,0.0,0.0,0.0,0.0,0.0,0.0,0.0,0.0,0.0,0.0,0.0,0.0,0.0,0.0,0.0,0.0,0.0,0.0,0.0,0.0,0.0,0.0,0.0,0.0
0.4860110884323101,0.6868679062533669,0.492689881084806,0.2561470107204906,0.17053668084382484,0.25433862300204535,0.3759308620732857,0.12430110044706957,0.0,0.03157314770686325,0.37539507369988395,0.15086570753274148,0.0,0.0,0.4246181173449121,0.2706423686280671,0.09336041959790903,0.03747997614941654,0.39812542675014717,0.27208674534268174,0.17524241824455056,0.16881680002723823,0.2900943577585282,0.11968425777168382,0.04266049057047095,0.1079871769292357,0.3997447003043083,0.0,0.2331051677189781,0.0,1.0,0.0,0.0,0.0,0.0,0.0,0.0,0.0,0.0,0.0,0.0,0.0,0.0,0.16681454369661702,0.0,0.0,0.0,0.0,0.0,0.0,0.0,0.0,0.0,0.0,0.0,0.0,0.0,0.0,0.0,0.0,0.0,0.0,0.0,0.0,0.0,0.0,0.0,0.0,0.0,0.0,0.0,0.0,0.0,0.0,0.0,0.0,0.0,0.0,0.0,0.0,0.0,0.0,0.0,0.0,0.0,0.0,0.0,0.0
0.15870414586209527,0.25472207900203936,0.4850345943230946,0.686257857427588,0.48947110724783904,0.25294576773391286,0.0,0.0,0.0,0.03312055600063226,0.0,0.0,0.0,0.0,0.0,0.0,0.0,0.0,0.0,0.0,0.0,0.0,0.0,0.0,0.0,0.0,0.38932638948828113,0.0,0.22327235263064873,0.0,0.0,1.0,0.4067017841468645,0.0,0.0,0.0,0.0,0.0,0.0,0.0,0.0,0.0,0.0,0.0,0.0,0.0,0.0,0.0,0.0,0.0,0.0,0.0,0.0,0.0,0.0,0.0,0.0,0.0,0.0,0.0,0.0,0.0,0.0,0.0,0.0,0.0,0.0,0.0,0.0,0.0,0.0,0.0,0.0,0.0,0.0,0.0,0.0,0.0,0.0,0.0,0.0,0.0,0.0,0.0,0.0,0.0,0.0,0.0
0.2501479207967053,0.16941558315771857,0.25811406669438647,0.4914744165427535,0.6859260987529732,0.48746618871768577,0.025483906226325393,0.0,0.1418912530565126,0.3921167181580622,0.0,0.0,0.0,0.0,0.0,0.0,0.0,0.0,0.0,0.0,0.0,0.0,0.0,0.0,0.0,0.0,0.035507957028266396,0.0,0.0,0.0,0.0,0.4067017841468645,1.0,0.4191408026157246,0.0,0.0,0.0,0.0,0.0,0.0,0.0,0.0,0.0,0.0,0.0,0.0,0.0,0.0,0.0,0.0,0.0,0.0,0.0,0.0,0.0,0.0,0.0,0.0,0.0,0.0,0.0,0.0,0.0,0.0,0.0,0.0,0.0,0.0,0.0,0.0,0.0,0.0,0.0,0.0,0.0,0.0,0.0,0.0,0.0,0.0,0.0,0.0,0.0,0.0,0.0,0.0,0.0,0.0
0.24827041319120452,0.03585940614265117,0.0,0.13649191663766,0.3900529598583654,0.48483279251204053,0.15642964260127168,0.25241138098870125,0.49192438351674667,0.685946029126823,0.0,0.0,0.0,0.03563765222786921,0.0,0.0,0.0,0.0,0.0,0.0,0.0,0.0,0.0,0.0,0.0,0.0,0.0,0.0,0.0,0.0,0.0,0.0,0.4191408026157246,1.0,0.40867421361811684,0.0,0.0,0.0,0.0,0.0,0.0,0.0,0.0,0.0,0.0,0.0,0.0,0.0,0.0,0.0,0.0,0.0,0.0,0.0,0.0,0.0,0.0,0.0,0.0,0.0,0.0,0.0,0.0,0.0,0.0,0.0,0.0,0.0,0.0,0.0,0.0,0.0,0.0,0.0,0.0,0.0,0.0,0.0,0.0,0.0,0.0,0.0,0.0,0.0,0.0,0.0,0.0,0.0
0.16324234732414308,0.0,0.0,0.0,0.03785603378424098,0.25591191141166253,0.24992274598751624,0.48595345484604896,0.6858584814863942,0.4926190835314992,0.03132222407082375,0.0,0.1425211570259731,0.3941975486368998,0.0,0.0,0.0,0.0,0.0,0.0,0.0,0.0,0.0,0.0,0.0,0.0,0.0,0.0,0.0,0.0,0.0,0.0,0.0,0.40867421361811684,1.0,0.42561651851149024,0.0,0.0,0.0,0.0,0.0,0.0,0.0,0.0,0.0,0.0,0.0,0.0,0.0,0.0,0.0,0.0,0.0,0.0,0.0,0.0,0.0,0.0,0.0,0.0,0.0,0.0,0.0,0.0,0.0,0.0,0.0,0.0,0.0,0.0,0.0,0.0,0.0,0.0,0.0,0.0,0.0,0.0,0.0,0.0,0.0,0.0,0.0,0.0,0.0,0.0,0.0,0.0
0.034560661326957336,0.0,0.0,0.0,0.0,0.0,0.24982218076019935,0.48571488879066926,0.39314869765216165,0.14236984944511477,0.1611011788950916,0.2546603259996884,0.49137956514396786,0.6859149247949564,0.0,0.0,0.0,0.03535166051045136,0.0,0.0,0.0,0.0,0.0,0.0,0.0,0.0,0.0,0.0,0.0,0.0,0.0,0.0,0.0,0.0,0.42561651851149024,1.0,0.40652805908188344,0.0,0.0,0.0,0.0,0.0,0.0,0.0,0.0,0.0,0.0,0.0,0.0,0.0,0.0,0.0,0.0,0.0,0.0,0.0,0.0,0.0,0.0,0.0,0.0,0.0,0.0,0.0,0.0,0.0,0.0,0.0,0.0,0.0,0.0,0.0,0.0,0.0,0.0,0.0,0.0,0.0,0.0,0.0,0.0,0.0,0.0,0.0,0.0,0.0,0.0,0.0
0.0,0.0,0.0,0.0,0.0,0.0,0.16284532401030125,0.255762842036866,0.03656352816950055,0.0,0.24914291496054974,0.48622239143984114,0.6858845297316762,0.49147182763007263,0.035393079038143045,0.0,0.14153999533716247,0.393346618891595,0.0,0.0,0.0,0.0,0.0,0.0,0.0,0.0,0.0,0.0,0.0,0.0,0.0,0.0,0.0,0.0,0.0,0.40652805908188344,1.0,0.42405268379498406,0.0,0.0,0.0,0.0,0.0,0.0,0.0,0.0,0.0,0.0,0.0,0.0,0.0,0.0,0.0,0.0,0.0,0.0,0.0,0.0,0.0,0.0,0.0,0.0,0.0,0.0,0.0,0.0,0.0,0.0,0.0,0.0,0.0,0.0,0.0,0.0,0.0,0.0,0.0,0.0,0.0,0.0,0.0,0.0,0.0,0.0,0.0,0.0,0.0,0.0
0.0,0.0,0.0,0.0,0.0,0.0,0.03538286793830939,0.0,0.0,0.0,0.24914482814091762,0.486223903430102,0.393345861267839,0.14153923143567423,0.16285351520500968,0.25576797592806066,0.49147432409248926,0.6858881847204712,0.0,0.0,0.0,0.036564822833740074,0.0,0.0,0.0,0.0,0.0,0.0,0.0,0.0,0.0,0.0,0.0,0.0,0.0,0.0,0.42405268379498406,1.0,0.40653038923435525,0.0,0.0,0.0,0.0,0.0,0.0,0.0,0.0,0.0,0.0,0.0,0.0,0.0,0.0,0.0,0.0,0.0,0.0,0.0,0.0,0.0,0.0,0.0,0.0,0.0,0.0,0.0,0.0,0.0,0.0,0.0,0.0,0.0,0.0,0.0,0.0,0.0,0.0,0.0,0.0,0.0,0.0,0.0,0.0,0.0,0.0,0.0,0.0,0.0
0.0,0.0,0.0,0.0,0.0,0.0,0.0,0.0,0.0,0.0,0.1610977190350714,0.25465793289632727,0.035349931015299166,0.0,0.24982269290182105,0.48571515957391986,0.685914436469489,0.4913787700474435,0.0345610439124778,0.0,0.1423656557958823,0.39314197216619595,0.0,0.0,0.0,0.0,0.0,0.0,0.0,0.0,0.0,0.0,0.0,0.0,0.0,0.0,0.0,0.40653038923435525,1.0,0.42560355346467876,0.0,0.0,0.0,0.0,0.0,0.0,0.0,0.0,0.0,0.0,0.0,0.0,0.0,0.0,0.0,0.0,0.0,0.0,0.0,0.0,0.0,0.0,0.0,0.0,0.0,0.0,0.0,0.0,0.0,0.0,0.0,0.0,0.0,0.0,0.0,0.0,0.0,0.0,0.0,0.0,0.0,0.0,0.0,0.0,0.0,0.0,0.0,0.0
0.0,0.0,0.0,0.0,0.0,0.0,0.0,0.0,0.0,0.0,0.031314705149617116,0.0,0.0,0.0,0.24992051118347983,0.4859512331083761,0.394190177700292,0.14251400622327795,0.16324214250620195,0.2559109975145497,0.4926203515699249,0.6858570808831167,0.0,0.0,0.0,0.03785365556403355,0.0,0.0,0.0,0.0,0.0,0.0,0.0,0.0,0.0,0.0,0.0,0.0,0.42560355346467876,1.0,0.40868111120848943,0.0,0.0,0.0,0.0,0.0,0.0,0.0,0.0,0.0,0.0,0.0,0.0,0.0,0.0,0.0,0.0,0.0,0.0,0.0,0.0,0.0,0.0,0.0,0.0,0.0,0.0,0.0,0.0,0.0,0.0,0.0,0.0,0.0,0.0,0.0,0.0,0.0,0.0,0.0,0.0,0.0,0.0,0.0,0.0,0.0,0.0,0.0
0.0,0.0,0.0,0.0,0.0,0.0,0.0,0.0,0.0,0.0,0.0,0.0,0.0,0.0,0.15643198126819954,0.2524134573758042,0.03563804269479845,0.0,0.2482710118514084,0.48483063933020043,0.6859469177965013,0.49192885648779283,0.03585354897355231,0.0,0.13648278217907475,0.3900459266498295,0.0,0.0,0.0,0.0,0.0,0.0,0.0,0.0,0.0,0.0,0.0,0.0,0.0,0.40868111120848943,1.0,0.41912763617659715,0.0,0.0,0.0,0.0,0.0,0.0,0.0,0.0,0.0,0.0,0.0,0.0,0.0,0.0,0.0,0.0,0.0,0.0,0.0,0.0,0.0,0.0,0.0,0.0,0.0,0.0,0.0,0.0,0.0,0.0,0.0,0.0,0.0,0.0,0.0,0.0,0.0,0.0,0.0,0.0,0.0,0.0,0.0,0.0,0.0,0.0
0.0,0.0,0.0,0.0,0.0,0.0,0.0,0.0,0.0,0.0,0.0,0.0,0.0,0.0,0.025483581284342607,0.0,0.0,0.0,0.2501468592704172,0.4874629153191699,0.39211033745050783,0.14188680386498415,0.1694112298392499,0.2581081786310669,0.4914702488140778,0.6859223181222762,0.0,0.035502601569004824,0.0,0.0,0.0,0.0,0.0,0.0,0.0,0.0,0.0,0.0,0.0,0.0,0.41912763617659715,1.0,0.4066988377351493,0.0,0.0,0.0,0.0,0.0,0.0,0.0,0.0,0.0,0.0,0.0,0.0,0.0,0.0,0.0,0.0,0.0,0.0,0.0,0.0,0.0,0.0,0.0,0.0,0.0,0.0,0.0,0.0,0.0,0.0,0.0,0.0,0.0,0.0,0.0,0.0,0.0,0.0,0.0,0.0,0.0,0.0,0.0,0.0,0.0
0.0,0.0,0.0,0.0,0.0,0.0,0.0,0.0,0.0,0.0,0.0,0.0,0.0,0.0,0.0,0.0,0.0,0.0,0.1587084636718905,0.25294572410621957,0.0331160213838062,0.0,0.254725123899506,0.48503545233521295,0.6862586358284597,0.48947031159180887,0.0,0.38932580991000204,0.0,0.2232658020103803,0.0,0.0,0.0,0.0,0.0,0.0,0.0,0.0,0.0,0.0,0.0,0.4066988377351493,1.0,0.0,0.0,0.0,0.0,0.0,0.0,0.0,0.0,0.0,0.0,0.0,0.0,0.0,0.0,0.0,0.0,0.0,0.0,0.0,0.0,0.0,0.0,0.0,0.0,0.0,0.0,0.0,0.0,0.0,0.0,0.0,0.0,0.0,0.0,0.0,0.0,0.0,0.0,0.0,0.0,0.0,0.0,0.0,0.0,0.0
0.39828411073192443,0.2901644499927111,0.1197573745308933,0.04278345583489985,0.10815839108241329,0.2722810835408393,0.4247461644307721,0.27078798724447684,0.16899956814879372,0.17544723979440188,0.37543511308060884,0.15089628296417515,0.0375381889389,0.09345959865718902,0.3759371033832233,0.12429723968937267,0.0,0.0,0.48600817836363824,0.2543327718242794,0.03156587713537731,0.0,0.6868640100487787,0.492686984419982,0.2561439942079937,0.17053177478843481,0.0,0.39974492568597136,0.0,0.2331154502107182,0.16681454369661702,0.0,0.0,0.0,0.0,0.0,0.0,0.0,0.0,0.0,0.0,0.0,0.0,1.0,0.0,0.0,0.0,0.0,0.0,0.0,0.0,0.0,0.0,0.0,0.0,0.0,0.0,0.0,0.0,0.0,0.0,0.0,0.0,0.0,0.0,0.0,0.0,0.0,0.0,0.0,0.0,0.0,0.0,0.0,0.0,0.0,0.0,0.0,0.0,0.0,0.0,0.0,0.0,0.0,0.0,0.0,0.0,0.0
0.0,0.0,0.0,0.0,0.0,0.0,0.0,0.0,0.0,0.0,0.0,0.0,0.0,0.0,0.0,0.0,0.0,0.0,0.0,0.0,0.0,0.0,0.0,0.0,0.0,0.0,0.0,0.0,0.0,0.0,0.0,0.0,0.0,0.0,0.0,0.0,0.0,0.0,0.0,0.0,0.0,0.0,0.0,0.0,1.0,0.7383146384209073,0.546979548977477,0.4723968073662768,0.5435426711888487,0.7350223316565195,0.7298227342966302,0.5455487799772363,0.4771801672990007,0.542070019503396,0.5221660132493728,0.2988484438318318,0.21486572441648166,0.3048906615452778,0.4078163693020568,0.17141028571460826,0.03826614116455211,0.08378724372782066,0.38394001111832343,0.16169941990164177,0.0,0.0,0.43161685558877744,0.2491913895498418,0.06578892890187217,0.03207183754990073,0.30561376823323344,0.15787881676986393,0.07161387103757696,0.006914860454892774,0.4860110884323103,0.1587041458620951,0.25014792079670517,0.24827041319120435,0.16324234732414317,0.034560661326957495,0.0,0.0,0.0,0.0,0.0,0.0,0.0,0.3982841107319246
0.0,0.0,0.0,0.0,0.0,0.0,0.0,0.0,0.0,0.0,0.0,0.0,0.0,0.0,0.0,0.0,0.0,0.0,0.0,0.0,0.0,0.0,0.0,0.0,0.0,0.0,0.0,0.0,0.0,0.0,0.0,0.0,0.0,0.0,0.0,0.0,0.0,0.0,0.0,0.0,0.0,0.0,0.0,0.0,0.7383146384209073,1.0,0.7425814591543755,0.5485807328169054,0.4834449745678813,0.5500728139725906,0.532806501905147,0.30536547276223747,0.21894401883812134,0.3080478661455348,0.4317397520350246,0.193560564060166,0.05028581661222158,0.08938105748107798,0.4207031230921708,0.22139420360554296,0.05098678493630289,0.03275934272455991,0.43152893316272967,0.2745445183170973,0.13014723942281775,0.10338092231546457,0.4127368193089196,0.2624623161472024,0.14582792948492485,0.15243198217885523,0.5479722080025766,0.12105551939286505,0.3237504688852772,0.0,0.6868679062533669,0.2547220790020392,0.16941558315771849,0.03585940614265101,0.0,0.0,0.0,0.0,0.0,0.0,0.0,0.0,0.0,0.2901644499927113
0.0,0.0,0.0,0.0,0.0,0.0,0.0,0.0,0.0,0.0,0.0,0.0,0.0,0.0,0.0,0.0,0.0,0.0,0.0,0.0,0.0,0.0,0.0,0.0,0.0,0.0,0.0,0.0,0.0,0.0,0.0,0.0,0.0,0.0,0.0,0.0,0.0,0.0,0.0,0.0,0.0,0.0,0.0,0.0,0.546979548977477,0.7425814591543755,1.0,0.7375061535777769,0.5546011911771012,0.48131795435978997,0.2970981491188937,0.09639767246537351,0.06677916527618165,0.21789890798225003,0.175068104629881,0.0,0.0,0.0,0.18611010843381204,0.00012437685239343577,0.0,0.0,0.24909756694332183,0.1458035388106541,0.0,0.0,0.26246064335007946,0.18645675245814175,0.10358465674846394,0.08571143209602759,0.7344828325332209,0.07714533664782816,0.4912073874848219,0.0,0.49268988108480605,0.4850345943230945,0.2581140666943862,0.0,0.0,0.0,0.0,0.0,0.0,0.0,0.0,0.0,0.0,0.1197573745308933
0.0,0.0,0.0,0.0,0.0,0.0,0.0,0.0,0.0,0.0,0.0,0.0,0.0,0.0,0.0,0.0,0.0,0.0,0.0,0.0,0.0,0.0,0.0,0.0,0.0,0.0,0.0,0.0,0.0,0.0,0.0,0.0,0.0,0.0,0.0,0.0,0.0,0.0,0.0,0.0,0.0,0.0,0.0,0.0,0.4723968073662768,0.5485807328169054,0.7375061535777769,1.0,0.7454815230163097,0.5489930045143547,0.20230250313084427,0.057762103585088376,0.10368856542555342,0.30906866805352556,0.019932610394428864,0.0,0.0,0.0,0.0,0.0,0.0,0.0,0.06574136037259479,0.0,0.0,0.0,0.14587960164684283,0.10365533119028345,0.0,0.0,0.5430352023584601,0.06843734402348776,0.3198807000310531,0.0,0.25614701072049045,0.686257857427588,0.49147441654275364,0.13649191663766,0.0,0.0,0.0,0.0,0.0,0.0,0.0,0.0,0.0,0.04278345583489985
0.0,0.0,0.0,0.0,0.0,0.0,0.0,0.0,0.0,0.0,0.0,0.0,0.0,0.0,0.0,0.0,0.0,0.0,0.0,0.0,0.0,0.0,0.0,0.0,0.0,0.0,0.0,0.0,0.0,0.0,0.0,0.0,0.0,0.0,0.0,0.0,0.0,0.0,0.0,0.0,0.0,0.0,0.0,0.0,0.5435426711888487,0.4834449745678813,0.5546011911771012,0.7454815230163097,1.0,0.7375459788856182,0.2973142447938409,0.2149466709145193,0.3142057695975224,0.5428921828327236,0.066920406787494,0.0,0.0,0.0,0.0,0.0,0.0,0.0,0.03206808348361803,0.0,0.0,0.0,0.15253233456534146,0.08584267079000354,0.0,0.0,0.3120667113142718,0.09455651566309506,0.07805408892037105,0.017711843729918943,0.17053668084382492,0.48947110724783904,0.685926098752973,0.39005295985836524,0.03785603378424098,0.0,0.0,0.0,0.0,0.0,0.0,0.0,0.0,0.10815839108241312
0.0,0.0,0.0,0.0,0.0,0.0,0.0,0.0,0.0,0.0,0.0,0.0,0.0,0.0,0.0,0.0,0.0,0.0,0.0,0.0,0.0,0.0,0.0,0.0,0.0,0.0,0.0,0.0,0.0,0.0,0.0,0.0,0.0,0.0,0.0,0.0,0.0,0.0,0.0,0.0,0.0,0.0,0.0,0.0,0.7350223316565195,0.5500728139725906,0.48131795435978997,0.5489930045143547,0.7375459788856182,1.0,0.5375704098712474,0.4766029279230301,0.5524505057907277,0.7354878822164831,0.28587819497847466,0.08633964479297725,0.06058050708603287,0.21506003879080898,0.1535311092293935,0.0,0.0,0.0,0.16171837867798763,0.0,0.0,0.0,0.27466315225066007,0.14594520132107347,0.0,0.0,0.21596894423430188,0.13245169002830776,0.0,0.03622195497505803,0.2543386230020455,0.25294576773391286,0.48746618871768566,0.4848327925120403,0.25591191141166253,0.0,0.0,0.0,0.0,0.0,0.0,0.0,0.0,0.2722810835408393
0.0,0.0,0.0,0.0,0.0,0.0,0.0,0.0,0.0,0.0,0.0,0.0,0.0,0.0,0.0,0.0,0.0,0.0,0.0,0.0,0.0,0.0,0.0,0.0,0.0,0.0,0.0,0.0,0.0,0.0,0.0,0.0,0.0,0.0,0.0,0.0,0.0,0.0,0.0,0.0,0.0,0.0,0.0,0.0,0.7298227342966302,0.532806501905147,0.2970981491188937,0.20230250313084427,0.2973142447938409,0.5375704098712474,1.0,0.7368531204987965,0.541887529766391,0.47020118788232784,0.7308325355187072,0.5451763689763345,0.4764161931974496,0.5430541402670798,0.5198739556092257,0.29352082596954676,0.21182650587982385,0.3047950351222265,0.4078421268753017,0.15354562259949708,0.017383534376211627,0.07142873803674468,0.4207827099927167,0.18619049194677054,0.0,0.0,0.08085060023775312,0.08023650714806234,0.0,0.0,0.3759308620732858,0.0,0.025483906226325393,0.15642964260127143,0.24992274598751615,0.24982218076019935,0.16284532401030125,0.03538286793830955,0.0,0.0,0.0,0.0,0.0,0.42474616443077223
0.0,0.0,0.0,0.0,0.0,0.0,0.0,0.0,0.0,0.0,0.0,0.0,0.0,0.0,0.0,0.0,0.0,0.0,0.0,0.0,0.0,0.0,0.0,0.0,0.0,0.0,0.0,0.0,0.0,0.0,0.0,0.0,0.0,0.0,0.0,0.0,0.0,0.0,0.0,0.0,0.0,0.0,0.0,0.0,0.5455487799772363,0.30536547276223747,0.09639767246537351,0.057762103585088376,0.2149466709145193,0.4766029279230301,0.7368531204987965,1.0,0.7348698816397343,0.5487943844841788,0.5434005677217455,0.47900028457485744,0.5523353639799433,0.7361435581353426,0.2935364889665755,0.08718540482234757,0.05936756942407847,0.21596415441938155,0.17145758541016853,0.0,0.0,0.0,0.2214954607265881,0.00023587535821861997,0.0,0.0,0.0,0.0,0.0,0.0,0.12430110044706957,0.0,0.0,0.2524113809887012,0.4859534548460491,0.4857148887906693,0.2557628420368661,0.0,0.0,0.0,0.0,0.0,0.0,0.27078798724447695
0.0,0.0,0.0,0.0,0.0,0.0,0.0,0.0,0.0,0.0,0.0,0.0,0.0,0.0,0.0,0.0,0.0,0.0,0.0,0.0,0.0,0.0,0.0,0.0,0.0,0.0,0.0,0.0,0.0,0.0,0.0,0.0,0.0,0.0,0.0,0.0,0.0,0.0,0.0,0.0,0.0,0.0,0.0,0.0,0.4771801672990007,0.21894401883812134,0.06677916527618165,0.10368856542555342,0.3142057695975224,0.5524505057907277,0.541887529766391,0.7348698816397343,1.0,0.7479066962936943,0.29989138907828844,0.21395766308355324,0.3124181513968197,0.5431541418376852,0.07144486712738062,0.0,0.0,0.0,0.0,0.0,0.0,0.0,0.10350876022232423,0.0,0.0,0.0,0.0,0.0,0.0,0.0,0.0,0.0,0.14189125305651243,0.4919243835167468,0.6858584814863944,0.39314869765216165,0.03656352816950055,0.0,0.0,0.0,0.0,0.0,0.0,0.16899956814879372
0.0,0.0,0.0,0.0,0.0,0.0,0.0,0.0,0.0,0.0,0.0,0.0,0.0,0.0,0.0,0.0,0.0,0.0,0.0,0.0,0.0,0.0,0.0,0.0,0.0,0.0,0.0,0.0,0.0,0.0,0.0,0.0,0.0,0.0,0.0,0.0,0.0,0.0,0.0,0.0,0.0,0.0,0.0,0.0,0.542070019503396,0.3080478661455348,0.21789890798225003,0.30906866805352556,0.5428921828327236,0.7354878822164831,0.47020118788232784,0.5487943844841788,0.7479066962936943,1.0,0.2024638955522223,0.05571752299886486,0.1031036688650349,0.31146237020013817,0.017388837040301506,0.0,0.0,0.0,0.0,0.0,0.0,0.0,0.13028500348029987,0.0,0.0,0.0,0.0,0.02075853753128555,0.0,0.0,0.03157314770686292,0.0331205560006321,0.39211671815806226,0.6859460291268232,0.49261908353149936,0.14236984944511477,0.0,0.0,0.0,0.0,0.0,0.0,0.0,0.17544723979440163
0.0,0.0,0.0,0.0,0.0,0.0,0.0,0.0,0.0,0.0,0.0,0.0,0.0,0.0,0.0,0.0,0.0,0.0,0.0,0.0,0.0,0.0,0.0,0.0,0.0,0.0,0.0,0.0,0.0,0.0,0.0,0.0,0.0,0.0,0.0,0.0,0.0,0.0,0.0,0.0,0.0,0.0,0.0,0.0,0.5221660132493728,0.4317397520350246,0.175068104629881,0.019932610394428864,0.066920406787494,0.28587819497847466,0.7308325355187072,0.5434005677217455,0.29989138907828844,0.2024638955522223,1.0,0.7354322212260844,0.5421439002129507,0.4746526001912617,0.7308359432510051,0.5433970760396934,0.474650204644556,0.5421427268766822,0.5221791061347745,0.2858874968652335,0.2024663053043053,0.29988846162377525,0.43176815839133953,0.17509698559036735,0.019955378030134006,0.06693532249832605,0.012195879436482926,0.012231709419197703,0.0,0.0,0.37539507369988406,0.0,0.0,0.0,0.03132222407082408,0.16110117889509176,0.24914291496054974,0.2491448281409177,0.1610977190350713,0.031314705149617275,0.0,0.0,0.0,0.37543511308060884
0.0,0.0,0.0,0.0,0.0,0.0,0.0,0.0,0.0,0.0,0.0,0.0,0.0,0.0,0.0,0.0,0.0,0.0,0.0,0.0,0.0,0.0,0.0,0.0,0.0,0.0,0.0,0.0,0.0,0.0,0.0,0.0,0.0,0.0,0.0,0.0,0.0,0.0,0.0,0.0,0.0,0.0,0.0,0.0,0.2988484438318318,0.193560564060166,0.0,0.0,0.0,0.08633964479297725,0.5451763689763345,0.47900028457485744,0.21395766308355324,0.05571752299886486,0.7354322212260844,1.0,0.736161185151011,0.5512976290341708,0.5451823606396142,0.4790001105796387,0.5512958189050782,0.7361602038812554,0.2988634897388186,0.08635166887887046,0.05572294035812135,0.21395654260312907,0.1935846905258729,0.0,0.0,0.0,0.0,0.0,0.0,0.0,0.15086570753274156,0.0,0.0,0.0,0.0,0.2546603259996884,0.48622239143984114,0.4862239034301022,0.25465793289632743,0.0,0.0,0.0,0.0,0.15089628296417523
0.0,0.0,0.0,0.0,0.0,0.0,0.0,0.0,0.0,0.0,0.0,0.0,0.0,0.0,0.0,0.0,0.0,0.0,0.0,0.0,0.0,0.0,0.0,0.0,0.0,0.0,0.0,0.0,0.0,0.0,0.0,0.0,0.0,0.0,0.0,0.0,0.0,0.0,0.0,0.0,0.0,0.0,0.0,0.0,0.21486572441648166,0.05028581661222158,0.0,0.0,0.0,0.06058050708603287,0.4764161931974496,0.5523353639799433,0.3124181513968197,0.1031036688650349,0.5421439002129507,0.736161185151011,1.0,0.7473485395222302,0.3048072725505088,0.2159687158780855,0.31196182284398144,0.5435025739559509,0.08381669936589532,0.0,0.0,0.0,0.03280681984439841,0.0,0.0,0.0,0.0,0.0,0.0,0.0,0.0,0.0,0.0,0.0,0.14252115702597326,0.49137956514396786,0.6858845297316762,0.39334586126783916,0.03534993101529933,0.0,0.0,0.0,0.0,0.0375381889389
