1.0,0.7383146384209073,0.546979548977477,0.4723968073662768,0.5435426711888487,0.7350223316565194,0.7298227342966302,0.5455487799772363,0.477180167299001,0.5420700195033961,0.5221660132493727,0.2988484438318319,0.21486572441648166,0.30489066154527766,0.4078163693020568,0.17141028571460826,0.03826614116455211,0.08378724372782066,0.3839400111183233,0.16169941990164177,0.0,0.0,0.43161685558877744,0.2491913895498418,0.06578892890187217,0.03207183754990056,0.30561376823323344,0.15787881676986393,0.07161387103757696,0.006914860454892774,0.48601108843231017,0.1587041458620951,0.25014792079670517,0.24827041319120444,0.16324234732414308,0.034560661326957495,0.0,0.0,0.0,0.0,0.0,0.0,0.0,0.3982841107319246,0.0,0.0,0.0,0.0,0.0,0.0,0.0,0.0,0.0,0.0,0.0,0.0,0.0,0.0,0.0,0.0,0.0,0.0,0.0,0.0,0.0,0.0,0.0,0.0,0.0,0.0,0.0,0.0,0.0,0.0,0.0,0.0,0.0,0.0,0.0,0.0,0.0,0.0,0.0,0.0,0.0,0.0,0.0,0.0
0.7383146384209073,1.0,0.7425814591543755,0.5485807328169057,0.48344497456788116,0.5500728139725906,0.5328065019051467,0.3053654727622374,0.2189440188381215,0.308047866145535,0.43173975203502446,0.193560564060166,0.05028581661222158,0.08938105748107782,0.4207031230921707,0.22139420360554296,0.05098678493630289,0.03275934272455991,0.43152893316272967,0.2745445183170974,0.13014723942281775,0.10338092231546457,0.4127368193089196,0.2624623161472025,0.14582792948492468,0.15243198217885506,0.5479722080025766,0.12105551939286521,0.3237504688852772,0.0,0.6868679062533669,0.2547220790020392,0.16941558315771849,0.03585940614265117,0.0,0.0,0.0,0.0,0.0,0.0,0.0,0.0,0.0,0.29016444999271124,0.0,0.0,0.0,0.0,0.0,0.0,0.0,0.0,0.0,0.0,0.0,0.0,0.0,0.0,0.0,0.0,0.0,0.0,0.0,0.0,0.0,0.0,0.0,0.0,0.0,0.0,0.0,0.0,0.0,0.0,0.0,0.0,0.0,0.0,0.0,0.0,0.0,0.0,0.0,0.0,0.0,0.0,0.0,0.0
0.546979548977477,0.7425814591543755,1.0,0.737506153577777,0.5546011911771009,0.4813179543597899,0.2970981491188937,0.09639767246537351,0.06677916527618198,0.21789890798225034,0.175068104629881,0.0,0.0,0.0,0.18611010843381204,0.00012437685239343577,0.0,0.0,0.249097566943322,0.1458035388106541,0.0,0.0,0.2624606433500795,0.18645675245814175,0.10358465674846377,0.08571143209602744,0.7344828325332209,0.07714533664782831,0.49120738748482173,0.0,0.49268988108480605,0.4850345943230943,0.2581140666943862,0.0,0.0,0.0,0.0,0.0,0.0,0.0,0.0,0.0,0.0,0.1197573745308933,0.0,0.0,0.0,0.0,0.0,0.0,0.0,0.0,0.0,0.0,0.0,0.0,0.0,0.0,0.0,0.0,0.0,0.0,0.0,0.0,0.0,0.0,0.0,0.0,0.0,0.0,0.0,0.0,0.0,0.0,0.0,0.0,0.0,0.0,0.0,0.0,0.0,0.0,0.0,0.0,0.0,0.0,0.0,0.0
0.4723968073662768,0.5485807328169057,0.737506153577777,1.0,0.7454815230163095,0.5489930045143545,0.2023025031308441,0.057762103585088376,0.10368856542555359,0.30906866805352573,0.019932610394428864,0.0,0.0,0.0,0.0,0.0,0.0,0.0,0.06574136037259495,0.0,0.0,0.0,0.14587960164684283,0.10365533119028345,0.0,0.0,0.5430352023584603,0.06843734402348792,0.3198807000310533,0.0,0.2561470107204906,0.6862578574275879,0.4914744165427534,0.13649191663766,0.0,0.0,0.0,0.0,0.0,0.0,0.0,0.0,0.0,0.04278345583489968,0.0,0.0,0.0,0.0,0.0,0.0,0.0,0.0,0.0,0.0,0.0,0.0,0.0,0.0,0.0,0.0,0.0,0.0,0.0,0.0,0.0,0.0,0.0,0.0,0.0,0.0,0.0,0.0,0.0,0.0,0.0,0.0,0.0,0.0,0.003368642028380884,0.0,0.0,0.0,0.0,0.0,0.0,0.0,0.0,0.0
0.5435426711888487,0.48344497456788116,0.5546011911771009,0.7454815230163095,1.0,0.737545978885618,0.2973142447938408,0.21494667091451913,0.31420576959752256,0.5428921828327238,0.06692040678749384,0.0,0.0,0.0,0.0,0.0,0.0,0.0,0.03206808348361787,0.0,0.0,0.0,0.15253233456534146,0.08584267079000354,0.0,0.0,0.31206671131427166,0.09455651566309506,0.0780540889203709,0.017711843729918943,0.17053668084382476,0.4894711072478389,0.6859260987529732,0.3900529598583655,0.03785603378424098,0.0,0.0,0.0,0.0,0.0,0.0,0.0,0.0,0.10815839108241296,0.0,0.0,0.0,0.0,0.0,0.0,0.0,0.0,0.14330738120323622,0.0636913334766933,0.0,0.0,0.0,0.0,0.0,0.0,0.0,0.0,0.0,0.0,0.0,0.0,0.0,0.0,0.0,0.0,0.0,0.0,0.0,0.0,0.0,0.0,0.0,0.029877204073933187,0.2006909589303667,0.0,0.0,0.0,0.0,0.0,0.0,0.0,0.0,0.0
0.7350223316565194,0.5500728139725906,0.4813179543597899,0.5489930045143545,0.737545978885618,1.0,0.5375704098712475,0.4766029279230302,0.5524505057907281,0.7354878822164834,0.28587819497847466,0.08633964479297725,0.060580507086033034,0.21506003879080898,0.1535311092293935,0.0,0.0,0.0,0.16171837867798747,0.0,0.0,0.0,0.2746631522506601,0.1459452013210733,0.0,0.0,0.2159689442343017,0.13245169002830792,0.0,0.036221954975058195,0.25433862300204535,0.25294576773391264,0.4874661887176856,0.48483279251204053,0.25591191141166253,0.0,0.0,0.0,0.0,0.0,0.0,0.0,0.0,0.2722810835408394,0.0,0.0,0.0,0.0,0.0,0.0,0.0,0.0,0.13655223564329064,0.129792302347793,0.0,0.0,0.0,0.0,0.0,0.0,0.0,0.0,0.0,0.0,0.0,0.0,0.0,0.0,0.0,0.0,0.0,0.0,0.0,0.0,0.0,0.0,0.0,0.1376676222048465,0.15528092123917148,0.0,0.0,0.0,0.0,0.0,0.0,0.0,0.0,0.0
0.7298227342966302,0.5328065019051467,0.2970981491188937,0.2023025031308441,0.2973142447938408,0.5375704098712475,1.0,0.7368531204987967,0.5418875297663913,0.470201187882328,0.7308325355187072,0.5451763689763345,0.47641619319744977,0.5430541402670799,0.5198739556092256,0.2935208259695466,0.21182650587982368,0.3047950351222265,0.4078421268753014,0.15354562259949692,0.017383534376211297,0.07142873803674452,0.42078270999271655,0.18619049194677037,0.0,0.0,0.0808506002377528,0.08023650714806234,0.0,0.0,0.37593086207328563,0.0,0.025483906226325227,0.1564296426012716,0.24992274598751624,0.2498221807601996,0.16284532401030125,0.03538286793830955,0.0,0.0,0.0,0.0,0.0,0.42474616443077223,0.0,0.0,0.0,0.0,0.0,0.0,0.0,0.0,0.0,0.0,0.0,0.0,0.0,0.0,0.0,0.0,0.0,0.0,0.0,0.0,0.0,0.0,0.0,0.0,0.0,0.0,0.0,0.0,0.0,0.0,0.0,0.0,0.0,0.0,0.0,0.0,0.0,0.0,0.0,0.0,0.0,0.0,0.0,0.0
0.5455487799772363,0.3053654727622374,0.09639767246537351,0.057762103585088376,0.21494667091451913,0.4766029279230302,0.7368531204987967,1.0,0.7348698816397344,0.5487943844841787,0.5434005677217455,0.47900028457485755,0.5523353639799435,0.7361435581353426,0.29353648896657564,0.08718540482234757,0.05936756942407847,0.21596415441938155,0.17145758541016837,0.0,0.0,0.0,0.22149546072658793,0.0002358753582184555,0.0,0.0,0.0,0.0,0.0,0.0,0.12430110044706942,0.0,0.0,0.2524113809887012,0.48595345484604896,0.4857148887906694,0.2557628420368661,0.0,0.0,0.0,0.0,0.0,0.0,0.27078798724447695,0.0,0.0,0.0,0.0,0.0,0.0,0.0,0.0,0.0,0.057205488990808594,0.0,0.0,0.0,0.0,0.0,0.0,0.0,0.0,0.0,0.0,0.0,0.0,0.0,0.0,0.0,0.0,0.0,0.0,0.0,0.0,0.0,0.0,0.0,0.12166591735738932,0.0,0.0,0.0,0.0,0.0,0.0,0.0,0.0,0.0,0.0
0.477180167299001,0.2189440188381215,0.06677916527618198,0.10368856542555359,0.31420576959752256,0.5524505057907281,0.5418875297663913,0.7348698816397344,1.0,0.7479066962936943,0.29989138907828855,0.2139576630835534,0.3124181513968199,0.5431541418376852,0.07144486712738077,0.0,0.0,0.0,0.0,0.0,0.0,0.0,0.1035087602223244,0.0,0.0,0.0,0.0,0.0,0.0,0.0,0.0,0.0,0.1418912530565126,0.4919243835167468,0.6858584814863941,0.3931486976521616,0.03656352816950039,0.0,0.0,0.0,0.0,0.0,0.0,0.16899956814879397,0.0,0.0,0.0,0.0,0.14330738120323622,0.13655223564329094,0.0,0.0,0.1727564615046104,0.2913630378136386,0.0,0.0,0.0,0.0,0.0,0.0,0.0,0.0,0.0,0.0,0.0,0.0,0.0,0.0,0.0,0.0,0.0,0.0,0.0,0.0,0.0,0.0,0.15668973910940576,0.3341373665082725,0.09217704531989256,0.0,0.0,0.0,0.0,0.0,0.0,0.0,0.0,0.0
0.5420700195033961,0.308047866145535,0.21789890798225034,0.30906866805352573,0.5428921828327238,0.7354878822164834,0.470201187882328,0.5487943844841787,0.7479066962936943,1.0,0.20246389555222213,0.05571752299886486,0.10310366886503507,0.31146237020013806,0.017388837040301506,0.0,0.0,0.0,0.0,0.0,0.0,0.0,0.13028500348029987,0.0,0.0,0.0,0.0,0.02075853753128555,0.0,0.0,0.031573147706863085,0.03312055600063226,0.3921167181580624,0.6859460291268232,0.49261908353149914,0.14236984944511477,0.0,0.0,0.0,0.0,0.0,0.0,0.0,0.17544723979440163,0.0,0.0,0.0,0.0,0.0636913334766933,0.12979230234779315,0.0,0.057205488990808594,0.2913630378136386,0.3313424763616463,0.0,0.0,0.0,0.0,0.0,0.0,0.0,0.0,0.0,0.0,0.0,0.0,0.0,0.0,0.0,0.0,0.0,0.0,0.0,0.0,0.0,0.0,0.035515575826118424,0.33680075402017096,0.25608917741119863,0.0,0.0,0.0,0.0,0.0,0.0,0.0,0.0,0.0
0.5221660132493727,0.43173975203502446,0.175068104629881,0.019932610394428864,0.06692040678749384,0.28587819497847466,0.7308325355187072,0.5434005677217455,0.29989138907828855,0.20246389555222213,1.0,0.7354322212260845,0.5421439002129508,0.47465260019126154,0.7308359432510051,0.5433970760396934,0.4746502046445561,0.5421427268766823,0.5221791061347741,0.28588749686523346,0.20246630530430512,0.29988846162377525,0.43176815839133936,0.17509698559036735,0.019955378030134006,0.06693532249832589,0.012195879436482926,0.012231709419197703,0.0,0.0,0.37539507369988395,0.0,0.0,0.0,0.03132222407082392,0.16110117889509185,0.24914291496054974,0.24914482814091787,0.1610977190350713,0.031314705149617116,0.0,0.0,0.0,0.37543511308060873,0.0,0.0,0.0,0.0,0.0,0.0,0.0,0.0,0.0,0.0,0.0,0.0,0.0,0.0,0.0,0.0,0.0,0.0,0.0,0.0,0.0,0.0,0.0,0.0,0.0,0.0,0.0,0.0,0.0,0.0,0.0,0.0,0.0,0.0,0.0,0.0,0.0,0.0,0.0,0.0,0.0,0.0,0.0,0.0
0.2988484438318319,0.193560564060166,0.0,0.0,0.0,0.08633964479297725,0.5451763689763345,0.47900028457485755,0.2139576630835534,0.05571752299886486,0.7354322212260845,1.0,0.736161185151011,0.5512976290341707,0.5451823606396143,0.47900011057963854,0.5512958189050782,0.7361602038812552,0.29886348973881854,0.08635166887887046,0.055722940358121184,0.2139565426031289,0.19358469052587257,0.0,0.0,0.0,0.0,0.0,0.0,0.0,0.15086570753274148,0.0,0.0,0.0,0.0,0.2546603259996885,0.48622239143984114,0.4862239034301022,0.25465793289632727,0.0,0.0,0.0,0.0,0.15089628296417532,0.0,0.0,0.0,0.0,0.0,0.0,0.0,0.0,0.0,0.0,0.0,0.0,0.0,0.0,0.0,0.0,0.0,0.0,0.0,0.0,0.0,0.0,0.0,0.0,0.0,0.0,0.0,0.0,0.0,0.0,0.0,0.0,0.0,0.0,0.0,0.0,0.0,0.0,0.0,0.0,0.0,0.0,0.0,0.0
0.21486572441648166,0.05028581661222158,0.0,0.0,0.0,0.060580507086033034,0.47641619319744977,0.5523353639799435,0.3124181513968199,0.10310366886503507,0.5421439002129508,0.736161185151011,1.0,0.7473485395222302,0.30480727255050893,0.21596871587808533,0.3119618228439813,0.5435025739559506,0.08381669936589517,0.0,0.0,0.0,0.03280681984439841,0.0,0.0,0.0,0.0,0.0,0.0,0.0,0.0,0.0,0.0,0.0,0.14252115702597326,0.49137956514396797,0.6858845297316761,0.393345861267839,0.035349931015299166,0.0,0.0,0.0,0.0,0.037538188938900166,0.0,0.0,0.0,0.0,0.0,0.0,0.0,0.0,0.0,0.0,0.0,0.0,0.0,0.0,0.0,0.0,0.0,0.0,0.0,0.0,0.0,0.0,0.0,0.0,0.0,0.0,0.0,0.0,0.0,0.0,0.0,0.0,0.0,0.0,0.0,0.0,0.0,0.0,0.0,0.0,0.0,0.0,0.0,0.0
0.30489066154527766,0.08938105748107782,0.0,0.0,0.0,0.21506003879080898,0.5430541402670799,0.7361435581353426,0.5431541418376852,0.31146237020013806,0.47465260019126154,0.5512976290341707,0.7473485395222302,1.0,0.2118437127257101,0.0593743745250338,0.10276635055633439,0.3119622237724749,0.038309475200326154,0.0,0.0,0.0,0.05106388081738125,0.0,0.0,0.0,0.0,0.0,0.0,0.0,0.0,0.0,0.0,0.03563765222786921,0.39419754863689993,0.6859149247949566,0.4914718276300725,0.14153923143567423,0.0,0.0,0.0,0.0,0.0,0.09345959865718918,0.0,0.0,0.0,0.0,0.0,0.0,0.0,0.0,0.0,0.0,0.0,0.0,0.0,0.0,0.0,0.0,0.0,0.0,0.0,0.0,0.0,0.0,0.0,0.0,0.0,0.0,0.0,0.0,0.0,0.0,0.0,0.0,0.0017604223172542044,0.012853729980825986,0.0,0.0,0.0,0.0,0.0,0.0,0.0,0.0,0.0,0.0
0.4078163693020568,0.4207031230921707,0.18611010843381204,0.0,0.0,0.1535311092293935,0.5198739556092256,0.29353648896657564,0.07144486712738077,0.017388837040301506,0.7308359432510051,0.5451823606396143,0.30480727255050893,0.2118437127257101,1.0,0.7368519126823904,0.5430560438591675,0.4764201009276099,0.729825869171129,0.5375731764363141,0.4702026609241946,0.5418872784333754,0.5328119126968195,0.2971046874152103,0.20230901184262912,0.2973190552621323,0.08013092980478048,0.08085956070314107,0.0,0.0,0.42461811734491217,0.0,0.0,0.0,0.0,0.0,0.035393079038143045,0.16285351520500985,0.24982269290182105,0.24992051118347983,0.15643198126819938,0.02548358128434244,0.0,0.37593710338322345,0.0,0.0,0.0,0.0,0.0,0.0,0.0,0.0,0.0,0.0,0.0,0.0,0.0,0.0,0.0,0.0,0.0,0.0,0.0,0.0,0.0,0.0,0.0,0.0,0.0,0.0,0.0,0.0,0.0,0.0,0.0,0.0,0.0,0.0,0.0,0.0,0.0,0.0,0.0,0.0,0.0,0.0,0.0,0.0
0.17141028571460826,0.22139420360554296,0.00012437685239343577,0.0,0.0,0.0,0.2935208259695466,0.08718540482234757,0.0,0.0,0.5433970760396934,0.47900011057963854,0.21596871587808533,0.0593743745250338,0.7368519126823904,1.0,0.7361445226085854,0.552336038435248,0.5455489284929611,0.4766022781798898,0.5487946388959232,0.7348686296781576,0.3053625456342103,0.09639506806511755,0.057761080609362025,0.2149461242184743,0.0,0.0,0.0,0.0,0.270642368628067,0.0,0.0,0.0,0.0,0.0,0.0,0.2557679759280605,0.4857151595739198,0.48595123310837623,0.2524134573758043,0.0,0.0,0.12429723968937283,0.0,0.0,0.0,0.0,0.0,0.0,0.0,0.0,0.0,0.0,0.0,0.0,0.0,0.0,0.0,0.0,0.0,0.0,0.0,0.0,0.0,0.0,0.0,0.0,0.0,0.0,0.0,0.0,0.0,0.0,0.0,0.0,0.0,0.0,0.0,0.0,0.0,0.0,0.0,0.0,0.0,0.0,0.0,0.0
0.03826614116455211,0.05098678493630289,0.0,0.0,0.0,0.0,0.21182650587982368,0.05936756942407847,0.0,0.0,0.4746502046445561,0.5512958189050782,0.3119618228439813,0.10276635055633439,0.5430560438591675,0.7361445226085854,1.0,0.7473476072573078,0.3048936197760924,0.21506025529444903,0.31146147380062855,0.5431499209088728,0.08938088845951744,0.0,0.0,0.0,0.0,0.0,0.0,0.0,0.09336041959790903,0.0,0.0,0.0,0.0,0.0,0.1415399953371623,0.49147432409248926,0.6859144364694889,0.394190177700292,0.03563804269479829,0.0,0.0,0.0,0.0,0.0,0.0,0.0,0.0,0.0,0.0,0.0,0.0,0.0,0.0,0.0,0.0,0.0,0.0,0.0,0.0,0.0,0.0,0.0,0.0,0.0,0.0,0.0,0.0,0.0,0.0,0.0,0.0,0.0,0.0,0.0,0.0,0.0,0.0,0.0,0.0,0.0,0.0,0.0,0.0,0.0,0.0,0.0
0.08378724372782066,0.03275934272455991,0.0,0.0,0.0,0.0,0.3047950351222265,0.21596415441938155,0.0,0.0,0.5421427268766823,0.7361602038812552,0.5435025739559506,0.3119622237724749,0.4764201009276099,0.552336038435248,0.7473476072573078,1.0,0.21487420038993726,0.060586356416137264,0.10310601789791636,0.3124155239663451,0.05029503075149965,0.0,0.0,0.0,0.0,0.0,0.0,0.0,0.03747997614941654,0.0,0.0,0.0,0.0,0.03535166051045153,0.393346618891595,0.6858881847204713,0.4913787700474435,0.14251400622327795,0.0,0.0,0.0,0.0,0.0,0.0,0.0,0.0,0.0,0.0,0.0,0.0,0.0,0.0,0.0,0.0,0.0,0.0,0.0,0.0,0.0,0.0,0.0,0.0,0.0,0.0,0.0,0.0,0.0,0.0,0.0,0.0,0.0,0.0,0.0,0.0,0.0,0.0,0.0,0.0,0.0,0.0,0.0,0.0,0.0,0.0,0.0,0.0
0.3839400111183233,0.43152893316272967,0.249097566943322,0.06574136037259495,0.03206808348361787,0.16171837867798747,0.4078421268753014,0.17145758541016837,0.0,0.0,0.5221791061347741,0.29886348973881854,0.08381669936589517,0.038309475200326154,0.729825869171129,0.5455489284929611,0.3048936197760924,0.21487420038993726,1.0,0.7350238268269825,0.5420708025360028,0.47718128226074524,0.7383141197965785,0.5469810942768965,0.4724003466217766,0.5435460011264132,0.15773573306611824,0.30561684281863494,0.006735272821542083,0.07162157550646008,0.3981254267501472,0.0,0.0,0.0,0.0,0.0,0.0,0.0,0.034561043912477635,0.16324214250620203,0.2482710118514084,0.25014685927041724,0.1587084636718905,0.48600817836363824,0.0,0.0,0.0,0.0,0.0,0.0,0.0,0.0,0.0,0.0,0.0,0.0,0.0,0.0,0.0,0.0,0.0,0.0,0.0,0.0,0.0,0.0,0.0,0.0,0.0,0.0,0.0,0.0,0.0,0.0,0.0,0.0,0.0,0.0,0.0,0.0,0.0,0.0,0.0,0.0,0.0,0.0,0.0,0.0
0.16169941990164177,0.2745445183170974,0.1458035388106541,0.0,0.0,0.0,0.15354562259949692,0.0,0.0,0.0,0.28588749686523346,0.08635166887887046,0.0,0.0,0.5375731764363141,0.4766022781798898,0.21506025529444903,0.060586356416137264,0.7350238268269825,1.0,0.7354864870566542,0.552450749984767,0.5500700665792537,0.48131466582218446,0.5489920203298708,0.737546502789913,0.13223211992299058,0.21596702267273243,0.03594324193555242,0.0,0.2720867453426819,0.0,0.0,0.0,0.0,0.0,0.0,0.0,0.0,0.2559109975145498,0.4848306393302005,0.4874629153191698,0.25294572410621946,0.2543327718242794,0.0,0.0,0.0,0.0,0.0,0.0,0.0,0.0,0.0,0.0,0.0,0.0,0.0,0.0,0.0,0.0,0.0,0.0,0.0,0.0,0.0,0.0,0.0,0.0,0.0,0.0,0.0,0.0,0.0,0.0,0.0,0.0,0.0,0.0,0.0,0.0,0.0,0.0,0.0,0.0,0.0,0.0,0.0,0.0
0.0,0.13014723942281775,0.0,0.0,0.0,0.0,0.017383534376211297,0.0,0.0,0.0,0.20246630530430512,0.055722940358121184,0.0,0.0,0.4702026609241946,0.5487946388959232,0.31146147380062855,0.10310601789791636,0.5420708025360028,0.7354864870566542,1.0,0.7479089043561533,0.30804334181661286,0.21789268180002214,0.3090639246735009,0.5428890478971511,0.020512516914697073,0.0,0.0,0.0,0.17524241824455072,0.0,0.0,0.0,0.0,0.0,0.0,0.0,0.1423656557958823,0.4926203515699249,0.6859469177965013,0.39211033745050783,0.0331160213838062,0.03156587713537731,0.0,0.0,0.0,0.0,0.0,0.0,0.0,0.0,0.0,0.0,0.0,0.0,0.0,0.0,0.0,0.0,0.0,0.0,0.0,0.0,0.0,0.0,0.0,0.0,0.0,0.0,0.0,0.0,0.0,0.0,0.0,0.0,0.0,0.0,0.0,0.0,0.0,0.0,0.0,0.0,0.0,0.0,0.0,0.0
0.0,0.10338092231546457,0.0,0.0,0.0,0.0,0.07142873803674452,0.0,0.0,0.0,0.29988846162377525,0.2139565426031289,0.0,0.0,0.5418872784333754,0.7348686296781576,0.5431499209088728,0.3124155239663451,0.47718128226074524,0.552450749984767,0.7479089043561533,1.0,0.2189398097589912,0.06677431340490587,0.10368594991911811,0.31420492317138476,0.0,0.0,0.0,0.0,0.1688168000272383,0.0,0.0,0.0,0.0,0.0,0.0,0.036564822833740074,0.39314197216619606,0.6858570808831169,0.4919288564877926,0.14188680386498398,0.0,0.0,0.0,0.0,0.0,0.0,0.0,0.0,0.0,0.0,0.0,0.0,0.0,0.0,0.0,0.0,0.0,0.0,0.0,0.0,0.0,0.0,0.0,0.0,0.0,0.0,0.0,0.0,0.0,0.0,0.0,0.0,0.0,0.0,0.0,0.0,0.0,0.0,0.0,0.0,0.0,0.0,0.0,0.0,0.0,0.0
0.43161685558877744,0.4127368193089196,0.2624606433500795,0.14587960164684283,0.15253233456534146,0.2746631522506601,0.42078270999271655,0.22149546072658793,0.1035087602223244,0.13028500348029987,0.43176815839133936,0.19358469052587257,0.03280681984439841,0.05106388081738125,0.5328119126968195,0.3053625456342103,0.08938088845951744,0.05029503075149965,0.7383141197965785,0.5500700665792537,0.30804334181661286,0.2189398097589912,1.0,0.7425832265249143,0.5485827216375256,0.4834445428121502,0.1209970284576307,0.5479757281252601,0.0,0.32375958795032767,0.2900943577585285,0.0,0.0,0.0,0.0,0.0,0.0,0.0,0.0,0.0,0.03585354897355231,0.16941122983924997,0.254725123899506,0.6868640100487787,0.0,0.0,0.0,0.0,0.0,0.0,0.0,0.0,0.0,0.0,0.0,0.0,0.0,0.0,0.0,0.0,0.0,0.0,0.0,0.0,0.0,0.0,0.0,0.0,0.0,0.0,0.0,0.0,0.0,0.0,0.0,0.0,0.0,0.0,0.0,0.0,0.0,0.0,0.0,0.0,0.0,0.0,0.0,0.0
0.2491913895498418,0.2624623161472025,0.18645675245814175,0.10365533119028345,0.08584267079000354,0.1459452013210733,0.18619049194677037,0.0002358753582184555,0.0,0.0,0.17509698559036735,0.0,0.0,0.0,0.2971046874152103,0.09639506806511755,0.0,0.0,0.5469810942768965,0.48131466582218446,0.21789268180002214,0.06677431340490587,0.7425832265249143,1.0,0.7375057226617648,0.5545983378564237,0.0770708425258674,0.7344844426694856,0.0,0.4912109923839561,0.11968425777168382,0.0,0.0,0.0,0.0,0.0,0.0,0.0,0.0,0.0,0.0,0.25810817863106705,0.48503545233521306,0.4926869844199818,0.0,0.0,0.0,0.0,0.0,0.0,0.0,0.0,0.0,0.0,0.0,0.0,0.0,0.0,0.0,0.0,0.0,0.0,0.0,0.0,0.0,0.0,0.0,0.0,0.0,0.0,0.0,0.0,0.0,0.0,0.0,0.0,0.0,0.0,0.0,0.0,0.0,0.0,0.0,0.0,0.0,0.0,0.0,0.0
0.06578892890187217,0.14582792948492468,0.10358465674846377,0.0,0.0,0.0,0.0,0.0,0.0,0.0,0.019955378030134006,0.0,0.0,0.0,0.20230901184262912,0.057761080609362025,0.0,0.0,0.4724003466217766,0.5489920203298708,0.3090639246735009,0.10368594991911811,0.5485827216375256,0.7375057226617648,1.0,0.7454798153049246,0.06827563293530929,0.5430347577542166,0.0,0.3198781826703764,0.04266049057047095,0.0,0.0,0.0,0.0,0.0,0.0,0.0,0.0,0.0,0.13648278217907492,0.4914702488140779,0.6862586358284597,0.25614399420799355,0.0,0.0,0.0,0.0,0.0,0.0,0.0,0.0,0.0,0.0,0.0,0.0,0.0,0.0,0.0,0.0,0.0,0.0,0.0,0.0,0.0,0.0,0.0,0.0,0.0,0.0,0.0,0.0,0.0,0.0,0.0,0.0,0.0,0.0,0.0,0.0,0.0,0.0,0.0,0.0,0.0,0.0,0.0,0.0
0.03207183754990056,0.15243198217885506,0.08571143209602744,0.0,0.0,0.0,0.0,0.0,0.0,0.0,0.06693532249832589,0.0,0.0,0.0,0.2973190552621323,0.2149461242184743,0.0,0.0,0.5435460011264132,0.737546502789913,0.5428890478971511,0.31420492317138476,0.4834445428121502,0.5545983378564237,0.7454798153049246,1.0,0.09432756563846682,0.3120644381032069,0.017405046630920903,0.07805061604872056,0.1079871769292357,0.0,0.0,0.0,0.0,0.0,0.0,0.0,0.0,0.03785365556403371,0.3900459266498296,0.6859223181222762,0.48947031159180876,0.17053177478843481,0.0,0.0,0.0,0.0,0.0,0.0,0.0,0.0,0.0,0.0,0.0,0.0,0.0,0.0,0.0,0.0,0.0,0.0,0.0,0.0,0.0,0.0,0.0,0.0,0.0,0.0,0.0,0.0,0.0,0.0,0.0,0.0,0.0,0.0,0.0,0.0,0.0,0.0,0.0,0.0,0.0,0.0,0.0,0.0
0.30561376823323344,0.5479722080025766,0.7344828325332209,0.5430352023584603,0.31206671131427166,0.2159689442343017,0.0808506002377528,0.0,0.0,0.0,0.012195879436482926,0.0,0.0,0.0,0.08013092980478048,0.0,0.0,0.0,0.15773573306611824,0.13223211992299058,0.020512516914697073,0.0,0.1209970284576307,0.0770708425258674,0.06827563293530929,0.09432756563846682,1.0,0.0,0.7567229374475983,0.0,0.39974470030430814,0.38932638948828113,0.035507957028266396,0.0,0.0,0.0,0.0,0.0,0.0,0.0,0.0,0.0,0.0,0.0,0.0,0.0,0.0,0.0,0.0,0.0,0.0,0.0,0.0,0.0,0.0,0.0,0.0,0.0,0.0,0.0,0.0,0.0,0.0,0.0,0.0,0.0,0.0,0.0,0.0,0.0,0.0,0.0,0.0,0.0,0.0,0.0,0.0,0.0,0.0,0.0,0.0,0.0,0.0,0.0,0.0,0.0,0.0,0.0
0.15787881676986393,0.12105551939286521,0.07714533664782831,0.06843734402348792,0.09455651566309506,0.13245169002830792,0.08023650714806234,0.0,0.0,0.02075853753128555,0.012231709419197703,0.0,0.0,0.0,0.08085956070314107,0.0,0.0,0.0,0.30561684281863494,0.21596702267273243,0.0,0.0,0.5479757281252601,0.7344844426694856,0.5430347577542166,0.3120644381032069,0.0,1.0,0.0,0.7567249491907871,0.0,0.0,0.0,0.0,0.0,0.0,0.0,0.0,0.0,0.0,0.0,0.03550260156900499,0.389325809910002,0.3997449256859712,0.0,0.0,0.0,0.0,0.0,0.0,0.0,0.0,0.0,0.0,0.0,0.0,0.0,0.0,0.0,0.0,0.0,0.0,0.0,0.0,0.0,0.0,0.0,0.0,0.0,0.0,0.0,0.0,0.0,0.0,0.0,0.0,0.0,0.0,0.0,0.0,0.0,0.0,0.0,0.0,0.0,0.0,0.0,0.0
0.07161387103757696,0.3237504688852772,0.49120738748482173,0.3198807000310533,0.0780540889203709,0.0,0.0,0.0,0.0,0.0,0.0,0.0,0.0,0.0,0.0,0.0,0.0,0.0,0.006735272821542083,0.03594324193555242,0.0,0.0,0.0,0.0,0.0,0.017405046630920903,0.7567229374475983,0.0,1.0,0.0,0.23310516771897793,0.22327235263064865,0.0,0.0,0.0,0.0,0.0,0.0,0.0,0.0,0.0,0.0,0.0,0.0,0.0,0.0,0.0,0.0,0.0,0.0,0.0,0.0,0.0,0.0,0.0,0.0,0.0,0.0,0.0,0.0,0.0,0.0,0.0,0.0,0.0,0.0,0.0,0.0,0.0,0.0,0.0,0.0,0.0,0.0,0.0,0.0,0.0,0.0,0.0,0.0,0.0,0.0,0.0,0.0,0.0,0.0,0.0,0.0
0.006914860454892774,0.0,0.0,0.0,0.017711843729918943,0.036221954975058195,0.0,0.0,0.0,0.0,0.0,0.0,0.0,0.0,0.0,0.0,0.0,0.0,0.07162157550646008,0.0,0.0,0.0,0.32375958795032767,0.4912109923839561,0.3198781826703764,0.07805061604872056,0.0,0.7567249491907871,0.0,1.0,0.0,0.0,0.0,0.0,0.0,0.0,0.0,0.0,0.0,0.0,0.0,0.0,0.2232658020103803,0.233115450210718,0.0,0.0,0.0,0.0,0.0,0.0,0.0,0.0,0.0,0.0,0.0,0.0,0.0,0.0,0.0,0.0,0.0,0.0,0.0,0.0,0.0,0.0,0.0,0.0,0.0,0.0,0.0,0.0,0.0,0.0,0.0,0.0,0.0,0.0,0.0,0.0,0.0,0.0,0.0,0.0,0.0,0.0,0.0,0.0
0.48601108843231017,0.6868679062533669,0.49268988108480605,0.2561470107204906,0.17053668084382476,0.25433862300204535,0.37593086207328563,0.12430110044706942,0.0,0.031573147706863085,0.37539507369988395,0.15086570753274148,0.0,0.0,0.42461811734491217,0.270642368628067,0.09336041959790903,0.03747997614941654,0.3981254267501472,0.2720867453426819,0.17524241824455072,0.1688168000272383,0.2900943577585285,0.11968425777168382,0.04266049057047095,0.1079871769292357,0.39974470030430814,0.0,0.23310516771897793,0.0,1.0,0.0,0.0,0.0,0.0,0.0,0.0,0.0,0.0,0.0,0.0,0.0,0.0,0.16681454369661722,0.0,0.0,0.0,0.0,0.0,0.0,0.0,0.0,0.0,0.0,0.0,0.0,0.0,0.0,0.0,0.0,0.0,0.0,0.0,0.0,0.0,0.0,0.0,0.0,0.0,0.0,0.0,0.0,0.0,0.0,0.0,0.0,0.0,0.0,0.0,0.0,0.0,0.0,0.0,0.0,0.0,0.0,0.0,0.0
0.1587041458620951,0.2547220790020392,0.4850345943230943,0.6862578574275879,0.4894711072478389,0.25294576773391264,0.0,0.0,0.0,0.03312055600063226,0.0,0.0,0.0,0.0,0.0,0.0,0.0,0.0,0.0,0.0,0.0,0.0,0.0,0.0,0.0,0.0,0.38932638948828113,0.0,0.22327235263064865,0.0,0.0,1.0,0.40670178414686414,0.0,0.0,0.0,0.0,0.0,0.0,0.0,0.0,0.0,0.0,0.0,0.0,0.0,0.0,0.0,0.0,0.0,0.0,0.0,0.0,0.0,0.0,0.0,0.0,0.0,0.0,0.0,0.0,0.0,0.0,0.0,0.0,0.0,0.0,0.0,0.0,0.0,0.0,0.0,0.0,0.0,0.0,0.0,0.0,0.0,0.0,0.0,0.0,0.0,0.0,0.0,0.0,0.0,0.0,0.0
0.25014792079670517,0.16941558315771849,0.2581140666943862,0.4914744165427534,0.6859260987529732,0.4874661887176856,0.025483906226325227,0.0,0.1418912530565126,0.3921167181580624,0.0,0.0,0.0,0.0,0.0,0.0,0.0,0.0,0.0,0.0,0.0,0.0,0.0,0.0,0.0,0.0,0.035507957028266396,0.0,0.0,0.0,0.0,0.40670178414686414,1.0,0.41914080261572473,0.0,0.0,0.0,0.0,0.0,0.0,0.0,0.0,0.0,0.0,0.0,0.0,0.0,0.0,0.0,0.0,0.0,0.0,0.20242215100258173,0.04588136589977044,0.0,0.0,0.0,0.0022742297878403602,0.0,0.0,0.0,0.0,0.0,0.0,0.0,0.0,0.0,0.0,0.0,0.0,0.0,0.0,0.0,0.0,0.0,0.0,0.0,0.0,0.27873426322673195,0.04639808268955146,0.0,0.0,0.0,0.0,0.0,0.0,0.0,0.0
0.24827041319120444,0.03585940614265117,0.0,0.13649191663766,0.3900529598583655,0.48483279251204053,0.1564296426012716,0.2524113809887012,0.4919243835167468,0.6859460291268232,0.0,0.0,0.0,0.03563765222786921,0.0,0.0,0.0,0.0,0.0,0.0,0.0,0.0,0.0,0.0,0.0,0.0,0.0,0.0,0.0,0.0,0.0,0.0,0.41914080261572473,1.0,0.40867421361811673,0.0,0.0,0.0,0.0,0.0,0.0,0.0,0.0,0.0,0.0,0.0,0.0,0.0,0.03859734497589456,0.1778481243794668,0.0,0.1571760654856226,0.4316607127140364,0.43510145256194344,0.0,0.0,0.0,0.01660529710441635,0.0,0.0,0.0,0.0,0.0,0.0,0.0,0.0,0.0,0.0,0.0,0.0,0.0,0.0,0.0,0.0,0.0,0.0,0.0,0.3680513605660864,0.36680285548109676,0.0,0.0,0.0,0.0,0.0,0.0,0.0,0.0,0.0
0.16324234732414308,0.0,0.0,0.0,0.03785603378424098,0.25591191141166253,0.24992274598751624,0.48595345484604896,0.6858584814863941,0.49261908353149914,0.03132222407082392,0.0,0.14252115702597326,0.39419754863689993,0.0,0.0,0.0,0.0,0.0,0.0,0.0,0.0,0.0,0.0,0.0,0.0,0.0,0.0,0.0,0.0,0.0,0.0,0.0,0.40867421361811673,1.0,0.42561651851149035,0.0,0.0,0.0,0.0,0.0,0.0,0.0,0.0,0.0,0.0,0.0,0.004351834199343939,0.2592658321110004,0.20060214705538953,0.0,0.0,0.1190803934754593,0.330832908617338,0.0,0.0,0.0,0.0,0.0,0.0,0.0,0.0,0.0,0.0,0.0,0.0,0.0,0.0,0.0,0.0,0.0,0.0,0.0,0.0,0.0,0.0,0.27873426322673195,0.36680285548109676,0.0,0.0,0.0,0.0,0.0,0.0,0.0,0.0,0.0,0.0
0.034560661326957495,0.0,0.0,0.0,0.0,0.0,0.2498221807601996,0.4857148887906694,0.3931486976521616,0.14236984944511477,0.16110117889509185,0.2546603259996885,0.49137956514396797,0.6859149247949566,0.0,0.0,0.0,0.03535166051045153,0.0,0.0,0.0,0.0,0.0,0.0,0.0,0.0,0.0,0.0,0.0,0.0,0.0,0.0,0.0,0.0,0.42561651851149035,1.0,0.40652805908188344,0.0,0.0,0.0,0.0,0.0,0.0,0.0,0.0,0.0,0.0,0.0,0.0,0.0,0.0,0.0,0.0,0.0,0.0,0.0,0.0,0.0,0.0,0.0,0.0,0.0,0.0,0.0,0.0,0.0,0.0,0.0,0.0,0.0,0.0,0.0,0.0,0.0,0.0,0.0,0.046398082689551035,0.0,0.0,0.0,0.0,0.0,0.0,0.0,0.0,0.0,0.0,0.0
0.0,0.0,0.0,0.0,0.0,0.0,0.16284532401030125,0.2557628420368661,0.03656352816950039,0.0,0.24914291496054974,0.48622239143984114,0.6858845297316761,0.4914718276300725,0.035393079038143045,0.0,0.1415399953371623,0.393346618891595,0.0,0.0,0.0,0.0,0.0,0.0,0.0,0.0,0.0,0.0,0.0,0.0,0.0,0.0,0.0,0.0,0.0,0.40652805908188344,1.0,0.4240526837949842,0.0,0.0,0.0,0.0,0.0,0.0,0.0,0.0,0.0,0.0,0.0,0.0,0.0,0.0,0.0,0.0,0.0,0.0,0.0,0.0,0.0,0.0,0.0,0.0,0.0,0.0,0.0,0.0,0.0,0.0,0.0,0.0,0.0,0.0,0.0,0.0,0.0,0.0,0.0,0.0,0.0,0.0,0.0,0.0,0.0,0.0,0.0,0.0,0.0,0.0
0.0,0.0,0.0,0.0,0.0,0.0,0.03538286793830955,0.0,0.0,0.0,0.24914482814091787,0.4862239034301022,0.393345861267839,0.14153923143567423,0.16285351520500985,0.2557679759280605,0.49147432409248926,0.6858881847204713,0.0,0.0,0.0,0.036564822833740074,0.0,0.0,0.0,0.0,0.0,0.0,0.0,0.0,0.0,0.0,0.0,0.0,0.0,0.0,0.4240526837949842,1.0,0.40653038923435525,0.0,0.0,0.0,0.0,0.0,0.0,0.0,0.0,0.0,0.0,0.0,0.0,0.0,0.0,0.0,0.0,0.0,0.0,0.0,0.0,0.0,0.0,0.0,0.0,0.0,0.0,0.0,0.0,0.0,0.0,0.0,0.0,0.0,0.0,0.0,0.0,0.0,0.0,0.0,0.0,0.0,0.0,0.0,0.0,0.0,0.0,0.0,0.0,0.0
0.0,0.0,0.0,0.0,0.0,0.0,0.0,0.0,0.0,0.0,0.1610977190350713,0.25465793289632727,0.035349931015299166,0.0,0.24982269290182105,0.4857151595739198,0.6859144364694889,0.4913787700474435,0.034561043912477635,0.0,0.1423656557958823,0.39314197216619606,0.0,0.0,0.0,0.0,0.0,0.0,0.0,0.0,0.0,0.0,0.0,0.0,0.0,0.0,0.0,0.40653038923435525,1.0,0.42560355346467876,0.0,0.0,0.0,0.0,0.0,0.0,0.0,0.0,0.0,0.0,0.0,0.0,0.0,0.0,0.0,0.0,0.0,0.0,0.0,0.0,0.0,0.0,0.0,0.0,0.0,0.0,0.0,0.0,0.0,0.0,0.0,0.0,0.0,0.0,0.0,0.0,0.0,0.0,0.0,0.0,0.0,0.0,0.0,0.0,0.0,0.0,0.0,0.0
0.0,0.0,0.0,0.0,0.0,0.0,0.0,0.0,0.0,0.0,0.031314705149617116,0.0,0.0,0.0,0.24992051118347983,0.48595123310837623,0.394190177700292,0.14251400622327795,0.16324214250620203,0.2559109975145498,0.4926203515699249,0.6858570808831169,0.0,0.0,0.0,0.03785365556403371,0.0,0.0,0.0,0.0,0.0,0.0,0.0,0.0,0.0,0.0,0.0,0.0,0.42560355346467876,1.0,0.40868111120848943,0.0,0.0,0.0,0.0,0.0,0.0,0.0,0.0,0.0,0.0,0.0,0.0,0.0,0.0,0.0,0.0,0.0,0.0,0.0,0.0,0.0,0.0,0.0,0.0,0.0,0.0,0.0,0.0,0.0,0.0,0.0,0.0,0.0,0.0,0.0,0.0,0.0,0.0,0.0,0.0,0.0,0.0,0.0,0.0,0.0,0.0,0.0
0.0,0.0,0.0,0.0,0.0,0.0,0.0,0.0,0.0,0.0,0.0,0.0,0.0,0.0,0.15643198126819938,0.2524134573758043,0.03563804269479829,0.0,0.2482710118514084,0.4848306393302005,0.6859469177965013,0.4919288564877926,0.03585354897355231,0.0,0.13648278217907492,0.3900459266498296,0.0,0.0,0.0,0.0,0.0,0.0,0.0,0.0,0.0,0.0,0.0,0.0,0.0,0.40868111120848943,1.0,0.41912763617659726,0.0,0.0,0.0,0.0,0.0,0.0,0.0,0.0,0.0,0.0,0.0,0.0,0.0,0.0,0.0,0.0,0.0,0.0,0.0,0.0,0.0,0.0,0.0,0.0,0.0,0.0,0.0,0.0,0.0,0.0,0.0,0.0,0.0,0.0,0.0,0.0,0.0,0.0,0.0,0.0,0.0,0.0,0.0,0.0,0.0,0.0
0.0,0.0,0.0,0.0,0.0,0.0,0.0,0.0,0.0,0.0,0.0,0.0,0.0,0.0,0.02548358128434244,0.0,0.0,0.0,0.25014685927041724,0.4874629153191698,0.39211033745050783,0.14188680386498398,0.16941122983924997,0.25810817863106705,0.4914702488140779,0.6859223181222762,0.0,0.03550260156900499,0.0,0.0,0.0,0.0,0.0,0.0,0.0,0.0,0.0,0.0,0.0,0.0,0.41912763617659726,1.0,0.4066988377351493,0.0,0.0,0.0,0.0,0.0,0.0,0.0,0.0,0.0,0.0,0.0,0.0,0.0,0.0,0.0,0.0,0.0,0.0,0.0,0.0,0.0,0.0,0.0,0.0,0.0,0.0,0.0,0.0,0.0,0.0,0.0,0.0,0.0,0.0,0.0,0.0,0.0,0.0,0.0,0.0,0.0,0.0,0.0,0.0,0.0
0.0,0.0,0.0,0.0,0.0,0.0,0.0,0.0,0.0,0.0,0.0,0.0,0.0,0.0,0.0,0.0,0.0,0.0,0.1587084636718905,0.25294572410621946,0.0331160213838062,0.0,0.254725123899506,0.48503545233521306,0.6862586358284597,0.48947031159180876,0.0,0.389325809910002,0.0,0.2232658020103803,0.0,0.0,0.0,0.0,0.0,0.0,0.0,0.0,0.0,0.0,0.0,0.4066988377351493,1.0,0.0,0.0,0.0,0.0,0.0,0.0,0.0,0.0,0.0,0.0,0.0,0.0,0.0,0.0,0.0,0.0,0.0,0.0,0.0,0.0,0.0,0.0,0.0,0.0,0.0,0.0,0.0,0.0,0.0,0.0,0.0,0.0,0.0,0.0,0.0,0.0,0.0,0.0,0.0,0.0,0.0,0.0,0.0,0.0,0.0
0.3982841107319246,0.29016444999271124,0.1197573745308933,0.04278345583489968,0.10815839108241296,0.2722810835408394,0.42474616443077223,0.27078798724447695,0.16899956814879397,0.17544723979440163,0.37543511308060873,0.15089628296417532,0.037538188938900166,0.09345959865718918,0.37593710338322345,0.12429723968937283,0.0,0.0,0.48600817836363824,0.2543327718242794,0.03156587713537731,0.0,0.6868640100487787,0.4926869844199818,0.25614399420799355,0.17053177478843481,0.0,0.3997449256859712,0.0,0.233115450210718,0.16681454369661722,0.0,0.0,0.0,0.0,0.0,0.0,0.0,0.0,0.0,0.0,0.0,0.0,1.0,0.0,0.0,0.0,0.0,0.0,0.0,0.0,0.0,0.0,0.0,0.0,0.0,0.0,0.0,0.0,0.0,0.0,0.0,0.0,0.0,0.0,0.0,0.0,0.0,0.0,0.0,0.0,0.0,0.0,0.0,0.0,0.0,0.0,0.0,0.0,0.0,0.0,0.0,0.0,0.0,0.0,0.0,0.0,0.0
0.0,0.0,0.0,0.0,0.0,0.0,0.0,0.0,0.0,0.0,0.0,0.0,0.0,0.0,0.0,0.0,0.0,0.0,0.0,0.0,0.0,0.0,0.0,0.0,0.0,0.0,0.0,0.0,0.0,0.0,0.0,0.0,0.0,0.0,0.0,0.0,0.0,0.0,0.0,0.0,0.0,0.0,0.0,0.0,1.0,0.7383146384209069,0.5469795489774769,0.47239680736627665,0.5435426711888485,0.7350223316565192,0.7298227342966306,0.5455487799772366,0.47718016729900115,0.5420700195033963,0.522166013249373,0.29884844383183196,0.21486572441648166,0.30489066154527794,0.4078163693020569,0.1714102857146081,0.03826614116455211,0.08378724372782066,0.3839400111183235,0.16169941990164177,0.0,0.0,0.4316168555887775,0.24919138954984196,0.06578892890187217,0.032071837549900395,0.30561376823323305,0.1578788167698641,0.07161387103757663,0.006914860454892938,0.48601108843231,0.1587041458620951,0.25014792079670517,0.2482704131912046,0.16324234732414333,0.034560661326957495,0.0,0.0,0.0,0.0,0.0,0.0,0.0,0.39828411073192477
0.0,0.0,0.0,0.0,0.0,0.0,0.0,0.0,0.0,0.0,0.0,0.0,0.0,0.0,0.0,0.0,0.0,0.0,0.0,0.0,0.0,0.0,0.0,0.0,0.0,0.0,0.0,0.0,0.0,0.0,0.0,0.0,0.0,0.0,0.0,0.0,0.0,0.0,0.0,0.0,0.0,0.0,0.0,0.0,0.7383146384209069,1.0,0.7425814591543755,0.5485807328169053,0.4834449745678809,0.5500728139725902,0.5328065019051469,0.30536547276223747,0.21894401883812134,0.3080478661455348,0.4317397520350248,0.19356056406016617,0.05028581661222158,0.08938105748107798,0.4207031230921711,0.22139420360554313,0.050986784936303056,0.03275934272455991,0.43152893316273,0.2745445183170976,0.13014723942281792,0.10338092231546489,0.4127368193089196,0.2624623161472025,0.14582792948492485,0.15243198217885506,0.5479722080025765,0.12105551939286521,0.3237504688852772,0.0,0.6868679062533671,0.25472207900203914,0.1694155831577184,0.03585940614265101,0.0,0.0,0.0,0.0,0.0,0.0,0.0,0.0,0.0,0.2901644499927113
0.0,0.0,0.0,0.0,0.0,0.0,0.0,0.0,0.0,0.0,0.0,0.0,0.0,0.0,0.0,0.0,0.0,0.0,0.0,0.0,0.0,0.0,0.0,0.0,0.0,0.0,0.0,0.0,0.0,0.0,0.0,0.0,0.0,0.0,0.0,0.0,0.0,0.0,0.0,0.0,0.0,0.0,0.0,0.0,0.5469795489774769,0.7425814591543755,1.0,0.737506153577777,0.554601191177101,0.4813179543597901,0.29709814911889393,0.09639767246537367,0.06677916527618198,0.21789890798225034,0.17506810462988132,0.0,0.0,0.0,0.1861101084338122,0.00012437685239343577,0.0,0.0,0.24909756694332216,0.14580353881065425,0.0,0.0,0.2624606433500795,0.18645675245814192,0.10358465674846411,0.08571143209602744,0.7344828325332206,0.07714533664782848,0.4912073874848217,0.0,0.492689881084806,0.4850345943230944,0.25811406669438647,0.0,0.0,0.0,0.0,0.0,0.0,0.0,0.0,0.0,0.0,0.11975737453089362
0.0,0.0,0.0,0.0,0.0,0.0,0.0,0.0,0.0,0.0,0.0,0.0,0.0,0.0,0.0,0.0,0.0,0.0,0.0,0.0,0.0,0.0,0.0,0.0,0.0,0.0,0.0,0.0,0.0,0.0,0.0,0.0,0.0,0.0,0.004351834199343939,0.0,0.0,0.0,0.0,0.0,0.0,0.0,0.0,0.0,0.47239680736627665,0.5485807328169053,0.737506153577777,1.0,0.7454815230163095,0.5489930045143546,0.20230250313084427,0.057762103585088376,0.10368856542555326,0.30906866805352556,0.019932610394428864,0.0,0.0,0.0,0.0,0.0,0.0,0.0,0.06574136037259479,0.0,0.0,0.0,0.14587960164684266,0.10365533119028329,0.0,0.0,0.5430352023584601,0.06843734402348792,0.3198807000310531,0.0,0.25614701072049045,0.6862578574275883,0.4914744165427536,0.13649191663766,0.0,0.0,0.0,0.0,0.0,0.0,0.0,0.0,0.0,0.04278345583489985
0.0,0.0,0.0,0.0,0.0,0.0,0.0,0.0,0.14330738120323622,0.0636913334766933,0.0,0.0,0.0,0.0,0.0,0.0,0.0,0.0,0.0,0.0,0.0,0.0,0.0,0.0,0.0,0.0,0.0,0.0,0.0,0.0,0.0,0.0,0.0,0.03859734497589456,0.2592658321110004,0.0,0.0,0.0,0.0,0.0,0.0,0.0,0.0,0.0,0.5435426711888485,0.4834449745678809,0.554601191177101,0.7454815230163095,1.0,0.7375459788856183,0.2973142447938409,0.21494667091451913,0.3142057695975224,0.5428921828327237,0.06692040678749384,0.0,0.0,0.0,0.0,0.0,0.0,0.0,0.032068083483617706,0.0,0.0,0.0,0.15253233456534146,0.08584267079000354,0.0,0.0,0.3120667113142715,0.09455651566309506,0.0780540889203709,0.017711843729918943,0.1705366808438246,0.48947110724783915,0.6859260987529733,0.3900529598583654,0.037856033784240815,0.0,0.0,0.0,0.0,0.0,0.0,0.0,0.0,0.10815839108241312
0.0,0.0,0.0,0.0,0.0,0.0,0.0,0.0,0.13655223564329094,0.12979230234779315,0.0,0.0,0.0,0.0,0.0,0.0,0.0,0.0,0.0,0.0,0.0,0.0,0.0,0.0,0.0,0.0,0.0,0.0,0.0,0.0,0.0,0.0,0.0,0.1778481243794668,0.20060214705538953,0.0,0.0,0.0,0.0,0.0,0.0,0.0,0.0,0.0,0.7350223316565192,0.5500728139725902,0.4813179543597901,0.5489930045143546,0.7375459788856183,1.0,0.5375704098712474,0.4766029279230299,0.5524505057907277,0.7354878822164834,0.2858781949784744,0.08633964479297691,0.0605805070860327,0.21506003879080882,0.1535311092293935,0.0,0.0,0.0,0.16171837867798747,0.0,0.0,0.0,0.2746631522506599,0.1459452013210733,0.0,0.0,0.21596894423430157,0.13245169002830776,0.0,0.03622195497505803,0.2543386230020452,0.25294576773391303,0.4874661887176858,0.48483279251204064,0.2559119114116625,0.0,0.0,0.0,0.0,0.0,0.0,0.0,0.0,0.2722810835408393
0.0,0.0,0.0,0.0,0.0,0.0,0.0,0.0,0.0,0.0,0.0,0.0,0.0,0.0,0.0,0.0,0.0,0.0,0.0,0.0,0.0,0.0,0.0,0.0,0.0,0.0,0.0,0.0,0.0,0.0,0.0,0.0,0.0,0.0,0.0,0.0,0.0,0.0,0.0,0.0,0.0,0.0,0.0,0.0,0.7298227342966306,0.5328065019051469,0.29709814911889393,0.20230250313084427,0.2973142447938409,0.5375704098712474,1.0,0.7368531204987967,0.5418875297663913,0.47020118788232806,0.7308325355187072,0.5451763689763344,0.47641619319744943,0.5430541402670797,0.5198739556092257,0.29352082596954654,0.21182650587982352,0.30479503512222633,0.40784212687530175,0.15354562259949708,0.01738353437621146,0.07142873803674435,0.42078270999271683,0.1861904919467707,0.0,0.0,0.0808506002377528,0.08023650714806267,0.0,0.0,0.37593086207328563,0.0,0.025483906226325393,0.15642964260127168,0.24992274598751632,0.2498221807601992,0.16284532401030108,0.03538286793830939,0.0,0.0,0.0,0.0,0.0,0.4247461644307724
0.0,0.0,0.0,0.0,0.0,0.0,0.0,0.0,0.0,0.057205488990808594,0.0,0.0,0.0,0.0,0.0,0.0,0.0,0.0,0.0,0.0,0.0,0.0,0.0,0.0,0.0,0.0,0.0,0.0,0.0,0.0,0.0,0.0,0.0,0.1571760654856226,0.0,0.0,0.0,0.0,0.0,0.0,0.0,0.0,0.0,0.0,0.5455487799772366,0.30536547276223747,0.09639767246537367,0.057762103585088376,0.21494667091451913,0.4766029279230299,0.7368531204987967,1.0,0.7348698816397344,0.5487943844841788,0.5434005677217455,0.47900028457485755,0.5523353639799434,0.7361435581353426,0.29353648896657575,0.08718540482234757,0.05936756942407863,0.21596415441938172,0.1714575854101687,0.0,0.0,0.0,0.22149546072658827,0.00023587535821878447,0.0,0.0,0.0,0.0,0.0,0.0,0.12430110044706957,0.0,0.0,0.2524113809887012,0.48595345484604896,0.4857148887906691,0.25576284203686617,0.0,0.0,0.0,0.0,0.0,0.0,0.2707879872444771
0.0,0.0,0.0,0.0,0.14330738120323622,0.13655223564329064,0.0,0.0,0.1727564615046104,0.2913630378136386,0.0,0.0,0.0,0.0,0.0,0.0,0.0,0.0,0.0,0.0,0.0,0.0,0.0,0.0,0.0,0.0,0.0,0.0,0.0,0.0,0.0,0.0,0.20242215100258173,0.4316607127140364,0.1190803934754593,0.0,0.0,0.0,0.0,0.0,0.0,0.0,0.0,0.0,0.47718016729900115,0.21894401883812134,0.06677916527618198,0.10368856542555326,0.3142057695975224,0.5524505057907277,0.5418875297663913,0.7348698816397344,1.0,0.7479066962936943,0.29989138907828855,0.2139576630835534,0.31241815139682,0.5431541418376854,0.07144486712738093,0.0,0.0,0.0,0.0,0.0,0.0,0.0,0.10350876022232457,0.0,0.0,0.0,0.0,0.0,0.0,0.0,0.0,0.0,0.14189125305651243,0.4919243835167468,0.6858584814863942,0.39314869765216165,0.03656352816950072,0.0,0.0,0.0,0.0,0.0,0.0,0.16899956814879413
0.0,0.0,0.0,0.0,0.0636913334766933,0.129792302347793,0.0,0.057205488990808594,0.2913630378136386,0.3313424763616463,0.0,0.0,0.0,0.0,0.0,0.0,0.0,0.0,0.0,0.0,0.0,0.0,0.0,0.0,0.0,0.0,0.0,0.0,0.0,0.0,0.0,0.0,0.04588136589977044,0.43510145256194344,0.330832908617338,0.0,0.0,0.0,0.0,0.0,0.0,0.0,0.0,0.0,0.5420700195033963,0.3080478661455348,0.21789890798225034,0.30906866805352556,0.5428921828327237,0.7354878822164834,0.47020118788232806,0.5487943844841788,0.7479066962936943,1.0,0.2024638955522223,0.05571752299886502,0.10310366886503523,0.3114623702001382,0.017388837040301836,0.0,0.0,0.0,0.0,0.0,0.0,0.0,0.1302850034803,0.0,0.0,0.0,0.0,0.02075853753128555,0.0,0.0,0.031573147706863085,0.03312055600063226,0.3921167181580622,0.6859460291268232,0.49261908353149914,0.14236984944511477,0.0,0.0,0.0,0.0,0.0,0.0,0.0,0.17544723979440188
0.0,0.0,0.0,0.0,0.0,0.0,0.0,0.0,0.0,0.0,0.0,0.0,0.0,0.0,0.0,0.0,0.0,0.0,0.0,0.0,0.0,0.0,0.0,0.0,0.0,0.0,0.0,0.0,0.0,0.0,0.0,0.0,0.0,0.0,0.0,0.0,0.0,0.0,0.0,0.0,0.0,0.0,0.0,0.0,0.522166013249373,0.4317397520350248,0.17506810462988132,0.019932610394428864,0.06692040678749384,0.2858781949784744,0.7308325355187072,0.5434005677217455,0.29989138907828855,0.2024638955522223,1.0,0.7354322212260843,0.5421439002129504,0.4746526001912614,0.7308359432510054,0.5433970760396934,0.4746502046445561,0.5421427268766822,0.5221791061347746,0.2858874968652338,0.20246630530430543,0.2998884616237753,0.43176815839133964,0.17509698559036752,0.01995537803013417,0.06693532249832605,0.012195879436482926,0.012231709419197703,0.0,0.0,0.37539507369988423,0.0,0.0,0.0,0.03132222407082392,0.16110117889509137,0.24914291496054952,0.24914482814091762,0.1610977190350714,0.031314705149617275,0.0,0.0,0.0,0.3754351130806087
