1.0,0.7383146384209075,0.5469795489774769,0.47239680736627704,0.5435426711888486,0.7350223316565193,0.7298227342966305,0.5455487799772363,0.477180167299001,0.5420700195033961,0.5221660132493728,0.29884844383183157,0.21486572441648166,0.3048906615452775,0.40781636930205667,0.17141028571460826,0.038266141164551785,0.08378724372782033,0.38394001111832315,0.1616994199016416,0.0,0.0,0.4316168555887773,0.2491913895498418,0.06578892890187217,0.03207183754990056,0.3056137682332334,0.15787881676986393,0.07161387103757696,0.006914860454892774,0.48601108843231017,0.1587041458620951,0.25014792079670517,0.24827041319120452,0.163242347324143,0.034560661326957495,0.0,0.0,0.0,0.0,0.0,0.0,0.0,0.39828411073192443,0.0,0.0,0.0,0.0,0.0,0.0,0.0,0.0,0.0,0.0,0.0,0.0,0.0,0.0,0.0,0.0,0.0,0.0,0.0,0.0,0.09080323984892899,0.10462379091824815,0.0,0.0,0.0,0.0,0.0,0.0,0.0,0.0,0.0,0.0,0.0,0.0,0.0,0.0,0.0,0.0,0.0,0.06119800114568692,0.03755772447363951,0.0,0.0,0.0
0.7383146384209075,1.0,0.7425814591543751,0.5485807328169054,0.48344497456788105,0.5500728139725906,0.5328065019051472,0.30536547276223763,0.21894401883812167,0.308047866145535,0.43173975203502507,0.193560564060166,0.05028581661222191,0.08938105748107798,0.42070312309217095,0.22139420360554313,0.05098678493630289,0.03275934272455974,0.4315289331627297,0.2745445183170973,0.13014723942281775,0.10338092231546489,0.4127368193089196,0.2624623161472024,0.1458279294849245,0.1524319821788549,0.5479722080025762,0.12105551939286505,0.3237504688852769,0.0,0.6868679062533671,0.25472207900203886,0.1694155831577184,0.03585940614265117,0.0,0.0,0.0,0.0,0.0,0.0,0.0,0.0,0.0,0.2901644499927113,0.0,0.0,0.0,0.0,0.0,0.0,0.0,0.0,0.0,0.0,0.0,0.0,0.0,0.0,0.0,0.0,0.0,0.0,0.0,0.0,0.0,0.0,0.0,0.0,0.0,0.0,0.0,0.0,0.0,0.0,0.0,0.0,0.0,0.0,0.0,0.0,0.0,0.0,0.0,0.0,0.0,0.0,0.0,0.0
0.5469795489774769,0.7425814591543751,1.0,0.7375061535777772,0.5546011911771012,0.4813179543597899,0.29709814911889376,0.09639767246537334,0.06677916527618181,0.21789890798225003,0.17506810462988115,0.0,0.0,0.0,0.18611010843381204,0.00012437685239343577,0.0,0.0,0.24909756694332183,0.14580353881065394,0.0,0.0,0.26246064335007946,0.18645675245814192,0.10358465674846377,0.08571143209602744,0.7344828325332209,0.07714533664782816,0.4912073874848219,0.0,0.492689881084806,0.4850345943230944,0.25811406669438636,0.0,0.0,0.0,0.0,0.0,0.0,0.0,0.0,0.0,0.0,0.1197573745308933,0.0,0.0,0.0,0.0,0.0,0.0,0.0,0.0,0.0,0.0,0.0,0.0,0.0,0.0,0.0,0.0,0.0,0.0,0.0,0.0,0.0,0.0,0.0,0.0,0.0,0.0,0.0,0.0,0.0,0.0,0.0,0.0,0.0,0.0,0.0,0.0,0.0,0.0,0.0,0.0,0.0,0.0,0.0,0.0
0.47239680736627704,0.5485807328169054,0.7375061535777772,1.0,0.7454815230163099,0.5489930045143548,0.2023025031308446,0.057762103585088535,0.10368856542555359,0.30906866805352556,0.019932610394429194,0.0,0.0,0.0,0.0,0.0,0.0,0.0,0.06574136037259479,0.0,0.0,0.0,0.14587960164684283,0.10365533119028345,0.0,0.0,0.5430352023584603,0.06843734402348776,0.31988070003105323,0.0,0.25614701072049073,0.6862578574275879,0.49147441654275364,0.13649191663766,0.0,0.0,0.0,0.0,0.0,0.0,0.0,0.0,0.0,0.04278345583489968,0.0,0.0,0.0,0.0,0.0,0.0,0.0,0.0,0.0,0.0,0.0,0.0,0.0,0.0,0.0,0.0,0.0,0.0,0.0,0.0,0.0,0.0,0.0,0.0,0.0,0.0,0.0,0.0,0.12240284016576006,0.0,0.0,0.0,0.0,0.0,0.0,0.0,0.0,0.0,0.0,0.0,0.0,0.0,0.0,0.0
0.5435426711888486,0.48344497456788105,0.5546011911771012,0.7454815230163099,1.0,0.7375459788856182,0.29731424479384094,0.21494667091451897,0.3142057695975224,0.5428921828327233,0.066920406787494,0.0,0.0,0.0,0.0,0.0,0.0,0.0,0.032068083483617706,0.0,0.0,0.0,0.15253233456534146,0.08584267079000354,0.0,0.0,0.3120667113142718,0.09455651566309506,0.07805408892037105,0.017711843729918943,0.17053668084382476,0.48947110724783915,0.6859260987529732,0.39005295985836524,0.03785603378424049,0.0,0.0,0.0,0.0,0.0,0.0,0.0,0.0,0.10815839108241296,0.0,0.0,0.0,0.0,0.0,0.0,0.0,0.0,0.0,0.0,0.0,0.0,0.0,0.0,0.0,0.0,0.0,0.0,0.0,0.0,0.0,0.0,0.0,0.0,0.0,0.0,0.17911631676565953,0.0,0.316809977942447,0.0,0.0,0.0,0.0,0.0,0.0,0.0,0.0,0.0,0.0,0.0,0.0,0.0,0.0,0.0
0.7350223316565193,0.5500728139725906,0.4813179543597899,0.5489930045143548,0.7375459788856182,1.0,0.5375704098712475,0.4766029279230299,0.5524505057907279,0.7354878822164831,0.28587819497847455,0.08633964479297675,0.0605805070860327,0.21506003879080834,0.15353110922939334,0.0,0.0,0.0,0.16171837867798747,0.0,0.0,0.0,0.27466315225065996,0.14594520132107347,0.0,0.0,0.2159689442343017,0.13245169002830792,0.0,0.036221954975058195,0.25433862300204535,0.25294576773391286,0.4874661887176858,0.48483279251204053,0.2559119114116622,0.0,0.0,0.0,0.0,0.0,0.0,0.0,0.0,0.27228108354083924,0.0,0.0,0.0,0.0,0.0,0.0,0.0,0.0,0.0,0.0,0.0,0.0,0.0,0.0,0.0,0.012084527010630057,0.0,0.0,0.0,0.015524219413175786,0.15298673405505137,0.14081056888200974,0.0,0.0,0.0,0.0,0.12432709182670496,0.0,0.21033928698292487,0.0,0.001412327297076743,0.0,0.0,0.0,0.0,0.0,0.0,0.0,0.0,0.038333070464114896,0.06491456430088087,0.0,0.0,0.0
0.7298227342966305,0.5328065019051472,0.29709814911889376,0.2023025031308446,0.29731424479384094,0.5375704098712475,1.0,0.7368531204987965,0.5418875297663913,0.47020118788232823,0.7308325355187072,0.5451763689763339,0.47641619319744943,0.5430541402670793,0.5198739556092254,0.2935208259695466,0.21182650587982318,0.3047950351222259,0.4078421268753014,0.15354562259949708,0.017383534376211297,0.07142873803674452,0.42078270999271683,0.1861904919467707,0.0,0.0,0.08085060023775296,0.08023650714806282,0.0,0.0,0.3759308620732858,0.0,0.025483906226325556,0.15642964260127168,0.24992274598751607,0.24982218076019927,0.1628453240103009,0.035382867938308894,0.0,0.0,0.0,0.0,0.0,0.4247461644307724,0.0,0.0,0.0,0.0,0.0,0.0,0.0,0.0,0.0,0.0,0.0,0.0,0.0,0.0,0.0,0.06266581668898567,0.011469142219218213,0.0,0.0,0.0,0.14640520831720338,0.22367793248599144,0.0,0.0,0.0,0.0,0.0,0.0,0.0,0.0,0.0,0.0,0.0,0.0,0.0,0.0,0.0,0.0,0.0,0.22803285575675852,0.07525652974042256,0.0,0.0,0.0
0.5455487799772363,0.30536547276223763,0.09639767246537334,0.057762103585088535,0.21494667091451897,0.4766029279230299,0.7368531204987965,1.0,0.7348698816397344,0.548794384484179,0.5434005677217455,0.47900028457485727,0.5523353639799434,0.7361435581353423,0.2935364889665755,0.08718540482234757,0.059367569424078136,0.21596415441938124,0.1714575854101682,0.0,0.0,0.0,0.22149546072658793,0.00023587535821861997,0.0,0.0,0.0,0.0,0.0,0.0,0.12430110044706942,0.0,0.0,0.25241138098870125,0.48595345484604907,0.4857148887906694,0.2557628420368661,0.0,0.0,0.0,0.0,0.0,0.0,0.27078798724447695,0.0,0.0,0.0,0.0,0.0,0.0,0.0,0.0,0.0,0.0,0.0,0.0,0.0,0.0,0.06265461482217606,0.25741439512706293,0.2387605390332448,0.033321760564094076,0.0,0.011930772638555517,0.2215634589394153,0.3581763003889027,0.0,0.0,0.0,0.0,0.0,0.0,0.0,0.0,0.0,0.0,0.0,0.0,0.0,0.0,0.0,0.0,0.19829907366378885,0.3468386145438808,0.08687541804002942,0.0,0.0,0.0
0.477180167299001,0.21894401883812167,0.06677916527618181,0.10368856542555359,0.3142057695975224,0.5524505057907279,0.5418875297663913,0.7348698816397344,1.0,0.7479066962936947,0.29989138907828855,0.21395766308355324,0.3124181513968197,0.5431541418376848,0.07144486712738062,0.0,0.0,0.0,0.0,0.0,0.0,0.0,0.1035087602223244,0.0,0.0,0.0,0.0,0.0,0.0,0.0,0.0,0.0,0.14189125305651243,0.4919243835167468,0.6858584814863941,0.3931486976521616,0.03656352816950039,0.0,0.0,0.0,0.0,0.0,0.0,0.16899956814879388,0.0,0.1080922393219794,0.0,0.0,0.0,0.0,0.0,0.0,0.0,0.0,0.09310701641200336,0.025266428673813485,0.0,0.0,0.22375609777855657,0.3582782865061801,0.29404602939405416,0.11651759457954249,0.10462073407511695,0.14073116731558388,0.2939945637872653,0.4058647212578708,0.0,0.0,0.0,0.0,0.07065385370450193,0.0,0.05412189403998424,0.0,0.18667963226151643,0.0,0.0,0.0,0.0,0.0,0.0,0.0,0.18136722574561365,0.3083955917926678,0.11630274887309577,0.0,0.0,0.0
0.5420700195033961,0.308047866145535,0.21789890798225003,0.30906866805352556,0.5428921828327233,0.7354878822164831,0.47020118788232823,0.548794384484179,0.7479066962936947,1.0,0.20246389555222247,0.05571752299886502,0.10310366886503523,0.31146237020013806,0.017388837040301672,0.0,0.0,0.0,0.0,0.0,0.0,0.0,0.13028500348029987,0.0,0.0,0.0,0.0,0.02075853753128555,0.0,0.0,0.031573147706863085,0.033120556000631934,0.39211671815806187,0.685946029126823,0.49261908353149914,0.1423698494451151,0.0,0.0,0.0,0.0,0.0,0.0,0.0,0.17544723979440172,0.0,0.1713121143363778,0.11525318783158026,0.0,0.0,0.0,0.0,0.0,0.0,0.0,0.004589781575904024,0.0,0.0,0.0,0.14657190872583936,0.22174139185236247,0.0991075649587569,0.0,0.09089120326130296,0.15299493748512766,0.26707408508615454,0.2940880779026878,0.0,0.0,0.0,0.0,0.25008770421752574,0.0,0.27315519682469397,0.0,0.23130971763612132,0.0,0.0,0.0,0.0,0.0,0.0,0.0,0.0,0.15833751177888666,0.11540894804620068,0.0,0.0,0.0
0.5221660132493728,0.43173975203502507,0.17506810462988115,0.019932610394429194,0.066920406787494,0.28587819497847455,0.7308325355187072,0.5434005677217455,0.29989138907828855,0.20246389555222247,1.0,0.7354322212260838,0.5421439002129506,0.47465260019126126,0.7308359432510053,0.5433970760396934,0.4746502046445556,0.5421427268766817,0.5221791061347745,0.2858874968652337,0.20246630530430543,0.2998884616237753,0.4317681583913397,0.17509698559036752,0.019955378030134332,0.06693532249832605,0.012195879436482926,0.01223170941919803,0.0,0.0,0.37539507369988423,0.0,0.0,0.0,0.03132222407082408,0.16110117889509168,0.24914291496054936,0.2491448281409172,0.1610977190350709,0.031314705149617275,0.0,0.0,0.0,0.375435113080609,0.0,0.0,0.0,0.0,0.0,0.0,0.0,0.0,0.0,0.0,0.0,0.0,0.0,0.0,0.0,0.0,0.0,0.0,0.0,0.0,0.004395169393849071,0.09298976587304016,0.0,0.0,0.0,0.0,0.0,0.0,0.0,0.0,0.0,0.0,0.0,0.0,0.0,0.0,0.0,0.0,0.0,0.14095097782247099,0.0,0.0,0.0,0.0
0.29884844383183157,0.193560564060166,0.0,0.0,0.0,0.08633964479297675,0.5451763689763339,0.47900028457485727,0.21395766308355324,0.05571752299886502,0.7354322212260838,1.0,0.7361611851510114,0.5512976290341708,0.545182360639614,0.4790001105796385,0.551295818905078,0.7361602038812552,0.2988634897388182,0.08635166887887014,0.055722940358121184,0.21395654260312877,0.19358469052587227,0.0,0.0,0.0,0.0,0.0,0.0,0.0,0.15086570753274123,0.0,0.0,0.0,0.0,0.2546603259996885,0.48622239143984136,0.4862239034301022,0.25465793289632727,0.0,0.0,0.0,0.0,0.1508962829641751,0.0,0.0,0.0,0.0,0.0,0.0,0.0,0.0,0.0,0.0,0.0,0.0,0.0,0.0,0.0,0.0,0.0,0.0,0.0,0.0,0.0,0.025097157400224474,0.0,0.0,0.0,0.0,0.0,0.0,0.0,0.0,0.0,0.0,0.0,0.0,0.0,0.0,0.0,0.0,0.0,0.09433839086455223,0.0,0.0,0.0,0.0
0.21486572441648166,0.05028581661222191,0.0,0.0,0.0,0.0605805070860327,0.47641619319744943,0.5523353639799434,0.3124181513968197,0.10310366886503523,0.5421439002129506,0.7361611851510114,1.0,0.7473485395222305,0.304807272550509,0.2159687158780855,0.31196182284398133,0.5435025739559507,0.08381669936589532,0.0,0.0,0.0,0.03280681984439841,0.0,0.0,0.0,0.0,0.0,0.0,0.0,0.0,0.0,0.0,0.0,0.14252115702597326,0.49137956514396786,0.6858845297316761,0.39334586126783894,0.035349931015299166,0.0,0.0,0.0,0.0,0.037538188938900166,0.0,0.0,0.0,0.0,0.0,0.0,0.0,0.0,0.0,0.0,0.0,0.0,0.0,0.0,0.0,0.03320305643613519,0.1225713357124841,0.0,0.0,0.0,0.0,0.11631356765484657,0.0,0.0,0.0,0.0,0.0,0.0,0.0,0.0,0.0,0.0,0.0,0.0,0.0,0.0,0.0,0.0,0.17188140956335893,0.17479059029920174,0.0,0.0,0.0,0.0
0.3048906615452775,0.08938105748107798,0.0,0.0,0.0,0.21506003879080834,0.5430541402670793,0.7361435581353423,0.5431541418376848,0.31146237020013806,0.47465260019126126,0.5512976290341708,0.7473485395222305,1.0,0.21184371272570993,0.0593743745250338,0.10276635055633439,0.3119622237724749,0.038309475200325994,0.0,0.0,0.0,0.051063880817381085,0.0,0.0,0.0,0.0,0.0,0.0,0.0,0.0,0.0,0.0,0.03563765222786888,0.3941975486368998,0.6859149247949566,0.49147182763007297,0.1415392314356744,0.0,0.0,0.0,0.0,0.0,0.09345959865718902,0.0,0.0,0.0,0.0,0.0,0.0,0.0,0.0,0.0,0.0,0.0,0.0,0.0,0.0,0.01138471596976829,0.2386698280962268,0.30980543530720156,0.12262051487660261,0.0,0.0,0.0988811682851753,0.29385960486154267,0.0,0.0,0.0,0.0,0.0,0.0,0.0,0.0,0.0,0.0,0.0,0.0,0.0,0.0,0.0,0.0,0.3220974858710087,0.31719546585845176,0.0,0.0,0.0,0.0
0.40781636930205667,0.42070312309217095,0.18611010843381204,0.0,0.0,0.15353110922939334,0.5198739556092254,0.2935364889665755,0.07144486712738062,0.017388837040301672,0.7308359432510053,0.545182360639614,0.304807272550509,0.21184371272570993,1.0,0.7368519126823905,0.5430560438591672,0.47642010092760956,0.729825869171129,0.5375731764363141,0.47020266092419477,0.5418872784333756,0.5328119126968195,0.2971046874152101,0.20230901184262912,0.29731905526213215,0.08013092980478032,0.08085956070314107,0.0,0.0,0.42461811734491217,0.0,0.0,0.0,0.0,0.0,0.035393079038143045,0.1628535152050095,0.24982269290182071,0.2499205111834799,0.15643198126819946,0.02548358128434244,0.0,0.3759371033832233,0.0,0.0,0.0,0.0,0.0,0.0,0.0,0.0,0.0,0.0,0.0,0.0,0.0,0.0,0.0,0.0,0.0,0.0,0.0,0.0,0.0,0.0,0.0,0.0,0.0,0.0,0.0,0.0,0.0,0.0,0.0,0.0,0.0,0.0,0.0,0.0,0.0,0.0,0.0,0.0,0.0,0.0,0.0,0.0
0.17141028571460826,0.22139420360554313,0.00012437685239343577,0.0,0.0,0.0,0.2935208259695466,0.08718540482234757,0.0,0.0,0.5433970760396934,0.4790001105796385,0.2159687158780855,0.0593743745250338,0.7368519126823905,1.0,0.7361445226085851,0.5523360384352478,0.5455489284929611,0.4766022781798898,0.5487946388959234,0.7348686296781575,0.3053625456342103,0.09639506806511755,0.057761080609362025,0.21494612421847414,0.0,0.0,0.0,0.0,0.270642368628067,0.0,0.0,0.0,0.0,0.0,0.0,0.2557679759280602,0.4857151595739195,0.4859512331083763,0.2524134573758043,0.0,0.0,0.12429723968937283,0.0,0.0,0.0,0.0,0.0,0.0,0.0,0.0,0.0,0.0,0.0,0.0,0.0,0.0,0.0,0.0,0.0,0.0,0.0,0.0,0.0,0.0,0.0,0.0,0.0,0.0,0.0,0.0,0.0,0.0,0.0,0.0,0.0,0.0,0.0,0.0,0.0,0.0,0.0,0.0,0.0,0.0,0.0,0.0
0.038266141164551785,0.05098678493630289,0.0,0.0,0.0,0.0,0.21182650587982318,0.059367569424078136,0.0,0.0,0.4746502046445556,0.551295818905078,0.31196182284398133,0.10276635055633439,0.5430560438591672,0.7361445226085851,1.0,0.7473476072573078,0.3048936197760921,0.2150602552944487,0.31146147380062855,0.5431499209088724,0.08938088845951712,0.0,0.0,0.0,0.0,0.0,0.0,0.0,0.09336041959790871,0.0,0.0,0.0,0.0,0.0,0.1415399953371623,0.49147432409248926,0.685914436469489,0.394190177700292,0.035638042694798124,0.0,0.0,0.0,0.0,0.0,0.0,0.0,0.0,0.0,0.0,0.0,0.0,0.0,0.0,0.0,0.0,0.0,0.0,0.0,0.0,0.0,0.0,0.0,0.0,0.0,0.0,0.0,0.0,0.0,0.0,0.0,0.0,0.0,0.0,0.0,0.0,0.0,0.0,0.0,0.0,0.0,0.0,0.0,0.0,0.0,0.0,0.0
0.08378724372782033,0.03275934272455974,0.0,0.0,0.0,0.0,0.3047950351222259,0.21596415441938124,0.0,0.0,0.5421427268766817,0.7361602038812552,0.5435025739559507,0.3119622237724749,0.47642010092760956,0.5523360384352478,0.7473476072573078,1.0,0.2148742003899371,0.06058635641613693,0.1031060178979162,0.31241552396634464,0.050295030751499326,0.0,0.0,0.0,0.0,0.0,0.0,0.0,0.03747997614941621,0.0,0.0,0.0,0.0,0.03535166051045136,0.393346618891595,0.6858881847204713,0.4913787700474435,0.14251400622327795,0.0,0.0,0.0,0.0,0.0,0.0,0.0,0.0,0.0,0.0,0.0,0.0,0.0,0.0,0.0,0.0,0.0,0.0,0.0,0.0,0.0,0.0,0.0,0.0,0.0,0.0,0.0,0.0,0.0,0.0,0.0,0.0,0.0,0.0,0.0,0.0,0.0,0.0,0.0,0.0,0.0,0.0,0.0,0.0,0.0,0.0,0.0,0.0
0.38394001111832315,0.4315289331627297,0.24909756694332183,0.06574136037259479,0.032068083483617706,0.16171837867798747,0.4078421268753014,0.1714575854101682,0.0,0.0,0.5221791061347745,0.2988634897388182,0.08381669936589532,0.038309475200325994,0.729825869171129,0.5455489284929611,0.3048936197760921,0.2148742003899371,1.0,0.7350238268269825,0.5420708025360028,0.47718128226074547,0.7383141197965785,0.5469810942768965,0.4724003466217766,0.5435460011264132,0.1577357330661181,0.30561684281863494,0.006735272821542083,0.07162157550646008,0.39812542675014717,0.0,0.0,0.0,0.0,0.0,0.0,0.0,0.03456104391247747,0.1632421425062022,0.24827101185140857,0.25014685927041724,0.15870846367189068,0.48600817836363813,0.0,0.0,0.0,0.0,0.0,0.0,0.0,0.0,0.0,0.0,0.0,0.0,0.0,0.0,0.0,0.0,0.0,0.0,0.0,0.0,0.0,0.0,0.0,0.0,0.0,0.0,0.0,0.0,0.0,0.0,0.0,0.0,0.0,0.0,0.0,0.0,0.0,0.0,0.0,0.0,0.0,0.0,0.0,0.0
0.1616994199016416,0.2745445183170973,0.14580353881065394,0.0,0.0,0.0,0.15354562259949708,0.0,0.0,0.0,0.2858874968652337,0.08635166887887014,0.0,0.0,0.5375731764363141,0.4766022781798898,0.2150602552944487,0.06058635641613693,0.7350238268269825,1.0,0.735486487056654,0.5524507499847673,0.5500700665792537,0.48131466582218446,0.5489920203298709,0.7375465027899127,0.13223211992299042,0.21596702267273243,0.03594324193555242,0.0,0.27208674534268174,0.0,0.0,0.0,0.0,0.0,0.0,0.0,0.0,0.2559109975145499,0.48483063933020054,0.4874629153191698,0.25294572410621974,0.2543327718242794,0.0,0.0,0.0,0.0,0.0,0.0,0.0,0.0,0.0,0.0,0.0,0.0,0.0,0.0,0.0,0.0,0.0,0.0,0.0,0.0,0.0,0.0,0.0,0.0,0.0,0.0,0.0,0.0,0.0,0.0,0.0,0.0,0.0,0.0,0.0,0.0,0.0,0.0,0.0,0.0,0.0,0.0,0.0,0.0
0.0,0.13014723942281775,0.0,0.0,0.0,0.0,0.017383534376211297,0.0,0.0,0.0,0.20246630530430543,0.055722940358121184,0.0,0.0,0.47020266092419477,0.5487946388959234,0.31146147380062855,0.1031060178979162,0.5420708025360028,0.735486487056654,1.0,0.747908904356154,0.30804334181661275,0.21789268180002197,0.30906392467350086,0.5428890478971508,0.020512516914696743,0.0,0.0,0.0,0.17524241824455047,0.0,0.0,0.0,0.0,0.0,0.0,0.0,0.1423656557958823,0.49262035156992523,0.6859469177965014,0.3921103374505076,0.033116021383805865,0.03156587713537731,0.0,0.0,0.0,0.0,0.0,0.0,0.0,0.0,0.0,0.0,0.0,0.0,0.0,0.0,0.0,0.0,0.0,0.0,0.0,0.0,0.0,0.0,0.0,0.0,0.0,0.0,0.0,0.0,0.0,0.0,0.0,0.0,0.0,0.0,0.0,0.0,0.0,0.0,0.0,0.0,0.0,0.0,0.0,0.0
0.0,0.10338092231546489,0.0,0.0,0.0,0.0,0.07142873803674452,0.0,0.0,0.0,0.2998884616237753,0.21395654260312877,0.0,0.0,0.5418872784333756,0.7348686296781575,0.5431499209088724,0.31241552396634464,0.47718128226074547,0.5524507499847673,0.747908904356154,1.0,0.21893980975899133,0.0667743134049062,0.10368594991911845,0.3142049231713848,0.0,0.0,0.0,0.0,0.1688168000272384,0.0,0.0,0.0,0.0,0.0,0.0,0.03656482283373974,0.3931419721661955,0.6858570808831167,0.49192885648779283,0.14188680386498415,0.0,0.0,0.0,0.0,0.0,0.0,0.0,0.0,0.0,0.0,0.0,0.0,0.0,0.0,0.0,0.0,0.0,0.0,0.0,0.0,0.0,0.0,0.0,0.0,0.0,0.0,0.0,0.0,0.0,0.0,0.0,0.0,0.0,0.0,0.0,0.0,0.0,0.0,0.0,0.0,0.0,0.0,0.0,0.0,0.0,0.0
0.4316168555887773,0.4127368193089196,0.26246064335007946,0.14587960164684283,0.15253233456534146,0.27466315225065996,0.42078270999271683,0.22149546072658793,0.1035087602223244,0.13028500348029987,0.4317681583913397,0.19358469052587227,0.03280681984439841,0.051063880817381085,0.5328119126968195,0.3053625456342103,0.08938088845951712,0.050295030751499326,0.7383141197965785,0.5500700665792537,0.30804334181661275,0.21893980975899133,1.0,0.7425832265249143,0.5485827216375256,0.4834445428121502,0.12099702845763054,0.5479757281252602,0.0,0.32375958795032767,0.2900943577585285,0.0,0.0,0.0,0.0,0.0,0.0,0.0,0.0,0.0,0.03585354897355247,0.16941122983924997,0.25472512389950613,0.6868640100487787,0.0,0.0,0.0,0.0,0.0,0.0,0.0,0.0,0.0,0.0,0.0,0.0,0.0,0.0,0.0,0.0,0.0,0.0,0.0,0.0,0.17132441097980758,0.10820593750286511,0.0,0.0,0.0,0.0,0.0,0.0,0.0,0.0,0.0,0.0,0.0,0.0,0.0,0.0,0.0,0.0,0.0,0.08701212777119656,0.22248074657812364,0.0,0.0,0.0
0.2491913895498418,0.2624623161472024,0.18645675245814192,0.10365533119028345,0.08584267079000354,0.14594520132107347,0.1861904919467707,0.00023587535821861997,0.0,0.0,0.17509698559036752,0.0,0.0,0.0,0.2971046874152101,0.09639506806511755,0.0,0.0,0.5469810942768965,0.48131466582218446,0.21789268180002197,0.0667743134049062,0.7425832265249143,1.0,0.7375057226617646,0.5545983378564237,0.0770708425258674,0.7344844426694859,0.0,0.4912109923839561,0.11968425777168382,0.0,0.0,0.0,0.0,0.0,0.0,0.0,0.0,0.0,0.0,0.25810817863106705,0.4850354523352132,0.4926869844199818,0.0,0.0,0.0,0.0,0.0,0.0,0.0,0.0,0.0,0.0,0.0,0.0,0.0,0.0,0.0,0.0,0.0,0.0,0.0,0.0,0.11538438185859208,0.0,0.0,0.0,0.0,0.0,0.0,0.0,0.0,0.0,0.0,0.0,0.0,0.0,0.0,0.0,0.0,0.0,0.0,0.0,0.19194013349606834,0.0,0.0,0.0
0.06578892890187217,0.1458279294849245,0.10358465674846377,0.0,0.0,0.0,0.0,0.0,0.0,0.0,0.019955378030134332,0.0,0.0,0.0,0.20230901184262912,0.057761080609362025,0.0,0.0,0.4724003466217766,0.5489920203298709,0.30906392467350086,0.10368594991911845,0.5485827216375256,0.7375057226617646,1.0,0.7454798153049247,0.06827563293530929,0.5430347577542164,0.0,0.3198781826703762,0.04266049057047095,0.0,0.0,0.0,0.0,0.0,0.0,0.0,0.0,0.0,0.13648278217907509,0.4914702488140781,0.6862586358284598,0.25614399420799355,0.0,0.0,0.0,0.0,0.0,0.0,0.0,0.0,0.0,0.0,0.0,0.0,0.0,0.0,0.0,0.0,0.0,0.0,0.0,0.0,0.0,0.0,0.0,0.0,0.0,0.0,0.0,0.0,0.0,0.0,0.0,0.0,0.0,0.0,0.0,0.0,0.0,0.0,0.0,0.0,0.0,0.0,0.0,0.0
0.03207183754990056,0.1524319821788549,0.08571143209602744,0.0,0.0,0.0,0.0,0.0,0.0,0.0,0.06693532249832605,0.0,0.0,0.0,0.29731905526213215,0.21494612421847414,0.0,0.0,0.5435460011264132,0.7375465027899127,0.5428890478971508,0.3142049231713848,0.4834445428121502,0.5545983378564237,0.7454798153049247,1.0,0.09432756563846682,0.312064438103207,0.01740504663092123,0.07805061604872056,0.10798717692923554,0.0,0.0,0.0,0.0,0.0,0.0,0.0,0.0,0.03785365556403355,0.3900459266498295,0.6859223181222762,0.48947031159180904,0.17053177478843481,0.0,0.0,0.0,0.0,0.0,0.0,0.0,0.0,0.0,0.0,0.0,0.0,0.0,0.0,0.0,0.0,0.0,0.0,0.0,0.0,0.0,0.0,0.0,0.0,0.0,0.0,0.0,0.0,0.0,0.0,0.0,0.0,0.0,0.0,0.0,0.0,0.0,0.0,0.0,0.0,0.0,0.0,0.0,0.0
0.3056137682332334,0.5479722080025762,0.7344828325332209,0.5430352023584603,0.3120667113142718,0.2159689442343017,0.08085060023775296,0.0,0.0,0.0,0.012195879436482926,0.0,0.0,0.0,0.08013092980478032,0.0,0.0,0.0,0.1577357330661181,0.13223211992299042,0.020512516914696743,0.0,0.12099702845763054,0.0770708425258674,0.06827563293530929,0.09432756563846682,1.0,0.0,0.7567229374475983,0.0,0.3997447003043081,0.38932638948828124,0.03550795702826673,0.0,0.0,0.0,0.0,0.0,0.0,0.0,0.0,0.0,0.0,0.0,0.0,0.0,0.0,0.0,0.0,0.0,0.0,0.0,0.0,0.0,0.0,0.0,0.0,0.0,0.0,0.0,0.0,0.0,0.0,0.0,0.0,0.0,0.0,0.0,0.0,0.0,0.0,0.0,0.0,0.0,0.0,0.0,0.0,0.0,0.0,0.0,0.0,0.0,0.0,0.0,0.0,0.0,0.0,0.0
0.15787881676986393,0.12105551939286505,0.07714533664782816,0.06843734402348776,0.09455651566309506,0.13245169002830792,0.08023650714806282,0.0,0.0,0.02075853753128555,0.01223170941919803,0.0,0.0,0.0,0.08085956070314107,0.0,0.0,0.0,0.30561684281863494,0.21596702267273243,0.0,0.0,0.5479757281252602,0.7344844426694859,0.5430347577542164,0.312064438103207,0.0,1.0,0.0,0.7567249491907869,0.0,0.0,0.0,0.0,0.0,0.0,0.0,0.0,0.0,0.0,0.0,0.03550260156900499,0.38932580991000204,0.39974492568597136,0.0,0.0,0.0,0.0,0.0,0.0,0.0,0.0,0.0,0.0,0.0,0.0,0.0,0.0,0.0,0.0,0.0,0.0,0.0,0.1244712338725043,0.25029809635426353,0.07092245697144374,0.0,0.0,0.0,0.17913937263310076,0.0,0.0,0.0,0.0,0.0,0.0,0.0,0.0,0.0,0.0,0.0,0.0,0.0,0.0,0.32679163971832315,0.23707339098024494,0.0,0.0
0.07161387103757696,0.3237504688852769,0.4912073874848219,0.31988070003105323,0.07805408892037105,0.0,0.0,0.0,0.0,0.0,0.0,0.0,0.0,0.0,0.0,0.0,0.0,0.0,0.006735272821542083,0.03594324193555242,0.0,0.0,0.0,0.0,0.0,0.01740504663092123,0.7567229374475983,0.0,1.0,0.0,0.23310516771897802,0.22327235263064873,0.0,0.0,0.0,0.0,0.0,0.0,0.0,0.0,0.0,0.0,0.0,0.0,0.0,0.0,0.0,0.0,0.0,0.0,0.0,0.0,0.0,0.0,0.0,0.0,0.0,0.0,0.0,0.0,0.0,0.0,0.0,0.0,0.0,0.0,0.0,0.0,0.0,0.0,0.0,0.0,0.0,0.0,0.0,0.0,0.0,0.0,0.0,0.0,0.0,0.0,0.0,0.0,0.0,0.0,0.0,0.0
0.006914860454892774,0.0,0.0,0.0,0.017711843729918943,0.036221954975058195,0.0,0.0,0.0,0.0,0.0,0.0,0.0,0.0,0.0,0.0,0.0,0.0,0.07162157550646008,0.0,0.0,0.0,0.32375958795032767,0.4912109923839561,0.3198781826703762,0.07805061604872056,0.0,0.7567249491907869,0.0,1.0,0.0,0.0,0.0,0.0,0.0,0.0,0.0,0.0,0.0,0.0,0.0,0.0,0.2232658020103803,0.233115450210718,0.0,0.0,0.0,0.0,0.0,0.0,0.0,0.0,0.0,0.0,0.0,0.0,0.0,0.0,0.0,0.0,0.0,0.0,0.0,0.22294469573569078,0.2895224889739405,0.057641669381251086,0.0,0.0,0.1296227232853949,0.3355382996376761,0.0,0.0,0.0,0.0,0.0,0.0,0.0,0.0,0.0,0.0,0.0,0.0,0.0,0.0,0.34820833326402656,0.41078298310613104,0.0,0.0
0.48601108843231017,0.6868679062533671,0.492689881084806,0.25614701072049073,0.17053668084382476,0.25433862300204535,0.3759308620732858,0.12430110044706942,0.0,0.031573147706863085,0.37539507369988423,0.15086570753274123,0.0,0.0,0.42461811734491217,0.270642368628067,0.09336041959790871,0.03747997614941621,0.39812542675014717,0.27208674534268174,0.17524241824455047,0.1688168000272384,0.2900943577585285,0.11968425777168382,0.04266049057047095,0.10798717692923554,0.3997447003043081,0.0,0.23310516771897802,0.0,1.0,0.0,0.0,0.0,0.0,0.0,0.0,0.0,0.0,0.0,0.0,0.0,0.0,0.16681454369661713,0.0,0.0,0.0,0.0,0.0,0.0,0.0,0.0,0.0,0.0,0.0,0.0,0.0,0.0,0.0,0.0,0.0,0.0,0.0,0.0,0.0,0.0,0.0,0.0,0.0,0.0,0.0,0.0,0.0,0.0,0.0,0.0,0.0,0.0,0.0,0.0,0.0,0.0,0.0,0.0,0.0,0.0,0.0,0.0
0.1587041458620951,0.25472207900203886,0.4850345943230944,0.6862578574275879,0.48947110724783915,0.25294576773391286,0.0,0.0,0.0,0.033120556000631934,0.0,0.0,0.0,0.0,0.0,0.0,0.0,0.0,0.0,0.0,0.0,0.0,0.0,0.0,0.0,0.0,0.38932638948828124,0.0,0.22327235263064873,0.0,0.0,1.0,0.4067017841468645,0.0,0.0,0.0,0.0,0.0,0.0,0.0,0.0,0.0,0.0,0.0,0.0,0.0,0.0,0.0,0.0,0.0,0.0,0.0,0.0,0.0,0.0,0.0,0.0,0.0,0.0,0.0,0.0,0.0,0.0,0.0,0.0,0.0,0.0,0.0,0.0,0.0,0.0,0.0,0.0,0.0,0.0,0.0,0.0,0.0,0.0,0.0,0.0,0.0,0.0,0.0,0.0,0.0,0.0,0.0
0.25014792079670517,0.1694155831577184,0.25811406669438636,0.49147441654275364,0.6859260987529732,0.4874661887176858,0.025483906226325556,0.0,0.14189125305651243,0.39211671815806187,0.0,0.0,0.0,0.0,0.0,0.0,0.0,0.0,0.0,0.0,0.0,0.0,0.0,0.0,0.0,0.0,0.03550795702826673,0.0,0.0,0.0,0.0,0.4067017841468645,1.0,0.4191408026157245,0.0,0.0,0.0,0.0,0.0,0.0,0.0,0.0,0.0,0.0,0.0,0.0,0.0,0.0,0.0,0.0,0.0,0.0,0.0,0.0,0.0,0.0,0.0,0.0,0.0,0.0,0.0,0.0,0.0,0.0,0.0,0.0,0.0,0.0,0.0,0.0,0.3063284027411268,0.0,0.5011805036413726,0.0,0.0,0.0,0.0,0.0,0.0,0.0,0.0,0.0,0.0,0.0,0.0,0.0,0.0,0.0
0.24827041319120452,0.03585940614265117,0.0,0.13649191663766,0.39005295985836524,0.48483279251204053,0.15642964260127168,0.25241138098870125,0.4919243835167468,0.685946029126823,0.0,0.0,0.0,0.03563765222786888,0.0,0.0,0.0,0.0,0.0,0.0,0.0,0.0,0.0,0.0,0.0,0.0,0.0,0.0,0.0,0.0,0.0,0.0,0.4191408026157245,1.0,0.40867421361811646,0.0,0.0,0.0,0.0,0.0,0.0,0.0,0.0,0.0,0.0,0.287493460261955,0.2478421637649117,0.0,0.0,0.0,0.0,0.0,0.0,0.0,0.0,0.0,0.0,0.0,0.09752937756663849,0.11253077006297205,0.0,0.0,0.04873484416928672,0.08397052010263018,0.1491839159217333,0.15043870834843,0.0,0.0,0.0,0.0,0.4219314949189215,0.0,0.4245054980077068,0.0,0.3349396712468292,0.0,0.0,0.0,0.0,0.0,0.0,0.0,0.0,0.0,0.0,0.0,0.0,0.0
0.163242347324143,0.0,0.0,0.0,0.03785603378424049,0.2559119114116622,0.24992274598751607,0.48595345484604907,0.6858584814863941,0.49261908353149914,0.03132222407082408,0.0,0.14252115702597326,0.3941975486368998,0.0,0.0,0.0,0.0,0.0,0.0,0.0,0.0,0.0,0.0,0.0,0.0,0.0,0.0,0.0,0.0,0.0,0.0,0.0,0.40867421361811646,1.0,0.4256165185114907,0.0,0.0,0.0,0.0,0.0,0.0,0.0,0.0,0.0,0.11221042326868469,0.0,0.0,0.0,0.0,0.0,0.0,0.0,0.0,0.18224042063838472,0.12211114652284907,0.0,0.0,0.2946857190532379,0.44820509627233435,0.4100462243932419,0.22610578814951032,0.07905438915007447,0.04942749913339865,0.20444269447870295,0.3984017701557467,0.0,0.0,0.0,0.0,0.0,0.0,0.0,0.0,0.20756795689125307,0.0,0.0,0.0,0.0,0.0,0.0,0.0,0.22216549420105125,0.23274117169914132,0.0,0.0,0.0,0.0
0.034560661326957495,0.0,0.0,0.0,0.0,0.0,0.24982218076019927,0.4857148887906694,0.3931486976521616,0.1423698494451151,0.16110117889509168,0.2546603259996885,0.49137956514396786,0.6859149247949566,0.0,0.0,0.0,0.03535166051045136,0.0,0.0,0.0,0.0,0.0,0.0,0.0,0.0,0.0,0.0,0.0,0.0,0.0,0.0,0.0,0.0,0.4256165185114907,1.0,0.40652805908188333,0.0,0.0,0.0,0.0,0.0,0.0,0.0,0.0,0.0,0.0,0.0,0.0,0.0,0.0,0.0,0.0,0.0,0.0,0.0,0.0,0.0,0.0,0.25603643786817903,0.4160863382866055,0.22210715987013888,0.0,0.0,0.0,0.23405870015673214,0.0,0.0,0.0,0.0,0.0,0.0,0.0,0.0,0.0,0.0,0.0,0.0,0.0,0.0,0.0,0.03433266429447363,0.4170901634392877,0.2218993942610111,0.0,0.0,0.0,0.0
0.0,0.0,0.0,0.0,0.0,0.0,0.1628453240103009,0.2557628420368661,0.03656352816950039,0.0,0.24914291496054936,0.48622239143984136,0.6858845297316761,0.49147182763007297,0.035393079038143045,0.0,0.1415399953371623,0.393346618891595,0.0,0.0,0.0,0.0,0.0,0.0,0.0,0.0,0.0,0.0,0.0,0.0,0.0,0.0,0.0,0.0,0.0,0.40652805908188333,1.0,0.4240526837949842,0.0,0.0,0.0,0.0,0.0,0.0,0.0,0.0,0.0,0.0,0.0,0.0,0.0,0.0,0.0,0.0,0.0,0.0,0.0,0.0,0.0,0.0,0.0,0.0,0.0,0.0,0.0,0.0,0.0,0.0,0.0,0.0,0.0,0.0,0.0,0.0,0.0,0.0,0.0,0.0,0.0,0.0,0.0,0.0,0.034200727274408024,0.0,0.0,0.0,0.0,0.0
0.0,0.0,0.0,0.0,0.0,0.0,0.035382867938308894,0.0,0.0,0.0,0.2491448281409172,0.4862239034301022,0.39334586126783894,0.1415392314356744,0.1628535152050095,0.2557679759280602,0.49147432409248926,0.6858881847204713,0.0,0.0,0.0,0.03656482283373974,0.0,0.0,0.0,0.0,0.0,0.0,0.0,0.0,0.0,0.0,0.0,0.0,0.0,0.0,0.4240526837949842,1.0,0.40653038923435525,0.0,0.0,0.0,0.0,0.0,0.0,0.0,0.0,0.0,0.0,0.0,0.0,0.0,0.0,0.0,0.0,0.0,0.0,0.0,0.0,0.0,0.0,0.0,0.0,0.0,0.0,0.0,0.0,0.0,0.0,0.0,0.0,0.0,0.0,0.0,0.0,0.0,0.0,0.0,0.0,0.0,0.0,0.0,0.0,0.0,0.0,0.0,0.0,0.0
0.0,0.0,0.0,0.0,0.0,0.0,0.0,0.0,0.0,0.0,0.1610977190350709,0.25465793289632727,0.035349931015299166,0.0,0.24982269290182071,0.4857151595739195,0.685914436469489,0.4913787700474435,0.03456104391247747,0.0,0.1423656557958823,0.3931419721661955,0.0,0.0,0.0,0.0,0.0,0.0,0.0,0.0,0.0,0.0,0.0,0.0,0.0,0.0,0.0,0.40653038923435525,1.0,0.4256035534646786,0.0,0.0,0.0,0.0,0.0,0.0,0.0,0.0,0.0,0.0,0.0,0.0,0.0,0.0,0.0,0.0,0.0,0.0,0.0,0.0,0.0,0.0,0.0,0.0,0.0,0.0,0.0,0.0,0.0,0.0,0.0,0.0,0.0,0.0,0.0,0.0,0.0,0.0,0.0,0.0,0.0,0.0,0.0,0.0,0.0,0.0,0.0,0.0
0.0,0.0,0.0,0.0,0.0,0.0,0.0,0.0,0.0,0.0,0.031314705149617275,0.0,0.0,0.0,0.2499205111834799,0.4859512331083763,0.394190177700292,0.14251400622327795,0.1632421425062022,0.2559109975145499,0.49262035156992523,0.6858570808831167,0.0,0.0,0.0,0.03785365556403355,0.0,0.0,0.0,0.0,0.0,0.0,0.0,0.0,0.0,0.0,0.0,0.0,0.4256035534646786,1.0,0.40868111120848943,0.0,0.0,0.0,0.0,0.0,0.0,0.0,0.0,0.0,0.0,0.0,0.0,0.0,0.0,0.0,0.0,0.0,0.0,0.0,0.0,0.0,0.0,0.0,0.0,0.0,0.0,0.0,0.0,0.0,0.0,0.0,0.0,0.0,0.0,0.0,0.0,0.0,0.0,0.0,0.0,0.0,0.0,0.0,0.0,0.0,0.0,0.0
0.0,0.0,0.0,0.0,0.0,0.0,0.0,0.0,0.0,0.0,0.0,0.0,0.0,0.0,0.15643198126819946,0.2524134573758043,0.035638042694798124,0.0,0.24827101185140857,0.48483063933020054,0.6859469177965014,0.49192885648779283,0.03585354897355247,0.0,0.13648278217907509,0.3900459266498295,0.0,0.0,0.0,0.0,0.0,0.0,0.0,0.0,0.0,0.0,0.0,0.0,0.0,0.40868111120848943,1.0,0.41912763617659726,0.0,0.0,0.0,0.0,0.0,0.0,0.0,0.0,0.0,0.0,0.0,0.0,0.0,0.0,0.0,0.0,0.0,0.0,0.0,0.0,0.0,0.0,0.0,0.0,0.0,0.0,0.0,0.0,0.0,0.0,0.0,0.0,0.0,0.0,0.0,0.0,0.0,0.0,0.0,0.0,0.0,0.0,0.0,0.0,0.0,0.0
0.0,0.0,0.0,0.0,0.0,0.0,0.0,0.0,0.0,0.0,0.0,0.0,0.0,0.0,0.02548358128434244,0.0,0.0,0.0,0.25014685927041724,0.4874629153191698,0.3921103374505076,0.14188680386498415,0.16941122983924997,0.25810817863106705,0.4914702488140781,0.6859223181222762,0.0,0.03550260156900499,0.0,0.0,0.0,0.0,0.0,0.0,0.0,0.0,0.0,0.0,0.0,0.0,0.41912763617659726,1.0,0.4066988377351494,0.0,0.0,0.0,0.0,0.0,0.0,0.0,0.0,0.0,0.0,0.0,0.0,0.0,0.0,0.0,0.0,0.0,0.0,0.0,0.0,0.0,0.0,0.0,0.0,0.0,0.0,0.0,0.0,0.0,0.0,0.0,0.0,0.0,0.0,0.0,0.0,0.0,0.0,0.0,0.0,0.0,0.0,0.0,0.0,0.0
0.0,0.0,0.0,0.0,0.0,0.0,0.0,0.0,0.0,0.0,0.0,0.0,0.0,0.0,0.0,0.0,0.0,0.0,0.15870846367189068,0.25294572410621974,0.033116021383805865,0.0,0.25472512389950613,0.4850354523352132,0.6862586358284598,0.48947031159180904,0.0,0.38932580991000204,0.0,0.2232658020103803,0.0,0.0,0.0,0.0,0.0,0.0,0.0,0.0,0.0,0.0,0.0,0.4066988377351494,1.0,0.0,0.0,0.0,0.0,0.0,0.0,0.0,0.0,0.0,0.0,0.0,0.0,0.0,0.0,0.0,0.0,0.0,0.0,0.0,0.0,0.0,0.0,0.0,0.0,0.0,0.0,0.0,0.0,0.0,0.0,0.0,0.0,0.0,0.0,0.0,0.0,0.0,0.0,0.0,0.0,0.0,0.0,0.0,0.0,0.0
0.39828411073192443,0.2901644499927113,0.1197573745308933,0.04278345583489968,0.10815839108241296,0.27228108354083924,0.4247461644307724,0.27078798724447695,0.16899956814879388,0.17544723979440172,0.375435113080609,0.1508962829641751,0.037538188938900166,0.09345959865718902,0.3759371033832233,0.12429723968937283,0.0,0.0,0.48600817836363813,0.2543327718242794,0.03156587713537731,0.0,0.6868640100487787,0.4926869844199818,0.25614399420799355,0.17053177478843481,0.0,0.39974492568597136,0.0,0.233115450210718,0.16681454369661713,0.0,0.0,0.0,0.0,0.0,0.0,0.0,0.0,0.0,0.0,0.0,0.0,1.0,0.0,0.0,0.0,0.0,0.0,0.0,0.0,0.0,0.0,0.0,0.0,0.0,0.0,0.0,0.0,0.0,0.0,0.0,0.0,0.0017210846803419877,0.2987471195714877,0.24126439035595343,0.0,0.0,0.0,0.0,0.0,0.0,0.0,0.0,0.0,0.0,0.0,0.0,0.0,0.0,0.0,0.0,0.0,0.20772310173394862,0.3347163535156402,0.0,0.0,0.0
0.0,0.0,0.0,0.0,0.0,0.0,0.0,0.0,0.0,0.0,0.0,0.0,0.0,0.0,0.0,0.0,0.0,0.0,0.0,0.0,0.0,0.0,0.0,0.0,0.0,0.0,0.0,0.0,0.0,0.0,0.0,0.0,0.0,0.0,0.0,0.0,0.0,0.0,0.0,0.0,0.0,0.0,0.0,0.0,1.0,0.7383146384209074,0.5469795489774769,0.47239680736627704,0.5435426711888486,0.7350223316565194,0.7298227342966305,0.5455487799772363,0.477180167299001,0.5420700195033961,0.522166013249373,0.29884844383183146,0.21486572441648166,0.30489066154527744,0.40781636930205667,0.17141028571460826,0.03826614116455195,0.08378724372782033,0.38394001111832343,0.16169941990164177,0.0,0.0,0.4316168555887773,0.2491913895498418,0.06578892890187217,0.03207183754990056,0.3056137682332334,0.1578788167698641,0.07161387103757696,0.006914860454892774,0.48601108843231017,0.1587041458620952,0.2501479207967051,0.24827041319120452,0.16324234732414292,0.034560661326957336,0.0,0.0,0.0,0.0,0.0,0.0,0.0,0.3982841107319246
0.0,0.0,0.0,0.0,0.0,0.0,0.0,0.0,0.1080922393219794,0.1713121143363778,0.0,0.0,0.0,0.0,0.0,0.0,0.0,0.0,0.0,0.0,0.0,0.0,0.0,0.0,0.0,0.0,0.0,0.0,0.0,0.0,0.0,0.0,0.0,0.287493460261955,0.11221042326868469,0.0,0.0,0.0,0.0,0.0,0.0,0.0,0.0,0.0,0.7383146384209074,1.0,0.7425814591543751,0.5485807328169054,0.4834449745678809,0.5500728139725906,0.5328065019051472,0.30536547276223763,0.21894401883812167,0.308047866145535,0.43173975203502507,0.193560564060166,0.05028581661222191,0.08938105748107782,0.42070312309217095,0.2213942036055433,0.05098678493630289,0.03275934272455991,0.43152893316272983,0.2745445183170975,0.13014723942281792,0.10338092231546489,0.4127368193089195,0.26246231614720233,0.1458279294849245,0.1524319821788549,0.5479722080025762,0.12105551939286505,0.3237504688852769,0.0,0.6868679062533671,0.25472207900203886,0.16941558315771824,0.03585940614265117,0.0,0.0,0.0,0.0,0.0,0.0,0.0,0.0,0.0,0.2901644499927113
0.0,0.0,0.0,0.0,0.0,0.0,0.0,0.0,0.0,0.11525318783158026,0.0,0.0,0.0,0.0,0.0,0.0,0.0,0.0,0.0,0.0,0.0,0.0,0.0,0.0,0.0,0.0,0.0,0.0,0.0,0.0,0.0,0.0,0.0,0.2478421637649117,0.0,0.0,0.0,0.0,0.0,0.0,0.0,0.0,0.0,0.0,0.5469795489774769,0.7425814591543751,1.0,0.7375061535777772,0.5546011911771012,0.48131795435978997,0.29709814911889376,0.09639767246537334,0.06677916527618181,0.21789890798225003,0.17506810462988115,0.0,0.0,0.0,0.18611010843381187,0.0001243768523932713,0.0,0.0,0.249097566943322,0.1458035388106541,0.0,0.0,0.26246064335007935,0.18645675245814175,0.10358465674846377,0.08571143209602744,0.7344828325332209,0.07714533664782831,0.4912073874848219,0.0,0.492689881084806,0.4850345943230944,0.25811406669438636,0.0,0.0,0.0,0.0,0.0,0.0,0.0,0.0,0.0,0.0,0.1197573745308933
0.0,0.0,0.0,0.0,0.0,0.0,0.0,0.0,0.0,0.0,0.0,0.0,0.0,0.0,0.0,0.0,0.0,0.0,0.0,0.0,0.0,0.0,0.0,0.0,0.0,0.0,0.0,0.0,0.0,0.0,0.0,0.0,0.0,0.0,0.0,0.0,0.0,0.0,0.0,0.0,0.0,0.0,0.0,0.0,0.47239680736627704,0.5485807328169054,0.7375061535777772,1.0,0.7454815230163097,0.5489930045143548,0.2023025031308446,0.057762103585088535,0.10368856542555359,0.30906866805352556,0.019932610394429194,0.0,0.0,0.0,0.0,0.0,0.0,0.0,0.06574136037259495,0.0,0.0,0.0,0.14587960164684283,0.10365533119028345,0.0,0.0,0.5430352023584603,0.06843734402348792,0.31988070003105323,0.0,0.25614701072049073,0.6862578574275879,0.4914744165427535,0.13649191663766,0.0,0.0,0.0,0.0,0.0,0.0,0.0,0.0,0.0,0.04278345583489985
0.0,0.0,0.0,0.0,0.0,0.0,0.0,0.0,0.0,0.0,0.0,0.0,0.0,0.0,0.0,0.0,0.0,0.0,0.0,0.0,0.0,0.0,0.0,0.0,0.0,0.0,0.0,0.0,0.0,0.0,0.0,0.0,0.0,0.0,0.0,0.0,0.0,0.0,0.0,0.0,0.0,0.0,0.0,0.0,0.5435426711888486,0.4834449745678809,0.5546011911771012,0.7454815230163097,1.0,0.7375459788856183,0.29731424479384094,0.21494667091451897,0.3142057695975225,0.5428921828327234,0.066920406787494,0.0,0.0,0.0,0.0,0.0,0.0,0.0,0.032068083483617706,0.0,0.0,0.0,0.15253233456534146,0.08584267079000354,0.0,0.0,0.3120667113142717,0.09455651566309523,0.07805408892037105,0.017711843729919106,0.17053668084382467,0.48947110724783904,0.6859260987529732,0.39005295985836536,0.03785603378424049,0.0,0.0,0.0,0.0,0.0,0.0,0.0,0.0,0.10815839108241312
0.0,0.0,0.0,0.0,0.0,0.0,0.0,0.0,0.0,0.0,0.0,0.0,0.0,0.0,0.0,0.0,0.0,0.0,0.0,0.0,0.0,0.0,0.0,0.0,0.0,0.0,0.0,0.0,0.0,0.0,0.0,0.0,0.0,0.0,0.0,0.0,0.0,0.0,0.0,0.0,0.0,0.0,0.0,0.0,0.7350223316565194,0.5500728139725906,0.48131795435978997,0.5489930045143548,0.7375459788856183,1.0,0.5375704098712474,0.4766029279230298,0.5524505057907279,0.7354878822164831,0.28587819497847455,0.0863396447929766,0.0605805070860327,0.21506003879080834,0.15353110922939334,0.0,0.0,0.0,0.16171837867798747,0.0,0.0,0.0,0.27466315225065996,0.1459452013210733,0.0,0.0,0.2159689442343017,0.13245169002830792,0.0,0.03622195497505803,0.25433862300204535,0.252945767733913,0.4874661887176858,0.48483279251204053,0.25591191141166203,0.0,0.0,0.0,0.0,0.0,0.0,0.0,0.0,0.2722810835408393
0.0,0.0,0.0,0.0,0.0,0.0,0.0,0.0,0.0,0.0,0.0,0.0,0.0,0.0,0.0,0.0,0.0,0.0,0.0,0.0,0.0,0.0,0.0,0.0,0.0,0.0,0.0,0.0,0.0,0.0,0.0,0.0,0.0,0.0,0.0,0.0,0.0,0.0,0.0,0.0,0.0,0.0,0.0,0.0,0.7298227342966305,0.5328065019051472,0.29709814911889376,0.2023025031308446,0.29731424479384094,0.5375704098712474,1.0,0.7368531204987965,0.5418875297663913,0.47020118788232823,0.7308325355187072,0.545176368976334,0.47641619319744943,0.5430541402670792,0.5198739556092256,0.2935208259695467,0.21182650587982335,0.30479503512222594,0.4078421268753017,0.15354562259949725,0.017383534376211627,0.07142873803674452,0.42078270999271683,0.1861904919467707,0.0,0.0,0.08085060023775296,0.08023650714806282,0.0,0.0,0.3759308620732858,0.0,0.025483906226325393,0.15642964260127168,0.249922745987516,0.2498221807601992,0.1628453240103009,0.035382867938309054,0.0,0.0,0.0,0.0,0.0,0.42474616443077257
0.0,0.0,0.0,0.0,0.0,0.0,0.0,0.0,0.0,0.0,0.0,0.0,0.0,0.0,0.0,0.0,0.0,0.0,0.0,0.0,0.0,0.0,0.0,0.0,0.0,0.0,0.0,0.0,0.0,0.0,0.0,0.0,0.0,0.0,0.0,0.0,0.0,0.0,0.0,0.0,0.0,0.0,0.0,0.0,0.5455487799772363,0.30536547276223763,0.09639767246537334,0.057762103585088535,0.21494667091451897,0.4766029279230298,0.7368531204987965,1.0,0.7348698816397344,0.548794384484179,0.5434005677217455,0.47900028457485727,0.5523353639799434,0.7361435581353423,0.2935364889665755,0.08718540482234757,0.0593675694240783,0.2159641544193814,0.17145758541016837,0.0,0.0,0.0,0.22149546072658793,0.0002358753582184555,0.0,0.0,0.0,0.0,0.0,0.0,0.12430110044706942,0.0,0.0,0.2524113809887012,0.48595345484604896,0.4857148887906694,0.2557628420368661,0.0,0.0,0.0,0.0,0.0,0.0,0.270787987244477
0.0,0.0,0.0,0.0,0.0,0.0,0.0,0.0,0.0,0.0,0.0,0.0,0.0,0.0,0.0,0.0,0.0,0.0,0.0,0.0,0.0,0.0,0.0,0.0,0.0,0.0,0.0,0.0,0.0,0.0,0.0,0.0,0.0,0.0,0.0,0.0,0.0,0.0,0.0,0.0,0.0,0.0,0.0,0.0,0.477180167299001,0.21894401883812167,0.06677916527618181,0.10368856542555359,0.3142057695975225,0.5524505057907279,0.5418875297663913,0.7348698816397344,1.0,0.7479066962936947,0.29989138907828855,0.21395766308355324,0.31241815139681983,0.543154141837685,0.07144486712738062,0.0,0.0,0.0,0.0,0.0,0.0,0.0,0.1035087602223244,0.0,0.0,0.0,0.0,0.0,0.0,0.0,0.0,0.0,0.14189125305651243,0.4919243835167468,0.6858584814863938,0.3931486976521616,0.03656352816950039,0.0,0.0,0.0,0.0,0.0,0.0,0.16899956814879405
0.0,0.0,0.0,0.0,0.0,0.0,0.0,0.0,0.0,0.0,0.0,0.0,0.0,0.0,0.0,0.0,0.0,0.0,0.0,0.0,0.0,0.0,0.0,0.0,0.0,0.0,0.0,0.0,0.0,0.0,0.0,0.0,0.0,0.0,0.0,0.0,0.0,0.0,0.0,0.0,0.0,0.0,0.0,0.0,0.5420700195033961,0.308047866145535,0.21789890798225003,0.30906866805352556,0.5428921828327234,0.7354878822164831,0.47020118788232823,0.548794384484179,0.7479066962936947,1.0,0.20246389555222247,0.05571752299886486,0.10310366886503523,0.31146237020013806,0.017388837040301672,0.0,0.0,0.0,0.0,0.0,0.0,0.0,0.13028500348029987,0.0,0.0,0.0,0.0,0.02075853753128555,0.0,0.0,0.031573147706863085,0.033120556000631934,0.3921167181580619,0.685946029126823,0.49261908353149914,0.1423698494451151,0.0,0.0,0.0,0.0,0.0,0.0,0.0,0.1754472397944018
