1.0,0.7383146384209073,0.546979548977477,0.4723968073662768,0.5435426711888487,0.7350223316565194,0.7298227342966302,0.5455487799772363,0.477180167299001,0.5420700195033961,0.5221660132493727,0.2988484438318319,0.21486572441648166,0.30489066154527766,0.4078163693020568,0.17141028571460826,0.03826614116455211,0.08378724372782066,0.3839400111183233,0.16169941990164177,0.0,0.0,0.43161685558877744,0.2491913895498418,0.06578892890187217,0.03207183754990056,0.30561376823323344,0.15787881676986393,0.07161387103757696,0.006914860454892774,0.48601108843231017,0.1587041458620951,0.25014792079670517,0.24827041319120444,0.16324234732414308,0.034560661326957495,0.0,0.0,0.0,0.0,0.0,0.0,0.0,0.3982841107319246,0.28708764145207155,0.2962389249535648,0.25347460704422276,0.2030857977641686,0.20732580414957838,0.2539580375190173,0.189159265264855,0.13130045193265225,0.10541662823528386,0.14980545182658764,0.0564221356880436,0.0,0.0,0.0,0.0,0.0,0.0,0.0,0.0,0.0,0.0,0.0,0.0,0.0,0.0,0.0,0.13419087771725455,0.0,0.0,0.0,0.12831793580274115,0.0,0.0,0.0,0.0,0.0,0.0,0.0,0.0,0.0,0.0,0.0,0.0,0.0
0.7383146384209073,1.0,0.7425814591543755,0.5485807328169057,0.48344497456788116,0.5500728139725906,0.5328065019051467,0.3053654727622374,0.2189440188381215,0.308047866145535,0.43173975203502446,0.193560564060166,0.05028581661222158,0.08938105748107782,0.4207031230921707,0.22139420360554296,0.05098678493630289,0.03275934272455991,0.43152893316272967,0.2745445183170974,0.13014723942281775,0.10338092231546457,0.4127368193089196,0.2624623161472025,0.14582792948492468,0.15243198217885506,0.5479722080025766,0.12105551939286521,0.3237504688852772,0.0,0.6868679062533669,0.2547220790020392,0.16941558315771849,0.03585940614265117,0.0,0.0,0.0,0.0,0.0,0.0,0.0,0.0,0.0,0.29016444999271124,0.2962389249535648,0.2130605312603649,0.1329485399088116,0.1252583992610893,0.20919570832078066,0.3072719508915458,0.24653896212770343,0.26913575952391305,0.27952349862080245,0.28638404622613023,0.07736266944090056,0.021246450507148573,0.057312428001690195,0.15658827595181363,0.0,0.0,0.0,0.0,0.0,0.0,0.0,0.0,0.0,0.0,0.0,0.0,0.0,0.0,0.0,0.0,0.019901722706953322,0.0,0.01242738608660799,0.08049416680290351,0.07325288523216678,0.0,0.0,0.0,0.0,0.0,0.0,0.0,0.0,0.0
0.546979548977477,0.7425814591543755,1.0,0.737506153577777,0.5546011911771009,0.4813179543597899,0.2970981491188937,0.09639767246537351,0.06677916527618198,0.21789890798225034,0.175068104629881,0.0,0.0,0.0,0.18611010843381204,0.00012437685239343577,0.0,0.0,0.249097566943322,0.1458035388106541,0.0,0.0,0.2624606433500795,0.18645675245814175,0.10358465674846377,0.08571143209602744,0.7344828325332209,0.07714533664782831,0.49120738748482173,0.0,0.49268988108480605,0.4850345943230943,0.2581140666943862,0.0,0.0,0.0,0.0,0.0,0.0,0.0,0.0,0.0,0.0,0.1197573745308933,0.25347460704422287,0.1329485399088116,0.0,0.0,0.05523059147021258,0.21766735308069363,0.2995208065625705,0.368374074100298,0.32398038449844757,0.24162530431974868,0.16787288632286926,0.1773075740378048,0.2544501122384071,0.3322916250543209,0.0,0.0,0.0,0.004280017253216513,0.0,0.0,0.0,0.0,0.0,0.0,0.0,0.0,0.0,0.0,0.0,0.0,0.0,0.0,0.0,0.009132540637187207,0.1450724188092865,0.16781624092141298,0.04553633158333348,0.0,0.0,0.0,0.0,0.0,0.0,0.0
0.4723968073662768,0.5485807328169057,0.737506153577777,1.0,0.7454815230163095,0.5489930045143545,0.2023025031308441,0.057762103585088376,0.10368856542555359,0.30906866805352573,0.019932610394428864,0.0,0.0,0.0,0.0,0.0,0.0,0.0,0.06574136037259495,0.0,0.0,0.0,0.14587960164684283,0.10365533119028345,0.0,0.0,0.5430352023584603,0.06843734402348792,0.3198807000310533,0.0,0.2561470107204906,0.6862578574275879,0.4914744165427534,0.13649191663766,0.0,0.0,0.0,0.0,0.0,0.0,0.0,0.0,0.0,0.04278345583489968,0.2030857977641689,0.12525839926108964,0.0,0.0,0.0,0.08973750590374582,0.2933667859988739,0.3082298746084119,0.17814895364997843,0.0724559983762591,0.24944969497219438,0.30480955180890307,0.3396175029275768,0.3227761786122396,0.045887061978689435,0.0,0.04604810563289002,0.1877927096422231,0.0,0.0,0.0,0.0,0.0,0.0,0.0,0.0,0.0,0.0,0.0,0.0,0.024686989574578513,0.0,0.0,0.0,0.0,0.12111765897935985,0.15448904810712819,0.034975308686974384,0.0,0.0,0.0,0.0,0.0,0.0
0.5435426711888487,0.48344497456788116,0.5546011911771009,0.7454815230163095,1.0,0.737545978885618,0.2973142447938408,0.21494667091451913,0.31420576959752256,0.5428921828327238,0.06692040678749384,0.0,0.0,0.0,0.0,0.0,0.0,0.0,0.03206808348361787,0.0,0.0,0.0,0.15253233456534146,0.08584267079000354,0.0,0.0,0.31206671131427166,0.09455651566309506,0.0780540889203709,0.017711843729918943,0.17053668084382476,0.4894711072478389,0.6859260987529732,0.3900529598583655,0.03785603378424098,0.0,0.0,0.0,0.0,0.0,0.0,0.0,0.0,0.10815839108241296,0.20732580414957855,0.20919570832078083,0.055230591470212746,0.0,0.0,0.05853767779784779,0.24824683288909072,0.17945278654634989,0.03472910389245818,0.0,0.24074469348838298,0.2520749586649964,0.20133473721358885,0.15083840822174963,0.09839803505864572,0.05768152186539588,0.10334680631729651,0.17956536299437031,0.0,0.0,0.0,0.0,0.0,0.0,0.0,0.0,0.0,0.0,0.0,0.0,0.14437603198207102,0.0,0.0,0.0,0.0,0.0,0.0005644241470820827,0.0,0.0,0.0,0.0,0.0,0.0,0.0
0.7350223316565194,0.5500728139725906,0.4813179543597899,0.5489930045143545,0.737545978885618,1.0,0.5375704098712475,0.4766029279230302,0.5524505057907281,0.7354878822164834,0.28587819497847466,0.08633964479297725,0.060580507086033034,0.21506003879080898,0.1535311092293935,0.0,0.0,0.0,0.16171837867798747,0.0,0.0,0.0,0.2746631522506601,0.1459452013210733,0.0,0.0,0.2159689442343017,0.13245169002830792,0.0,0.036221954975058195,0.25433862300204535,0.25294576773391264,0.4874661887176856,0.48483279251204053,0.25591191141166253,0.0,0.0,0.0,0.0,0.0,0.0,0.0,0.0,0.2722810835408394,0.25395803751901747,0.30727195089154596,0.21766735308069363,0.08973750590374582,0.05853767779784779,0.1366695198036405,0.203027560253815,0.10235415409711766,0.004074711502259744,0.009489162169365645,0.1472149766563888,0.08536306378174378,0.014535236475105058,0.0062835679525791365,0.036625556151009694,0.0,0.0,0.0,0.0,0.0,0.0,0.0,0.0,0.0,0.0,0.0,0.1423049946379276,0.0,0.002203396035312491,0.0,0.21271000477260368,0.0,0.0,0.0,0.0,0.0,0.0,0.0,0.0,0.0,0.0,0.0,0.0,0.0
0.7298227342966302,0.5328065019051467,0.2970981491188937,0.2023025031308441,0.2973142447938408,0.5375704098712475,1.0,0.7368531204987967,0.5418875297663913,0.470201187882328,0.7308325355187072,0.5451763689763345,0.47641619319744977,0.5430541402670799,0.5198739556092256,0.2935208259695466,0.21182650587982368,0.3047950351222265,0.4078421268753014,0.15354562259949692,0.017383534376211297,0.07142873803674452,0.42078270999271655,0.18619049194677037,0.0,0.0,0.0808506002377528,0.08023650714806234,0.0,0.0,0.37593086207328563,0.0,0.025483906226325227,0.1564296426012716,0.24992274598751624,0.2498221807601996,0.16284532401030125,0.03538286793830955,0.0,0.0,0.0,0.0,0.0,0.42474616443077223,0.18915926526485516,0.24653896212770393,0.2995208065625708,0.2933667859988742,0.24824683288909088,0.20302756025381533,0.023950373676016455,0.0,0.0,0.0650891612038477,0.0,0.0,0.0,0.0,0.0,0.0,0.0,0.0,0.0,0.0,0.0,0.0,0.0,0.0,0.0,0.0,0.21950241701182882,0.0,0.0725691773610092,0.0,0.05189550113762406,0.11905019038047966,0.047782386655376846,0.0,0.0,0.0,0.0,0.0,0.0,0.0,0.0,0.0,0.0,0.0
0.5455487799772363,0.3053654727622374,0.09639767246537351,0.057762103585088376,0.21494667091451913,0.4766029279230302,0.7368531204987967,1.0,0.7348698816397344,0.5487943844841787,0.5434005677217455,0.47900028457485755,0.5523353639799435,0.7361435581353426,0.29353648896657564,0.08718540482234757,0.05936756942407847,0.21596415441938155,0.17145758541016837,0.0,0.0,0.0,0.22149546072658793,0.0002358753582184555,0.0,0.0,0.0,0.0,0.0,0.0,0.12430110044706942,0.0,0.0,0.2524113809887012,0.48595345484604896,0.4857148887906694,0.2557628420368661,0.0,0.0,0.0,0.0,0.0,0.0,0.27078798724447695,0.1313004519326524,0.2691357595239134,0.3683740741002983,0.30822987460841195,0.17945278654634989,0.102354154097118,0.0,0.0,0.0,0.0,0.0,0.0,0.0,0.0,0.0,0.0,0.0,0.0,0.0,0.0,0.0,0.0,0.0,0.0,0.0,0.0,0.37957529723857303,0.0,0.2811894449114053,0.0,0.10753003752481588,0.16460849259484606,0.0,0.0,0.0,0.0,0.0,0.0,0.0,0.0,0.0,0.0,0.0,0.0
0.477180167299001,0.2189440188381215,0.06677916527618198,0.10368856542555359,0.31420576959752256,0.5524505057907281,0.5418875297663913,0.7348698816397344,1.0,0.7479066962936943,0.29989138907828855,0.2139576630835534,0.3124181513968199,0.5431541418376852,0.07144486712738077,0.0,0.0,0.0,0.0,0.0,0.0,0.0,0.1035087602223244,0.0,0.0,0.0,0.0,0.0,0.0,0.0,0.0,0.0,0.1418912530565126,0.4919243835167468,0.6858584814863941,0.3931486976521616,0.03656352816950039,0.0,0.0,0.0,0.0,0.0,0.0,0.16899956814879397,0.10541662823528386,0.27952349862080245,0.32398038449844757,0.17814895364997826,0.03472910389245818,0.004074711502259579,0.0,0.0,0.0,0.0,0.0,0.0,0.0,0.0,0.0,0.0,0.0,0.0,0.0,0.0,0.0,0.0,0.0,0.0,0.0,0.0,0.38579410917194806,0.0,0.32647978967810215,0.0,0.18915671051170982,0.0069295774619235915,0.0,0.0,0.0,0.0,0.0,0.0,0.0,0.0,0.0,0.0,0.0,0.0
0.5420700195033961,0.308047866145535,0.21789890798225034,0.30906866805352573,0.5428921828327238,0.7354878822164834,0.470201187882328,0.5487943844841787,0.7479066962936943,1.0,0.20246389555222213,0.05571752299886486,0.10310366886503507,0.31146237020013806,0.017388837040301506,0.0,0.0,0.0,0.0,0.0,0.0,0.0,0.13028500348029987,0.0,0.0,0.0,0.0,0.02075853753128555,0.0,0.0,0.031573147706863085,0.03312055600063226,0.3921167181580624,0.6859460291268232,0.49261908353149914,0.14236984944511477,0.0,0.0,0.0,0.0,0.0,0.0,0.0,0.17544723979440163,0.1498054518265878,0.28638404622613034,0.24162530431974868,0.07245599837625893,0.0,0.009489162169365645,0.0650891612038477,0.0,0.0,0.0,0.047693708501924545,0.0,0.0,0.0,0.007622014145340669,0.0,0.0,0.0,0.0,0.0,0.0,0.0,0.0,0.0,0.0,0.0,0.25170180855131186,0.0,0.1643965637245942,0.0,0.232098394189302,0.0,0.0,0.0,0.0,0.0,0.0,0.0,0.0,0.0,0.0,0.0,0.0,0.0
0.5221660132493727,0.43173975203502446,0.175068104629881,0.019932610394428864,0.06692040678749384,0.28587819497847466,0.7308325355187072,0.5434005677217455,0.29989138907828855,0.20246389555222213,1.0,0.7354322212260845,0.5421439002129508,0.47465260019126154,0.7308359432510051,0.5433970760396934,0.4746502046445561,0.5421427268766823,0.5221791061347741,0.28588749686523346,0.20246630530430512,0.29988846162377525,0.43176815839133936,0.17509698559036735,0.019955378030134006,0.06693532249832589,0.012195879436482926,0.012231709419197703,0.0,0.0,0.37539507369988395,0.0,0.0,0.0,0.03132222407082392,0.16110117889509185,0.24914291496054974,0.24914482814091787,0.1610977190350713,0.031314705149617116,0.0,0.0,0.0,0.37543511308060873,0.0564221356880436,0.07736266944090073,0.16787288632286942,0.24944969497219455,0.24074469348838315,0.14721497665638913,0.0,0.0,0.0,0.04769370850192471,0.0,0.0,0.0,0.0,0.0,0.0,0.0,0.0,0.0,0.0,0.0,0.0,0.0,0.0,0.0,0.0,0.06916104054667668,0.0,0.0,0.0,0.0,0.11796164629657625,0.10628490639367504,0.0,0.0,0.0,0.0,0.0,0.0,0.0,0.0,0.0,0.0,0.0
0.2988484438318319,0.193560564060166,0.0,0.0,0.0,0.08633964479297725,0.5451763689763345,0.47900028457485755,0.2139576630835534,0.05571752299886486,0.7354322212260845,1.0,0.736161185151011,0.5512976290341707,0.5451823606396143,0.47900011057963854,0.5512958189050782,0.7361602038812552,0.29886348973881854,0.08635166887887046,0.055722940358121184,0.2139565426031289,0.19358469052587257,0.0,0.0,0.0,0.0,0.0,0.0,0.0,0.15086570753274148,0.0,0.0,0.0,0.0,0.2546603259996885,0.48622239143984114,0.4862239034301022,0.25465793289632727,0.0,0.0,0.0,0.0,0.15089628296417532,0.0,0.021246450507148573,0.1773075740378048,0.3048095518089028,0.25207495866499624,0.08536306378174378,0.0,0.0,0.0,0.0,0.0,0.0,0.0,0.0,0.0,0.0,0.0,0.0,0.0,0.0,0.0,0.0,0.0,0.0,0.0,0.0,0.1111785351759161,0.0,0.0,0.0,0.0,0.24272417521247958,0.14775541583654908,0.0,0.0,0.0,0.0,0.0,0.0,0.0,0.0,0.0,0.0,0.0
0.21486572441648166,0.05028581661222158,0.0,0.0,0.0,0.060580507086033034,0.47641619319744977,0.5523353639799435,0.3124181513968199,0.10310366886503507,0.5421439002129508,0.736161185151011,1.0,0.7473485395222302,0.30480727255050893,0.21596871587808533,0.3119618228439813,0.5435025739559506,0.08381669936589517,0.0,0.0,0.0,0.03280681984439841,0.0,0.0,0.0,0.0,0.0,0.0,0.0,0.0,0.0,0.0,0.0,0.14252115702597326,0.49137956514396797,0.6858845297316761,0.393345861267839,0.035349931015299166,0.0,0.0,0.0,0.0,0.037538188938900166,0.0,0.05731242800169053,0.2544501122384074,0.33961750292757686,0.20133473721358885,0.014535236475105387,0.0,0.0,0.0,0.0,0.0,0.0,0.0,0.0,0.0,0.0,0.0,0.0,0.0,0.0,0.0,0.0,0.0,0.0,0.0,0.0,0.26488690674805765,0.0,0.17796958203830138,0.0,0.0,0.3162892021727571,0.059663536399154234,0.0,0.0,0.0,0.0,0.0,0.0,0.0,0.0,0.0,0.0,0.0
0.30489066154527766,0.08938105748107782,0.0,0.0,0.0,0.21506003879080898,0.5430541402670799,0.7361435581353426,0.5431541418376852,0.31146237020013806,0.47465260019126154,0.5512976290341707,0.7473485395222302,1.0,0.2118437127257101,0.0593743745250338,0.10276635055633439,0.3119622237724749,0.038309475200326154,0.0,0.0,0.0,0.05106388081738125,0.0,0.0,0.0,0.0,0.0,0.0,0.0,0.0,0.0,0.0,0.03563765222786921,0.39419754863689993,0.6859149247949566,0.4914718276300725,0.14153923143567423,0.0,0.0,0.0,0.0,0.0,0.09345959865718918,0.0,0.15658827595181363,0.33229162505432114,0.3227761786122396,0.1508384082217498,0.006283567952579301,0.0,0.0,0.0,0.0,0.0,0.0,0.0,0.0,0.0,0.0,0.0,0.0,0.0,0.0,0.0,0.0,0.0,0.0,0.0,0.0,0.39588320013765055,0.0,0.33757506747265476,0.0,0.0,0.25475640144479894,0.0,0.0,0.0,0.0,0.0,0.0,0.0,0.0,0.0,0.0,0.0,0.0
0.4078163693020568,0.4207031230921707,0.18611010843381204,0.0,0.0,0.1535311092293935,0.5198739556092256,0.29353648896657564,0.07144486712738077,0.017388837040301506,0.7308359432510051,0.5451823606396143,0.30480727255050893,0.2118437127257101,1.0,0.7368519126823904,0.5430560438591675,0.4764201009276099,0.729825869171129,0.5375731764363141,0.4702026609241946,0.5418872784333754,0.5328119126968195,0.2971046874152103,0.20230901184262912,0.2973190552621323,0.08013092980478048,0.08085956070314107,0.0,0.0,0.42461811734491217,0.0,0.0,0.0,0.0,0.0,0.035393079038143045,0.16285351520500985,0.24982269290182105,0.24992051118347983,0.15643198126819938,0.02548358128434244,0.0,0.37593710338322345,0.0,0.0,0.0,0.045887061978689435,0.09839803505864572,0.03662555615100986,0.0,0.0,0.0,0.007622014145340669,0.0,0.0,0.0,0.0,0.0,0.0,0.0,0.0,0.0,0.0,0.0,0.0,0.0,0.0,0.0,0.0,0.0,0.0,0.0,0.0,0.0,0.0,0.0026278048853767685,0.0,0.0,0.0,0.0,0.0,0.0,0.0,0.0,0.0,0.0,0.0
0.17141028571460826,0.22139420360554296,0.00012437685239343577,0.0,0.0,0.0,0.2935208259695466,0.08718540482234757,0.0,0.0,0.5433970760396934,0.47900011057963854,0.21596871587808533,0.0593743745250338,0.7368519126823904,1.0,0.7361445226085854,0.552336038435248,0.5455489284929611,0.4766022781798898,0.5487946388959232,0.7348686296781576,0.3053625456342103,0.09639506806511755,0.057761080609362025,0.2149461242184743,0.0,0.0,0.0,0.0,0.270642368628067,0.0,0.0,0.0,0.0,0.0,0.0,0.2557679759280605,0.4857151595739198,0.48595123310837623,0.2524134573758043,0.0,0.0,0.12429723968937283,0.0,0.0,0.0,0.0,0.05768152186539588,0.0,0.0,0.0,0.0,0.0,0.0,0.0,0.0,0.0,0.0,0.0,0.0,0.0,0.0,0.0,0.0,0.0,0.0,0.0,0.0,0.0,0.0,0.0,0.0,0.0,0.0,0.0,0.019144363300009657,0.0,0.0,0.0,0.0,0.0,0.0,0.0,0.0,0.0,0.0,0.0
0.03826614116455211,0.05098678493630289,0.0,0.0,0.0,0.0,0.21182650587982368,0.05936756942407847,0.0,0.0,0.4746502046445561,0.5512958189050782,0.3119618228439813,0.10276635055633439,0.5430560438591675,0.7361445226085854,1.0,0.7473476072573078,0.3048936197760924,0.21506025529444903,0.31146147380062855,0.5431499209088728,0.08938088845951744,0.0,0.0,0.0,0.0,0.0,0.0,0.0,0.09336041959790903,0.0,0.0,0.0,0.0,0.0,0.1415399953371623,0.49147432409248926,0.6859144364694889,0.394190177700292,0.03563804269479829,0.0,0.0,0.0,0.0,0.0,0.0,0.04604810563288969,0.10334680631729617,0.0,0.0,0.0,0.0,0.0,0.0,0.0,0.0,0.0,0.0,0.0,0.0,0.0,0.0,0.0,0.0,0.0,0.0,0.0,0.0,0.0,0.0,0.0,0.0,0.0,0.0,0.0,0.09503196194522066,0.0,0.0,0.0,0.0,0.0,0.0,0.0,0.0,0.0,0.0,0.0
0.08378724372782066,0.03275934272455991,0.0,0.0,0.0,0.0,0.3047950351222265,0.21596415441938155,0.0,0.0,0.5421427268766823,0.7361602038812552,0.5435025739559506,0.3119622237724749,0.4764201009276099,0.552336038435248,0.7473476072573078,1.0,0.21487420038993726,0.060586356416137264,0.10310601789791636,0.3124155239663451,0.05029503075149965,0.0,0.0,0.0,0.0,0.0,0.0,0.0,0.03747997614941654,0.0,0.0,0.0,0.0,0.03535166051045153,0.393346618891595,0.6858881847204713,0.4913787700474435,0.14251400622327795,0.0,0.0,0.0,0.0,0.0,0.0,0.004280017253216513,0.18779270964222297,0.17956536299437015,0.0,0.0,0.0,0.0,0.0,0.0,0.0,0.0,0.0,0.0,0.0,0.0,0.0,0.0,0.0,0.0,0.0,0.0,0.0,0.0,0.0,0.0,0.0,0.0,0.0,0.0,0.15397128645892916,0.14222614154370697,0.0,0.0,0.0,0.0,0.0,0.0,0.0,0.0,0.0,0.0,0.0
0.3839400111183233,0.43152893316272967,0.249097566943322,0.06574136037259495,0.03206808348361787,0.16171837867798747,0.4078421268753014,0.17145758541016837,0.0,0.0,0.5221791061347741,0.29886348973881854,0.08381669936589517,0.038309475200326154,0.729825869171129,0.5455489284929611,0.3048936197760924,0.21487420038993726,1.0,0.7350238268269825,0.5420708025360028,0.47718128226074524,0.7383141197965785,0.5469810942768965,0.4724003466217766,0.5435460011264132,0.15773573306611824,0.30561684281863494,0.006735272821542083,0.07162157550646008,0.3981254267501472,0.0,0.0,0.0,0.0,0.0,0.0,0.0,0.034561043912477635,0.16324214250620203,0.2482710118514084,0.25014685927041724,0.1587084636718905,0.48600817836363824,0.0,0.0,0.0,0.0,0.0,0.0,0.0,0.0,0.0,0.0,0.0,0.0,0.0,0.0,0.0,0.0,0.0,0.0,0.0,0.0,0.0,0.0,0.0,0.0,0.0,0.0,0.0,0.0,0.0,0.0,0.0,0.0,0.0,0.0,0.0,0.0,0.0,0.0,0.0,0.0,0.0,0.0,0.0,0.0
0.16169941990164177,0.2745445183170974,0.1458035388106541,0.0,0.0,0.0,0.15354562259949692,0.0,0.0,0.0,0.28588749686523346,0.08635166887887046,0.0,0.0,0.5375731764363141,0.4766022781798898,0.21506025529444903,0.060586356416137264,0.7350238268269825,1.0,0.7354864870566542,0.552450749984767,0.5500700665792537,0.48131466582218446,0.5489920203298708,0.737546502789913,0.13223211992299058,0.21596702267273243,0.03594324193555242,0.0,0.2720867453426819,0.0,0.0,0.0,0.0,0.0,0.0,0.0,0.0,0.2559109975145498,0.4848306393302005,0.4874629153191698,0.25294572410621946,0.2543327718242794,0.0,0.0,0.0,0.0,0.0,0.0,0.0,0.0,0.0,0.0,0.0,0.0,0.0,0.0,0.0,0.0,0.0,0.0,0.0,0.0,0.0,0.0,0.0,0.0,0.0,0.0,0.0,0.0,0.0,0.0,0.0,0.0,0.0,0.0,0.0,0.0,0.0,0.0,0.0,0.0,0.0,0.0,0.0,0.0
0.0,0.13014723942281775,0.0,0.0,0.0,0.0,0.017383534376211297,0.0,0.0,0.0,0.20246630530430512,0.055722940358121184,0.0,0.0,0.4702026609241946,0.5487946388959232,0.31146147380062855,0.10310601789791636,0.5420708025360028,0.7354864870566542,1.0,0.7479089043561533,0.30804334181661286,0.21789268180002214,0.3090639246735009,0.5428890478971511,0.020512516914697073,0.0,0.0,0.0,0.17524241824455072,0.0,0.0,0.0,0.0,0.0,0.0,0.0,0.1423656557958823,0.4926203515699249,0.6859469177965013,0.39211033745050783,0.0331160213838062,0.03156587713537731,0.0,0.0,0.0,0.0,0.0,0.0,0.0,0.0,0.0,0.0,0.0,0.0,0.0,0.0,0.0,0.0,0.0,0.0,0.0,0.0,0.0,0.0,0.0,0.0,0.0,0.0,0.0,0.0,0.0,0.0,0.0,0.0,0.0,0.0,0.0,0.0,0.0,0.0,0.0,0.0,0.0,0.0,0.0,0.0
0.0,0.10338092231546457,0.0,0.0,0.0,0.0,0.07142873803674452,0.0,0.0,0.0,0.29988846162377525,0.2139565426031289,0.0,0.0,0.5418872784333754,0.7348686296781576,0.5431499209088728,0.3124155239663451,0.47718128226074524,0.552450749984767,0.7479089043561533,1.0,0.2189398097589912,0.06677431340490587,0.10368594991911811,0.31420492317138476,0.0,0.0,0.0,0.0,0.1688168000272383,0.0,0.0,0.0,0.0,0.0,0.0,0.036564822833740074,0.39314197216619606,0.6858570808831169,0.4919288564877926,0.14188680386498398,0.0,0.0,0.0,0.0,0.0,0.0,0.0,0.0,0.0,0.0,0.0,0.0,0.0,0.0,0.0,0.0,0.0,0.0,0.0,0.0,0.0,0.0,0.0,0.0,0.0,0.0,0.0,0.0,0.0,0.0,0.0,0.0,0.0,0.0,0.0,0.0,0.0,0.0,0.0,0.0,0.0,0.0,0.0,0.0,0.0,0.0
0.43161685558877744,0.4127368193089196,0.2624606433500795,0.14587960164684283,0.15253233456534146,0.2746631522506601,0.42078270999271655,0.22149546072658793,0.1035087602223244,0.13028500348029987,0.43176815839133936,0.19358469052587257,0.03280681984439841,0.05106388081738125,0.5328119126968195,0.3053625456342103,0.08938088845951744,0.05029503075149965,0.7383141197965785,0.5500700665792537,0.30804334181661286,0.2189398097589912,1.0,0.7425832265249143,0.5485827216375256,0.4834445428121502,0.1209970284576307,0.5479757281252601,0.0,0.32375958795032767,0.2900943577585285,0.0,0.0,0.0,0.0,0.0,0.0,0.0,0.0,0.0,0.03585354897355231,0.16941122983924997,0.254725123899506,0.6868640100487787,0.0,0.0,0.0,0.0,0.0,0.0,0.0,0.0,0.0,0.0,0.0,0.0,0.0,0.0,0.0,0.0,0.0,0.0,0.0,0.0,0.0,0.0,0.0,0.0,0.0,0.0,0.0,0.0,0.0,0.0,0.0,0.0,0.0,0.0,0.0,0.0,0.0,0.0,0.0,0.0,0.0,0.0,0.0,0.0
0.2491913895498418,0.2624623161472025,0.18645675245814175,0.10365533119028345,0.08584267079000354,0.1459452013210733,0.18619049194677037,0.0002358753582184555,0.0,0.0,0.17509698559036735,0.0,0.0,0.0,0.2971046874152103,0.09639506806511755,0.0,0.0,0.5469810942768965,0.48131466582218446,0.21789268180002214,0.06677431340490587,0.7425832265249143,1.0,0.7375057226617648,0.5545983378564237,0.0770708425258674,0.7344844426694856,0.0,0.4912109923839561,0.11968425777168382,0.0,0.0,0.0,0.0,0.0,0.0,0.0,0.0,0.0,0.0,0.25810817863106705,0.48503545233521306,0.4926869844199818,0.0,0.0,0.0,0.0,0.0,0.0,0.0,0.0,0.0,0.0,0.0,0.0,0.0,0.0,0.0,0.0,0.0,0.0,0.0,0.0,0.0,0.0,0.0,0.0,0.0,0.0,0.0,0.0,0.0,0.0,0.0,0.0,0.0,0.0,0.0,0.0,0.0,0.0,0.0,0.0,0.0,0.0,0.0,0.0
0.06578892890187217,0.14582792948492468,0.10358465674846377,0.0,0.0,0.0,0.0,0.0,0.0,0.0,0.019955378030134006,0.0,0.0,0.0,0.20230901184262912,0.057761080609362025,0.0,0.0,0.4724003466217766,0.5489920203298708,0.3090639246735009,0.10368594991911811,0.5485827216375256,0.7375057226617648,1.0,0.7454798153049246,0.06827563293530929,0.5430347577542166,0.0,0.3198781826703764,0.04266049057047095,0.0,0.0,0.0,0.0,0.0,0.0,0.0,0.0,0.0,0.13648278217907492,0.4914702488140779,0.6862586358284597,0.25614399420799355,0.0,0.0,0.0,0.0,0.0,0.0,0.0,0.0,0.0,0.0,0.0,0.0,0.0,0.0,0.0,0.0,0.0,0.0,0.0,0.0,0.0,0.0,0.0,0.0,0.0,0.0,0.0,0.0,0.0,0.0,0.0,0.0,0.0,0.0,0.0,0.0,0.0,0.0,0.0,0.0,0.0,0.0,0.0,0.0
0.03207183754990056,0.15243198217885506,0.08571143209602744,0.0,0.0,0.0,0.0,0.0,0.0,0.0,0.06693532249832589,0.0,0.0,0.0,0.2973190552621323,0.2149461242184743,0.0,0.0,0.5435460011264132,0.737546502789913,0.5428890478971511,0.31420492317138476,0.4834445428121502,0.5545983378564237,0.7454798153049246,1.0,0.09432756563846682,0.3120644381032069,0.017405046630920903,0.07805061604872056,0.1079871769292357,0.0,0.0,0.0,0.0,0.0,0.0,0.0,0.0,0.03785365556403371,0.3900459266498296,0.6859223181222762,0.48947031159180876,0.17053177478843481,0.0,0.0,0.0,0.0,0.0,0.0,0.0,0.0,0.0,0.0,0.0,0.0,0.0,0.0,0.0,0.0,0.0,0.0,0.0,0.0,0.0,0.0,0.0,0.0,0.0,0.0,0.0,0.0,0.0,0.0,0.0,0.0,0.0,0.0,0.0,0.0,0.0,0.0,0.0,0.0,0.0,0.0,0.0,0.0
0.30561376823323344,0.5479722080025766,0.7344828325332209,0.5430352023584603,0.31206671131427166,0.2159689442343017,0.0808506002377528,0.0,0.0,0.0,0.012195879436482926,0.0,0.0,0.0,0.08013092980478048,0.0,0.0,0.0,0.15773573306611824,0.13223211992299058,0.020512516914697073,0.0,0.1209970284576307,0.0770708425258674,0.06827563293530929,0.09432756563846682,1.0,0.0,0.7567229374475983,0.0,0.39974470030430814,0.38932638948828113,0.035507957028266396,0.0,0.0,0.0,0.0,0.0,0.0,0.0,0.0,0.0,0.0,0.0,0.13419087771725471,0.0,0.0,0.0,0.0,0.1423049946379276,0.21950241701182865,0.3795752972385729,0.38579410917194823,0.251701808551312,0.06916104054667685,0.11117853517591626,0.26488690674805765,0.3958832001376504,0.0,0.0,0.0,0.0,0.0,0.0,0.0,0.0,0.0,0.0,0.0,0.0,0.0,0.0,0.0,0.0,0.0,0.0,0.0,0.04779292535150727,0.2811484746275725,0.3077578195600466,0.08292544902664191,0.0,0.0,0.0,0.0,0.0,0.0,0.0
0.15787881676986393,0.12105551939286521,0.07714533664782831,0.06843734402348792,0.09455651566309506,0.13245169002830792,0.08023650714806234,0.0,0.0,0.02075853753128555,0.012231709419197703,0.0,0.0,0.0,0.08085956070314107,0.0,0.0,0.0,0.30561684281863494,0.21596702267273243,0.0,0.0,0.5479757281252601,0.7344844426694856,0.5430347577542166,0.3120644381032069,0.0,1.0,0.0,0.7567249491907871,0.0,0.0,0.0,0.0,0.0,0.0,0.0,0.0,0.0,0.0,0.0,0.03550260156900499,0.389325809910002,0.3997449256859712,0.0,0.0,0.0,0.0,0.0,0.0,0.0,0.0,0.0,0.0,0.0,0.0,0.0,0.0,0.0,0.0,0.0,0.0,0.0,0.0,0.0,0.0,0.0,0.0,0.0,0.0,0.0,0.0,0.0,0.0,0.0,0.0,0.0,0.0,0.0,0.0,0.0,0.0,0.0,0.0,0.0,0.0,0.0,0.0
0.07161387103757696,0.3237504688852772,0.49120738748482173,0.3198807000310533,0.0780540889203709,0.0,0.0,0.0,0.0,0.0,0.0,0.0,0.0,0.0,0.0,0.0,0.0,0.0,0.006735272821542083,0.03594324193555242,0.0,0.0,0.0,0.0,0.0,0.017405046630920903,0.7567229374475983,0.0,1.0,0.0,0.23310516771897793,0.22327235263064865,0.0,0.0,0.0,0.0,0.0,0.0,0.0,0.0,0.0,0.0,0.0,0.0,0.0,0.0,0.0,0.0,0.0,0.002333007566801287,0.07683795249989175,0.297730000494429,0.345684483188579,0.17406694982604098,0.0,0.0,0.1884383809817309,0.35743242438281075,0.0,0.0,0.0,0.0,0.0,0.0,0.0,0.0,0.0,0.0,0.0,0.0,0.0,0.0,0.0,0.0,0.0,0.0,0.0,0.0,0.30834948816894603,0.3381111601695512,0.02440903420184359,0.0,0.0,0.0,0.0,0.0,0.0,0.0
0.006914860454892774,0.0,0.0,0.0,0.017711843729918943,0.036221954975058195,0.0,0.0,0.0,0.0,0.0,0.0,0.0,0.0,0.0,0.0,0.0,0.0,0.07162157550646008,0.0,0.0,0.0,0.32375958795032767,0.4912109923839561,0.3198781826703764,0.07805061604872056,0.0,0.7567249491907871,0.0,1.0,0.0,0.0,0.0,0.0,0.0,0.0,0.0,0.0,0.0,0.0,0.0,0.0,0.2232658020103803,0.233115450210718,0.0,0.0,0.0,0.0,0.0,0.0,0.0,0.0,0.0,0.0,0.0,0.0,0.0,0.0,0.0,0.0,0.0,0.0,0.0,0.0,0.0,0.0,0.0,0.0,0.0,0.0,0.0,0.0,0.0,0.0,0.0,0.0,0.0,0.0,0.0,0.0,0.0,0.0,0.0,0.0,0.0,0.0,0.0,0.0
0.48601108843231017,0.6868679062533669,0.49268988108480605,0.2561470107204906,0.17053668084382476,0.25433862300204535,0.37593086207328563,0.12430110044706942,0.0,0.031573147706863085,0.37539507369988395,0.15086570753274148,0.0,0.0,0.42461811734491217,0.270642368628067,0.09336041959790903,0.03747997614941654,0.3981254267501472,0.2720867453426819,0.17524241824455072,0.1688168000272383,0.2900943577585285,0.11968425777168382,0.04266049057047095,0.1079871769292357,0.39974470030430814,0.0,0.23310516771897793,0.0,1.0,0.0,0.0,0.0,0.0,0.0,0.0,0.0,0.0,0.0,0.0,0.0,0.0,0.16681454369661722,0.16576958213751253,0.025710359477882288,0.0,0.03189228318246943,0.18651449107731646,0.2747928291320716,0.06704203496248043,0.13891440254402032,0.24436512841225674,0.29984003077086846,0.0,0.0,0.0,0.0,0.0,0.0,0.0,0.0,0.0,0.0,0.0,0.0,0.0,0.0,0.0,0.0,0.0,0.0,0.0,0.0,0.0,0.0,0.0,0.09570069962316208,0.008355068376431766,0.0,0.0,0.0,0.0,0.0,0.0,0.0,0.0,0.0
0.1587041458620951,0.2547220790020392,0.4850345943230943,0.6862578574275879,0.4894711072478389,0.25294576773391264,0.0,0.0,0.0,0.03312055600063226,0.0,0.0,0.0,0.0,0.0,0.0,0.0,0.0,0.0,0.0,0.0,0.0,0.0,0.0,0.0,0.0,0.38932638948828113,0.0,0.22327235263064865,0.0,0.0,1.0,0.40670178414686414,0.0,0.0,0.0,0.0,0.0,0.0,0.0,0.0,0.0,0.0,0.0,0.0,0.0,0.0,0.0,0.0,0.0,0.15379689666377713,0.21265211962013597,0.008952085716360622,0.0,0.15239064354103113,0.31356711630320344,0.40860327553418396,0.3291111406224676,0.0,0.0,0.0,0.19891027437277953,0.0,0.0,0.0,0.0,0.0,0.0,0.0,0.0,0.0,0.0,0.0,0.0,0.0,0.0,0.0,0.0,0.0,0.09212150605303429,0.2344137017313682,0.05717713697693439,0.0,0.0,0.0,0.0,0.0,0.0
0.25014792079670517,0.16941558315771849,0.2581140666943862,0.4914744165427534,0.6859260987529732,0.4874661887176856,0.025483906226325227,0.0,0.1418912530565126,0.3921167181580624,0.0,0.0,0.0,0.0,0.0,0.0,0.0,0.0,0.0,0.0,0.0,0.0,0.0,0.0,0.0,0.0,0.035507957028266396,0.0,0.0,0.0,0.0,0.40670178414686414,1.0,0.41914080261572473,0.0,0.0,0.0,0.0,0.0,0.0,0.0,0.0,0.0,0.0,0.0,0.016054517910929413,0.0,0.0,0.0,0.0,0.06172844209067802,0.0,0.0,0.0,0.13730585993441252,0.19088020227688185,0.07707729582665859,0.0,0.00339477186149152,0.024731952588529223,0.12276856327851497,0.18373712065454995,0.0,0.0,0.0,0.0,0.0,0.0,0.0,0.0,0.0,0.0,0.0,0.0,0.0,0.0,0.0,0.0,0.0,0.0,0.0,0.0,0.0,0.0,0.0,0.0,0.0,0.0
0.24827041319120444,0.03585940614265117,0.0,0.13649191663766,0.3900529598583655,0.48483279251204053,0.1564296426012716,0.2524113809887012,0.4919243835167468,0.6859460291268232,0.0,0.0,0.0,0.03563765222786921,0.0,0.0,0.0,0.0,0.0,0.0,0.0,0.0,0.0,0.0,0.0,0.0,0.0,0.0,0.0,0.0,0.0,0.0,0.41914080261572473,1.0,0.40867421361811673,0.0,0.0,0.0,0.0,0.0,0.0,0.0,0.0,0.0,0.0,0.1039876796018371,0.011798019004978691,0.0,0.0,0.0,0.0,0.0,0.0,0.0,0.0,0.0,0.0,0.0,0.0,0.0,0.0,0.0,0.0,0.0,0.0,0.0,0.0,0.0,0.0,0.0,0.06174205667419579,0.0,0.0,0.0,0.09570069962316229,0.0,0.0,0.0,0.0,0.0,0.0,0.0,0.0,0.0,0.0,0.0,0.0,0.0
0.16324234732414308,0.0,0.0,0.0,0.03785603378424098,0.25591191141166253,0.24992274598751624,0.48595345484604896,0.6858584814863941,0.49261908353149914,0.03132222407082392,0.0,0.14252115702597326,0.39419754863689993,0.0,0.0,0.0,0.0,0.0,0.0,0.0,0.0,0.0,0.0,0.0,0.0,0.0,0.0,0.0,0.0,0.0,0.0,0.0,0.40867421361811673,1.0,0.42561651851149035,0.0,0.0,0.0,0.0,0.0,0.0,0.0,0.0,0.0,0.09463291393629181,0.18741412956223596,0.0,0.0,0.0,0.0,0.0,0.0,0.0,0.0,0.0,0.0,0.0,0.0,0.0,0.0,0.0,0.0,0.0,0.0,0.0,0.0,0.0,0.0,0.0,0.3632061633944715,0.0,0.37621588269416834,0.0,0.008355068376431766,0.0,0.0,0.0,0.0,0.0,0.0,0.0,0.0,0.0,0.0,0.0,0.0,0.0
0.034560661326957495,0.0,0.0,0.0,0.0,0.0,0.2498221807601996,0.4857148887906694,0.3931486976521616,0.14236984944511477,0.16110117889509185,0.2546603259996885,0.49137956514396797,0.6859149247949566,0.0,0.0,0.0,0.03535166051045153,0.0,0.0,0.0,0.0,0.0,0.0,0.0,0.0,0.0,0.0,0.0,0.0,0.0,0.0,0.0,0.0,0.42561651851149035,1.0,0.40652805908188344,0.0,0.0,0.0,0.0,0.0,0.0,0.0,0.0,0.0,0.2167961007118735,0.15646778911209147,0.0,0.0,0.0,0.0,0.0,0.0,0.0,0.0,0.0,0.0,0.0,0.0,0.0,0.0,0.0,0.0,0.0,0.0,0.0,0.0,0.0,0.0,0.39758187215891183,0.0,0.41252797054179674,0.0,0.0,0.09212150605303408,0.0,0.0,0.0,0.0,0.0,0.0,0.0,0.0,0.0,0.0,0.0,0.0
0.0,0.0,0.0,0.0,0.0,0.0,0.16284532401030125,0.2557628420368661,0.03656352816950039,0.0,0.24914291496054974,0.48622239143984114,0.6858845297316761,0.4914718276300725,0.035393079038143045,0.0,0.1415399953371623,0.393346618891595,0.0,0.0,0.0,0.0,0.0,0.0,0.0,0.0,0.0,0.0,0.0,0.0,0.0,0.0,0.0,0.0,0.0,0.40652805908188344,1.0,0.4240526837949842,0.0,0.0,0.0,0.0,0.0,0.0,0.0,0.0,0.058826839844497804,0.1995791530570556,0.0007291603813981185,0.0,0.0,0.0,0.0,0.0,0.0,0.0,0.0,0.0,0.0,0.0,0.0,0.0,0.0,0.0,0.0,0.0,0.0,0.0,0.0,0.0,0.10712857051288668,0.0,0.029781357518995768,0.0,0.0,0.23441370173136808,0.0,0.0,0.0,0.0,0.0,0.0,0.0,0.0,0.0,0.0,0.0,0.0
0.0,0.0,0.0,0.0,0.0,0.0,0.03538286793830955,0.0,0.0,0.0,0.24914482814091787,0.4862239034301022,0.393345861267839,0.14153923143567423,0.16285351520500985,0.2557679759280605,0.49147432409248926,0.6858881847204713,0.0,0.0,0.0,0.036564822833740074,0.0,0.0,0.0,0.0,0.0,0.0,0.0,0.0,0.0,0.0,0.0,0.0,0.0,0.0,0.4240526837949842,1.0,0.40653038923435525,0.0,0.0,0.0,0.0,0.0,0.0,0.0,0.0,0.04518341313628292,0.0,0.0,0.0,0.0,0.0,0.0,0.0,0.0,0.0,0.0,0.0,0.0,0.0,0.0,0.0,0.0,0.0,0.0,0.0,0.0,0.0,0.0,0.0,0.0,0.0,0.0,0.0,0.0571771369769346,0.0,0.0,0.0,0.0,0.0,0.0,0.0,0.0,0.0,0.0,0.0,0.0
0.0,0.0,0.0,0.0,0.0,0.0,0.0,0.0,0.0,0.0,0.1610977190350713,0.25465793289632727,0.035349931015299166,0.0,0.24982269290182105,0.4857151595739198,0.6859144364694889,0.4913787700474435,0.034561043912477635,0.0,0.1423656557958823,0.39314197216619606,0.0,0.0,0.0,0.0,0.0,0.0,0.0,0.0,0.0,0.0,0.0,0.0,0.0,0.0,0.0,0.40653038923435525,1.0,0.42560355346467876,0.0,0.0,0.0,0.0,0.0,0.0,0.0,0.0,0.0,0.0,0.0,0.0,0.0,0.0,0.0,0.0,0.0,0.0,0.0,0.0,0.0,0.0,0.0,0.0,0.0,0.0,0.0,0.0,0.0,0.0,0.0,0.0,0.0,0.0,0.0,0.0,0.0,0.0,0.0,0.0,0.0,0.0,0.0,0.0,0.0,0.0,0.0,0.0
0.0,0.0,0.0,0.0,0.0,0.0,0.0,0.0,0.0,0.0,0.031314705149617116,0.0,0.0,0.0,0.24992051118347983,0.48595123310837623,0.394190177700292,0.14251400622327795,0.16324214250620203,0.2559109975145498,0.4926203515699249,0.6858570808831169,0.0,0.0,0.0,0.03785365556403371,0.0,0.0,0.0,0.0,0.0,0.0,0.0,0.0,0.0,0.0,0.0,0.0,0.42560355346467876,1.0,0.40868111120848943,0.0,0.0,0.0,0.0,0.0,0.0,0.0,0.0,0.0,0.0,0.0,0.0,0.0,0.0,0.0,0.0,0.0,0.0,0.0,0.0,0.0,0.0,0.0,0.0,0.0,0.0,0.0,0.0,0.0,0.0,0.0,0.0,0.0,0.0,0.0,0.0,0.0,0.0,0.0,0.0,0.0,0.0,0.0,0.0,0.0,0.0,0.0
0.0,0.0,0.0,0.0,0.0,0.0,0.0,0.0,0.0,0.0,0.0,0.0,0.0,0.0,0.15643198126819938,0.2524134573758043,0.03563804269479829,0.0,0.2482710118514084,0.4848306393302005,0.6859469177965013,0.4919288564877926,0.03585354897355231,0.0,0.13648278217907492,0.3900459266498296,0.0,0.0,0.0,0.0,0.0,0.0,0.0,0.0,0.0,0.0,0.0,0.0,0.0,0.40868111120848943,1.0,0.41912763617659726,0.0,0.0,0.0,0.0,0.0,0.0,0.0,0.0,0.0,0.0,0.0,0.0,0.0,0.0,0.0,0.0,0.0,0.0,0.0,0.0,0.0,0.0,0.0,0.0,0.0,0.0,0.0,0.0,0.0,0.0,0.0,0.0,0.0,0.0,0.0,0.0,0.0,0.0,0.0,0.0,0.0,0.0,0.0,0.0,0.0,0.0
0.0,0.0,0.0,0.0,0.0,0.0,0.0,0.0,0.0,0.0,0.0,0.0,0.0,0.0,0.02548358128434244,0.0,0.0,0.0,0.25014685927041724,0.4874629153191698,0.39211033745050783,0.14188680386498398,0.16941122983924997,0.25810817863106705,0.4914702488140779,0.6859223181222762,0.0,0.03550260156900499,0.0,0.0,0.0,0.0,0.0,0.0,0.0,0.0,0.0,0.0,0.0,0.0,0.41912763617659726,1.0,0.4066988377351493,0.0,0.0,0.0,0.0,0.0,0.0,0.0,0.0,0.0,0.0,0.0,0.0,0.0,0.0,0.0,0.0,0.0,0.0,0.0,0.0,0.0,0.0,0.0,0.0,0.0,0.0,0.0,0.0,0.0,0.0,0.0,0.0,0.0,0.0,0.0,0.0,0.0,0.0,0.0,0.0,0.0,0.0,0.0,0.0,0.0
0.0,0.0,0.0,0.0,0.0,0.0,0.0,0.0,0.0,0.0,0.0,0.0,0.0,0.0,0.0,0.0,0.0,0.0,0.1587084636718905,0.25294572410621946,0.0331160213838062,0.0,0.254725123899506,0.48503545233521306,0.6862586358284597,0.48947031159180876,0.0,0.389325809910002,0.0,0.2232658020103803,0.0,0.0,0.0,0.0,0.0,0.0,0.0,0.0,0.0,0.0,0.0,0.4066988377351493,1.0,0.0,0.0,0.0,0.0,0.0,0.0,0.0,0.0,0.0,0.0,0.0,0.0,0.0,0.0,0.0,0.0,0.0,0.0,0.0,0.0,0.0,0.0,0.0,0.0,0.0,0.0,0.0,0.0,0.0,0.0,0.0,0.0,0.0,0.0,0.0,0.0,0.0,0.0,0.0,0.0,0.0,0.0,0.0,0.0,0.0
0.3982841107319246,0.29016444999271124,0.1197573745308933,0.04278345583489968,0.10815839108241296,0.2722810835408394,0.42474616443077223,0.27078798724447695,0.16899956814879397,0.17544723979440163,0.37543511308060873,0.15089628296417532,0.037538188938900166,0.09345959865718918,0.37593710338322345,0.12429723968937283,0.0,0.0,0.48600817836363824,0.2543327718242794,0.03156587713537731,0.0,0.6868640100487787,0.4926869844199818,0.25614399420799355,0.17053177478843481,0.0,0.3997449256859712,0.0,0.233115450210718,0.16681454369661722,0.0,0.0,0.0,0.0,0.0,0.0,0.0,0.0,0.0,0.0,0.0,0.0,1.0,0.0,0.0,0.0,0.0,0.0,0.0,0.0,0.0,0.0,0.0,0.0,0.0,0.0,0.0,0.0,0.0,0.0,0.0,0.0,0.0,0.0,0.0,0.0,0.0,0.0,0.0,0.0,0.0,0.0,0.0,0.0,0.0,0.0,0.0,0.0,0.0,0.0,0.0,0.0,0.0,0.0,0.0,0.0,0.0
0.28708764145207155,0.2962389249535648,0.25347460704422287,0.2030857977641689,0.20732580414957855,0.25395803751901747,0.18915926526485516,0.1313004519326524,0.10541662823528386,0.1498054518265878,0.0564221356880436,0.0,0.0,0.0,0.0,0.0,0.0,0.0,0.0,0.0,0.0,0.0,0.0,0.0,0.0,0.0,0.13419087771725471,0.0,0.0,0.0,0.16576958213751253,0.0,0.0,0.0,0.0,0.0,0.0,0.0,0.0,0.0,0.0,0.0,0.0,0.0,1.0,0.7383146384209073,0.5469795489774769,0.4723968073662768,0.5435426711888486,0.7350223316565194,0.7298227342966305,0.5455487799772365,0.477180167299001,0.5420700195033961,0.5221660132493728,0.29884844383183196,0.21486572441648166,0.30489066154527794,0.4078163693020568,0.1714102857146081,0.03826614116455228,0.08378724372782066,0.38394001111832327,0.1616994199016416,0.0,0.0,0.43161685558877716,0.24919138954984163,0.065788928901872,0.03207183754990056,0.3056137682332334,0.15787881676986376,0.07161387103757696,0.006914860454892774,0.48601108843231017,0.1587041458620952,0.25014792079670517,0.24827041319120452,0.16324234732414317,0.034560661326957495,0.0,0.0,0.0,0.0,0.0,0.0,0.0,0.39828411073192443
0.2962389249535648,0.2130605312603649,0.1329485399088116,0.12525839926108964,0.20919570832078083,0.30727195089154596,0.24653896212770393,0.2691357595239134,0.27952349862080245,0.28638404622613034,0.07736266944090073,0.021246450507148573,0.05731242800169053,0.15658827595181363,0.0,0.0,0.0,0.0,0.0,0.0,0.0,0.0,0.0,0.0,0.0,0.0,0.0,0.0,0.0,0.0,0.025710359477882288,0.0,0.016054517910929413,0.1039876796018371,0.09463291393629181,0.0,0.0,0.0,0.0,0.0,0.0,0.0,0.0,0.0,0.7383146384209073,1.0,0.7425814591543755,0.5485807328169056,0.4834449745678812,0.5500728139725906,0.532806501905147,0.30536547276223747,0.2189440188381215,0.30804786614553503,0.4317397520350246,0.19356056406016617,0.05028581661222158,0.08938105748107815,0.4207031230921708,0.22139420360554296,0.050986784936303056,0.03275934272455991,0.43152893316272967,0.27454451831709725,0.13014723942281742,0.10338092231546457,0.4127368193089193,0.26246231614720233,0.1458279294849245,0.1524319821788549,0.5479722080025765,0.12105551939286505,0.3237504688852772,0.0,0.6868679062533669,0.2547220790020392,0.16941558315771857,0.03585940614265134,0.0,0.0,0.0,0.0,0.0,0.0,0.0,0.0,0.0,0.2901644499927111
0.25347460704422276,0.1329485399088116,0.0,0.0,0.055230591470212746,0.21766735308069363,0.2995208065625708,0.3683740741002983,0.32398038449844757,0.24162530431974868,0.16787288632286942,0.1773075740378048,0.2544501122384074,0.33229162505432114,0.0,0.0,0.0,0.004280017253216513,0.0,0.0,0.0,0.0,0.0,0.0,0.0,0.0,0.0,0.0,0.0,0.0,0.0,0.0,0.0,0.011798019004978691,0.18741412956223596,0.2167961007118735,0.058826839844497804,0.0,0.0,0.0,0.0,0.0,0.0,0.0,0.5469795489774769,0.7425814591543755,1.0,0.737506153577777,0.554601191177101,0.48131795435978997,0.2970981491188937,0.09639767246537351,0.06677916527618181,0.2178989079822502,0.175068104629881,0.0,0.0,0.0,0.18611010843381204,0.00012437685239343577,0.0,0.0,0.24909756694332183,0.14580353881065394,0.0,0.0,0.2624606433500792,0.18645675245814158,0.10358465674846377,0.08571143209602744,0.7344828325332209,0.07714533664782816,0.4912073874848219,0.0,0.492689881084806,0.4850345943230945,0.25811406669438636,0.0,0.0,0.0,0.0,0.0,0.0,0.0,0.0,0.0,0.0,0.1197573745308933
0.2030857977641686,0.1252583992610893,0.0,0.0,0.0,0.08973750590374582,0.2933667859988742,0.30822987460841195,0.17814895364997826,0.07245599837625893,0.24944969497219455,0.3048095518089028,0.33961750292757686,0.3227761786122396,0.045887061978689435,0.0,0.04604810563288969,0.18779270964222297,0.0,0.0,0.0,0.0,0.0,0.0,0.0,0.0,0.0,0.0,0.0,0.0,0.03189228318246943,0.0,0.0,0.0,0.0,0.15646778911209147,0.1995791530570556,0.04518341313628292,0.0,0.0,0.0,0.0,0.0,0.0,0.4723968073662768,0.5485807328169056,0.737506153577777,1.0,0.7454815230163095,0.5489930045143547,0.20230250313084427,0.057762103585088376,0.10368856542555342,0.3090686680535257,0.019932610394428864,0.0,0.0,0.0,0.0,0.0,0.0,0.0,0.06574136037259479,0.0,0.0,0.0,0.14587960164684266,0.10365533119028329,0.0,0.0,0.5430352023584603,0.06843734402348792,0.3198807000310533,0.0,0.25614701072049045,0.686257857427588,0.4914744165427535,0.13649191663765983,0.0,0.0,0.0,0.0,0.0,0.0,0.0,0.0,0.0,0.04278345583489985
0.20732580414957838,0.20919570832078066,0.05523059147021258,0.0,0.0,0.05853767779784779,0.24824683288909088,0.17945278654634989,0.03472910389245818,0.0,0.24074469348838315,0.25207495866499624,0.20133473721358885,0.1508384082217498,0.09839803505864572,0.05768152186539588,0.10334680631729617,0.17956536299437015,0.0,0.0,0.0,0.0,0.0,0.0,0.0,0.0,0.0,0.0,0.0,0.0,0.18651449107731646,0.0,0.0,0.0,0.0,0.0,0.0007291603813981185,0.0,0.0,0.0,0.0,0.0,0.0,0.0,0.5435426711888486,0.4834449745678812,0.554601191177101,0.7454815230163095,1.0,0.7375459788856183,0.2973142447938409,0.21494667091451913,0.3142057695975225,0.5428921828327238,0.066920406787494,0.0,0.0,0.0,0.0,0.0,0.0,0.0,0.03206808348361787,0.0,0.0,0.0,0.15253233456534146,0.08584267079000354,0.0,0.0,0.3120667113142717,0.09455651566309506,0.07805408892037105,0.017711843729919106,0.17053668084382476,0.48947110724783904,0.6859260987529732,0.39005295985836536,0.037856033784240815,0.0,0.0,0.0,0.0,0.0,0.0,0.0,0.0,0.10815839108241312
