1.0,0.7383146384209073,0.5469795489774769,0.4723968073662768,0.5435426711888486,0.7350223316565194,0.7298227342966305,0.5455487799772365,0.477180167299001,0.5420700195033961,0.5221660132493728,0.29884844383183196,0.21486572441648166,0.30489066154527794,0.4078163693020568,0.1714102857146081,0.03826614116455228,0.08378724372782066,0.38394001111832327,0.1616994199016416,0.0,0.0,0.43161685558877716,0.24919138954984163,0.065788928901872,0.03207183754990056,0.3056137682332334,0.15787881676986376,0.07161387103757696,0.006914860454892774,0.48601108843231017,0.1587041458620952,0.25014792079670517,0.24827041319120452,0.16324234732414317,0.034560661326957495,0.0,0.0,0.0,0.0,0.0,0.0,0.0,0.39828411073192443,0.0,0.0,0.0,0.0,0.0,0.0,0.0,0.0,0.0,0.0,0.0,0.0,0.0,0.0,0.0,0.0,0.0,0.0,0.0,0.0,0.0,0.0,0.0,0.0,0.0,0.0,0.0,0.0,0.0,0.0,0.0,0.0,0.0,0.0,0.0,0.0,0.0,0.0,0.0,0.0,0.0,0.0,0.0,0.0
0.7383146384209073,1.0,0.7425814591543755,0.5485807328169056,0.4834449745678812,0.5500728139725906,0.532806501905147,0.30536547276223747,0.2189440188381215,0.30804786614553503,0.4317397520350246,0.19356056406016617,0.05028581661222158,0.08938105748107815,0.4207031230921708,0.22139420360554296,0.050986784936303056,0.03275934272455991,0.43152893316272967,0.27454451831709725,0.13014723942281742,0.10338092231546457,0.4127368193089193,0.26246231614720233,0.1458279294849245,0.1524319821788549,0.5479722080025765,0.12105551939286505,0.3237504688852772,0.0,0.6868679062533669,0.2547220790020392,0.16941558315771857,0.03585940614265134,0.0,0.0,0.0,0.0,0.0,0.0,0.0,0.0,0.0,0.2901644499927111,0.0,0.0,0.0,0.0,0.0,0.0,0.0,0.0,0.0,0.0,0.0,0.0,0.0,0.0,0.0,0.0,0.0,0.0,0.0,0.0,0.0,0.0,0.0,0.0,0.0,0.0,0.0,0.0,0.0,0.0,0.0,0.0,0.0,0.0,0.0,0.0,0.0,0.0,0.0,0.0,0.0,0.0,0.0,0.0
0.5469795489774769,0.7425814591543755,1.0,0.737506153577777,0.554601191177101,0.48131795435978997,0.2970981491188937,0.09639767246537351,0.06677916527618181,0.2178989079822502,0.175068104629881,0.0,0.0,0.0,0.18611010843381204,0.00012437685239343577,0.0,0.0,0.24909756694332183,0.14580353881065394,0.0,0.0,0.2624606433500792,0.18645675245814158,0.10358465674846377,0.08571143209602744,0.7344828325332209,0.07714533664782816,0.4912073874848219,0.0,0.492689881084806,0.4850345943230945,0.25811406669438636,0.0,0.0,0.0,0.0,0.0,0.0,0.0,0.0,0.0,0.0,0.1197573745308933,0.0,0.0,0.0,0.0,0.0,0.0,0.0,0.0,0.0,0.0,0.0,0.0,0.0,0.0,0.0,0.0,0.0,0.0,0.0,0.0,0.0,0.0,0.0,0.0,0.0,0.0,0.0,0.0,0.0,0.0,0.0,0.0,0.0,0.0,0.0,0.0,0.0,0.0,0.0,0.0,0.0,0.0,0.0,0.0
0.4723968073662768,0.5485807328169056,0.737506153577777,1.0,0.7454815230163095,0.5489930045143547,0.20230250313084427,0.057762103585088376,0.10368856542555342,0.3090686680535257,0.019932610394428864,0.0,0.0,0.0,0.0,0.0,0.0,0.0,0.06574136037259479,0.0,0.0,0.0,0.14587960164684266,0.10365533119028329,0.0,0.0,0.5430352023584603,0.06843734402348792,0.3198807000310533,0.0,0.25614701072049045,0.686257857427588,0.4914744165427535,0.13649191663765983,0.0,0.0,0.0,0.0,0.0,0.0,0.0,0.0,0.0,0.04278345583489985,0.0,0.0,0.0,0.0,0.0,0.0,0.0,0.0,0.0,0.0,0.0,0.0,0.0,0.0,0.0,0.0,0.0,0.0,0.0,0.0,0.0,0.0,0.0,0.0,0.0,0.0,0.0,0.0,0.0,0.0,0.0,0.0,0.0,0.0,0.0,0.0,0.0,0.0,0.0,0.0,0.0,0.0,0.0,0.0
0.5435426711888486,0.4834449745678812,0.554601191177101,0.7454815230163095,1.0,0.7375459788856183,0.2973142447938409,0.21494667091451913,0.3142057695975225,0.5428921828327238,0.066920406787494,0.0,0.0,0.0,0.0,0.0,0.0,0.0,0.03206808348361787,0.0,0.0,0.0,0.15253233456534146,0.08584267079000354,0.0,0.0,0.3120667113142717,0.09455651566309506,0.07805408892037105,0.017711843729919106,0.17053668084382476,0.48947110724783904,0.6859260987529732,0.39005295985836536,0.037856033784240815,0.0,0.0,0.0,0.0,0.0,0.0,0.0,0.0,0.10815839108241312,0.0,0.0,0.0,0.0,0.0,0.0,0.0,0.0,0.0,0.0,0.0,0.0,0.0,0.0,0.0,0.0,0.0,0.0,0.0,0.0,0.0,0.0,0.0,0.0,0.0,0.0,0.0,0.0,0.0,0.0,0.0,0.0,0.0,0.0,0.0,0.0,0.0,0.0,0.0,0.0,0.0,0.0,0.0,0.0
0.7350223316565194,0.5500728139725906,0.48131795435978997,0.5489930045143547,0.7375459788856183,1.0,0.5375704098712474,0.4766029279230299,0.5524505057907279,0.7354878822164833,0.2858781949784745,0.08633964479297708,0.0605805070860327,0.21506003879080882,0.15353110922939334,0.0,0.0,0.0,0.16171837867798747,0.0,0.0,0.0,0.2746631522506599,0.1459452013210733,0.0,0.0,0.2159689442343017,0.13245169002830776,0.0,0.03622195497505803,0.25433862300204535,0.25294576773391303,0.4874661887176858,0.4848327925120405,0.25591191141166236,0.0,0.0,0.0,0.0,0.0,0.0,0.0,0.0,0.2722810835408393,0.0,0.0,0.0,0.0,0.0,0.0,0.0,0.0,0.0,0.0,0.0,0.0,0.0,0.0,0.0,0.0,0.0,0.0,0.0,0.0,0.0,0.0,0.0,0.0,0.0,0.0,0.0,0.0,0.0,0.0,0.0,0.0,0.0,0.0,0.0,0.0,0.0,0.0,0.0,0.0,0.0,0.0,0.0,0.0
0.7298227342966305,0.532806501905147,0.2970981491188937,0.20230250313084427,0.2973142447938409,0.5375704098712474,1.0,0.7368531204987965,0.5418875297663911,0.470201187882328,0.7308325355187072,0.5451763689763345,0.47641619319744943,0.5430541402670797,0.5198739556092257,0.2935208259695467,0.21182650587982385,0.3047950351222265,0.40784212687530186,0.15354562259949725,0.01738353437621146,0.07142873803674468,0.42078270999271683,0.1861904919467707,0.0,0.0,0.08085060023775296,0.08023650714806267,0.0,0.0,0.37593086207328585,0.0,0.025483906226325393,0.1564296426012716,0.249922745987516,0.2498221807601992,0.16284532401030108,0.03538286793830922,0.0,0.0,0.0,0.0,0.0,0.4247461644307724,0.0,0.0,0.0,0.0,0.0,0.0,0.0,0.0,0.0,0.0,0.0,0.0,0.0,0.0,0.0,0.0,0.0,0.0,0.0,0.0,0.0,0.0,0.0,0.0,0.0,0.0,0.0,0.0,0.0,0.0,0.0,0.0,0.0,0.0,0.0,0.0,0.0,0.0,0.0,0.0,0.0,0.0,0.0,0.0
0.5455487799772365,0.30536547276223747,0.09639767246537351,0.057762103585088376,0.21494667091451913,0.4766029279230299,0.7368531204987965,1.0,0.7348698816397343,0.5487943844841788,0.5434005677217455,0.4790002845748576,0.5523353639799433,0.7361435581353426,0.2935364889665755,0.08718540482234757,0.05936756942407863,0.21596415441938172,0.17145758541016853,0.0,0.0,0.0,0.22149546072658827,0.00023587535821878447,0.0,0.0,0.0,0.0,0.0,0.0,0.12430110044706957,0.0,0.0,0.25241138098870125,0.4859534548460489,0.48571488879066926,0.2557628420368661,0.0,0.0,0.0,0.0,0.0,0.0,0.270787987244477,0.0,0.0,0.0,0.0,0.0,0.0,0.0,0.0,0.0,0.0,0.0,0.0,0.0,0.0,0.0,0.0,0.0,0.0,0.0,0.0,0.0,0.0,0.0,0.0,0.0,0.0,0.0,0.0,0.0,0.0,0.0,0.0,0.0,0.0,0.0,0.0,0.0,0.0,0.0,0.0,0.0,0.0,0.0,0.0
0.477180167299001,0.2189440188381215,0.06677916527618181,0.10368856542555342,0.3142057695975225,0.5524505057907279,0.5418875297663911,0.7348698816397343,1.0,0.7479066962936943,0.29989138907828844,0.2139576630835534,0.31241815139681983,0.5431541418376852,0.07144486712738062,0.0,0.0,0.0,0.0,0.0,0.0,0.0,0.1035087602223244,0.0,0.0,0.0,0.0,0.0,0.0,0.0,0.0,0.0,0.1418912530565126,0.49192438351674683,0.6858584814863941,0.3931486976521616,0.03656352816950055,0.0,0.0,0.0,0.0,0.0,0.0,0.16899956814879372,0.0,0.0,0.0,0.0,0.0,0.0,0.0,0.0,0.0,0.0,0.0,0.0,0.0,0.0,0.0,0.0,0.0,0.0,0.0,0.0,0.0,0.0,0.0,0.0,0.0,0.0,0.0,0.0,0.0,0.0,0.0,0.0,0.0,0.0,0.0,0.0,0.0,0.0,0.0,0.0,0.0,0.0,0.0,0.0
0.5420700195033961,0.30804786614553503,0.2178989079822502,0.3090686680535257,0.5428921828327238,0.7354878822164833,0.470201187882328,0.5487943844841788,0.7479066962936943,1.0,0.2024638955522223,0.05571752299886502,0.10310366886503507,0.31146237020013817,0.017388837040301672,0.0,0.0,0.0,0.0,0.0,0.0,0.0,0.13028500348029987,0.0,0.0,0.0,0.0,0.02075853753128555,0.0,0.0,0.031573147706863085,0.03312055600063226,0.39211671815806226,0.6859460291268232,0.49261908353149914,0.14236984944511477,0.0,0.0,0.0,0.0,0.0,0.0,0.0,0.17544723979440172,0.0,0.0,0.0,0.0,0.0,0.0,0.0,0.0,0.0,0.0,0.0,0.0,0.0,0.0,0.0,0.0,0.0,0.0,0.0,0.0,0.0,0.0,0.0,0.0,0.0,0.0,0.0,0.0,0.0,0.0,0.0,0.0,0.0,0.0,0.0,0.0,0.0,0.0,0.0,0.0,0.0,0.0,0.0,0.0
0.5221660132493728,0.4317397520350246,0.175068104629881,0.019932610394428864,0.066920406787494,0.2858781949784745,0.7308325355187072,0.5434005677217455,0.29989138907828844,0.2024638955522223,1.0,0.7354322212260843,0.5421439002129506,0.4746526001912616,0.7308359432510051,0.5433970760396934,0.4746502046445561,0.5421427268766822,0.5221791061347746,0.2858874968652338,0.2024663053043053,0.2998884616237753,0.4317681583913397,0.17509698559036752,0.01995537803013417,0.06693532249832605,0.012195879436482926,0.012231709419197868,0.0,0.0,0.37539507369988423,0.0,0.0,0.0,0.03132222407082375,0.1611011788950916,0.24914291496054958,0.24914482814091746,0.16109771903507114,0.031314705149617116,0.0,0.0,0.0,0.37543511308060884,0.0,0.0,0.0,0.0,0.0,0.0,0.0,0.0,0.0,0.0,0.0,0.0,0.0,0.0,0.0,0.0,0.0,0.0,0.0,0.0,0.0,0.0,0.0,0.0,0.0,0.0,0.0,0.0,0.0,0.0,0.0,0.0,0.0,0.0,0.0,0.0,0.0,0.0,0.0,0.0,0.0,0.0,0.0,0.0
0.29884844383183196,0.19356056406016617,0.0,0.0,0.0,0.08633964479297708,0.5451763689763345,0.4790002845748576,0.2139576630835534,0.05571752299886502,0.7354322212260843,1.0,0.736161185151011,0.5512976290341709,0.5451823606396141,0.47900011057963854,0.5512958189050782,0.7361602038812554,0.2988634897388186,0.08635166887887062,0.055722940358121184,0.2139565426031289,0.19358469052587274,0.0,0.0,0.0,0.0,0.0,0.0,0.0,0.15086570753274164,0.0,0.0,0.0,0.0,0.2546603259996884,0.48622239143984114,0.4862239034301019,0.2546579328963272,0.0,0.0,0.0,0.0,0.15089628296417515,0.0,0.0,0.0,0.0,0.0,0.0,0.0,0.0,0.0,0.0,0.0,0.0,0.0,0.0,0.0,0.0,0.0,0.0,0.0,0.0,0.0,0.0,0.0,0.0,0.0,0.0,0.0,0.0,0.0,0.0,0.0,0.0,0.0,0.0,0.0,0.0,0.0,0.0,0.0,0.0,0.0,0.0,0.0,0.0
0.21486572441648166,0.05028581661222158,0.0,0.0,0.0,0.0605805070860327,0.47641619319744943,0.5523353639799433,0.31241815139681983,0.10310366886503507,0.5421439002129506,0.736161185151011,1.0,0.7473485395222305,0.30480727255050866,0.21596871587808517,0.31196182284398133,0.5435025739559508,0.08381669936589532,0.0,0.0,0.0,0.032806819844398254,0.0,0.0,0.0,0.0,0.0,0.0,0.0,0.0,0.0,0.0,0.0,0.14252115702597326,0.49137956514396786,0.6858845297316762,0.39334586126783894,0.035349931015299,0.0,0.0,0.0,0.0,0.0375381889389,0.0,0.0,0.0,0.0,0.0,0.0,0.0,0.0,0.0,0.0,0.0,0.0,0.0,0.0,0.0,0.0,0.0,0.0,0.0,0.0,0.0,0.0,0.0,0.0,0.0,0.0,0.0,0.0,0.0,0.0,0.0,0.0,0.0,0.0,0.0,0.0,0.0,0.0,0.0,0.0,0.0,0.0,0.0,0.0
0.30489066154527794,0.08938105748107815,0.0,0.0,0.0,0.21506003879080882,0.5430541402670797,0.7361435581353426,0.5431541418376852,0.31146237020013817,0.4746526001912616,0.5512976290341709,0.7473485395222305,1.0,0.2118437127257101,0.05937437452503397,0.10276635055633455,0.3119622237724751,0.03830947520032649,0.0,0.0,0.0,0.05106388081738141,0.0,0.0,0.0,0.0,0.0,0.0,0.0,0.0,0.0,0.0,0.03563765222786921,0.3941975486368998,0.6859149247949563,0.4914718276300727,0.1415392314356744,0.0,0.0,0.0,0.0,0.0,0.09345959865718918,0.0,0.0,0.0,0.0,0.0,0.0,0.0,0.0,0.0,0.0,0.0,0.0,0.0,0.0,0.0,0.0,0.0,0.0,0.0,0.0,0.0,0.0,0.0,0.0,0.0,0.0,0.0,0.0,0.0,0.0,0.0,0.0,0.0,0.0,0.0,0.0,0.0,0.0,0.0,0.0,0.0,0.0,0.0,0.0
0.4078163693020568,0.4207031230921708,0.18611010843381204,0.0,0.0,0.15353110922939334,0.5198739556092257,0.2935364889665755,0.07144486712738062,0.017388837040301672,0.7308359432510051,0.5451823606396141,0.30480727255050866,0.2118437127257101,1.0,0.7368519126823904,0.5430560438591674,0.4764201009276097,0.7298258691711293,0.5375731764363144,0.47020266092419477,0.5418872784333755,0.5328119126968197,0.2971046874152104,0.20230901184262912,0.29731905526213254,0.08013092980478063,0.08085956070314107,0.0,0.0,0.42461811734491217,0.0,0.0,0.0,0.0,0.0,0.035393079038142886,0.1628535152050095,0.24982269290182088,0.24992051118347983,0.1564319812681996,0.025483581284342607,0.0,0.3759371033832233,0.0,0.0,0.0,0.0,0.0,0.0,0.0,0.0,0.0,0.0,0.0,0.0,0.0,0.0,0.0,0.0,0.0,0.0,0.0,0.0,0.0,0.0,0.0,0.0,0.0,0.0,0.0,0.0,0.0,0.0,0.0,0.0,0.0,0.0,0.0,0.0,0.0,0.0,0.0,0.0,0.0,0.0,0.0,0.0
0.1714102857146081,0.22139420360554296,0.00012437685239343577,0.0,0.0,0.0,0.2935208259695467,0.08718540482234757,0.0,0.0,0.5433970760396934,0.47900011057963854,0.21596871587808517,0.05937437452503397,0.7368519126823904,1.0,0.7361445226085854,0.552336038435248,0.5455489284929612,0.4766022781798901,0.5487946388959233,0.7348686296781575,0.30536254563421034,0.09639506806511772,0.05776108060936186,0.21494612421847448,0.0,0.0,0.0,0.0,0.270642368628067,0.0,0.0,0.0,0.0,0.0,0.0,0.2557679759280604,0.4857151595739198,0.48595123310837623,0.25241345737580434,0.0,0.0,0.12429723968937283,0.0,0.0,0.0,0.0,0.0,0.0,0.0,0.0,0.0,0.0,0.0,0.0,0.0,0.0,0.0,0.0,0.0,0.0,0.0,0.0,0.057486567399993416,0.0,0.0,0.0,0.0,0.0,0.0,0.0,0.0,0.0,0.0,0.0,0.0,0.0,0.0,0.0,0.0,0.0,0.0,0.0,0.1219691551986034,0.0,0.0,0.0
0.03826614116455228,0.050986784936303056,0.0,0.0,0.0,0.0,0.21182650587982385,0.05936756942407863,0.0,0.0,0.4746502046445561,0.5512958189050782,0.31196182284398133,0.10276635055633455,0.5430560438591674,0.7361445226085854,1.0,0.7473476072573078,0.3048936197760926,0.21506025529444903,0.31146147380062855,0.5431499209088726,0.08938088845951744,0.0,0.0,0.0,0.0,0.0,0.0,0.0,0.0933604195979092,0.0,0.0,0.0,0.0,0.0,0.1415399953371623,0.49147432409248926,0.6859144364694888,0.3941901777002921,0.03563804269479845,0.0,0.0,0.0,0.0,0.0,0.0,0.0,0.0,0.0,0.0,0.0,0.0,0.0,0.0,0.0,0.0,0.0,0.0,0.0,0.0,0.0,0.0,0.0,0.0,0.0,0.0,0.0,0.0,0.0,0.0,0.0,0.0,0.0,0.0,0.0,0.0,0.0,0.0,0.0,0.0,0.0,0.0,0.0,0.013169626563442482,0.0019601756581978914,0.0,0.0
0.08378724372782066,0.03275934272455991,0.0,0.0,0.0,0.0,0.3047950351222265,0.21596415441938172,0.0,0.0,0.5421427268766822,0.7361602038812554,0.5435025739559508,0.3119622237724751,0.4764201009276097,0.552336038435248,0.7473476072573078,1.0,0.21487420038993743,0.060586356416137264,0.10310601789791636,0.3124155239663449,0.05029503075149982,0.0,0.0,0.0,0.0,0.0,0.0,0.0,0.03747997614941654,0.0,0.0,0.0,0.0,0.03535166051045153,0.393346618891595,0.6858881847204712,0.49137877004744324,0.14251400622327795,0.0,0.0,0.0,0.0,0.0,0.0,0.0,0.0,0.0,0.0,0.0,0.0,0.0,0.0,0.0,0.0,0.0,0.0,0.0,0.0,0.0,0.0,0.0,0.0,0.0,0.0,0.0,0.0,0.0,0.0,0.0,0.0,0.0,0.0,0.0,0.0,0.0,0.0,0.0,0.0,0.0,0.0,0.0,0.0,0.0,0.0,0.0,0.0
0.38394001111832327,0.43152893316272967,0.24909756694332183,0.06574136037259479,0.03206808348361787,0.16171837867798747,0.40784212687530186,0.17145758541016853,0.0,0.0,0.5221791061347746,0.2988634897388186,0.08381669936589532,0.03830947520032649,0.7298258691711293,0.5455489284929612,0.3048936197760926,0.21487420038993743,1.0,0.7350238268269824,0.5420708025360027,0.4771812822607453,0.7383141197965785,0.5469810942768965,0.47240034662177627,0.5435460011264129,0.15773573306611824,0.3056168428186349,0.006735272821542083,0.07162157550646024,0.39812542675014717,0.0,0.0,0.0,0.0,0.0,0.0,0.0,0.0345610439124778,0.16324214250620186,0.24827101185140832,0.250146859270417,0.15870846367189034,0.4860081783636383,0.0,0.0,0.0,0.0,0.0,0.0,0.0,0.0,0.0,0.0,0.0,0.0,0.0,0.0,0.0,0.0,0.0,0.0,0.0,0.0,0.0,0.0,0.0,0.0,0.0,0.0,0.0,0.0,0.0,0.0,0.0,0.0,0.0,0.0,0.0,0.0,0.0,0.0,0.0,0.0,0.0,0.0,0.0,0.0
0.1616994199016416,0.27454451831709725,0.14580353881065394,0.0,0.0,0.0,0.15354562259949725,0.0,0.0,0.0,0.2858874968652338,0.08635166887887062,0.0,0.0,0.5375731764363144,0.4766022781798901,0.21506025529444903,0.060586356416137264,0.7350238268269824,1.0,0.7354864870566541,0.5524507499847673,0.5500700665792537,0.48131466582218435,0.5489920203298705,0.7375465027899129,0.13223211992299058,0.21596702267273227,0.03594324193555242,0.0,0.27208674534268174,0.0,0.0,0.0,0.0,0.0,0.0,0.0,0.0,0.2559109975145497,0.48483063933020043,0.48746291531916963,0.2529457241062194,0.2543327718242794,0.0,0.0,0.0,0.0,0.0,0.0,0.0,0.0,0.0,0.0,0.0,0.0,0.0,0.0,0.0,0.0,0.0,0.0,0.0,0.0,0.12994968750626892,0.1367767220359702,0.0,0.0,0.0,0.0,0.0,0.0,0.0,0.0,0.0,0.0,0.0,0.0,0.0,0.0,0.0,0.0,0.0,0.1555663636063126,0.13780872630256163,0.0,0.0,0.0
0.0,0.13014723942281742,0.0,0.0,0.0,0.0,0.01738353437621146,0.0,0.0,0.0,0.2024663053043053,0.055722940358121184,0.0,0.0,0.47020266092419477,0.5487946388959233,0.31146147380062855,0.10310601789791636,0.5420708025360027,0.7354864870566541,1.0,0.7479089043561536,0.30804334181661275,0.21789268180002214,0.3090639246735007,0.5428890478971511,0.02051251691469691,0.0,0.0,0.0,0.1752424182445504,0.0,0.0,0.0,0.0,0.0,0.0,0.0,0.14236565579588245,0.4926203515699249,0.6859469177965015,0.39211033745050783,0.033116021383805865,0.03156587713537731,0.0,0.0,0.0,0.0,0.0,0.0,0.0,0.0,0.0,0.0,0.0,0.0,0.0,0.0,0.0,0.05748656739999358,0.0,0.0,0.0,0.1299496875062691,0.33158673810855654,0.2916736753603338,0.0,0.0,0.0,0.06375398861834847,0.0,0.0,0.0,0.0,0.0,0.0,0.0,0.0,0.0,0.0,0.0,0.0,0.0,0.25646091478852884,0.33703962269905713,0.03554936537118342,0.0,0.0
0.0,0.10338092231546457,0.0,0.0,0.0,0.0,0.07142873803674468,0.0,0.0,0.0,0.2998884616237753,0.2139565426031289,0.0,0.0,0.5418872784333755,0.7348686296781575,0.5431499209088726,0.3124155239663449,0.4771812822607453,0.5524507499847673,0.7479089043561536,1.0,0.2189398097589912,0.0667743134049062,0.10368594991911811,0.314204923171385,0.0,0.0,0.0,0.0,0.1688168000272383,0.0,0.0,0.0,0.0,0.0,0.0,0.036564822833740074,0.39314197216619595,0.6858570808831166,0.49192885648779294,0.14188680386498415,0.0,0.0,0.0,0.0,0.0,0.0,0.0,0.0,0.0,0.0,0.0,0.0,0.0,0.0,0.0,0.0,0.0,0.0,0.0,0.0,0.0,0.13677672203597036,0.29167367536033384,0.17309255857227504,0.0,0.0,0.0,0.14344180409843024,0.0,0.0,0.0,0.0,0.0,0.0,0.0,0.0,0.0,0.0,0.0,0.0,0.0,0.09254524540239199,0.33447597117571926,0.15680786960103277,0.0,0.0
0.43161685558877716,0.4127368193089193,0.2624606433500792,0.14587960164684266,0.15253233456534146,0.2746631522506599,0.42078270999271683,0.22149546072658827,0.1035087602223244,0.13028500348029987,0.4317681583913397,0.19358469052587274,0.032806819844398254,0.05106388081738141,0.5328119126968197,0.30536254563421034,0.08938088845951744,0.05029503075149982,0.7383141197965785,0.5500700665792537,0.30804334181661275,0.2189398097589912,1.0,0.7425832265249143,0.5485827216375254,0.48344454281215016,0.12099702845763054,0.5479757281252601,0.0,0.32375958795032767,0.2900943577585282,0.0,0.0,0.0,0.0,0.0,0.0,0.0,0.0,0.0,0.03585354897355231,0.16941122983924964,0.25472512389950586,0.6868640100487787,0.0,0.0,0.0,0.0,0.0,0.0,0.0,0.0,0.0,0.0,0.0,0.0,0.0,0.0,0.0,0.0,0.0,0.0,0.0,0.0,0.0,0.0,0.0,0.0,0.0,0.0,0.0,0.0,0.0,0.0,0.0,0.0,0.0,0.0,0.0,0.0,0.0,0.0,0.0,0.0,0.0,0.0,0.0,0.0
0.24919138954984163,0.26246231614720233,0.18645675245814158,0.10365533119028329,0.08584267079000354,0.1459452013210733,0.1861904919467707,0.00023587535821878447,0.0,0.0,0.17509698559036752,0.0,0.0,0.0,0.2971046874152104,0.09639506806511772,0.0,0.0,0.5469810942768965,0.48131466582218435,0.21789268180002214,0.0667743134049062,0.7425832265249143,1.0,0.7375057226617646,0.5545983378564235,0.0770708425258674,0.7344844426694858,0.0,0.49121099238395616,0.11968425777168365,0.0,0.0,0.0,0.0,0.0,0.0,0.0,0.0,0.0,0.0,0.25810817863106683,0.4850354523352129,0.4926869844199821,0.0,0.0,0.0,0.0,0.0,0.0,0.0,0.0,0.0,0.0,0.0,0.0,0.0,0.0,0.0,0.0,0.0,0.0,0.0,0.0,0.0,0.0,0.0,0.0,0.0,0.0,0.0,0.0,0.0,0.0,0.0,0.0,0.0,0.0,0.0,0.0,0.0,0.0,0.0,0.0,0.0,0.0,0.0,0.0
0.065788928901872,0.1458279294849245,0.10358465674846377,0.0,0.0,0.0,0.0,0.0,0.0,0.0,0.01995537803013417,0.0,0.0,0.0,0.20230901184262912,0.05776108060936186,0.0,0.0,0.47240034662177627,0.5489920203298705,0.3090639246735007,0.10368594991911811,0.5485827216375254,0.7375057226617646,1.0,0.7454798153049244,0.06827563293530929,0.5430347577542166,0.0,0.31987818267037643,0.04266049057047079,0.0,0.0,0.0,0.0,0.0,0.0,0.0,0.0,0.0,0.13648278217907475,0.49147024881407764,0.6862586358284597,0.25614399420799366,0.0,0.0,0.0,0.0,0.0,0.0,0.0,0.0,0.0,0.0,0.0,0.0,0.0,0.0,0.0,0.0,0.0,0.0,0.0,0.0,0.0,0.0,0.0,0.0,0.0,0.0,0.0,0.0,0.0,0.0,0.0,0.0,0.0,0.0,0.0,0.0,0.0,0.0,0.0,0.0034669682653223587,0.0,0.0,0.0,0.0
0.03207183754990056,0.1524319821788549,0.08571143209602744,0.0,0.0,0.0,0.0,0.0,0.0,0.0,0.06693532249832605,0.0,0.0,0.0,0.29731905526213254,0.21494612421847448,0.0,0.0,0.5435460011264129,0.7375465027899129,0.5428890478971511,0.314204923171385,0.48344454281215016,0.5545983378564235,0.7454798153049244,1.0,0.09432756563846698,0.31206443810320683,0.01740504663092123,0.07805061604872056,0.10798717692923554,0.0,0.0,0.0,0.0,0.0,0.0,0.0,0.0,0.03785365556403355,0.3900459266498295,0.6859223181222762,0.4894703115918087,0.17053177478843481,0.0,0.0,0.0,0.0,0.0,0.0,0.0,0.0,0.0,0.0,0.0,0.0,0.0,0.0,0.0,0.0,0.0,0.0,0.0,0.0,0.06375398861834815,0.14344180409842994,0.0,0.0,0.0,0.0,0.0,0.0,0.0,0.0,0.0,0.0,0.0,0.0,0.0,0.0,0.0,0.0,0.0,0.200881748459466,0.029911051129018464,0.0,0.0,0.0
0.3056137682332334,0.5479722080025765,0.7344828325332209,0.5430352023584603,0.3120667113142717,0.2159689442343017,0.08085060023775296,0.0,0.0,0.0,0.012195879436482926,0.0,0.0,0.0,0.08013092980478063,0.0,0.0,0.0,0.15773573306611824,0.13223211992299058,0.02051251691469691,0.0,0.12099702845763054,0.0770708425258674,0.06827563293530929,0.09432756563846698,1.0,0.0,0.7567229374475983,0.0,0.39974470030430814,0.38932638948828113,0.035507957028266396,0.0,0.0,0.0,0.0,0.0,0.0,0.0,0.0,0.0,0.0,0.0,0.0,0.0,0.0,0.0,0.0,0.0,0.0,0.0,0.0,0.0,0.0,0.0,0.0,0.0,0.0,0.0,0.0,0.0,0.0,0.0,0.0,0.0,0.0,0.0,0.0,0.0,0.0,0.0,0.0,0.0,0.0,0.0,0.0,0.0,0.0,0.0,0.0,0.0,0.0,0.0,0.0,0.0,0.0,0.0
0.15787881676986376,0.12105551939286505,0.07714533664782816,0.06843734402348792,0.09455651566309506,0.13245169002830776,0.08023650714806267,0.0,0.0,0.02075853753128555,0.012231709419197868,0.0,0.0,0.0,0.08085956070314107,0.0,0.0,0.0,0.3056168428186349,0.21596702267273227,0.0,0.0,0.5479757281252601,0.7344844426694858,0.5430347577542166,0.31206443810320683,0.0,1.0,0.0,0.7567249491907871,0.0,0.0,0.0,0.0,0.0,0.0,0.0,0.0,0.0,0.0,0.0,0.035502601569004824,0.389325809910002,0.39974492568597136,0.0,0.0,0.0,0.0,0.0,0.0,0.0,0.0,0.0,0.0,0.0,0.0,0.0,0.0,0.0,0.0,0.0,0.0,0.0,0.0,0.0,0.0,0.0,0.0,0.0,0.0,0.0,0.0,0.0,0.0,0.0,0.0,0.0,0.0,0.0,0.0,0.0,0.0,0.0,0.0,0.0,0.0,0.0,0.0
0.07161387103757696,0.3237504688852772,0.4912073874848219,0.3198807000310533,0.07805408892037105,0.0,0.0,0.0,0.0,0.0,0.0,0.0,0.0,0.0,0.0,0.0,0.0,0.0,0.006735272821542083,0.03594324193555242,0.0,0.0,0.0,0.0,0.0,0.01740504663092123,0.7567229374475983,0.0,1.0,0.0,0.23310516771897802,0.22327235263064865,0.0,0.0,0.0,0.0,0.0,0.0,0.0,0.0,0.0,0.0,0.0,0.0,0.0,0.0,0.0,0.0,0.0,0.0,0.0,0.0,0.0,0.0,0.0,0.0,0.0,0.0,0.0,0.0,0.0,0.0,0.0,0.0,0.0,0.0,0.0,0.0,0.0,0.0,0.0,0.0,0.0,0.0,0.0,0.0,0.0,0.0,0.0,0.0,0.0,0.0,0.0,0.0,0.0,0.0,0.0,0.0
0.006914860454892774,0.0,0.0,0.0,0.017711843729919106,0.03622195497505803,0.0,0.0,0.0,0.0,0.0,0.0,0.0,0.0,0.0,0.0,0.0,0.0,0.07162157550646024,0.0,0.0,0.0,0.32375958795032767,0.49121099238395616,0.31987818267037643,0.07805061604872056,0.0,0.7567249491907871,0.0,1.0,0.0,0.0,0.0,0.0,0.0,0.0,0.0,0.0,0.0,0.0,0.0,0.0,0.2232658020103803,0.2331154502107182,0.0,0.0,0.0,0.0,0.0,0.0,0.0,0.0,0.0,0.0,0.0,0.0,0.0,0.0,0.0,0.0,0.0,0.0,0.0,0.0,0.0,0.0,0.0,0.0,0.0,0.0,0.0,0.0,0.0,0.0,0.0,0.0,0.0,0.0,0.0,0.0,0.0,0.0,0.0,0.0,0.0,0.0,0.0,0.0
0.48601108843231017,0.6868679062533669,0.492689881084806,0.25614701072049045,0.17053668084382476,0.25433862300204535,0.37593086207328585,0.12430110044706957,0.0,0.031573147706863085,0.37539507369988423,0.15086570753274164,0.0,0.0,0.42461811734491217,0.270642368628067,0.0933604195979092,0.03747997614941654,0.39812542675014717,0.27208674534268174,0.1752424182445504,0.1688168000272383,0.2900943577585282,0.11968425777168365,0.04266049057047079,0.10798717692923554,0.39974470030430814,0.0,0.23310516771897802,0.0,1.0,0.0,0.0,0.0,0.0,0.0,0.0,0.0,0.0,0.0,0.0,0.0,0.0,0.16681454369661713,0.0,0.0,0.0,0.0,0.0,0.0,0.0,0.0,0.0,0.0,0.0,0.0,0.0,0.0,0.0,0.0,0.0,0.0,0.0,0.0,0.0,0.0,0.0,0.0,0.0,0.0,0.0,0.0,0.0,0.0,0.0,0.0,0.0,0.0,0.0,0.0,0.0,0.0,0.0,0.0,0.0,0.0,0.0,0.0
0.1587041458620952,0.2547220790020392,0.4850345943230945,0.686257857427588,0.48947110724783904,0.25294576773391303,0.0,0.0,0.0,0.03312055600063226,0.0,0.0,0.0,0.0,0.0,0.0,0.0,0.0,0.0,0.0,0.0,0.0,0.0,0.0,0.0,0.0,0.38932638948828113,0.0,0.22327235263064865,0.0,0.0,1.0,0.4067017841468645,0.0,0.0,0.0,0.0,0.0,0.0,0.0,0.0,0.0,0.0,0.0,0.0,0.0,0.0,0.0,0.0,0.0,0.0,0.0,0.0,0.0,0.0,0.0,0.0,0.0,0.0,0.0,0.0,0.0,0.0,0.0,0.0,0.0,0.0,0.0,0.0,0.0,0.0,0.0,0.0,0.0,0.0,0.0,0.0,0.0,0.0,0.0,0.0,0.0,0.0,0.0,0.0,0.0,0.0,0.0
0.25014792079670517,0.16941558315771857,0.25811406669438636,0.4914744165427535,0.6859260987529732,0.4874661887176858,0.025483906226325393,0.0,0.1418912530565126,0.39211671815806226,0.0,0.0,0.0,0.0,0.0,0.0,0.0,0.0,0.0,0.0,0.0,0.0,0.0,0.0,0.0,0.0,0.035507957028266396,0.0,0.0,0.0,0.0,0.4067017841468645,1.0,0.4191408026157245,0.0,0.0,0.0,0.0,0.0,0.0,0.0,0.0,0.0,0.0,0.0,0.0,0.0,0.0,0.0,0.0,0.0,0.0,0.0,0.0,0.0,0.0,0.0,0.0,0.0,0.0,0.0,0.0,0.0,0.0,0.0,0.0,0.0,0.0,0.0,0.0,0.0,0.0,0.0,0.0,0.0,0.0,0.0,0.0,0.0,0.0,0.0,0.0,0.0,0.0,0.0,0.0,0.0,0.0
0.24827041319120452,0.03585940614265134,0.0,0.13649191663765983,0.39005295985836536,0.4848327925120405,0.1564296426012716,0.25241138098870125,0.49192438351674683,0.6859460291268232,0.0,0.0,0.0,0.03563765222786921,0.0,0.0,0.0,0.0,0.0,0.0,0.0,0.0,0.0,0.0,0.0,0.0,0.0,0.0,0.0,0.0,0.0,0.0,0.4191408026157245,1.0,0.40867421361811673,0.0,0.0,0.0,0.0,0.0,0.0,0.0,0.0,0.0,0.0,0.0,0.0,0.0,0.0,0.0,0.0,0.0,0.0,0.0,0.0,0.0,0.0,0.0,0.0,0.0,0.0,0.0,0.0,0.0,0.0,0.0,0.0,0.0,0.0,0.0,0.0,0.0,0.0,0.0,0.0,0.0,0.0,0.0,0.0,0.0,0.0,0.0,0.0,0.0,0.0,0.0,0.0,0.0
0.16324234732414317,0.0,0.0,0.0,0.037856033784240815,0.25591191141166236,0.249922745987516,0.4859534548460489,0.6858584814863941,0.49261908353149914,0.03132222407082375,0.0,0.14252115702597326,0.3941975486368998,0.0,0.0,0.0,0.0,0.0,0.0,0.0,0.0,0.0,0.0,0.0,0.0,0.0,0.0,0.0,0.0,0.0,0.0,0.0,0.40867421361811673,1.0,0.42561651851149035,0.0,0.0,0.0,0.0,0.0,0.0,0.0,0.0,0.0,0.0,0.0,0.0,0.0,0.0,0.0,0.0,0.0,0.0,0.0,0.0,0.0,0.0,0.0,0.0,0.0,0.0,0.0,0.0,0.0,0.0,0.0,0.0,0.0,0.0,0.0,0.0,0.0,0.0,0.0,0.0,0.0,0.0,0.0,0.0,0.0,0.0,0.0,0.0,0.0,0.0,0.0,0.0
0.034560661326957495,0.0,0.0,0.0,0.0,0.0,0.2498221807601992,0.48571488879066926,0.3931486976521616,0.14236984944511477,0.1611011788950916,0.2546603259996884,0.49137956514396786,0.6859149247949563,0.0,0.0,0.0,0.03535166051045153,0.0,0.0,0.0,0.0,0.0,0.0,0.0,0.0,0.0,0.0,0.0,0.0,0.0,0.0,0.0,0.0,0.42561651851149035,1.0,0.40652805908188344,0.0,0.0,0.0,0.0,0.0,0.0,0.0,0.0,0.0,0.0,0.0,0.0,0.0,0.0,0.0,0.0,0.0,0.0,0.0,0.0,0.0,0.0,0.0,0.0,0.0,0.0,0.0,0.0,0.0,0.0,0.0,0.0,0.0,0.0,0.0,0.0,0.0,0.0,0.0,0.0,0.0,0.0,0.0,0.0,0.0,0.0,0.0,0.0,0.0,0.0,0.0
0.0,0.0,0.0,0.0,0.0,0.0,0.16284532401030108,0.2557628420368661,0.03656352816950055,0.0,0.24914291496054958,0.48622239143984114,0.6858845297316762,0.4914718276300727,0.035393079038142886,0.0,0.1415399953371623,0.393346618891595,0.0,0.0,0.0,0.0,0.0,0.0,0.0,0.0,0.0,0.0,0.0,0.0,0.0,0.0,0.0,0.0,0.0,0.40652805908188344,1.0,0.42405268379498406,0.0,0.0,0.0,0.0,0.0,0.0,0.0,0.0,0.0,0.0,0.0,0.0,0.0,0.0,0.0,0.0,0.0,0.0,0.0,0.0,0.0,0.0,0.0,0.0,0.0,0.0,0.0,0.0,0.0,0.0,0.0,0.0,0.0,0.0,0.0,0.0,0.0,0.0,0.0,0.0,0.0,0.0,0.0,0.0,0.0,0.0,0.0,0.0,0.0,0.0
0.0,0.0,0.0,0.0,0.0,0.0,0.03538286793830922,0.0,0.0,0.0,0.24914482814091746,0.4862239034301019,0.39334586126783894,0.1415392314356744,0.1628535152050095,0.2557679759280604,0.49147432409248926,0.6858881847204712,0.0,0.0,0.0,0.036564822833740074,0.0,0.0,0.0,0.0,0.0,0.0,0.0,0.0,0.0,0.0,0.0,0.0,0.0,0.0,0.42405268379498406,1.0,0.4065303892343551,0.0,0.0,0.0,0.0,0.0,0.0,0.0,0.0,0.0,0.0,0.0,0.0,0.0,0.0,0.0,0.0,0.0,0.0,0.0,0.0,0.0,0.0,0.0,0.0,0.0,0.0,0.0,0.0,0.0,0.0,0.0,0.0,0.0,0.0,0.0,0.0,0.0,0.0,0.0,0.0,0.0,0.0,0.0,0.0,0.0,0.0,0.0,0.0,0.0
0.0,0.0,0.0,0.0,0.0,0.0,0.0,0.0,0.0,0.0,0.16109771903507114,0.2546579328963272,0.035349931015299,0.0,0.24982269290182088,0.4857151595739198,0.6859144364694888,0.49137877004744324,0.0345610439124778,0.0,0.14236565579588245,0.39314197216619595,0.0,0.0,0.0,0.0,0.0,0.0,0.0,0.0,0.0,0.0,0.0,0.0,0.0,0.0,0.0,0.4065303892343551,1.0,0.4256035534646791,0.0,0.0,0.0,0.0,0.0,0.0,0.0,0.0,0.0,0.0,0.0,0.0,0.0,0.0,0.0,0.0,0.0,0.0,0.0,0.0,0.0,0.0,0.0,0.0,0.0,0.0,0.0,0.0,0.0,0.0,0.0,0.0,0.0,0.0,0.0,0.0,0.0,0.0,0.0,0.0,0.0,0.0,0.0,0.0,0.0,0.04671226927478844,0.0,0.0
0.0,0.0,0.0,0.0,0.0,0.0,0.0,0.0,0.0,0.0,0.031314705149617116,0.0,0.0,0.0,0.24992051118347983,0.48595123310837623,0.3941901777002921,0.14251400622327795,0.16324214250620186,0.2559109975145497,0.4926203515699249,0.6858570808831166,0.0,0.0,0.0,0.03785365556403355,0.0,0.0,0.0,0.0,0.0,0.0,0.0,0.0,0.0,0.0,0.0,0.0,0.4256035534646791,1.0,0.40868111120848943,0.0,0.0,0.0,0.0,0.0,0.0,0.0,0.0,0.0,0.0,0.0,0.0,0.0,0.0,0.0,0.0,0.0,0.0,0.0,0.0,0.0,0.0,0.20097090035265258,0.33131314350671154,0.11955605865380722,0.0,0.0,0.004478858524579337,0.2595123066222767,0.0,0.0,0.0,0.0,0.0,0.0,0.0,0.0,0.0,0.0,0.0,0.0,0.0,0.0,0.36733238029215004,0.2789702714553427,0.0,0.0
0.0,0.0,0.0,0.0,0.0,0.0,0.0,0.0,0.0,0.0,0.0,0.0,0.0,0.0,0.1564319812681996,0.25241345737580434,0.03563804269479845,0.0,0.24827101185140832,0.48483063933020043,0.6859469177965015,0.49192885648779294,0.03585354897355231,0.0,0.13648278217907475,0.3900459266498295,0.0,0.0,0.0,0.0,0.0,0.0,0.0,0.0,0.0,0.0,0.0,0.0,0.0,0.40868111120848943,1.0,0.41912763617659726,0.0,0.0,0.0,0.0,0.0,0.0,0.0,0.0,0.0,0.0,0.0,0.0,0.0,0.0,0.0,0.0,0.0,0.15756780815130564,0.01701339316808359,0.0,0.0,0.17803041196981628,0.43541003889351854,0.43209814458107226,0.0,0.0,0.0,0.03864107083653103,0.0,0.0,0.0,0.0,0.0,0.0,0.0,0.0,0.0,0.0,0.0,0.0,0.0,0.36733238029215004,0.36831516609530507,0.0,0.0,0.0
0.0,0.0,0.0,0.0,0.0,0.0,0.0,0.0,0.0,0.0,0.0,0.0,0.0,0.0,0.025483581284342607,0.0,0.0,0.0,0.250146859270417,0.48746291531916963,0.39211033745050783,0.14188680386498415,0.16941122983924964,0.25810817863106683,0.49147024881407764,0.6859223181222762,0.0,0.035502601569004824,0.0,0.0,0.0,0.0,0.0,0.0,0.0,0.0,0.0,0.0,0.0,0.0,0.41912763617659726,1.0,0.406698837735149,0.0,0.0,0.0,0.0,0.0,0.0,0.0,0.0,0.0,0.0,0.0,0.0,0.0,0.0,0.0,0.0,0.0,0.0025322843431266756,0.0,0.0,0.0,0.045925017465164975,0.20257475977166928,0.0,0.0,0.0,0.0,0.0,0.0,0.0,0.0,0.0,0.0,0.0,0.0,0.0,0.0,0.0,0.0,0.04671226927478833,0.278970271455343,0.0,0.0,0.0,0.0
0.0,0.0,0.0,0.0,0.0,0.0,0.0,0.0,0.0,0.0,0.0,0.0,0.0,0.0,0.0,0.0,0.0,0.0,0.15870846367189034,0.2529457241062194,0.033116021383805865,0.0,0.25472512389950586,0.4850354523352129,0.6862586358284597,0.4894703115918087,0.0,0.389325809910002,0.0,0.2232658020103803,0.0,0.0,0.0,0.0,0.0,0.0,0.0,0.0,0.0,0.0,0.0,0.406698837735149,1.0,0.0,0.0,0.0,0.0,0.0,0.0,0.0,0.0,0.0,0.0,0.0,0.0,0.0,0.0,0.0,0.0,0.0,0.0,0.0,0.0,0.0,0.0,0.0,0.0,0.0,0.0,0.0,0.0,0.0,0.0,0.0,0.0,0.0,0.0,0.0,0.0,0.0,0.0,0.0,0.0,0.0,0.0,0.0,0.0,0.0
0.39828411073192443,0.2901644499927111,0.1197573745308933,0.04278345583489985,0.10815839108241312,0.2722810835408393,0.4247461644307724,0.270787987244477,0.16899956814879372,0.17544723979440172,0.37543511308060884,0.15089628296417515,0.0375381889389,0.09345959865718918,0.3759371033832233,0.12429723968937283,0.0,0.0,0.4860081783636383,0.2543327718242794,0.03156587713537731,0.0,0.6868640100487787,0.4926869844199821,0.25614399420799366,0.17053177478843481,0.0,0.39974492568597136,0.0,0.2331154502107182,0.16681454369661713,0.0,0.0,0.0,0.0,0.0,0.0,0.0,0.0,0.0,0.0,0.0,0.0,1.0,0.0,0.0,0.0,0.0,0.0,0.0,0.0,0.0,0.0,0.0,0.0,0.0,0.0,0.0,0.0,0.0,0.0,0.0,0.0,0.0,0.0,0.0,0.0,0.0,0.0,0.0,0.0,0.0,0.0,0.0,0.0,0.0,0.0,0.0,0.0,0.0,0.0,0.0,0.0,0.0,0.0,0.0,0.0,0.0
0.0,0.0,0.0,0.0,0.0,0.0,0.0,0.0,0.0,0.0,0.0,0.0,0.0,0.0,0.0,0.0,0.0,0.0,0.0,0.0,0.0,0.0,0.0,0.0,0.0,0.0,0.0,0.0,0.0,0.0,0.0,0.0,0.0,0.0,0.0,0.0,0.0,0.0,0.0,0.0,0.0,0.0,0.0,0.0,1.0,0.7383146384209069,0.5469795489774771,0.47239680736627687,0.5435426711888486,0.7350223316565194,0.7298227342966301,0.5455487799772363,0.47718016729900115,0.5420700195033963,0.5221660132493725,0.29884844383183173,0.21486572441648166,0.3048906615452778,0.40781636930205684,0.1714102857146081,0.03826614116455195,0.0837872437278205,0.38394001111832315,0.1616994199016416,0.0,0.0,0.4316168555887775,0.24919138954984196,0.06578892890187217,0.03207183754990056,0.30561376823323344,0.1578788167698641,0.07161387103757696,0.006914860454892938,0.48601108843230995,0.1587041458620952,0.25014792079670545,0.24827041319120477,0.16324234732414325,0.034560661326957495,0.0,0.0,0.0,0.0,0.0,0.0,0.0,0.39828411073192443
0.0,0.0,0.0,0.0,0.0,0.0,0.0,0.0,0.0,0.0,0.0,0.0,0.0,0.0,0.0,0.0,0.0,0.0,0.0,0.0,0.0,0.0,0.0,0.0,0.0,0.0,0.0,0.0,0.0,0.0,0.0,0.0,0.0,0.0,0.0,0.0,0.0,0.0,0.0,0.0,0.0,0.0,0.0,0.0,0.7383146384209069,1.0,0.7425814591543757,0.5485807328169057,0.483444974567881,0.5500728139725902,0.5328065019051466,0.30536547276223724,0.21894401883812134,0.30804786614553487,0.4317397520350243,0.193560564060166,0.05028581661222158,0.08938105748107782,0.4207031230921709,0.22139420360554296,0.05098678493630289,0.03275934272455991,0.43152893316272967,0.2745445183170974,0.13014723942281792,0.10338092231546489,0.4127368193089196,0.2624623161472025,0.14582792948492468,0.15243198217885506,0.5479722080025768,0.12105551939286521,0.3237504688852774,0.0,0.6868679062533669,0.2547220790020392,0.16941558315771857,0.03585940614265117,0.0,0.0,0.0,0.0,0.0,0.0,0.0,0.0,0.0,0.29016444999271096
0.0,0.0,0.0,0.0,0.0,0.0,0.0,0.0,0.0,0.0,0.0,0.0,0.0,0.0,0.0,0.0,0.0,0.0,0.0,0.0,0.0,0.0,0.0,0.0,0.0,0.0,0.0,0.0,0.0,0.0,0.0,0.0,0.0,0.0,0.0,0.0,0.0,0.0,0.0,0.0,0.0,0.0,0.0,0.0,0.5469795489774771,0.7425814591543757,1.0,0.737506153577777,0.5546011911771009,0.48131795435978997,0.29709814911889376,0.09639767246537351,0.06677916527618213,0.2178989079822505,0.175068104629881,0.0,0.0,0.0,0.1861101084338122,0.00012437685239360025,0.0,0.0,0.24909756694332216,0.14580353881065425,0.0,0.0,0.26246064335007985,0.18645675245814222,0.10358465674846411,0.08571143209602776,0.7344828325332209,0.07714533664782881,0.49120738748482184,0.0,0.49268988108480616,0.4850345943230943,0.25811406669438647,0.0,0.0,0.0,0.0,0.0,0.0,0.0,0.0,0.0,0.0,0.11975737453089345
0.0,0.0,0.0,0.0,0.0,0.0,0.0,0.0,0.0,0.0,0.0,0.0,0.0,0.0,0.0,0.0,0.0,0.0,0.0,0.0,0.0,0.0,0.0,0.0,0.0,0.0,0.0,0.0,0.0,0.0,0.0,0.0,0.0,0.0,0.0,0.0,0.0,0.0,0.0,0.0,0.0,0.0,0.0,0.0,0.47239680736627687,0.5485807328169057,0.737506153577777,1.0,0.7454815230163095,0.5489930045143545,0.2023025031308441,0.057762103585088376,0.10368856542555359,0.30906866805352573,0.019932610394428864,0.0,0.0,0.0,0.0,0.0,0.0,0.0,0.06574136037259495,0.0,0.0,0.0,0.14587960164684316,0.10365533119028378,0.0,0.0,0.5430352023584605,0.06843734402348825,0.31988070003105357,0.0,0.25614701072049056,0.686257857427588,0.4914744165427536,0.13649191663766,0.0,0.0,0.0,0.0,0.0,0.0,0.0,0.0,0.0,0.04278345583489985
0.0,0.0,0.0,0.0,0.0,0.0,0.0,0.0,0.0,0.0,0.0,0.0,0.0,0.0,0.0,0.0,0.0,0.0,0.0,0.0,0.0,0.0,0.0,0.0,0.0,0.0,0.0,0.0,0.0,0.0,0.0,0.0,0.0,0.0,0.0,0.0,0.0,0.0,0.0,0.0,0.0,0.0,0.0,0.0,0.5435426711888486,0.483444974567881,0.5546011911771009,0.7454815230163095,1.0,0.7375459788856181,0.29731424479384055,0.21494667091451913,0.31420576959752256,0.5428921828327238,0.06692040678749367,0.0,0.0,0.0,0.0,0.0,0.0,0.0,0.03206808348361754,0.0,0.0,0.0,0.15253233456534163,0.08584267079000354,0.0,0.0,0.3120667113142717,0.09455651566309506,0.07805408892037105,0.017711843729918943,0.1705366808438245,0.48947110724783904,0.6859260987529734,0.3900529598583655,0.037856033784240815,0.0,0.0,0.0,0.0,0.0,0.0,0.0,0.0,0.10815839108241279
0.0,0.0,0.0,0.0,0.0,0.0,0.0,0.0,0.0,0.0,0.0,0.0,0.0,0.0,0.0,0.0,0.0,0.0,0.0,0.0,0.0,0.0,0.0,0.0,0.0,0.0,0.0,0.0,0.0,0.0,0.0,0.0,0.0,0.0,0.0,0.0,0.0,0.0,0.0,0.0,0.0,0.0,0.0,0.0,0.7350223316565194,0.5500728139725902,0.48131795435978997,0.5489930045143545,0.7375459788856181,1.0,0.5375704098712472,0.47660292792303005,0.5524505057907281,0.7354878822164836,0.2858781949784744,0.08633964479297691,0.06058050708603287,0.21506003879080898,0.1535311092293935,0.0,0.0,0.0,0.1617183786779873,0.0,0.0,0.0,0.2746631522506599,0.1459452013210733,0.0,0.0,0.2159689442343017,0.13245169002830776,0.0,0.03622195497505786,0.2543386230020451,0.25294576773391286,0.4874661887176858,0.4848327925120408,0.2559119114116626,0.0,0.0,0.0,0.0,0.0,0.0,0.0,0.0,0.27228108354083896
0.0,0.0,0.0,0.0,0.0,0.0,0.0,0.0,0.0,0.0,0.0,0.0,0.0,0.0,0.0,0.0,0.0,0.0,0.0,0.0,0.0,0.0,0.0,0.0,0.0,0.0,0.0,0.0,0.0,0.0,0.0,0.0,0.0,0.0,0.0,0.0,0.0,0.0,0.0,0.0,0.0,0.0,0.0,0.0,0.7298227342966301,0.5328065019051466,0.29709814911889376,0.2023025031308441,0.29731424479384055,0.5375704098712472,1.0,0.7368531204987965,0.5418875297663911,0.470201187882328,0.7308325355187073,0.5451763689763345,0.47641619319744977,0.5430541402670798,0.5198739556092259,0.29352082596954676,0.21182650587982385,0.3047950351222266,0.4078421268753016,0.15354562259949725,0.017383534376211627,0.07142873803674485,0.4207827099927169,0.1861904919467707,0.0,0.0,0.0808506002377528,0.08023650714806282,0.0,0.0,0.37593086207328547,0.0,0.025483906226325227,0.1564296426012716,0.24992274598751624,0.24982218076019944,0.16284532401030133,0.03538286793830971,0.0,0.0,0.0,0.0,0.0,0.4247461644307724
0.0,0.0,0.0,0.0,0.0,0.0,0.0,0.0,0.0,0.0,0.0,0.0,0.0,0.0,0.0,0.0,0.0,0.0,0.0,0.0,0.0,0.0,0.0,0.0,0.0,0.0,0.0,0.0,0.0,0.0,0.0,0.0,0.0,0.0,0.0,0.0,0.0,0.0,0.0,0.0,0.0,0.0,0.0,0.0,0.5455487799772363,0.30536547276223724,0.09639767246537351,0.057762103585088376,0.21494667091451913,0.47660292792303005,0.7368531204987965,1.0,0.7348698816397344,0.5487943844841789,0.5434005677217453,0.4790002845748571,0.5523353639799434,0.7361435581353426,0.29353648896657564,0.0871854048223474,0.0593675694240783,0.2159641544193814,0.1714575854101682,0.0,0.0,0.0,0.2214954607265881,0.00023587535821861997,0.0,0.0,0.0,0.0,0.0,0.0,0.12430110044706925,0.0,0.0,0.2524113809887014,0.4859534548460493,0.4857148887906694,0.2557628420368661,0.0,0.0,0.0,0.0,0.0,0.0,0.27078798724447695
0.0,0.0,0.0,0.0,0.0,0.0,0.0,0.0,0.0,0.0,0.0,0.0,0.0,0.0,0.0,0.0,0.0,0.0,0.0,0.0,0.0,0.0,0.0,0.0,0.0,0.0,0.0,0.0,0.0,0.0,0.0,0.0,0.0,0.0,0.0,0.0,0.0,0.0,0.0,0.0,0.0,0.0,0.0,0.0,0.47718016729900115,0.21894401883812134,0.06677916527618213,0.10368856542555359,0.31420576959752256,0.5524505057907281,0.5418875297663911,0.7348698816397344,1.0,0.7479066962936943,0.29989138907828855,0.21395766308355324,0.31241815139681983,0.5431541418376852,0.07144486712738093,0.0,0.0,0.0,0.0,0.0,0.0,0.0,0.10350876022232457,0.0,0.0,0.0,0.0,0.0,0.0,0.0,0.0,0.0,0.1418912530565126,0.49192438351674694,0.6858584814863942,0.3931486976521616,0.03656352816950055,0.0,0.0,0.0,0.0,0.0,0.0,0.16899956814879397
0.0,0.0,0.0,0.0,0.0,0.0,0.0,0.0,0.0,0.0,0.0,0.0,0.0,0.0,0.0,0.0,0.0,0.0,0.0,0.0,0.0,0.0,0.0,0.0,0.0,0.0,0.0,0.0,0.0,0.0,0.0,0.0,0.0,0.0,0.0,0.0,0.0,0.0,0.0,0.0,0.0,0.0,0.0,0.0,0.5420700195033963,0.30804786614553487,0.2178989079822505,0.30906866805352573,0.5428921828327238,0.7354878822164836,0.470201187882328,0.5487943844841789,0.7479066962936943,1.0,0.20246389555222247,0.05571752299886486,0.10310366886503523,0.3114623702001382,0.017388837040301836,0.0,0.0,0.0,0.0,0.0,0.0,0.0,0.13028500348030034,0.0,0.0,0.0,0.0,0.02075853753128588,0.0,0.0,0.031573147706863085,0.03312055600063226,0.39211671815806237,0.6859460291268232,0.49261908353149914,0.14236984944511477,0.0,0.0,0.0,0.0,0.0,0.0,0.0,0.17544723979440197
0.0,0.0,0.0,0.0,0.0,0.0,0.0,0.0,0.0,0.0,0.0,0.0,0.0,0.0,0.0,0.0,0.0,0.0,0.0,0.0,0.0,0.0,0.0,0.0,0.0,0.0,0.0,0.0,0.0,0.0,0.0,0.0,0.0,0.0,0.0,0.0,0.0,0.0,0.0,0.0,0.0,0.0,0.0,0.0,0.5221660132493725,0.4317397520350243,0.175068104629881,0.019932610394428864,0.06692040678749367,0.2858781949784744,0.7308325355187073,0.5434005677217453,0.29989138907828855,0.20246389555222247,1.0,0.7354322212260845,0.5421439002129509,0.47465260019126154,0.7308359432510053,0.5433970760396933,0.474650204644556,0.5421427268766823,0.5221791061347744,0.2858874968652335,0.2024663053043053,0.29988846162377547,0.43176815839133953,0.17509698559036752,0.01995537803013417,0.06693532249832589,0.012195879436482926,0.012231709419197868,0.0,0.0,0.3753950736998838,0.0,0.0,0.0,0.03132222407082408,0.16110117889509176,0.24914291496054966,0.24914482814091787,0.1610977190350714,0.03131470514961695,0.0,0.0,0.0,0.37543511308060884
