1.0,0.738316732223232,0.5469799148707412,0.4724004058318214,0.5435446016081947,0.735021831550078,0.7298237470380221,0.5455506944087535,0.47718601705498936,0.5420708448240593,0.5221653460866901,0.29886037462207077,0.21486766273093627,0.30489165417803776,0.4078023902218785,0.17143635530825438,0.03830812244416903,0.08381840582000487,0.38386544534499784,0.16164438021059613,0.0,0.0,0.43145160644938474,0.24900196985074255,0.06563668576028948,0.031975685472098066,0.30561274914536973,0.15765121185517286,0.07161697531172202,0.006675709730187808,0.4860193641160134,0.15870523200763478,0.2501477401915133,0.2482669646519395,0.16324616006248016,0.03455803592148472,0.0,0.0,0.0,0.0,0.0,0.0,0.0,0.39806626011720564,0.0,0.0,0.0,0.0,0.0,0.0,0.0,0.0,0.0,0.0,0.0,0.0,0.0,0.0,0.0,0.0,0.0,0.0,0.0,0.0,0.0,0.0,0.0,0.0,0.0,0.0,0.0,0.0,0.0,0.0,0.0,0.0,0.0,0.0,0.0,0.0,0.0,0.0,0.0,0.0,0.0,0.0,0.0,0.0
0.738316732223232,1.0,0.7425843477657349,0.5485877833685993,0.4834497286891724,0.5500726739294141,0.5328179505457172,0.3053630155659076,0.21894204294387182,0.3080448002149505,0.4317758403132796,0.19358806795304576,0.05028343427372161,0.08937231910336059,0.4207786613490847,0.2215020987134408,0.051080515487095204,0.03281781421412547,0.4315854423117404,0.2746255895697296,0.13026134648086718,0.10350223413835373,0.41272709972895655,0.262430835245905,0.1458280000758706,0.1524827320300993,0.5479707745501372,0.12098218033925226,0.3237536870488139,0.0,0.6868695097213742,0.25472532502125206,0.16941915900008447,0.035850199437353944,0.0,0.0,0.0,0.0,0.0,0.0,0.0,0.0,0.0,0.2901042037871596,0.0,0.0,0.0,0.0,0.0,0.0,0.0,0.0,0.0,0.0,0.0,0.0,0.0,0.0,0.0,0.0,0.0,0.0,0.0,0.0,0.0,0.0,0.0,0.0,0.0,0.0,0.0,0.0,0.0,0.0,0.0,0.0,0.0,0.0,0.0,0.0,0.0,0.0,0.0,0.0,0.0,0.0,0.0,0.0
0.5469799148707412,0.7425843477657349,1.0,0.7375074472759988,0.5545992223423587,0.4813115265494456,0.29710636868252055,0.09638809284765631,0.06676583508172343,0.2178858029585101,0.17510376648958445,0.0,0.0,0.0,0.18618709036407635,0.00024903687123929756,0.0,0.0,0.24914982424470658,0.14589597933052464,0.0,0.0,0.2624358591572307,0.18639948029448342,0.1035730370099982,0.08577121487824704,0.7344826361957656,0.07702694873221759,0.49120812189812885,0.0,0.49269249697603157,0.48503280543839183,0.25811205879995464,0.0,0.0,0.0,0.0,0.0,0.0,0.0,0.0,0.0,0.0,0.11968581544027677,0.0,0.0,0.0,0.0,0.0,0.0,0.0,0.0,0.0,0.0,0.0,0.0,0.0,0.0,0.0,0.0,0.0,0.0,0.0,0.0,0.0,0.0,0.0,0.0,0.0,0.0,0.0,0.0,0.0,0.0,0.0,0.019465002808793846,0.0,0.0,0.0,0.0,0.0,0.0,0.0,0.0,0.0,0.0,0.0,0.0
0.4724004058318214,0.5485877833685993,0.7375074472759988,1.0,0.7454800093466504,0.548989058273493,0.20230654518372695,0.057752560100922806,0.10367460497508815,0.30905526137802447,0.019950197149737378,0.0,0.0,0.0,0.0,0.0,0.0,0.0,0.06570221292023402,0.0,0.0,0.0,0.14573489018452443,0.10343728650904961,0.0,0.0,0.5430364430336153,0.06812885344520764,0.31987757895772445,0.0,0.25615366487271773,0.6862552521980883,0.4914728565723048,0.13646665447826764,0.0,0.0,0.0,0.0,0.0,0.0,0.0,0.0,0.0,0.04260927049782631,0.0,0.0,0.0,0.12875323509377223,0.017645788454131162,0.0,0.0,0.0,0.0,0.0,0.0,0.0,0.0,0.0,0.0,0.0,0.0,0.0,0.0,0.0,0.0,0.0,0.0,0.0,0.0,0.0,0.0,0.0,0.0,0.0,0.0,0.20541560961480232,0.0,0.0,0.0,0.0,0.0,0.0,0.0,0.0,0.0,0.0,0.0,0.0
0.5435446016081947,0.4834497286891724,0.5545992223423587,0.7454800093466504,1.0,0.737543677879234,0.2973097597748973,0.21493741258173937,0.31419492858902603,0.5428809277897487,0.06691480797214866,0.0,0.0,0.0,0.0,0.0,0.0,0.0,0.0319453918923286,0.0,0.0,0.0,0.1522743750671865,0.08548902624952304,0.0,0.0,0.312065381014695,0.09408581705647898,0.07804989792964162,0.017178190701269587,0.17054359875300004,0.48946978306957367,0.6859251789107385,0.3900313632501701,0.03784063500981421,0.0,0.0,0.0,0.0,0.0,0.0,0.0,0.0,0.10786926250174629,0.0,0.0,0.0,0.01764579570091853,0.0,0.0,0.0,0.0,0.0,0.0,0.0,0.0,0.0,0.0,0.0,0.0,0.0,0.0,0.0,0.0,0.0,0.0,0.0,0.0,0.0,0.0,0.0,0.0,0.0,0.0,0.0,0.0777711231793647,0.0,0.0,0.0,0.0,0.0,0.0,0.0,0.0,0.0,0.0,0.0,0.0
0.735021831550078,0.5500726739294141,0.4813115265494456,0.548989058273493,0.737543677879234,1.0,0.5375621041055427,0.4765993286809732,0.5524515153321783,0.7354867791440035,0.2858614012765978,0.08634916534199948,0.060587302360558495,0.2150626609288441,0.1534820100657415,0.0,0.0,0.0,0.16157514617828417,0.0,0.0,0.0,0.2743853793347928,0.14560048565677294,0.0,0.0,0.2159624798587556,0.13201692554788086,0.0,0.03574810921207894,0.254343976710258,0.25294087488224853,0.4874629110933908,0.48482662959064066,0.25591152805989803,0.0,0.0,0.0,0.0,0.0,0.0,0.0,0.0,0.2719500056193067,0.0,0.0,0.0,0.0,0.0,0.0,0.0,0.0,0.0,0.0,0.0,0.0,0.0,0.0,0.0,0.0,0.0,0.0,0.0,0.0,0.0,0.0,0.0,0.0,0.0,0.0,0.0,0.0,0.0,0.0,0.0,0.0,0.0,0.0,0.0,0.0,0.0,0.0,0.0,0.0,0.0,0.0,0.0,0.0
0.7298237470380221,0.5328179505457172,0.29710636868252055,0.20230654518372695,0.2973097597748973,0.5375621041055427,1.0,0.7368538958358634,0.5418866872501726,0.47019117790717535,0.7308253164563902,0.545178248949584,0.47641391824261786,0.5430549066831505,0.519851527147438,0.29352403321231524,0.2118407428039206,0.3048050877023527,0.4077883640817452,0.1535024598030225,0.017364425331540728,0.07142796858487818,0.42067287805587583,0.186071919217185,0.0,0.0,0.08086078194480673,0.08009713351561655,0.0,0.0,0.37595656060927257,0.0,0.025473572722360453,0.15641806728918153,0.2499219540383985,0.24982055516578053,0.16284527903754864,0.03539381223609445,0.0,0.0,0.0,0.0,0.0,0.4245814888141112,0.0,0.0,0.0,0.0,0.0,0.0,0.0,0.0,0.0,0.0,0.0,0.0,0.0,0.0,0.0,0.0,0.0,0.0,0.0,0.0,0.0,0.0,0.0,0.0,0.0,0.0,0.0,0.0,0.0,0.0,0.0,0.0,0.0,0.0,0.0,0.0,0.0,0.0,0.0,0.0,0.0,0.0,0.0,0.0
0.5455506944087535,0.3053630155659076,0.09638809284765631,0.057752560100922806,0.21493741258173937,0.4765993286809732,0.7368538958358634,1.0,0.7348697385993239,0.5487901000593809,0.5433923813310723,0.479005333755538,0.5523398191159477,0.736147681079694,0.2935063857667702,0.08718078602100798,0.05938002095192726,0.21597671420256953,0.1713904664411411,0.0,0.0,0.0,0.22136194020718328,8.040467575200062e-05,0.0,0.0,0.0,0.0,0.0,0.0,0.12431048581135976,0.0,0.0,0.25240786574020413,0.48595395208252856,0.4857150732680941,0.2557700487657205,0.0,0.0,0.0,0.0,0.0,0.0,0.27060123829240196,0.0,0.0,0.0,0.0,0.0,0.0,0.0,0.0,0.0,0.0,0.0,0.0,0.0,0.0,0.0,0.0,0.0,0.0,0.0,0.0,0.0,0.0,0.0,0.0,0.0,0.0,0.0,0.0,0.0,0.0,0.0,0.0,0.0,0.0,0.0,0.0,0.0,0.0,0.0,0.0,0.0,0.0,0.0,0.0
0.47718601705498936,0.21894204294387182,0.06676583508172343,0.10367460497508815,0.31419492858902603,0.5524515153321783,0.5418866872501726,0.7348697385993239,1.0,0.7479070988276987,0.2998761943743293,0.2139644339910123,0.3124293818322675,0.5431631319982615,0.07139506475043146,0.0,0.0,0.0,0.0,0.0,0.0,0.0,0.10329283823328543,0.0,0.0,0.0,0.0,0.0,0.0,0.0,0.0,0.0,0.14187336381850563,0.4919249244029501,0.6858568678444157,0.39315700099113854,0.036581135565738526,0.0,0.0,0.0,0.0,0.0,0.0,0.1687277107758563,0.0,0.0,0.0,0.0,0.0,0.0,0.0,0.0,0.0,0.0,0.0,0.0,0.0,0.0,0.0,0.0,0.0,0.0,0.0,0.0,0.0,0.0,0.0,0.0,0.0,0.0,0.0,0.0,0.0,0.0,0.0,0.0,0.0,0.0,0.0,0.0,0.0,0.0,0.0,0.0,0.0,0.0,0.0,0.0
0.5420708448240593,0.3080448002149505,0.2178858029585101,0.30905526137802447,0.5428809277897487,0.7354867791440035,0.47019117790717535,0.5487901000593809,0.7479070988276987,1.0,0.20243830385719824,0.055721321677966174,0.10311307562356553,0.3114690694269213,0.01732116501392271,0.0,0.0,0.0,0.0,0.0,0.0,0.0,0.12999292612311752,0.0,0.0,0.0,0.0,0.020287668952104394,0.0,0.0,0.03157784244767729,0.03310481886488694,0.3921007463982764,0.6859446192088394,0.49262022949710343,0.1423783903485735,0.0,0.0,0.0,0.0,0.0,0.0,0.0,0.17509850343053465,0.0,0.0,0.0,0.0,0.0,0.0,0.0,0.0,0.0,0.0,0.0,0.0,0.0,0.0,0.0,0.0,0.0,0.0,0.0,0.0,0.0,0.0,0.0,0.0,0.0,0.0,0.0,0.0,0.0,0.0,0.0,0.0,0.0,0.0,0.0,0.0,0.0,0.0,0.0,0.0,0.0,0.0,0.0,0.0
0.5221653460866901,0.4317758403132796,0.17510376648958445,0.019950197149737378,0.06691480797214866,0.2858614012765978,0.7308253164563902,0.5433923813310723,0.2998761943743293,0.20243830385719824,1.0,0.7354309991008723,0.54214049259248,0.4746488312520845,0.7308282222455856,0.5433999627662611,0.4746543701472158,0.5421432828628148,0.5221676751461449,0.285877776754694,0.20246177743780297,0.2998904297443047,0.4317336298475015,0.17506032711206243,0.01992142520066672,0.06691270638555372,0.012246081506092776,0.012187098916874244,0.0,0.0,0.3754644168163448,0.0,0.0,0.0,0.03130693468495675,0.16109531106737868,0.24914221712139786,0.24914315673648318,0.16110178901915712,0.03132016251645933,0.0,0.0,0.0,0.3753629529920284,0.0,0.0,0.0,0.0,0.0,0.0,0.0,0.0,0.0,0.0,0.0,0.0,0.0,0.0,0.0,0.0,0.0,0.0,0.0,0.0,0.0,0.0,0.0,0.0,0.0,0.0,0.0,0.0,0.0,0.0,0.0,0.0,0.0,0.0,0.0,0.0,0.0,0.0,0.0,0.0,0.0,0.0,0.0,0.0
0.29886037462207077,0.19358806795304576,0.0,0.0,0.0,0.08634916534199948,0.545178248949584,0.479005333755538,0.2139644339910123,0.055721321677966174,0.7354309991008723,1.0,0.736161197450291,0.5512984535338693,0.5451760756346067,0.4790010674919247,0.5512983006567901,0.736161223420264,0.29885887464574484,0.08634821003269588,0.05572222139836575,0.21396096333890044,0.19355853197978945,0.0,0.0,0.0,0.0,0.0,0.0,0.0,0.15091025917007336,0.0,0.0,0.0,0.0,0.25466009713533216,0.4862236213046845,0.4862227494542197,0.2546596207080253,0.0,0.0,0.0,0.0,0.15083266978306611,0.0,0.0,0.0,0.0,0.0,0.0,0.0,0.0,0.0,0.0,0.0,0.0,0.0,0.0,0.0,0.0,0.0,0.0,0.0,0.0,0.0,0.0,0.0,0.0,0.0,0.0,0.0,0.0,0.0,0.0,0.0,0.0,0.0,0.0,0.0,0.0,0.0,0.0,0.0,0.0,0.0,0.0,0.0,0.0
0.21486766273093627,0.05028343427372161,0.0,0.0,0.0,0.060587302360558495,0.47641391824261786,0.5523398191159477,0.3124293818322675,0.10311307562356553,0.54214049259248,0.736161197450291,1.0,0.7473484245806779,0.3047981747188971,0.21596815390997443,0.31196461045182144,0.5435050981929932,0.08380573772682284,0.0,0.0,0.0,0.03276837315061392,0.0,0.0,0.0,0.0,0.0,0.0,0.0,0.0,0.0,0.0,0.0,0.1425362135198771,0.4913808309961062,0.6858865036557026,0.3933483130392754,0.035352488581598486,0.0,0.0,0.0,0.0,0.03746345150297127,0.0,0.0,0.0,0.0,0.0,0.0,0.0,0.0,0.0,0.0,0.0,0.0,0.0,0.0,0.0,0.0,0.0,0.0,0.0,0.0,0.0,0.0,0.0,0.0,0.0,0.0,0.0,0.0,0.0,0.0,0.0,0.0,0.0,0.0,0.0,0.0,0.0,0.0,0.0,0.0,0.0,0.0,0.0,0.0
0.30489165417803776,0.08937231910336059,0.0,0.0,0.0,0.2150626609288441,0.5430549066831505,0.736147681079694,0.5431631319982615,0.3114690694269213,0.4746488312520845,0.5512984535338693,0.7473484245806779,1.0,0.21182591035445753,0.05936959825605331,0.10276970319870042,0.31196545488604704,0.03827629940196713,0.0,0.0,0.0,0.0509889764955364,0.0,0.0,0.0,0.0,0.0,0.0,0.0,0.0,0.0,0.0,0.035647820299803276,0.39421027747032317,0.6859131891064326,0.49147224733377826,0.1415438526167647,0.0,0.0,0.0,0.0,0.0,0.09334697391914902,0.0,0.0,0.0,0.0,0.0,0.0,0.0,0.0,0.0,0.0,0.0,0.0,0.0,0.0,0.0,0.0,0.0,0.0,0.0,0.0,0.0,0.0,0.0,0.0,0.0,0.0,0.0,0.0,0.0,0.0,0.0,0.0,0.0,0.0,0.0,0.0,0.0,0.0,0.0,0.0,0.0,0.0,0.0,0.0
0.4078023902218785,0.4207786613490847,0.18618709036407635,0.0,0.0,0.1534820100657415,0.519851527147438,0.2935063857667702,0.07139506475043146,0.01732116501392271,0.7308282222455856,0.5451760756346067,0.3047981747188971,0.21182591035445753,1.0,0.7368539747677965,0.5430556105924834,0.4764155289342641,0.7298280943346048,0.5375754467716236,0.4702035608275168,0.5418892148592471,0.532802234859185,0.2970971290494191,0.20229925958508438,0.29731331851188847,0.08025619249179455,0.08084780937735601,0.0,0.0,0.4247773983905616,0.0,0.0,0.0,0.0,0.0,0.035389679580548616,0.16284696203869992,0.24982333311332544,0.24992219502523114,0.156431374265455,0.025490209192651377,0.0,0.3758972600225365,0.0,0.0,0.0,0.0,0.0,0.0,0.0,0.0,0.0,0.0,0.0,0.0,0.0,0.0,0.0,0.0,0.0,0.0,0.0,0.0,0.0,0.0,0.0,0.0,0.0,0.0,0.0,0.0,0.0,0.0,0.0,0.0,0.0,0.0,0.0,0.0,0.0,0.0,0.0,0.0,0.0,0.0,0.0,0.0
0.17143635530825438,0.2215020987134408,0.00024903687123929756,0.0,0.0,0.0,0.29352403321231524,0.08718078602100798,0.0,0.0,0.5433999627662611,0.4790010674919247,0.21596815390997443,0.05936959825605331,0.7368539747677965,1.0,0.7361450366247841,0.5523355152371704,0.5455510789623276,0.47660708425987675,0.5487977617266955,0.734871893557688,0.3053569669046939,0.09639548065339583,0.057760847795629615,0.21494780994045773,0.0,0.0,0.0,0.0,0.270817802571432,0.0,0.0,0.0,0.0,0.0,0.0,0.2557654972623053,0.48571621672360776,0.48595271668925666,0.2524128261982252,0.0,0.0,0.1242611496860803,0.0,0.0,0.0,0.0,0.0,0.0,0.0,0.0,0.0,0.0,0.0,0.0,0.0,0.0,0.0,0.0,0.0,0.0,0.0,0.0,0.0,0.0,0.0,0.0,0.0,0.0,0.0,0.0,0.0,0.0,0.0,0.0,0.0,0.0,0.0,0.0,0.0,0.0,0.0,0.0,0.0,0.0,0.0,0.0
0.03830812244416903,0.051080515487095204,0.0,0.0,0.0,0.0,0.2118407428039206,0.05938002095192726,0.0,0.0,0.4746543701472158,0.5512983006567901,0.31196461045182144,0.10276970319870042,0.5430556105924834,0.7361450366247841,1.0,0.7473477919073033,0.30489644489030887,0.21506707079253098,0.31146864359297866,0.5431589196972756,0.08937196258335728,0.0,0.0,0.0,0.0,0.0,0.0,0.0,0.09348820126297591,0.0,0.0,0.0,0.0,0.0,0.14154229208318644,0.4914723941319024,0.685913842349834,0.39419994939753794,0.03564141864480623,0.0,0.0,0.0,0.0,0.0,0.0,0.0,0.0,0.0,0.0,0.0,0.0,0.0,0.0,0.0,0.0,0.0,0.0,0.0,0.0,0.0,0.0,0.0,0.0,0.0,0.0,0.0,0.0,0.0,0.0,0.0,0.0,0.0,0.0,0.0,0.0,0.0,0.0,0.0,0.0,0.0,0.0,0.0,0.0,0.0,0.0,0.0
0.08381840582000487,0.03281781421412547,0.0,0.0,0.0,0.0,0.3048050877023527,0.21597671420256953,0.0,0.0,0.5421432828628148,0.736161223420264,0.5435050981929932,0.31196545488604704,0.4764155289342641,0.5523355152371704,0.7473477919073033,1.0,0.21487380258127767,0.060588870303985604,0.10310979488218114,0.3124225187782114,0.050277706070075874,0.0,0.0,0.0,0.0,0.0,0.0,0.0,0.03755747449722003,0.0,0.0,0.0,0.0,0.035353651017336604,0.39334862145524124,0.6858862949864459,0.4913783353192211,0.14252327810581739,0.0,0.0,0.0,0.0,0.0,0.0,0.0,0.0,0.0,0.0,0.0,0.0,0.0,0.0,0.0,0.0,0.0,0.0,0.0,0.0,0.0,0.0,0.0,0.0,0.0,0.0,0.0,0.0,0.0,0.0,0.0,0.0,0.0,0.0,0.0,0.0,0.0,0.0,0.0,0.0,0.0,0.0,0.0,0.0,0.0,0.0,0.0,0.0
0.38386544534499784,0.4315854423117404,0.24914982424470658,0.06570221292023402,0.0319453918923286,0.16157514617828417,0.4077883640817452,0.1713904664411411,0.0,0.0,0.5221676751461449,0.29885887464574484,0.08380573772682284,0.03827629940196713,0.7298280943346048,0.5455510789623276,0.30489644489030887,0.21487380258127767,1.0,0.7350200420414429,0.5420654971059623,0.47717889669944197,0.7383143897034409,0.5469793234546129,0.4723879403127058,0.5435326343684301,0.1578764741078812,0.30561490090984633,0.006945559327954993,0.07162000913788005,0.3983032592630404,0.0,0.0,0.0,0.0,0.0,0.0,0.0,0.03456569005328552,0.16323910254618992,0.2482650791652893,0.25014210284833366,0.1586930133930254,0.48599499518153416,0.0,0.0,0.0,0.0,0.0,0.0,0.0,0.0,0.0,0.0,0.0,0.0,0.0,0.0,0.0,0.0,0.0,0.0,0.0,0.0,0.0,0.0,0.0,0.0,0.0,0.0,0.0,0.0,0.0,0.0,0.0,0.0,0.0,0.0,0.0,0.0,0.0,0.0,0.0,0.0,0.0,0.0,0.0,0.0
0.16164438021059613,0.2746255895697296,0.14589597933052464,0.0,0.0,0.0,0.1535024598030225,0.0,0.0,0.0,0.285877776754694,0.08634821003269588,0.0,0.0,0.5375754467716236,0.47660708425987675,0.21506707079253098,0.060588870303985604,0.7350200420414429,1.0,0.7354857609325268,0.5524517342301266,0.5500757208050583,0.48132717864464614,0.5489963440878122,0.7375440591134989,0.13244684073280466,0.21597785386728818,0.03626059687993607,0.0,0.2722874921431665,0.0,0.0,0.0,0.0,0.0,0.0,0.0,0.0,0.2559111748748324,0.4848297575971131,0.4874678238118346,0.2529445093256766,0.25432797812500013,0.0,0.0,0.0,0.0,0.0,0.0,0.0,0.0,0.0,0.0,0.0,0.0,0.0,0.0,0.0,0.0,0.0,0.0,0.0,0.0,0.0,0.0,0.0,0.0,0.0,0.0,0.0,0.0,0.0,0.0,0.0,0.0,0.0,0.0,0.0,0.0,0.0,0.0,0.0,0.0,0.0,0.0,0.0,0.0
0.0,0.13026134648086718,0.0,0.0,0.0,0.0,0.017364425331540728,0.0,0.0,0.0,0.20246177743780297,0.05572222139836575,0.0,0.0,0.4702035608275168,0.5487977617266955,0.31146864359297866,0.10310979488218114,0.5420654971059623,0.7354857609325268,1.0,0.747908542293216,0.3080443248233873,0.21790402362677383,0.30907347680413905,0.5428951786220646,0.020771811333916267,0.0,0.0,0.0,0.17545402985664635,0.0,0.0,0.0,0.0,0.0,0.0,0.0,0.14237811977782003,0.49262016833354577,0.6859448651917991,0.3921296595009197,0.03312195887055998,0.03154991112658522,0.0,0.0,0.0,0.0,0.0,0.0,0.0,0.0,0.0,0.0,0.0,0.0,0.0,0.0,0.0,0.0,0.0,0.0,0.0,0.0,0.0,0.0,0.0,0.0,0.0,0.0,0.0,0.0,0.0,0.0,0.0,0.0,0.0,0.0,0.0,0.0,0.0,0.0,0.0,0.0,0.0,0.0,0.0,0.0
0.0,0.10350223413835373,0.0,0.0,0.0,0.0,0.07142796858487818,0.0,0.0,0.0,0.2998904297443047,0.21396096333890044,0.0,0.0,0.5418892148592471,0.734871893557688,0.5431589196972756,0.3124225187782114,0.47717889669944197,0.5524517342301266,0.747908542293216,1.0,0.21893746376504936,0.06678082944138285,0.10369126115841126,0.31420866265433167,0.0,0.0,0.0,0.0,0.16901522701848978,0.0,0.0,0.0,0.0,0.0,0.0,0.03657157941169152,0.3931550743646934,0.6858566340888769,0.4919235831183017,0.14190482654702014,0.0,0.0,0.0,0.0,0.0,0.0,0.0,0.0,0.0,0.0,0.0,0.0,0.0,0.0,0.0,0.0,0.0,0.0,0.0,0.0,0.0,0.0,0.0,0.0,0.0,0.0,0.0,0.0,0.0,0.0,0.0,0.0,0.0,0.0,0.0,0.0,0.0,0.0,0.0,0.0,0.0,0.0,0.0,0.0,0.0,0.0
0.43145160644938474,0.41272709972895655,0.2624358591572307,0.14573489018452443,0.1522743750671865,0.2743853793347928,0.42067287805587583,0.22136194020718328,0.10329283823328543,0.12999292612311752,0.4317336298475015,0.19355853197978945,0.03276837315061392,0.0509889764955364,0.532802234859185,0.3053569669046939,0.08937196258335728,0.050277706070075874,0.7383143897034409,0.5500757208050583,0.3080443248233873,0.21893746376504936,1.0,0.7425807996323875,0.5485741785682666,0.48344053346418686,0.12107766390562304,0.5479738383906076,0.0,0.3237583422009445,0.2902095651031401,0.0,0.0,0.0,0.0,0.0,0.0,0.0,0.0,0.0,0.03585676244575406,0.16941096411683143,0.25471518248548203,0.6868640795435379,0.0,0.0,0.0,0.0,0.0,0.0,0.0,0.0,0.0,0.0,0.0,0.0,0.0,0.0,0.0,0.0,0.0,0.0,0.0,0.0,0.0,0.0,0.0,0.0,0.0,0.0,0.0,0.0,0.0,0.0,0.0,0.0,0.0,0.0,0.0,0.0,0.0,0.0,0.0,0.0,0.0,0.0,0.0,0.0
0.24900196985074255,0.262430835245905,0.18639948029448342,0.10343728650904961,0.08548902624952304,0.14560048565677294,0.186071919217185,8.040467575200062e-05,0.0,0.0,0.17506032711206243,0.0,0.0,0.0,0.2970971290494191,0.09639548065339583,0.0,0.0,0.5469793234546129,0.48132717864464614,0.21790402362677383,0.06678082944138285,0.7425807996323875,1.0,0.7375047563257349,0.5546051608839864,0.07715125889382776,0.734482804373901,0.0,0.4912085281865292,0.11978772257813675,0.0,0.0,0.0,0.0,0.0,0.0,0.0,0.0,0.0,0.0,0.25811341579013924,0.48503187386576885,0.49269867834642217,0.0,0.0,0.0,0.0,0.0,0.0,0.0,0.0,0.0,0.0,0.0,0.0,0.0,0.0,0.0,0.0,0.0,0.0,0.0,0.0,0.0,0.0,0.0,0.0,0.0,0.0,0.0,0.0,0.0,0.0,0.0,0.0,0.0,0.0,0.0,0.0,0.0,0.0,0.0,0.0,0.0,0.0,0.0,0.0
0.06563668576028948,0.1458280000758706,0.1035730370099982,0.0,0.0,0.0,0.0,0.0,0.0,0.0,0.01992142520066672,0.0,0.0,0.0,0.20229925958508438,0.057760847795629615,0.0,0.0,0.4723879403127058,0.5489963440878122,0.30907347680413905,0.10369126115841126,0.5485741785682666,0.7375047563257349,1.0,0.745485059118338,0.06842029527201694,0.5430365797313217,0.0,0.31987942685410425,0.04279061904737636,0.0,0.0,0.0,0.0,0.0,0.0,0.0,0.0,0.0,0.13650102574831374,0.49147241170969985,0.6862555745207182,0.2561463982047695,0.0,0.0,0.0,0.0,0.0,0.0,0.0,0.0,0.0,0.0,0.0,0.0,0.0,0.0,0.0,0.0,0.0,0.0,0.0,0.0,0.0,0.0,0.0,0.0,0.0,0.0,0.0,0.0,0.0,0.0,0.0,0.0,0.0,0.0,0.0,0.0,0.0,0.0,0.0,0.0,0.0,0.0,0.0,0.0
0.031975685472098066,0.1524827320300993,0.08577121487824704,0.0,0.0,0.0,0.0,0.0,0.0,0.0,0.06691270638555372,0.0,0.0,0.0,0.29731331851188847,0.21494780994045773,0.0,0.0,0.5435326343684301,0.7375440591134989,0.5428951786220646,0.31420866265433167,0.48344053346418686,0.5546051608839864,0.745485059118338,1.0,0.09454171333230516,0.3120717254060798,0.01775437907486659,0.07805716992375483,0.10815940965618281,0.0,0.0,0.0,0.0,0.0,0.0,0.0,0.0,0.03785874522185106,0.3900595494097815,0.6859260722061613,0.4894700468492164,0.17052872860910118,0.0,0.0,0.0,0.0,0.0,0.0,0.0,0.0,0.0,0.0,0.0,0.0,0.0,0.0,0.0,0.0,0.0,0.0,0.0,0.0,0.0,0.0,0.0,0.0,0.0,0.0,0.0,0.0,0.0,0.0,0.0,0.0,0.0,0.0,0.0,0.0,0.0,0.0,0.0,0.0,0.0,0.0,0.0,0.0
0.30561274914536973,0.5479707745501372,0.7344826361957656,0.5430364430336153,0.312065381014695,0.2159624798587556,0.08086078194480673,0.0,0.0,0.0,0.012246081506092776,0.0,0.0,0.0,0.08025619249179455,0.0,0.0,0.0,0.1578764741078812,0.13244684073280466,0.020771811333916267,0.0,0.12107766390562304,0.07715125889382776,0.06842029527201694,0.09454171333230516,1.0,0.0,0.756723881695303,0.0,0.39973975639696957,0.38932547660941424,0.035507296856036104,0.0,0.0,0.0,0.0,0.0,0.0,0.0,0.0,0.0,0.0,0.0,0.0,0.0,0.0,0.0,0.0,0.0,0.0,0.0,0.0,0.0,0.0,0.0,0.0,0.0,0.0,0.0,0.0,0.0,0.0,0.0,0.0,0.0,0.0,0.0,0.0,0.0,0.0,0.0,0.0,0.0,0.0,0.008525956463685504,0.0,0.0,0.0,0.0,0.0,0.0,0.0,0.0,0.0,0.0,0.0,0.0
0.15765121185517286,0.12098218033925226,0.07702694873221759,0.06812885344520764,0.09408581705647898,0.13201692554788086,0.08009713351561655,0.0,0.0,0.020287668952104394,0.012187098916874244,0.0,0.0,0.0,0.08084780937735601,0.0,0.0,0.0,0.30561490090984633,0.21597785386728818,0.0,0.0,0.5479738383906076,0.734482804373901,0.5430365797313217,0.3120717254060798,0.0,1.0,0.0,0.7567241305967867,0.0,0.0,0.0,0.0,0.0,0.0,0.0,0.0,0.0,0.0,0.0,0.035506577747727565,0.38932905854965133,0.39976645293127183,0.0,0.0,0.0,0.0,0.0,0.0,0.0,0.0,0.0,0.0,0.0,0.0,0.0,0.0,0.0,0.0,0.0,0.0,0.0,0.0,0.0,0.0,0.0,0.0,0.0,0.0,0.0,0.0,0.0,0.0,0.0,0.0,0.0,0.0,0.0,0.0,0.0,0.0,0.0,0.0,0.0,0.0,0.0,0.0
0.07161697531172202,0.3237536870488139,0.49120812189812885,0.31987757895772445,0.07804989792964162,0.0,0.0,0.0,0.0,0.0,0.0,0.0,0.0,0.0,0.0,0.0,0.0,0.0,0.006945559327954993,0.03626059687993607,0.0,0.0,0.0,0.0,0.0,0.01775437907486659,0.756723881695303,0.0,1.0,0.0,0.23310673582959943,0.2232632740158021,0.0,0.0,0.0,0.0,0.0,0.0,0.0,0.0,0.0,0.0,0.0,0.0,0.0,0.0,0.0,0.0,0.0,0.0,0.0,0.0,0.0,0.0,0.0,0.0,0.0,0.0,0.0,0.0,0.0,0.0,0.0,0.0,0.0,0.0,0.0,0.0,0.0,0.0,0.0,0.0,0.0,0.0,0.0,0.0,0.0,0.0,0.0,0.0,0.0,0.0,0.0,0.0,0.0,0.0,0.0,0.0
0.006675709730187808,0.0,0.0,0.0,0.017178190701269587,0.03574810921207894,0.0,0.0,0.0,0.0,0.0,0.0,0.0,0.0,0.0,0.0,0.0,0.0,0.07162000913788005,0.0,0.0,0.0,0.3237583422009445,0.4912085281865292,0.31987942685410425,0.07805716992375483,0.0,0.7567241305967867,0.0,1.0,0.0,0.0,0.0,0.0,0.0,0.0,0.0,0.0,0.0,0.0,0.0,0.0,0.22327021092590482,0.23314177074702386,0.0,0.0,0.0,0.0,0.0,0.0,0.0,0.0,0.0,0.0,0.0,0.0,0.0,0.0,0.0,0.0,0.0,0.0,0.0,0.0,0.0,0.0,0.0,0.0,0.0,0.0,0.0,0.0,0.0,0.0,0.0,0.0,0.0,0.0,0.0,0.0,0.0,0.0,0.0,0.0,0.0,0.0,0.0,0.0
0.4860193641160134,0.6868695097213742,0.49269249697603157,0.25615366487271773,0.17054359875300004,0.254343976710258,0.37595656060927257,0.12431048581135976,0.0,0.03157784244767729,0.3754644168163448,0.15091025917007336,0.0,0.0,0.4247773983905616,0.270817802571432,0.09348820126297591,0.03755747449722003,0.3983032592630404,0.2722874921431665,0.17545402985664635,0.16901522701848978,0.2902095651031401,0.11978772257813675,0.04279061904737636,0.10815940965618281,0.39973975639696957,0.0,0.23310673582959943,0.0,1.0,0.0,0.0,0.0,0.0,0.0,0.0,0.0,0.0,0.0,0.0,0.0,0.0,0.16687477914318385,0.0,0.0,0.0,0.0,0.0,0.0,0.0,0.0,0.0,0.0,0.0,0.0,0.0,0.0,0.0,0.0,0.0,0.0,0.0,0.0,0.0,0.0,0.0,0.0,0.0,0.0,0.0,0.0,0.0,0.0,0.0,0.0,0.0,0.0,0.0,0.0,0.0,0.0,0.0,0.0,0.0,0.0,0.0,0.0
0.15870523200763478,0.25472532502125206,0.48503280543839183,0.6862552521980883,0.48946978306957367,0.25294087488224853,0.0,0.0,0.0,0.03310481886488694,0.0,0.0,0.0,0.0,0.0,0.0,0.0,0.0,0.0,0.0,0.0,0.0,0.0,0.0,0.0,0.0,0.38932547660941424,0.0,0.2232632740158021,0.0,0.0,1.0,0.40670320952514716,0.0,0.0,0.0,0.0,0.0,0.0,0.0,0.0,0.0,0.0,0.0,0.0,0.0,0.025146075233749243,0.26536940097688705,0.10046977038430942,0.0,0.0,0.0,0.0,0.0,0.0,0.0,0.0,0.0,0.0,0.0,0.0,0.0,0.0,0.0,0.0,0.0,0.0,0.0,0.0,0.0,0.01101431770796004,0.0,0.0,0.0,0.0,0.36101798673110136,0.011474382439688579,0.0,0.0,0.0,0.0,0.0,0.0,0.0,0.0,0.0,0.0,0.0
0.2501477401915133,0.16941915900008447,0.25811205879995464,0.4914728565723048,0.6859251789107385,0.4874629110933908,0.025473572722360453,0.0,0.14187336381850563,0.3921007463982764,0.0,0.0,0.0,0.0,0.0,0.0,0.0,0.0,0.0,0.0,0.0,0.0,0.0,0.0,0.0,0.0,0.035507296856036104,0.0,0.0,0.0,0.0,0.40670320952514716,1.0,0.4191037685047237,0.0,0.0,0.0,0.0,0.0,0.0,0.0,0.0,0.0,0.0,0.0,0.0,0.0,0.0,0.0,0.0,0.0,0.0,0.0,0.0,0.0,0.0,0.0,0.0,0.0,0.0,0.0,0.0,0.0,0.0,0.0,0.0,0.0,0.0,0.0,0.0,0.0,0.0,0.0,0.0,0.0,0.011474486789211752,0.0,0.0,0.0,0.0,0.0,0.0,0.0,0.0,0.0,0.0,0.0,0.0
0.2482669646519395,0.035850199437353944,0.0,0.13646665447826764,0.3900313632501701,0.48482662959064066,0.15641806728918153,0.25240786574020413,0.4919249244029501,0.6859446192088394,0.0,0.0,0.0,0.035647820299803276,0.0,0.0,0.0,0.0,0.0,0.0,0.0,0.0,0.0,0.0,0.0,0.0,0.0,0.0,0.0,0.0,0.0,0.0,0.4191037685047237,1.0,0.4086796711445351,0.0,0.0,0.0,0.0,0.0,0.0,0.0,0.0,0.0,0.0,0.0,0.0,0.0,0.0,0.0,0.0,0.0,0.0,0.0,0.0,0.0,0.0,0.0,0.0,0.0,0.0,0.0,0.0,0.0,0.0,0.0,0.0,0.0,0.0,0.0,0.0,0.0,0.0,0.0,0.0,0.0,0.0,0.0,0.0,0.0,0.0,0.0,0.0,0.0,0.0,0.0,0.0,0.0
0.16324616006248016,0.0,0.0,0.0,0.03784063500981421,0.25591152805989803,0.2499219540383985,0.48595395208252856,0.6858568678444157,0.49262022949710343,0.03130693468495675,0.0,0.1425362135198771,0.39421027747032317,0.0,0.0,0.0,0.0,0.0,0.0,0.0,0.0,0.0,0.0,0.0,0.0,0.0,0.0,0.0,0.0,0.0,0.0,0.0,0.4086796711445351,1.0,0.42563821620277636,0.0,0.0,0.0,0.0,0.0,0.0,0.0,0.0,0.0,0.0,0.0,0.0,0.0,0.0,0.0,0.0,0.0,0.0,0.0,0.0,0.0,0.0,0.0,0.0,0.0,0.0,0.0,0.0,0.0,0.0,0.0,0.0,0.0,0.0,0.0,0.0,0.0,0.0,0.0,0.0,0.0,0.0,0.0,0.0,0.0,0.0,0.0,0.0,0.0,0.0,0.0,0.0
0.03455803592148472,0.0,0.0,0.0,0.0,0.0,0.24982055516578053,0.4857150732680941,0.39315700099113854,0.1423783903485735,0.16109531106737868,0.25466009713533216,0.4913808309961062,0.6859131891064326,0.0,0.0,0.0,0.035353651017336604,0.0,0.0,0.0,0.0,0.0,0.0,0.0,0.0,0.0,0.0,0.0,0.0,0.0,0.0,0.0,0.0,0.42563821620277636,1.0,0.40653149041879194,0.0,0.0,0.0,0.0,0.0,0.0,0.0,0.0,0.0,0.0,0.0,0.0,0.0,0.0,0.0,0.0,0.0,0.0,0.0,0.0,0.0,0.0,0.0,0.0,0.0,0.0,0.0,0.0,0.0,0.0,0.0,0.0,0.0,0.0,0.0,0.0,0.0,0.0,0.0,0.0,0.0,0.0,0.0,0.0,0.0,0.0,0.0,0.0,0.0,0.0,0.0
0.0,0.0,0.0,0.0,0.0,0.0,0.16284527903754864,0.2557700487657205,0.036581135565738526,0.0,0.24914221712139786,0.4862236213046845,0.6858865036557026,0.49147224733377826,0.035389679580548616,0.0,0.14154229208318644,0.39334862145524124,0.0,0.0,0.0,0.0,0.0,0.0,0.0,0.0,0.0,0.0,0.0,0.0,0.0,0.0,0.0,0.0,0.0,0.40653149041879194,1.0,0.42405344931916955,0.0,0.0,0.0,0.0,0.0,0.0,0.0,0.0,0.0,0.0,0.0,0.0,0.0,0.0,0.0,0.0,0.0,0.0,0.0,0.0,0.0,0.0,0.0,0.0,0.0,0.0,0.0,0.0,0.0,0.0,0.0,0.0,0.0,0.0,0.0,0.0,0.0,0.0,0.0,0.0,0.0,0.0,0.0,0.0,0.0,0.0,0.0,0.0,0.0,0.0
0.0,0.0,0.0,0.0,0.0,0.0,0.03539381223609445,0.0,0.0,0.0,0.24914315673648318,0.4862227494542197,0.3933483130392754,0.1415438526167647,0.16284696203869992,0.2557654972623053,0.4914723941319024,0.6858862949864459,0.0,0.0,0.0,0.03657157941169152,0.0,0.0,0.0,0.0,0.0,0.0,0.0,0.0,0.0,0.0,0.0,0.0,0.0,0.0,0.42405344931916955,1.0,0.40652779144132983,0.0,0.0,0.0,0.0,0.0,0.0,0.0,0.0,0.0,0.0,0.0,0.0,0.0,0.0,0.0,0.0,0.0,0.0,0.0,0.0,0.0,0.0,0.0,0.0,0.0,0.0,0.0,0.0,0.0,0.0,0.0,0.0,0.0,0.0,0.0,0.0,0.0,0.0,0.0,0.0,0.0,0.0,0.0,0.0,0.0,0.0,0.0,0.0,0.0
0.0,0.0,0.0,0.0,0.0,0.0,0.0,0.0,0.0,0.0,0.16110178901915712,0.2546596207080253,0.035352488581598486,0.0,0.24982333311332544,0.48571621672360776,0.685913842349834,0.4913783353192211,0.03456569005328552,0.0,0.14237811977782003,0.3931550743646934,0.0,0.0,0.0,0.0,0.0,0.0,0.0,0.0,0.0,0.0,0.0,0.0,0.0,0.0,0.0,0.40652779144132983,1.0,0.425624085843473,0.0,0.0,0.0,0.0,0.0,0.0,0.0,0.0,0.0,0.0,0.0,0.0,0.0,0.0,0.0,0.0,0.0,0.0,0.0,0.0,0.0,0.0,0.0,0.0,0.0,0.0,0.0,0.0,0.0,0.0,0.0,0.0,0.0,0.0,0.0,0.0,0.0,0.0,0.0,0.0,0.0,0.0,0.0,0.0,0.0,0.0,0.0,0.0
0.0,0.0,0.0,0.0,0.0,0.0,0.0,0.0,0.0,0.0,0.03132016251645933,0.0,0.0,0.0,0.24992219502523114,0.48595271668925666,0.39419994939753794,0.14252327810581739,0.16323910254618992,0.2559111748748324,0.49262016833354577,0.6858566340888769,0.0,0.0,0.0,0.03785874522185106,0.0,0.0,0.0,0.0,0.0,0.0,0.0,0.0,0.0,0.0,0.0,0.0,0.425624085843473,1.0,0.40867347056906106,0.0,0.0,0.0,0.0,0.0,0.0,0.0,0.0,0.0,0.0,0.0,0.0,0.0,0.0,0.0,0.0,0.0,0.0,0.0,0.0,0.0,0.0,0.0,0.0,0.0,0.0,0.0,0.0,0.0,0.0,0.0,0.0,0.0,0.0,0.0,0.0,0.0,0.0,0.0,0.0,0.0,0.0,0.0,0.0,0.0,0.0,0.0
0.0,0.0,0.0,0.0,0.0,0.0,0.0,0.0,0.0,0.0,0.0,0.0,0.0,0.0,0.156431374265455,0.2524128261982252,0.03564141864480623,0.0,0.2482650791652893,0.4848297575971131,0.6859448651917991,0.4919235831183017,0.03585676244575406,0.0,0.13650102574831374,0.3900595494097815,0.0,0.0,0.0,0.0,0.0,0.0,0.0,0.0,0.0,0.0,0.0,0.0,0.0,0.40867347056906106,1.0,0.4191650335703624,0.0,0.0,0.0,0.0,0.0,0.0,0.0,0.0,0.0,0.0,0.0,0.0,0.0,0.0,0.0,0.0,0.0,0.0,0.0,0.0,0.0,0.0,0.0,0.0,0.0,0.0,0.0,0.0,0.0,0.0,0.0,0.0,0.0,0.0,0.0,0.0,0.0,0.0,0.0,0.0,0.0,0.0,0.0,0.0,0.0,0.0
0.0,0.0,0.0,0.0,0.0,0.0,0.0,0.0,0.0,0.0,0.0,0.0,0.0,0.0,0.025490209192651377,0.0,0.0,0.0,0.25014210284833366,0.4874678238118346,0.3921296595009197,0.14190482654702014,0.16941096411683143,0.25811341579013924,0.49147241170969985,0.6859260722061613,0.0,0.035506577747727565,0.0,0.0,0.0,0.0,0.0,0.0,0.0,0.0,0.0,0.0,0.0,0.0,0.4191650335703624,1.0,0.40668989104561165,0.0,0.0,0.0,0.0,0.0,0.0,0.0,0.0,0.0,0.0,0.0,0.0,0.0,0.0,0.0,0.0,0.0,0.0,0.0,0.0,0.0,0.0,0.0,0.0,0.0,0.0,0.0,0.0,0.0,0.0,0.0,0.0,0.0,0.0,0.0,0.0,0.0,0.0,0.0,0.0,0.0,0.0,0.0,0.0,0.0
0.0,0.0,0.0,0.0,0.0,0.0,0.0,0.0,0.0,0.0,0.0,0.0,0.0,0.0,0.0,0.0,0.0,0.0,0.1586930133930254,0.2529445093256766,0.03312195887055998,0.0,0.25471518248548203,0.48503187386576885,0.6862555745207182,0.4894700468492164,0.0,0.38932905854965133,0.0,0.22327021092590482,0.0,0.0,0.0,0.0,0.0,0.0,0.0,0.0,0.0,0.0,0.0,0.40668989104561165,1.0,0.0,0.0,0.0,0.0,0.0,0.0,0.0,0.0,0.0,0.0,0.0,0.0,0.0,0.0,0.0,0.0,0.0,0.0,0.0,0.0,0.0,0.0,0.0,0.0,0.0,0.0,0.0,0.0,0.0,0.0,0.0,0.0,0.0,0.0,0.0,0.0,0.0,0.0,0.0,0.0,0.0,0.0,0.0,0.0,0.0
0.39806626011720564,0.2901042037871596,0.11968581544027677,0.04260927049782631,0.10786926250174629,0.2719500056193067,0.4245814888141112,0.27060123829240196,0.1687277107758563,0.17509850343053465,0.3753629529920284,0.15083266978306611,0.03746345150297127,0.09334697391914902,0.3758972600225365,0.1242611496860803,0.0,0.0,0.48599499518153416,0.25432797812500013,0.03154991112658522,0.0,0.6868640795435379,0.49269867834642217,0.2561463982047695,0.17052872860910118,0.0,0.39976645293127183,0.0,0.23314177074702386,0.16687477914318385,0.0,0.0,0.0,0.0,0.0,0.0,0.0,0.0,0.0,0.0,0.0,0.0,1.0,0.0,0.0,0.0,0.0,0.0,0.0,0.0,0.0,0.0,0.0,0.0,0.0,0.0,0.0,0.0,0.0,0.0,0.0,0.0,0.0,0.0,0.0,0.0,0.0,0.0,0.0,0.0,0.0,0.0,0.0,0.0,0.0,0.0,0.0,0.0,0.0,0.0,0.0,0.0,0.0,0.0,0.0,0.0,0.0
0.0,0.0,0.0,0.0,0.0,0.0,0.0,0.0,0.0,0.0,0.0,0.0,0.0,0.0,0.0,0.0,0.0,0.0,0.0,0.0,0.0,0.0,0.0,0.0,0.0,0.0,0.0,0.0,0.0,0.0,0.0,0.0,0.0,0.0,0.0,0.0,0.0,0.0,0.0,0.0,0.0,0.0,0.0,0.0,1.0,0.7383167221778674,0.5469799904428158,0.47240038207516594,0.5435446093885196,0.7350217686595217,0.729823809769903,0.5455506030344343,0.4771859709813138,0.5420707419456563,0.5221653699460389,0.2988603797596261,0.21486759797531402,0.30489161159040823,0.40780239342097263,0.17143641982112595,0.03830812831151185,0.08381845650895042,0.3838655209440483,0.16164446290819073,0.0,0.0,0.4314515857851628,0.2490019757808258,0.06563673072654111,0.031975750235265075,0.3056127306229557,0.15765120206318622,0.07161701789869088,0.006675698334286137,0.48601943381647505,0.1587051976122286,0.2501477633559083,0.2482668790652551,0.16324620175210786,0.03455809849713654,0.0,0.0,0.0,0.0,0.0,0.0,0.0,0.39806626473399687
0.0,0.0,0.0,0.0,0.0,0.0,0.0,0.0,0.0,0.0,0.0,0.0,0.0,0.0,0.0,0.0,0.0,0.0,0.0,0.0,0.0,0.0,0.0,0.0,0.0,0.0,0.0,0.0,0.0,0.0,0.0,0.0,0.0,0.0,0.0,0.0,0.0,0.0,0.0,0.0,0.0,0.0,0.0,0.0,0.7383167221778674,1.0,0.7425844784952603,0.5485878771094445,0.48344979491463613,0.5500726601878639,0.5328179530893502,0.30536286736444485,0.21894198602650816,0.3080447292932033,0.43177581360485573,0.1935879650061503,0.05028330002733888,0.0893722096971157,0.42077860605723877,0.22150205499272124,0.05108043691634151,0.03281779057537246,0.43158544520188047,0.2746256355855329,0.13026136420797735,0.10350217781444884,0.4127271059702553,0.26243085040941516,0.1458280588792369,0.15248278939089638,0.5479708094767753,0.1209822122372065,0.3237537658035412,0.0,0.6868695565520945,0.2547253509697602,0.16941924650343482,0.03585015702568273,0.0,0.0,0.0,0.0,0.0,0.0,0.0,0.0,0.0,0.2901041981756525
0.0,0.0,0.0,0.0,0.0,0.0,0.0,0.0,0.0,0.0,0.0,0.0,0.0,0.0,0.0,0.0,0.0,0.0,0.0,0.0,0.0,0.0,0.0,0.0,0.0,0.0,0.0,0.0,0.0,0.0,0.0,0.025146075233749243,0.0,0.0,0.0,0.0,0.0,0.0,0.0,0.0,0.0,0.0,0.0,0.0,0.5469799904428158,0.7425844784952603,1.0,0.73750750987436,0.5545992688229022,0.4813115859202337,0.297106496412853,0.09638808143335817,0.06676586178609695,0.21788582855019623,0.17510386550865345,0.0,0.0,0.0,0.1861871315953507,0.00024906747988972665,0.0,0.0,0.24914984877990234,0.14589602664382015,0.0,0.0,0.26243588491395853,0.18639947649835636,0.10357303278142647,0.08577122606594835,0.7344825314888537,0.07702694569948781,0.49120808416363837,0.0,0.4926926395436831,0.48503272223603766,0.2581121210841515,0.0,0.0,0.0,0.0,0.0,0.0,0.0,0.0,0.0,0.0,0.11968583539409874
0.0,0.0,0.0,0.12875323509377223,0.01764579570091853,0.0,0.0,0.0,0.0,0.0,0.0,0.0,0.0,0.0,0.0,0.0,0.0,0.0,0.0,0.0,0.0,0.0,0.0,0.0,0.0,0.0,0.0,0.0,0.0,0.0,0.0,0.26536940097688705,0.0,0.0,0.0,0.0,0.0,0.0,0.0,0.0,0.0,0.0,0.0,0.0,0.47240038207516594,0.5485878771094445,0.73750750987436,1.0,0.7454799258349484,0.5489890225217751,0.20230658346868602,0.057752465819023484,0.1036744884667691,0.30905519098475803,0.0199502237737426,0.0,0.0,0.0,0.0,0.0,0.0,0.0,0.06570225921328375,0.0,0.0,0.0,0.14573488742968907,0.10343732126180569,0.0,0.0,0.5430364680153847,0.06812885083147159,0.3198776731659462,0.0,0.256153807986563,0.6862552437090664,0.49147280114943775,0.1364665698741196,0.0,0.0,0.0,0.0,0.0,0.0,0.0,0.0,0.0,0.04260923429485006
0.0,0.0,0.0,0.017645788454131162,0.0,0.0,0.0,0.0,0.0,0.0,0.0,0.0,0.0,0.0,0.0,0.0,0.0,0.0,0.0,0.0,0.0,0.0,0.0,0.0,0.0,0.0,0.0,0.0,0.0,0.0,0.0,0.10046977038430942,0.0,0.0,0.0,0.0,0.0,0.0,0.0,0.0,0.0,0.0,0.0,0.0,0.5435446093885196,0.48344979491463613,0.5545992688229022,0.7454799258349484,1.0,0.737543738604676,0.2973098316743548,0.21493740590372137,0.31419488127307554,0.5428809603465976,0.06691483927022572,0.0,0.0,0.0,0.0,0.0,0.0,0.0,0.03194545080221232,0.0,0.0,0.0,0.15227435232136052,0.08548906123334414,0.0,0.0,0.31206533279776594,0.09408581548686787,0.07804991620312575,0.017178190286947347,0.17054371138356877,0.489469776009662,0.6859252007635341,0.3900313668653388,0.03784071496435086,0.0,0.0,0.0,0.0,0.0,0.0,0.0,0.0,0.10786924763633549
0.0,0.0,0.0,0.0,0.0,0.0,0.0,0.0,0.0,0.0,0.0,0.0,0.0,0.0,0.0,0.0,0.0,0.0,0.0,0.0,0.0,0.0,0.0,0.0,0.0,0.0,0.0,0.0,0.0,0.0,0.0,0.0,0.0,0.0,0.0,0.0,0.0,0.0,0.0,0.0,0.0,0.0,0.0,0.0,0.7350217686595217,0.5500726601878639,0.4813115859202337,0.5489890225217751,0.737543738604676,1.0,0.5375620986800923,0.4765992586865429,0.5524514328758537,0.7354867447487082,0.28586135157906206,0.08634912511079888,0.060587183849412904,0.21506259756155638,0.15348195578488052,0.0,0.0,0.0,0.16157518396349305,0.0,0.0,0.0,0.2743853231718202,0.14560051124513862,0.0,0.0,0.21596243289206973,0.13201693638896167,0.0,0.035748142312443366,0.25434401404256424,0.25294089445838425,0.48746299652485076,0.48482660400602806,0.25591157607730075,0.0,0.0,0.0,0.0,0.0,0.0,0.0,0.0,0.27194997653292535
0.0,0.0,0.0,0.0,0.0,0.0,0.0,0.0,0.0,0.0,0.0,0.0,0.0,0.0,0.0,0.0,0.0,0.0,0.0,0.0,0.0,0.0,0.0,0.0,0.0,0.0,0.0,0.0,0.0,0.0,0.0,0.0,0.0,0.0,0.0,0.0,0.0,0.0,0.0,0.0,0.0,0.0,0.0,0.0,0.729823809769903,0.5328179530893502,0.297106496412853,0.20230658346868602,0.2973098316743548,0.5375620986800923,1.0,0.7368537299389355,0.5418866738763001,0.4701910861574362,0.7308252765672786,0.5451782091290069,0.47641378234656306,0.5430547923619643,0.5198515187745777,0.2935241097332798,0.21184071027050627,0.3048050738171358,0.4077884856633911,0.15350256404161391,0.017364484405144844,0.0714279782423349,0.42067289579265127,0.18607196666092643,0.0,0.0,0.08086082123643067,0.08009717682543631,0.0,0.0,0.3759566006133149,0.0,0.02547365416273687,0.15641799946000157,0.24992196761734997,0.24982056424238508,0.1628452243004258,0.03539381590045858,0.0,0.0,0.0,0.0,0.0,0.4245815623369956
0.0,0.0,0.0,0.0,0.0,0.0,0.0,0.0,0.0,0.0,0.0,0.0,0.0,0.0,0.0,0.0,0.0,0.0,0.0,0.0,0.0,0.0,0.0,0.0,0.0,0.0,0.0,0.0,0.0,0.0,0.0,0.0,0.0,0.0,0.0,0.0,0.0,0.0,0.0,0.0,0.0,0.0,0.0,0.0,0.5455506030344343,0.30536286736444485,0.09638808143335817,0.057752465819023484,0.21493740590372137,0.4765992586865429,0.7368537299389355,1.0,0.7348698683091289,0.5487900325762537,0.5433922082494154,0.47900529027452315,0.5523397172990964,0.7361476895285585,0.29350624152920074,0.08718075710262474,0.05937990090260451,0.21597662371702092,0.1713904486984263,0.0,0.0,0.0,0.22136181062964003,8.033879886945079e-05,0.0,0.0,0.0,0.0,0.0,0.0,0.12431036496866112,0.0,0.0,0.2524078289939413,0.4859540986686243,0.4857152203966294,0.255770050630398,0.0,0.0,0.0,0.0,0.0,0.0,0.2706011992805229
0.0,0.0,0.0,0.0,0.0,0.0,0.0,0.0,0.0,0.0,0.0,0.0,0.0,0.0,0.0,0.0,0.0,0.0,0.0,0.0,0.0,0.0,0.0,0.0,0.0,0.0,0.0,0.0,0.0,0.0,0.0,0.0,0.0,0.0,0.0,0.0,0.0,0.0,0.0,0.0,0.0,0.0,0.0,0.0,0.4771859709813138,0.21894198602650816,0.06676586178609695,0.1036744884667691,0.31419488127307554,0.5524514328758537,0.5418866738763001,0.7348698683091289,1.0,0.7479069525119666,0.2998761660420389,0.2139645204476303,0.3124293794116651,0.5431632120614714,0.07139504472509303,0.0,0.0,0.0,0.0,0.0,0.0,0.0,0.10329275490438773,0.0,0.0,0.0,0.0,0.0,0.0,0.0,0.0,0.0,0.14187331965682504,0.49192476653687356,0.6858569595704084,0.3931571237450582,0.036581221327034695,0.0,0.0,0.0,0.0,0.0,0.0,0.1687276943524498
0.0,0.0,0.0,0.0,0.0,0.0,0.0,0.0,0.0,0.0,0.0,0.0,0.0,0.0,0.0,0.0,0.0,0.0,0.0,0.0,0.0,0.0,0.0,0.0,0.0,0.0,0.0,0.0,0.0,0.0,0.0,0.0,0.0,0.0,0.0,0.0,0.0,0.0,0.0,0.0,0.0,0.0,0.0,0.0,0.5420707419456563,0.3080447292932033,0.21788582855019623,0.30905519098475803,0.5428809603465976,0.7354867447487082,0.4701910861574362,0.5487900325762537,0.7479069525119666,1.0,0.20243817256083516,0.05572124137335136,0.10311290237118535,0.3114689737359014,0.017321050776771447,0.0,0.0,0.0,0.0,0.0,0.0,0.0,0.12999282094525771,0.0,0.0,0.0,0.0,0.020287670222806784,0.0,0.0,0.03157781337866721,0.03310483661194541,0.3921008314835385,0.6859446433700798,0.492620264379917,0.14237835949933297,0.0,0.0,0.0,0.0,0.0,0.0,0.0,0.17509844583375528
0.0,0.0,0.0,0.0,0.0,0.0,0.0,0.0,0.0,0.0,0.0,0.0,0.0,0.0,0.0,0.0,0.0,0.0,0.0,0.0,0.0,0.0,0.0,0.0,0.0,0.0,0.0,0.0,0.0,0.0,0.0,0.0,0.0,0.0,0.0,0.0,0.0,0.0,0.0,0.0,0.0,0.0,0.0,0.0,0.5221653699460389,0.43177581360485573,0.17510386550865345,0.0199502237737426,0.06691483927022572,0.28586135157906206,0.7308252765672786,0.5433922082494154,0.2998761660420389,0.20243817256083516,1.0,0.7354309222874809,0.5421403683652304,0.4746486945748265,0.7308282619006468,0.5434001017412313,0.47465437934675736,0.5421433083430716,0.5221678084604723,0.2858778886118585,0.2024618624914392,0.2998904894697466,0.4317336636439794,0.17506034002394666,0.019921521917742057,0.06691282073389915,0.012246130969717741,0.012187115463921927,0.0,0.0,0.3754644191762302,0.0,0.0,0.0,0.031306910065942106,0.1610953042172114,0.24914215593363107,0.24914316845621198,0.16110194605176173,0.03132027545715201,0.0,0.0,0.0,0.37536301852907733
0.0,0.0,0.0,0.0,0.0,0.0,0.0,0.0,0.0,0.0,0.0,0.0,0.0,0.0,0.0,0.0,0.0,0.0,0.0,0.0,0.0,0.0,0.0,0.0,0.0,0.0,0.0,0.0,0.0,0.0,0.0,0.0,0.0,0.0,0.0,0.0,0.0,0.0,0.0,0.0,0.0,0.0,0.0,0.0,0.2988603797596261,0.1935879650061503,0.0,0.0,0.0,0.08634912511079888,0.5451782091290069,0.47900529027452315,0.2139645204476303,0.05572124137335136,0.7354309222874809,1.0,0.7361612479739207,0.5512984594409841,0.5451759941340294,0.4790010977287972,0.5512982175655232,0.7361611773465412,0.2988588921378304,0.08634818313754213,0.05572215471274428,0.21396089692824258,0.19355849831090002,0.0,0.0,0.0,0.0,0.0,0.0,0.0,0.1509101409664019,0.0,0.0,0.0,0.0,0.25466022229331836,0.48622368169251917,0.4862227896014888,0.25465966714241844,0.0,0.0,0.0,0.0,0.15083271438852702
