1.0,0.7383167221778678,0.5469799904428165,0.4724003820751661,0.5435446093885204,0.7350217686595221,0.7298238097699028,0.5455506030344344,0.4771859709813137,0.5420707419456563,0.5221653699460381,0.29886037975962576,0.21486759797531368,0.30489161159040823,0.4078023934209726,0.17143641982112562,0.03830812831151185,0.08381845650895042,0.3838655209440474,0.16164446290819043,0.0,0.0,0.43145158578516196,0.24900197578082514,0.06563673072654078,0.03197575023526458,0.3056127306229557,0.1576512020631851,0.07161701789869088,0.006675698334285315,0.48601943381647505,0.15870519761222893,0.25014776335590844,0.24826687906525535,0.16324620175210786,0.03455809849713671,0.0,0.0,0.0,0.0,0.0,0.0,0.0,0.3980662647339961,0.0,0.0,0.0,0.0,0.0,0.0,0.0,0.0,0.0,0.0,0.0,0.0,0.0,0.0,0.0,0.0,0.0,0.0,0.0,0.0,0.0,0.0,0.0,0.0,0.0,0.0,0.0,0.0,0.0,0.0,0.0,0.0,0.0,0.0,0.0,0.0,0.0,0.0,0.0,0.0,0.0,0.0,0.0,0.0
0.7383167221778678,1.0,0.7425844784952607,0.5485878771094442,0.48344979491463647,0.550072660187864,0.5328179530893508,0.30536286736444535,0.21894198602650816,0.30804472929320326,0.43177581360485556,0.1935879650061503,0.05028330002733904,0.08937220969711587,0.4207786060572396,0.22150205499272158,0.05108043691634201,0.03281779057537295,0.43158544520188064,0.27462563558553343,0.13026136420797735,0.10350217781444884,0.4127271059702558,0.2624308504094156,0.14582805887923772,0.1524827893908967,0.5479708094767747,0.12098221223720666,0.3237537658035406,0.0,0.686869556552094,0.2547253509697599,0.16941924650343465,0.03585015702568273,0.0,0.0,0.0,0.0,0.0,0.0,0.0,0.0,0.0,0.2901041981756531,0.0,0.0,0.0,0.0,0.0,0.0,0.0,0.0,0.0,0.0,0.0,0.0,0.0,0.0,0.0,0.0,0.0,0.0,0.0,0.0,0.0,0.0,0.0,0.0,0.0,0.0,0.0,0.0,0.0,0.0,0.0,0.0,0.0,0.0,0.0,0.0,0.0,0.0,0.0,0.0,0.0,0.0,0.0,0.0
0.5469799904428165,0.7425844784952607,1.0,0.7375075098743596,0.5545992688229022,0.48131158592023376,0.29710649641285375,0.09638808143335899,0.06676586178609695,0.21788582855019623,0.17510386550865362,0.0,0.0,0.0,0.18618713159535186,0.000249067479890549,0.0,0.0,0.24914984877990284,0.1458960266438213,0.0,0.0,0.2624358849139595,0.18639947649835736,0.10357303278142779,0.08577122606594934,0.7344825314888531,0.07702694569948847,0.49120808416363787,0.0,0.49269263954368286,0.4850327222360371,0.2581121210841515,0.0,0.0,0.0,0.0,0.0,0.0,0.0,0.0,0.0,0.0,0.11968583539409956,0.0,0.0,0.0,0.0,0.0,0.0,0.0,0.0,0.0,0.0,0.0,0.0,0.0,0.0,0.0,0.0,0.0,0.0,0.0,0.0,0.0,0.0,0.0,0.0,0.0,0.0,0.0,0.0,0.0,0.0,0.0,0.0,0.0,0.0,0.0,0.0,0.0,0.0,0.0,0.0,0.0,0.0,0.0,0.0
0.4724003820751661,0.5485878771094442,0.7375075098743596,1.0,0.745479925834948,0.5489890225217747,0.20230658346868602,0.05775246581902365,0.10367448846676877,0.30905519098475775,0.01995022377374194,0.0,0.0,0.0,0.0,0.0,0.0,0.0,0.06570225921328308,0.0,0.0,0.0,0.14573488742968874,0.10343732126180535,0.0,0.0,0.5430364680153846,0.06812885083147092,0.3198776731659461,0.0,0.25615380798656234,0.6862552437090664,0.4914728011494378,0.13646656987411943,0.0,0.0,0.0,0.0,0.0,0.0,0.0,0.0,0.0,0.04260923429484973,0.0,0.0,0.0,0.0,0.0,0.0,0.0,0.0,0.0,0.0,0.0,0.0,0.0,0.0,0.0,0.0,0.0,0.0,0.0,0.0,0.0,0.0,0.0,0.0,0.0,0.0,0.0,0.0,0.0,0.0,0.0,0.0,0.0,0.0,0.0,0.0,0.0,0.0,0.0,0.0,0.0,0.0,0.0,0.0
0.5435446093885204,0.48344979491463647,0.5545992688229022,0.745479925834948,1.0,0.7375437386046765,0.29730983167435554,0.21493740590372237,0.3141948812730757,0.5428809603465977,0.06691483927022589,0.0,0.0,0.0,0.0,0.0,0.0,0.0,0.03194545080221298,0.0,0.0,0.0,0.15227435232136152,0.08548906123334513,0.0,0.0,0.31206533279776577,0.09408581548686853,0.07804991620312558,0.017178190286948006,0.17054371138356864,0.4894697760096615,0.6859252007635337,0.3900313668653388,0.03784071496435152,0.0,0.0,0.0,0.0,0.0,0.0,0.0,0.0,0.10786924763633632,0.0,0.0,0.0,0.0,0.0,0.0,0.0,0.0,0.0,0.0,0.0,0.0,0.0,0.0,0.0,0.0,0.0,0.0,0.0,0.0,0.0,0.0,0.0,0.0,0.0,0.0,0.0,0.0,0.0,0.0,0.0,0.0,0.0,0.0,0.0,0.0,0.0,0.0,0.0,0.0,0.0,0.0,0.0,0.0
0.7350217686595221,0.550072660187864,0.48131158592023376,0.5489890225217747,0.7375437386046765,1.0,0.5375620986800926,0.47659925868654346,0.5524514328758537,0.7354867447487082,0.28586135157906184,0.08634912511079888,0.06058718384941307,0.21506259756155688,0.1534819557848812,0.0,0.0,0.0,0.16157518396349305,0.0,0.0,0.0,0.2743853231718205,0.14560051124513895,0.0,0.0,0.2159624328920696,0.1320169363889618,0.0,0.035748142312443366,0.25434401404256396,0.2529408944583838,0.4874629965248503,0.48482660400602795,0.2559115760773011,0.0,0.0,0.0,0.0,0.0,0.0,0.0,0.0,0.2719499765329257,0.0,0.0,0.0,0.0,0.0,0.0,0.0,0.0,0.0,0.0,0.0,0.0,0.0,0.0,0.0,0.0,0.0,0.0,0.0,0.0,0.0,0.0,0.0,0.0,0.0,0.0,0.0,0.0,0.0,0.0,0.0,0.0,0.0,0.0,0.0,0.0,0.0,0.0,0.0,0.0,0.0,0.0,0.0,0.0
0.7298238097699028,0.5328179530893508,0.29710649641285375,0.20230658346868602,0.29730983167435554,0.5375620986800926,1.0,0.7368537299389354,0.5418866738763002,0.4701910861574364,0.730825276567278,0.5451782091290069,0.47641378234656295,0.5430547923619642,0.5198515187745779,0.29352410973327964,0.2118407102705066,0.304805073817136,0.4077884856633906,0.15350256404161391,0.017364484405144678,0.07142797824233474,0.4206728957926507,0.18607196666092593,0.0,0.0,0.08086082123643083,0.08009717682543566,0.0,0.0,0.37595660061331554,0.0,0.02547365416273687,0.1564179994600018,0.2499219676173499,0.24982056424238516,0.1628452243004255,0.035393815900458245,0.0,0.0,0.0,0.0,0.0,0.42458156233699496,0.0,0.0,0.0,0.0,0.0,0.0,0.0,0.0,0.0,0.0,0.0,0.0,0.0,0.0,0.0,0.0,0.0,0.0,0.0,0.0,0.0,0.0,0.0,0.0,0.0,0.0,0.0,0.0,0.0,0.0,0.0,0.0,0.0,0.0,0.0,0.0,0.0,0.0,0.0,0.0,0.0,0.0,0.0,0.0
0.5455506030344344,0.30536286736444535,0.09638808143335899,0.05775246581902365,0.21493740590372237,0.47659925868654346,0.7368537299389354,1.0,0.7348698683091296,0.5487900325762544,0.5433922082494149,0.4790052902745228,0.5523397172990961,0.7361476895285585,0.2935062415292007,0.0871807571026244,0.059379900902604345,0.21597662371702092,0.17139044869842562,0.0,0.0,0.0,0.2213618106296397,8.033879886895737e-05,0.0,0.0,0.0,0.0,0.0,0.0,0.12431036496866145,0.0,0.0,0.25240782899394204,0.4859540986686243,0.48571522039662945,0.2557700506303974,0.0,0.0,0.0,0.0,0.0,0.0,0.2706011992805223,0.0,0.0,0.0,0.0,0.0,0.0,0.0,0.0,0.0,0.0,0.0,0.0,0.0,0.0,0.0,0.0,0.0,0.0,0.0,0.0,0.0,0.0,0.0,0.0,0.0,0.0,0.0,0.0,0.0,0.0,0.0,0.0,0.0,0.0,0.0,0.0,0.0,0.0,0.0,0.0,0.0,0.0,0.0,0.0
0.4771859709813137,0.21894198602650816,0.06676586178609695,0.10367448846676877,0.3141948812730757,0.5524514328758537,0.5418866738763002,0.7348698683091296,1.0,0.7479069525119666,0.29987616604203904,0.21396452044763048,0.3124293794116654,0.5431632120614719,0.07139504472509368,0.0,0.0,0.0,0.0,0.0,0.0,0.0,0.10329275490438823,0.0,0.0,0.0,0.0,0.0,0.0,0.0,0.0,0.0,0.14187331965682456,0.49192476653687367,0.6858569595704084,0.39315712374505857,0.03658122132703437,0.0,0.0,0.0,0.0,0.0,0.0,0.16872769435245047,0.0,0.0,0.0,0.0,0.0,0.0,0.0,0.0,0.0,0.0,0.0,0.0,0.0,0.0,0.0,0.0,0.0,0.0,0.0,0.0,0.0,0.0,0.0,0.0,0.0,0.0,0.0,0.0,0.0,0.0,0.0,0.0,0.0,0.0,0.0,0.0,0.0,0.0,0.0,0.0,0.0,0.0,0.0,0.0
0.5420707419456563,0.30804472929320326,0.21788582855019623,0.30905519098475775,0.5428809603465977,0.7354867447487082,0.4701910861574364,0.5487900325762544,0.7479069525119666,1.0,0.20243817256083516,0.05572124137335153,0.10311290237118585,0.31146897373590204,0.017321050776772106,0.0,0.0,0.0,0.0,0.0,0.0,0.0,0.12999282094525802,0.0,0.0,0.0,0.0,0.02028767022280695,0.0,0.0,0.03157781337866705,0.033104836611945083,0.39210083148353797,0.6859446433700799,0.4926202643799175,0.14237835949933347,0.0,0.0,0.0,0.0,0.0,0.0,0.0,0.1750984458337557,0.0,0.0,0.0,0.0,0.0,0.0,0.0,0.0,0.0,0.0,0.0,0.0,0.0,0.0,0.0,0.0,0.0,0.0,0.0,0.0,0.0,0.0,0.0,0.0,0.0,0.0,0.0,0.0,0.0,0.0,0.0,0.0,0.0,0.0,0.0,0.0,0.0,0.0,0.0,0.0,0.0,0.0,0.0,0.0
0.5221653699460381,0.43177581360485556,0.17510386550865362,0.01995022377374194,0.06691483927022589,0.28586135157906184,0.730825276567278,0.5433922082494149,0.29987616604203904,0.20243817256083516,1.0,0.7354309222874809,0.5421403683652304,0.47464869457482634,0.7308282619006472,0.5434001017412315,0.4746543793467578,0.5421433083430719,0.5221678084604725,0.28587788861185887,0.2024618624914392,0.2998904894697468,0.43173366364397964,0.175060340023947,0.01992152191774255,0.06691282073389948,0.012246130969716919,0.012187115463921927,0.0,0.0,0.3754644191762304,0.0,0.0,0.0,0.031306910065941614,0.16109530421721133,0.24914215593363082,0.24914316845621198,0.1611019460517619,0.03132027545715218,0.0,0.0,0.0,0.37536301852907766,0.0,0.0,0.0,0.0,0.0,0.0,0.0,0.0,0.0,0.0,0.0,0.0,0.0,0.0,0.0,0.0,0.0,0.0,0.0,0.0,0.0,0.0,0.0,0.0,0.0,0.0,0.0,0.0,0.0,0.0,0.0,0.0,0.0,0.0,0.0,0.0,0.0,0.0,0.0,0.0,0.0,0.0,0.0,0.0
0.29886037975962576,0.1935879650061503,0.0,0.0,0.0,0.08634912511079888,0.5451782091290069,0.4790052902745228,0.21396452044763048,0.05572124137335153,0.7354309222874809,1.0,0.7361612479739206,0.551298459440984,0.5451759941340294,0.4790010977287973,0.5512982175655233,0.7361611773465414,0.2988588921378304,0.08634818313754246,0.05572215471274412,0.21396089692824258,0.19355849831090002,0.0,0.0,0.0,0.0,0.0,0.0,0.0,0.15091014096640223,0.0,0.0,0.0,0.0,0.25466022229331836,0.486223681692519,0.48622278960148857,0.2546596671424184,0.0,0.0,0.0,0.0,0.15083271438852727,0.0,0.0,0.0,0.0,0.0,0.0,0.0,0.0,0.0,0.0,0.0,0.0,0.0,0.0,0.0,0.0,0.0,0.0,0.0,0.0,0.0,0.0,0.0,0.0,0.0,0.0,0.0,0.0,0.0,0.0,0.0,0.0,0.0,0.0,0.0,0.0,0.0,0.0,0.0,0.0,0.0,0.0,0.0,0.0
0.21486759797531368,0.05028330002733904,0.0,0.0,0.0,0.06058718384941307,0.47641378234656295,0.5523397172990961,0.3124293794116654,0.10311290237118585,0.5421403683652304,0.7361612479739206,1.0,0.7473483321854943,0.30479810338151836,0.21596823485600983,0.3119645971606387,0.5435050713665346,0.0838057620895472,0.0,0.0,0.0,0.032768285963192686,0.0,0.0,0.0,0.0,0.0,0.0,0.0,0.0,0.0,0.0,0.0,0.1425361562505614,0.4913808521616964,0.685886586833007,0.3933484387009426,0.03535259068428693,0.0,0.0,0.0,0.0,0.03746343376184353,0.0,0.0,0.0,0.0,0.0,0.0,0.0,0.0,0.0,0.0,0.0,0.0,0.0,0.0,0.0,0.0,0.0,0.0,0.0,0.0,0.0,0.0,0.0,0.0,0.0,0.0,0.0,0.0,0.0,0.0,0.0,0.0,0.0,0.0,0.0,0.0,0.0,0.0,0.0,0.0,0.0,0.0,0.0,0.0
0.30489161159040823,0.08937220969711587,0.0,0.0,0.0,0.21506259756155688,0.5430547923619642,0.7361476895285585,0.5431632120614719,0.31146897373590204,0.47464869457482634,0.551298459440984,0.7473483321854943,1.0,0.21182581825982338,0.05936963301822358,0.10276962528404758,0.31196536844200345,0.038276331519333025,0.0,0.0,0.0,0.05098889154599386,0.0,0.0,0.0,0.0,0.0,0.0,0.0,0.0,0.0,0.0,0.035647739986040226,0.39421030816246616,0.6859133197605871,0.4914722490078181,0.14154388667043669,0.0,0.0,0.0,0.0,0.0,0.09334697614382839,0.0,0.0,0.0,0.0,0.0,0.0,0.0,0.0,0.0,0.0,0.0,0.0,0.0,0.0,0.0,0.0,0.0,0.0,0.0,0.0,0.0,0.0,0.0,0.0,0.0,0.0,0.0,0.0,0.0,0.0,0.0,0.0,0.0,0.0,0.0,0.0,0.0,0.0,0.0,0.0,0.0,0.0,0.0,0.0
0.4078023934209726,0.4207786060572396,0.18618713159535186,0.0,0.0,0.1534819557848812,0.5198515187745779,0.2935062415292007,0.07139504472509368,0.017321050776772106,0.7308282619006472,0.5451759941340294,0.30479810338151836,0.21182581825982338,1.0,0.7368540398980638,0.5430556032080404,0.47641558349132096,0.7298281425056237,0.5375755014218496,0.47020360706962433,0.5418892344981886,0.5328022601838333,0.2970970832112906,0.2022993083304434,0.2973133815722049,0.08025621074333968,0.0808477954816257,0.0,0.0,0.42477734450574045,0.0,0.0,0.0,0.0,0.0,0.03538965340204217,0.16284695604818458,0.24982348030125945,0.2499222894824784,0.15643148315526254,0.025490214465092625,0.0,0.3758972900938848,0.0,0.0,0.0,0.0,0.0,0.0,0.0,0.0,0.0,0.0,0.0,0.0,0.0,0.0,0.0,0.0,0.0,0.0,0.0,0.0,0.0,0.0,0.0,0.0,0.0,0.0,0.0,0.0,0.0,0.0,0.0,0.0,0.0,0.0,0.0,0.0,0.0,0.0,0.0,0.0,0.0,0.0,0.0,0.0
0.17143641982112562,0.22150205499272158,0.000249067479890549,0.0,0.0,0.0,0.29352410973327964,0.0871807571026244,0.0,0.0,0.5434001017412315,0.4790010977287973,0.21596823485600983,0.05936963301822358,0.7368540398980638,1.0,0.7361450886071055,0.5523356849045137,0.5455510680778626,0.4766070166331476,0.5487976571396813,0.7348717972007744,0.3053570259522801,0.09639542096274291,0.05776084667882436,0.21494778352800903,0.0,0.0,0.0,0.0,0.2708177151610852,0.0,0.0,0.0,0.0,0.0,0.0,0.25576555455432654,0.48571636177189764,0.48595268051652496,0.25241278386854155,0.0,0.0,0.12426123847421683,0.0,0.0,0.0,0.0,0.0,0.0,0.0,0.0,0.0,0.0,0.0,0.0,0.0,0.0,0.0,0.0,0.0,0.0,0.0,0.0,0.0,0.0,0.0,0.0,0.0,0.0,0.0,0.0,0.0,0.0,0.0,0.0,0.0,0.0,0.0,0.0,0.0,0.0,0.0,0.0,0.0,0.0,0.0,0.0
0.03830812831151185,0.05108043691634201,0.0,0.0,0.0,0.0,0.2118407102705066,0.059379900902604345,0.0,0.0,0.4746543793467578,0.5512982175655233,0.3119645971606387,0.10276962528404758,0.5430556032080404,0.7361450886071055,1.0,0.7473478489678083,0.3048964467942055,0.2150670532643631,0.311468620504184,0.5431589425628934,0.08937198171198797,0.0,0.0,0.0,0.0,0.0,0.0,0.0,0.09348809352916787,0.0,0.0,0.0,0.0,0.0,0.14154226545321597,0.4914723422548897,0.6859139895973669,0.39419996784187816,0.03564146109509889,0.0,0.0,0.0,0.0,0.0,0.0,0.0,0.0,0.0,0.0,0.0,0.0,0.0,0.0,0.0,0.0,0.0,0.0,0.0,0.0,0.0,0.0,0.0,0.0,0.0,0.0,0.0,0.0,0.0,0.0,0.0,0.0,0.0,0.0,0.0,0.0,0.0,0.0,0.0,0.0,0.0,0.0,0.0,0.0,0.0,0.0,0.0
0.08381845650895042,0.03281779057537295,0.0,0.0,0.0,0.0,0.304805073817136,0.21597662371702092,0.0,0.0,0.5421433083430719,0.7361611773465414,0.5435050713665346,0.31196536844200345,0.47641558349132096,0.5523356849045137,0.7473478489678083,1.0,0.21487390767310297,0.06058894986065747,0.10310985686059038,0.31242260968484475,0.05027776932530277,0.0,0.0,0.0,0.0,0.0,0.0,0.0,0.037557441252060814,0.0,0.0,0.0,0.0,0.03535365362364914,0.393348541446588,0.6858862301544058,0.491378467171912,0.14252335942762148,0.0,0.0,0.0,0.0,0.0,0.0,0.0,0.0,0.0,0.0,0.0,0.0,0.0,0.0,0.0,0.0,0.0,0.0,0.0,0.0,0.0,0.0,0.0,0.0,0.0,0.0,0.0,0.0,0.0,0.0,0.0,0.0,0.0,0.0,0.0,0.0,0.0,0.0,0.0,0.0,0.0,0.0,0.0,0.0,0.0,0.0,0.0,0.0
0.3838655209440474,0.43158544520188064,0.24914984877990284,0.06570225921328308,0.03194545080221298,0.16157518396349305,0.4077884856633906,0.17139044869842562,0.0,0.0,0.5221678084604725,0.2988588921378304,0.0838057620895472,0.038276331519333025,0.7298281425056237,0.5455510680778626,0.3048964467942055,0.21487390767310297,1.0,0.7350200172742551,0.5420654539821317,0.47717882271019063,0.7383145031087308,0.5469792762064255,0.47238793815907293,0.5435326099247327,0.15787645211281254,0.30561491960771564,0.006945541535093652,0.07162001064637791,0.3983032551402042,0.0,0.0,0.0,0.0,0.0,0.0,0.0,0.034565819594655905,0.1632391330220785,0.24826508267355352,0.2501420100756805,0.15869305303836517,0.4859951038272704,0.0,0.0,0.0,0.0,0.0,0.0,0.0,0.0,0.0,0.0,0.0,0.0,0.0,0.0,0.0,0.0,0.0,0.0,0.0,0.0,0.0,0.0,0.0,0.0,0.0,0.0,0.0,0.0,0.0,0.0,0.0,0.0,0.0,0.0,0.0,0.0,0.0,0.0,0.0,0.0,0.0,0.0,0.0,0.0
0.16164446290819043,0.27462563558553343,0.1458960266438213,0.0,0.0,0.0,0.15350256404161391,0.0,0.0,0.0,0.28587788861185887,0.08634818313754246,0.0,0.0,0.5375755014218496,0.4766070166331476,0.2150670532643631,0.06058894986065747,0.7350200172742551,1.0,0.7354857348635705,0.5524516525677919,0.550075883679774,0.48132719034539706,0.5489964152732425,0.7375440987742835,0.132446884038086,0.2159779295265305,0.03626062494158471,0.0,0.272287519287391,0.0,0.0,0.0,0.0,0.0,0.0,0.0,0.0,0.2559111973702859,0.48482976651715504,0.4874677780976523,0.2529446416153727,0.25432807714840555,0.0,0.0,0.0,0.0,0.0,0.0,0.0,0.0,0.0,0.0,0.0,0.0,0.0,0.0,0.0,0.0,0.0,0.0,0.0,0.0,0.0,0.0,0.0,0.0,0.0,0.0,0.0,0.0,0.0,0.0,0.0,0.0,0.0,0.0,0.0,0.0,0.0,0.0,0.0,0.0,0.0,0.0,0.0,0.0
0.0,0.13026136420797735,0.0,0.0,0.0,0.0,0.017364484405144678,0.0,0.0,0.0,0.2024618624914392,0.05572215471274412,0.0,0.0,0.47020360706962433,0.5487976571396813,0.311468620504184,0.10310985686059038,0.5420654539821317,0.7354857348635705,1.0,0.7479084769226825,0.30804444539114606,0.21790400826760292,0.30907354171064927,0.5428952270075386,0.020771881427072734,0.0,0.0,0.0,0.17545401855217904,0.0,0.0,0.0,0.0,0.0,0.0,0.0,0.14237817510617923,0.4926201985156258,0.6859449287271386,0.3921296617713692,0.0331221047355367,0.03154997888507376,0.0,0.0,0.0,0.0,0.0,0.0,0.0,0.0,0.0,0.0,0.0,0.0,0.0,0.0,0.0,0.0,0.0,0.0,0.0,0.0,0.0,0.0,0.0,0.0,0.0,0.0,0.0,0.0,0.0,0.0,0.0,0.0,0.0,0.0,0.0,0.0,0.0,0.0,0.0,0.0,0.0,0.0,0.0,0.0
0.0,0.10350217781444884,0.0,0.0,0.0,0.0,0.07142797824233474,0.0,0.0,0.0,0.2998904894697468,0.21396089692824258,0.0,0.0,0.5418892344981886,0.7348717972007744,0.5431589425628934,0.31242260968484475,0.47717882271019063,0.5524516525677919,0.7479084769226825,1.0,0.2189375053387683,0.06678073954168545,0.10369125346424563,0.31420864261942794,0.0,0.0,0.0,0.0,0.16901513826928508,0.0,0.0,0.0,0.0,0.0,0.0,0.036571554485496094,0.39315519002909327,0.685856739302807,0.49192359983994083,0.1419047606949717,0.0,0.0,0.0,0.0,0.0,0.0,0.0,0.0,0.0,0.0,0.0,0.0,0.0,0.0,0.0,0.0,0.0,0.0,0.0,0.0,0.0,0.0,0.0,0.0,0.0,0.0,0.0,0.0,0.0,0.0,0.0,0.0,0.0,0.0,0.0,0.0,0.0,0.0,0.0,0.0,0.0,0.0,0.0,0.0,0.0,0.0
0.43145158578516196,0.4127271059702558,0.2624358849139595,0.14573488742968874,0.15227435232136152,0.2743853231718205,0.4206728957926507,0.2213618106296397,0.10329275490438823,0.12999282094525802,0.43173366364397964,0.19355849831090002,0.032768285963192686,0.05098889154599386,0.5328022601838333,0.3053570259522801,0.08937198171198797,0.05027776932530277,0.7383145031087308,0.550075883679774,0.30804444539114606,0.2189375053387683,1.0,0.7425807807214503,0.5485742727667986,0.48344066756699844,0.12107767616630077,0.5479737980072803,0.0,0.3237582726391198,0.29020962546701573,0.0,0.0,0.0,0.0,0.0,0.0,0.0,0.0,0.0,0.035856934451081734,0.16941104340011376,0.2547152771052787,0.6868640044900591,0.0,0.0,0.0,0.0,0.0,0.0,0.0,0.0,0.0,0.0,0.0,0.0,0.0,0.0,0.0,0.0,0.0,0.0,0.0,0.0,0.0,0.0,0.0,0.0,0.0,0.0,0.0,0.0,0.0,0.0,0.0,0.0,0.0,0.0,0.0,0.0,0.0,0.0,0.0,0.0,0.0,0.0,0.0,0.0
0.24900197578082514,0.2624308504094156,0.18639947649835736,0.10343732126180535,0.08548906123334513,0.14560051124513895,0.18607196666092593,8.033879886895737e-05,0.0,0.0,0.175060340023947,0.0,0.0,0.0,0.2970970832112906,0.09639542096274291,0.0,0.0,0.5469792762064255,0.48132719034539706,0.21790400826760292,0.06678073954168545,0.7425807807214503,1.0,0.7375047619015759,0.5546051558567351,0.07715122790378086,0.734482867969799,0.0,0.4912085517282058,0.11978775009354628,0.0,0.0,0.0,0.0,0.0,0.0,0.0,0.0,0.0,0.0,0.25811338227663516,0.4850319044478473,0.4926986488292254,0.0,0.0,0.0,0.0,0.0,0.0,0.0,0.0,0.0,0.0,0.0,0.0,0.0,0.0,0.0,0.0,0.0,0.0,0.0,0.0,0.0,0.0,0.0,0.0,0.0,0.0,0.0,0.0,0.0,0.0,0.0,0.0,0.0,0.0,0.0,0.0,0.0,0.0,0.0,0.0,0.0,0.0,0.0,0.0
0.06563673072654078,0.14582805887923772,0.10357303278142779,0.0,0.0,0.0,0.0,0.0,0.0,0.0,0.01992152191774255,0.0,0.0,0.0,0.2022993083304434,0.05776084667882436,0.0,0.0,0.47238793815907293,0.5489964152732425,0.30907354171064927,0.10369125346424563,0.5485742727667986,0.7375047619015759,1.0,0.745485088225322,0.0684202932075115,0.5430366113415152,0.0,0.31987939390609293,0.04279069534652131,0.0,0.0,0.0,0.0,0.0,0.0,0.0,0.0,0.0,0.13650110536603932,0.4914724183829325,0.6862556172836753,0.2561464247025723,0.0,0.0,0.0,0.0,0.0,0.0,0.0,0.0,0.0,0.0,0.0,0.0,0.0,0.0,0.0,0.0,0.0,0.0,0.0,0.0,0.0,0.0,0.0,0.0,0.0,0.0,0.0,0.0,0.0,0.0,0.0,0.0,0.0,0.0,0.0,0.0,0.0,0.0,0.0,0.0,0.0,0.0,0.0,0.0
0.03197575023526458,0.1524827893908967,0.08577122606594934,0.0,0.0,0.0,0.0,0.0,0.0,0.0,0.06691282073389948,0.0,0.0,0.0,0.2973133815722049,0.21494778352800903,0.0,0.0,0.5435326099247327,0.7375440987742835,0.5428952270075386,0.31420864261942794,0.48344066756699844,0.5546051558567351,0.745485088225322,1.0,0.09454173711521216,0.3120717757771724,0.01775438269476307,0.07805716441496043,0.10815946756554226,0.0,0.0,0.0,0.0,0.0,0.0,0.0,0.0,0.03785882666597575,0.39005960046367355,0.685926018175282,0.48947014728264854,0.17052878838075688,0.0,0.0,0.0,0.0,0.0,0.0,0.0,0.0,0.0,0.0,0.0,0.0,0.0,0.0,0.0,0.0,0.0,0.0,0.0,0.0,0.0,0.0,0.0,0.0,0.0,0.0,0.0,0.0,0.0,0.0,0.0,0.0,0.0,0.0,0.0,0.0,0.0,0.0,0.0,0.0,0.0,0.0,0.0,0.0
0.3056127306229557,0.5479708094767747,0.7344825314888531,0.5430364680153846,0.31206533279776577,0.2159624328920696,0.08086082123643083,0.0,0.0,0.0,0.012246130969716919,0.0,0.0,0.0,0.08025621074333968,0.0,0.0,0.0,0.15787645211281254,0.132446884038086,0.020771881427072734,0.0,0.12107767616630077,0.07715122790378086,0.0684202932075115,0.09454173711521216,1.0,0.0,0.7567239486861763,0.0,0.39973984296961,0.38932535903605536,0.035507270519507916,0.0,0.0,0.0,0.0,0.0,0.0,0.0,0.0,0.0,0.0,0.0,0.0,0.0,0.0,0.0,0.0,0.0,0.0,0.0,0.0,0.0,0.0,0.0,0.0,0.0,0.0,0.0,0.0,0.0,0.0,0.0,0.0,0.0,0.0,0.0,0.0,0.0,0.0,0.0,0.0,0.0,0.0,0.0,0.0,0.0,0.0,0.0,0.0,0.0,0.0,0.0,0.0,0.0,0.0,0.0
0.1576512020631851,0.12098221223720666,0.07702694569948847,0.06812885083147092,0.09408581548686853,0.1320169363889618,0.08009717682543566,0.0,0.0,0.02028767022280695,0.012187115463921927,0.0,0.0,0.0,0.0808477954816257,0.0,0.0,0.0,0.30561491960771564,0.2159779295265305,0.0,0.0,0.5479737980072803,0.734482867969799,0.5430366113415152,0.3120717757771724,0.0,1.0,0.0,0.7567240907228227,0.0,0.0,0.0,0.0,0.0,0.0,0.0,0.0,0.0,0.0,0.0,0.03550660953822471,0.3893290570398153,0.3997663928395093,0.0,0.0,0.0,0.0,0.0,0.0,0.0,0.0,0.0,0.0,0.0,0.0,0.0,0.0,0.0,0.0,0.0,0.0,0.0,0.0,0.0,0.0,0.0,0.0,0.0,0.0,0.0,0.0,0.0,0.0,0.0,0.0,0.0,0.0,0.0,0.0,0.0,0.0,0.0,0.0,0.0,0.0,0.0,0.0
0.07161701789869088,0.3237537658035406,0.49120808416363787,0.3198776731659461,0.07804991620312558,0.0,0.0,0.0,0.0,0.0,0.0,0.0,0.0,0.0,0.0,0.0,0.0,0.0,0.006945541535093652,0.03626062494158471,0.0,0.0,0.0,0.0,0.0,0.01775438269476307,0.7567239486861763,0.0,1.0,0.0,0.23310684059959969,0.223263210718559,0.0,0.0,0.0,0.0,0.0,0.0,0.0,0.0,0.0,0.0,0.0,0.0,0.0,0.0,0.0,0.0,0.0,0.0,0.0,0.0,0.0,0.0,0.0,0.0,0.0,0.0,0.0,0.0,0.0,0.0,0.0,0.0,0.0,0.0,0.0,0.0,0.0,0.0,0.0,0.0,0.0,0.0,0.0,0.0,0.0,0.0,0.0,0.0,0.0,0.0,0.0,0.0,0.0,0.0,0.0,0.0
0.006675698334285315,0.0,0.0,0.0,0.017178190286948006,0.035748142312443366,0.0,0.0,0.0,0.0,0.0,0.0,0.0,0.0,0.0,0.0,0.0,0.0,0.07162001064637791,0.0,0.0,0.0,0.3237582726391198,0.4912085517282058,0.31987939390609293,0.07805716441496043,0.0,0.7567240907228227,0.0,1.0,0.0,0.0,0.0,0.0,0.0,0.0,0.0,0.0,0.0,0.0,0.0,0.0,0.22327011283352086,0.23314170670454953,0.0,0.0,0.0,0.0,0.0,0.0,0.0,0.0,0.0,0.0,0.0,0.0,0.0,0.0,0.0,0.0,0.0,0.0,0.0,0.0,0.0,0.0,0.0,0.0,0.0,0.0,0.0,0.0,0.0,0.0,0.0,0.0,0.0,0.0,0.0,0.0,0.0,0.0,0.0,0.0,0.0,0.0,0.0,0.0
0.48601943381647505,0.686869556552094,0.49269263954368286,0.25615380798656234,0.17054371138356864,0.25434401404256396,0.37595660061331554,0.12431036496866145,0.0,0.03157781337866705,0.3754644191762304,0.15091014096640223,0.0,0.0,0.42477734450574045,0.2708177151610852,0.09348809352916787,0.037557441252060814,0.3983032551402042,0.272287519287391,0.17545401855217904,0.16901513826928508,0.29020962546701573,0.11978775009354628,0.04279069534652131,0.10815946756554226,0.39973984296961,0.0,0.23310684059959969,0.0,1.0,0.0,0.0,0.0,0.0,0.0,0.0,0.0,0.0,0.0,0.0,0.0,0.0,0.16687484158258922,0.0,0.0,0.0,0.0,0.0,0.0,0.0,0.0,0.0,0.0,0.0,0.0,0.0,0.0,0.0,0.0,0.0,0.0,0.0,0.0,0.0,0.0,0.0,0.0,0.0,0.0,0.0,0.0,0.0,0.0,0.0,0.0,0.0,0.0,0.0,0.0,0.0,0.0,0.0,0.0,0.0,0.0,0.0,0.0
0.15870519761222893,0.2547253509697599,0.4850327222360371,0.6862552437090664,0.4894697760096615,0.2529408944583838,0.0,0.0,0.0,0.033104836611945083,0.0,0.0,0.0,0.0,0.0,0.0,0.0,0.0,0.0,0.0,0.0,0.0,0.0,0.0,0.0,0.0,0.38932535903605536,0.0,0.223263210718559,0.0,0.0,1.0,0.40670326569243637,0.0,0.0,0.0,0.0,0.0,0.0,0.0,0.0,0.0,0.0,0.0,0.0,0.0,0.0,0.0,0.0,0.0,0.0,0.0,0.0,0.0,0.0,0.0,0.0,0.0,0.0,0.0,0.0,0.0,0.0,0.0,0.0,0.0,0.0,0.0,0.0,0.0,0.0,0.0,0.0,0.0,0.0,0.0,0.0,0.0,0.0,0.0,0.0,0.0,0.0,0.0,0.0,0.0,0.0,0.0
0.25014776335590844,0.16941924650343465,0.2581121210841515,0.4914728011494378,0.6859252007635337,0.4874629965248503,0.02547365416273687,0.0,0.14187331965682456,0.39210083148353797,0.0,0.0,0.0,0.0,0.0,0.0,0.0,0.0,0.0,0.0,0.0,0.0,0.0,0.0,0.0,0.0,0.035507270519507916,0.0,0.0,0.0,0.0,0.40670326569243637,1.0,0.4191038250815968,0.0,0.0,0.0,0.0,0.0,0.0,0.0,0.0,0.0,0.0,0.0,0.0,0.0,0.0,0.0,0.0,0.0,0.0,0.0,0.0,0.0,0.0,0.0,0.0,0.0,0.0,0.0,0.0,0.0,0.0,0.0,0.0,0.0,0.0,0.0,0.0,0.0,0.0,0.0,0.0,0.0,0.0,0.0,0.0,0.0,0.0,0.0,0.0,0.0,0.0,0.0,0.0,0.0,0.0
0.24826687906525535,0.03585015702568273,0.0,0.13646656987411943,0.3900313668653388,0.48482660400602795,0.1564179994600018,0.25240782899394204,0.49192476653687367,0.6859446433700799,0.0,0.0,0.0,0.035647739986040226,0.0,0.0,0.0,0.0,0.0,0.0,0.0,0.0,0.0,0.0,0.0,0.0,0.0,0.0,0.0,0.0,0.0,0.0,0.4191038250815968,1.0,0.40867964676849644,0.0,0.0,0.0,0.0,0.0,0.0,0.0,0.0,0.0,0.0,0.0,0.0,0.0,0.0,0.0,0.0,0.0,0.0,0.0,0.0,0.0,0.0,0.0,0.0,0.0,0.0,0.0,0.0,0.0,0.0,0.0,0.0,0.0,0.0,0.0,0.0,0.0,0.0,0.0,0.0,0.0,0.0,0.0,0.0,0.0,0.0,0.0,0.0,0.0,0.0,0.0,0.0,0.0
0.16324620175210786,0.0,0.0,0.0,0.03784071496435152,0.2559115760773011,0.2499219676173499,0.4859540986686243,0.6858569595704084,0.4926202643799175,0.031306910065941614,0.0,0.1425361562505614,0.39421030816246616,0.0,0.0,0.0,0.0,0.0,0.0,0.0,0.0,0.0,0.0,0.0,0.0,0.0,0.0,0.0,0.0,0.0,0.0,0.0,0.40867964676849644,1.0,0.425638201962898,0.0,0.0,0.0,0.0,0.0,0.0,0.0,0.0,0.0,0.0,0.0,0.0,0.0,0.0,0.0,0.0,0.0,0.0,0.0,0.0,0.0,0.0,0.0,0.0,0.0,0.0,0.0,0.0,0.0,0.0,0.0,0.0,0.0,0.0,0.0,0.0,0.0,0.0,0.0,0.0,0.0,0.0,0.0,0.0,0.0,0.0,0.0,0.0,0.0,0.0,0.0,0.0
0.03455809849713671,0.0,0.0,0.0,0.0,0.0,0.24982056424238516,0.48571522039662945,0.39315712374505857,0.14237835949933347,0.16109530421721133,0.25466022229331836,0.4913808521616964,0.6859133197605871,0.0,0.0,0.0,0.03535365362364914,0.0,0.0,0.0,0.0,0.0,0.0,0.0,0.0,0.0,0.0,0.0,0.0,0.0,0.0,0.0,0.0,0.425638201962898,1.0,0.4065315344255398,0.0,0.0,0.0,0.0,0.0,0.0,0.0,0.0,0.0,0.0,0.0,0.0,0.0,0.0,0.0,0.0,0.0,0.0,0.0,0.0,0.0,0.0,0.0,0.0,0.0,0.0,0.0,0.0,0.0,0.0,0.0,0.0,0.0,0.0,0.0,0.0,0.0,0.0,0.0,0.0,0.0,0.0,0.0,0.0,0.0,0.0,0.0,0.0,0.0,0.0,0.0
0.0,0.0,0.0,0.0,0.0,0.0,0.1628452243004255,0.2557700506303974,0.03658122132703437,0.0,0.24914215593363082,0.486223681692519,0.685886586833007,0.4914722490078181,0.03538965340204217,0.0,0.14154226545321597,0.393348541446588,0.0,0.0,0.0,0.0,0.0,0.0,0.0,0.0,0.0,0.0,0.0,0.0,0.0,0.0,0.0,0.0,0.0,0.4065315344255398,1.0,0.42405353715334126,0.0,0.0,0.0,0.0,0.0,0.0,0.0,0.0,0.0,0.0,0.0,0.0,0.0,0.0,0.0,0.0,0.0,0.0,0.0,0.0,0.0,0.0,0.0,0.0,0.0,0.0,0.0,0.0,0.0,0.0,0.0,0.0,0.0,0.0,0.0,0.0,0.0,0.0,0.0,0.0,0.0,0.0,0.0,0.0,0.0,0.0,0.0,0.0,0.0,0.0
0.0,0.0,0.0,0.0,0.0,0.0,0.035393815900458245,0.0,0.0,0.0,0.24914316845621198,0.48622278960148857,0.3933484387009426,0.14154388667043669,0.16284695604818458,0.25576555455432654,0.4914723422548897,0.6858862301544058,0.0,0.0,0.0,0.036571554485496094,0.0,0.0,0.0,0.0,0.0,0.0,0.0,0.0,0.0,0.0,0.0,0.0,0.0,0.0,0.42405353715334126,1.0,0.40652773410899634,0.0,0.0,0.0,0.0,0.0,0.0,0.0,0.0,0.0,0.0,0.0,0.0,0.0,0.0,0.0,0.0,0.0,0.0,0.0,0.0,0.0,0.0,0.0,0.0,0.0,0.0,0.0,0.0,0.0,0.0,0.0,0.0,0.0,0.0,0.0,0.0,0.0,0.0,0.0,0.0,0.0,0.0,0.0,0.0,0.0,0.0,0.0,0.0,0.0
0.0,0.0,0.0,0.0,0.0,0.0,0.0,0.0,0.0,0.0,0.1611019460517619,0.2546596671424184,0.03535259068428693,0.0,0.24982348030125945,0.48571636177189764,0.6859139895973669,0.491378467171912,0.034565819594655905,0.0,0.14237817510617923,0.39315519002909327,0.0,0.0,0.0,0.0,0.0,0.0,0.0,0.0,0.0,0.0,0.0,0.0,0.0,0.0,0.0,0.40652773410899634,1.0,0.4256241005018048,0.0,0.0,0.0,0.0,0.0,0.0,0.0,0.0,0.0,0.0,0.0,0.0,0.0,0.0,0.0,0.0,0.0,0.0,0.0,0.0,0.0,0.0,0.0,0.0,0.0,0.0,0.0,0.0,0.0,0.0,0.0,0.0,0.0,0.0,0.0,0.0,0.0,0.0,0.0,0.0,0.0,0.0,0.0,0.0,0.0,0.0,0.0,0.0
0.0,0.0,0.0,0.0,0.0,0.0,0.0,0.0,0.0,0.0,0.03132027545715218,0.0,0.0,0.0,0.2499222894824784,0.48595268051652496,0.39419996784187816,0.14252335942762148,0.1632391330220785,0.2559111973702859,0.4926201985156258,0.685856739302807,0.0,0.0,0.0,0.03785882666597575,0.0,0.0,0.0,0.0,0.0,0.0,0.0,0.0,0.0,0.0,0.0,0.0,0.4256241005018048,1.0,0.4086735454596452,0.0,0.0,0.0,0.0,0.0,0.0,0.0,0.0,0.0,0.0,0.0,0.0,0.0,0.0,0.0,0.0,0.0,0.0,0.0,0.0,0.0,0.0,0.0,0.0,0.0,0.0,0.0,0.0,0.0,0.0,0.0,0.0,0.0,0.0,0.0,0.0,0.0,0.0,0.0,0.0,0.0,0.0,0.0,0.0,0.0,0.0,0.0
0.0,0.0,0.0,0.0,0.0,0.0,0.0,0.0,0.0,0.0,0.0,0.0,0.0,0.0,0.15643148315526254,0.25241278386854155,0.03564146109509889,0.0,0.24826508267355352,0.48482976651715504,0.6859449287271386,0.49192359983994083,0.035856934451081734,0.0,0.13650110536603932,0.39005960046367355,0.0,0.0,0.0,0.0,0.0,0.0,0.0,0.0,0.0,0.0,0.0,0.0,0.0,0.4086735454596452,1.0,0.4191650414710234,0.0,0.0,0.0,0.0,0.0,0.0,0.0,0.0,0.0,0.0,0.0,0.0,0.0,0.0,0.0,0.0,0.0,0.0,0.0,0.0,0.0,0.0,0.0,0.0,0.0,0.0,0.0,0.0,0.0,0.0,0.0,0.0,0.0,0.0,0.0,0.0,0.0,0.0,0.0,0.0,0.0,0.0,0.0,0.0,0.0,0.0
0.0,0.0,0.0,0.0,0.0,0.0,0.0,0.0,0.0,0.0,0.0,0.0,0.0,0.0,0.025490214465092625,0.0,0.0,0.0,0.2501420100756805,0.4874677780976523,0.3921296617713692,0.1419047606949717,0.16941104340011376,0.25811338227663516,0.4914724183829325,0.685926018175282,0.0,0.03550660953822471,0.0,0.0,0.0,0.0,0.0,0.0,0.0,0.0,0.0,0.0,0.0,0.0,0.4191650414710234,1.0,0.40669005071661835,0.0,0.0,0.0,0.0,0.0,0.0,0.0,0.0,0.0,0.0,0.0,0.0,0.0,0.0,0.0,0.0,0.0,0.0,0.0,0.0,0.0,0.0,0.0,0.0,0.0,0.0,0.0,0.0,0.0,0.0,0.0,0.0,0.0,0.0,0.0,0.0,0.0,0.0,0.0,0.0,0.0,0.0,0.0,0.0,0.0
0.0,0.0,0.0,0.0,0.0,0.0,0.0,0.0,0.0,0.0,0.0,0.0,0.0,0.0,0.0,0.0,0.0,0.0,0.15869305303836517,0.2529446416153727,0.0331221047355367,0.0,0.2547152771052787,0.4850319044478473,0.6862556172836753,0.48947014728264854,0.0,0.3893290570398153,0.0,0.22327011283352086,0.0,0.0,0.0,0.0,0.0,0.0,0.0,0.0,0.0,0.0,0.0,0.40669005071661835,1.0,0.0,0.0,0.0,0.0,0.0,0.0,0.0,0.0,0.0,0.0,0.0,0.0,0.0,0.0,0.0,0.0,0.0,0.0,0.0,0.0,0.0,0.0,0.0,0.0,0.0,0.0,0.0,0.0,0.0,0.0,0.0,0.0,0.0,0.0,0.0,0.0,0.0,0.0,0.0,0.0,0.0,0.0,0.0,0.0,0.0
0.3980662647339961,0.2901041981756531,0.11968583539409956,0.04260923429484973,0.10786924763633632,0.2719499765329257,0.42458156233699496,0.2706011992805223,0.16872769435245047,0.1750984458337557,0.37536301852907766,0.15083271438852727,0.03746343376184353,0.09334697614382839,0.3758972900938848,0.12426123847421683,0.0,0.0,0.4859951038272704,0.25432807714840555,0.03154997888507376,0.0,0.6868640044900591,0.4926986488292254,0.2561464247025723,0.17052878838075688,0.0,0.3997663928395093,0.0,0.23314170670454953,0.16687484158258922,0.0,0.0,0.0,0.0,0.0,0.0,0.0,0.0,0.0,0.0,0.0,0.0,1.0,0.0,0.0,0.0,0.0,0.0,0.0,0.0,0.0,0.0,0.0,0.0,0.0,0.0,0.0,0.0,0.0,0.0,0.0,0.0,0.0,0.0,0.0,0.0,0.0,0.0,0.0,0.0,0.0,0.0,0.0,0.0,0.0,0.0,0.0,0.0,0.0,0.0,0.0,0.0,0.0,0.0,0.0,0.0,0.0
0.0,0.0,0.0,0.0,0.0,0.0,0.0,0.0,0.0,0.0,0.0,0.0,0.0,0.0,0.0,0.0,0.0,0.0,0.0,0.0,0.0,0.0,0.0,0.0,0.0,0.0,0.0,0.0,0.0,0.0,0.0,0.0,0.0,0.0,0.0,0.0,0.0,0.0,0.0,0.0,0.0,0.0,0.0,0.0,1.0,0.7383166033697441,0.5469799148707409,0.4724004058318215,0.5435446016081945,0.7350218315500775,0.7298239047231351,0.5455506944087534,0.47718601705498936,0.5420708448240592,0.5221654534804996,0.2988603746220708,0.2148676627309361,0.30489165417803793,0.4078023902218784,0.1714363553082542,0.03830812244416919,0.08381852389040409,0.383865445344998,0.16164438021059596,0.0,0.0,0.43145160644938507,0.24900196985074205,0.06563668576028948,0.03197568547209774,0.30561274914536996,0.1576512118551719,0.07161697531172219,0.006675709730188959,0.4860192937574303,0.15870523200763528,0.2501477401915134,0.24826696465193934,0.16324616006248008,0.03455821484635766,0.0,0.0,0.0,0.0,0.0,0.0,0.0,0.3980662601172046
0.0,0.0,0.0,0.0,0.0,0.0,0.0,0.0,0.0,0.0,0.0,0.0,0.0,0.0,0.0,0.0,0.0,0.0,0.0,0.0,0.0,0.0,0.0,0.0,0.0,0.0,0.0,0.0,0.0,0.0,0.0,0.0,0.0,0.0,0.0,0.0,0.0,0.0,0.0,0.0,0.0,0.0,0.0,0.0,0.7383166033697441,1.0,0.7425845034496444,0.5485878903791886,0.483449757952005,0.5500726148138276,0.5328179505457166,0.3053628528212461,0.21894190893846538,0.30804470985929755,0.43177584031327876,0.19358790473230578,0.050283257419965775,0.08937214475350966,0.4207785735117769,0.22150201944413445,0.05108040211566329,0.03281781421412481,0.43158542874583133,0.2746256255564659,0.1302613648420466,0.1035022040176177,0.41272710188800754,0.2624308930015034,0.14582809049945872,0.15248281287252077,0.5479709363580443,0.12098223726436183,0.32375384145216557,0.0,0.6868695097213741,0.2547254515881374,0.16941918709144935,0.03585013332489506,0.0,0.0,0.0,0.0,0.0,0.0,0.0,0.0,0.0,0.29010416245679604
0.0,0.0,0.0,0.0,0.0,0.0,0.0,0.0,0.0,0.0,0.0,0.0,0.0,0.0,0.0,0.0,0.0,0.0,0.0,0.0,0.0,0.0,0.0,0.0,0.0,0.0,0.0,0.0,0.0,0.0,0.0,0.0,0.0,0.0,0.0,0.0,0.0,0.0,0.0,0.0,0.0,0.0,0.0,0.0,0.5469799148707409,0.7425845034496444,1.0,0.7375074472759992,0.5545992223423589,0.4813115265494459,0.2971065342794783,0.09638809284765598,0.06676583508172343,0.2178858029585101,0.17510391815806964,0.0,0.0,0.0,0.18618709036407569,0.00024903687123863967,0.0,0.0,0.24914982424470608,0.1458959793305235,0.0,0.0,0.2624358591572302,0.18639948029448192,0.10357303700999705,0.08577121487824572,0.7344826361957658,0.07702694873221579,0.49120812189812896,0.0,0.49269261255831387,0.48503280543839244,0.2581120587999549,0.0,0.0,0.0,0.0,0.0,0.0,0.0,0.0,0.0,0.0,0.11968581544027529
0.0,0.0,0.0,0.0,0.0,0.0,0.0,0.0,0.0,0.0,0.0,0.0,0.0,0.0,0.0,0.0,0.0,0.0,0.0,0.0,0.0,0.0,0.0,0.0,0.0,0.0,0.0,0.0,0.0,0.0,0.0,0.0,0.0,0.0,0.0,0.0,0.0,0.0,0.0,0.0,0.0,0.0,0.0,0.0,0.4724004058318215,0.5485878903791886,0.7375074472759992,1.0,0.7454800093466504,0.5489890582734936,0.20230670141851026,0.05775256010092297,0.1036746049750883,0.3090552613780248,0.01995033320525057,0.0,0.0,0.0,0.0,0.0,0.0,0.0,0.06570221292023452,0.0,0.0,0.0,0.14573489018452526,0.10343728650904946,0.0,0.0,0.5430364430336154,0.06812885344520715,0.31987757895772445,0.0,0.25615375016527725,0.6862552521980886,0.4914728565723048,0.1364666544782678,0.0,0.0,0.0,0.0,0.0,0.0,0.0,0.0,0.0,0.04260927049782582
0.0,0.0,0.0,0.0,0.0,0.0,0.0,0.0,0.0,0.0,0.0,0.0,0.0,0.0,0.0,0.0,0.0,0.0,0.0,0.0,0.0,0.0,0.0,0.0,0.0,0.0,0.0,0.0,0.0,0.0,0.0,0.0,0.0,0.0,0.0,0.0,0.0,0.0,0.0,0.0,0.0,0.0,0.0,0.0,0.5435446016081945,0.483449757952005,0.5545992223423589,0.7454800093466504,1.0,0.7375436778792345,0.29730988989952006,0.2149374125817392,0.3141949285890262,0.5428809277897491,0.06691491530534614,0.0,0.0,0.0,0.0,0.0,0.0,0.0,0.03194539189232827,0.0,0.0,0.0,0.15227437506718616,0.08548902624952189,0.0,0.0,0.312065381014695,0.09408581705647734,0.07804989792964162,0.01717819070127041,0.1705436275313465,0.48946978306957417,0.6859251789107387,0.3900313632501703,0.03784063500981421,0.0,0.0,0.0,0.0,0.0,0.0,0.0,0.0,0.10786926250174497
0.0,0.0,0.0,0.0,0.0,0.0,0.0,0.0,0.0,0.0,0.0,0.0,0.0,0.0,0.0,0.0,0.0,0.0,0.0,0.0,0.0,0.0,0.0,0.0,0.0,0.0,0.0,0.0,0.0,0.0,0.0,0.0,0.0,0.0,0.0,0.0,0.0,0.0,0.0,0.0,0.0,0.0,0.0,0.0,0.7350218315500775,0.5500726148138276,0.4813115265494459,0.5489890582734936,0.7375436778792345,1.0,0.5375622116310224,0.47659932868097254,0.5524515153321781,0.7354867791440035,0.2858614831060515,0.08634916534199899,0.060587302360557836,0.21506266092884394,0.15348201006574066,0.0,0.0,0.0,0.16157514617828336,0.0,0.0,0.0,0.274385379334792,0.14560048565677147,0.0,0.0,0.21596247985875608,0.1320169255478789,0.0,0.03574810921207927,0.2543439433703212,0.2529408748822497,0.48746291109339157,0.4848266295906406,0.25591152805989786,0.0,0.0,0.0,0.0,0.0,0.0,0.0,0.0,0.2719500056193046
0.0,0.0,0.0,0.0,0.0,0.0,0.0,0.0,0.0,0.0,0.0,0.0,0.0,0.0,0.0,0.0,0.0,0.0,0.0,0.0,0.0,0.0,0.0,0.0,0.0,0.0,0.0,0.0,0.0,0.0,0.0,0.0,0.0,0.0,0.0,0.0,0.0,0.0,0.0,0.0,0.0,0.0,0.0,0.0,0.7298239047231351,0.5328179505457166,0.2971065342794783,0.20230670141851026,0.29730988989952006,0.5375622116310224,1.0,0.7368537562674146,0.5418866253780884,0.4701912039533683,0.7308253164563904,0.5451781273600007,0.47641374322006863,0.5430547262539703,0.5198515801400586,0.29352405389324515,0.21184070314341427,0.30480508770235276,0.407788479936473,0.15350258080211718,0.01736451925344374,0.07142802169696673,0.42067301198630924,0.18607206532386467,0.0,0.0,0.08086094455724942,0.08009727087769036,0.0,0.0,0.37595656060927224,0.0,0.02547368470533775,0.1564180947282634,0.24992186498554977,0.24982055516578053,0.16284510404571675,0.035393693419584246,0.0,0.0,0.0,0.0,0.0,0.4245816005007937
0.0,0.0,0.0,0.0,0.0,0.0,0.0,0.0,0.0,0.0,0.0,0.0,0.0,0.0,0.0,0.0,0.0,0.0,0.0,0.0,0.0,0.0,0.0,0.0,0.0,0.0,0.0,0.0,0.0,0.0,0.0,0.0,0.0,0.0,0.0,0.0,0.0,0.0,0.0,0.0,0.0,0.0,0.0,0.0,0.5455506944087534,0.3053628528212461,0.09638809284765598,0.05775256010092297,0.2149374125817392,0.47659932868097254,0.7368537562674146,1.0,0.7348697385993238,0.5487901000593804,0.5433923199804008,0.47900533375553805,0.5523398191159475,0.7361476810796942,0.29350638576677013,0.08718078602100815,0.05938002095192742,0.2159767509926202,0.1713904664411411,0.0,0.0,0.0,0.22136194020718344,8.040467575167166e-05,0.0,0.0,0.0,0.0,0.0,0.0,0.12431034481103444,0.0,0.0,0.2524078657402038,0.48595395208252845,0.48571525566537205,0.25577004876572046,0.0,0.0,0.0,0.0,0.0,0.0,0.2706012382924013
0.0,0.0,0.0,0.0,0.0,0.0,0.0,0.0,0.0,0.0,0.0,0.0,0.0,0.0,0.0,0.0,0.0,0.0,0.0,0.0,0.0,0.0,0.0,0.0,0.0,0.0,0.0,0.0,0.0,0.0,0.0,0.0,0.0,0.0,0.0,0.0,0.0,0.0,0.0,0.0,0.0,0.0,0.0,0.0,0.47718601705498936,0.21894190893846538,0.06676583508172343,0.1036746049750883,0.3141949285890262,0.5524515153321781,0.5418866253780884,0.7348697385993238,1.0,0.7479070988276985,0.2998761663354175,0.21396443399101214,0.31242938183226737,0.5431631319982615,0.0713950647504313,0.0,0.0,0.0,0.0,0.0,0.0,0.0,0.1032928382332851,0.0,0.0,0.0,0.0,0.0,0.0,0.0,0.0,0.0,0.14187336381850593,0.49192492440295,0.6858568678444157,0.3931571661780275,0.03658113556573836,0.0,0.0,0.0,0.0,0.0,0.0,0.16872771077585516
0.0,0.0,0.0,0.0,0.0,0.0,0.0,0.0,0.0,0.0,0.0,0.0,0.0,0.0,0.0,0.0,0.0,0.0,0.0,0.0,0.0,0.0,0.0,0.0,0.0,0.0,0.0,0.0,0.0,0.0,0.0,0.0,0.0,0.0,0.0,0.0,0.0,0.0,0.0,0.0,0.0,0.0,0.0,0.0,0.5420708448240592,0.30804470985929755,0.2178858029585101,0.3090552613780248,0.5428809277897491,0.7354867791440035,0.4701912039533683,0.5487901000593804,0.7479070988276985,1.0,0.20243833208475748,0.05572132167796601,0.10311307562356505,0.31146906942692115,0.01732116501392205,0.0,0.0,0.0,0.0,0.0,0.0,0.0,0.12999292612311705,0.0,0.0,0.0,0.0,0.02028766895210275,0.0,0.0,0.0315777757954117,0.03310481886488776,0.3921007463982768,0.6859446192088394,0.4926202294971033,0.14237855650045703,0.0,0.0,0.0,0.0,0.0,0.0,0.0,0.17509850343053293
0.0,0.0,0.0,0.0,0.0,0.0,0.0,0.0,0.0,0.0,0.0,0.0,0.0,0.0,0.0,0.0,0.0,0.0,0.0,0.0,0.0,0.0,0.0,0.0,0.0,0.0,0.0,0.0,0.0,0.0,0.0,0.0,0.0,0.0,0.0,0.0,0.0,0.0,0.0,0.0,0.0,0.0,0.0,0.0,0.5221654534804996,0.43177584031327876,0.17510391815806964,0.01995033320525057,0.06691491530534614,0.2858614831060515,0.7308253164563904,0.5433923199804008,0.2998761663354175,0.20243833208475748,1.0,0.7354308230112262,0.5421403114765461,0.4746486909030721,0.7308283491461477,0.5434000138488201,0.4746543272324629,0.5421432828628147,0.5221678369691055,0.28587793238513715,0.20246190408342452,0.2998905126343576,0.43173378171862553,0.175060481831313,0.019921590771673006,0.06691287094748569,0.012246241644349504,0.012187235656820358,0.0,0.0,0.37546441681634424,0.0,0.0,0.0,0.03130687856539525,0.16109531106737868,0.24914203211609673,0.24914301176635872,0.16110178901915737,0.0313201625164595,0.0,0.0,0.0,0.37536307096525784
0.0,0.0,0.0,0.0,0.0,0.0,0.0,0.0,0.0,0.0,0.0,0.0,0.0,0.0,0.0,0.0,0.0,0.0,0.0,0.0,0.0,0.0,0.0,0.0,0.0,0.0,0.0,0.0,0.0,0.0,0.0,0.0,0.0,0.0,0.0,0.0,0.0,0.0,0.0,0.0,0.0,0.0,0.0,0.0,0.2988603746220708,0.19358790473230578,0.0,0.0,0.0,0.08634916534199899,0.5451781273600007,0.47900533375553805,0.21396443399101214,0.05572132167796601,0.7354308230112262,1.0,0.7361611974502913,0.5512984535338693,0.5451760756346066,0.47900106749192467,0.5512983006567902,0.7361612623439027,0.29885887464574473,0.08634821003269555,0.05572222139836608,0.21396096333890027,0.19355853197978945,0.0,0.0,0.0,0.0,0.0,0.0,0.0,0.15091008784173388,0.0,0.0,0.0,0.0,0.25466018351629593,0.4862236213046845,0.48622274945421984,0.2546595944118112,0.0,0.0,0.0,0.0,0.15083266978306573
0.0,0.0,0.0,0.0,0.0,0.0,0.0,0.0,0.0,0.0,0.0,0.0,0.0,0.0,0.0,0.0,0.0,0.0,0.0,0.0,0.0,0.0,0.0,0.0,0.0,0.0,0.0,0.0,0.0,0.0,0.0,0.0,0.0,0.0,0.0,0.0,0.0,0.0,0.0,0.0,0.0,0.0,0.0,0.0,0.2148676627309361,0.050283257419965775,0.0,0.0,0.0,0.060587302360557836,0.47641374322006863,0.5523398191159475,0.31242938183226737,0.10311307562356505,0.5421403114765461,0.7361611974502913,1.0,0.7473484245806776,0.30479817471889725,0.2159681539099746,0.3119646104518218,0.5435050410878091,0.08380573772682318,0.0,0.0,0.0,0.03276837315061458,0.0,0.0,0.0,0.0,0.0,0.0,0.0,0.0,0.0,0.0,0.0,0.14253621351987678,0.49138087721687823,0.6858865036557026,0.39334831303927575,0.03535242639082414,0.0,0.0,0.0,0.0,0.03746345150297127
