1.0,0.7383167221778674,0.5469799904428158,0.47240038207516594,0.5435446093885196,0.7350217686595217,0.7298238097699031,0.5455506030344343,0.4771859709813139,0.5420707419456563,0.5221653699460389,0.2988603797596261,0.21486759797531402,0.30489161159040823,0.40780239342097263,0.17143641982112595,0.03830812831151185,0.08381845650895042,0.3838655209440483,0.16164446290819073,0.0,0.0,0.4314515857851628,0.2490019757808258,0.06563673072654111,0.03197575023526491,0.3056127306229556,0.15765120206318622,0.07161701789869103,0.006675698334286137,0.486019433816475,0.1587051976122286,0.2501477633559083,0.2482668790652551,0.16324620175210786,0.03455809849713671,0.0,0.0,0.0,0.0,0.0,0.0,0.0,0.39806626473399687,0.0,0.0,0.0,0.0,0.0,0.0,0.0,0.0,0.0,0.0,0.0,0.0,0.0,0.0,0.0,0.0,0.0,0.0,0.0,0.0,0.0,0.0,0.0,0.0,0.0,0.0,0.0,0.0,0.0,0.0,0.0,0.0,0.0,0.0,0.0,0.0,0.0,0.0,0.0,0.0,0.0,0.0,0.0,0.0
0.7383167221778674,1.0,0.7425844784952603,0.5485878771094445,0.48344979491463613,0.5500726601878639,0.5328179530893503,0.30536286736444485,0.21894198602650833,0.30804472929320326,0.43177581360485573,0.1935879650061503,0.05028330002733871,0.0893722096971157,0.42077860605723877,0.22150205499272124,0.05108043691634151,0.03281779057537246,0.43158544520188047,0.2746256355855329,0.13026136420797735,0.10350217781444884,0.4127271059702553,0.26243085040941516,0.1458280588792369,0.1524827893908962,0.5479708094767753,0.1209822122372065,0.32375376580354126,0.0,0.6868695565520944,0.2547253509697602,0.16941924650343482,0.03585015702568257,0.0,0.0,0.0,0.0,0.0,0.0,0.0,0.0,0.0,0.2901041981756525,0.0,0.0,0.0,0.0,0.0,0.0,0.0,0.0,0.0,0.0,0.0,0.0,0.0,0.0,0.0,0.0,0.0,0.0,0.0,0.0,0.0,0.0,0.0,0.0,0.0,0.0,0.0,0.0,0.0,0.0,0.0,0.0,0.0,0.0,0.0,0.0,0.0,0.0,0.0,0.0,0.0,0.0,0.0,0.0
0.5469799904428158,0.7425844784952603,1.0,0.7375075098743601,0.5545992688229022,0.48131158592023376,0.2971064964128531,0.09638808143335834,0.06676586178609695,0.21788582855019623,0.17510386550865345,0.0,0.0,0.0,0.1861871315953507,0.00024906747988972665,0.0,0.0,0.24914984877990234,0.14589602664382015,0.0,0.0,0.26243588491395853,0.18639947649835636,0.10357303278142631,0.08577122606594835,0.7344825314888533,0.07702694569948781,0.49120808416363837,0.0,0.4926926395436831,0.48503272223603766,0.25811212108415155,0.0,0.0,0.0,0.0,0.0,0.0,0.0,0.0,0.0,0.0,0.11968583539409874,0.0,0.0,0.0,0.0,0.0,0.0,0.0,0.0,0.0,0.0,0.0,0.0,0.0,0.0,0.0,0.0,0.0,0.0,0.0,0.0,0.0,0.0,0.0,0.0,0.0,0.0,0.0,0.0,0.0,0.0,0.0,0.0,0.0,0.0,0.0,0.0,0.0,0.0,0.0,0.0,0.0,0.0,0.0,0.0
0.47240038207516594,0.5485878771094445,0.7375075098743601,1.0,0.7454799258349484,0.5489890225217751,0.20230658346868602,0.057752465819023484,0.1036744884667691,0.3090551909847579,0.0199502237737426,0.0,0.0,0.0,0.0,0.0,0.0,0.0,0.06570225921328375,0.0,0.0,0.0,0.14573488742968907,0.10343732126180569,0.0,0.0,0.5430364680153846,0.06812885083147159,0.31987767316594634,0.0,0.256153807986563,0.6862552437090663,0.49147280114943775,0.1364665698741196,0.0,0.0,0.0,0.0,0.0,0.0,0.0,0.0,0.0,0.04260923429485006,0.0,0.0,0.0,0.0,0.0,0.0,0.0,0.0,0.0,0.0,0.0,0.0,0.0,0.0,0.0,0.0,0.0,0.0,0.0,0.0,0.0,0.0,0.0,0.0,0.0,0.0,0.0,0.0,0.0,0.0,0.0,0.0,0.0,0.0,0.0,0.0,0.0,0.0,0.0,0.0,0.0,0.0,0.0,0.0
0.5435446093885196,0.48344979491463613,0.5545992688229022,0.7454799258349484,1.0,0.737543738604676,0.2973098316743549,0.21493740590372137,0.31419488127307565,0.5428809603465975,0.06691483927022572,0.0,0.0,0.0,0.0,0.0,0.0,0.0,0.031945450802212484,0.0,0.0,0.0,0.15227435232136052,0.08548906123334414,0.0,0.0,0.3120653327977658,0.09408581548686787,0.0780499162031259,0.017178190286947184,0.17054371138356872,0.489469776009662,0.6859252007635341,0.39003136686533874,0.03784071496435086,0.0,0.0,0.0,0.0,0.0,0.0,0.0,0.0,0.10786924763633549,0.0,0.0,0.0,0.0,0.0,0.0,0.0,0.0,0.0,0.0,0.0,0.0,0.0,0.0,0.0,0.0,0.0,0.0,0.0,0.0,0.0,0.0,0.0,0.0,0.0,0.0,0.0,0.0,0.0,0.0,0.0,0.0,0.0,0.0,0.0,0.0,0.0,0.0,0.0,0.0,0.0,0.0,0.0,0.0
0.7350217686595217,0.5500726601878639,0.48131158592023376,0.5489890225217751,0.737543738604676,1.0,0.5375620986800923,0.4765992586865429,0.5524514328758537,0.7354867447487081,0.28586135157906206,0.08634912511079888,0.06058718384941274,0.21506259756155638,0.15348195578488052,0.0,0.0,0.0,0.16157518396349305,0.0,0.0,0.0,0.2743853231718202,0.14560051124513862,0.0,0.0,0.21596243289206973,0.13201693638896167,0.0,0.0357481423124432,0.25434401404256407,0.2529408944583841,0.48746299652485076,0.48482660400602795,0.25591157607730075,0.0,0.0,0.0,0.0,0.0,0.0,0.0,0.0,0.27194997653292535,0.0,0.0,0.0,0.0,0.0,0.0,0.0,0.0,0.0,0.0,0.0,0.0,0.0,0.0,0.0,0.0,0.0,0.0,0.0,0.0,0.0,0.0,0.0,0.0,0.0,0.0,0.0,0.0,0.0,0.0,0.0,0.0,0.0,0.0,0.0,0.0,0.0,0.0,0.0,0.0,0.0,0.0,0.0,0.0
0.7298238097699031,0.5328179530893503,0.2971064964128531,0.20230658346868602,0.2973098316743549,0.5375620986800923,1.0,0.7368537299389354,0.5418866738763001,0.4701910861574361,0.7308252765672786,0.5451782091290069,0.4764137823465629,0.5430547923619641,0.5198515187745777,0.2935241097332798,0.21184071027050627,0.3048050738171358,0.40778848566339126,0.15350256404161408,0.017364484405145007,0.07142797824233507,0.42067289579265127,0.18607196666092643,0.0,0.0,0.08086082123643067,0.08009717682543648,0.0,0.0,0.3759566006133149,0.0,0.025473654162737037,0.15641799946000148,0.24992196761734997,0.24982056424238508,0.16284522430042564,0.03539381590045858,0.0,0.0,0.0,0.0,0.0,0.4245815623369956,0.0,0.0,0.0,0.0,0.0,0.0,0.0,0.0,0.0,0.0,0.0,0.0,0.0,0.0,0.0,0.0,0.0,0.0,0.0,0.0,0.0,0.0,0.0,0.0,0.0,0.0,0.0,0.0,0.0,0.0,0.0,0.0,0.0,0.0,0.0,0.0,0.0,0.0,0.0,0.0,0.0,0.0,0.0,0.0
0.5455506030344343,0.30536286736444485,0.09638808143335834,0.057752465819023484,0.21493740590372137,0.4765992586865429,0.7368537299389354,1.0,0.7348698683091289,0.5487900325762538,0.5433922082494154,0.47900529027452315,0.5523397172990963,0.7361476895285585,0.29350624152920074,0.08718075710262474,0.05937990090260451,0.21597662371702092,0.1713904486984263,0.0,0.0,0.0,0.22136181062964003,8.033879886945079e-05,0.0,0.0,0.0,0.0,0.0,0.0,0.12431036496866112,0.0,0.0,0.2524078289939413,0.4859540986686243,0.48571522039662945,0.2557700506303979,0.0,0.0,0.0,0.0,0.0,0.0,0.2706011992805229,0.0,0.0,0.0,0.0,0.0,0.0,0.0,0.0,0.0,0.0,0.0,0.0,0.0,0.0,0.0,0.0,0.0,0.0,0.0,0.0,0.0,0.0,0.0,0.0,0.0,0.0,0.0,0.0,0.0,0.0,0.0,0.0,0.0,0.0,0.0,0.0,0.0,0.0,0.0,0.0,0.0,0.0,0.0,0.0
0.4771859709813139,0.21894198602650833,0.06676586178609695,0.1036744884667691,0.31419488127307565,0.5524514328758537,0.5418866738763001,0.7348698683091289,1.0,0.7479069525119666,0.29987616604203904,0.2139645204476303,0.3124293794116651,0.5431632120614713,0.07139504472509303,0.0,0.0,0.0,0.0,0.0,0.0,0.0,0.10329275490438773,0.0,0.0,0.0,0.0,0.0,0.0,0.0,0.0,0.0,0.1418733196568252,0.49192476653687367,0.6858569595704082,0.3931571237450582,0.036581221327034695,0.0,0.0,0.0,0.0,0.0,0.0,0.1687276943524499,0.0,0.0,0.0,0.0,0.0,0.0,0.0,0.0,0.0,0.0,0.0,0.0,0.0,0.0,0.0,0.0,0.0,0.0,0.0,0.0,0.0,0.0,0.0,0.0,0.0,0.0,0.0,0.0,0.0,0.0,0.0,0.0,0.0,0.0,0.0,0.0,0.0,0.0,0.0,0.0,0.0,0.0,0.0,0.0
0.5420707419456563,0.30804472929320326,0.21788582855019623,0.3090551909847579,0.5428809603465975,0.7354867447487081,0.4701910861574361,0.5487900325762538,0.7479069525119666,1.0,0.20243817256083516,0.05572124137335136,0.10311290237118535,0.31146897373590143,0.017321050776771447,0.0,0.0,0.0,0.0,0.0,0.0,0.0,0.12999282094525771,0.0,0.0,0.0,0.0,0.020287670222806784,0.0,0.0,0.03157781337866705,0.03310483661194541,0.39210083148353847,0.6859446433700798,0.4926202643799171,0.14237835949933314,0.0,0.0,0.0,0.0,0.0,0.0,0.0,0.17509844583375528,0.0,0.0,0.0,0.0,0.0,0.0,0.0,0.0,0.0,0.0,0.0,0.0,0.0,0.0,0.0,0.0,0.0,0.0,0.0,0.0,0.0,0.0,0.0,0.0,0.0,0.0,0.0,0.0,0.0,0.0,0.0,0.0,0.0,0.0,0.0,0.0,0.0,0.0,0.0,0.0,0.0,0.0,0.0,0.0
0.5221653699460389,0.43177581360485573,0.17510386550865345,0.0199502237737426,0.06691483927022572,0.28586135157906206,0.7308252765672786,0.5433922082494154,0.29987616604203904,0.20243817256083516,1.0,0.7354309222874809,0.5421403683652303,0.4746486945748265,0.7308282619006468,0.5434001017412313,0.47465437934675736,0.5421433083430716,0.5221678084604724,0.2858778886118585,0.2024618624914392,0.2998904894697466,0.4317336636439794,0.17506034002394666,0.019921521917742057,0.06691282073389915,0.012246130969717741,0.012187115463921927,0.0,0.0,0.3754644191762301,0.0,0.0,0.0,0.031306910065942106,0.1610953042172115,0.2491421559336309,0.24914316845621198,0.16110194605176173,0.03132027545715218,0.0,0.0,0.0,0.37536301852907733,0.0,0.0,0.0,0.0,0.0,0.0,0.0,0.0,0.0,0.0,0.0,0.0,0.0,0.0,0.0,0.0,0.0,0.0,0.0,0.0,0.0,0.0,0.0,0.0,0.0,0.0,0.0,0.0,0.0,0.0,0.0,0.0,0.0,0.0,0.0,0.0,0.0,0.0,0.0,0.0,0.0,0.0,0.0,0.0
0.2988603797596261,0.1935879650061503,0.0,0.0,0.0,0.08634912511079888,0.5451782091290069,0.47900529027452315,0.2139645204476303,0.05572124137335136,0.7354309222874809,1.0,0.7361612479739206,0.5512984594409841,0.5451759941340294,0.4790010977287972,0.5512982175655232,0.7361611773465412,0.29885889213783046,0.08634818313754213,0.05572215471274428,0.21396089692824258,0.19355849831090002,0.0,0.0,0.0,0.0,0.0,0.0,0.0,0.15091014096640182,0.0,0.0,0.0,0.0,0.2546602222933184,0.486223681692519,0.4862227896014888,0.25465966714241844,0.0,0.0,0.0,0.0,0.15083271438852702,0.0,0.0,0.0,0.0,0.0,0.0,0.0,0.0,0.0,0.0,0.0,0.0,0.0,0.0,0.0,0.0,0.0,0.0,0.0,0.0,0.0,0.0,0.0,0.0,0.0,0.0,0.0,0.0,0.0,0.0,0.0,0.0,0.0,0.0,0.0,0.0,0.0,0.0,0.0,0.0,0.0,0.0,0.0,0.0
0.21486759797531402,0.05028330002733871,0.0,0.0,0.0,0.06058718384941274,0.4764137823465629,0.5523397172990963,0.3124293794116651,0.10311290237118535,0.5421403683652303,0.7361612479739206,1.0,0.7473483321854947,0.30479810338151825,0.21596823485601,0.31196459716063857,0.5435050713665345,0.08380576208954751,0.0,0.0,0.0,0.03276828596319285,0.0,0.0,0.0,0.0,0.0,0.0,0.0,0.0,0.0,0.0,0.0,0.14253615625056157,0.4913808521616964,0.6858865868330072,0.3933484387009428,0.03535259068428693,0.0,0.0,0.0,0.0,0.03746343376184353,0.0,0.0,0.0,0.0,0.0,0.0,0.0,0.0,0.0,0.0,0.0,0.0,0.0,0.0,0.0,0.0,0.0,0.0,0.0,0.0,0.0,0.0,0.0,0.0,0.0,0.0,0.0,0.0,0.0,0.0,0.0,0.0,0.0,0.0,0.0,0.0,0.0,0.0,0.0,0.0,0.0,0.0,0.0,0.0
0.30489161159040823,0.0893722096971157,0.0,0.0,0.0,0.21506259756155638,0.5430547923619641,0.7361476895285585,0.5431632120614713,0.31146897373590143,0.4746486945748265,0.5512984594409841,0.7473483321854947,1.0,0.21182581825982338,0.05936963301822374,0.10276962528404758,0.31196536844200345,0.038276331519333184,0.0,0.0,0.0,0.05098889154599402,0.0,0.0,0.0,0.0,0.0,0.0,0.0,0.0,0.0,0.0,0.035647739986039734,0.3942103081624661,0.685913319760587,0.49147224900781866,0.14154388667043716,0.0,0.0,0.0,0.0,0.0,0.09334697614382856,0.0,0.0,0.0,0.0,0.0,0.0,0.0,0.0,0.0,0.0,0.0,0.0,0.0,0.0,0.0,0.0,0.0,0.0,0.0,0.0,0.0,0.0,0.0,0.0,0.0,0.0,0.0,0.0,0.0,0.0,0.0,0.0,0.0,0.0,0.0,0.0,0.0,0.0,0.0,0.0,0.0,0.0,0.0,0.0
0.40780239342097263,0.42077860605723877,0.1861871315953507,0.0,0.0,0.15348195578488052,0.5198515187745777,0.29350624152920074,0.07139504472509303,0.017321050776771447,0.7308282619006468,0.5451759941340294,0.30479810338151825,0.21182581825982338,1.0,0.7368540398980639,0.5430556032080404,0.47641558349132096,0.7298281425056241,0.5375755014218497,0.4702036070696247,0.5418892344981887,0.5328022601838334,0.2970970832112907,0.2022993083304434,0.29731338157220505,0.08025621074333968,0.08084779548162585,0.0,0.0,0.42477734450573884,0.0,0.0,0.0,0.0,0.0,0.03538965340204217,0.16284695604818467,0.24982348030125945,0.2499222894824785,0.15643148315526303,0.02549021446509279,0.0,0.3758972900938849,0.0,0.0,0.0,0.0,0.0,0.0,0.0,0.0,0.0,0.0,0.0,0.0,0.0,0.0,0.0,0.0,0.0,0.0,0.0,0.0,0.0,0.0,0.0,0.0,0.0,0.0,0.0,0.0,0.0,0.0,0.0,0.0,0.0,0.0,0.0,0.0,0.0,0.0,0.0,0.0,0.0,0.0,0.0,0.0
0.17143641982112595,0.22150205499272124,0.00024906747988972665,0.0,0.0,0.0,0.2935241097332798,0.08718075710262474,0.0,0.0,0.5434001017412313,0.4790010977287972,0.21596823485601,0.05936963301822374,0.7368540398980639,1.0,0.7361450886071054,0.5523356849045138,0.5455510680778628,0.47660701663314753,0.5487976571396816,0.7348717972007744,0.30535702595228015,0.09639542096274291,0.05776084667882436,0.2149477835280092,0.0,0.0,0.0,0.0,0.2708177151610842,0.0,0.0,0.0,0.0,0.0,0.0,0.25576555455432637,0.4857163617718975,0.48595268051652496,0.2524127838685417,0.0,0.0,0.124261238474217,0.0,0.0,0.0,0.0,0.0,0.0,0.0,0.0,0.0,0.0,0.0,0.0,0.0,0.0,0.0,0.0,0.0,0.0,0.0,0.0,0.0,0.0,0.0,0.0,0.0,0.0,0.0,0.0,0.0,0.0,0.0,0.0,0.0,0.0,0.0,0.0,0.0,0.0,0.0,0.0,0.0,0.0,0.0,0.0
0.03830812831151185,0.05108043691634151,0.0,0.0,0.0,0.0,0.21184071027050627,0.05937990090260451,0.0,0.0,0.47465437934675736,0.5512982175655232,0.31196459716063857,0.10276962528404758,0.5430556032080404,0.7361450886071054,1.0,0.7473478489678083,0.3048964467942057,0.21506705326436293,0.31146862050418433,0.5431589425628937,0.08937198171198797,0.0,0.0,0.0,0.0,0.0,0.0,0.0,0.09348809352916689,0.0,0.0,0.0,0.0,0.0,0.1415422654532158,0.4914723422548896,0.685913989597367,0.3941999678418784,0.03564146109509905,0.0,0.0,0.0,0.0,0.0,0.0,0.0,0.0,0.0,0.0,0.0,0.0,0.0,0.0,0.0,0.0,0.0,0.0,0.0,0.0,0.0,0.0,0.0,0.0,0.0,0.0,0.0,0.0,0.0,0.0,0.0,0.0,0.0,0.0,0.0,0.0,0.0,0.0,0.0,0.0,0.0,0.0,0.0,0.0,0.0,0.0,0.0
0.08381845650895042,0.03281779057537246,0.0,0.0,0.0,0.0,0.3048050738171358,0.21597662371702092,0.0,0.0,0.5421433083430716,0.7361611773465412,0.5435050713665345,0.31196536844200345,0.47641558349132096,0.5523356849045138,0.7473478489678083,1.0,0.21487390767310297,0.06058894986065747,0.10310985686059053,0.3124226096848449,0.05027776932530294,0.0,0.0,0.0,0.0,0.0,0.0,0.0,0.03755744125205982,0.0,0.0,0.0,0.0,0.03535365362364914,0.39334854144658793,0.6858862301544059,0.4913784671719122,0.14252335942762182,0.0,0.0,0.0,0.0,0.0,0.0,0.0,0.0,0.0,0.0,0.0,0.0,0.0,0.0,0.0,0.0,0.0,0.0,0.0,0.0,0.0,0.0,0.0,0.0,0.0,0.0,0.0,0.0,0.0,0.0,0.0,0.0,0.0,0.0,0.0,0.0,0.0,0.0,0.0,0.0,0.0,0.0,0.0,0.0,0.0,0.0,0.0,0.0
0.3838655209440483,0.43158544520188047,0.24914984877990234,0.06570225921328375,0.031945450802212484,0.16157518396349305,0.40778848566339126,0.1713904486984263,0.0,0.0,0.5221678084604724,0.29885889213783046,0.08380576208954751,0.038276331519333184,0.7298281425056241,0.5455510680778628,0.3048964467942057,0.21487390767310297,1.0,0.7350200172742549,0.5420654539821316,0.4771788227101906,0.7383145031087308,0.5469792762064254,0.4723879381590726,0.5435326099247325,0.1578764521128135,0.30561491960771564,0.006945541535094474,0.07162001064637791,0.39830325514020326,0.0,0.0,0.0,0.0,0.0,0.0,0.0,0.034565819594655905,0.1632391330220784,0.2482650826735536,0.2501420100756804,0.15869305303836517,0.48599510382727035,0.0,0.0,0.0,0.0,0.0,0.0,0.0,0.0,0.0,0.0,0.0,0.0,0.0,0.0,0.0,0.0,0.0,0.0,0.0,0.0,0.0,0.0,0.0,0.0,0.0,0.0,0.0,0.0,0.0,0.0,0.0,0.0,0.0,0.0,0.0,0.0,0.0,0.0,0.0,0.0,0.0,0.0,0.0,0.0
0.16164446290819073,0.2746256355855329,0.14589602664382015,0.0,0.0,0.0,0.15350256404161408,0.0,0.0,0.0,0.2858778886118585,0.08634818313754213,0.0,0.0,0.5375755014218497,0.47660701663314753,0.21506705326436293,0.06058894986065747,0.7350200172742549,1.0,0.7354857348635704,0.5524516525677917,0.5500758836797739,0.48132719034539706,0.5489964152732425,0.7375440987742837,0.1324468840380865,0.2159779295265305,0.03626062494158504,0.0,0.2722875192873896,0.0,0.0,0.0,0.0,0.0,0.0,0.0,0.0,0.2559111973702856,0.48482976651715526,0.48746777809765246,0.25294464161537294,0.2543280771484055,0.0,0.0,0.0,0.0,0.0,0.0,0.0,0.0,0.0,0.0,0.0,0.0,0.0,0.0,0.0,0.0,0.0,0.0,0.0,0.0,0.0,0.0,0.0,0.0,0.0,0.0,0.0,0.0,0.0,0.0,0.0,0.0,0.0,0.0,0.0,0.0,0.0,0.0,0.0,0.0,0.0,0.0,0.0,0.0
0.0,0.13026136420797735,0.0,0.0,0.0,0.0,0.017364484405145007,0.0,0.0,0.0,0.2024618624914392,0.05572215471274428,0.0,0.0,0.4702036070696247,0.5487976571396816,0.31146862050418433,0.10310985686059053,0.5420654539821316,0.7354857348635704,1.0,0.7479084769226826,0.308044445391146,0.2179040082676026,0.30907354171064877,0.5428952270075385,0.020771881427073882,0.0,0.0,0.0,0.17545401855217854,0.0,0.0,0.0,0.0,0.0,0.0,0.0,0.14237817510617923,0.4926201985156259,0.6859449287271387,0.3921296617713689,0.033122104735536534,0.03154997888507359,0.0,0.0,0.0,0.0,0.0,0.0,0.0,0.0,0.0,0.0,0.0,0.0,0.0,0.0,0.0,0.0,0.0,0.0,0.0,0.0,0.0,0.0,0.0,0.0,0.0,0.0,0.0,0.0,0.0,0.0,0.0,0.0,0.0,0.0,0.0,0.0,0.0,0.0,0.0,0.0,0.0,0.0,0.0,0.0
0.0,0.10350217781444884,0.0,0.0,0.0,0.0,0.07142797824233507,0.0,0.0,0.0,0.2998904894697466,0.21396089692824258,0.0,0.0,0.5418892344981887,0.7348717972007744,0.5431589425628937,0.3124226096848449,0.4771788227101906,0.5524516525677917,0.7479084769226826,1.0,0.2189375053387683,0.06678073954168545,0.10369125346424546,0.3142086426194279,0.0,0.0,0.0,0.0,0.1690151382692844,0.0,0.0,0.0,0.0,0.0,0.0,0.036571554485496094,0.3931551900290931,0.6858567393028069,0.49192359983994083,0.14190476069497154,0.0,0.0,0.0,0.0,0.0,0.0,0.0,0.0,0.0,0.0,0.0,0.0,0.0,0.0,0.0,0.0,0.0,0.0,0.0,0.0,0.0,0.0,0.0,0.0,0.0,0.0,0.0,0.0,0.0,0.0,0.0,0.0,0.0,0.0,0.0,0.0,0.0,0.0,0.0,0.0,0.0,0.0,0.0,0.0,0.0,0.0
0.4314515857851628,0.4127271059702553,0.26243588491395853,0.14573488742968907,0.15227435232136052,0.2743853231718202,0.42067289579265127,0.22136181062964003,0.10329275490438773,0.12999282094525771,0.4317336636439794,0.19355849831090002,0.03276828596319285,0.05098889154599402,0.5328022601838334,0.30535702595228015,0.08937198171198797,0.05027776932530294,0.7383145031087308,0.5500758836797739,0.308044445391146,0.2189375053387683,1.0,0.7425807807214503,0.5485742727667985,0.4834406675669982,0.12107767616630143,0.5479737980072804,0.0,0.32375827263912,0.29020962546701473,0.0,0.0,0.0,0.0,0.0,0.0,0.0,0.0,0.0,0.035856934451081894,0.16941104340011376,0.25471527710527886,0.6868640044900591,0.0,0.0,0.0,0.0,0.0,0.0,0.0,0.0,0.0,0.0,0.0,0.0,0.0,0.0,0.0,0.0,0.0,0.0,0.0,0.0,0.0,0.0,0.0,0.0,0.0,0.0,0.0,0.0,0.0,0.0,0.0,0.0,0.0,0.0,0.0,0.0,0.0,0.0,0.0,0.0,0.0,0.0,0.0,0.0
0.2490019757808258,0.26243085040941516,0.18639947649835636,0.10343732126180569,0.08548906123334414,0.14560051124513862,0.18607196666092643,8.033879886945079e-05,0.0,0.0,0.17506034002394666,0.0,0.0,0.0,0.2970970832112907,0.09639542096274291,0.0,0.0,0.5469792762064254,0.48132719034539706,0.2179040082676026,0.06678073954168545,0.7425807807214503,1.0,0.7375047619015758,0.5546051558567349,0.07715122790378168,0.7344828679697991,0.0,0.491208551728206,0.11978775009354546,0.0,0.0,0.0,0.0,0.0,0.0,0.0,0.0,0.0,0.0,0.2581133822766353,0.48503190444784733,0.4926986488292254,0.0,0.0,0.0,0.0,0.0,0.0,0.0,0.0,0.0,0.0,0.0,0.0,0.0,0.0,0.0,0.0,0.0,0.0,0.0,0.0,0.0,0.0,0.0,0.0,0.0,0.0,0.0,0.0,0.0,0.0,0.0,0.0,0.0,0.0,0.0,0.0,0.0,0.0,0.0,0.0,0.0,0.0,0.0,0.0
0.06563673072654111,0.1458280588792369,0.10357303278142631,0.0,0.0,0.0,0.0,0.0,0.0,0.0,0.019921521917742057,0.0,0.0,0.0,0.2022993083304434,0.05776084667882436,0.0,0.0,0.4723879381590726,0.5489964152732425,0.30907354171064877,0.10369125346424546,0.5485742727667985,0.7375047619015758,1.0,0.7454850882253218,0.068420293207512,0.5430366113415152,0.0,0.31987939390609305,0.042790695346520156,0.0,0.0,0.0,0.0,0.0,0.0,0.0,0.0,0.0,0.13650110536603932,0.4914724183829326,0.6862556172836757,0.25614642470257226,0.0,0.0,0.0,0.0,0.0,0.0,0.0,0.0,0.0,0.0,0.0,0.0,0.0,0.0,0.0,0.0,0.0,0.0,0.0,0.0,0.0,0.0,0.0,0.0,0.0,0.0,0.0,0.0,0.0,0.0,0.0,0.0,0.0,0.0,0.0,0.0,0.0,0.0,0.0,0.0,0.0,0.0,0.0,0.0
0.03197575023526491,0.1524827893908962,0.08577122606594835,0.0,0.0,0.0,0.0,0.0,0.0,0.0,0.06691282073389915,0.0,0.0,0.0,0.29731338157220505,0.2149477835280092,0.0,0.0,0.5435326099247325,0.7375440987742837,0.5428952270075385,0.3142086426194279,0.4834406675669982,0.5546051558567349,0.7454850882253218,1.0,0.09454173711521298,0.3120717757771722,0.01775438269476373,0.07805716441496043,0.10815946756554128,0.0,0.0,0.0,0.0,0.0,0.0,0.0,0.0,0.037858826665975585,0.3900596004636737,0.6859260181752821,0.4894701472826486,0.17052878838075672,0.0,0.0,0.0,0.0,0.0,0.0,0.0,0.0,0.0,0.0,0.0,0.0,0.0,0.0,0.0,0.0,0.0,0.0,0.0,0.0,0.0,0.0,0.0,0.0,0.0,0.0,0.0,0.0,0.0,0.0,0.0,0.0,0.0,0.0,0.0,0.0,0.0,0.0,0.0,0.0,0.0,0.0,0.0,0.0
0.3056127306229556,0.5479708094767753,0.7344825314888533,0.5430364680153846,0.3120653327977658,0.21596243289206973,0.08086082123643067,0.0,0.0,0.0,0.012246130969717741,0.0,0.0,0.0,0.08025621074333968,0.0,0.0,0.0,0.1578764521128135,0.1324468840380865,0.020771881427073882,0.0,0.12107767616630143,0.07715122790378168,0.068420293207512,0.09454173711521298,1.0,0.0,0.7567239486861764,0.0,0.399739842969611,0.3893253590360553,0.03550727051950775,0.0,0.0,0.0,0.0,0.0,0.0,0.0,0.0,0.0,0.0,0.0,0.0,0.0,0.0,0.0,0.0,0.0,0.0,0.0,0.0,0.0,0.0,0.0,0.0,0.0,0.0,0.0,0.0,0.0,0.0,0.0,0.0,0.0,0.0,0.0,0.0,0.0,0.0,0.0,0.0,0.0,0.0,0.0,0.0,0.0,0.0,0.0,0.0,0.0,0.0,0.0,0.0,0.0,0.0,0.0
0.15765120206318622,0.1209822122372065,0.07702694569948781,0.06812885083147159,0.09408581548686787,0.13201693638896167,0.08009717682543648,0.0,0.0,0.020287670222806784,0.012187115463921927,0.0,0.0,0.0,0.08084779548162585,0.0,0.0,0.0,0.30561491960771564,0.2159779295265305,0.0,0.0,0.5479737980072804,0.7344828679697991,0.5430366113415152,0.3120717757771722,0.0,1.0,0.0,0.7567240907228228,0.0,0.0,0.0,0.0,0.0,0.0,0.0,0.0,0.0,0.0,0.0,0.03550660953822471,0.3893290570398153,0.39976639283950943,0.0,0.0,0.0,0.0,0.0,0.0,0.0,0.0,0.0,0.0,0.0,0.0,0.0,0.0,0.0,0.0,0.0,0.0,0.0,0.0,0.0,0.0,0.0,0.0,0.0,0.0,0.0,0.0,0.0,0.0,0.0,0.0,0.0,0.0,0.0,0.0,0.0,0.0,0.0,0.0,0.0,0.0,0.0,0.0
0.07161701789869103,0.32375376580354126,0.49120808416363837,0.31987767316594634,0.0780499162031259,0.0,0.0,0.0,0.0,0.0,0.0,0.0,0.0,0.0,0.0,0.0,0.0,0.0,0.006945541535094474,0.03626062494158504,0.0,0.0,0.0,0.0,0.0,0.01775438269476373,0.7567239486861764,0.0,1.0,0.0,0.2331068405996007,0.22326321071855917,0.0,0.0,0.0,0.0,0.0,0.0,0.0,0.0,0.0,0.0,0.0,0.0,0.0,0.0,0.0,0.0,0.0,0.0,0.0,0.0,0.0,0.0,0.0,0.0,0.0,0.0,0.0,0.0,0.0,0.0,0.0,0.0,0.0,0.0,0.0,0.0,0.0,0.0,0.0,0.0,0.0,0.0,0.0,0.0,0.0,0.0,0.0,0.0,0.0,0.0,0.0,0.0,0.0,0.0,0.0,0.0
0.006675698334286137,0.0,0.0,0.0,0.017178190286947184,0.0357481423124432,0.0,0.0,0.0,0.0,0.0,0.0,0.0,0.0,0.0,0.0,0.0,0.0,0.07162001064637791,0.0,0.0,0.0,0.32375827263912,0.491208551728206,0.31987939390609305,0.07805716441496043,0.0,0.7567240907228228,0.0,1.0,0.0,0.0,0.0,0.0,0.0,0.0,0.0,0.0,0.0,0.0,0.0,0.0,0.22327011283352102,0.23314170670454962,0.0,0.0,0.0,0.0,0.0,0.0,0.0,0.0,0.0,0.0,0.0,0.0,0.0,0.0,0.0,0.0,0.0,0.0,0.0,0.0,0.0,0.0,0.0,0.0,0.0,0.0,0.0,0.0,0.0,0.0,0.0,0.0,0.0,0.0,0.0,0.0,0.0,0.0,0.0,0.0,0.0,0.0,0.0,0.0
0.486019433816475,0.6868695565520944,0.4926926395436831,0.256153807986563,0.17054371138356872,0.25434401404256407,0.3759566006133149,0.12431036496866112,0.0,0.03157781337866705,0.3754644191762301,0.15091014096640182,0.0,0.0,0.42477734450573884,0.2708177151610842,0.09348809352916689,0.03755744125205982,0.39830325514020326,0.2722875192873896,0.17545401855217854,0.1690151382692844,0.29020962546701473,0.11978775009354546,0.042790695346520156,0.10815946756554128,0.399739842969611,0.0,0.2331068405996007,0.0,1.0,0.0,0.0,0.0,0.0,0.0,0.0,0.0,0.0,0.0,0.0,0.0,0.0,0.16687484158258795,0.0,0.0,0.0,0.0,0.0,0.0,0.0,0.0,0.0,0.0,0.0,0.0,0.0,0.0,0.0,0.0,0.0,0.0,0.0,0.0,0.0,0.0,0.0,0.0,0.0,0.0,0.0,0.0,0.0,0.0,0.0,0.0,0.0,0.0,0.0,0.0,0.0,0.0,0.0,0.0,0.0,0.0,0.0,0.0
0.1587051976122286,0.2547253509697602,0.48503272223603766,0.6862552437090663,0.489469776009662,0.2529408944583841,0.0,0.0,0.0,0.03310483661194541,0.0,0.0,0.0,0.0,0.0,0.0,0.0,0.0,0.0,0.0,0.0,0.0,0.0,0.0,0.0,0.0,0.3893253590360553,0.0,0.22326321071855917,0.0,0.0,1.0,0.40670326569243614,0.0,0.0,0.0,0.0,0.0,0.0,0.0,0.0,0.0,0.0,0.0,0.0,0.0,0.0,0.0,0.0,0.0,0.0,0.0,0.0,0.0,0.0,0.0,0.0,0.0,0.0,0.0,0.0,0.0,0.0,0.0,0.0,0.0,0.0,0.0,0.0,0.0,0.0,0.0,0.0,0.0,0.0,0.0,0.0,0.0,0.0,0.0,0.0,0.0,0.0,0.0,0.0,0.0,0.0,0.0
0.2501477633559083,0.16941924650343482,0.25811212108415155,0.49147280114943775,0.6859252007635341,0.48746299652485076,0.025473654162737037,0.0,0.1418733196568252,0.39210083148353847,0.0,0.0,0.0,0.0,0.0,0.0,0.0,0.0,0.0,0.0,0.0,0.0,0.0,0.0,0.0,0.0,0.03550727051950775,0.0,0.0,0.0,0.0,0.40670326569243614,1.0,0.4191038250815973,0.0,0.0,0.0,0.0,0.0,0.0,0.0,0.0,0.0,0.0,0.0,0.0,0.0,0.0,0.0,0.0,0.0,0.0,0.0,0.0,0.0,0.0,0.0,0.0,0.0,0.0,0.0,0.0,0.0,0.0,0.0,0.0,0.0,0.0,0.0,0.0,0.0,0.0,0.0,0.0,0.0,0.0,0.0,0.0,0.0,0.0,0.0,0.0,0.0,0.0,0.0,0.0,0.0,0.0
0.2482668790652551,0.03585015702568257,0.0,0.1364665698741196,0.39003136686533874,0.48482660400602795,0.15641799946000148,0.2524078289939413,0.49192476653687367,0.6859446433700798,0.0,0.0,0.0,0.035647739986039734,0.0,0.0,0.0,0.0,0.0,0.0,0.0,0.0,0.0,0.0,0.0,0.0,0.0,0.0,0.0,0.0,0.0,0.0,0.4191038250815973,1.0,0.40867964676849566,0.0,0.0,0.0,0.0,0.0,0.0,0.0,0.0,0.0,0.0,0.0,0.0,0.0,0.0,0.0,0.0,0.0,0.0,0.0,0.0,0.0,0.0,0.0,0.0,0.0,0.0,0.0,0.0,0.0,0.0,0.0,0.0,0.0,0.0,0.0,0.0,0.0,0.0,0.0,0.0,0.0,0.0,0.0,0.0,0.0,0.0,0.0,0.0,0.0,0.0,0.0,0.0,0.0
0.16324620175210786,0.0,0.0,0.0,0.03784071496435086,0.25591157607730075,0.24992196761734997,0.4859540986686243,0.6858569595704082,0.4926202643799171,0.031306910065942106,0.0,0.14253615625056157,0.3942103081624661,0.0,0.0,0.0,0.0,0.0,0.0,0.0,0.0,0.0,0.0,0.0,0.0,0.0,0.0,0.0,0.0,0.0,0.0,0.0,0.40867964676849566,1.0,0.425638201962898,0.0,0.0,0.0,0.0,0.0,0.0,0.0,0.0,0.0,0.0,0.0,0.0,0.0,0.0,0.0,0.0,0.0,0.0,0.0,0.0,0.0,0.0,0.0,0.0,0.0,0.0,0.0,0.0,0.0,0.0,0.0,0.0,0.0,0.0,0.0,0.0,0.0,0.0,0.0,0.0,0.0,0.0,0.0,0.0,0.0,0.0,0.0,0.0,0.0,0.0,0.0,0.0
0.03455809849713671,0.0,0.0,0.0,0.0,0.0,0.24982056424238508,0.48571522039662945,0.3931571237450582,0.14237835949933314,0.1610953042172115,0.2546602222933184,0.4913808521616964,0.685913319760587,0.0,0.0,0.0,0.03535365362364914,0.0,0.0,0.0,0.0,0.0,0.0,0.0,0.0,0.0,0.0,0.0,0.0,0.0,0.0,0.0,0.0,0.425638201962898,1.0,0.4065315344255403,0.0,0.0,0.0,0.0,0.0,0.0,0.0,0.0,0.0,0.0,0.0,0.0,0.0,0.0,0.0,0.0,0.0,0.0,0.0,0.0,0.0,0.0,0.0,0.0,0.0,0.0,0.0,0.0,0.0,0.0,0.0,0.0,0.0,0.0,0.0,0.0,0.0,0.0,0.0,0.0,0.0,0.0,0.0,0.0,0.0,0.0,0.0,0.0,0.0,0.0,0.0
0.0,0.0,0.0,0.0,0.0,0.0,0.16284522430042564,0.2557700506303979,0.036581221327034695,0.0,0.2491421559336309,0.486223681692519,0.6858865868330072,0.49147224900781866,0.03538965340204217,0.0,0.1415422654532158,0.39334854144658793,0.0,0.0,0.0,0.0,0.0,0.0,0.0,0.0,0.0,0.0,0.0,0.0,0.0,0.0,0.0,0.0,0.0,0.4065315344255403,1.0,0.42405353715334115,0.0,0.0,0.0,0.0,0.0,0.0,0.0,0.0,0.0,0.0,0.0,0.0,0.0,0.0,0.0,0.0,0.0,0.0,0.0,0.0,0.0,0.0,0.0,0.0,0.0,0.0,0.0,0.0,0.0,0.0,0.0,0.0,0.0,0.0,0.0,0.0,0.0,0.0,0.0,0.0,0.0,0.0,0.0,0.0,0.0,0.0,0.0,0.0,0.0,0.0
0.0,0.0,0.0,0.0,0.0,0.0,0.03539381590045858,0.0,0.0,0.0,0.24914316845621198,0.4862227896014888,0.3933484387009428,0.14154388667043716,0.16284695604818467,0.25576555455432637,0.4914723422548896,0.6858862301544059,0.0,0.0,0.0,0.036571554485496094,0.0,0.0,0.0,0.0,0.0,0.0,0.0,0.0,0.0,0.0,0.0,0.0,0.0,0.0,0.42405353715334115,1.0,0.40652773410899623,0.0,0.0,0.0,0.0,0.0,0.0,0.0,0.0,0.0,0.0,0.0,0.0,0.0,0.0,0.0,0.0,0.0,0.0,0.0,0.0,0.0,0.0,0.0,0.0,0.0,0.0,0.0,0.0,0.0,0.0,0.0,0.0,0.0,0.0,0.0,0.0,0.0,0.0,0.0,0.0,0.0,0.0,0.0,0.0,0.0,0.0,0.0,0.0,0.0
0.0,0.0,0.0,0.0,0.0,0.0,0.0,0.0,0.0,0.0,0.16110194605176173,0.25465966714241844,0.03535259068428693,0.0,0.24982348030125945,0.4857163617718975,0.685913989597367,0.4913784671719122,0.034565819594655905,0.0,0.14237817510617923,0.3931551900290931,0.0,0.0,0.0,0.0,0.0,0.0,0.0,0.0,0.0,0.0,0.0,0.0,0.0,0.0,0.0,0.40652773410899623,1.0,0.4256241005018048,0.0,0.0,0.0,0.0,0.0,0.0,0.0,0.0,0.0,0.0,0.0,0.0,0.0,0.0,0.0,0.0,0.0,0.0,0.0,0.0,0.0,0.0,0.0,0.0,0.0,0.0,0.0,0.0,0.0,0.0,0.0,0.0,0.0,0.0,0.0,0.0,0.0,0.0,0.0,0.0,0.0,0.0,0.0,0.0,0.0,0.0,0.0,0.0
0.0,0.0,0.0,0.0,0.0,0.0,0.0,0.0,0.0,0.0,0.03132027545715218,0.0,0.0,0.0,0.2499222894824785,0.48595268051652496,0.3941999678418784,0.14252335942762182,0.1632391330220784,0.2559111973702856,0.4926201985156259,0.6858567393028069,0.0,0.0,0.0,0.037858826665975585,0.0,0.0,0.0,0.0,0.0,0.0,0.0,0.0,0.0,0.0,0.0,0.0,0.4256241005018048,1.0,0.40867354545964496,0.0,0.0,0.0,0.0,0.0,0.0,0.0,0.0,0.0,0.0,0.0,0.0,0.0,0.0,0.0,0.0,0.0,0.0,0.0,0.0,0.0,0.0,0.0,0.0,0.0,0.0,0.0,0.0,0.0,0.0,0.0,0.0,0.0,0.0,0.0,0.0,0.0,0.0,0.0,0.0,0.0,0.0,0.0,0.0,0.0,0.0,0.0
0.0,0.0,0.0,0.0,0.0,0.0,0.0,0.0,0.0,0.0,0.0,0.0,0.0,0.0,0.15643148315526303,0.2524127838685417,0.03564146109509905,0.0,0.2482650826735536,0.48482976651715526,0.6859449287271387,0.49192359983994083,0.035856934451081894,0.0,0.13650110536603932,0.3900596004636737,0.0,0.0,0.0,0.0,0.0,0.0,0.0,0.0,0.0,0.0,0.0,0.0,0.0,0.40867354545964496,1.0,0.4191650414710233,0.0,0.0,0.0,0.0,0.0,0.0,0.0,0.0,0.0,0.0,0.0,0.0,0.0,0.0,0.0,0.0,0.0,0.0,0.0,0.0,0.0,0.0,0.0,0.0,0.0,0.0,0.0,0.0,0.0,0.0,0.0,0.0,0.0,0.0,0.0,0.0,0.0,0.0,0.0,0.0,0.0,0.0,0.0,0.0,0.0,0.0
0.0,0.0,0.0,0.0,0.0,0.0,0.0,0.0,0.0,0.0,0.0,0.0,0.0,0.0,0.02549021446509279,0.0,0.0,0.0,0.2501420100756804,0.48746777809765246,0.3921296617713689,0.14190476069497154,0.16941104340011376,0.2581133822766353,0.4914724183829326,0.6859260181752821,0.0,0.03550660953822471,0.0,0.0,0.0,0.0,0.0,0.0,0.0,0.0,0.0,0.0,0.0,0.0,0.4191650414710233,1.0,0.40669005071661857,0.0,0.0,0.0,0.0,0.0,0.0,0.0,0.0,0.0,0.0,0.0,0.0,0.0,0.0,0.0,0.0,0.0,0.0,0.0,0.0,0.0,0.0,0.0,0.0,0.0,0.0,0.0,0.0,0.0,0.0,0.0,0.0,0.0,0.0,0.0,0.0,0.0,0.0,0.0,0.0,0.0,0.0,0.0,0.0,0.0
0.0,0.0,0.0,0.0,0.0,0.0,0.0,0.0,0.0,0.0,0.0,0.0,0.0,0.0,0.0,0.0,0.0,0.0,0.15869305303836517,0.25294464161537294,0.033122104735536534,0.0,0.25471527710527886,0.48503190444784733,0.6862556172836757,0.4894701472826486,0.0,0.3893290570398153,0.0,0.22327011283352102,0.0,0.0,0.0,0.0,0.0,0.0,0.0,0.0,0.0,0.0,0.0,0.40669005071661857,1.0,0.0,0.0,0.0,0.0,0.0,0.0,0.0,0.0,0.0,0.0,0.0,0.0,0.0,0.0,0.0,0.0,0.0,0.0,0.0,0.0,0.0,0.0,0.0,0.0,0.0,0.0,0.0,0.0,0.0,0.0,0.0,0.0,0.0,0.0,0.0,0.0,0.0,0.0,0.0,0.0,0.0,0.0,0.0,0.0,0.0
0.39806626473399687,0.2901041981756525,0.11968583539409874,0.04260923429485006,0.10786924763633549,0.27194997653292535,0.4245815623369956,0.2706011992805229,0.1687276943524499,0.17509844583375528,0.37536301852907733,0.15083271438852702,0.03746343376184353,0.09334697614382856,0.3758972900938849,0.124261238474217,0.0,0.0,0.48599510382727035,0.2543280771484055,0.03154997888507359,0.0,0.6868640044900591,0.4926986488292254,0.25614642470257226,0.17052878838075672,0.0,0.39976639283950943,0.0,0.23314170670454962,0.16687484158258795,0.0,0.0,0.0,0.0,0.0,0.0,0.0,0.0,0.0,0.0,0.0,0.0,1.0,0.0,0.0,0.0,0.0,0.0,0.0,0.0,0.0,0.0,0.0,0.0,0.0,0.0,0.0,0.0,0.0,0.0,0.0,0.0,0.0,0.0,0.0,0.0,0.0,0.0,0.0,0.0,0.0,0.0,0.0,0.0,0.0,0.0,0.0,0.0,0.0,0.0,0.0,0.0,0.0,0.0,0.0,0.0,0.0
0.0,0.0,0.0,0.0,0.0,0.0,0.0,0.0,0.0,0.0,0.0,0.0,0.0,0.0,0.0,0.0,0.0,0.0,0.0,0.0,0.0,0.0,0.0,0.0,0.0,0.0,0.0,0.0,0.0,0.0,0.0,0.0,0.0,0.0,0.0,0.0,0.0,0.0,0.0,0.0,0.0,0.0,0.0,0.0,1.0,0.7383168096688553,0.5469799734885459,0.4724003556135699,0.5435446288533479,0.7350217856576448,0.7298237783547752,0.5455505670120839,0.47718605273789483,0.5420707284358037,0.5221654088190341,0.29886031475180475,0.21486764268346542,0.30489158484654594,0.40780241352349245,0.17143632532894842,0.03830814275445466,0.08381849400861388,0.38386546966277857,0.16164446164502158,0.0,0.0,0.43145159188192744,0.24900202450154463,0.06563673107108674,0.03197574599485573,0.3056127282400188,0.15765122639393303,0.07161700241807441,0.00667576239047398,0.4860195033316353,0.15870528411046722,0.25014777117584774,0.24826687099053937,0.16324615199692624,0.03455807763882015,0.0,0.0,0.0,0.0,0.0,0.0,0.0,0.39806626124348876
0.0,0.0,0.0,0.0,0.0,0.0,0.0,0.0,0.0,0.0,0.0,0.0,0.0,0.0,0.0,0.0,0.0,0.0,0.0,0.0,0.0,0.0,0.0,0.0,0.0,0.0,0.0,0.0,0.0,0.0,0.0,0.0,0.0,0.0,0.0,0.0,0.0,0.0,0.0,0.0,0.0,0.0,0.0,0.0,0.7383168096688553,1.0,0.7425844362835655,0.5485878002271402,0.48344984132935576,0.550072707672862,0.5328179868283257,0.3053629515506219,0.21894215765858624,0.30804477037646383,0.43177588762092145,0.19358798853115972,0.05028344249554434,0.0893722911812887,0.4207786408627271,0.2215019824653258,0.05108048081174586,0.03281786141117832,0.431585396898804,0.2746255859739555,0.13026133893094305,0.10350216074757912,0.4127271038860653,0.2624308628561336,0.14582801865066086,0.15248273372003684,0.5479707130902439,0.1209822169192351,0.32375366279776013,0.0,0.6868695349152929,0.25472539276801925,0.1694192838480979,0.03585019597412292,0.0,0.0,0.0,0.0,0.0,0.0,0.0,0.0,0.0,0.2901042462152973
0.0,0.0,0.0,0.0,0.0,0.0,0.0,0.0,0.0,0.0,0.0,0.0,0.0,0.0,0.0,0.0,0.0,0.0,0.0,0.0,0.0,0.0,0.0,0.0,0.0,0.0,0.0,0.0,0.0,0.0,0.0,0.0,0.0,0.0,0.0,0.0,0.0,0.0,0.0,0.0,0.0,0.0,0.0,0.0,0.5469799734885459,0.7425844362835655,1.0,0.7375073700408187,0.5545992169999577,0.4813114870556461,0.29710644682145143,0.09638803051440631,0.06676589828817683,0.21788570449529654,0.175103897197393,0.0,0.0,0.0,0.18618717755784855,0.00024903852955689604,0.0,0.0,0.2491498260637695,0.14589603209848354,0.0,0.0,0.2624358979801091,0.18639947646278285,0.10357304149493901,0.08577124096676472,0.7344825951840723,0.07702692680369161,0.49120811629065586,0.0,0.4926926263917212,0.48503273327810137,0.2581120638092372,0.0,0.0,0.0,0.0,0.0,0.0,0.0,0.0,0.0,0.0,0.1196858451639597
0.0,0.0,0.0,0.0,0.0,0.0,0.0,0.0,0.0,0.0,0.0,0.0,0.0,0.0,0.0,0.0,0.0,0.0,0.0,0.0,0.0,0.0,0.0,0.0,0.0,0.0,0.0,0.0,0.0,0.0,0.0,0.0,0.0,0.0,0.0,0.0,0.0,0.0,0.0,0.0,0.0,0.0,0.0,0.0,0.4724003556135699,0.5485878002271402,0.7375073700408187,1.0,0.7454799772483195,0.5489889648559494,0.2023065273212696,0.05775238380448413,0.10367455460237555,0.3090551069937141,0.019950212556348178,0.0,0.0,0.0,0.0,0.0,0.0,0.0,0.06570214725389187,0.0,0.0,0.0,0.14573488635334905,0.10343729237088492,0.0,0.0,0.5430364350328618,0.06812885414287492,0.319877591981838,0.0,0.25615370792685754,0.6862553564241065,0.49147287892066155,0.13646652399390607,0.0,0.0,0.0,0.0,0.0,0.0,0.0,0.0,0.0,0.04260922760029272
0.0,0.0,0.0,0.0,0.0,0.0,0.0,0.0,0.0,0.0,0.0,0.0,0.0,0.0,0.0,0.0,0.0,0.0,0.0,0.0,0.0,0.0,0.0,0.0,0.0,0.0,0.0,0.0,0.0,0.0,0.0,0.0,0.0,0.0,0.0,0.0,0.0,0.0,0.0,0.0,0.0,0.0,0.0,0.0,0.5435446288533479,0.48344984132935576,0.5545992169999577,0.7454799772483195,1.0,0.7375436838486779,0.29730983687055845,0.21493731975472924,0.31419493222120104,0.5428808431982717,0.06691489882462565,0.0,0.0,0.0,0.0,0.0,0.0,0.0,0.03194539204205344,0.0,0.0,0.0,0.15227439647460456,0.08548907049633764,0.0,0.0,0.31206537390044947,0.09408582553886036,0.0780499097529229,0.01717820812753545,0.17054373649080007,0.48946985430240614,0.6859251914050651,0.39003127212020805,0.03784067393397012,0.0,0.0,0.0,0.0,0.0,0.0,0.0,0.0,0.10786925406010779
0.0,0.0,0.0,0.0,0.0,0.0,0.0,0.0,0.0,0.0,0.0,0.0,0.0,0.0,0.0,0.0,0.0,0.0,0.0,0.0,0.0,0.0,0.0,0.0,0.0,0.0,0.0,0.0,0.0,0.0,0.0,0.0,0.0,0.0,0.0,0.0,0.0,0.0,0.0,0.0,0.0,0.0,0.0,0.0,0.7350217856576448,0.550072707672862,0.4813114870556461,0.5489889648559494,0.7375436838486779,1.0,0.5375621467140166,0.4765992280102054,0.5524515611046312,0.7354867184546515,0.2858614379178622,0.08634910201812132,0.06058727264932354,0.21506261483375733,0.15348199445035252,0.0,0.0,0.0,0.16157511130321625,0.0,0.0,0.0,0.2743853356772292,0.14560050929398907,0.0,0.0,0.215962397113099,0.13201692101175663,0.0,0.03574814841419128,0.2543440523391893,0.2529409114369872,0.48746294881355146,0.4848265934495237,0.2559115951251044,0.0,0.0,0.0,0.0,0.0,0.0,0.0,0.0,0.2719499635946285
0.0,0.0,0.0,0.0,0.0,0.0,0.0,0.0,0.0,0.0,0.0,0.0,0.0,0.0,0.0,0.0,0.0,0.0,0.0,0.0,0.0,0.0,0.0,0.0,0.0,0.0,0.0,0.0,0.0,0.0,0.0,0.0,0.0,0.0,0.0,0.0,0.0,0.0,0.0,0.0,0.0,0.0,0.0,0.0,0.7298237783547752,0.5328179868283257,0.29710644682145143,0.2023065273212696,0.29730983687055845,0.5375621467140166,1.0,0.7368538273848493,0.5418868098422971,0.4701911705527287,0.7308253041881576,0.5451781370531184,0.47641386301883937,0.543054836837257,0.5198514907855514,0.2935239717305263,0.2118406937749213,0.30480511280845607,0.4077884068082301,0.15350253389187934,0.017364469742004677,0.07142791881254444,0.420672845769946,0.18607200232170645,0.0,0.0,0.08086075793931827,0.08009718506486586,0.0,0.0,0.375956648148746,0.0,0.025473656787025477,0.1564180643445698,0.24992198124444917,0.24982059801097523,0.16284523591033556,0.0353937288418622,0.0,0.0,0.0,0.0,0.0,0.42458152328589305
0.0,0.0,0.0,0.0,0.0,0.0,0.0,0.0,0.0,0.0,0.0,0.0,0.0,0.0,0.0,0.0,0.0,0.0,0.0,0.0,0.0,0.0,0.0,0.0,0.0,0.0,0.0,0.0,0.0,0.0,0.0,0.0,0.0,0.0,0.0,0.0,0.0,0.0,0.0,0.0,0.0,0.0,0.0,0.0,0.5455505670120839,0.3053629515506219,0.09638803051440631,0.05775238380448413,0.21493731975472924,0.4765992280102054,0.7368538273848493,1.0,0.7348697926862866,0.5487900044037206,0.5433923615463663,0.47900534315098175,0.5523398596896658,0.7361477391926273,0.29350633521147784,0.08718076758611322,0.05938003401455527,0.2159768242432957,0.17139045101157893,0.0,0.0,0.0,0.22136179602681227,8.037654367146721e-05,0.0,0.0,0.0,0.0,0.0,0.0,0.1243105041083816,0.0,0.0,0.25240776107270807,0.48595395297222344,0.4857152509692988,0.25577015453598856,0.0,0.0,0.0,0.0,0.0,0.0,0.27060113620452914
0.0,0.0,0.0,0.0,0.0,0.0,0.0,0.0,0.0,0.0,0.0,0.0,0.0,0.0,0.0,0.0,0.0,0.0,0.0,0.0,0.0,0.0,0.0,0.0,0.0,0.0,0.0,0.0,0.0,0.0,0.0,0.0,0.0,0.0,0.0,0.0,0.0,0.0,0.0,0.0,0.0,0.0,0.0,0.0,0.47718605273789483,0.21894215765858624,0.06676589828817683,0.10367455460237555,0.31419493222120104,0.5524515611046312,0.5418868098422971,0.7348697926862866,1.0,0.7479071065105007,0.29987630122218456,0.2139644955655966,0.3124294013482574,0.5431631531258296,0.07139514480294587,0.0,0.0,0.0,0.0,0.0,0.0,0.0,0.10329283912352558,0.0,0.0,0.0,0.0,0.0,0.0,0.0,0.0,0.0,0.14187333987639428,0.4919248403519162,0.6858568288056625,0.39315711402873543,0.036581214686623016,0.0,0.0,0.0,0.0,0.0,0.0,0.1687277206288571
0.0,0.0,0.0,0.0,0.0,0.0,0.0,0.0,0.0,0.0,0.0,0.0,0.0,0.0,0.0,0.0,0.0,0.0,0.0,0.0,0.0,0.0,0.0,0.0,0.0,0.0,0.0,0.0,0.0,0.0,0.0,0.0,0.0,0.0,0.0,0.0,0.0,0.0,0.0,0.0,0.0,0.0,0.0,0.0,0.5420707284358037,0.30804477037646383,0.21788570449529654,0.3090551069937141,0.5428808431982717,0.7354867184546515,0.4701911705527287,0.5487900044037206,0.7479071065105007,1.0,0.20243828418593823,0.05572124357330187,0.10311301522655518,0.31146902443338703,0.017321097350244098,0.0,0.0,0.0,0.0,0.0,0.0,0.0,0.12999281630449142,0.0,0.0,0.0,0.0,0.02028761883172889,0.0,0.0,0.031577864214539356,0.03310480194307007,0.3921006956359023,0.6859446224763144,0.4926203501073806,0.14237849676982078,0.0,0.0,0.0,0.0,0.0,0.0,0.0,0.17509839810727196
0.0,0.0,0.0,0.0,0.0,0.0,0.0,0.0,0.0,0.0,0.0,0.0,0.0,0.0,0.0,0.0,0.0,0.0,0.0,0.0,0.0,0.0,0.0,0.0,0.0,0.0,0.0,0.0,0.0,0.0,0.0,0.0,0.0,0.0,0.0,0.0,0.0,0.0,0.0,0.0,0.0,0.0,0.0,0.0,0.5221654088190341,0.43177588762092145,0.175103897197393,0.019950212556348178,0.06691489882462565,0.2858614379178622,0.7308253041881576,0.5433923615463663,0.29987630122218456,0.20243828418593823,1.0,0.735430857293222,0.5421404600409843,0.47464876892575864,0.7308282356154222,0.5433999533449607,0.4746543317684078,0.542143303228475,0.5221678150733425,0.285877916685217,0.20246187268022234,0.29989042300826807,0.4317336455516557,0.17506044439821639,0.019921545106428747,0.06691283258011205,0.012246109446244366,0.012187179191904488,0.0,0.0,0.3754645182202294,0.0,0.0,0.0,0.031306928938473956,0.1610953121415475,0.24914214866803266,0.24914304586680308,0.1611018584269286,0.03132025774003206,0.0,0.0,0.0,0.37536305292155486
0.0,0.0,0.0,0.0,0.0,0.0,0.0,0.0,0.0,0.0,0.0,0.0,0.0,0.0,0.0,0.0,0.0,0.0,0.0,0.0,0.0,0.0,0.0,0.0,0.0,0.0,0.0,0.0,0.0,0.0,0.0,0.0,0.0,0.0,0.0,0.0,0.0,0.0,0.0,0.0,0.0,0.0,0.0,0.0,0.29886031475180475,0.19358798853115972,0.0,0.0,0.0,0.08634910201812132,0.5451781370531184,0.47900534315098175,0.2139644955655966,0.05572124357330187,0.735430857293222,1.0,0.7361612969196768,0.5512984585663371,0.5451759904273094,0.4790010833966622,0.5512982932065119,0.7361613260458153,0.2988589101587182,0.08634824867505335,0.05572223775210535,0.213960919422778,0.19355841497886148,0.0,0.0,0.0,0.0,0.0,0.0,0.0,0.15091023354692934,0.0,0.0,0.0,0.0,0.2546601193822697,0.486223676221177,0.48622278093642846,0.2546597666989686,0.0,0.0,0.0,0.0,0.15083264259515247
0.0,0.0,0.0,0.0,0.0,0.0,0.0,0.0,0.0,0.0,0.0,0.0,0.0,0.0,0.0,0.0,0.0,0.0,0.0,0.0,0.0,0.0,0.0,0.0,0.0,0.0,0.0,0.0,0.0,0.0,0.0,0.0,0.0,0.0,0.0,0.0,0.0,0.0,0.0,0.0,0.0,0.0,0.0,0.0,0.21486764268346542,0.05028344249554434,0.0,0.0,0.0,0.06058727264932354,0.47641386301883937,0.5523398596896658,0.3124294013482574,0.10311301522655518,0.5421404600409843,0.7361612969196768,1.0,0.747348378590416,0.30479819274183395,0.21596826840474712,0.3119646773039669,0.5435052141826865,0.08380585720437826,0.0,0.0,0.0,0.0327683185416916,0.0,0.0,0.0,0.0,0.0,0.0,0.0,0.0,0.0,0.0,0.0,0.14253609893401317,0.4913807400668418,0.6858865199754018,0.3933484110462393,0.035352711810273045,0.0,0.0,0.0,0.0,0.037463457125617654
