1.0,0.7383167322232317,0.5469799148707408,0.4724004058318217,0.5435446016081945,0.7350218315500777,0.7298237470380219,0.5455506944087535,0.4771860170549895,0.5420708448240592,0.5221653460866901,0.2988603746220708,0.2148676627309361,0.30489165417803804,0.4078023902218783,0.1714363553082542,0.038308122444169354,0.0838184058200047,0.383865445344998,0.1616443802105958,0.0,0.0,0.43145160644938507,0.24900196985074188,0.06563668576028932,0.03197568547209757,0.30561274914536973,0.15765121185517206,0.07161697531172219,0.006675709730188959,0.4860193641160134,0.15870523200763503,0.2501477401915134,0.24826696465193943,0.16324616006248016,0.03455803592148472,0.0,0.0,0.0,0.0,0.0,0.0,0.0,0.3980662601172047,0.0,0.0,0.0,0.0,0.0,0.0,0.0,0.0,0.0,0.0,0.0,0.0,0.0,0.0,0.0,0.0,0.0,0.0,0.0,0.0,0.0,0.0,0.0,0.0,0.0,0.0,0.0,0.0,0.0,0.0,0.0,0.0,0.0,0.0,0.0,0.0,0.0,0.0,0.0,0.0,0.0,0.0,0.0,0.0
0.7383167322232317,1.0,0.742584347765735,0.5485877833685999,0.4834497286891726,0.5500726739294141,0.5328179505457166,0.3053630155659073,0.21894204294387182,0.3080448002149504,0.43177584031327887,0.19358806795304526,0.05028343427372095,0.08937231910336059,0.42077866134908354,0.22150209871343982,0.05108051548709504,0.03281781421412481,0.43158544231173934,0.2746255895697281,0.13026134648086718,0.10350223413835306,0.4127270997289556,0.26243083524590305,0.14582800007586913,0.15248273203009763,0.5479707745501378,0.12098218033925012,0.32375368704881446,0.0,0.6868695097213741,0.2547253250212529,0.1694191590000849,0.035850199437353944,0.0,0.0,0.0,0.0,0.0,0.0,0.0,0.0,0.0,0.2901042037871575,0.0,0.0,0.0,0.0,0.0,0.0,0.0,0.0,0.0,0.0,0.0,0.0,0.0,0.0,0.0,0.0,0.0,0.0,0.0,0.0,0.0,0.0,0.0,0.0,0.0,0.0,0.0,0.0,0.0,0.0,0.0,0.0,0.0,0.0,0.0,0.0,0.0,0.0,0.0,0.0,0.0,0.0,0.0,0.0
0.5469799148707408,0.742584347765735,1.0,0.7375074472759992,0.5545992223423587,0.48131152654944565,0.29710636868252005,0.09638809284765598,0.06676583508172343,0.2178858029585101,0.17510376648958398,0.0,0.0,0.0,0.18618709036407569,0.0002490368712384752,0.0,0.0,0.24914982424470608,0.1458959793305235,0.0,0.0,0.2624358591572302,0.18639948029448192,0.10357303700999705,0.08577121487824572,0.7344826361957658,0.07702694873221579,0.4912081218981291,0.0,0.4926924969760315,0.48503280543839233,0.25811205879995475,0.0,0.0,0.0,0.0,0.0,0.0,0.0,0.0,0.0,0.0,0.11968581544027529,0.0,0.0,0.0,0.0,0.0,0.0,0.0,0.0,0.0,0.0,0.0,0.0,0.0,0.0,0.0,0.0,0.0,0.0,0.0,0.0,0.0,0.0,0.0,0.0,0.0,0.0,0.0,0.0,0.0,0.0,0.0,0.0,0.0,0.0,0.0,0.0,0.0,0.0,0.0,0.0,0.0,0.0,0.0,0.0
0.4724004058318217,0.5485877833685999,0.7375074472759992,1.0,0.7454800093466506,0.5489890582734936,0.20230654518372695,0.05775256010092314,0.10367460497508847,0.30905526137802486,0.019950197149737704,0.0,0.0,0.0,0.0,0.0,0.0,0.0,0.06570221292023469,0.0,0.0,0.0,0.14573489018452526,0.10343728650904946,0.0,0.0,0.5430364430336153,0.06812885344520715,0.31987757895772445,0.0,0.2561536648727181,0.6862552521980883,0.4914728565723048,0.13646665447826797,0.0,0.0,0.0,0.0,0.0,0.0,0.0,0.0,0.0,0.04260927049782582,0.0,0.0,0.0,0.0,0.0,0.0,0.0,0.0,0.0,0.0,0.0,0.0,0.0,0.0,0.0,0.0,0.0,0.0,0.0,0.0,0.0,0.0,0.0,0.0,0.0,0.0,0.0,0.0,0.0,0.0,0.0,0.0,0.0,0.0,0.0,0.0,0.0,0.0,0.0,0.0,0.0,0.0,0.0,0.0
0.5435446016081945,0.4834497286891726,0.5545992223423587,0.7454800093466506,1.0,0.7375436778792344,0.2973097597748969,0.21493741258173904,0.31419492858902615,0.5428809277897488,0.06691480797214834,0.0,0.0,0.0,0.0,0.0,0.0,0.0,0.03194539189232827,0.0,0.0,0.0,0.15227437506718633,0.08548902624952189,0.0,0.0,0.31206538101469505,0.09408581705647734,0.07804989792964179,0.01717819070127041,0.17054359875300004,0.48946978306957417,0.6859251789107387,0.39003136325017024,0.03784063500981421,0.0,0.0,0.0,0.0,0.0,0.0,0.0,0.0,0.1078692625017448,0.0,0.0,0.0,0.0,0.0,0.0,0.0,0.0,0.0,0.0,0.0,0.0,0.0,0.0,0.0,0.0,0.0,0.0,0.0,0.0,0.0,0.0,0.0,0.0,0.0,0.0,0.0,0.0,0.0,0.0,0.0,0.0,0.0,0.0,0.0,0.0,0.0,0.0,0.0,0.0,0.0,0.0,0.0,0.0
0.7350218315500777,0.5500726739294141,0.48131152654944565,0.5489890582734936,0.7375436778792344,1.0,0.5375621041055421,0.4765993286809727,0.5524515153321781,0.7354867791440035,0.28586140127659715,0.08634916534199916,0.060587302360557836,0.21506266092884394,0.15348201006574066,0.0,0.0,0.0,0.16157514617828336,0.0,0.0,0.0,0.274385379334792,0.1456004856567713,0.0,0.0,0.2159624798587559,0.1320169255478789,0.0,0.035748109212079104,0.254343976710258,0.25294087488224937,0.48746291109339146,0.48482662959064066,0.25591152805989786,0.0,0.0,0.0,0.0,0.0,0.0,0.0,0.0,0.27195000561930466,0.0,0.0,0.0,0.0,0.0,0.0,0.0,0.0,0.0,0.0,0.0,0.0,0.0,0.0,0.0,0.0,0.0,0.0,0.0,0.0,0.0,0.0,0.0,0.0,0.0,0.0,0.0,0.0,0.0,0.0,0.0,0.0,0.0,0.0,0.0,0.0,0.0,0.0,0.0,0.0,0.0,0.0,0.0,0.0
0.7298237470380219,0.5328179505457166,0.29710636868252005,0.20230654518372695,0.2973097597748969,0.5375621041055421,1.0,0.7368538958358634,0.5418866872501724,0.47019117790717496,0.7308253164563903,0.5451782489495841,0.47641391824261775,0.5430549066831505,0.519851527147438,0.2935240332123152,0.21184074280392093,0.3048050877023527,0.4077883640817455,0.1535024598030225,0.01736442533154122,0.07142796858487835,0.4206728780558763,0.18607191921718483,0.0,0.0,0.08086078194480656,0.08009713351561605,0.0,0.0,0.37595656060927224,0.0,0.025473572722360453,0.15641806728918112,0.24992195403839843,0.24982055516578053,0.16284527903754864,0.03539381223609462,0.0,0.0,0.0,0.0,0.0,0.42458148881411073,0.0,0.0,0.0,0.0,0.0,0.0,0.0,0.0,0.0,0.0,0.0,0.0,0.0,0.0,0.0,0.0,0.0,0.0,0.0,0.0,0.0,0.0,0.0,0.0,0.0,0.0,0.0,0.0,0.0,0.0,0.0,0.0,0.0,0.0,0.0,0.0,0.0,0.0,0.0,0.0,0.0,0.0,0.0,0.0
0.5455506944087535,0.3053630155659073,0.09638809284765598,0.05775256010092314,0.21493741258173904,0.4765993286809727,0.7368538958358634,1.0,0.7348697385993237,0.5487901000593804,0.5433923813310723,0.47900533375553805,0.5523398191159474,0.7361476810796942,0.29350638576677013,0.08718078602100798,0.059380020951927584,0.21597671420256936,0.1713904664411411,0.0,0.0,0.0,0.22136194020718344,8.040467575167166e-05,0.0,0.0,0.0,0.0,0.0,0.0,0.1243104858113596,0.0,0.0,0.2524078657402038,0.48595395208252845,0.4857150732680941,0.2557700487657205,0.0,0.0,0.0,0.0,0.0,0.0,0.2706012382924014,0.0,0.0,0.0,0.0,0.0,0.0,0.0,0.0,0.0,0.0,0.0,0.0,0.0,0.0,0.0,0.0,0.0,0.0,0.0,0.0,0.0,0.0,0.0,0.0,0.0,0.0,0.0,0.0,0.0,0.0,0.0,0.0,0.0,0.0,0.0,0.0,0.0,0.0,0.0,0.0,0.0,0.0,0.0,0.0
0.4771860170549895,0.21894204294387182,0.06676583508172343,0.10367460497508847,0.31419492858902615,0.5524515153321781,0.5418866872501724,0.7348697385993237,1.0,0.7479070988276985,0.29987619437432894,0.21396443399101214,0.3124293818322671,0.5431631319982615,0.07139506475043113,0.0,0.0,0.0,0.0,0.0,0.0,0.0,0.1032928382332851,0.0,0.0,0.0,0.0,0.0,0.0,0.0,0.0,0.0,0.1418733638185061,0.49192492440295,0.6858568678444157,0.3931570009911384,0.03658113556573836,0.0,0.0,0.0,0.0,0.0,0.0,0.16872771077585524,0.0,0.0,0.0,0.0,0.0,0.0,0.0,0.0,0.0,0.0,0.0,0.0,0.0,0.0,0.0,0.0,0.0,0.0,0.0,0.0,0.0,0.0,0.0,0.0,0.0,0.0,0.0,0.0,0.0,0.0,0.0,0.0,0.0,0.0,0.0,0.0,0.0,0.0,0.0,0.0,0.0,0.0,0.0,0.0
0.5420708448240592,0.3080448002149504,0.2178858029585101,0.30905526137802486,0.5428809277897488,0.7354867791440035,0.47019117790717496,0.5487901000593804,0.7479070988276985,1.0,0.20243830385719774,0.05572132167796601,0.10311307562356505,0.31146906942692126,0.01732116501392205,0.0,0.0,0.0,0.0,0.0,0.0,0.0,0.12999292612311705,0.0,0.0,0.0,0.0,0.020287668952102912,0.0,0.0,0.03157784244767729,0.0331048188648876,0.39210074639827697,0.6859446192088394,0.49262022949710327,0.14237839034857333,0.0,0.0,0.0,0.0,0.0,0.0,0.0,0.17509850343053301,0.0,0.0,0.0,0.0,0.0,0.0,0.0,0.0,0.0,0.0,0.0,0.0,0.0,0.0,0.0,0.0,0.0,0.0,0.0,0.0,0.0,0.0,0.0,0.0,0.0,0.0,0.0,0.0,0.0,0.0,0.0,0.0,0.0,0.0,0.0,0.0,0.0,0.0,0.0,0.0,0.0,0.0,0.0,0.0
0.5221653460866901,0.43177584031327887,0.17510376648958398,0.019950197149737704,0.06691480797214834,0.28586140127659715,0.7308253164563903,0.5433923813310723,0.29987619437432894,0.20243830385719774,1.0,0.7354309991008723,0.54214049259248,0.47464883125208435,0.7308282222455856,0.543399962766261,0.47465437014721595,0.5421432828628147,0.522167675146145,0.28587777675469384,0.2024617774378033,0.2998904297443047,0.4317336298475017,0.1750603271120621,0.019921425200666556,0.06691270638555355,0.012246081506092776,0.012187098916873914,0.0,0.0,0.3754644168163444,0.0,0.0,0.0,0.03130693468495659,0.16109531106737868,0.24914221712139786,0.24914315673648327,0.16110178901915737,0.0313201625164595,0.0,0.0,0.0,0.3753629529920279,0.0,0.0,0.0,0.0,0.0,0.0,0.0,0.0,0.0,0.0,0.0,0.0,0.0,0.0,0.0,0.0,0.0,0.0,0.0,0.0,0.0,0.0,0.0,0.0,0.0,0.0,0.0,0.0,0.0,0.0,0.0,0.0,0.0,0.0,0.0,0.0,0.0,0.0,0.0,0.0,0.0,0.0,0.0,0.0
0.2988603746220708,0.19358806795304526,0.0,0.0,0.0,0.08634916534199916,0.5451782489495841,0.47900533375553805,0.21396443399101214,0.05572132167796601,0.7354309991008723,1.0,0.7361611974502912,0.5512984535338692,0.5451760756346066,0.47900106749192456,0.5512983006567902,0.736161223420264,0.29885887464574473,0.08634821003269555,0.05572222139836592,0.21396096333890027,0.19355853197978945,0.0,0.0,0.0,0.0,0.0,0.0,0.0,0.1509102591700732,0.0,0.0,0.0,0.0,0.25466009713533216,0.48622362130468455,0.48622274945421984,0.25465962070802534,0.0,0.0,0.0,0.0,0.15083266978306573,0.0,0.0,0.0,0.0,0.0,0.0,0.0,0.0,0.0,0.0,0.0,0.0,0.0,0.0,0.0,0.0,0.0,0.0,0.0,0.0,0.0,0.0,0.0,0.0,0.0,0.0,0.0,0.0,0.0,0.0,0.0,0.0,0.0,0.0,0.0,0.0,0.0,0.0,0.0,0.0,0.0,0.0,0.0,0.0
0.2148676627309361,0.05028343427372095,0.0,0.0,0.0,0.060587302360557836,0.47641391824261775,0.5523398191159474,0.3124293818322671,0.10311307562356505,0.54214049259248,0.7361611974502912,1.0,0.7473484245806775,0.30479817471889725,0.2159681539099746,0.3119646104518218,0.5435050981929932,0.08380573772682318,0.0,0.0,0.0,0.03276837315061425,0.0,0.0,0.0,0.0,0.0,0.0,0.0,0.0,0.0,0.0,0.0,0.14253621351987678,0.491380830996106,0.6858865036557027,0.39334831303927575,0.03535248858159881,0.0,0.0,0.0,0.0,0.03746345150297127,0.0,0.0,0.0,0.0,0.0,0.0,0.0,0.0,0.0,0.0,0.0,0.0,0.0,0.0,0.0,0.0,0.0,0.0,0.0,0.0,0.0,0.0,0.0,0.0,0.0,0.0,0.0,0.0,0.0,0.0,0.0,0.0,0.0,0.0,0.0,0.0,0.0,0.0,0.0,0.0,0.0,0.0,0.0,0.0
0.30489165417803804,0.08937231910336059,0.0,0.0,0.0,0.21506266092884394,0.5430549066831505,0.7361476810796942,0.5431631319982615,0.31146906942692126,0.47464883125208435,0.5512984535338692,0.7473484245806775,1.0,0.21182591035445722,0.05936959825605299,0.10276970319870042,0.3119654548860467,0.03827629940196697,0.0,0.0,0.0,0.05098897649553624,0.0,0.0,0.0,0.0,0.0,0.0,0.0,0.0,0.0,0.0,0.035647820299803276,0.39421027747032333,0.6859131891064326,0.491472247333778,0.1415438526167647,0.0,0.0,0.0,0.0,0.0,0.09334697391914837,0.0,0.0,0.0,0.0,0.0,0.0,0.0,0.0,0.0,0.0,0.0,0.0,0.0,0.0,0.0,0.0,0.0,0.0,0.0,0.0,0.0,0.0,0.0,0.0,0.0,0.0,0.0,0.0,0.0,0.0,0.0,0.0,0.0,0.0,0.0,0.0,0.0,0.0,0.0,0.0,0.0,0.0,0.0,0.0
0.4078023902218783,0.42077866134908354,0.18618709036407569,0.0,0.0,0.15348201006574066,0.519851527147438,0.29350638576677013,0.07139506475043113,0.01732116501392205,0.7308282222455856,0.5451760756346066,0.30479817471889725,0.21182591035445722,1.0,0.7368539747677965,0.5430556105924833,0.4764155289342641,0.729828094334605,0.5375754467716235,0.47020356082751724,0.5418892148592471,0.5328022348591852,0.29709712904941893,0.20229925958508438,0.29731331851188825,0.08025619249179439,0.08084780937735586,0.0,0.0,0.424777398390561,0.0,0.0,0.0,0.0,0.0,0.035389679580548616,0.16284696203869975,0.24982333311332544,0.24992219502523122,0.156431374265455,0.025490209192651048,0.0,0.3758972600225363,0.0,0.0,0.0,0.0,0.0,0.0,0.0,0.0,0.0,0.0,0.0,0.0,0.0,0.0,0.0,0.0,0.0,0.0,0.0,0.0,0.0,0.0,0.0,0.0,0.0,0.0,0.0,0.0,0.0,0.0,0.0,0.0,0.0,0.0,0.0,0.0,0.0,0.0,0.0,0.0,0.0,0.0,0.0,0.0
0.1714363553082542,0.22150209871343982,0.0002490368712384752,0.0,0.0,0.0,0.2935240332123152,0.08718078602100798,0.0,0.0,0.543399962766261,0.47900106749192456,0.2159681539099746,0.05936959825605299,0.7368539747677965,1.0,0.7361450366247839,0.5523355152371704,0.5455510789623277,0.47660708425987675,0.5487977617266959,0.7348718935576882,0.30535696690469405,0.09639548065339583,0.05776084779562978,0.21494780994045773,0.0,0.0,0.0,0.0,0.2708178025714313,0.0,0.0,0.0,0.0,0.0,0.0,0.255765497262305,0.48571621672360765,0.48595271668925677,0.25241282619822525,0.0,0.0,0.12426114968608015,0.0,0.0,0.0,0.0,0.0,0.0,0.0,0.0,0.0,0.0,0.0,0.0,0.0,0.0,0.0,0.0,0.0,0.0,0.0,0.0,0.0,0.0,0.0,0.0,0.0,0.0,0.0,0.0,0.0,0.0,0.0,0.0,0.0,0.0,0.0,0.0,0.0,0.0,0.0,0.0,0.0,0.0,0.0,0.0
0.038308122444169354,0.05108051548709504,0.0,0.0,0.0,0.0,0.21184074280392093,0.059380020951927584,0.0,0.0,0.47465437014721595,0.5512983006567902,0.3119646104518218,0.10276970319870042,0.5430556105924833,0.7361450366247839,1.0,0.7473477919073034,0.3048964448903087,0.21506707079253065,0.31146864359297866,0.5431589196972754,0.08937196258335711,0.0,0.0,0.0,0.0,0.0,0.0,0.0,0.09348820126297608,0.0,0.0,0.0,0.0,0.0,0.1415422920831866,0.4914723941319024,0.685913842349834,0.3941999493975378,0.0356414186448059,0.0,0.0,0.0,0.0,0.0,0.0,0.0,0.0,0.0,0.0,0.0,0.0,0.0,0.0,0.0,0.0,0.0,0.0,0.0,0.0,0.0,0.0,0.0,0.0,0.0,0.0,0.0,0.0,0.0,0.0,0.0,0.0,0.0,0.0,0.0,0.0,0.0,0.0,0.0,0.0,0.0,0.0,0.0,0.0,0.0,0.0,0.0
0.0838184058200047,0.03281781421412481,0.0,0.0,0.0,0.0,0.3048050877023527,0.21597671420256936,0.0,0.0,0.5421432828628147,0.736161223420264,0.5435050981929932,0.3119654548860467,0.4764155289342641,0.5523355152371704,0.7473477919073034,1.0,0.21487380258127783,0.060588870303985604,0.10310979488218162,0.3124225187782115,0.050277706070076034,0.0,0.0,0.0,0.0,0.0,0.0,0.0,0.037557474497219696,0.0,0.0,0.0,0.0,0.035353651017336445,0.39334862145524124,0.6858862949864459,0.49137833531922137,0.14252327810581739,0.0,0.0,0.0,0.0,0.0,0.0,0.0,0.0,0.0,0.0,0.0,0.0,0.0,0.0,0.0,0.0,0.0,0.0,0.0,0.0,0.0,0.0,0.0,0.0,0.0,0.0,0.0,0.0,0.0,0.0,0.0,0.0,0.0,0.0,0.0,0.0,0.0,0.0,0.0,0.0,0.0,0.0,0.0,0.0,0.0,0.0,0.0,0.0
0.383865445344998,0.43158544231173934,0.24914982424470608,0.06570221292023469,0.03194539189232827,0.16157514617828336,0.4077883640817455,0.1713904664411411,0.0,0.0,0.522167675146145,0.29885887464574473,0.08380573772682318,0.03827629940196697,0.729828094334605,0.5455510789623277,0.3048964448903087,0.21487380258127783,1.0,0.7350200420414427,0.5420654971059623,0.47717889669944197,0.7383143897034409,0.5469793234546125,0.47238794031270565,0.5435326343684298,0.15787647410788133,0.30561490090984605,0.006945559327955321,0.07162000913788055,0.39830325926303994,0.0,0.0,0.0,0.0,0.0,0.0,0.0,0.03456569005328536,0.16323910254618992,0.2482650791652893,0.2501421028483333,0.1586930133930249,0.48599499518153405,0.0,0.0,0.0,0.0,0.0,0.0,0.0,0.0,0.0,0.0,0.0,0.0,0.0,0.0,0.0,0.0,0.0,0.0,0.0,0.0,0.0,0.0,0.0,0.0,0.0,0.0,0.0,0.0,0.0,0.0,0.0,0.0,0.0,0.0,0.0,0.0,0.0,0.0,0.0,0.0,0.0,0.0,0.0,0.0
0.1616443802105958,0.2746255895697281,0.1458959793305235,0.0,0.0,0.0,0.1535024598030225,0.0,0.0,0.0,0.28587777675469384,0.08634821003269555,0.0,0.0,0.5375754467716235,0.47660708425987675,0.21506707079253065,0.060588870303985604,0.7350200420414427,1.0,0.7354857609325267,0.5524517342301265,0.5500757208050583,0.4813271786446461,0.5489963440878123,0.7375440591134987,0.13244684073280433,0.21597785386728818,0.0362605968799359,0.0,0.2722874921431655,0.0,0.0,0.0,0.0,0.0,0.0,0.0,0.0,0.25591117487483234,0.4848297575971131,0.48746782381183446,0.2529445093256763,0.2543279781250002,0.0,0.0,0.0,0.0,0.0,0.0,0.0,0.0,0.0,0.0,0.0,0.0,0.0,0.0,0.0,0.0,0.0,0.0,0.0,0.0,0.0,0.0,0.0,0.0,0.0,0.0,0.0,0.0,0.0,0.0,0.0,0.0,0.0,0.0,0.0,0.0,0.0,0.0,0.0,0.0,0.0,0.0,0.0,0.0
0.0,0.13026134648086718,0.0,0.0,0.0,0.0,0.01736442533154122,0.0,0.0,0.0,0.2024617774378033,0.05572222139836592,0.0,0.0,0.47020356082751724,0.5487977617266959,0.31146864359297866,0.10310979488218162,0.5420654971059623,0.7354857609325267,1.0,0.7479085422932163,0.3080443248233873,0.2179040236267735,0.30907347680413866,0.542895178622064,0.02077181133391709,0.0,0.0,0.0,0.17545402985664668,0.0,0.0,0.0,0.0,0.0,0.0,0.0,0.14237811977782003,0.49262016833354594,0.6859448651917988,0.39212965950091905,0.03312195887055932,0.03154991112658522,0.0,0.0,0.0,0.0,0.0,0.0,0.0,0.0,0.0,0.0,0.0,0.0,0.0,0.0,0.0,0.0,0.0,0.0,0.0,0.0,0.0,0.0,0.0,0.0,0.0,0.0,0.0,0.0,0.0,0.0,0.0,0.0,0.0,0.0,0.0,0.0,0.0,0.0,0.0,0.0,0.0,0.0,0.0,0.0
0.0,0.10350223413835306,0.0,0.0,0.0,0.0,0.07142796858487835,0.0,0.0,0.0,0.2998904297443047,0.21396096333890027,0.0,0.0,0.5418892148592471,0.7348718935576882,0.5431589196972754,0.3124225187782115,0.47717889669944197,0.5524517342301265,0.7479085422932163,1.0,0.21893746376504952,0.06678082944138268,0.1036912611584111,0.3142086626543314,0.0,0.0,0.0,0.0,0.16901522701848937,0.0,0.0,0.0,0.0,0.0,0.0,0.036571579411691355,0.39315507436469316,0.6858566340888769,0.4919235831183017,0.1419048265470198,0.0,0.0,0.0,0.0,0.0,0.0,0.0,0.0,0.0,0.0,0.0,0.0,0.0,0.0,0.0,0.0,0.0,0.0,0.0,0.0,0.0,0.0,0.0,0.0,0.0,0.0,0.0,0.0,0.0,0.0,0.0,0.0,0.0,0.0,0.0,0.0,0.0,0.0,0.0,0.0,0.0,0.0,0.0,0.0,0.0,0.0
0.43145160644938507,0.4127270997289556,0.2624358591572302,0.14573489018452526,0.15227437506718633,0.274385379334792,0.4206728780558763,0.22136194020718344,0.1032928382332851,0.12999292612311705,0.4317336298475017,0.19355853197978945,0.03276837315061425,0.05098897649553624,0.5328022348591852,0.30535696690469405,0.08937196258335711,0.050277706070076034,0.7383143897034409,0.5500757208050583,0.3080443248233873,0.21893746376504952,1.0,0.7425807996323871,0.5485741785682664,0.4834405334641867,0.12107766390562336,0.5479738383906072,0.0,0.3237583422009449,0.29020956510313983,0.0,0.0,0.0,0.0,0.0,0.0,0.0,0.0,0.0,0.03585676244575406,0.16941096411683118,0.25471518248548153,0.6868640795435381,0.0,0.0,0.0,0.0,0.0,0.0,0.0,0.0,0.0,0.0,0.0,0.0,0.0,0.0,0.0,0.0,0.0,0.0,0.0,0.0,0.0,0.0,0.0,0.0,0.0,0.0,0.0,0.0,0.0,0.0,0.0,0.0,0.0,0.0,0.0,0.0,0.0,0.0,0.0,0.0,0.0,0.0,0.0,0.0
0.24900196985074188,0.26243083524590305,0.18639948029448192,0.10343728650904946,0.08548902624952189,0.1456004856567713,0.18607191921718483,8.040467575167166e-05,0.0,0.0,0.1750603271120621,0.0,0.0,0.0,0.29709712904941893,0.09639548065339583,0.0,0.0,0.5469793234546125,0.4813271786446461,0.2179040236267735,0.06678082944138268,0.7425807996323871,1.0,0.737504756325735,0.5546051608839864,0.07715125889382711,0.7344828043739009,0.0,0.4912085281865297,0.1197877225781356,0.0,0.0,0.0,0.0,0.0,0.0,0.0,0.0,0.0,0.0,0.25811341579013924,0.48503187386576874,0.4926986783464223,0.0,0.0,0.0,0.0,0.0,0.0,0.0,0.0,0.0,0.0,0.0,0.0,0.0,0.0,0.0,0.0,0.0,0.0,0.0,0.0,0.0,0.0,0.0,0.0,0.0,0.0,0.0,0.0,0.0,0.0,0.0,0.0,0.0,0.0,0.0,0.0,0.0,0.0,0.0,0.0,0.0,0.0,0.0,0.0
0.06563668576028932,0.14582800007586913,0.10357303700999705,0.0,0.0,0.0,0.0,0.0,0.0,0.0,0.019921425200666556,0.0,0.0,0.0,0.20229925958508438,0.05776084779562978,0.0,0.0,0.47238794031270565,0.5489963440878123,0.30907347680413866,0.1036912611584111,0.5485741785682664,0.737504756325735,1.0,0.7454850591183382,0.06842029527201661,0.5430365797313216,0.0,0.3198794268541044,0.042790619047375376,0.0,0.0,0.0,0.0,0.0,0.0,0.0,0.0,0.0,0.13650102574831374,0.49147241170969985,0.686255574520718,0.2561463982047696,0.0,0.0,0.0,0.0,0.0,0.0,0.0,0.0,0.0,0.0,0.0,0.0,0.0,0.0,0.0,0.0,0.0,0.0,0.0,0.0,0.0,0.0,0.0,0.0,0.0,0.0,0.0,0.0,0.0,0.0,0.0,0.0,0.0,0.0,0.0,0.0,0.0,0.0,0.0,0.0,0.0,0.0,0.0,0.0
0.03197568547209757,0.15248273203009763,0.08577121487824572,0.0,0.0,0.0,0.0,0.0,0.0,0.0,0.06691270638555355,0.0,0.0,0.0,0.29731331851188825,0.21494780994045773,0.0,0.0,0.5435326343684298,0.7375440591134987,0.542895178622064,0.3142086626543314,0.4834405334641867,0.5546051608839864,0.7454850591183382,1.0,0.09454171333230434,0.31207172540607975,0.01775437907486593,0.07805716992375517,0.1081594096561815,0.0,0.0,0.0,0.0,0.0,0.0,0.0,0.0,0.037858745221850724,0.3900595494097814,0.6859260722061613,0.48947004684921636,0.17052872860910118,0.0,0.0,0.0,0.0,0.0,0.0,0.0,0.0,0.0,0.0,0.0,0.0,0.0,0.0,0.0,0.0,0.0,0.0,0.0,0.0,0.0,0.0,0.0,0.0,0.0,0.0,0.0,0.0,0.0,0.0,0.0,0.0,0.0,0.0,0.0,0.0,0.0,0.0,0.0,0.0,0.0,0.0,0.0,0.0
0.30561274914536973,0.5479707745501378,0.7344826361957658,0.5430364430336153,0.31206538101469505,0.2159624798587559,0.08086078194480656,0.0,0.0,0.0,0.012246081506092776,0.0,0.0,0.0,0.08025619249179439,0.0,0.0,0.0,0.15787647410788133,0.13244684073280433,0.02077181133391709,0.0,0.12107766390562336,0.07715125889382711,0.06842029527201661,0.09454171333230434,1.0,0.0,0.7567238816953032,0.0,0.3997397563969699,0.38932547660941436,0.035507296856036104,0.0,0.0,0.0,0.0,0.0,0.0,0.0,0.0,0.0,0.0,0.0,0.0,0.0,0.0,0.0,0.0,0.0,0.0,0.0,0.0,0.0,0.0,0.0,0.0,0.0,0.0,0.0,0.0,0.0,0.0,0.0,0.0,0.0,0.0,0.0,0.0,0.0,0.0,0.0,0.0,0.0,0.0,0.0,0.0,0.0,0.0,0.0,0.0,0.0,0.0,0.0,0.0,0.0,0.0,0.0
0.15765121185517206,0.12098218033925012,0.07702694873221579,0.06812885344520715,0.09408581705647734,0.1320169255478789,0.08009713351561605,0.0,0.0,0.020287668952102912,0.012187098916873914,0.0,0.0,0.0,0.08084780937735586,0.0,0.0,0.0,0.30561490090984605,0.21597785386728818,0.0,0.0,0.5479738383906072,0.7344828043739009,0.5430365797313216,0.31207172540607975,0.0,1.0,0.0,0.7567241305967871,0.0,0.0,0.0,0.0,0.0,0.0,0.0,0.0,0.0,0.0,0.0,0.035506577747727565,0.38932905854965133,0.39976645293127183,0.0,0.0,0.0,0.0,0.0,0.0,0.0,0.0,0.0,0.0,0.0,0.0,0.0,0.0,0.0,0.0,0.0,0.0,0.0,0.0,0.0,0.0,0.0,0.0,0.0,0.0,0.0,0.0,0.0,0.0,0.0,0.0,0.0,0.0,0.0,0.0,0.0,0.0,0.0,0.0,0.0,0.0,0.0,0.0
0.07161697531172219,0.32375368704881446,0.4912081218981291,0.31987757895772445,0.07804989792964179,0.0,0.0,0.0,0.0,0.0,0.0,0.0,0.0,0.0,0.0,0.0,0.0,0.0,0.006945559327955321,0.0362605968799359,0.0,0.0,0.0,0.0,0.0,0.01775437907486593,0.7567238816953032,0.0,1.0,0.0,0.23310673582959976,0.22326327401580218,0.0,0.0,0.0,0.0,0.0,0.0,0.0,0.0,0.0,0.0,0.0,0.0,0.0,0.0,0.0,0.0,0.0,0.0,0.0,0.0,0.0,0.0,0.0,0.0,0.0,0.0,0.0,0.0,0.0,0.0,0.0,0.0,0.0,0.0,0.0,0.0,0.0,0.0,0.0,0.0,0.0,0.0,0.0,0.0,0.0,0.0,0.0,0.0,0.0,0.0,0.0,0.0,0.0,0.0,0.0,0.0
0.006675709730188959,0.0,0.0,0.0,0.01717819070127041,0.035748109212079104,0.0,0.0,0.0,0.0,0.0,0.0,0.0,0.0,0.0,0.0,0.0,0.0,0.07162000913788055,0.0,0.0,0.0,0.3237583422009449,0.4912085281865297,0.3198794268541044,0.07805716992375517,0.0,0.7567241305967871,0.0,1.0,0.0,0.0,0.0,0.0,0.0,0.0,0.0,0.0,0.0,0.0,0.0,0.0,0.22327021092590482,0.23314177074702483,0.0,0.0,0.0,0.0,0.0,0.0,0.0,0.0,0.0,0.0,0.0,0.0,0.0,0.0,0.0,0.0,0.0,0.0,0.0,0.0,0.0,0.0,0.0,0.0,0.0,0.0,0.0,0.0,0.0,0.0,0.0,0.0,0.0,0.0,0.0,0.0,0.0,0.0,0.0,0.0,0.0,0.0,0.0,0.0
0.4860193641160134,0.6868695097213741,0.4926924969760315,0.2561536648727181,0.17054359875300004,0.254343976710258,0.37595656060927224,0.1243104858113596,0.0,0.03157784244767729,0.3754644168163444,0.1509102591700732,0.0,0.0,0.424777398390561,0.2708178025714313,0.09348820126297608,0.037557474497219696,0.39830325926303994,0.2722874921431655,0.17545402985664668,0.16901522701848937,0.29020956510313983,0.1197877225781356,0.042790619047375376,0.1081594096561815,0.3997397563969699,0.0,0.23310673582959976,0.0,1.0,0.0,0.0,0.0,0.0,0.0,0.0,0.0,0.0,0.0,0.0,0.0,0.0,0.16687477914318216,0.0,0.0,0.0,0.0,0.0,0.0,0.0,0.0,0.0,0.0,0.0,0.0,0.0,0.0,0.0,0.0,0.0,0.0,0.0,0.0,0.0,0.0,0.0,0.0,0.0,0.0,0.0,0.0,0.0,0.0,0.0,0.0,0.0,0.0,0.0,0.0,0.0,0.0,0.0,0.0,0.0,0.0,0.0,0.0
0.15870523200763503,0.2547253250212529,0.48503280543839233,0.6862552521980883,0.48946978306957417,0.25294087488224937,0.0,0.0,0.0,0.0331048188648876,0.0,0.0,0.0,0.0,0.0,0.0,0.0,0.0,0.0,0.0,0.0,0.0,0.0,0.0,0.0,0.0,0.38932547660941436,0.0,0.22326327401580218,0.0,0.0,1.0,0.40670320952514727,0.0,0.0,0.0,0.0,0.0,0.0,0.0,0.0,0.0,0.0,0.0,0.0,0.0,0.0,0.0,0.0,0.0,0.0,0.0,0.0,0.0,0.0,0.0,0.0,0.0,0.0,0.0,0.0,0.0,0.0,0.0,0.0,0.0,0.0,0.0,0.0,0.0,0.0,0.0,0.0,0.0,0.0,0.0,0.0,0.0,0.0,0.0,0.0,0.0,0.0,0.0,0.0,0.0,0.0,0.0
0.2501477401915134,0.1694191590000849,0.25811205879995475,0.4914728565723048,0.6859251789107387,0.48746291109339146,0.025473572722360453,0.0,0.1418733638185061,0.39210074639827697,0.0,0.0,0.0,0.0,0.0,0.0,0.0,0.0,0.0,0.0,0.0,0.0,0.0,0.0,0.0,0.0,0.035507296856036104,0.0,0.0,0.0,0.0,0.40670320952514727,1.0,0.4191037685047243,0.0,0.0,0.0,0.0,0.0,0.0,0.0,0.0,0.0,0.0,0.0,0.0,0.0,0.0,0.0,0.0,0.0,0.0,0.0,0.0,0.0,0.0,0.0,0.0,0.0,0.0,0.0,0.0,0.0,0.0,0.0,0.0,0.0,0.0,0.0,0.0,0.0,0.0,0.0,0.0,0.0,0.0,0.0,0.0,0.0,0.0,0.0,0.0,0.0,0.0,0.0,0.0,0.0,0.0
0.24826696465193943,0.035850199437353944,0.0,0.13646665447826797,0.39003136325017024,0.48482662959064066,0.15641806728918112,0.2524078657402038,0.49192492440295,0.6859446192088394,0.0,0.0,0.0,0.035647820299803276,0.0,0.0,0.0,0.0,0.0,0.0,0.0,0.0,0.0,0.0,0.0,0.0,0.0,0.0,0.0,0.0,0.0,0.0,0.4191037685047243,1.0,0.4086796711445349,0.0,0.0,0.0,0.0,0.0,0.0,0.0,0.0,0.0,0.0,0.0,0.0,0.0,0.0,0.0,0.0,0.0,0.0,0.0,0.0,0.0,0.0,0.0,0.0,0.0,0.0,0.0,0.0,0.0,0.0,0.0,0.0,0.0,0.0,0.0,0.0,0.0,0.0,0.0,0.0,0.0,0.0,0.0,0.0,0.0,0.0,0.0,0.0,0.0,0.0,0.0,0.0,0.0
0.16324616006248016,0.0,0.0,0.0,0.03784063500981421,0.25591152805989786,0.24992195403839843,0.48595395208252845,0.6858568678444157,0.49262022949710327,0.03130693468495659,0.0,0.14253621351987678,0.39421027747032333,0.0,0.0,0.0,0.0,0.0,0.0,0.0,0.0,0.0,0.0,0.0,0.0,0.0,0.0,0.0,0.0,0.0,0.0,0.0,0.4086796711445349,1.0,0.42563821620277625,0.0,0.0,0.0,0.0,0.0,0.0,0.0,0.0,0.0,0.0,0.0,0.0,0.0,0.0,0.0,0.0,0.0,0.0,0.0,0.0,0.0,0.0,0.0,0.0,0.0,0.0,0.0,0.0,0.0,0.0,0.0,0.0,0.0,0.0,0.0,0.0,0.0,0.0,0.0,0.0,0.0,0.0,0.0,0.0,0.0,0.0,0.0,0.0,0.0,0.0,0.0,0.0
0.03455803592148472,0.0,0.0,0.0,0.0,0.0,0.24982055516578053,0.4857150732680941,0.3931570009911384,0.14237839034857333,0.16109531106737868,0.25466009713533216,0.491380830996106,0.6859131891064326,0.0,0.0,0.0,0.035353651017336445,0.0,0.0,0.0,0.0,0.0,0.0,0.0,0.0,0.0,0.0,0.0,0.0,0.0,0.0,0.0,0.0,0.42563821620277625,1.0,0.40653149041879183,0.0,0.0,0.0,0.0,0.0,0.0,0.0,0.0,0.0,0.0,0.0,0.0,0.0,0.0,0.0,0.0,0.0,0.0,0.0,0.0,0.0,0.0,0.0,0.0,0.0,0.0,0.0,0.0,0.0,0.0,0.0,0.0,0.0,0.0,0.0,0.0,0.0,0.0,0.0,0.0,0.0,0.0,0.0,0.0,0.0,0.0,0.0,0.0,0.0,0.0,0.0
0.0,0.0,0.0,0.0,0.0,0.0,0.16284527903754864,0.2557700487657205,0.03658113556573836,0.0,0.24914221712139786,0.48622362130468455,0.6858865036557027,0.491472247333778,0.035389679580548616,0.0,0.1415422920831866,0.39334862145524124,0.0,0.0,0.0,0.0,0.0,0.0,0.0,0.0,0.0,0.0,0.0,0.0,0.0,0.0,0.0,0.0,0.0,0.40653149041879183,1.0,0.4240534493191697,0.0,0.0,0.0,0.0,0.0,0.0,0.0,0.0,0.0,0.0,0.0,0.0,0.0,0.0,0.0,0.0,0.0,0.0,0.0,0.0,0.0,0.0,0.0,0.0,0.0,0.0,0.0,0.0,0.0,0.0,0.0,0.0,0.0,0.0,0.0,0.0,0.0,0.0,0.0,0.0,0.0,0.0,0.0,0.0,0.0,0.0,0.0,0.0,0.0,0.0
0.0,0.0,0.0,0.0,0.0,0.0,0.03539381223609462,0.0,0.0,0.0,0.24914315673648327,0.48622274945421984,0.39334831303927575,0.1415438526167647,0.16284696203869975,0.255765497262305,0.4914723941319024,0.6858862949864459,0.0,0.0,0.0,0.036571579411691355,0.0,0.0,0.0,0.0,0.0,0.0,0.0,0.0,0.0,0.0,0.0,0.0,0.0,0.0,0.4240534493191697,1.0,0.40652779144132983,0.0,0.0,0.0,0.0,0.0,0.0,0.0,0.0,0.0,0.0,0.0,0.0,0.0,0.0,0.0,0.0,0.0,0.0,0.0,0.0,0.0,0.0,0.0,0.0,0.0,0.0,0.0,0.0,0.0,0.0,0.0,0.0,0.0,0.0,0.0,0.0,0.0,0.0,0.0,0.0,0.0,0.0,0.0,0.0,0.0,0.0,0.0,0.0,0.0
0.0,0.0,0.0,0.0,0.0,0.0,0.0,0.0,0.0,0.0,0.16110178901915737,0.25465962070802534,0.03535248858159881,0.0,0.24982333311332544,0.48571621672360765,0.685913842349834,0.49137833531922137,0.03456569005328536,0.0,0.14237811977782003,0.39315507436469316,0.0,0.0,0.0,0.0,0.0,0.0,0.0,0.0,0.0,0.0,0.0,0.0,0.0,0.0,0.0,0.40652779144132983,1.0,0.42562408584347267,0.0,0.0,0.0,0.0,0.0,0.0,0.0,0.0,0.0,0.0,0.0,0.0,0.0,0.0,0.0,0.0,0.0,0.0,0.0,0.0,0.0,0.0,0.0,0.0,0.0,0.0,0.0,0.0,0.0,0.0,0.0,0.0,0.0,0.0,0.0,0.0,0.0,0.0,0.0,0.0,0.0,0.0,0.0,0.0,0.0,0.0,0.0,0.0
0.0,0.0,0.0,0.0,0.0,0.0,0.0,0.0,0.0,0.0,0.0313201625164595,0.0,0.0,0.0,0.24992219502523122,0.48595271668925677,0.3941999493975378,0.14252327810581739,0.16323910254618992,0.25591117487483234,0.49262016833354594,0.6858566340888769,0.0,0.0,0.0,0.037858745221850724,0.0,0.0,0.0,0.0,0.0,0.0,0.0,0.0,0.0,0.0,0.0,0.0,0.42562408584347267,1.0,0.40867347056906095,0.0,0.0,0.0,0.0,0.0,0.0,0.0,0.0,0.0,0.0,0.0,0.0,0.0,0.0,0.0,0.0,0.0,0.0,0.0,0.0,0.0,0.0,0.0,0.0,0.0,0.0,0.0,0.0,0.0,0.0,0.0,0.0,0.0,0.0,0.0,0.0,0.0,0.0,0.0,0.0,0.0,0.0,0.0,0.0,0.0,0.0,0.0
0.0,0.0,0.0,0.0,0.0,0.0,0.0,0.0,0.0,0.0,0.0,0.0,0.0,0.0,0.156431374265455,0.25241282619822525,0.0356414186448059,0.0,0.2482650791652893,0.4848297575971131,0.6859448651917988,0.4919235831183017,0.03585676244575406,0.0,0.13650102574831374,0.3900595494097814,0.0,0.0,0.0,0.0,0.0,0.0,0.0,0.0,0.0,0.0,0.0,0.0,0.0,0.40867347056906095,1.0,0.41916503357036217,0.0,0.0,0.0,0.0,0.0,0.0,0.0,0.0,0.0,0.0,0.0,0.0,0.0,0.0,0.0,0.0,0.0,0.0,0.0,0.0,0.0,0.0,0.0,0.0,0.0,0.0,0.0,0.0,0.0,0.0,0.0,0.0,0.0,0.0,0.0,0.0,0.0,0.0,0.0,0.0,0.0,0.0,0.0,0.0,0.0,0.0
0.0,0.0,0.0,0.0,0.0,0.0,0.0,0.0,0.0,0.0,0.0,0.0,0.0,0.0,0.025490209192651048,0.0,0.0,0.0,0.2501421028483333,0.48746782381183446,0.39212965950091905,0.1419048265470198,0.16941096411683118,0.25811341579013924,0.49147241170969985,0.6859260722061613,0.0,0.035506577747727565,0.0,0.0,0.0,0.0,0.0,0.0,0.0,0.0,0.0,0.0,0.0,0.0,0.41916503357036217,1.0,0.40668989104561154,0.0,0.0,0.0,0.0,0.0,0.0,0.0,0.0,0.0,0.0,0.0,0.0,0.0,0.0,0.0,0.0,0.0,0.0,0.0,0.0,0.0,0.0,0.0,0.0,0.0,0.0,0.0,0.0,0.0,0.0,0.0,0.0,0.0,0.0,0.0,0.0,0.0,0.0,0.0,0.0,0.0,0.0,0.0,0.0,0.0
0.0,0.0,0.0,0.0,0.0,0.0,0.0,0.0,0.0,0.0,0.0,0.0,0.0,0.0,0.0,0.0,0.0,0.0,0.1586930133930249,0.2529445093256763,0.03312195887055932,0.0,0.25471518248548153,0.48503187386576874,0.686255574520718,0.48947004684921636,0.0,0.38932905854965133,0.0,0.22327021092590482,0.0,0.0,0.0,0.0,0.0,0.0,0.0,0.0,0.0,0.0,0.0,0.40668989104561154,1.0,0.0,0.0,0.0,0.0,0.0,0.0,0.0,0.0,0.0,0.0,0.0,0.0,0.0,0.0,0.0,0.0,0.0,0.0,0.0,0.0,0.0,0.0,0.0,0.0,0.0,0.0,0.0,0.0,0.0,0.0,0.0,0.0,0.0,0.0,0.0,0.0,0.0,0.0,0.0,0.0,0.0,0.0,0.0,0.0,0.0
0.3980662601172047,0.2901042037871575,0.11968581544027529,0.04260927049782582,0.1078692625017448,0.27195000561930466,0.42458148881411073,0.2706012382924014,0.16872771077585524,0.17509850343053301,0.3753629529920279,0.15083266978306573,0.03746345150297127,0.09334697391914837,0.3758972600225363,0.12426114968608015,0.0,0.0,0.48599499518153405,0.2543279781250002,0.03154991112658522,0.0,0.6868640795435381,0.4926986783464223,0.2561463982047696,0.17052872860910118,0.0,0.39976645293127183,0.0,0.23314177074702483,0.16687477914318216,0.0,0.0,0.0,0.0,0.0,0.0,0.0,0.0,0.0,0.0,0.0,0.0,1.0,0.0,0.0,0.0,0.0,0.0,0.0,0.0,0.0,0.0,0.0,0.0,0.0,0.0,0.0,0.0,0.0,0.0,0.0,0.0,0.0,0.0,0.0,0.0,0.0,0.0,0.0,0.0,0.0,0.0,0.0,0.0,0.0,0.0,0.0,0.0,0.0,0.0,0.0,0.0,0.0,0.0,0.0,0.0,0.0
0.0,0.0,0.0,0.0,0.0,0.0,0.0,0.0,0.0,0.0,0.0,0.0,0.0,0.0,0.0,0.0,0.0,0.0,0.0,0.0,0.0,0.0,0.0,0.0,0.0,0.0,0.0,0.0,0.0,0.0,0.0,0.0,0.0,0.0,0.0,0.0,0.0,0.0,0.0,0.0,0.0,0.0,0.0,0.0,1.0,0.7383167221778678,0.5469799904428164,0.4724003820751662,0.5435446093885204,0.7350217686595222,0.7298238097699028,0.5455506030344344,0.4771859709813138,0.5420707419456564,0.5221653699460381,0.29886037975962576,0.21486759797531368,0.30489161159040823,0.4078023934209726,0.17143641982112545,0.03830812831151185,0.08381845650895042,0.3838655209440474,0.16164446290819026,0.0,0.0,0.43145158578516196,0.24900197578082514,0.06563673072654062,0.03197575023526458,0.3056127306229556,0.1576512020631851,0.07161701789869088,0.006675698334285315,0.48601943381647505,0.15870519761222893,0.25014776335590844,0.24826687906525535,0.16324620175210786,0.03455809849713671,0.0,0.0,0.0,0.0,0.0,0.0,0.0,0.3980662647339961
0.0,0.0,0.0,0.0,0.0,0.0,0.0,0.0,0.0,0.0,0.0,0.0,0.0,0.0,0.0,0.0,0.0,0.0,0.0,0.0,0.0,0.0,0.0,0.0,0.0,0.0,0.0,0.0,0.0,0.0,0.0,0.0,0.0,0.0,0.0,0.0,0.0,0.0,0.0,0.0,0.0,0.0,0.0,0.0,0.7383167221778678,1.0,0.7425844784952607,0.5485878771094442,0.48344979491463647,0.5500726601878642,0.5328179530893506,0.30536286736444523,0.21894198602650816,0.30804472929320326,0.43177581360485556,0.1935879650061503,0.05028330002733888,0.08937220969711587,0.4207786060572396,0.22150205499272158,0.05108043691634201,0.032817790575372784,0.43158544520188064,0.2746256355855334,0.13026136420797718,0.10350217781444901,0.4127271059702558,0.2624308504094156,0.14582805887923755,0.1524827893908967,0.5479708094767747,0.12098221223720666,0.3237537658035407,0.0,0.686869556552094,0.2547253509697599,0.16941924650343465,0.03585015702568273,0.0,0.0,0.0,0.0,0.0,0.0,0.0,0.0,0.0,0.29010419817565297
0.0,0.0,0.0,0.0,0.0,0.0,0.0,0.0,0.0,0.0,0.0,0.0,0.0,0.0,0.0,0.0,0.0,0.0,0.0,0.0,0.0,0.0,0.0,0.0,0.0,0.0,0.0,0.0,0.0,0.0,0.0,0.0,0.0,0.0,0.0,0.0,0.0,0.0,0.0,0.0,0.0,0.0,0.0,0.0,0.5469799904428164,0.7425844784952607,1.0,0.7375075098743596,0.5545992688229022,0.4813115859202339,0.2971064964128536,0.09638808143335899,0.06676586178609695,0.21788582855019623,0.17510386550865362,0.0,0.0,0.0,0.1861871315953517,0.000249067479890549,0.0,0.0,0.24914984877990284,0.1458960266438213,0.0,0.0,0.2624358849139595,0.18639947649835736,0.10357303278142763,0.08577122606594934,0.7344825314888531,0.07702694569948847,0.4912080841636379,0.0,0.49269263954368286,0.4850327222360371,0.2581121210841515,0.0,0.0,0.0,0.0,0.0,0.0,0.0,0.0,0.0,0.0,0.11968583539409956
0.0,0.0,0.0,0.0,0.0,0.0,0.0,0.0,0.0,0.0,0.0,0.0,0.0,0.0,0.0,0.0,0.0,0.0,0.0,0.0,0.0,0.0,0.0,0.0,0.0,0.0,0.0,0.0,0.0,0.0,0.0,0.0,0.0,0.0,0.0,0.0,0.0,0.0,0.0,0.0,0.0,0.0,0.0,0.0,0.4724003820751662,0.5485878771094442,0.7375075098743596,1.0,0.7454799258349482,0.5489890225217751,0.20230658346868602,0.05775246581902381,0.10367448846676894,0.3090551909847579,0.019950223773742105,0.0,0.0,0.0,0.0,0.0,0.0,0.0,0.06570225921328308,0.0,0.0,0.0,0.14573488742968874,0.10343732126180535,0.0,0.0,0.5430364680153845,0.06812885083147092,0.31987767316594595,0.0,0.25615380798656234,0.6862552437090663,0.4914728011494381,0.1364665698741196,0.0,0.0,0.0,0.0,0.0,0.0,0.0,0.0,0.0,0.04260923429484973
0.0,0.0,0.0,0.0,0.0,0.0,0.0,0.0,0.0,0.0,0.0,0.0,0.0,0.0,0.0,0.0,0.0,0.0,0.0,0.0,0.0,0.0,0.0,0.0,0.0,0.0,0.0,0.0,0.0,0.0,0.0,0.0,0.0,0.0,0.0,0.0,0.0,0.0,0.0,0.0,0.0,0.0,0.0,0.0,0.5435446093885204,0.48344979491463647,0.5545992688229022,0.7454799258349482,1.0,0.7375437386046766,0.29730983167435554,0.21493740590372237,0.3141948812730758,0.5428809603465977,0.06691483927022604,0.0,0.0,0.0,0.0,0.0,0.0,0.0,0.03194545080221298,0.0,0.0,0.0,0.15227435232136152,0.08548906123334513,0.0,0.0,0.31206533279776566,0.09408581548686869,0.07804991620312558,0.017178190286948006,0.17054371138356864,0.4894697760096614,0.6859252007635337,0.3900313668653389,0.03784071496435152,0.0,0.0,0.0,0.0,0.0,0.0,0.0,0.0,0.10786924763633632
0.0,0.0,0.0,0.0,0.0,0.0,0.0,0.0,0.0,0.0,0.0,0.0,0.0,0.0,0.0,0.0,0.0,0.0,0.0,0.0,0.0,0.0,0.0,0.0,0.0,0.0,0.0,0.0,0.0,0.0,0.0,0.0,0.0,0.0,0.0,0.0,0.0,0.0,0.0,0.0,0.0,0.0,0.0,0.0,0.7350217686595222,0.5500726601878642,0.4813115859202339,0.5489890225217751,0.7375437386046766,1.0,0.5375620986800926,0.4765992586865433,0.5524514328758536,0.735486744748708,0.28586135157906184,0.08634912511079888,0.060587183849412904,0.2150625975615567,0.1534819557848812,0.0,0.0,0.0,0.1615751839634932,0.0,0.0,0.0,0.2743853231718205,0.1456005112451391,0.0,0.0,0.2159624328920696,0.1320169363889618,0.0,0.035748142312443526,0.25434401404256407,0.25294089445838397,0.4874629965248504,0.4848266040060279,0.2559115760773009,0.0,0.0,0.0,0.0,0.0,0.0,0.0,0.0,0.27194997653292574
0.0,0.0,0.0,0.0,0.0,0.0,0.0,0.0,0.0,0.0,0.0,0.0,0.0,0.0,0.0,0.0,0.0,0.0,0.0,0.0,0.0,0.0,0.0,0.0,0.0,0.0,0.0,0.0,0.0,0.0,0.0,0.0,0.0,0.0,0.0,0.0,0.0,0.0,0.0,0.0,0.0,0.0,0.0,0.0,0.7298238097699028,0.5328179530893506,0.2971064964128536,0.20230658346868602,0.29730983167435554,0.5375620986800926,1.0,0.7368537299389355,0.5418866738763003,0.47019108615743643,0.730825276567278,0.5451782091290069,0.47641378234656295,0.5430547923619643,0.5198515187745779,0.2935241097332795,0.2118407102705066,0.304805073817136,0.4077884856633905,0.15350256404161358,0.01736448440514435,0.07142797824233474,0.4206728957926506,0.18607196666092593,0.0,0.0,0.08086082123643067,0.08009717682543566,0.0,0.0,0.3759566006133154,0.0,0.02547365416273687,0.15641799946000187,0.2499219676173499,0.24982056424238525,0.1628452243004255,0.035393815900458245,0.0,0.0,0.0,0.0,0.0,0.42458156233699496
0.0,0.0,0.0,0.0,0.0,0.0,0.0,0.0,0.0,0.0,0.0,0.0,0.0,0.0,0.0,0.0,0.0,0.0,0.0,0.0,0.0,0.0,0.0,0.0,0.0,0.0,0.0,0.0,0.0,0.0,0.0,0.0,0.0,0.0,0.0,0.0,0.0,0.0,0.0,0.0,0.0,0.0,0.0,0.0,0.5455506030344344,0.30536286736444523,0.09638808143335899,0.05775246581902381,0.21493740590372237,0.4765992586865433,0.7368537299389355,1.0,0.7348698683091296,0.5487900325762544,0.5433922082494147,0.4790052902745228,0.5523397172990961,0.7361476895285585,0.2935062415292007,0.08718075710262424,0.05937990090260451,0.21597662371702092,0.17139044869842562,0.0,0.0,0.0,0.22136181062963953,8.033879886895737e-05,0.0,0.0,0.0,0.0,0.0,0.0,0.12431036496866145,0.0,0.0,0.25240782899394204,0.4859540986686243,0.48571522039662945,0.2557700506303974,0.0,0.0,0.0,0.0,0.0,0.0,0.2706011992805223
0.0,0.0,0.0,0.0,0.0,0.0,0.0,0.0,0.0,0.0,0.0,0.0,0.0,0.0,0.0,0.0,0.0,0.0,0.0,0.0,0.0,0.0,0.0,0.0,0.0,0.0,0.0,0.0,0.0,0.0,0.0,0.0,0.0,0.0,0.0,0.0,0.0,0.0,0.0,0.0,0.0,0.0,0.0,0.0,0.4771859709813138,0.21894198602650816,0.06676586178609695,0.10367448846676894,0.3141948812730758,0.5524514328758536,0.5418866738763003,0.7348698683091296,1.0,0.7479069525119666,0.2998761660420389,0.21396452044763048,0.3124293794116654,0.5431632120614719,0.07139504472509368,0.0,0.0,0.0,0.0,0.0,0.0,0.0,0.10329275490438823,0.0,0.0,0.0,0.0,0.0,0.0,0.0,0.0,0.0,0.14187331965682456,0.49192476653687367,0.6858569595704082,0.3931571237450585,0.03658122132703437,0.0,0.0,0.0,0.0,0.0,0.0,0.16872769435245055
0.0,0.0,0.0,0.0,0.0,0.0,0.0,0.0,0.0,0.0,0.0,0.0,0.0,0.0,0.0,0.0,0.0,0.0,0.0,0.0,0.0,0.0,0.0,0.0,0.0,0.0,0.0,0.0,0.0,0.0,0.0,0.0,0.0,0.0,0.0,0.0,0.0,0.0,0.0,0.0,0.0,0.0,0.0,0.0,0.5420707419456564,0.30804472929320326,0.21788582855019623,0.3090551909847579,0.5428809603465977,0.735486744748708,0.47019108615743643,0.5487900325762544,0.7479069525119666,1.0,0.20243817256083516,0.05572124137335153,0.10311290237118585,0.31146897373590193,0.017321050776772106,0.0,0.0,0.0,0.0,0.0,0.0,0.0,0.12999282094525802,0.0,0.0,0.0,0.0,0.02028767022280695,0.0,0.0,0.03157781337866705,0.033104836611945083,0.39210083148353797,0.6859446433700799,0.4926202643799174,0.14237835949933347,0.0,0.0,0.0,0.0,0.0,0.0,0.0,0.17509844583375578
0.0,0.0,0.0,0.0,0.0,0.0,0.0,0.0,0.0,0.0,0.0,0.0,0.0,0.0,0.0,0.0,0.0,0.0,0.0,0.0,0.0,0.0,0.0,0.0,0.0,0.0,0.0,0.0,0.0,0.0,0.0,0.0,0.0,0.0,0.0,0.0,0.0,0.0,0.0,0.0,0.0,0.0,0.0,0.0,0.5221653699460381,0.43177581360485556,0.17510386550865362,0.019950223773742105,0.06691483927022604,0.28586135157906184,0.730825276567278,0.5433922082494147,0.2998761660420389,0.20243817256083516,1.0,0.7354309222874809,0.5421403683652302,0.4746486945748261,0.7308282619006474,0.5434001017412315,0.47465437934675786,0.5421433083430718,0.5221678084604726,0.28587788861185887,0.2024618624914392,0.29989048946974706,0.43173366364397964,0.17506034002394716,0.01992152191774255,0.06691282073389965,0.012246130969716919,0.01218711546392209,0.0,0.0,0.3754644191762305,0.0,0.0,0.0,0.031306910065941454,0.16109530421721116,0.24914215593363065,0.2491431684562119,0.16110194605176198,0.031320275457152345,0.0,0.0,0.0,0.37536301852907766
0.0,0.0,0.0,0.0,0.0,0.0,0.0,0.0,0.0,0.0,0.0,0.0,0.0,0.0,0.0,0.0,0.0,0.0,0.0,0.0,0.0,0.0,0.0,0.0,0.0,0.0,0.0,0.0,0.0,0.0,0.0,0.0,0.0,0.0,0.0,0.0,0.0,0.0,0.0,0.0,0.0,0.0,0.0,0.0,0.29886037975962576,0.1935879650061503,0.0,0.0,0.0,0.08634912511079888,0.5451782091290069,0.4790052902745228,0.21396452044763048,0.05572124137335153,0.7354309222874809,1.0,0.7361612479739205,0.5512984594409839,0.5451759941340295,0.4790010977287972,0.5512982175655234,0.7361611773465414,0.2988588921378304,0.08634818313754229,0.05572215471274396,0.21396089692824258,0.19355849831090002,0.0,0.0,0.0,0.0,0.0,0.0,0.0,0.15091014096640223,0.0,0.0,0.0,0.0,0.25466022229331836,0.486223681692519,0.48622278960148857,0.25465966714241844,0.0,0.0,0.0,0.0,0.15083271438852733
0.0,0.0,0.0,0.0,0.0,0.0,0.0,0.0,0.0,0.0,0.0,0.0,0.0,0.0,0.0,0.0,0.0,0.0,0.0,0.0,0.0,0.0,0.0,0.0,0.0,0.0,0.0,0.0,0.0,0.0,0.0,0.0,0.0,0.0,0.0,0.0,0.0,0.0,0.0,0.0,0.0,0.0,0.0,0.0,0.21486759797531368,0.05028330002733888,0.0,0.0,0.0,0.060587183849412904,0.47641378234656295,0.5523397172990961,0.3124293794116654,0.10311290237118585,0.5421403683652302,0.7361612479739205,1.0,0.7473483321854943,0.30479810338151836,0.21596823485600966,0.3119645971606387,0.5435050713665346,0.08380576208954703,0.0,0.0,0.0,0.032768285963192686,0.0,0.0,0.0,0.0,0.0,0.0,0.0,0.0,0.0,0.0,0.0,0.1425361562505614,0.4913808521616965,0.685886586833007,0.3933484387009425,0.03535259068428676,0.0,0.0,0.0,0.0,0.03746343376184353
