1.0,0.7383168096688553,0.5469800915500256,0.47240035561356997,0.5435446288533475,0.7350217856576449,0.7298237783547752,0.5455504432270867,0.4771858763378873,0.5420707284358037,0.5221654088190341,0.29886031475180497,0.21486760156524334,0.30489158484654594,0.40780241352349245,0.17143644941984104,0.038308142754454495,0.08381849400861388,0.38386559268355736,0.16164446164502158,0.0,0.0,0.4314515918819281,0.24900202450154513,0.06563683311224103,0.031975745994856225,0.3056127282400188,0.15765122639393353,0.07161700241807441,0.006675744117080976,0.486019503331635,0.1587052841104668,0.25014777117584786,0.24826687099053946,0.16324615199692633,0.034558077638820316,0.0,0.0,0.0,0.0,0.0,0.0,0.0,0.39806627128540323,0.0,0.0,0.0,0.0,0.0,0.0,0.0,0.0,0.0,0.0,0.0,0.0,0.0,0.0,0.0,0.0,0.0,0.0,0.0,0.0,0.0,0.0,0.0,0.0,0.0,0.0,0.0,0.0,0.0,0.0,0.0,0.0,0.0,0.0,0.0,0.0,0.0,0.0,0.0,0.0,0.0,0.0,0.0,0.0
0.7383168096688553,1.0,0.7425844697075683,0.54858780022714,0.48344984132935553,0.5500727076728621,0.5328179868283258,0.3053628059575113,0.21894198212135113,0.3080447703764638,0.43177588762092145,0.19358798853116005,0.05028336124646708,0.08937229118128887,0.4207786408627271,0.22150205688664723,0.05108048081174586,0.03281786141117832,0.431585451290429,0.2746255859739553,0.13026133893094305,0.10350216074757929,0.412727103886066,0.26243086285613426,0.1458280777291069,0.15248273372003734,0.5479707130902438,0.12098221691923558,0.3237536627977601,0.0,0.6868695349152929,0.2547253927680189,0.16941928384809782,0.03585019597412292,0.0,0.0,0.0,0.0,0.0,0.0,0.0,0.0,0.0,0.29010417925609266,0.0,0.0,0.0,0.0,0.0,0.0,0.0,0.0,0.0,0.0,0.0,0.0,0.0,0.0,0.0,0.0,0.0,0.0,0.0,0.0,0.0,0.0,0.0,0.0,0.0,0.0,0.0,0.0,0.0,0.0,0.0,0.0,0.0,0.0,0.0,0.0,0.0,0.0,0.0,0.0,0.0,0.0,0.0,0.0
0.5469800915500256,0.7425844697075683,1.0,0.7375075087126567,0.5545993978751846,0.48131166111207047,0.2971065374647249,0.09638803051440616,0.06676589828817683,0.21788587919120234,0.1751039331905991,0.0,0.0,0.0,0.18618716068320415,0.0002490385295565671,0.0,0.0,0.24914982606376884,0.14589595237662561,0.0,0.0,0.2624359158771145,0.1863994813106429,0.10357304149493836,0.08577115693259581,0.7344824217730004,0.07702697133502151,0.4912079429900205,0.0,0.49269257600470645,0.485032805802267,0.2581122371701916,0.0,0.0,0.0,0.0,0.0,0.0,0.0,0.0,0.0,0.0,0.1196858451639597,0.0,0.0,0.0,0.0,0.0,0.0,0.0,0.0,0.0,0.0,0.0,0.0,0.0,0.0,0.0,0.0,0.0,0.0,0.0,0.0,0.0,0.0,0.0,0.0,0.0,0.0,0.0,0.0,0.0,0.0,0.0,0.0,0.0,0.0,0.0,0.0,0.0,0.0,0.0,0.0,0.0,0.0,0.0,0.0
0.47240035561356997,0.54858780022714,0.7375075087126567,1.0,0.7454799772483198,0.5489889648559495,0.2023065273212696,0.05775230597153745,0.10367443265082908,0.3090551069937141,0.019950212556348178,0.0,0.0,0.0,0.0,0.0,0.0,0.0,0.0657022100962306,0.0,0.0,0.0,0.14573488635334972,0.10343729237088557,0.0,0.0,0.5430364350328618,0.06812885414287558,0.31987759198183796,0.0,0.2561537079268577,0.6862553564241061,0.49147287892066155,0.1364665239939062,0.0,0.0,0.0,0.0,0.0,0.0,0.0,0.0,0.0,0.0426092131838099,0.0,0.0,0.0,0.0,0.0,0.0,0.0,0.0,0.0,0.0,0.0,0.0,0.0,0.0,0.0,0.0,0.0,0.0,0.0,0.0,0.0,0.0,0.0,0.0,0.0,0.0,0.0,0.0,0.0,0.0,0.0,0.0,0.0,0.0,0.0,0.0,0.0,0.0,0.0,0.0,0.0,0.0,0.0,0.0
0.5435446288533475,0.48344984132935553,0.5545993978751846,0.7454799772483198,1.0,0.7375436838486775,0.2973098368705581,0.2149372825904538,0.314194837228243,0.5428808431982713,0.06691489882462531,0.0,0.0,0.0,0.0,0.0,0.0,0.0,0.031945498311978814,0.0,0.0,0.0,0.15227439647460456,0.08548907049633764,0.0,0.0,0.3120653739004496,0.09408582553886036,0.07804990975292307,0.017178218005543984,0.17054373649079982,0.4894698543024061,0.6859251914050654,0.3900312721202079,0.03784067393397012,0.0,0.0,0.0,0.0,0.0,0.0,0.0,0.0,0.10786929511409796,0.0,0.0,0.0,0.0,0.0,0.0,0.0,0.0,0.0,0.0,0.0,0.0,0.0,0.0,0.0,0.0,0.0,0.0,0.0,0.0,0.0,0.0,0.0,0.0,0.0,0.0,0.0,0.0,0.0,0.0,0.0,0.0,0.0,0.0,0.0,0.0,0.0,0.0,0.0,0.0,0.0,0.0,0.0,0.0
0.7350217856576449,0.5500727076728621,0.48131166111207047,0.5489889648559495,0.7375436838486775,1.0,0.5375621467140166,0.4765991908356637,0.5524514372575963,0.7354867184546514,0.2858614379178622,0.08634910201812149,0.06058727745402487,0.21506261483375733,0.15348199445035252,0.0,0.0,0.0,0.16157524559574246,0.0,0.0,0.0,0.27438533567722984,0.14560050929398974,0.0,0.0,0.215962397113099,0.1320169210117573,0.0,0.03574816886647691,0.2543440523391893,0.25294091143698694,0.48746294881355157,0.48482659344952367,0.2559115951251044,0.0,0.0,0.0,0.0,0.0,0.0,0.0,0.0,0.27195003140136964,0.0,0.0,0.0,0.0,0.0,0.0,0.0,0.0,0.0,0.0,0.0,0.0,0.0,0.0,0.0,0.0,0.0,0.0,0.0,0.0,0.0,0.0,0.0,0.0,0.0,0.0,0.0,0.0,0.0,0.0,0.0,0.0,0.0,0.0,0.0,0.0,0.0,0.0,0.0,0.0,0.0,0.0,0.0,0.0
0.7298237783547752,0.5328179868283258,0.2971065374647249,0.2023065273212696,0.2973098368705581,0.5375621467140166,1.0,0.7368536524795753,0.5418866308559137,0.4701911705527285,0.7308253041881576,0.5451781370531186,0.47641382089609335,0.543054836837257,0.5198514907855514,0.2935241317438421,0.2118406937749213,0.30480511280845624,0.4077885520700161,0.15350253389187918,0.017364469742004677,0.07142791881254444,0.4206728457699466,0.18607200232170693,0.0,0.0,0.08086075793931827,0.08009718506486635,0.0,0.0,0.3759566481487458,0.0,0.025473656787025643,0.1564180643445698,0.24992198124444892,0.24982059801097514,0.16284523591033556,0.0353937288418622,0.0,0.0,0.0,0.0,0.0,0.4245815560210717,0.0,0.0,0.0,0.0,0.0,0.0,0.0,0.0,0.0,0.0,0.0,0.0,0.0,0.0,0.0,0.0,0.0,0.0,0.0,0.0,0.0,0.0,0.0,0.0,0.0,0.0,0.0,0.0,0.0,0.0,0.0,0.0,0.0,0.0,0.0,0.0,0.0,0.0,0.0,0.0,0.0,0.0,0.0,0.0
0.5455504432270867,0.3053628059575113,0.09638803051440616,0.05775230597153745,0.2149372825904538,0.4765991908356637,0.7368536524795753,1.0,0.7348697926862866,0.5487900640077074,0.543392186237063,0.47900520911314165,0.5523398596896659,0.7361477788364045,0.2935061604455458,0.08718076758611322,0.05937987513191128,0.21597668971011158,0.1713904510115791,0.0,0.0,0.0,0.22136167204363216,8.027074115772118e-05,0.0,0.0,0.0,0.0,0.0,0.0,0.12431033418107974,0.0,0.0,0.25240784687918455,0.48595413004274673,0.4857153652547715,0.25577012778776037,0.0,0.0,0.0,0.0,0.0,0.0,0.2706011362045296,0.0,0.0,0.0,0.0,0.0,0.0,0.0,0.0,0.0,0.0,0.0,0.0,0.0,0.0,0.0,0.0,0.0,0.0,0.0,0.0,0.0,0.0,0.0,0.0,0.0,0.0,0.0,0.0,0.0,0.0,0.0,0.0,0.0,0.0,0.0,0.0,0.0,0.0,0.0,0.0,0.0,0.0,0.0,0.0
0.4771858763378873,0.21894198212135113,0.06676589828817683,0.10367443265082908,0.314194837228243,0.5524514372575963,0.5418866308559137,0.7348697926862866,1.0,0.7479070705060871,0.29987613551155495,0.21396436096179278,0.3124294013482576,0.5431630972847356,0.0713949731030093,0.0,0.0,0.0,0.0,0.0,0.0,0.0,0.10329269135130559,0.0,0.0,0.0,0.0,0.0,0.0,0.0,0.0,0.0,0.14187329065554796,0.49192488713591653,0.6858570030256869,0.3931571340637134,0.036581152536846503,0.0,0.0,0.0,0.0,0.0,0.0,0.16872772062885752,0.0,0.0,0.0,0.0,0.0,0.0,0.0,0.0,0.0,0.0,0.0,0.0,0.0,0.0,0.0,0.0,0.0,0.0,0.0,0.0,0.0,0.0,0.0,0.0,0.0,0.0,0.0,0.0,0.0,0.0,0.0,0.0,0.0,0.0,0.0,0.0,0.0,0.0,0.0,0.0,0.0,0.0,0.0,0.0
0.5420707284358037,0.3080447703764638,0.21788587919120234,0.3090551069937141,0.5428808431982713,0.7354867184546514,0.4701911705527285,0.5487900640077074,0.7479070705060871,1.0,0.20243828418593823,0.05572124357330187,0.10311307193904783,0.31146902443338703,0.01732109735024393,0.0,0.0,0.0,0.0,0.0,0.0,0.0,0.12999281630449175,0.0,0.0,0.0,0.0,0.020287618831729384,0.0,0.0,0.03157786421453919,0.03310480194306958,0.39210069563590233,0.6859446224763146,0.49262035010738076,0.14237849676982095,0.0,0.0,0.0,0.0,0.0,0.0,0.0,0.17509852179511215,0.0,0.0,0.0,0.0,0.0,0.0,0.0,0.0,0.0,0.0,0.0,0.0,0.0,0.0,0.0,0.0,0.0,0.0,0.0,0.0,0.0,0.0,0.0,0.0,0.0,0.0,0.0,0.0,0.0,0.0,0.0,0.0,0.0,0.0,0.0,0.0,0.0,0.0,0.0,0.0,0.0,0.0,0.0,0.0
0.5221654088190341,0.43177588762092145,0.1751039331905991,0.019950212556348178,0.06691489882462531,0.2858614379178622,0.7308253041881576,0.543392186237063,0.29987613551155495,0.20243828418593823,1.0,0.735430857293222,0.5421403375650108,0.47464876892575875,0.7308282356154222,0.5434001264147206,0.4746543317684077,0.542143303228475,0.5221679239061022,0.28587791668521684,0.20246187268022234,0.299890423008268,0.4317336455516562,0.17506044439821686,0.019921618110738504,0.06691283258011238,0.012246109446244366,0.012187179191904818,0.0,0.0,0.3754645182202291,0.0,0.0,0.0,0.03130692893847363,0.1610953121415474,0.24914214866803258,0.24914304586680291,0.1611018584269286,0.031320257740032394,0.0,0.0,0.0,0.37536301601651345,0.0,0.0,0.0,0.0,0.0,0.0,0.0,0.0,0.0,0.0,0.0,0.0,0.0,0.0,0.0,0.0,0.0,0.0,0.0,0.0,0.0,0.0,0.0,0.0,0.0,0.0,0.0,0.0,0.0,0.0,0.0,0.0,0.0,0.0,0.0,0.0,0.0,0.0,0.0,0.0,0.0,0.0,0.0,0.0
0.29886031475180497,0.19358798853116005,0.0,0.0,0.0,0.08634910201812149,0.5451781370531186,0.47900520911314165,0.21396436096179278,0.05572124357330187,0.735430857293222,1.0,0.7361611230929788,0.5512984585663371,0.5451759904273092,0.47900125467961874,0.5512982932065116,0.7361613260458153,0.29885899889744577,0.08634824867505318,0.05572223775210535,0.213960919422778,0.19355841497886148,0.0,0.0,0.0,0.0,0.0,0.0,0.0,0.15091023354692942,0.0,0.0,0.0,0.0,0.2546601193822695,0.4862236762211769,0.48622278093642834,0.2546597666989687,0.0,0.0,0.0,0.0,0.15083263082019477,0.0,0.0,0.0,0.0,0.0,0.0,0.0,0.0,0.0,0.0,0.0,0.0,0.0,0.0,0.0,0.0,0.0,0.0,0.0,0.0,0.0,0.0,0.0,0.0,0.0,0.0,0.0,0.0,0.0,0.0,0.0,0.0,0.0,0.0,0.0,0.0,0.0,0.0,0.0,0.0,0.0,0.0,0.0,0.0
0.21486760156524334,0.05028336124646708,0.0,0.0,0.0,0.06058727745402487,0.47641382089609335,0.5523398596896659,0.3124294013482576,0.10311307193904783,0.5421403375650108,0.7361611230929788,1.0,0.7473485148685469,0.30479804961756984,0.21596826840474695,0.31196449493338635,0.5435050356344355,0.08380585720437826,0.0,0.0,0.0,0.03276824351596062,0.0,0.0,0.0,0.0,0.0,0.0,0.0,0.0,0.0,0.0,0.0,0.14253622652386724,0.4913809165736772,0.6858865552003253,0.393348262998514,0.03535253189284394,0.0,0.0,0.0,0.0,0.037463457125617654,0.0,0.0,0.0,0.0,0.0,0.0,0.0,0.0,0.0,0.0,0.0,0.0,0.0,0.0,0.0,0.0,0.0,0.0,0.0,0.0,0.0,0.0,0.0,0.0,0.0,0.0,0.0,0.0,0.0,0.0,0.0,0.0,0.0,0.0,0.0,0.0,0.0,0.0,0.0,0.0,0.0,0.0,0.0,0.0
0.30489158484654594,0.08937229118128887,0.0,0.0,0.0,0.21506261483375733,0.543054836837257,0.7361477788364045,0.5431630972847356,0.31146902443338703,0.47464876892575875,0.5512984585663371,0.7473485148685469,1.0,0.21182586516608318,0.05936979391382774,0.10276969887201837,0.3119655167000655,0.03827648547643819,0.0,0.0,0.0,0.05098886814478482,0.0,0.0,0.0,0.0,0.0,0.0,0.0,0.0,0.0,0.0,0.03564775110117406,0.3942102013207519,0.6859132483228159,0.49147230204969816,0.14154389637024226,0.0,0.0,0.0,0.0,0.0,0.09334700975510758,0.0,0.0,0.0,0.0,0.0,0.0,0.0,0.0,0.0,0.0,0.0,0.0,0.0,0.0,0.0,0.0,0.0,0.0,0.0,0.0,0.0,0.0,0.0,0.0,0.0,0.0,0.0,0.0,0.0,0.0,0.0,0.0,0.0,0.0,0.0,0.0,0.0,0.0,0.0,0.0,0.0,0.0,0.0,0.0
0.40780241352349245,0.4207786408627271,0.18618716068320415,0.0,0.0,0.15348199445035252,0.5198514907855514,0.2935061604455458,0.0713949731030093,0.01732109735024393,0.7308282356154222,0.5451759904273092,0.30479804961756984,0.21182586516608318,1.0,0.7368540457782963,0.5430556020793299,0.4764155815772503,0.7298282481837558,0.5375755640823631,0.4702036446516476,0.5418892029536534,0.5328022270905793,0.2970971857610365,0.2022993843031323,0.29731341995655836,0.08025619255428579,0.08084784368688934,0.0,0.0,0.42477741277853037,0.0,0.0,0.0,0.0,0.0,0.03538965104952514,0.16284687477665943,0.24982338931657203,0.24992229117364825,0.1564314914570932,0.025490284519652805,0.0,0.3758972128845489,0.0,0.0,0.0,0.0,0.0,0.0,0.0,0.0,0.0,0.0,0.0,0.0,0.0,0.0,0.0,0.0,0.0,0.0,0.0,0.0,0.0,0.0,0.0,0.0,0.0,0.0,0.0,0.0,0.0,0.0,0.0,0.0,0.0,0.0,0.0,0.0,0.0,0.0,0.0,0.0,0.0,0.0,0.0,0.0
0.17143644941984104,0.22150205688664723,0.0002490385295565671,0.0,0.0,0.0,0.2935241317438421,0.08718076758611322,0.0,0.0,0.5434001264147206,0.47900125467961874,0.21596826840474695,0.05936979391382774,0.7368540457782963,1.0,0.7361451959513579,0.5523357767704244,0.5455510768956919,0.4766070251776902,0.5487976069943261,0.7348716639098295,0.30535696259980166,0.0963954759757231,0.05776082064563296,0.21494775534235325,0.0,0.0,0.0,0.0,0.27081774186422436,0.0,0.0,0.0,0.0,0.0,0.0,0.25576562042412243,0.4857163107549006,0.4859526335471488,0.2524127188496753,0.0,0.0,0.12426115781502853,0.0,0.0,0.0,0.0,0.0,0.0,0.0,0.0,0.0,0.0,0.0,0.0,0.0,0.0,0.0,0.0,0.0,0.0,0.0,0.0,0.0,0.0,0.0,0.0,0.0,0.0,0.0,0.0,0.0,0.0,0.0,0.0,0.0,0.0,0.0,0.0,0.0,0.0,0.0,0.0,0.0,0.0,0.0,0.0
0.038308142754454495,0.05108048081174586,0.0,0.0,0.0,0.0,0.2118406937749213,0.05937987513191128,0.0,0.0,0.4746543317684077,0.5512982932065116,0.31196449493338635,0.10276969887201837,0.5430556020793299,0.7361451959513579,1.0,0.7473477850422734,0.3048965315547505,0.21506716738194054,0.3114687062679331,0.5431589386511299,0.0893719454919031,0.0,0.0,0.0,0.0,0.0,0.0,0.0,0.0934881858318272,0.0,0.0,0.0,0.0,0.0,0.14154227139360948,0.49147229841040824,0.6859139534852479,0.39420005604041986,0.035641547755027016,0.0,0.0,0.0,0.0,0.0,0.0,0.0,0.0,0.0,0.0,0.0,0.0,0.0,0.0,0.0,0.0,0.0,0.0,0.0,0.0,0.0,0.0,0.0,0.0,0.0,0.0,0.0,0.0,0.0,0.0,0.0,0.0,0.0,0.0,0.0,0.0,0.0,0.0,0.0,0.0,0.0,0.0,0.0,0.0,0.0,0.0,0.0
0.08381849400861388,0.03281786141117832,0.0,0.0,0.0,0.0,0.30480511280845624,0.21597668971011158,0.0,0.0,0.542143303228475,0.7361613260458153,0.5435050356344355,0.3119655167000655,0.4764155815772503,0.5523357767704244,0.7473477850422734,1.0,0.21487401878581425,0.06058902738115712,0.10310989672868964,0.3124225511344857,0.05027774573606538,0.0,0.0,0.0,0.0,0.0,0.0,0.0,0.037557551971028634,0.0,0.0,0.0,0.0,0.03535368194803132,0.39334861500203927,0.6858861546503442,0.49137844836659866,0.142523383953833,0.0,0.0,0.0,0.0,0.0,0.0,0.0,0.0,0.0,0.0,0.0,0.0,0.0,0.0,0.0,0.0,0.0,0.0,0.0,0.0,0.0,0.0,0.0,0.0,0.0,0.0,0.0,0.0,0.0,0.0,0.0,0.0,0.0,0.0,0.0,0.0,0.0,0.0,0.0,0.0,0.0,0.0,0.0,0.0,0.0,0.0,0.0,0.0
0.38386559268355736,0.431585451290429,0.24914982606376884,0.0657022100962306,0.031945498311978814,0.16157524559574246,0.4077885520700161,0.1713904510115791,0.0,0.0,0.5221679239061022,0.29885899889744577,0.08380585720437826,0.03827648547643819,0.7298282481837558,0.5455510768956919,0.3048965315547505,0.21487401878581425,1.0,0.7350199055789225,0.5420653821545836,0.4771787874158612,0.7383144840769172,0.5469793217033746,0.47238790748813764,0.5435325000749123,0.1578763736945599,0.3056149365648693,0.006945452623867616,0.07162000221917494,0.3983032568101361,0.0,0.0,0.0,0.0,0.0,0.0,0.0,0.03456577752071898,0.1632390942752038,0.24826495847088142,0.2501419421894538,0.15869294728095698,0.48599506034716705,0.0,0.0,0.0,0.0,0.0,0.0,0.0,0.0,0.0,0.0,0.0,0.0,0.0,0.0,0.0,0.0,0.0,0.0,0.0,0.0,0.0,0.0,0.0,0.0,0.0,0.0,0.0,0.0,0.0,0.0,0.0,0.0,0.0,0.0,0.0,0.0,0.0,0.0,0.0,0.0,0.0,0.0,0.0,0.0
0.16164446164502158,0.2746255859739553,0.14589595237662561,0.0,0.0,0.0,0.15350253389187918,0.0,0.0,0.0,0.28587791668521684,0.08634824867505318,0.0,0.0,0.5375755640823631,0.4766070251776902,0.21506716738194054,0.06058902738115712,0.7350199055789225,1.0,0.7354857955239155,0.5524517559503552,0.5500758162180523,0.48132717562312455,0.5489963168758714,0.7375440628486607,0.13244682278218853,0.2159778791393704,0.03626058145511892,0.0,0.27228748379324447,0.0,0.0,0.0,0.0,0.0,0.0,0.0,0.0,0.25591125074160825,0.48482976650095505,0.4874677804121303,0.2529444936688438,0.2543279289650552,0.0,0.0,0.0,0.0,0.0,0.0,0.0,0.0,0.0,0.0,0.0,0.0,0.0,0.0,0.0,0.0,0.0,0.0,0.0,0.0,0.0,0.0,0.0,0.0,0.0,0.0,0.0,0.0,0.0,0.0,0.0,0.0,0.0,0.0,0.0,0.0,0.0,0.0,0.0,0.0,0.0,0.0,0.0,0.0
0.0,0.13026133893094305,0.0,0.0,0.0,0.0,0.017364469742004677,0.0,0.0,0.0,0.20246187268022234,0.05572223775210535,0.0,0.0,0.4702036446516476,0.5487976069943261,0.3114687062679331,0.10310989672868964,0.5420653821545836,0.7354857955239155,1.0,0.7479085566690417,0.3080444106206529,0.2179040535971299,0.3090734767934176,0.5428952576942095,0.02077183506934931,0.0,0.0,0.0,0.17545399968338354,0.0,0.0,0.0,0.0,0.0,0.0,0.0,0.1423781171194971,0.4926201898077916,0.6859448993836853,0.39212966495298607,0.03312198895957916,0.03154986681017098,0.0,0.0,0.0,0.0,0.0,0.0,0.0,0.0,0.0,0.0,0.0,0.0,0.0,0.0,0.0,0.0,0.0,0.0,0.0,0.0,0.0,0.0,0.0,0.0,0.0,0.0,0.0,0.0,0.0,0.0,0.0,0.0,0.0,0.0,0.0,0.0,0.0,0.0,0.0,0.0,0.0,0.0,0.0,0.0
0.0,0.10350216074757929,0.0,0.0,0.0,0.0,0.07142791881254444,0.0,0.0,0.0,0.299890423008268,0.213960919422778,0.0,0.0,0.5418892029536534,0.7348716639098295,0.5431589386511299,0.3124225511344857,0.4771787874158612,0.5524517559503552,0.7479085566690417,1.0,0.21893744934646764,0.06678081320809949,0.1036912546881726,0.3142087220300351,0.0,0.0,0.0,0.0,0.16901514245686328,0.0,0.0,0.0,0.0,0.0,0.0,0.03657150308219406,0.39315504706786203,0.6858567307502279,0.49192369105457495,0.14190483940113857,0.0,0.0,0.0,0.0,0.0,0.0,0.0,0.0,0.0,0.0,0.0,0.0,0.0,0.0,0.0,0.0,0.0,0.0,0.0,0.0,0.0,0.0,0.0,0.0,0.0,0.0,0.0,0.0,0.0,0.0,0.0,0.0,0.0,0.0,0.0,0.0,0.0,0.0,0.0,0.0,0.0,0.0,0.0,0.0,0.0,0.0
0.4314515918819281,0.412727103886066,0.2624359158771145,0.14573488635334972,0.15227439647460456,0.27438533567722984,0.4206728457699466,0.22136167204363216,0.10329269135130559,0.12999281630449175,0.4317336455516562,0.19355841497886148,0.03276824351596062,0.05098886814478482,0.5328022270905793,0.30535696259980166,0.0893719454919031,0.05027774573606538,0.7383144840769172,0.5500758162180523,0.3080444106206529,0.21893744934646764,1.0,0.7425809063038475,0.5485744097608054,0.48344063829794254,0.12107767365340306,0.5479738790469045,0.0,0.3237583302732366,0.2902096046359039,0.0,0.0,0.0,0.0,0.0,0.0,0.0,0.0,0.0,0.03585686167527808,0.16941108708001748,0.25471533715186084,0.6868638963778616,0.0,0.0,0.0,0.0,0.0,0.0,0.0,0.0,0.0,0.0,0.0,0.0,0.0,0.0,0.0,0.0,0.0,0.0,0.0,0.0,0.0,0.0,0.0,0.0,0.0,0.0,0.0,0.0,0.0,0.0,0.0,0.0,0.0,0.0,0.0,0.0,0.0,0.0,0.0,0.0,0.0,0.0,0.0,0.0
0.24900202450154513,0.26243086285613426,0.1863994813106429,0.10343729237088557,0.08548907049633764,0.14560050929398974,0.18607200232170693,8.027074115772118e-05,0.0,0.0,0.17506044439821686,0.0,0.0,0.0,0.2970971857610365,0.0963954759757231,0.0,0.0,0.5469793217033746,0.48132717562312455,0.2179040535971299,0.06678081320809949,0.7425809063038475,1.0,0.7375048732280686,0.5546051181896374,0.0771512241404781,0.7344828331383888,0.0,0.4912084475744563,0.11978776144439905,0.0,0.0,0.0,0.0,0.0,0.0,0.0,0.0,0.0,0.0,0.2581134193492499,0.4850319019431276,0.4926986533760487,0.0,0.0,0.0,0.0,0.0,0.0,0.0,0.0,0.0,0.0,0.0,0.0,0.0,0.0,0.0,0.0,0.0,0.0,0.0,0.0,0.0,0.0,0.0,0.0,0.0,0.0,0.0,0.0,0.0,0.0,0.0,0.0,0.0,0.0,0.0,0.0,0.0,0.0,0.0,0.0,0.0,0.0,0.0,0.0
0.06563683311224103,0.1458280777291069,0.10357304149493836,0.0,0.0,0.0,0.0,0.0,0.0,0.0,0.019921618110738504,0.0,0.0,0.0,0.2022993843031323,0.05776082064563296,0.0,0.0,0.47238790748813764,0.5489963168758714,0.3090734767934176,0.1036912546881726,0.5485744097608054,0.7375048732280686,1.0,0.7454849405296656,0.06842029347614945,0.5430367440163221,0.0,0.319879410878053,0.04279067608853186,0.0,0.0,0.0,0.0,0.0,0.0,0.0,0.0,0.0,0.13650096008057055,0.4914723181971946,0.6862555420256895,0.25614646577562566,0.0,0.0,0.0,0.0,0.0,0.0,0.0,0.0,0.0,0.0,0.0,0.0,0.0,0.0,0.0,0.0,0.0,0.0,0.0,0.0,0.0,0.0,0.0,0.0,0.0,0.0,0.0,0.0,0.0,0.0,0.0,0.0,0.0,0.0,0.0,0.0,0.0,0.0,0.0,0.0,0.0,0.0,0.0,0.0
0.031975745994856225,0.15248273372003734,0.08577115693259581,0.0,0.0,0.0,0.0,0.0,0.0,0.0,0.06691283258011238,0.0,0.0,0.0,0.29731341995655836,0.21494775534235325,0.0,0.0,0.5435325000749123,0.7375440628486607,0.5428952576942095,0.3142087220300351,0.48344063829794254,0.5546051181896374,0.7454849405296656,1.0,0.09454171348281686,0.3120717257744499,0.017754371850449476,0.07805701585509231,0.10815941194481053,0.0,0.0,0.0,0.0,0.0,0.0,0.0,0.0,0.03785884714722734,0.390059594951442,0.6859260921696854,0.4894699963748556,0.17052865108082496,0.0,0.0,0.0,0.0,0.0,0.0,0.0,0.0,0.0,0.0,0.0,0.0,0.0,0.0,0.0,0.0,0.0,0.0,0.0,0.0,0.0,0.0,0.0,0.0,0.0,0.0,0.0,0.0,0.0,0.0,0.0,0.0,0.0,0.0,0.0,0.0,0.0,0.0,0.0,0.0,0.0,0.0,0.0,0.0
0.3056127282400188,0.5479707130902438,0.7344824217730004,0.5430364350328618,0.3120653739004496,0.215962397113099,0.08086075793931827,0.0,0.0,0.0,0.012246109446244366,0.0,0.0,0.0,0.08025619255428579,0.0,0.0,0.0,0.1578763736945599,0.13244682278218853,0.02077183506934931,0.0,0.12107767365340306,0.0771512241404781,0.06842029347614945,0.09454171348281686,1.0,0.0,0.756723917499324,0.0,0.39973971032354133,0.3893254280285289,0.03550731664874596,0.0,0.0,0.0,0.0,0.0,0.0,0.0,0.0,0.0,0.0,0.0,0.0,0.0,0.0,0.0,0.0,0.0,0.0,0.0,0.0,0.0,0.0,0.0,0.0,0.0,0.0,0.0,0.0,0.0,0.0,0.0,0.0,0.0,0.0,0.0,0.0,0.0,0.0,0.0,0.0,0.0,0.0,0.0,0.0,0.0,0.0,0.0,0.0,0.0,0.0,0.0,0.0,0.0,0.0,0.0
0.15765122639393353,0.12098221691923558,0.07702697133502151,0.06812885414287558,0.09408582553886036,0.1320169210117573,0.08009718506486635,0.0,0.0,0.020287618831729384,0.012187179191904818,0.0,0.0,0.0,0.08084784368688934,0.0,0.0,0.0,0.3056149365648693,0.2159778791393704,0.0,0.0,0.5479738790469045,0.7344828331383888,0.5430367440163221,0.3120717257744499,0.0,1.0,0.0,0.7567240218778893,0.0,0.0,0.0,0.0,0.0,0.0,0.0,0.0,0.0,0.0,0.0,0.035506640047744724,0.3893291588828785,0.3997664301290466,0.0,0.0,0.0,0.0,0.0,0.0,0.0,0.0,0.0,0.0,0.0,0.0,0.0,0.0,0.0,0.0,0.0,0.0,0.0,0.0,0.0,0.0,0.0,0.0,0.0,0.0,0.0,0.0,0.0,0.0,0.0,0.0,0.0,0.0,0.0,0.0,0.0,0.0,0.0,0.0,0.0,0.0,0.0,0.0
0.07161700241807441,0.3237536627977601,0.4912079429900205,0.31987759198183796,0.07804990975292307,0.0,0.0,0.0,0.0,0.0,0.0,0.0,0.0,0.0,0.0,0.0,0.0,0.0,0.006945452623867616,0.03626058145511892,0.0,0.0,0.0,0.0,0.0,0.017754371850449476,0.756723917499324,0.0,1.0,0.0,0.23310671029314126,0.22326319241644277,0.0,0.0,0.0,0.0,0.0,0.0,0.0,0.0,0.0,0.0,0.0,0.0,0.0,0.0,0.0,0.0,0.0,0.0,0.0,0.0,0.0,0.0,0.0,0.0,0.0,0.0,0.0,0.0,0.0,0.0,0.0,0.0,0.0,0.0,0.0,0.0,0.0,0.0,0.0,0.0,0.0,0.0,0.0,0.0,0.0,0.0,0.0,0.0,0.0,0.0,0.0,0.0,0.0,0.0,0.0,0.0
0.006675744117080976,0.0,0.0,0.0,0.017178218005543984,0.03574816886647691,0.0,0.0,0.0,0.0,0.0,0.0,0.0,0.0,0.0,0.0,0.0,0.0,0.07162000221917494,0.0,0.0,0.0,0.3237583302732366,0.4912084475744563,0.319879410878053,0.07805701585509231,0.0,0.7567240218778893,0.0,1.0,0.0,0.0,0.0,0.0,0.0,0.0,0.0,0.0,0.0,0.0,0.0,0.0,0.22327010302313802,0.23314180653422015,0.0,0.0,0.0,0.0,0.0,0.0,0.0,0.0,0.0,0.0,0.0,0.0,0.0,0.0,0.0,0.0,0.0,0.0,0.0,0.0,0.0,0.0,0.0,0.0,0.0,0.0,0.0,0.0,0.0,0.0,0.0,0.0,0.0,0.0,0.0,0.0,0.0,0.0,0.0,0.0,0.0,0.0,0.0,0.0
0.486019503331635,0.6868695349152929,0.49269257600470645,0.2561537079268577,0.17054373649079982,0.2543440523391893,0.3759566481487458,0.12431033418107974,0.0,0.03157786421453919,0.3754645182202291,0.15091023354692942,0.0,0.0,0.42477741277853037,0.27081774186422436,0.0934881858318272,0.037557551971028634,0.3983032568101361,0.27228748379324447,0.17545399968338354,0.16901514245686328,0.2902096046359039,0.11978776144439905,0.04279067608853186,0.10815941194481053,0.39973971032354133,0.0,0.23310671029314126,0.0,1.0,0.0,0.0,0.0,0.0,0.0,0.0,0.0,0.0,0.0,0.0,0.0,0.0,0.16687477916595553,0.0,0.0,0.0,0.0,0.0,0.0,0.0,0.0,0.0,0.0,0.0,0.0,0.0,0.0,0.0,0.0,0.0,0.0,0.0,0.0,0.0,0.0,0.0,0.0,0.0,0.0,0.0,0.0,0.0,0.0,0.0,0.0,0.0,0.0,0.0,0.0,0.0,0.0,0.0,0.0,0.0,0.0,0.0,0.0
0.1587052841104668,0.2547253927680189,0.485032805802267,0.6862553564241061,0.4894698543024061,0.25294091143698694,0.0,0.0,0.0,0.03310480194306958,0.0,0.0,0.0,0.0,0.0,0.0,0.0,0.0,0.0,0.0,0.0,0.0,0.0,0.0,0.0,0.0,0.3893254280285289,0.0,0.22326319241644277,0.0,0.0,1.0,0.406703354027232,0.0,0.0,0.0,0.0,0.0,0.0,0.0,0.0,0.0,0.0,0.0,0.0,0.0,0.0,0.0,0.0,0.0,0.0,0.0,0.0,0.0,0.0,0.0,0.0,0.0,0.0,0.0,0.0,0.0,0.0,0.0,0.0,0.0,0.0,0.0,0.0,0.0,0.0,0.0,0.0,0.0,0.0,0.0,0.0,0.0,0.0,0.0,0.0,0.0,0.0,0.0,0.0,0.0,0.0,0.0
0.25014777117584786,0.16941928384809782,0.2581122371701916,0.49147287892066155,0.6859251914050654,0.48746294881355157,0.025473656787025643,0.0,0.14187329065554796,0.39210069563590233,0.0,0.0,0.0,0.0,0.0,0.0,0.0,0.0,0.0,0.0,0.0,0.0,0.0,0.0,0.0,0.0,0.03550731664874596,0.0,0.0,0.0,0.0,0.406703354027232,1.0,0.419103668051627,0.0,0.0,0.0,0.0,0.0,0.0,0.0,0.0,0.0,0.0,0.0,0.0,0.0,0.0,0.0,0.0,0.0,0.0,0.0,0.0,0.0,0.0,0.0,0.0,0.0,0.0,0.0,0.0,0.0,0.0,0.0,0.0,0.0,0.0,0.0,0.0,0.0,0.0,0.0,0.0,0.0,0.0,0.0,0.0,0.0,0.0,0.0,0.0,0.0,0.0,0.0,0.0,0.0,0.0
0.24826687099053946,0.03585019597412292,0.0,0.1364665239939062,0.3900312721202079,0.48482659344952367,0.1564180643445698,0.25240784687918455,0.49192488713591653,0.6859446224763146,0.0,0.0,0.0,0.03564775110117406,0.0,0.0,0.0,0.0,0.0,0.0,0.0,0.0,0.0,0.0,0.0,0.0,0.0,0.0,0.0,0.0,0.0,0.0,0.419103668051627,1.0,0.4086797637215723,0.0,0.0,0.0,0.0,0.0,0.0,0.0,0.0,0.0,0.0,0.0,0.0,0.0,0.0,0.0,0.0,0.0,0.0,0.0,0.0,0.0,0.0,0.0,0.0,0.0,0.0,0.0,0.0,0.0,0.0,0.0,0.0,0.0,0.0,0.0,0.0,0.0,0.0,0.0,0.0,0.0,0.0,0.0,0.0,0.0,0.0,0.0,0.0,0.0,0.0,0.0,0.0,0.0
0.16324615199692633,0.0,0.0,0.0,0.03784067393397012,0.2559115951251044,0.24992198124444892,0.48595413004274673,0.6858570030256869,0.49262035010738076,0.03130692893847363,0.0,0.14253622652386724,0.3942102013207519,0.0,0.0,0.0,0.0,0.0,0.0,0.0,0.0,0.0,0.0,0.0,0.0,0.0,0.0,0.0,0.0,0.0,0.0,0.0,0.4086797637215723,1.0,0.4256382296796621,0.0,0.0,0.0,0.0,0.0,0.0,0.0,0.0,0.0,0.0,0.0,0.0,0.0,0.0,0.0,0.0,0.0,0.0,0.0,0.0,0.0,0.0,0.0,0.0,0.0,0.0,0.0,0.0,0.0,0.0,0.0,0.0,0.0,0.0,0.0,0.0,0.0,0.0,0.0,0.0,0.0,0.0,0.0,0.0,0.0,0.0,0.0,0.0,0.0,0.0,0.0,0.0
0.034558077638820316,0.0,0.0,0.0,0.0,0.0,0.24982059801097514,0.4857153652547715,0.3931571340637134,0.14237849676982095,0.1610953121415474,0.2546601193822695,0.4913809165736772,0.6859132483228159,0.0,0.0,0.0,0.03535368194803132,0.0,0.0,0.0,0.0,0.0,0.0,0.0,0.0,0.0,0.0,0.0,0.0,0.0,0.0,0.0,0.0,0.4256382296796621,1.0,0.40653144753087617,0.0,0.0,0.0,0.0,0.0,0.0,0.0,0.0,0.0,0.0,0.0,0.0,0.0,0.0,0.0,0.0,0.0,0.0,0.0,0.0,0.0,0.0,0.0,0.0,0.0,0.0,0.0,0.0,0.0,0.0,0.0,0.0,0.0,0.0,0.0,0.0,0.0,0.0,0.0,0.0,0.0,0.0,0.0,0.0,0.0,0.0,0.0,0.0,0.0,0.0,0.0
0.0,0.0,0.0,0.0,0.0,0.0,0.16284523591033556,0.25577012778776037,0.036581152536846503,0.0,0.24914214866803258,0.4862236762211769,0.6858865552003253,0.49147230204969816,0.03538965104952514,0.0,0.14154227139360948,0.39334861500203927,0.0,0.0,0.0,0.0,0.0,0.0,0.0,0.0,0.0,0.0,0.0,0.0,0.0,0.0,0.0,0.0,0.0,0.40653144753087617,1.0,0.4240535004880957,0.0,0.0,0.0,0.0,0.0,0.0,0.0,0.0,0.0,0.0,0.0,0.0,0.0,0.0,0.0,0.0,0.0,0.0,0.0,0.0,0.0,0.0,0.0,0.0,0.0,0.0,0.0,0.0,0.0,0.0,0.0,0.0,0.0,0.0,0.0,0.0,0.0,0.0,0.0,0.0,0.0,0.0,0.0,0.0,0.0,0.0,0.0,0.0,0.0,0.0
0.0,0.0,0.0,0.0,0.0,0.0,0.0353937288418622,0.0,0.0,0.0,0.24914304586680291,0.48622278093642834,0.393348262998514,0.14154389637024226,0.16284687477665943,0.25576562042412243,0.49147229841040824,0.6858861546503442,0.0,0.0,0.0,0.03657150308219406,0.0,0.0,0.0,0.0,0.0,0.0,0.0,0.0,0.0,0.0,0.0,0.0,0.0,0.0,0.4240535004880957,1.0,0.40652787301985693,0.0,0.0,0.0,0.0,0.0,0.0,0.0,0.0,0.0,0.0,0.0,0.0,0.0,0.0,0.0,0.0,0.0,0.0,0.0,0.0,0.0,0.0,0.0,0.0,0.0,0.0,0.0,0.0,0.0,0.0,0.0,0.0,0.0,0.0,0.0,0.0,0.0,0.0,0.0,0.0,0.0,0.0,0.0,0.0,0.0,0.0,0.0,0.0,0.0
0.0,0.0,0.0,0.0,0.0,0.0,0.0,0.0,0.0,0.0,0.1611018584269286,0.2546597666989687,0.03535253189284394,0.0,0.24982338931657203,0.4857163107549006,0.6859139534852479,0.49137844836659866,0.03456577752071898,0.0,0.1423781171194971,0.39315504706786203,0.0,0.0,0.0,0.0,0.0,0.0,0.0,0.0,0.0,0.0,0.0,0.0,0.0,0.0,0.0,0.40652787301985693,1.0,0.42562405379317564,0.0,0.0,0.0,0.0,0.0,0.0,0.0,0.0,0.0,0.0,0.0,0.0,0.0,0.0,0.0,0.0,0.0,0.0,0.0,0.0,0.0,0.0,0.0,0.0,0.0,0.0,0.0,0.0,0.0,0.0,0.0,0.0,0.0,0.0,0.0,0.0,0.0,0.0,0.0,0.0,0.0,0.0,0.0,0.0,0.0,0.0,0.0,0.0
0.0,0.0,0.0,0.0,0.0,0.0,0.0,0.0,0.0,0.0,0.031320257740032394,0.0,0.0,0.0,0.24992229117364825,0.4859526335471488,0.39420005604041986,0.142523383953833,0.1632390942752038,0.25591125074160825,0.4926201898077916,0.6858567307502279,0.0,0.0,0.0,0.03785884714722734,0.0,0.0,0.0,0.0,0.0,0.0,0.0,0.0,0.0,0.0,0.0,0.0,0.42562405379317564,1.0,0.40867356415805917,0.0,0.0,0.0,0.0,0.0,0.0,0.0,0.0,0.0,0.0,0.0,0.0,0.0,0.0,0.0,0.0,0.0,0.0,0.0,0.0,0.0,0.0,0.0,0.0,0.0,0.0,0.0,0.0,0.0,0.0,0.0,0.0,0.0,0.0,0.0,0.0,0.0,0.0,0.0,0.0,0.0,0.0,0.0,0.0,0.0,0.0,0.0
0.0,0.0,0.0,0.0,0.0,0.0,0.0,0.0,0.0,0.0,0.0,0.0,0.0,0.0,0.1564314914570932,0.2524127188496753,0.035641547755027016,0.0,0.24826495847088142,0.48482976650095505,0.6859448993836853,0.49192369105457495,0.03585686167527808,0.0,0.13650096008057055,0.390059594951442,0.0,0.0,0.0,0.0,0.0,0.0,0.0,0.0,0.0,0.0,0.0,0.0,0.0,0.40867356415805917,1.0,0.41916497379989015,0.0,0.0,0.0,0.0,0.0,0.0,0.0,0.0,0.0,0.0,0.0,0.0,0.0,0.0,0.0,0.0,0.0,0.0,0.0,0.0,0.0,0.0,0.0,0.0,0.0,0.0,0.0,0.0,0.0,0.0,0.0,0.0,0.0,0.0,0.0,0.0,0.0,0.0,0.0,0.0,0.0,0.0,0.0,0.0,0.0,0.0
0.0,0.0,0.0,0.0,0.0,0.0,0.0,0.0,0.0,0.0,0.0,0.0,0.0,0.0,0.025490284519652805,0.0,0.0,0.0,0.2501419421894538,0.4874677804121303,0.39212966495298607,0.14190483940113857,0.16941108708001748,0.2581134193492499,0.4914723181971946,0.6859260921696854,0.0,0.035506640047744724,0.0,0.0,0.0,0.0,0.0,0.0,0.0,0.0,0.0,0.0,0.0,0.0,0.41916497379989015,1.0,0.40668989143031054,0.0,0.0,0.0,0.0,0.0,0.0,0.0,0.0,0.0,0.0,0.0,0.0,0.0,0.0,0.0,0.0,0.0,0.0,0.0,0.0,0.0,0.0,0.0,0.0,0.0,0.0,0.0,0.0,0.0,0.0,0.0,0.0,0.0,0.0,0.0,0.0,0.0,0.0,0.0,0.0,0.0,0.0,0.0,0.0,0.0
0.0,0.0,0.0,0.0,0.0,0.0,0.0,0.0,0.0,0.0,0.0,0.0,0.0,0.0,0.0,0.0,0.0,0.0,0.15869294728095698,0.2529444936688438,0.03312198895957916,0.0,0.25471533715186084,0.4850319019431276,0.6862555420256895,0.4894699963748556,0.0,0.3893291588828785,0.0,0.22327010302313802,0.0,0.0,0.0,0.0,0.0,0.0,0.0,0.0,0.0,0.0,0.0,0.40668989143031054,1.0,0.0,0.0,0.0,0.0,0.0,0.0,0.0,0.0,0.0,0.0,0.0,0.0,0.0,0.0,0.0,0.0,0.0,0.0,0.0,0.0,0.0,0.0,0.0,0.0,0.0,0.0,0.0,0.0,0.0,0.0,0.0,0.0,0.0,0.0,0.0,0.0,0.0,0.0,0.0,0.0,0.0,0.0,0.0,0.0,0.0
0.39806627128540323,0.29010417925609266,0.1196858451639597,0.0426092131838099,0.10786929511409796,0.27195003140136964,0.4245815560210717,0.2706011362045296,0.16872772062885752,0.17509852179511215,0.37536301601651345,0.15083263082019477,0.037463457125617654,0.09334700975510758,0.3758972128845489,0.12426115781502853,0.0,0.0,0.48599506034716705,0.2543279289650552,0.03154986681017098,0.0,0.6868638963778616,0.4926986533760487,0.25614646577562566,0.17052865108082496,0.0,0.3997664301290466,0.0,0.23314180653422015,0.16687477916595553,0.0,0.0,0.0,0.0,0.0,0.0,0.0,0.0,0.0,0.0,0.0,0.0,1.0,0.0,0.0,0.0,0.0,0.0,0.0,0.0,0.0,0.0,0.0,0.0,0.0,0.0,0.0,0.0,0.0,0.0,0.0,0.0,0.0,0.0,0.0,0.0,0.0,0.0,0.0,0.0,0.0,0.0,0.0,0.0,0.0,0.0,0.0,0.0,0.0,0.0,0.0,0.0,0.0,0.0,0.0,0.0,0.0
0.0,0.0,0.0,0.0,0.0,0.0,0.0,0.0,0.0,0.0,0.0,0.0,0.0,0.0,0.0,0.0,0.0,0.0,0.0,0.0,0.0,0.0,0.0,0.0,0.0,0.0,0.0,0.0,0.0,0.0,0.0,0.0,0.0,0.0,0.0,0.0,0.0,0.0,0.0,0.0,0.0,0.0,0.0,0.0,1.0,0.7383168096688553,0.5469799734885455,0.47240035561357024,0.5435446288533476,0.7350217856576448,0.7298237783547751,0.5455505670120839,0.47718605273789483,0.5420707284358037,0.5221654088190341,0.2988603147518049,0.2148676426834656,0.3048915848465459,0.4078024135234923,0.17143632532894842,0.03830814275445466,0.08381849400861371,0.3838654696627788,0.16164446164502141,0.0,0.0,0.4314515918819278,0.24900202450154513,0.06563673107108657,0.031975745994856065,0.3056127282400188,0.1576512263939332,0.07161700241807441,0.006675762390474145,0.4860195033316352,0.1587052841104669,0.250147771175848,0.24826687099053946,0.16324615199692624,0.034558077638820316,0.0,0.0,0.0,0.0,0.0,0.0,0.0,0.3980662612434891
0.0,0.0,0.0,0.0,0.0,0.0,0.0,0.0,0.0,0.0,0.0,0.0,0.0,0.0,0.0,0.0,0.0,0.0,0.0,0.0,0.0,0.0,0.0,0.0,0.0,0.0,0.0,0.0,0.0,0.0,0.0,0.0,0.0,0.0,0.0,0.0,0.0,0.0,0.0,0.0,0.0,0.0,0.0,0.0,0.7383168096688553,1.0,0.7425844362835653,0.5485878002271404,0.4834498413293556,0.550072707672862,0.5328179868283255,0.3053629515506219,0.21894215765858624,0.30804477037646383,0.43177588762092145,0.19358798853115972,0.05028344249554434,0.0893722911812887,0.4207786408627268,0.22150198246532563,0.051080480811745696,0.03281786141117815,0.43158539689880426,0.27462558597395514,0.13026133893094288,0.10350216074757912,0.41272710388606554,0.26243086285613426,0.14582801865066053,0.15248273372003734,0.5479707130902439,0.12098221691923541,0.32375366279776013,0.0,0.686869534915293,0.25472539276801903,0.16941928384809815,0.03585019597412292,0.0,0.0,0.0,0.0,0.0,0.0,0.0,0.0,0.0,0.2901042462152975
0.0,0.0,0.0,0.0,0.0,0.0,0.0,0.0,0.0,0.0,0.0,0.0,0.0,0.0,0.0,0.0,0.0,0.0,0.0,0.0,0.0,0.0,0.0,0.0,0.0,0.0,0.0,0.0,0.0,0.0,0.0,0.0,0.0,0.0,0.0,0.0,0.0,0.0,0.0,0.0,0.0,0.0,0.0,0.0,0.5469799734885455,0.7425844362835653,1.0,0.737507370040819,0.5545992169999577,0.4813114870556459,0.29710644682145093,0.09638803051440616,0.0667658982881765,0.21788570449529637,0.17510389719739267,0.0,0.0,0.0,0.1861871775578479,0.00024903852955623814,0.0,0.0,0.24914982606376918,0.1458960320984829,0.0,0.0,0.2624358979801088,0.18639947646278285,0.10357304149493819,0.08577124096676472,0.7344825951840726,0.07702692680369128,0.4912081162906559,0.0,0.4926926263917212,0.48503273327810137,0.2581120638092373,0.0,0.0,0.0,0.0,0.0,0.0,0.0,0.0,0.0,0.0,0.11968584516395937
0.0,0.0,0.0,0.0,0.0,0.0,0.0,0.0,0.0,0.0,0.0,0.0,0.0,0.0,0.0,0.0,0.0,0.0,0.0,0.0,0.0,0.0,0.0,0.0,0.0,0.0,0.0,0.0,0.0,0.0,0.0,0.0,0.0,0.0,0.0,0.0,0.0,0.0,0.0,0.0,0.0,0.0,0.0,0.0,0.47240035561357024,0.5485878002271404,0.737507370040819,1.0,0.7454799772483198,0.5489889648559496,0.20230652732126977,0.057752383804484456,0.10367455460237555,0.30905510699371425,0.019950212556348344,0.0,0.0,0.0,0.0,0.0,0.0,0.0,0.06570214725389252,0.0,0.0,0.0,0.14573488635334989,0.10343729237088622,0.0,0.0,0.5430364350328618,0.06812885414287591,0.319877591981838,0.0,0.25615370792685804,0.6862553564241058,0.49147287892066155,0.13646652399390607,0.0,0.0,0.0,0.0,0.0,0.0,0.0,0.0,0.0,0.042609227600293544
0.0,0.0,0.0,0.0,0.0,0.0,0.0,0.0,0.0,0.0,0.0,0.0,0.0,0.0,0.0,0.0,0.0,0.0,0.0,0.0,0.0,0.0,0.0,0.0,0.0,0.0,0.0,0.0,0.0,0.0,0.0,0.0,0.0,0.0,0.0,0.0,0.0,0.0,0.0,0.0,0.0,0.0,0.0,0.0,0.5435446288533476,0.4834498413293556,0.5545992169999577,0.7454799772483198,1.0,0.7375436838486776,0.297309836870558,0.21493731975472893,0.31419493222120054,0.5428808431982715,0.06691489882462548,0.0,0.0,0.0,0.0,0.0,0.0,0.0,0.031945392042053114,0.0,0.0,0.0,0.1522743964746044,0.08548907049633764,0.0,0.0,0.3120653739004496,0.09408582553886004,0.07804990975292307,0.01717820812753512,0.17054373649080007,0.48946985430240614,0.6859251914050655,0.39003127212020783,0.03784067393397012,0.0,0.0,0.0,0.0,0.0,0.0,0.0,0.0,0.10786925406010746
0.0,0.0,0.0,0.0,0.0,0.0,0.0,0.0,0.0,0.0,0.0,0.0,0.0,0.0,0.0,0.0,0.0,0.0,0.0,0.0,0.0,0.0,0.0,0.0,0.0,0.0,0.0,0.0,0.0,0.0,0.0,0.0,0.0,0.0,0.0,0.0,0.0,0.0,0.0,0.0,0.0,0.0,0.0,0.0,0.7350217856576448,0.550072707672862,0.4813114870556459,0.5489889648559496,0.7375436838486776,1.0,0.5375621467140164,0.4765992280102054,0.5524515611046311,0.7354867184546515,0.2858614379178622,0.08634910201812132,0.060587272649323703,0.21506261483375716,0.15348199445035235,0.0,0.0,0.0,0.1615751113032164,0.0,0.0,0.0,0.27438533567722956,0.14560050929398974,0.0,0.0,0.215962397113099,0.13201692101175697,0.0,0.035748148414191605,0.25434405233918933,0.25294091143698694,0.4874629488135518,0.48482659344952383,0.2559115951251044,0.0,0.0,0.0,0.0,0.0,0.0,0.0,0.0,0.27194996359462875
0.0,0.0,0.0,0.0,0.0,0.0,0.0,0.0,0.0,0.0,0.0,0.0,0.0,0.0,0.0,0.0,0.0,0.0,0.0,0.0,0.0,0.0,0.0,0.0,0.0,0.0,0.0,0.0,0.0,0.0,0.0,0.0,0.0,0.0,0.0,0.0,0.0,0.0,0.0,0.0,0.0,0.0,0.0,0.0,0.7298237783547751,0.5328179868283255,0.29710644682145093,0.20230652732126977,0.297309836870558,0.5375621467140164,1.0,0.7368538273848493,0.5418868098422971,0.4701911705527285,0.7308253041881578,0.5451781370531186,0.47641386301883953,0.543054836837257,0.5198514907855514,0.2935239717305263,0.2118406937749213,0.30480511280845607,0.4077884068082305,0.15350253389187934,0.017364469742004677,0.07142791881254444,0.4206728457699465,0.18607200232170693,0.0,0.0,0.0808607579393181,0.08009718506486635,0.0,0.0,0.3759566481487457,0.0,0.025473656787025643,0.1564180643445699,0.24992198124444917,0.24982059801097523,0.16284523591033556,0.0353937288418622,0.0,0.0,0.0,0.0,0.0,0.42458152328589355
0.0,0.0,0.0,0.0,0.0,0.0,0.0,0.0,0.0,0.0,0.0,0.0,0.0,0.0,0.0,0.0,0.0,0.0,0.0,0.0,0.0,0.0,0.0,0.0,0.0,0.0,0.0,0.0,0.0,0.0,0.0,0.0,0.0,0.0,0.0,0.0,0.0,0.0,0.0,0.0,0.0,0.0,0.0,0.0,0.5455505670120839,0.3053629515506219,0.09638803051440616,0.057752383804484456,0.21493731975472893,0.4765992280102054,0.7368538273848493,1.0,0.7348697926862867,0.5487900044037206,0.5433923615463663,0.47900534315098187,0.5523398596896659,0.7361477391926272,0.29350633521147773,0.08718076758611322,0.05938003401455527,0.21597682424329553,0.1713904510115791,0.0,0.0,0.0,0.22136179602681244,8.037654367179617e-05,0.0,0.0,0.0,0.0,0.0,0.0,0.12431050410838143,0.0,0.0,0.25240776107270824,0.48595395297222344,0.48571525096929885,0.25577015453598845,0.0,0.0,0.0,0.0,0.0,0.0,0.2706011362045294
0.0,0.0,0.0,0.0,0.0,0.0,0.0,0.0,0.0,0.0,0.0,0.0,0.0,0.0,0.0,0.0,0.0,0.0,0.0,0.0,0.0,0.0,0.0,0.0,0.0,0.0,0.0,0.0,0.0,0.0,0.0,0.0,0.0,0.0,0.0,0.0,0.0,0.0,0.0,0.0,0.0,0.0,0.0,0.0,0.47718605273789483,0.21894215765858624,0.0667658982881765,0.10367455460237555,0.31419493222120054,0.5524515611046311,0.5418868098422971,0.7348697926862867,1.0,0.7479071065105004,0.2998763012221847,0.21396449556559677,0.31242940134825764,0.5431631531258297,0.07139514480294604,0.0,0.0,0.0,0.0,0.0,0.0,0.0,0.10329283912352606,0.0,0.0,0.0,0.0,0.0,0.0,0.0,0.0,0.0,0.14187333987639428,0.4919248403519162,0.6858568288056626,0.3931571140287356,0.03658121468662318,0.0,0.0,0.0,0.0,0.0,0.0,0.16872772062885769
0.0,0.0,0.0,0.0,0.0,0.0,0.0,0.0,0.0,0.0,0.0,0.0,0.0,0.0,0.0,0.0,0.0,0.0,0.0,0.0,0.0,0.0,0.0,0.0,0.0,0.0,0.0,0.0,0.0,0.0,0.0,0.0,0.0,0.0,0.0,0.0,0.0,0.0,0.0,0.0,0.0,0.0,0.0,0.0,0.5420707284358037,0.30804477037646383,0.21788570449529637,0.30905510699371425,0.5428808431982715,0.7354867184546515,0.4701911705527285,0.5487900044037206,0.7479071065105004,1.0,0.20243828418593823,0.05572124357330187,0.10311301522655518,0.3114690244333869,0.01732109735024393,0.0,0.0,0.0,0.0,0.0,0.0,0.0,0.12999281630449158,0.0,0.0,0.0,0.0,0.020287618831729054,0.0,0.0,0.031577864214539356,0.033104801943069743,0.3921006956359025,0.6859446224763146,0.4926203501073806,0.14237849676982095,0.0,0.0,0.0,0.0,0.0,0.0,0.0,0.17509839810727218
0.0,0.0,0.0,0.0,0.0,0.0,0.0,0.0,0.0,0.0,0.0,0.0,0.0,0.0,0.0,0.0,0.0,0.0,0.0,0.0,0.0,0.0,0.0,0.0,0.0,0.0,0.0,0.0,0.0,0.0,0.0,0.0,0.0,0.0,0.0,0.0,0.0,0.0,0.0,0.0,0.0,0.0,0.0,0.0,0.5221654088190341,0.43177588762092145,0.17510389719739267,0.019950212556348344,0.06691489882462548,0.2858614379178622,0.7308253041881578,0.5433923615463663,0.2998763012221847,0.20243828418593823,1.0,0.735430857293222,0.5421404600409843,0.47464876892575864,0.730828235615422,0.5433999533449607,0.4746543317684078,0.542143303228475,0.5221678150733426,0.28587791668521684,0.20246187268022234,0.29989042300826807,0.4317336455516559,0.1750604443982167,0.019921545106428584,0.06691283258011238,0.012246109446244366,0.012187179191904653,0.0,0.0,0.3754645182202291,0.0,0.0,0.0,0.031306928938473956,0.1610953121415475,0.24914214866803266,0.24914304586680308,0.1611018584269286,0.03132025774003223,0.0,0.0,0.0,0.37536305292155503
0.0,0.0,0.0,0.0,0.0,0.0,0.0,0.0,0.0,0.0,0.0,0.0,0.0,0.0,0.0,0.0,0.0,0.0,0.0,0.0,0.0,0.0,0.0,0.0,0.0,0.0,0.0,0.0,0.0,0.0,0.0,0.0,0.0,0.0,0.0,0.0,0.0,0.0,0.0,0.0,0.0,0.0,0.0,0.0,0.2988603147518049,0.19358798853115972,0.0,0.0,0.0,0.08634910201812132,0.5451781370531186,0.47900534315098187,0.21396449556559677,0.05572124357330187,0.735430857293222,1.0,0.7361612969196768,0.5512984585663371,0.5451759904273091,0.47900108339666203,0.5512982932065117,0.7361613260458152,0.2988589101587182,0.08634824867505318,0.055722237752105185,0.213960919422778,0.19355841497886148,0.0,0.0,0.0,0.0,0.0,0.0,0.0,0.15091023354692926,0.0,0.0,0.0,0.0,0.2546601193822697,0.48622367622117707,0.48622278093642834,0.2546597666989686,0.0,0.0,0.0,0.0,0.15083264259515247
0.0,0.0,0.0,0.0,0.0,0.0,0.0,0.0,0.0,0.0,0.0,0.0,0.0,0.0,0.0,0.0,0.0,0.0,0.0,0.0,0.0,0.0,0.0,0.0,0.0,0.0,0.0,0.0,0.0,0.0,0.0,0.0,0.0,0.0,0.0,0.0,0.0,0.0,0.0,0.0,0.0,0.0,0.0,0.0,0.2148676426834656,0.05028344249554434,0.0,0.0,0.0,0.060587272649323703,0.47641386301883953,0.5523398596896659,0.31242940134825764,0.10311301522655518,0.5421404600409843,0.7361612969196768,1.0,0.7473483785904163,0.3047981927418338,0.21596826840474695,0.31196467730396676,0.5435052141826864,0.08380585720437826,0.0,0.0,0.0,0.0327683185416916,0.0,0.0,0.0,0.0,0.0,0.0,0.0,0.0,0.0,0.0,0.0,0.14253609893401317,0.4913807400668418,0.6858865199754017,0.3933484110462392,0.03535271181027288,0.0,0.0,0.0,0.0,0.037463457125617654
