1.0,0.7383167322232319,0.5469799148707409,0.47240040583182175,0.5435446016081945,0.7350218315500777,0.7298237470380221,0.5455506944087535,0.47718601705498936,0.5420708448240592,0.5221653460866901,0.29886037462207077,0.21486766273093594,0.3048916541780381,0.4078023902218785,0.17143635530825388,0.03830812244416952,0.08381840582000487,0.38386544534499784,0.1616443802105953,0.0,0.0,0.43145160644938474,0.2490019698507414,0.06563668576028867,0.03197568547209724,0.30561274914536973,0.15765121185517172,0.07161697531172219,0.006675709730188795,0.4860193641160134,0.15870523200763537,0.2501477401915136,0.24826696465193943,0.16324616006248016,0.03455803592148472,0.0,0.0,0.0,0.0,0.0,0.0,0.0,0.39806626011720436,0.0,0.0,0.0,0.0,0.0,0.0,0.0,0.0,0.0,0.0,0.0,0.0,0.0,0.0,0.0,0.0,0.0,0.0,0.0,0.0,0.0,0.0,0.0,0.0,0.0,0.0,0.0,0.0,0.0,0.0,0.0,0.0,0.0,0.0,0.0,0.0,0.0,0.0,0.0,0.0,0.0,0.0,0.0,0.0
0.7383167322232319,1.0,0.7425843477657349,0.5485877833685998,0.4834497286891724,0.5500726739294141,0.532817950545717,0.30536301556590745,0.21894204294387182,0.3080448002149505,0.43177584031327926,0.19358806795304542,0.05028343427372095,0.08937231910336076,0.4207786613490842,0.22150209871343965,0.051080515487095364,0.0328178142141253,0.4315854423117398,0.27462558956972805,0.13026134648086768,0.1035022341383534,0.41272709972895594,0.2624308352459031,0.1458280000758688,0.1524827320300978,0.5479707745501374,0.12098218033925046,0.3237536870488144,0.0,0.6868695097213741,0.2547253250212529,0.1694191590000848,0.035850199437353944,0.0,0.0,0.0,0.0,0.0,0.0,0.0,0.0,0.0,0.29010420378715773,0.0,0.0,0.0,0.0,0.0,0.0,0.0,0.0,0.0,0.0,0.0,0.0,0.0,0.0,0.0,0.0,0.0,0.0,0.0,0.0,0.0,0.0,0.0,0.0,0.0,0.0,0.0,0.0,0.0,0.0,0.0,0.0,0.0,0.0,0.0,0.0,0.0,0.0,0.0,0.0,0.0,0.0,0.0,0.0
0.5469799148707409,0.7425843477657349,1.0,0.7375074472759992,0.5545992223423587,0.48131152654944576,0.2971063686825202,0.09638809284765615,0.0667658350817231,0.2178858029585101,0.17510376648958415,0.0,0.0,0.0,0.18618709036407602,0.00024903687123814625,0.0,0.0,0.24914982424470608,0.145895979330523,0.0,0.0,0.26243585915723006,0.18639948029448145,0.1035730370099964,0.0857712148782454,0.7344826361957657,0.07702694873221562,0.4912081218981292,0.0,0.49269249697603135,0.48503280543839256,0.25811205879995475,0.0,0.0,0.0,0.0,0.0,0.0,0.0,0.0,0.0,0.0,0.11968581544027512,0.0,0.0,0.0,0.0,0.0,0.0,0.0,0.0,0.0,0.0,0.0,0.0,0.0,0.0,0.0,0.0,0.0,0.0,0.0,0.0,0.0,0.0,0.0,0.0,0.0,0.0,0.0,0.0,0.0,0.0,0.0,0.0,0.0,0.0,0.0,0.0,0.0,0.0,0.0,0.0,0.0,0.0,0.0,0.0
0.47240040583182175,0.5485877833685998,0.7375074472759992,1.0,0.7454800093466507,0.5489890582734938,0.2023065451837273,0.05775256010092314,0.1036746049750883,0.309055261378025,0.019950197149737704,0.0,0.0,0.0,0.0,0.0,0.0,0.0,0.06570221292023469,0.0,0.0,0.0,0.1457348901845251,0.10343728650904896,0.0,0.0,0.5430364430336153,0.06812885344520699,0.31987757895772445,0.0,0.25615366487271796,0.6862552521980886,0.4914728565723048,0.13646665447826797,0.0,0.0,0.0,0.0,0.0,0.0,0.0,0.0,0.0,0.04260927049782582,0.0,0.0,0.0,0.0,0.0,0.0,0.0,0.0,0.0,0.0,0.0,0.0,0.0,0.0,0.0,0.0,0.0,0.0,0.0,0.0,0.0,0.0,0.0,0.0,0.0,0.0,0.0,0.0,0.0,0.0,0.0,0.0,0.0,0.0,0.0,0.0,0.0,0.0,0.0,0.0,0.0,0.0,0.0,0.0
0.5435446016081945,0.4834497286891724,0.5545992223423587,0.7454800093466507,1.0,0.7375436778792344,0.297309759774897,0.21493741258173904,0.3141949285890258,0.542880927789749,0.06691480797214834,0.0,0.0,0.0,0.0,0.0,0.0,0.0,0.03194539189232827,0.0,0.0,0.0,0.152274375067186,0.08548902624952123,0.0,0.0,0.31206538101469505,0.094085817056477,0.07804989792964179,0.017178190701270246,0.17054359875299988,0.4894697830695744,0.6859251789107388,0.3900313632501701,0.03784063500981404,0.0,0.0,0.0,0.0,0.0,0.0,0.0,0.0,0.10786926250174464,0.0,0.0,0.0,0.0,0.0,0.0,0.0,0.0,0.0,0.0,0.0,0.0,0.0,0.0,0.0,0.0,0.0,0.0,0.0,0.0,0.0,0.0,0.0,0.0,0.0,0.0,0.0,0.0,0.0,0.0,0.0,0.0,0.0,0.0,0.0,0.0,0.0,0.0,0.0,0.0,0.0,0.0,0.0,0.0
0.7350218315500777,0.5500726739294141,0.48131152654944576,0.5489890582734938,0.7375436778792344,1.0,0.5375621041055423,0.4765993286809727,0.5524515153321778,0.7354867791440035,0.2858614012765972,0.08634916534199899,0.06058730236055767,0.2150626609288441,0.15348201006574083,0.0,0.0,0.0,0.1615751461782832,0.0,0.0,0.0,0.2743853793347917,0.1456004856567708,0.0,0.0,0.2159624798587559,0.13201692554787856,0.0,0.03574810921207894,0.25434397671025794,0.2529408748822496,0.48746291109339157,0.48482662959064066,0.25591152805989786,0.0,0.0,0.0,0.0,0.0,0.0,0.0,0.0,0.2719500056193043,0.0,0.0,0.0,0.0,0.0,0.0,0.0,0.0,0.0,0.0,0.0,0.0,0.0,0.0,0.0,0.0,0.0,0.0,0.0,0.0,0.0,0.0,0.0,0.0,0.0,0.0,0.0,0.0,0.0,0.0,0.0,0.0,0.0,0.0,0.0,0.0,0.0,0.0,0.0,0.0,0.0,0.0,0.0,0.0
0.7298237470380221,0.532817950545717,0.2971063686825202,0.2023065451837273,0.297309759774897,0.5375621041055423,1.0,0.7368538958358634,0.5418866872501726,0.47019117790717496,0.7308253164563902,0.545178248949584,0.4764139182426177,0.5430549066831505,0.519851527147438,0.29352403321231474,0.21184074280392093,0.3048050877023527,0.4077883640817452,0.153502459803022,0.01736442533154122,0.07142796858487818,0.42067287805587583,0.18607191921718433,0.0,0.0,0.08086078194480673,0.08009713351561555,0.0,0.0,0.37595656060927257,0.0,0.025473572722360782,0.15641806728918137,0.2499219540383985,0.24982055516578053,0.16284527903754864,0.03539381223609462,0.0,0.0,0.0,0.0,0.0,0.4245814888141102,0.0,0.0,0.0,0.0,0.0,0.0,0.0,0.0,0.0,0.0,0.0,0.0,0.0,0.0,0.0,0.0,0.0,0.0,0.0,0.0,0.0,0.0,0.0,0.0,0.0,0.0,0.0,0.0,0.0,0.0,0.0,0.0,0.0,0.0,0.0,0.0,0.0,0.0,0.0,0.0,0.0,0.0,0.0,0.0
0.5455506944087535,0.30536301556590745,0.09638809284765615,0.05775256010092314,0.21493741258173904,0.4765993286809727,0.7368538958358634,1.0,0.7348697385993239,0.5487901000593804,0.5433923813310723,0.479005333755538,0.5523398191159473,0.7361476810796942,0.2935063857667702,0.08718078602100765,0.059380020951927584,0.21597671420256953,0.1713904664411411,0.0,0.0,0.0,0.22136194020718328,8.040467575134271e-05,0.0,0.0,0.0,0.0,0.0,0.0,0.12431048581135976,0.0,0.0,0.2524078657402039,0.48595395208252856,0.4857150732680941,0.2557700487657205,0.0,0.0,0.0,0.0,0.0,0.0,0.2706012382924011,0.0,0.0,0.0,0.0,0.0,0.0,0.0,0.0,0.0,0.0,0.0,0.0,0.0,0.0,0.0,0.0,0.0,0.0,0.0,0.0,0.0,0.0,0.0,0.0,0.0,0.0,0.0,0.0,0.0,0.0,0.0,0.0,0.0,0.0,0.0,0.0,0.0,0.0,0.0,0.0,0.0,0.0,0.0,0.0
0.47718601705498936,0.21894204294387182,0.0667658350817231,0.1036746049750883,0.3141949285890258,0.5524515153321778,0.5418866872501726,0.7348697385993239,1.0,0.7479070988276981,0.2998761943743293,0.2139644339910123,0.3124293818322672,0.5431631319982618,0.07139506475043146,0.0,0.0,0.0,0.0,0.0,0.0,0.0,0.10329283823328543,0.0,0.0,0.0,0.0,0.0,0.0,0.0,0.0,0.0,0.14187336381850593,0.4919249244029498,0.6858568678444157,0.39315700099113854,0.036581135565738526,0.0,0.0,0.0,0.0,0.0,0.0,0.1687277107758555,0.0,0.0,0.0,0.0,0.0,0.0,0.0,0.0,0.0,0.0,0.0,0.0,0.0,0.0,0.0,0.0,0.0,0.0,0.0,0.0,0.0,0.0,0.0,0.0,0.0,0.0,0.0,0.0,0.0,0.0,0.0,0.0,0.0,0.0,0.0,0.0,0.0,0.0,0.0,0.0,0.0,0.0,0.0,0.0
0.5420708448240592,0.3080448002149505,0.2178858029585101,0.309055261378025,0.542880927789749,0.7354867791440035,0.47019117790717496,0.5487901000593804,0.7479070988276981,1.0,0.20243830385719774,0.05572132167796584,0.10311307562356471,0.3114690694269213,0.01732116501392205,0.0,0.0,0.0,0.0,0.0,0.0,0.0,0.12999292612311672,0.0,0.0,0.0,0.0,0.02028766895210242,0.0,0.0,0.03157784244767729,0.033104818864887926,0.39210074639827713,0.6859446192088395,0.49262022949710316,0.14237839034857316,0.0,0.0,0.0,0.0,0.0,0.0,0.0,0.17509850343053268,0.0,0.0,0.0,0.0,0.0,0.0,0.0,0.0,0.0,0.0,0.0,0.0,0.0,0.0,0.0,0.0,0.0,0.0,0.0,0.0,0.0,0.0,0.0,0.0,0.0,0.0,0.0,0.0,0.0,0.0,0.0,0.0,0.0,0.0,0.0,0.0,0.0,0.0,0.0,0.0,0.0,0.0,0.0,0.0
0.5221653460866901,0.43177584031327926,0.17510376648958415,0.019950197149737704,0.06691480797214834,0.2858614012765972,0.7308253164563902,0.5433923813310723,0.2998761943743293,0.20243830385719774,1.0,0.7354309991008723,0.54214049259248,0.47464883125208424,0.7308282222455856,0.5433999627662608,0.474654370147216,0.5421432828628148,0.5221676751461449,0.28587777675469345,0.2024617774378033,0.2998904297443047,0.4317336298475015,0.17506032711206176,0.019921425200666226,0.06691270638555322,0.012246081506092776,0.012187098916873751,0.0,0.0,0.3754644168163448,0.0,0.0,0.0,0.03130693468495675,0.16109531106737868,0.24914221712139786,0.24914315673648327,0.16110178901915737,0.03132016251645933,0.0,0.0,0.0,0.3753629529920277,0.0,0.0,0.0,0.0,0.0,0.0,0.0,0.0,0.0,0.0,0.0,0.0,0.0,0.0,0.0,0.0,0.0,0.0,0.0,0.0,0.0,0.0,0.0,0.0,0.0,0.0,0.0,0.0,0.0,0.013169542799436215,0.0,0.0,0.0,0.0,0.0,0.0,0.0,0.0,0.0,0.0,0.0,0.0,0.0,0.0
0.29886037462207077,0.19358806795304542,0.0,0.0,0.0,0.08634916534199899,0.545178248949584,0.479005333755538,0.2139644339910123,0.05572132167796584,0.7354309991008723,1.0,0.7361611974502912,0.551298453533869,0.5451760756346067,0.4790010674919244,0.5512983006567903,0.736161223420264,0.29885887464574484,0.08634821003269538,0.05572222139836608,0.21396096333890044,0.19355853197978945,0.0,0.0,0.0,0.0,0.0,0.0,0.0,0.15091025917007336,0.0,0.0,0.0,0.0,0.25466009713533216,0.4862236213046845,0.48622274945421984,0.2546596207080254,0.0,0.0,0.0,0.0,0.15083266978306573,0.0,0.0,0.02014190382908641,0.15620154847148446,0.10097757157317146,0.0,0.0,0.0,0.0,0.0,0.0,0.0,0.0,0.0,0.0,0.0,0.0,0.0,0.0,0.0,0.0,0.0,0.0,0.07295826220830091,0.030096524676776048,0.0,0.0,0.20489851513376725,0.0,0.23041338649699727,0.0,0.11168562403483406,0.005772491683026412,0.0,0.0,0.0,0.0,0.0,0.0,0.0,0.0,0.0,0.0,0.0
0.21486766273093594,0.05028343427372095,0.0,0.0,0.0,0.06058730236055767,0.4764139182426177,0.5523398191159473,0.3124293818322672,0.10311307562356471,0.54214049259248,0.7361611974502912,1.0,0.7473484245806775,0.3047981747188973,0.21596815390997443,0.3119646104518219,0.5435050981929934,0.08380573772682318,0.0,0.0,0.0,0.03276837315061425,0.0,0.0,0.0,0.0,0.0,0.0,0.0,0.0,0.0,0.0,0.0,0.14253621351987678,0.491380830996106,0.6858865036557028,0.3933483130392758,0.03535248858159881,0.0,0.0,0.0,0.0,0.03746345150297127,0.0,0.0,0.018719195023831285,0.1993883278946118,0.21799555535361062,0.054155727383015474,0.0,0.0,0.0,0.0,0.0,0.0,0.0,0.0,0.0,0.0,0.0,0.0,0.0,0.0,0.0,0.0,0.0,0.04359886330915215,0.0,0.0,0.0,0.21277703605339165,0.0,0.2770171635286543,0.0,0.13048388013172882,0.1656652962881375,0.0,0.0,0.0,0.0,0.0,0.0,0.0,0.0,0.0,0.0,0.0
0.3048916541780381,0.08937231910336076,0.0,0.0,0.0,0.2150626609288441,0.5430549066831505,0.7361476810796942,0.5431631319982618,0.3114690694269213,0.47464883125208424,0.551298453533869,0.7473484245806775,1.0,0.21182591035445722,0.05936959825605282,0.10276970319870042,0.3119654548860467,0.03827629940196681,0.0,0.0,0.0,0.05098897649553591,0.0,0.0,0.0,0.0,0.0,0.0,0.0,0.0,0.0,0.0,0.03564782029980344,0.3942102774703235,0.6859131891064326,0.491472247333778,0.1415438526167647,0.0,0.0,0.0,0.0,0.0,0.09334697391914804,0.0,0.0,0.0,0.019942004317762232,0.06706148675160506,0.0,0.0,0.0,0.0,0.0,0.0,0.0,0.0,0.0,0.0,0.0,0.0,0.0,0.0,0.0,0.0,0.0,0.0,0.0,0.0,0.0,0.0,0.0,0.0,0.09352035918644916,0.0,0.0,0.06365359396324548,0.0,0.0,0.0,0.0,0.0,0.0,0.0,0.0,0.0,0.0,0.0
0.4078023902218785,0.4207786613490842,0.18618709036407602,0.0,0.0,0.15348201006574083,0.519851527147438,0.2935063857667702,0.07139506475043146,0.01732116501392205,0.7308282222455856,0.5451760756346067,0.3047981747188973,0.21182591035445722,1.0,0.7368539747677962,0.5430556105924833,0.4764155289342641,0.7298280943346048,0.5375754467716232,0.47020356082751724,0.5418892148592471,0.532802234859185,0.2970971290494186,0.20229925958508388,0.2973133185118879,0.08025619249179455,0.08084780937735553,0.0,0.0,0.4247773983905616,0.0,0.0,0.0,0.0,0.0,0.035389679580548616,0.16284696203869975,0.24982333311332544,0.24992219502523114,0.156431374265455,0.025490209192650885,0.0,0.37589726002253615,0.0,0.0,0.0,0.0,0.0,0.0,0.0,0.0,0.0,0.0,0.0,0.0,0.0,0.0,0.0,0.0,0.0,0.0,0.0,0.0,0.0,0.0,0.0,0.0,0.0,0.0,0.0,0.0,0.0,0.0,0.0,0.0,0.0,0.0,0.0,0.0,0.0,0.0,0.0,0.0,0.0,0.0,0.0,0.0
0.17143635530825388,0.22150209871343965,0.00024903687123814625,0.0,0.0,0.0,0.29352403321231474,0.08718078602100765,0.0,0.0,0.5433999627662608,0.4790010674919244,0.21596815390997443,0.05936959825605282,0.7368539747677962,1.0,0.7361450366247837,0.5523355152371701,0.5455510789623278,0.47660708425987675,0.5487977617266963,0.7348718935576883,0.30535696690469416,0.09639548065339583,0.057760847795629615,0.21494780994045773,0.0,0.0,0.0,0.0,0.2708178025714312,0.0,0.0,0.0,0.0,0.0,0.0,0.25576549726230496,0.4857162167236076,0.48595271668925694,0.2524128261982255,0.0,0.0,0.1242611496860803,0.0,0.0,0.0,0.0,0.0,0.0,0.0,0.0,0.0,0.0,0.0,0.0,0.0,0.0,0.0,0.0,0.0,0.0,0.0,0.0,0.0,0.0,0.0,0.0,0.04036444293279322,0.0,0.0,0.0,0.0,0.0,0.0,0.0,0.0,0.0,0.0,0.0,0.0,0.0,0.0,0.0,0.0,0.0,0.062901377593255,0.0
0.03830812244416952,0.051080515487095364,0.0,0.0,0.0,0.0,0.21184074280392093,0.059380020951927584,0.0,0.0,0.474654370147216,0.5512983006567903,0.3119646104518219,0.10276970319870042,0.5430556105924833,0.7361450366247837,1.0,0.7473477919073034,0.30489644489030865,0.21506707079253032,0.31146864359297866,0.5431589196972753,0.08937196258335695,0.0,0.0,0.0,0.0,0.0,0.0,0.0,0.09348820126297641,0.0,0.0,0.0,0.0,0.0,0.1415422920831866,0.4914723941319024,0.685913842349834,0.3941999493975377,0.0356414186448059,0.0,0.0,0.0,0.0,0.0,0.06162972515075689,0.08182726383277496,0.0,0.0,0.0,0.0,0.0,0.0,0.0,0.0,0.0,0.0,0.0,0.0,0.0,0.0,0.0,0.0,0.0,0.0,0.0,0.18194015766800492,0.26230780713993734,0.10976876004007627,0.0937250049479741,0.20246180143543202,0.03654867744398456,0.12887694568290334,0.0,0.02223184496332314,0.0,0.0,0.0,0.0,0.0,0.0,0.0,0.0,0.0,0.0,0.25087696102635937,0.0
0.08381840582000487,0.0328178142141253,0.0,0.0,0.0,0.0,0.3048050877023527,0.21597671420256953,0.0,0.0,0.5421432828628148,0.736161223420264,0.5435050981929934,0.3119654548860467,0.4764155289342641,0.5523355152371701,0.7473477919073034,1.0,0.21487380258127767,0.06058887030398528,0.10310979488218162,0.3124225187782114,0.050277706070075874,0.0,0.0,0.0,0.0,0.0,0.0,0.0,0.03755747449722003,0.0,0.0,0.0,0.0,0.035353651017336604,0.39334862145524124,0.6858862949864459,0.49137833531922126,0.14252327810581739,0.0,0.0,0.0,0.0,0.0,0.03169711964118444,0.17168829965439747,0.2409143810399237,0.14259043226722073,0.0,0.0,0.0,0.0,0.0,0.0,0.0,0.0,0.0,0.0,0.0,0.0,0.0,0.0,0.0,0.0,0.0,0.09215149248563678,0.2700044206557782,0.26488178636204546,0.07837100451849771,0.13445124566395383,0.34097311797831076,0.022172696123866013,0.29631513073500987,0.0,0.16626975537448455,0.0,0.0,0.0,0.0,0.0,0.0,0.0,0.0,0.0,0.0,0.2144249299930535,0.0
0.38386544534499784,0.4315854423117398,0.24914982424470608,0.06570221292023469,0.03194539189232827,0.1615751461782832,0.4077883640817452,0.1713904664411411,0.0,0.0,0.5221676751461449,0.29885887464574484,0.08380573772682318,0.03827629940196681,0.7298280943346048,0.5455510789623278,0.30489644489030865,0.21487380258127767,1.0,0.7350200420414426,0.5420654971059624,0.47717889669944197,0.7383143897034409,0.5469793234546124,0.47238794031270526,0.5435326343684298,0.1578764741078812,0.30561490090984594,0.00694555932795565,0.07162000913788055,0.3983032592630404,0.0,0.0,0.0,0.0,0.0,0.0,0.0,0.03456569005328536,0.16323910254618992,0.2482650791652893,0.2501421028483332,0.1586930133930249,0.48599499518153405,0.0,0.0,0.0,0.0,0.0,0.0,0.0,0.0,0.0,0.0,0.0,0.0,0.0,0.0,0.0,0.0,0.0,0.0,0.0,0.0,0.0,0.0,0.0,0.0,0.0,0.0,0.0,0.0,0.0,0.0,0.0,0.0,0.0,0.0,0.0,0.0,0.0,0.0,0.0,0.0,0.0,0.0,0.0,0.0
0.1616443802105953,0.27462558956972805,0.145895979330523,0.0,0.0,0.0,0.153502459803022,0.0,0.0,0.0,0.28587777675469345,0.08634821003269538,0.0,0.0,0.5375754467716232,0.47660708425987675,0.21506707079253032,0.06058887030398528,0.7350200420414426,1.0,0.7354857609325266,0.5524517342301264,0.5500757208050583,0.48132717864464614,0.5489963440878122,0.7375440591134989,0.1324468407328035,0.21597785386728818,0.036260596879935575,0.0,0.27228749214316533,0.0,0.0,0.0,0.0,0.0,0.0,0.0,0.0,0.2559111748748322,0.4848297575971132,0.4874678238118346,0.2529445093256766,0.25432797812500013,0.0,0.0,0.0,0.0,0.0,0.0,0.0,0.0,0.0,0.0,0.0,0.0,0.0,0.0,0.0,0.0,0.0,0.0,0.0,0.0,0.0,0.0,0.0,0.0,0.0,0.0,0.0,0.0,0.0,0.0,0.0,0.0,0.0,0.0,0.0,0.0,0.0,0.0,0.0,0.0,0.0,0.0,0.0,0.0
0.0,0.13026134648086768,0.0,0.0,0.0,0.0,0.01736442533154122,0.0,0.0,0.0,0.2024617774378033,0.05572222139836608,0.0,0.0,0.47020356082751724,0.5487977617266963,0.31146864359297866,0.10310979488218162,0.5420654971059624,0.7354857609325266,1.0,0.7479085422932163,0.3080443248233872,0.21790402362677333,0.3090734768041383,0.5428951786220639,0.020771811333917256,0.0,0.0,0.0,0.17545402985664735,0.0,0.0,0.0,0.0,0.0,0.0,0.0,0.14237811977782003,0.492620168333546,0.6859448651917988,0.3921296595009189,0.03312195887055932,0.03154991112658522,0.0,0.0,0.0,0.0,0.0,0.0,0.0,0.0,0.0,0.0,0.0,0.0,0.0,0.0,0.0,0.0,0.0,0.0,0.0,0.0,0.0,0.0,0.0,0.0,0.0,0.0,0.0,0.0,0.0,0.0,0.0,0.0,0.0,0.0,0.0,0.0,0.0,0.0,0.0,0.0,0.0,0.0,0.0,0.0
0.0,0.1035022341383534,0.0,0.0,0.0,0.0,0.07142796858487818,0.0,0.0,0.0,0.2998904297443047,0.21396096333890044,0.0,0.0,0.5418892148592471,0.7348718935576883,0.5431589196972753,0.3124225187782114,0.47717889669944197,0.5524517342301264,0.7479085422932163,1.0,0.21893746376504936,0.06678082944138251,0.10369126115841093,0.31420866265433123,0.0,0.0,0.0,0.0,0.16901522701848978,0.0,0.0,0.0,0.0,0.0,0.0,0.036571579411691355,0.39315507436469316,0.6858566340888769,0.4919235831183017,0.14190482654701964,0.0,0.0,0.0,0.0,0.0,0.0,0.0,0.0,0.0,0.0,0.0,0.0,0.0,0.0,0.0,0.0,0.0,0.0,0.0,0.0,0.0,0.0,0.0,0.0,0.0,0.0,0.0,0.0,0.0,0.0,0.0,0.0,0.0,0.0,0.0,0.0,0.0,0.0,0.0,0.0,0.0,0.0,0.0,0.0,0.0,0.0
0.43145160644938474,0.41272709972895594,0.26243585915723006,0.1457348901845251,0.152274375067186,0.2743853793347917,0.42067287805587583,0.22136194020718328,0.10329283823328543,0.12999292612311672,0.4317336298475015,0.19355853197978945,0.03276837315061425,0.05098897649553591,0.532802234859185,0.30535696690469416,0.08937196258335695,0.050277706070075874,0.7383143897034409,0.5500757208050583,0.3080443248233872,0.21893746376504936,1.0,0.7425807996323871,0.5485741785682662,0.48344053346418664,0.12107766390562304,0.5479738383906072,0.0,0.3237583422009449,0.2902095651031401,0.0,0.0,0.0,0.0,0.0,0.0,0.0,0.0,0.0,0.03585676244575406,0.16941096411683118,0.25471518248548153,0.6868640795435381,0.0,0.0,0.0,0.0,0.0,0.0,0.0,0.0,0.0,0.0,0.0,0.0,0.0,0.0,0.0,0.0,0.0,0.0,0.0,0.0,0.0,0.0,0.0,0.0,0.0,0.0,0.0,0.0,0.0,0.0,0.0,0.0,0.0,0.0,0.0,0.0,0.0,0.0,0.0,0.0,0.0,0.0,0.0,0.0
0.2490019698507414,0.2624308352459031,0.18639948029448145,0.10343728650904896,0.08548902624952123,0.1456004856567708,0.18607191921718433,8.040467575134271e-05,0.0,0.0,0.17506032711206176,0.0,0.0,0.0,0.2970971290494186,0.09639548065339583,0.0,0.0,0.5469793234546124,0.48132717864464614,0.21790402362677333,0.06678082944138251,0.7425807996323871,1.0,0.7375047563257349,0.5546051608839864,0.07715125889382644,0.734482804373901,0.0,0.4912085281865298,0.1197877225781356,0.0,0.0,0.0,0.0,0.0,0.0,0.0,0.0,0.0,0.0,0.25811341579013924,0.48503187386576885,0.49269867834642217,0.0,0.0,0.0,0.0,0.0,0.0,0.0,0.0,0.0,0.0,0.0,0.0,0.0,0.0,0.0,0.0,0.0,0.0,0.0,0.0,0.0,0.0,0.0,0.0,0.0,0.0,0.0,0.0,0.0,0.0,0.0,0.0,0.0,0.0,0.0,0.0,0.0,0.0,0.0,0.0,0.0,0.0,0.0,0.0
0.06563668576028867,0.1458280000758688,0.1035730370099964,0.0,0.0,0.0,0.0,0.0,0.0,0.0,0.019921425200666226,0.0,0.0,0.0,0.20229925958508388,0.057760847795629615,0.0,0.0,0.47238794031270526,0.5489963440878122,0.3090734768041383,0.10369126115841093,0.5485741785682662,0.7375047563257349,1.0,0.745485059118338,0.06842029527201562,0.5430365797313217,0.0,0.31987942685410453,0.04279061904737521,0.0,0.0,0.0,0.0,0.0,0.0,0.0,0.0,0.0,0.13650102574831358,0.49147241170969985,0.6862555745207182,0.2561463982047695,0.0,0.0,0.0,0.0,0.0,0.0,0.0,0.0,0.0,0.0,0.0,0.0,0.0,0.0,0.0,0.0,0.0,0.0,0.0,0.0,0.0,0.0,0.0,0.0,0.0,0.0,0.0,0.0,0.0,0.0,0.0,0.0,0.0,0.0,0.0,0.0,0.0,0.0,0.0,0.0,0.0,0.0,0.0,0.0
0.03197568547209724,0.1524827320300978,0.0857712148782454,0.0,0.0,0.0,0.0,0.0,0.0,0.0,0.06691270638555322,0.0,0.0,0.0,0.2973133185118879,0.21494780994045773,0.0,0.0,0.5435326343684298,0.7375440591134989,0.5428951786220639,0.31420866265433123,0.48344053346418664,0.5546051608839864,0.745485059118338,1.0,0.094541713332304,0.3120717254060798,0.01775437907486593,0.07805716992375517,0.10815940965618166,0.0,0.0,0.0,0.0,0.0,0.0,0.0,0.0,0.037858745221850724,0.3900595494097813,0.6859260722061613,0.4894700468492164,0.17052872860910118,0.0,0.0,0.0,0.0,0.0,0.0,0.0,0.0,0.0,0.0,0.0,0.0,0.0,0.0,0.0,0.0,0.0,0.0,0.0,0.0,0.0,0.0,0.0,0.0,0.0,0.0,0.0,0.0,0.0,0.0,0.0,0.0,0.0,0.0,0.0,0.0,0.0,0.0,0.0,0.0,0.0,0.0,0.0,0.0
0.30561274914536973,0.5479707745501374,0.7344826361957657,0.5430364430336153,0.31206538101469505,0.2159624798587559,0.08086078194480673,0.0,0.0,0.0,0.012246081506092776,0.0,0.0,0.0,0.08025619249179455,0.0,0.0,0.0,0.1578764741078812,0.1324468407328035,0.020771811333917256,0.0,0.12107766390562304,0.07715125889382644,0.06842029527201562,0.094541713332304,1.0,0.0,0.7567238816953032,0.0,0.39973975639696957,0.3893254766094145,0.035507296856036104,0.0,0.0,0.0,0.0,0.0,0.0,0.0,0.0,0.0,0.0,0.0,0.0,0.0,0.0,0.0,0.0,0.0,0.0,0.0,0.0,0.0,0.0,0.0,0.0,0.0,0.0,0.0,0.0,0.0,0.0,0.0,0.0,0.0,0.0,0.0,0.0,0.0,0.0,0.0,0.0,0.0,0.0,0.0,0.0,0.0,0.0,0.0,0.0,0.0,0.0,0.0,0.0,0.0,0.0,0.0
0.15765121185517172,0.12098218033925046,0.07702694873221562,0.06812885344520699,0.094085817056477,0.13201692554787856,0.08009713351561555,0.0,0.0,0.02028766895210242,0.012187098916873751,0.0,0.0,0.0,0.08084780937735553,0.0,0.0,0.0,0.30561490090984594,0.21597785386728818,0.0,0.0,0.5479738383906072,0.734482804373901,0.5430365797313217,0.3120717254060798,0.0,1.0,0.0,0.7567241305967873,0.0,0.0,0.0,0.0,0.0,0.0,0.0,0.0,0.0,0.0,0.0,0.035506577747727565,0.38932905854965133,0.39976645293127183,0.0,0.0,0.0,0.0,0.0,0.0,0.0,0.0,0.0,0.0,0.0,0.0,0.0,0.0,0.0,0.0,0.0,0.0,0.0,0.0,0.0,0.0,0.0,0.0,0.0,0.0,0.0,0.0,0.0,0.0,0.0,0.0,0.0,0.0,0.0,0.0,0.0,0.0,0.0,0.0,0.0,0.0,0.0,0.0
0.07161697531172219,0.3237536870488144,0.4912081218981292,0.31987757895772445,0.07804989792964179,0.0,0.0,0.0,0.0,0.0,0.0,0.0,0.0,0.0,0.0,0.0,0.0,0.0,0.00694555932795565,0.036260596879935575,0.0,0.0,0.0,0.0,0.0,0.01775437907486593,0.7567238816953032,0.0,1.0,0.0,0.23310673582959976,0.22326327401580218,0.0,0.0,0.0,0.0,0.0,0.0,0.0,0.0,0.0,0.0,0.0,0.0,0.0,0.0,0.0,0.0,0.0,0.0,0.0,0.0,0.0,0.0,0.0,0.0,0.0,0.0,0.0,0.0,0.0,0.0,0.0,0.0,0.0,0.0,0.0,0.0,0.0,0.0,0.0,0.0,0.0,0.0,0.0,0.0,0.0,0.0,0.0,0.0,0.0,0.0,0.0,0.0,0.0,0.0,0.0,0.0
0.006675709730188795,0.0,0.0,0.0,0.017178190701270246,0.03574810921207894,0.0,0.0,0.0,0.0,0.0,0.0,0.0,0.0,0.0,0.0,0.0,0.0,0.07162000913788055,0.0,0.0,0.0,0.3237583422009449,0.4912085281865298,0.31987942685410453,0.07805716992375517,0.0,0.7567241305967873,0.0,1.0,0.0,0.0,0.0,0.0,0.0,0.0,0.0,0.0,0.0,0.0,0.0,0.0,0.22327021092590482,0.233141770747025,0.0,0.0,0.0,0.0,0.0,0.0,0.0,0.0,0.0,0.0,0.0,0.0,0.0,0.0,0.0,0.0,0.0,0.0,0.0,0.0,0.0,0.0,0.0,0.0,0.0,0.0,0.0,0.0,0.0,0.0,0.0,0.0,0.0,0.0,0.0,0.0,0.0,0.0,0.0,0.0,0.0,0.0,0.0,0.0
0.4860193641160134,0.6868695097213741,0.49269249697603135,0.25615366487271796,0.17054359875299988,0.25434397671025794,0.37595656060927257,0.12431048581135976,0.0,0.03157784244767729,0.3754644168163448,0.15091025917007336,0.0,0.0,0.4247773983905616,0.2708178025714312,0.09348820126297641,0.03755747449722003,0.3983032592630404,0.27228749214316533,0.17545402985664735,0.16901522701848978,0.2902095651031401,0.1197877225781356,0.04279061904737521,0.10815940965618166,0.39973975639696957,0.0,0.23310673582959976,0.0,1.0,0.0,0.0,0.0,0.0,0.0,0.0,0.0,0.0,0.0,0.0,0.0,0.0,0.16687477914318247,0.0,0.0,0.0,0.0,0.0,0.0,0.0,0.0,0.0,0.0,0.0,0.0,0.0,0.0,0.0,0.0,0.0,0.0,0.0,0.0,0.0,0.0,0.0,0.0,0.0,0.0,0.0,0.0,0.0,0.0,0.0,0.0,0.0,0.0,0.0,0.0,0.0,0.0,0.0,0.0,0.0,0.0,0.0,0.0
0.15870523200763537,0.2547253250212529,0.48503280543839256,0.6862552521980886,0.4894697830695744,0.2529408748822496,0.0,0.0,0.0,0.033104818864887926,0.0,0.0,0.0,0.0,0.0,0.0,0.0,0.0,0.0,0.0,0.0,0.0,0.0,0.0,0.0,0.0,0.3893254766094145,0.0,0.22326327401580218,0.0,0.0,1.0,0.4067032095251474,0.0,0.0,0.0,0.0,0.0,0.0,0.0,0.0,0.0,0.0,0.0,0.0,0.0,0.0,0.0,0.0,0.0,0.0,0.0,0.0,0.0,0.0,0.0,0.0,0.0,0.0,0.0,0.0,0.0,0.0,0.0,0.0,0.0,0.0,0.0,0.0,0.0,0.0,0.0,0.0,0.0,0.0,0.0,0.0,0.0,0.0,0.0,0.0,0.0,0.0,0.0,0.0,0.0,0.0,0.0
0.2501477401915136,0.1694191590000848,0.25811205879995475,0.4914728565723048,0.6859251789107388,0.48746291109339157,0.025473572722360782,0.0,0.14187336381850593,0.39210074639827713,0.0,0.0,0.0,0.0,0.0,0.0,0.0,0.0,0.0,0.0,0.0,0.0,0.0,0.0,0.0,0.0,0.035507296856036104,0.0,0.0,0.0,0.0,0.4067032095251474,1.0,0.4191037685047243,0.0,0.0,0.0,0.0,0.0,0.0,0.0,0.0,0.0,0.0,0.0,0.0,0.0,0.0,0.0,0.0,0.0,0.0,0.0,0.0,0.0,0.0,0.0,0.0,0.0,0.0,0.0,0.0,0.0,0.0,0.0,0.0,0.0,0.0,0.0,0.0,0.0,0.0,0.0,0.0,0.0,0.0,0.0,0.0,0.0,0.0,0.0,0.0,0.0,0.0,0.0,0.0,0.0,0.0
0.24826696465193943,0.035850199437353944,0.0,0.13646665447826797,0.3900313632501701,0.48482662959064066,0.15641806728918137,0.2524078657402039,0.4919249244029498,0.6859446192088395,0.0,0.0,0.0,0.03564782029980344,0.0,0.0,0.0,0.0,0.0,0.0,0.0,0.0,0.0,0.0,0.0,0.0,0.0,0.0,0.0,0.0,0.0,0.0,0.4191037685047243,1.0,0.4086796711445349,0.0,0.0,0.0,0.0,0.0,0.0,0.0,0.0,0.0,0.0,0.0,0.0,0.0,0.0,0.0,0.0,0.0,0.0,0.0,0.0,0.0,0.0,0.0,0.0,0.0,0.0,0.0,0.0,0.0,0.0,0.0,0.0,0.0,0.0,0.0,0.0,0.0,0.0,0.0,0.0,0.0,0.0,0.0,0.0,0.0,0.0,0.0,0.0,0.0,0.0,0.0,0.0,0.0
0.16324616006248016,0.0,0.0,0.0,0.03784063500981404,0.25591152805989786,0.2499219540383985,0.48595395208252856,0.6858568678444157,0.49262022949710316,0.03130693468495675,0.0,0.14253621351987678,0.3942102774703235,0.0,0.0,0.0,0.0,0.0,0.0,0.0,0.0,0.0,0.0,0.0,0.0,0.0,0.0,0.0,0.0,0.0,0.0,0.0,0.4086796711445349,1.0,0.42563821620277636,0.0,0.0,0.0,0.0,0.0,0.0,0.0,0.0,0.0,0.0,0.0,0.0,0.0,0.0,0.0,0.0,0.0,0.0,0.0,0.0,0.0,0.0,0.0,0.0,0.0,0.0,0.0,0.0,0.0,0.0,0.0,0.0,0.0,0.0,0.0,0.0,0.0,0.0,0.0,0.0,0.0,0.0,0.0,0.0,0.0,0.0,0.0,0.0,0.0,0.0,0.0,0.0
0.03455803592148472,0.0,0.0,0.0,0.0,0.0,0.24982055516578053,0.4857150732680941,0.39315700099113854,0.14237839034857316,0.16109531106737868,0.25466009713533216,0.491380830996106,0.6859131891064326,0.0,0.0,0.0,0.035353651017336604,0.0,0.0,0.0,0.0,0.0,0.0,0.0,0.0,0.0,0.0,0.0,0.0,0.0,0.0,0.0,0.0,0.42563821620277636,1.0,0.40653149041879194,0.0,0.0,0.0,0.0,0.0,0.0,0.0,0.0,0.0,0.0,0.0,0.0,0.0,0.0,0.0,0.0,0.0,0.0,0.0,0.0,0.0,0.0,0.0,0.0,0.0,0.0,0.0,0.0,0.0,0.0,0.0,0.0,0.0,0.0,0.0,0.0,0.0,0.0,0.0,0.0,0.0,0.0,0.0,0.0,0.0,0.0,0.0,0.0,0.0,0.0,0.0
0.0,0.0,0.0,0.0,0.0,0.0,0.16284527903754864,0.2557700487657205,0.036581135565738526,0.0,0.24914221712139786,0.4862236213046845,0.6858865036557028,0.491472247333778,0.035389679580548616,0.0,0.1415422920831866,0.39334862145524124,0.0,0.0,0.0,0.0,0.0,0.0,0.0,0.0,0.0,0.0,0.0,0.0,0.0,0.0,0.0,0.0,0.0,0.40653149041879194,1.0,0.4240534493191697,0.0,0.0,0.0,0.0,0.0,0.0,0.0,0.0,0.026662561099376852,0.25047428085413254,0.3252626314842358,0.15516317896967902,0.0,0.0,0.0,0.03134197868527582,0.0,0.0,0.0,0.0,0.0,0.0,0.0,0.0,0.0,0.0,0.0,0.0,0.0,0.07802383507669787,0.0,0.0,0.0,0.2942574687866674,0.0,0.36103002068871365,0.0,0.09853141469028398,0.23612684553154326,0.0,0.0,0.0,0.0,0.0,0.0,0.0,0.0,0.0,0.0,0.0
0.0,0.0,0.0,0.0,0.0,0.0,0.03539381223609462,0.0,0.0,0.0,0.24914315673648327,0.48622274945421984,0.3933483130392758,0.1415438526167647,0.16284696203869975,0.25576549726230496,0.4914723941319024,0.6858862949864459,0.0,0.0,0.0,0.036571579411691355,0.0,0.0,0.0,0.0,0.0,0.0,0.0,0.0,0.0,0.0,0.0,0.0,0.0,0.0,0.4240534493191697,1.0,0.40652779144132983,0.0,0.0,0.0,0.0,0.0,0.04422148018963639,0.12938224332984608,0.2718466659549753,0.33513134863002275,0.2281398008509081,0.08042032242475412,0.0,0.0,0.0,0.0,0.0,0.0,0.0,0.0,0.0,0.0,0.0,0.0,0.0015700991897196162,0.0,0.0,0.0,0.21484198806034585,0.4109697630331834,0.3465181290498154,0.10883361243691443,0.17303201683182498,0.47320896996485046,0.0,0.36623775746496984,0.0,0.17453493252680372,0.0,0.0,0.0,0.0,0.0,0.0,0.0,0.0,0.0,0.0,0.21418564283510397,0.0
0.0,0.0,0.0,0.0,0.0,0.0,0.0,0.0,0.0,0.0,0.16110178901915737,0.2546596207080254,0.03535248858159881,0.0,0.24982333311332544,0.4857162167236076,0.685913842349834,0.49137833531922126,0.03456569005328536,0.0,0.14237811977782003,0.39315507436469316,0.0,0.0,0.0,0.0,0.0,0.0,0.0,0.0,0.0,0.0,0.0,0.0,0.0,0.0,0.0,0.40652779144132983,1.0,0.42562408584347267,0.0,0.0,0.0,0.0,0.0,0.0,0.0,0.0,0.0,0.0,0.0,0.0,0.0,0.0,0.0,0.0,0.0,0.0,0.0,0.0,0.0,0.0,0.0,0.0,0.0,0.0,0.0,0.16504507816893974,0.334098323524727,0.1921211824537976,0.07250437468222941,0.109060601247909,0.029135267826774017,0.0,0.0,0.0,0.0,0.0,0.0,0.0,0.0,0.0,0.0,0.0,0.0,0.03225061409163328,0.305123493299298,0.0
0.0,0.0,0.0,0.0,0.0,0.0,0.0,0.0,0.0,0.0,0.03132016251645933,0.0,0.0,0.0,0.24992219502523114,0.48595271668925694,0.3941999493975377,0.14252327810581739,0.16323910254618992,0.2559111748748322,0.492620168333546,0.6858566340888769,0.0,0.0,0.0,0.037858745221850724,0.0,0.0,0.0,0.0,0.0,0.0,0.0,0.0,0.0,0.0,0.0,0.0,0.42562408584347267,1.0,0.40867347056906106,0.0,0.0,0.0,0.0,0.0,0.0,0.0,0.0,0.0,0.0,0.0,0.0,0.0,0.0,0.0,0.0,0.0,0.0,0.0,0.0,0.0,0.0,0.0,0.0,0.0,0.0,0.0,0.0,0.0,0.0,0.0,0.0,0.0,0.0,0.0,0.0,0.0,0.0,0.0,0.0,0.0,0.0,0.0,0.0,0.0,0.0,0.0
0.0,0.0,0.0,0.0,0.0,0.0,0.0,0.0,0.0,0.0,0.0,0.0,0.0,0.0,0.156431374265455,0.2524128261982255,0.0356414186448059,0.0,0.2482650791652893,0.4848297575971132,0.6859448651917988,0.4919235831183017,0.03585676244575406,0.0,0.13650102574831358,0.3900595494097813,0.0,0.0,0.0,0.0,0.0,0.0,0.0,0.0,0.0,0.0,0.0,0.0,0.0,0.40867347056906106,1.0,0.419165033570362,0.0,0.0,0.0,0.0,0.0,0.0,0.0,0.0,0.0,0.0,0.0,0.0,0.0,0.0,0.0,0.0,0.0,0.0,0.0,0.0,0.0,0.0,0.0,0.0,0.0,0.0,0.0,0.0,0.0,0.0,0.0,0.0,0.0,0.0,0.0,0.0,0.0,0.0,0.0,0.0,0.0,0.0,0.0,0.0,0.0,0.0
0.0,0.0,0.0,0.0,0.0,0.0,0.0,0.0,0.0,0.0,0.0,0.0,0.0,0.0,0.025490209192650885,0.0,0.0,0.0,0.2501421028483332,0.4874678238118346,0.3921296595009189,0.14190482654701964,0.16941096411683118,0.25811341579013924,0.49147241170969985,0.6859260722061613,0.0,0.035506577747727565,0.0,0.0,0.0,0.0,0.0,0.0,0.0,0.0,0.0,0.0,0.0,0.0,0.419165033570362,1.0,0.40668989104561165,0.0,0.0,0.0,0.0,0.0,0.0,0.0,0.0,0.0,0.0,0.0,0.0,0.0,0.0,0.0,0.0,0.0,0.0,0.0,0.0,0.0,0.0,0.0,0.0,0.0,0.0,0.0,0.0,0.0,0.0,0.0,0.0,0.0,0.0,0.0,0.0,0.0,0.0,0.0,0.0,0.0,0.0,0.0,0.0,0.0
0.0,0.0,0.0,0.0,0.0,0.0,0.0,0.0,0.0,0.0,0.0,0.0,0.0,0.0,0.0,0.0,0.0,0.0,0.1586930133930249,0.2529445093256766,0.03312195887055932,0.0,0.25471518248548153,0.48503187386576885,0.6862555745207182,0.4894700468492164,0.0,0.38932905854965133,0.0,0.22327021092590482,0.0,0.0,0.0,0.0,0.0,0.0,0.0,0.0,0.0,0.0,0.0,0.40668989104561165,1.0,0.0,0.0,0.0,0.0,0.0,0.0,0.0,0.0,0.0,0.0,0.0,0.0,0.0,0.0,0.0,0.0,0.0,0.0,0.0,0.0,0.0,0.0,0.0,0.0,0.0,0.0,0.0,0.0,0.0,0.0,0.0,0.0,0.0,0.0,0.0,0.0,0.0,0.0,0.0,0.0,0.0,0.0,0.0,0.0,0.0
0.39806626011720436,0.29010420378715773,0.11968581544027512,0.04260927049782582,0.10786926250174464,0.2719500056193043,0.4245814888141102,0.2706012382924011,0.1687277107758555,0.17509850343053268,0.3753629529920277,0.15083266978306573,0.03746345150297127,0.09334697391914804,0.37589726002253615,0.1242611496860803,0.0,0.0,0.48599499518153405,0.25432797812500013,0.03154991112658522,0.0,0.6868640795435381,0.49269867834642217,0.2561463982047695,0.17052872860910118,0.0,0.39976645293127183,0.0,0.233141770747025,0.16687477914318247,0.0,0.0,0.0,0.0,0.0,0.0,0.0,0.0,0.0,0.0,0.0,0.0,1.0,0.0,0.0,0.0,0.0,0.0,0.0,0.0,0.0,0.0,0.0,0.0,0.0,0.0,0.0,0.0,0.0,0.0,0.0,0.0,0.0,0.0,0.0,0.0,0.0,0.0,0.0,0.0,0.0,0.0,0.0,0.0,0.0,0.0,0.0,0.0,0.0,0.0,0.0,0.0,0.0,0.0,0.0,0.0,0.0
0.0,0.0,0.0,0.0,0.0,0.0,0.0,0.0,0.0,0.0,0.0,0.0,0.0,0.0,0.0,0.0,0.0,0.0,0.0,0.0,0.0,0.0,0.0,0.0,0.0,0.0,0.0,0.0,0.0,0.0,0.0,0.0,0.0,0.0,0.0,0.0,0.0,0.04422148018963639,0.0,0.0,0.0,0.0,0.0,0.0,1.0,0.7383167322232319,0.5469800777647746,0.4724004058318216,0.5435446016081944,0.7350218315500775,0.7298237470380222,0.545550519846564,0.4771858813524295,0.5420708448240592,0.5221653460866903,0.29886037462207077,0.21486749175065317,0.30489165417803826,0.4078023902218786,0.1714363215242498,0.03830812244416952,0.08381840582000503,0.3838654875561251,0.1616443802105953,0.0,0.0,0.43145160644938474,0.2490019698507414,0.0656368045107707,0.03197568547209724,0.3056127491453696,0.15765121185517156,0.07161697531172219,0.006675802940463355,0.48601936411601343,0.15870523200763528,0.2501477401915136,0.2482669646519395,0.16324616006248024,0.03455803592148472,0.0,0.0,0.0,0.0,0.0,0.0,0.0,0.39806627862003285
0.0,0.0,0.0,0.0,0.0,0.0,0.0,0.0,0.0,0.0,0.0,0.0,0.0,0.0,0.0,0.0,0.0,0.03169711964118444,0.0,0.0,0.0,0.0,0.0,0.0,0.0,0.0,0.0,0.0,0.0,0.0,0.0,0.0,0.0,0.0,0.0,0.0,0.0,0.12938224332984608,0.0,0.0,0.0,0.0,0.0,0.0,0.7383167322232319,1.0,0.7425845034496441,0.5485877833685998,0.4834497286891724,0.5500726739294141,0.5328179505457171,0.3053628528212464,0.21894190893846538,0.3080448002149505,0.43177584031327937,0.19358806795304526,0.050283257419965935,0.08937231910336076,0.4207786613490842,0.22150201944413428,0.051080515487095364,0.032817814214125135,0.43158542874583183,0.27462558956972805,0.13026134648086768,0.10350223413835323,0.41272709972895594,0.2624308352459031,0.1458280904994584,0.1524827320300978,0.5479707745501373,0.12098218033925046,0.3237536870488143,0.0,0.6868695097213741,0.2547253250212529,0.1694191590000849,0.035850199437354104,0.0,0.0,0.0,0.0,0.0,0.0,0.0,0.0,0.0,0.2901041624567964
0.0,0.0,0.0,0.0,0.0,0.0,0.0,0.0,0.0,0.0,0.0,0.02014190382908641,0.018719195023831285,0.0,0.0,0.0,0.06162972515075689,0.17168829965439747,0.0,0.0,0.0,0.0,0.0,0.0,0.0,0.0,0.0,0.0,0.0,0.0,0.0,0.0,0.0,0.0,0.0,0.0,0.026662561099376852,0.2718466659549753,0.0,0.0,0.0,0.0,0.0,0.0,0.5469800777647746,0.7425845034496441,1.0,0.7375074159210714,0.554599278381156,0.48131165509129104,0.2971065342794785,0.09638809284765615,0.0667658350817231,0.21788593413823132,0.1751039181580698,0.0,0.0,0.0,0.1861872021252648,0.00024903687123814625,0.0,0.0,0.24914982424470591,0.14589599568870365,0.0,0.0,0.26243591177298564,0.18639947719307917,0.1035730370099964,0.08577118377016764,0.7344825116598954,0.0770269379380328,0.4912079970571955,0.0,0.49269261255831354,0.4850327060507209,0.25811209046761335,0.0,0.0,0.0,0.0,0.0,0.0,0.0,0.0,0.0,0.0,0.11968581544027512
0.0,0.0,0.0,0.0,0.0,0.0,0.0,0.0,0.0,0.0,0.0,0.15620154847148446,0.1993883278946118,0.019942004317762232,0.0,0.0,0.08182726383277496,0.2409143810399237,0.0,0.0,0.0,0.0,0.0,0.0,0.0,0.0,0.0,0.0,0.0,0.0,0.0,0.0,0.0,0.0,0.0,0.0,0.25047428085413254,0.33513134863002275,0.0,0.0,0.0,0.0,0.0,0.0,0.4724004058318216,0.5485877833685998,0.7375074159210714,1.0,0.7454800093466507,0.5489890582734938,0.2023065451837273,0.05775238885677769,0.1036744343095212,0.309055261378025,0.01995019714973787,0.0,0.0,0.0,0.0,0.0,0.0,0.0,0.06570215296402235,0.0,0.0,0.0,0.1457348901845251,0.10343728650904896,0.0,0.0,0.5430364430336152,0.06812885344520699,0.3198775789577244,0.0,0.2561536648727179,0.6862552521980886,0.4914728565723048,0.13646665447826797,0.0,0.0,0.0,0.0,0.0,0.0,0.0,0.0,0.0,0.04260918407557819
0.0,0.0,0.0,0.0,0.0,0.0,0.0,0.0,0.0,0.0,0.0,0.10097757157317146,0.21799555535361062,0.06706148675160506,0.0,0.0,0.0,0.14259043226722073,0.0,0.0,0.0,0.0,0.0,0.0,0.0,0.0,0.0,0.0,0.0,0.0,0.0,0.0,0.0,0.0,0.0,0.0,0.3252626314842358,0.2281398008509081,0.0,0.0,0.0,0.0,0.0,0.0,0.5435446016081944,0.4834497286891724,0.554599278381156,0.7454800093466507,1.0,0.7375436778792342,0.29730975977489704,0.2149372493282567,0.31419475393046986,0.542880927789749,0.06691480797214834,0.0,0.0,0.0,0.0,0.0,0.0,0.0,0.03194536831225326,0.0,0.0,0.0,0.15227437506718583,0.08548902624952123,0.0,0.0,0.312065381014695,0.094085817056477,0.07804989792964179,0.017178233803281425,0.17054359875299996,0.4894697830695744,0.6859251789107389,0.39003136325017024,0.03784063500981404,0.0,0.0,0.0,0.0,0.0,0.0,0.0,0.0,0.10786921143804389
0.0,0.0,0.0,0.0,0.0,0.0,0.0,0.0,0.0,0.0,0.0,0.0,0.054155727383015474,0.0,0.0,0.0,0.0,0.0,0.0,0.0,0.0,0.0,0.0,0.0,0.0,0.0,0.0,0.0,0.0,0.0,0.0,0.0,0.0,0.0,0.0,0.0,0.15516317896967902,0.08042032242475412,0.0,0.0,0.0,0.0,0.0,0.0,0.7350218315500775,0.5500726739294141,0.48131165509129104,0.5489890582734938,0.7375436778792342,1.0,0.5375621041055423,0.4765991635096945,0.5524513408968194,0.7354867791440035,0.2858614012765972,0.08634916534199882,0.06058715188011047,0.2150626609288441,0.15348201006574083,0.0,0.0,0.0,0.16157516870462266,0.0,0.0,0.0,0.2743853793347917,0.1456004856567708,0.0,0.0,0.21596247985875575,0.13201692554787856,0.0,0.03574819771187129,0.25434397671025794,0.2529408748822496,0.4874629110933916,0.48482662959064077,0.255911528059898,0.0,0.0,0.0,0.0,0.0,0.0,0.0,0.0,0.27195000875097775
0.0,0.0,0.0,0.0,0.0,0.0,0.0,0.0,0.0,0.0,0.0,0.0,0.0,0.0,0.0,0.0,0.0,0.0,0.0,0.0,0.0,0.0,0.0,0.0,0.0,0.0,0.0,0.0,0.0,0.0,0.0,0.0,0.0,0.0,0.0,0.0,0.0,0.0,0.0,0.0,0.0,0.0,0.0,0.0,0.7298237470380222,0.5328179505457171,0.2971065342794785,0.2023065451837273,0.29730975977489704,0.5375621041055423,1.0,0.7368537562674146,0.5418866253780884,0.47019117790717485,0.7308253164563902,0.5451782489495839,0.4764137432200686,0.5430549066831505,0.5198515271474382,0.2935240538932447,0.21184074280392093,0.3048050877023527,0.4077884799364728,0.15350245980302216,0.017364425331541387,0.07142796858487818,0.42067287805587594,0.18607191921718433,0.0,0.0,0.08086078194480673,0.08009713351561555,0.0,0.0,0.3759565606092728,0.0,0.02547357272236095,0.15641806728918128,0.24992195403839843,0.24982055516578044,0.16284527903754864,0.03539381223609462,0.0,0.0,0.0,0.0,0.0,0.4245816005007933
0.0,0.0,0.0,0.0,0.0,0.0,0.0,0.0,0.0,0.0,0.0,0.0,0.0,0.0,0.0,0.0,0.0,0.0,0.0,0.0,0.0,0.0,0.0,0.0,0.0,0.0,0.0,0.0,0.0,0.0,0.0,0.0,0.0,0.0,0.0,0.0,0.0,0.0,0.0,0.0,0.0,0.0,0.0,0.0,0.545550519846564,0.3053628528212464,0.09638809284765615,0.05775238885677769,0.2149372493282567,0.4765991635096945,0.7368537562674146,1.0,0.734869738599324,0.5487899880795306,0.5433923199804008,0.47900536940787,0.5523398191159474,0.7361478543559405,0.2935062977670492,0.08718078602100798,0.05938001513860821,0.21597675099262037,0.17139046644114125,0.0,0.0,0.0,0.2213617933913022,8.024901600846958e-05,0.0,0.0,0.0,0.0,0.0,0.0,0.12431034481103477,0.0,0.0,0.25240777627940897,0.4859540019724355,0.4857152556653719,0.2557701913373251,0.0,0.0,0.0,0.0,0.0,0.0,0.27060123829240124
0.0,0.0,0.0,0.0,0.0,0.0,0.0,0.0,0.0,0.0,0.0,0.0,0.0,0.0,0.0,0.0,0.0,0.0,0.0,0.0,0.0,0.0,0.0,0.0,0.0,0.0,0.0,0.0,0.0,0.0,0.0,0.0,0.0,0.0,0.0,0.0,0.0,0.0,0.0,0.0,0.0,0.0,0.0,0.0,0.4771858813524295,0.21894190893846538,0.0667658350817231,0.1036744343095212,0.31419475393046986,0.5524513408968194,0.5418866253780884,0.734869738599324,1.0,0.7479069316514984,0.29987616633541775,0.21396446828608987,0.3124293818322675,0.5431632504252348,0.0713950068261572,0.0,0.0,0.0,0.0,0.0,0.0,0.0,0.10329272009665688,0.0,0.0,0.0,0.0,0.0,0.0,0.0,0.0,0.0,0.14187319630515213,0.4919248019264446,0.6858570089740442,0.39315716617802765,0.03658125124865626,0.0,0.0,0.0,0.0,0.0,0.0,0.1687277107758555
0.0,0.0,0.0,0.0,0.0,0.0,0.0,0.0,0.0,0.0,0.0,0.0,0.0,0.0,0.0,0.0,0.0,0.0,0.0,0.0,0.0,0.0,0.0,0.0,0.0,0.0,0.0,0.0,0.0,0.0,0.0,0.0,0.0,0.0,0.0,0.0,0.03134197868527582,0.0,0.0,0.0,0.0,0.0,0.0,0.0,0.5420708448240592,0.3080448002149505,0.21788593413823132,0.309055261378025,0.542880927789749,0.7354867791440035,0.47019117790717485,0.5487899880795306,0.7479069316514984,1.0,0.2024383038571976,0.055721321677965674,0.1031129580625924,0.31146906942692115,0.01732116501392205,0.0,0.0,0.0,0.0,0.0,0.0,0.0,0.12999292612311672,0.0,0.0,0.0,0.0,0.02028766895210242,0.0,0.0,0.03157784244767729,0.033104818864887926,0.39210074639827713,0.6859446192088395,0.49262022949710327,0.14237839034857316,0.0,0.0,0.0,0.0,0.0,0.0,0.0,0.17509855659607954
