1.0,0.7383167221778678,0.5469799904428165,0.4724003820751661,0.5435446093885204,0.7350217686595221,0.7298238097699028,0.5455506030344344,0.4771859709813137,0.5420707419456563,0.5221653699460381,0.29886037975962576,0.21486759797531368,0.30489161159040823,0.4078023934209726,0.17143641982112562,0.03830812831151185,0.08381845650895042,0.3838655209440474,0.16164446290819043,0.0,0.0,0.43145158578516196,0.24900197578082514,0.06563673072654078,0.03197575023526458,0.3056127306229557,0.1576512020631851,0.07161701789869088,0.006675698334285315,0.48601943381647505,0.15870519761222893,0.25014776335590844,0.24826687906525535,0.16324620175210786,0.03455809849713671,0.0,0.0,0.0,0.0,0.0,0.0,0.0,0.3980662647339961,0.0,0.0,0.0,0.0,0.0,0.0,0.0,0.0,0.0,0.0,0.0,0.0,0.0,0.0,0.0,0.0,0.0,0.0,0.0,0.0,0.0,0.0,0.0,0.024201597865172668,0.0,0.0,0.0,0.052547484765465696,0.0,0.0,0.0,0.0,0.0,0.0,0.0,0.0,0.0,0.0,0.0,0.0,0.0,0.0,0.0,0.0
0.7383167221778678,1.0,0.7425844784952607,0.5485878771094442,0.48344979491463647,0.550072660187864,0.5328179530893508,0.30536286736444535,0.21894198602650816,0.30804472929320326,0.43177581360485556,0.1935879650061503,0.05028330002733904,0.08937220969711587,0.4207786060572396,0.22150205499272158,0.05108043691634201,0.03281779057537295,0.43158544520188064,0.27462563558553343,0.13026136420797735,0.10350217781444884,0.4127271059702558,0.2624308504094156,0.14582805887923772,0.1524827893908967,0.5479708094767747,0.12098221223720666,0.3237537658035406,0.0,0.686869556552094,0.2547253509697599,0.16941924650343465,0.03585015702568273,0.0,0.0,0.0,0.0,0.0,0.0,0.0,0.0,0.0,0.2901041981756531,0.0,0.0,0.0,0.0,0.0,0.0,0.0,0.0,0.0,0.0,0.0,0.0,0.0,0.0,0.0,0.0,0.0,0.0,0.0,0.0,0.0,0.0,0.0,0.0,0.0,0.0,0.0,0.0,0.0,0.0,0.0,0.0,0.0,0.0,0.0,0.0,0.0,0.0,0.0,0.0,0.0,0.0,0.0,0.0
0.5469799904428165,0.7425844784952607,1.0,0.7375075098743596,0.5545992688229022,0.48131158592023376,0.29710649641285375,0.09638808143335899,0.06676586178609695,0.21788582855019623,0.17510386550865362,0.0,0.0,0.0,0.18618713159535186,0.000249067479890549,0.0,0.0,0.24914984877990284,0.1458960266438213,0.0,0.0,0.2624358849139595,0.18639947649835736,0.10357303278142779,0.08577122606594934,0.7344825314888531,0.07702694569948847,0.49120808416363787,0.0,0.49269263954368286,0.4850327222360371,0.2581121210841515,0.0,0.0,0.0,0.0,0.0,0.0,0.0,0.0,0.0,0.0,0.11968583539409956,0.0,0.0,0.0,0.0,0.0,0.0,0.0,0.0,0.0,0.0,0.0,0.0,0.0,0.0,0.0,0.0,0.0,0.0,0.0,0.0,0.0,0.0,0.0,0.0,0.0,0.0,0.0,0.0,0.0,0.0,0.0,0.0,0.0,0.0,0.0,0.0,0.0,0.0,0.0,0.0,0.0,0.0,0.0,0.0
0.4724003820751661,0.5485878771094442,0.7375075098743596,1.0,0.745479925834948,0.5489890225217747,0.20230658346868602,0.05775246581902365,0.10367448846676877,0.30905519098475775,0.01995022377374194,0.0,0.0,0.0,0.0,0.0,0.0,0.0,0.06570225921328308,0.0,0.0,0.0,0.14573488742968874,0.10343732126180535,0.0,0.0,0.5430364680153846,0.06812885083147092,0.3198776731659461,0.0,0.25615380798656234,0.6862552437090664,0.4914728011494378,0.13646656987411943,0.0,0.0,0.0,0.0,0.0,0.0,0.0,0.0,0.0,0.04260923429484973,0.0,0.0,0.0,0.0,0.0,0.0,0.0,0.0,0.0,0.0,0.0,0.0,0.0,0.0,0.0,0.0,0.0,0.0,0.0,0.0,0.0,0.0,0.0,0.0,0.0,0.0,0.0,0.0,0.0,0.0,0.0,0.0,0.0,0.0,0.0,0.0,0.0,0.0,0.0,0.0,0.0,0.0,0.0,0.0
0.5435446093885204,0.48344979491463647,0.5545992688229022,0.745479925834948,1.0,0.7375437386046765,0.29730983167435554,0.21493740590372237,0.3141948812730757,0.5428809603465977,0.06691483927022589,0.0,0.0,0.0,0.0,0.0,0.0,0.0,0.03194545080221298,0.0,0.0,0.0,0.15227435232136152,0.08548906123334513,0.0,0.0,0.31206533279776577,0.09408581548686853,0.07804991620312558,0.017178190286948006,0.17054371138356864,0.4894697760096615,0.6859252007635337,0.3900313668653388,0.03784071496435152,0.0,0.0,0.0,0.0,0.0,0.0,0.0,0.0,0.10786924763633632,0.0,0.0,0.0,0.0,0.0,0.0,0.0,0.0,0.0,0.0,0.0,0.0,0.0,0.0,0.0,0.0,0.0,0.0,0.0,0.0,0.0,0.0,0.0,0.0,0.0,0.0,0.0,0.0,0.0,0.0,0.0,0.0,0.0,0.0,0.0,0.0,0.0,0.0,0.0,0.0,0.0,0.0,0.0,0.0
0.7350217686595221,0.550072660187864,0.48131158592023376,0.5489890225217747,0.7375437386046765,1.0,0.5375620986800926,0.47659925868654346,0.5524514328758537,0.7354867447487082,0.28586135157906184,0.08634912511079888,0.06058718384941307,0.21506259756155688,0.1534819557848812,0.0,0.0,0.0,0.16157518396349305,0.0,0.0,0.0,0.2743853231718205,0.14560051124513895,0.0,0.0,0.2159624328920696,0.1320169363889618,0.0,0.035748142312443366,0.25434401404256396,0.2529408944583838,0.4874629965248503,0.48482660400602795,0.2559115760773011,0.0,0.0,0.0,0.0,0.0,0.0,0.0,0.0,0.2719499765329257,0.0,0.0,0.0,0.0,0.0,0.0,0.0,0.0,0.0,0.0,0.0,0.0,0.0,0.0,0.0,0.0,0.0,0.0,0.0,0.0,0.0,0.0,0.0,0.0,0.0,0.0,0.0,0.0,0.0,0.0,0.0,0.0,0.0,0.0,0.0,0.0,0.0,0.0,0.0,0.0,0.0,0.0,0.0,0.0
0.7298238097699028,0.5328179530893508,0.29710649641285375,0.20230658346868602,0.29730983167435554,0.5375620986800926,1.0,0.7368537299389354,0.5418866738763002,0.4701910861574364,0.730825276567278,0.5451782091290069,0.47641378234656295,0.5430547923619642,0.5198515187745779,0.29352410973327964,0.2118407102705066,0.304805073817136,0.4077884856633906,0.15350256404161391,0.017364484405144678,0.07142797824233474,0.4206728957926507,0.18607196666092593,0.0,0.0,0.08086082123643083,0.08009717682543566,0.0,0.0,0.37595660061331554,0.0,0.02547365416273687,0.1564179994600018,0.2499219676173499,0.24982056424238516,0.1628452243004255,0.035393815900458245,0.0,0.0,0.0,0.0,0.0,0.42458156233699496,0.0,0.0,0.0,0.0,0.0,0.0,0.0,0.0,0.0,0.0,0.0,0.0,0.0,0.0,0.0,0.0,0.0,0.0,0.0,0.0,0.0,0.0,0.08732671434367038,0.20056239252123512,0.18350014282738875,0.06921285878586149,0.0,0.21464134277386288,0.0,0.13404767749079557,0.0,0.0,0.0,0.0,0.0,0.0,0.0,0.0,0.0,0.0,0.0,0.0,0.0711105774564419,0.0
0.5455506030344344,0.30536286736444535,0.09638808143335899,0.05775246581902365,0.21493740590372237,0.47659925868654346,0.7368537299389354,1.0,0.7348698683091296,0.5487900325762544,0.5433922082494149,0.4790052902745228,0.5523397172990961,0.7361476895285585,0.2935062415292007,0.0871807571026244,0.059379900902604345,0.21597662371702092,0.17139044869842562,0.0,0.0,0.0,0.2213618106296397,8.033879886895737e-05,0.0,0.0,0.0,0.0,0.0,0.0,0.12431036496866145,0.0,0.0,0.25240782899394204,0.4859540986686243,0.48571522039662945,0.2557700506303974,0.0,0.0,0.0,0.0,0.0,0.0,0.2706011992805223,0.0,0.0,0.0,0.0,0.0,0.0,0.0,0.0,0.0,0.0,0.0,0.0,0.0,0.0,0.0,0.0,0.0,0.0,0.0,0.0,0.0,0.0,0.0,0.16825767511283235,0.16023572129767813,0.0,0.0,0.24898235396567517,0.0,0.22134880191979392,0.0,0.0,0.0,0.0,0.0,0.0,0.0,0.0,0.0,0.0,0.0,0.0,0.10425907234160485,0.0
0.4771859709813137,0.21894198602650816,0.06676586178609695,0.10367448846676877,0.3141948812730757,0.5524514328758537,0.5418866738763002,0.7348698683091296,1.0,0.7479069525119666,0.29987616604203904,0.21396452044763048,0.3124293794116654,0.5431632120614719,0.07139504472509368,0.0,0.0,0.0,0.0,0.0,0.0,0.0,0.10329275490438823,0.0,0.0,0.0,0.0,0.0,0.0,0.0,0.0,0.0,0.14187331965682456,0.49192476653687367,0.6858569595704084,0.39315712374505857,0.03658122132703437,0.0,0.0,0.0,0.0,0.0,0.0,0.16872769435245047,0.0,0.0,0.0,0.0,0.0,0.0,0.0,0.0,0.0,0.0,0.0,0.0,0.0,0.0,0.0,0.0,0.0,0.0,0.0,0.0,0.0,0.0,0.0,0.020191241338970062,0.0,0.0,0.0,0.16398431683721643,0.0,0.20366742689910186,0.0,0.0,0.0,0.0,0.0,0.0,0.0,0.0,0.0,0.0,0.0,0.0,0.0,0.0
0.5420707419456563,0.30804472929320326,0.21788582855019623,0.30905519098475775,0.5428809603465977,0.7354867447487082,0.4701910861574364,0.5487900325762544,0.7479069525119666,1.0,0.20243817256083516,0.05572124137335153,0.10311290237118585,0.31146897373590204,0.017321050776772106,0.0,0.0,0.0,0.0,0.0,0.0,0.0,0.12999282094525802,0.0,0.0,0.0,0.0,0.02028767022280695,0.0,0.0,0.03157781337866705,0.033104836611945083,0.39210083148353797,0.6859446433700799,0.4926202643799175,0.14237835949933347,0.0,0.0,0.0,0.0,0.0,0.0,0.0,0.1750984458337557,0.0,0.0,0.0,0.0,0.0,0.0,0.0,0.0,0.0,0.0,0.0,0.0,0.0,0.0,0.0,0.0,0.0,0.0,0.0,0.0,0.0,0.0,0.0,0.0,0.0,0.0,0.0,0.04712361144268696,0.0,0.09121785929699888,0.0,0.0,0.0,0.0,0.0,0.0,0.0,0.0,0.0,0.0,0.0,0.0,0.0,0.0
0.5221653699460381,0.43177581360485556,0.17510386550865362,0.01995022377374194,0.06691483927022589,0.28586135157906184,0.730825276567278,0.5433922082494149,0.29987616604203904,0.20243817256083516,1.0,0.7354309222874809,0.5421403683652304,0.47464869457482634,0.7308282619006472,0.5434001017412315,0.4746543793467578,0.5421433083430719,0.5221678084604725,0.28587788861185887,0.2024618624914392,0.2998904894697468,0.43173366364397964,0.175060340023947,0.01992152191774255,0.06691282073389948,0.012246130969716919,0.012187115463921927,0.0,0.0,0.3754644191762304,0.0,0.0,0.0,0.031306910065941614,0.16109530421721133,0.24914215593363082,0.24914316845621198,0.1611019460517619,0.03132027545715218,0.0,0.0,0.0,0.37536301852907766,0.0,0.0,0.0,0.0,0.0,0.0,0.0,0.0,0.0,0.0,0.0,0.0,0.0,0.0,0.0,0.0,0.0,0.0,0.11771245074273953,0.1734638322269862,0.03490376617687803,0.0,0.176939471035472,0.27825503075536573,0.3240034548147704,0.2702652369481469,0.0,0.20559674149880405,0.0,0.06439258952068472,0.0,0.0,0.0,0.0,0.0,0.0,0.0,0.0,0.0,0.0,0.0,0.10145773618675577,0.1901214474244979,0.0
0.29886037975962576,0.1935879650061503,0.0,0.0,0.0,0.08634912511079888,0.5451782091290069,0.4790052902745228,0.21396452044763048,0.05572124137335153,0.7354309222874809,1.0,0.7361612479739206,0.551298459440984,0.5451759941340294,0.4790010977287973,0.5512982175655233,0.7361611773465414,0.2988588921378304,0.08634818313754246,0.05572215471274412,0.21396089692824258,0.19355849831090002,0.0,0.0,0.0,0.0,0.0,0.0,0.0,0.15091014096640223,0.0,0.0,0.0,0.0,0.25466022229331836,0.486223681692519,0.48622278960148857,0.2546596671424184,0.0,0.0,0.0,0.0,0.15083271438852727,0.0,0.0,0.0,0.0,0.0,0.0,0.0,0.0,0.0,0.0,0.0,0.0,0.0,0.0,0.0,0.0,0.0,0.0,0.033018595709041976,0.15174005248982453,0.023813084631363415,0.0,0.07735488313375552,0.228206823858214,0.360183431246602,0.3159900442146745,0.0,0.14669928162351578,0.0,0.003349798959249357,0.0,0.0,0.0,0.0,0.0,0.0,0.0,0.0,0.0,0.0,0.0,0.20809944238532904,0.28632798729965764,0.0
0.21486759797531368,0.05028330002733904,0.0,0.0,0.0,0.06058718384941307,0.47641378234656295,0.5523397172990961,0.3124293794116654,0.10311290237118585,0.5421403683652304,0.7361612479739206,1.0,0.7473483321854943,0.30479810338151836,0.21596823485600983,0.3119645971606387,0.5435050713665346,0.0838057620895472,0.0,0.0,0.0,0.032768285963192686,0.0,0.0,0.0,0.0,0.0,0.0,0.0,0.0,0.0,0.0,0.0,0.1425361562505614,0.4913808521616964,0.685886586833007,0.3933484387009426,0.03535259068428693,0.0,0.0,0.0,0.0,0.03746343376184353,0.0,0.0,0.0,0.0,0.0,0.0,0.0,0.0,0.0,0.0,0.0,0.0,0.0,0.0,0.0,0.0,0.0,0.0,0.0,0.0,0.0,0.0,0.0,0.17321012958593443,0.3059414144072957,0.19567963058142965,0.0,0.1587203455928317,0.0,0.06113265582042911,0.0,0.0,0.0,0.0,0.0,0.0,0.0,0.0,0.0,0.0,0.0,0.09267082145389893,0.3050586112819442,0.0
0.30489161159040823,0.08937220969711587,0.0,0.0,0.0,0.21506259756155688,0.5430547923619642,0.7361476895285585,0.5431632120614719,0.31146897373590204,0.47464869457482634,0.551298459440984,0.7473483321854943,1.0,0.21182581825982338,0.05936963301822358,0.10276962528404758,0.31196536844200345,0.038276331519333025,0.0,0.0,0.0,0.05098889154599386,0.0,0.0,0.0,0.0,0.0,0.0,0.0,0.0,0.0,0.0,0.035647739986040226,0.39421030816246616,0.6859133197605871,0.4914722490078181,0.14154388667043669,0.0,0.0,0.0,0.0,0.0,0.09334697614382839,0.0,0.0,0.0,0.0,0.0,0.0,0.0,0.0,0.0,0.0,0.0,0.0,0.0,0.0,0.0,0.0,0.0,0.0,0.0,0.0,0.0,0.0,0.0,0.1620639172242356,0.22490470794505468,0.05913512067289895,0.0,0.2251200510599674,0.0,0.18430693570563905,0.0,0.0,0.0,0.0,0.0,0.0,0.0,0.0,0.0,0.0,0.0,0.0,0.22425014190555898,0.0
0.4078023934209726,0.4207786060572396,0.18618713159535186,0.0,0.0,0.1534819557848812,0.5198515187745779,0.2935062415292007,0.07139504472509368,0.017321050776772106,0.7308282619006472,0.5451759941340294,0.30479810338151836,0.21182581825982338,1.0,0.7368540398980638,0.5430556032080404,0.47641558349132096,0.7298281425056237,0.5375755014218496,0.47020360706962433,0.5418892344981886,0.5328022601838333,0.2970970832112906,0.2022993083304434,0.2973133815722049,0.08025621074333968,0.0808477954816257,0.0,0.0,0.42477734450574045,0.0,0.0,0.0,0.0,0.0,0.03538965340204217,0.16284695604818458,0.24982348030125945,0.2499222894824784,0.15643148315526254,0.025490214465092625,0.0,0.3758972900938848,0.0,0.0,0.0,0.0,0.0,0.0,0.0,0.0,0.0,0.0,0.0,0.0,0.0,0.0,0.10517460730808428,0.06869665669918329,0.0,0.0,0.25228932990376907,0.30263232277951596,0.20972860116948847,0.11070951349594134,0.24416551641382261,0.2628987144246191,0.29257794624128064,0.316251107639043,0.0,0.12510856176642698,0.0,0.0,0.0,0.0,0.0,0.0,0.0,0.0,0.0,0.0,0.0,0.0,0.03812224950465309,0.13441941468664373,0.0933802655829244,0.025164703460397574
0.17143641982112562,0.22150205499272158,0.000249067479890549,0.0,0.0,0.0,0.29352410973327964,0.0871807571026244,0.0,0.0,0.5434001017412315,0.4790010977287973,0.21596823485600983,0.05936963301822358,0.7368540398980638,1.0,0.7361450886071055,0.5523356849045137,0.5455510680778626,0.4766070166331476,0.5487976571396813,0.7348717972007744,0.3053570259522801,0.09639542096274291,0.05776084667882436,0.21494778352800903,0.0,0.0,0.0,0.0,0.2708177151610852,0.0,0.0,0.0,0.0,0.0,0.0,0.25576555455432654,0.48571636177189764,0.48595268051652496,0.25241278386854155,0.0,0.0,0.12426123847421683,0.0,0.0,0.0,0.0,0.0,0.0,0.0,0.0,0.0,0.0,0.0,0.0,0.0,0.0,0.06869666601765832,0.09956448726486702,0.0,0.0,0.1972897681915561,0.3211338068708008,0.31247288057972583,0.20906693246479785,0.1162516394075389,0.12384330127136639,0.2164067052667399,0.322385371868201,0.0,0.0,0.0,0.0,0.0,0.0,0.0,0.0,0.0,0.0,0.0,0.0,0.0,0.01723899501355237,0.19035202912230156,0.19984029494610014,0.017477764811360066,0.0
0.03830812831151185,0.05108043691634201,0.0,0.0,0.0,0.0,0.2118407102705066,0.059379900902604345,0.0,0.0,0.4746543793467578,0.5512982175655233,0.3119645971606387,0.10276962528404758,0.5430556032080404,0.7361450886071055,1.0,0.7473478489678083,0.3048964467942055,0.2150670532643631,0.311468620504184,0.5431589425628934,0.08937198171198797,0.0,0.0,0.0,0.0,0.0,0.0,0.0,0.09348809352916787,0.0,0.0,0.0,0.0,0.0,0.14154226545321597,0.4914723422548897,0.6859139895973669,0.39419996784187816,0.03564146109509889,0.0,0.0,0.0,0.0,0.0,0.0,0.0,0.0,0.0,0.0,0.0,0.0,0.0,0.0,0.0,0.0,0.0,0.0,0.0,0.0,0.0,0.0660738371067611,0.24937930057456253,0.25072565915631284,0.09349986161833718,0.0,0.05047666046327966,0.21120216963486027,0.32648511343523484,0.0,0.0,0.0,0.0,0.0,0.0,0.0,0.0,0.0,0.0,0.0,0.0,0.0,0.0,0.19575814923832724,0.2771645017146956,0.06150132720742866,0.0
0.08381845650895042,0.03281779057537295,0.0,0.0,0.0,0.0,0.304805073817136,0.21597662371702092,0.0,0.0,0.5421433083430719,0.7361611773465414,0.5435050713665346,0.31196536844200345,0.47641558349132096,0.5523356849045137,0.7473478489678083,1.0,0.21487390767310297,0.06058894986065747,0.10310985686059038,0.31242260968484475,0.05027776932530277,0.0,0.0,0.0,0.0,0.0,0.0,0.0,0.037557441252060814,0.0,0.0,0.0,0.0,0.03535365362364914,0.393348541446588,0.6858862301544058,0.491378467171912,0.14252335942762148,0.0,0.0,0.0,0.0,0.0,0.0,0.0,0.0,0.0,0.0,0.0,0.0,0.0,0.0,0.0,0.0,0.0,0.0,0.0,0.0,0.0,0.0,0.008233059239801747,0.18631003748071842,0.12340299525650093,0.0,0.0,0.11017300197614813,0.2938495500003035,0.341670675572606,0.0,0.0,0.0,0.0,0.0,0.0,0.0,0.0,0.0,0.0,0.0,0.0,0.0,0.0,0.06642257379622434,0.3005999468302537,0.2033909109785872,0.0
0.3838655209440474,0.43158544520188064,0.24914984877990284,0.06570225921328308,0.03194545080221298,0.16157518396349305,0.4077884856633906,0.17139044869842562,0.0,0.0,0.5221678084604725,0.2988588921378304,0.0838057620895472,0.038276331519333025,0.7298281425056237,0.5455510680778626,0.3048964467942055,0.21487390767310297,1.0,0.7350200172742551,0.5420654539821317,0.47717882271019063,0.7383145031087308,0.5469792762064255,0.47238793815907293,0.5435326099247327,0.15787645211281254,0.30561491960771564,0.006945541535093652,0.07162001064637791,0.3983032551402042,0.0,0.0,0.0,0.0,0.0,0.0,0.0,0.034565819594655905,0.1632391330220785,0.24826508267355352,0.2501420100756805,0.15869305303836517,0.4859951038272704,0.0,0.0,0.0,0.0,0.0,0.0,0.0,0.0,0.0,0.0,0.11771246924921769,0.03301865057054481,0.0,0.0,0.25228935031286637,0.1972898352393422,0.0660739407743857,0.008233164888114397,0.3388483020797267,0.29758836335397487,0.19843671557482312,0.1642869260969266,0.3327335571308215,0.2697566887757028,0.21444885308156866,0.2311435760711677,0.0,0.13597625053310466,0.0,0.0,0.0,0.0,0.0,0.0,0.0,0.0,0.0,0.0,0.0,0.0,0.0,0.00013349730433427683,0.0,0.16446380372967906
0.16164446290819043,0.27462563558553343,0.1458960266438213,0.0,0.0,0.0,0.15350256404161391,0.0,0.0,0.0,0.28587788861185887,0.08634818313754246,0.0,0.0,0.5375755014218496,0.4766070166331476,0.2150670532643631,0.06058894986065747,0.7350200172742551,1.0,0.7354857348635705,0.5524516525677919,0.550075883679774,0.48132719034539706,0.5489964152732425,0.7375440987742835,0.132446884038086,0.2159779295265305,0.03626062494158471,0.0,0.272287519287391,0.0,0.0,0.0,0.0,0.0,0.0,0.0,0.0,0.2559111973702859,0.48482976651715504,0.4874677780976523,0.2529446416153727,0.25432807714840555,0.0,0.0,0.0,0.0,0.0,0.0,0.0,0.0,0.0,0.0,0.17346382239684688,0.1517400965489542,0.0,0.0,0.3026323039869194,0.3211338189150096,0.24937931990833384,0.1863100721659129,0.2975883776554532,0.25136946315943537,0.2295648612297593,0.2724237629879069,0.21426769814087318,0.09073011619941554,0.0400625152167054,0.11486731621055186,0.0,0.0,0.0,0.0,0.0,0.0,0.0,0.0,0.0,0.0,0.0,0.0,0.059540246274504306,0.06519509238454359,0.0,0.0,0.0,0.05679543330631381
0.0,0.13026136420797735,0.0,0.0,0.0,0.0,0.017364484405144678,0.0,0.0,0.0,0.2024618624914392,0.05572215471274412,0.0,0.0,0.47020360706962433,0.5487976571396813,0.311468620504184,0.10310985686059038,0.5420654539821317,0.7354857348635705,1.0,0.7479084769226825,0.30804444539114606,0.21790400826760292,0.30907354171064927,0.5428952270075386,0.020771881427072734,0.0,0.0,0.0,0.17545401855217904,0.0,0.0,0.0,0.0,0.0,0.0,0.0,0.14237817510617923,0.4926201985156258,0.6859449287271386,0.3921296617713692,0.0331221047355367,0.03154997888507376,0.0,0.0,0.0,0.0,0.0,0.0,0.0,0.0,0.0,0.0,0.03490371733580758,0.02381312171149267,0.0,0.0,0.20972856392600708,0.3124728681692164,0.2507256837908479,0.12340299782164081,0.19843668442136586,0.22956487529319136,0.29211145418821105,0.34637497707089426,0.058365391293148224,0.0,0.0,0.09081264444186747,0.0,0.0,0.0,0.0,0.0,0.0,0.0,0.0,0.0,0.0,0.0,0.0,0.12211941367905187,0.19567576615545218,0.10068639939995659,0.0,0.0,0.0
0.0,0.10350217781444884,0.0,0.0,0.0,0.0,0.07142797824233474,0.0,0.0,0.0,0.2998904894697468,0.21396089692824258,0.0,0.0,0.5418892344981886,0.7348717972007744,0.5431589425628934,0.31242260968484475,0.47717882271019063,0.5524516525677919,0.7479084769226825,1.0,0.2189375053387683,0.06678073954168545,0.10369125346424563,0.31420864261942794,0.0,0.0,0.0,0.0,0.16901513826928508,0.0,0.0,0.0,0.0,0.0,0.0,0.036571554485496094,0.39315519002909327,0.685856739302807,0.49192359983994083,0.1419047606949717,0.0,0.0,0.0,0.0,0.0,0.0,0.0,0.0,0.0,0.0,0.0,0.0,0.0,0.0,0.0,0.0,0.1107094845307103,0.2090668795806198,0.09349985701995642,0.0,0.16428688553016021,0.2724238126917113,0.34637500282824435,0.3229265500319437,0.02583763846054722,0.0,0.04112580357884729,0.19101295873883237,0.0,0.0,0.0,0.0,0.0,0.0,0.0,0.0,0.0,0.0,0.0,0.0,0.0,0.17798400765262043,0.21436555521948772,0.06472548075441163,0.0,0.0
0.43145158578516196,0.4127271059702558,0.2624358849139595,0.14573488742968874,0.15227435232136152,0.2743853231718205,0.4206728957926507,0.2213618106296397,0.10329275490438823,0.12999282094525802,0.43173366364397964,0.19355849831090002,0.032768285963192686,0.05098889154599386,0.5328022601838333,0.3053570259522801,0.08937198171198797,0.05027776932530277,0.7383145031087308,0.550075883679774,0.30804444539114606,0.2189375053387683,1.0,0.7425807807214503,0.5485742727667986,0.48344066756699844,0.12107767616630077,0.5479737980072803,0.0,0.3237582726391198,0.29020962546701573,0.0,0.0,0.0,0.0,0.0,0.0,0.0,0.0,0.0,0.035856934451081734,0.16941104340011376,0.2547152771052787,0.6868640044900591,0.0,0.0,0.0,0.0,0.0,0.0,0.08732669412339045,0.0,0.0,0.0,0.17693949565499473,0.07735486212816023,0.0,0.0,0.2441655650003492,0.11625172643888185,0.0,0.0,0.3327336701636557,0.2142677758844645,0.058365496097078695,0.025837703320481766,0.4156554053915499,0.3450401422264729,0.20902512409532606,0.15661378406224033,0.0,0.2741693905604541,0.0,0.12900778679842995,0.0,0.0,0.0,0.0,0.0,0.0,0.0,0.0,0.0,0.0,0.0,0.0,0.0,0.31151043138715817
0.24900197578082514,0.2624308504094156,0.18639947649835736,0.10343732126180535,0.08548906123334513,0.14560051124513895,0.18607196666092593,8.033879886895737e-05,0.0,0.0,0.175060340023947,0.0,0.0,0.0,0.2970970832112906,0.09639542096274291,0.0,0.0,0.5469792762064255,0.48132719034539706,0.21790400826760292,0.06678073954168545,0.7425807807214503,1.0,0.7375047619015759,0.5546051558567351,0.07715122790378086,0.734482867969799,0.0,0.4912085517282058,0.11978775009354628,0.0,0.0,0.0,0.0,0.0,0.0,0.0,0.0,0.0,0.0,0.25811338227663516,0.4850319044478473,0.4926986488292254,0.02420156656598194,0.0,0.0,0.0,0.0,0.0,0.20056238706639753,0.16825766103634882,0.020191206886526203,0.0,0.2782550447550729,0.2282068066016241,0.17321018015139983,0.16206395423098963,0.2628986966268968,0.12384334593895092,0.05047667396054025,0.11017306706650329,0.2697567417630752,0.09073008119967432,0.0,0.0,0.34504005626630524,0.2070493281496022,0.02809533483119552,0.0,0.0,0.15049385270178178,0.0,0.022313285175477777,0.0,0.0,0.0,0.0,0.0,0.0,0.0,0.0,0.0,0.0,0.0,0.0,0.0,0.312735591131279
0.06563673072654078,0.14582805887923772,0.10357303278142779,0.0,0.0,0.0,0.0,0.0,0.0,0.0,0.01992152191774255,0.0,0.0,0.0,0.2022993083304434,0.05776084667882436,0.0,0.0,0.47238793815907293,0.5489964152732425,0.30907354171064927,0.10369125346424563,0.5485742727667986,0.7375047619015759,1.0,0.745485088225322,0.0684202932075115,0.5430366113415152,0.0,0.31987939390609293,0.04279069534652131,0.0,0.0,0.0,0.0,0.0,0.0,0.0,0.0,0.0,0.13650110536603932,0.4914724183829325,0.6862556172836753,0.2561464247025723,0.0,0.0,0.0,0.0,0.0,0.0,0.18350008028198828,0.16023565448997357,0.0,0.0,0.32400343452779845,0.36018344624136206,0.3059414302175872,0.22490470593769085,0.29257793088354206,0.21640682650888776,0.21120225794202843,0.2938496774541669,0.2144489080967877,0.040062522001912196,0.0,0.04112582203091351,0.20902497719020838,0.02809529675893709,0.0,0.0,0.0,0.0,0.0,0.0,0.0,0.0,0.0,0.0,0.0,0.00214481932085821,0.128192354152017,0.09927814177695463,0.0,0.0,0.0,0.0,0.0,0.16541473761580797
0.03197575023526458,0.1524827893908967,0.08577122606594934,0.0,0.0,0.0,0.0,0.0,0.0,0.0,0.06691282073389948,0.0,0.0,0.0,0.2973133815722049,0.21494778352800903,0.0,0.0,0.5435326099247327,0.7375440987742835,0.5428952270075386,0.31420864261942794,0.48344066756699844,0.5546051558567351,0.745485088225322,1.0,0.09454173711521216,0.3120717757771724,0.01775438269476307,0.07805716441496043,0.10815946756554226,0.0,0.0,0.0,0.0,0.0,0.0,0.0,0.0,0.03785882666597575,0.39005960046367355,0.685926018175282,0.48947014728264854,0.17052878838075688,0.0,0.0,0.0,0.0,0.0,0.0,0.06921285293028934,0.0,0.0,0.0,0.27026521696533845,0.31599006278403746,0.19567960942033258,0.05913518515770278,0.3162510834377371,0.3223854150626466,0.3264850996029423,0.3416706903228135,0.23114364296268752,0.11486734798945944,0.09081266018400429,0.1910129055630736,0.15661372129401266,0.0,0.0,0.0,0.0,0.0,0.0,0.0,0.0,0.0,0.0,0.0,0.0,0.0,0.035451991286635745,0.1485820952234399,0.11828004311392953,0.0,0.0,0.0,0.0,0.05570352371813646
0.3056127306229557,0.5479708094767747,0.7344825314888531,0.5430364680153846,0.31206533279776577,0.2159624328920696,0.08086082123643083,0.0,0.0,0.0,0.012246130969716919,0.0,0.0,0.0,0.08025621074333968,0.0,0.0,0.0,0.15787645211281254,0.132446884038086,0.020771881427072734,0.0,0.12107767616630077,0.07715122790378086,0.0684202932075115,0.09454173711521216,1.0,0.0,0.7567239486861763,0.0,0.39973984296961,0.38932535903605536,0.035507270519507916,0.0,0.0,0.0,0.0,0.0,0.0,0.0,0.0,0.0,0.0,0.0,0.0,0.0,0.0,0.0,0.0,0.0,0.0,0.0,0.0,0.0,0.0,0.0,0.0,0.0,0.0,0.0,0.0,0.0,0.0,0.0,0.0,0.0,0.0,0.0,0.0,0.0,0.0,0.0,0.0,0.0,0.0,0.0,0.0,0.0,0.0,0.0,0.0,0.0,0.0,0.0,0.0,0.0,0.0,0.0
0.1576512020631851,0.12098221223720666,0.07702694569948847,0.06812885083147092,0.09408581548686853,0.1320169363889618,0.08009717682543566,0.0,0.0,0.02028767022280695,0.012187115463921927,0.0,0.0,0.0,0.0808477954816257,0.0,0.0,0.0,0.30561491960771564,0.2159779295265305,0.0,0.0,0.5479737980072803,0.734482867969799,0.5430366113415152,0.3120717757771724,0.0,1.0,0.0,0.7567240907228227,0.0,0.0,0.0,0.0,0.0,0.0,0.0,0.0,0.0,0.0,0.0,0.03550660953822471,0.3893290570398153,0.3997663928395093,0.052547473267609536,0.0,0.0,0.0,0.0,0.0,0.2146413654067257,0.248982349675566,0.16398429354096902,0.04712363471924377,0.20559679222678737,0.14669924555260097,0.15872041354878566,0.2251200434929521,0.12510858615947934,0.0,0.0,0.0,0.13597636450678488,0.0,0.0,0.0,0.2741693767279501,0.15049389754069248,0.0,0.0,0.0,0.16591969686501817,0.0,0.08900843015759667,0.0,0.0,0.0,0.0,0.0057397520809407306,0.04497514177294106,0.0,0.0,0.0,0.0,0.0,0.0,0.0,0.30275405677407785
0.07161701789869088,0.3237537658035406,0.49120808416363787,0.3198776731659461,0.07804991620312558,0.0,0.0,0.0,0.0,0.0,0.0,0.0,0.0,0.0,0.0,0.0,0.0,0.0,0.006945541535093652,0.03626062494158471,0.0,0.0,0.0,0.0,0.0,0.01775438269476307,0.7567239486861763,0.0,1.0,0.0,0.23310684059959969,0.223263210718559,0.0,0.0,0.0,0.0,0.0,0.0,0.0,0.0,0.0,0.0,0.0,0.0,0.0,0.0,0.0,0.0,0.0,0.0,0.0,0.0,0.0,0.0,0.0,0.0,0.0,0.0,0.0,0.0,0.0,0.0,0.0,0.0,0.0,0.0,0.0,0.0,0.0,0.0,0.0,0.0,0.0,0.0,0.0,0.0,0.0,0.0,0.0,0.0,0.0,0.0,0.0,0.0,0.0,0.0,0.0,0.0
0.006675698334285315,0.0,0.0,0.0,0.017178190286948006,0.035748142312443366,0.0,0.0,0.0,0.0,0.0,0.0,0.0,0.0,0.0,0.0,0.0,0.0,0.07162001064637791,0.0,0.0,0.0,0.3237582726391198,0.4912085517282058,0.31987939390609293,0.07805716441496043,0.0,0.7567240907228227,0.0,1.0,0.0,0.0,0.0,0.0,0.0,0.0,0.0,0.0,0.0,0.0,0.0,0.0,0.22327011283352086,0.23314170670454953,0.0,0.0,0.0,0.0,0.0,0.0,0.14193290316665133,0.2343693784623331,0.2156478718111199,0.0965836057568819,0.06818051331840033,0.003546892189088079,0.06472889915075321,0.1951485825336018,0.0,0.0,0.0,0.0,0.0,0.0,0.0,0.0,0.13659646045860724,0.023625815568072573,0.0,0.0,0.0,0.09424412907383121,0.0,0.06101914810889398,0.0,0.0,0.0,0.0,0.08614106655909612,0.048161384381029876,0.0,0.0,0.0,0.0,0.0,0.0,0.0,0.195375656359207
0.48601943381647505,0.686869556552094,0.49269263954368286,0.25615380798656234,0.17054371138356864,0.25434401404256396,0.37595660061331554,0.12431036496866145,0.0,0.03157781337866705,0.3754644191762304,0.15091014096640223,0.0,0.0,0.42477734450574045,0.2708177151610852,0.09348809352916787,0.037557441252060814,0.3983032551402042,0.272287519287391,0.17545401855217904,0.16901513826928508,0.29020962546701573,0.11978775009354628,0.04279069534652131,0.10815946756554226,0.39973984296961,0.0,0.23310684059959969,0.0,1.0,0.0,0.0,0.0,0.0,0.0,0.0,0.0,0.0,0.0,0.0,0.0,0.0,0.16687484158258922,0.0,0.0,0.0,0.0,0.0,0.0,0.0,0.0,0.0,0.0,0.0,0.0,0.0,0.0,0.0,0.0,0.0,0.0,0.0,0.0,0.0,0.0,0.0,0.0,0.0,0.0,0.0,0.0,0.0,0.0,0.0,0.0,0.0,0.0,0.0,0.0,0.0,0.0,0.0,0.0,0.0,0.0,0.0,0.0
0.15870519761222893,0.2547253509697599,0.4850327222360371,0.6862552437090664,0.4894697760096615,0.2529408944583838,0.0,0.0,0.0,0.033104836611945083,0.0,0.0,0.0,0.0,0.0,0.0,0.0,0.0,0.0,0.0,0.0,0.0,0.0,0.0,0.0,0.0,0.38932535903605536,0.0,0.223263210718559,0.0,0.0,1.0,0.40670326569243637,0.0,0.0,0.0,0.0,0.0,0.0,0.0,0.0,0.0,0.0,0.0,0.0,0.0,0.0,0.0,0.0,0.0,0.0,0.0,0.0,0.0,0.0,0.0,0.0,0.0,0.0,0.0,0.0,0.0,0.0,0.0,0.0,0.0,0.0,0.0,0.0,0.0,0.0,0.0,0.0,0.0,0.0,0.0,0.0,0.0,0.0,0.0,0.0,0.0,0.0,0.0,0.0,0.0,0.0,0.0
0.25014776335590844,0.16941924650343465,0.2581121210841515,0.4914728011494378,0.6859252007635337,0.4874629965248503,0.02547365416273687,0.0,0.14187331965682456,0.39210083148353797,0.0,0.0,0.0,0.0,0.0,0.0,0.0,0.0,0.0,0.0,0.0,0.0,0.0,0.0,0.0,0.0,0.035507270519507916,0.0,0.0,0.0,0.0,0.40670326569243637,1.0,0.4191038250815968,0.0,0.0,0.0,0.0,0.0,0.0,0.0,0.0,0.0,0.0,0.0,0.0,0.0,0.0,0.0,0.0,0.0,0.0,0.0,0.0,0.0,0.0,0.0,0.0,0.0,0.0,0.0,0.0,0.0,0.0,0.0,0.0,0.0,0.0,0.0,0.0,0.0,0.0,0.0,0.0,0.0,0.0,0.0,0.0,0.0,0.0,0.0,0.0,0.0,0.0,0.0,0.0,0.0,0.0
0.24826687906525535,0.03585015702568273,0.0,0.13646656987411943,0.3900313668653388,0.48482660400602795,0.1564179994600018,0.25240782899394204,0.49192476653687367,0.6859446433700799,0.0,0.0,0.0,0.035647739986040226,0.0,0.0,0.0,0.0,0.0,0.0,0.0,0.0,0.0,0.0,0.0,0.0,0.0,0.0,0.0,0.0,0.0,0.0,0.4191038250815968,1.0,0.40867964676849644,0.0,0.0,0.0,0.0,0.0,0.0,0.0,0.0,0.0,0.0,0.0,0.0,0.0,0.0,0.0,0.0,0.0,0.0,0.0,0.0,0.0,0.0,0.0,0.0,0.0,0.0,0.0,0.0,0.0,0.0,0.0,0.0,0.0,0.0,0.0,0.0,0.0,0.0,0.0,0.0,0.0,0.0,0.0,0.0,0.0,0.0,0.0,0.0,0.0,0.0,0.0,0.0,0.0
0.16324620175210786,0.0,0.0,0.0,0.03784071496435152,0.2559115760773011,0.2499219676173499,0.4859540986686243,0.6858569595704084,0.4926202643799175,0.031306910065941614,0.0,0.1425361562505614,0.39421030816246616,0.0,0.0,0.0,0.0,0.0,0.0,0.0,0.0,0.0,0.0,0.0,0.0,0.0,0.0,0.0,0.0,0.0,0.0,0.0,0.40867964676849644,1.0,0.425638201962898,0.0,0.0,0.0,0.0,0.0,0.0,0.0,0.0,0.0,0.0,0.0,0.0,0.0,0.0,0.0,0.0,0.0,0.0,0.0,0.0,0.0,0.0,0.0,0.0,0.0,0.0,0.0,0.0,0.0,0.0,0.0,0.0,0.0,0.0,0.0,0.007415014752266166,0.0,0.10510033971292258,0.0,0.0,0.0,0.0,0.0,0.0,0.0,0.0,0.0,0.0,0.0,0.0,0.0,0.0
0.03455809849713671,0.0,0.0,0.0,0.0,0.0,0.24982056424238516,0.48571522039662945,0.39315712374505857,0.14237835949933347,0.16109530421721133,0.25466022229331836,0.4913808521616964,0.6859133197605871,0.0,0.0,0.0,0.03535365362364914,0.0,0.0,0.0,0.0,0.0,0.0,0.0,0.0,0.0,0.0,0.0,0.0,0.0,0.0,0.0,0.0,0.425638201962898,1.0,0.4065315344255398,0.0,0.0,0.0,0.0,0.0,0.0,0.0,0.0,0.0,0.0,0.0,0.0,0.0,0.0,0.0,0.0,0.0,0.0,0.0,0.0,0.0,0.0,0.0,0.0,0.0,0.0,0.0,0.0,0.0,0.0,0.0,0.0027708813803075994,0.0,0.0,0.05810183529955423,0.0,0.05876134346093222,0.0,0.0,0.0,0.0,0.0,0.0,0.0,0.0,0.0,0.0,0.0,0.0,0.040415749054543086,0.0
0.0,0.0,0.0,0.0,0.0,0.0,0.1628452243004255,0.2557700506303974,0.03658122132703437,0.0,0.24914215593363082,0.486223681692519,0.685886586833007,0.4914722490078181,0.03538965340204217,0.0,0.14154226545321597,0.393348541446588,0.0,0.0,0.0,0.0,0.0,0.0,0.0,0.0,0.0,0.0,0.0,0.0,0.0,0.0,0.0,0.0,0.0,0.4065315344255398,1.0,0.42405353715334126,0.0,0.0,0.0,0.0,0.0,0.0,0.0,0.0,0.0,0.0,0.0,0.0,0.0,0.0,0.0,0.0,0.0,0.0,0.0,0.0,0.0,0.0,0.0,0.0,0.0,0.0,0.0,0.0,0.0,0.0,0.1656072727349661,0.04579918526917232,0.0,0.0,0.0,0.0,0.0,0.0,0.0,0.0,0.0,0.0,0.0,0.0,0.0,0.0,0.0,0.0,0.2067950826027672,0.0
0.0,0.0,0.0,0.0,0.0,0.0,0.035393815900458245,0.0,0.0,0.0,0.24914316845621198,0.48622278960148857,0.3933484387009426,0.14154388667043669,0.16284695604818458,0.25576555455432654,0.4914723422548897,0.6858862301544058,0.0,0.0,0.0,0.036571554485496094,0.0,0.0,0.0,0.0,0.0,0.0,0.0,0.0,0.0,0.0,0.0,0.0,0.0,0.0,0.42405353715334126,1.0,0.40652773410899634,0.0,0.0,0.0,0.0,0.0,0.0,0.0,0.0,0.0,0.0,0.0,0.0,0.0,0.0,0.0,0.0,0.0,0.0,0.0,0.0,0.0,0.0,0.0,0.0,0.0,0.0,0.0,0.0,0.0,0.12825398099567453,0.19194820195578907,0.0,0.0,0.0,0.0,0.0,0.0,0.0,0.0,0.0,0.0,0.0,0.0,0.0,0.0,0.0,0.19751587141811902,0.06136844894784034,0.0
0.0,0.0,0.0,0.0,0.0,0.0,0.0,0.0,0.0,0.0,0.1611019460517619,0.2546596671424184,0.03535259068428693,0.0,0.24982348030125945,0.48571636177189764,0.6859139895973669,0.491378467171912,0.034565819594655905,0.0,0.14237817510617923,0.39315519002909327,0.0,0.0,0.0,0.0,0.0,0.0,0.0,0.0,0.0,0.0,0.0,0.0,0.0,0.0,0.0,0.40652773410899634,1.0,0.4256241005018048,0.0,0.0,0.0,0.0,0.0,0.0,0.0,0.0,0.0,0.0,0.0,0.0,0.0,0.0,0.0,0.0,0.0,0.0,0.0,0.0,0.0,0.0,0.0,0.0769180472488191,0.15776193542375916,0.0,0.0,0.0,0.0,0.1528019861874233,0.0,0.0,0.0,0.0,0.0,0.0,0.0,0.0,0.0,0.0,0.0,0.0,0.0,0.0,0.14381320941392947,0.13812187309854157,0.0,0.0
0.0,0.0,0.0,0.0,0.0,0.0,0.0,0.0,0.0,0.0,0.03132027545715218,0.0,0.0,0.0,0.2499222894824784,0.48595268051652496,0.39419996784187816,0.14252335942762148,0.1632391330220785,0.2559111973702859,0.4926201985156258,0.685856739302807,0.0,0.0,0.0,0.03785882666597575,0.0,0.0,0.0,0.0,0.0,0.0,0.0,0.0,0.0,0.0,0.0,0.0,0.4256241005018048,1.0,0.4086735454596452,0.0,0.0,0.0,0.0,0.0,0.0,0.0,0.0,0.0,0.0,0.0,0.0,0.0,0.0,0.0,0.0,0.0,0.0,0.02227040624555601,0.0,0.0,0.0,0.08422332741302187,0.2527868413658722,0.22993149017775272,0.0,0.0,0.0,0.0,0.0,0.0,0.0,0.0,0.0,0.0,0.0,0.0,0.0,0.0,0.0,0.0,0.0,0.10926094977297332,0.14607356528499194,0.0,0.0,0.0
0.0,0.0,0.0,0.0,0.0,0.0,0.0,0.0,0.0,0.0,0.0,0.0,0.0,0.0,0.15643148315526254,0.25241278386854155,0.03564146109509889,0.0,0.24826508267355352,0.48482976651715504,0.6859449287271386,0.49192359983994083,0.035856934451081734,0.0,0.13650110536603932,0.39005960046367355,0.0,0.0,0.0,0.0,0.0,0.0,0.0,0.0,0.0,0.0,0.0,0.0,0.0,0.4086735454596452,1.0,0.4191650414710234,0.0,0.0,0.0,0.0,0.0,0.0,0.0,0.0,0.0,0.0,0.0,0.0,0.0,0.0,0.0,0.0,0.049248804333760776,0.2459093121935122,0.25289332025035977,0.08580907012520698,0.0,0.0,0.13007332797594587,0.27693150936867295,0.0,0.0,0.0,0.0,0.0,0.0,0.0,0.0,0.0,0.0,0.0,0.0,0.0,0.0,0.0,0.0,0.14381319760849692,0.14607356751285255,0.0,0.0,0.0,0.0
0.0,0.0,0.0,0.0,0.0,0.0,0.0,0.0,0.0,0.0,0.0,0.0,0.0,0.0,0.025490214465092625,0.0,0.0,0.0,0.2501420100756805,0.4874677780976523,0.3921296617713692,0.1419047606949717,0.16941104340011376,0.25811338227663516,0.4914724183829325,0.685926018175282,0.0,0.03550660953822471,0.0,0.0,0.0,0.0,0.0,0.0,0.0,0.0,0.0,0.0,0.0,0.0,0.4191650414710234,1.0,0.40669005071661835,0.0,0.0,0.0,0.0,0.0,0.0,0.0,0.0,0.0,0.0,0.0,0.13106970370124985,0.2688366100143139,0.11971819498258567,0.0,0.1736517863094571,0.2581669364670822,0.35805938386478525,0.3883348597566674,0.0001724830780357185,0.0,0.0,0.08361657081959598,0.0,0.0,0.0,0.0,0.0,0.0,0.0,0.0,0.0,0.0,0.0,0.0,0.0,0.0,0.0,0.19751587710916474,0.1381219250123404,0.0,0.0,0.0,0.0,0.0
0.0,0.0,0.0,0.0,0.0,0.0,0.0,0.0,0.0,0.0,0.0,0.0,0.0,0.0,0.0,0.0,0.0,0.0,0.15869305303836517,0.2529446416153727,0.0331221047355367,0.0,0.2547152771052787,0.4850319044478473,0.6862556172836753,0.48947014728264854,0.0,0.3893290570398153,0.0,0.22327011283352086,0.0,0.0,0.0,0.0,0.0,0.0,0.0,0.0,0.0,0.0,0.0,0.40669005071661835,1.0,0.0,0.0,0.0,0.0,0.0,0.0,0.0,0.09186530888857147,0.13468871251977785,0.0,0.0,0.2456114648234449,0.3698974309571322,0.394094873679104,0.28970110617775047,0.1206348452619453,0.022579170982640413,0.07945162172555975,0.2627540060095027,0.0,0.0,0.0,0.0,0.0,0.0,0.0,0.0,0.0,0.0,0.0,0.0,0.0,0.0,0.0,0.0,0.0,0.040415628799352274,0.2067951193919219,0.06136853157104166,0.0,0.0,0.0,0.0,0.0,0.0
0.3980662647339961,0.2901041981756531,0.11968583539409956,0.04260923429484973,0.10786924763633632,0.2719499765329257,0.42458156233699496,0.2706011992805223,0.16872769435245047,0.1750984458337557,0.37536301852907766,0.15083271438852727,0.03746343376184353,0.09334697614382839,0.3758972900938848,0.12426123847421683,0.0,0.0,0.4859951038272704,0.25432807714840555,0.03154997888507376,0.0,0.6868640044900591,0.4926986488292254,0.2561464247025723,0.17052878838075688,0.0,0.3997663928395093,0.0,0.23314170670454953,0.16687484158258922,0.0,0.0,0.0,0.0,0.0,0.0,0.0,0.0,0.0,0.0,0.0,0.0,1.0,0.0,0.0,0.0,0.0,0.0,0.0,0.0,0.0,0.0,0.0,0.0,0.0,0.0,0.0,0.03250956698382621,0.0,0.0,0.0,0.21246537009645788,0.073372198631154,0.0,0.0,0.40242978314956757,0.4040125350743201,0.21369385355045084,0.0719615551864209,0.0,0.3911176030165357,0.0,0.2383768991155082,0.0,0.0,0.0,0.0,0.0,0.0,0.0,0.0,0.0,0.0,0.0,0.0,0.0,0.2657025405835748
0.0,0.0,0.0,0.0,0.0,0.0,0.0,0.0,0.0,0.0,0.0,0.0,0.0,0.0,0.0,0.0,0.0,0.0,0.0,0.0,0.0,0.0,0.0,0.02420156656598194,0.0,0.0,0.0,0.052547473267609536,0.0,0.0,0.0,0.0,0.0,0.0,0.0,0.0,0.0,0.0,0.0,0.0,0.0,0.0,0.0,0.0,1.0,0.7383168096688553,0.5469800915500256,0.4724003556135703,0.5435446288533475,0.7350217856576449,0.7298237783547751,0.5455504432270867,0.4771858763378872,0.5420707284358037,0.5221654088190341,0.2988603147518049,0.21486760156524334,0.3048915848465459,0.4078024135234922,0.17143644941984088,0.03830814275445433,0.08381849400861371,0.38386559268355763,0.16164446164502125,0.0,0.0,0.4314515918819278,0.24900202450154513,0.06563683311224086,0.031975745994856225,0.3056127282400188,0.1576512263939332,0.07161700241807441,0.006675744117081305,0.486019503331635,0.1587052841104668,0.2501477711758481,0.24826687099053954,0.16324615199692624,0.034558077638820316,0.0,0.0,0.0,0.0,0.0,0.0,0.0,0.3980662712854029
0.0,0.0,0.0,0.0,0.0,0.0,0.0,0.0,0.0,0.0,0.0,0.0,0.0,0.0,0.0,0.0,0.0,0.0,0.0,0.0,0.0,0.0,0.0,0.0,0.0,0.0,0.0,0.0,0.0,0.0,0.0,0.0,0.0,0.0,0.0,0.0,0.0,0.0,0.0,0.0,0.0,0.0,0.0,0.0,0.7383168096688553,1.0,0.7425844697075683,0.5485878002271403,0.48344984132935553,0.5500727076728621,0.5328179868283256,0.3053628059575113,0.21894198212135113,0.3080447703764638,0.43177588762092145,0.19358798853115988,0.050283361246466915,0.08937229118128887,0.4207786408627269,0.22150205688664706,0.051080480811745696,0.03281786141117815,0.43158545129042936,0.27462558597395503,0.13026133893094288,0.10350216074757929,0.41272710388606554,0.26243086285613426,0.14582807772910655,0.15248273372003734,0.5479707130902438,0.12098221691923541,0.3237536627977601,0.0,0.6868695349152929,0.2547253927680189,0.16941928384809798,0.03585019597412292,0.0,0.0,0.0,0.0,0.0,0.0,0.0,0.0,0.0,0.29010417925609244
0.0,0.0,0.0,0.0,0.0,0.0,0.0,0.0,0.0,0.0,0.0,0.0,0.0,0.0,0.0,0.0,0.0,0.0,0.0,0.0,0.0,0.0,0.0,0.0,0.0,0.0,0.0,0.0,0.0,0.0,0.0,0.0,0.0,0.0,0.0,0.0,0.0,0.0,0.0,0.0,0.0,0.0,0.0,0.0,0.5469800915500256,0.7425844697075683,1.0,0.7375075087126569,0.5545993978751846,0.48131166111207047,0.2971065374647247,0.09638803051440616,0.06676589828817667,0.21788587919120234,0.1751039331905991,0.0,0.0,0.0,0.18618716068320382,0.00024903852955623814,0.0,0.0,0.24914982606376918,0.14589595237662528,0.0,0.0,0.26243591587711423,0.1863994813106429,0.10357304149493803,0.08577115693259581,0.7344824217730004,0.07702697133502118,0.4912079429900205,0.0,0.49269257600470645,0.485032805802267,0.2581122371701916,0.0,0.0,0.0,0.0,0.0,0.0,0.0,0.0,0.0,0.0,0.11968584516395937
0.0,0.0,0.0,0.0,0.0,0.0,0.0,0.0,0.0,0.0,0.0,0.0,0.0,0.0,0.0,0.0,0.0,0.0,0.0,0.0,0.0,0.0,0.0,0.0,0.0,0.0,0.0,0.0,0.0,0.0,0.0,0.0,0.0,0.0,0.0,0.0,0.0,0.0,0.0,0.0,0.0,0.0,0.0,0.0,0.4724003556135703,0.5485878002271403,0.7375075087126569,1.0,0.7454799772483198,0.5489889648559498,0.20230652732126977,0.057752305971537785,0.10367443265082908,0.30905510699371436,0.019950212556348344,0.0,0.0,0.0,0.0,0.0,0.0,0.0,0.06570221009623144,0.0,0.0,0.0,0.14573488635334989,0.10343729237088622,0.0,0.0,0.5430364350328618,0.06812885414287591,0.31987759198183796,0.0,0.2561537079268579,0.6862553564241057,0.49147287892066155,0.1364665239939062,0.0,0.0,0.0,0.0,0.0,0.0,0.0,0.0,0.0,0.04260921318381023
0.0,0.0,0.0,0.0,0.0,0.0,0.0,0.0,0.0,0.0,0.0,0.0,0.0,0.0,0.0,0.0,0.0,0.0,0.0,0.0,0.0,0.0,0.0,0.0,0.0,0.0,0.0,0.0,0.0,0.0,0.0,0.0,0.0,0.0,0.0,0.0,0.0,0.0,0.0,0.0,0.0,0.0,0.0,0.0,0.5435446288533475,0.48344984132935553,0.5545993978751846,0.7454799772483198,1.0,0.7375436838486775,0.29730983687055795,0.2149372825904538,0.3141948372282428,0.5428808431982713,0.06691489882462531,0.0,0.0,0.0,0.0,0.0,0.0,0.0,0.03194549831197897,0.0,0.0,0.0,0.1522743964746044,0.08548907049633764,0.0,0.0,0.3120653739004496,0.09408582553886004,0.07804990975292307,0.017178218005544314,0.17054373649079982,0.4894698543024061,0.6859251914050656,0.39003127212020783,0.03784067393397012,0.0,0.0,0.0,0.0,0.0,0.0,0.0,0.0,0.10786929511409762
0.0,0.0,0.0,0.0,0.0,0.0,0.0,0.0,0.0,0.0,0.0,0.0,0.0,0.0,0.0,0.0,0.0,0.0,0.0,0.0,0.0,0.0,0.0,0.0,0.0,0.0,0.0,0.0,0.0,0.0,0.0,0.0,0.0,0.0,0.0,0.0,0.0,0.0,0.0,0.0,0.0,0.0,0.0,0.0,0.7350217856576449,0.5500727076728621,0.48131166111207047,0.5489889648559498,0.7375436838486775,1.0,0.5375621467140164,0.4765991908356637,0.552451437257596,0.7354867184546514,0.2858614379178622,0.08634910201812132,0.06058727745402487,0.21506261483375716,0.15348199445035235,0.0,0.0,0.0,0.16157524559574263,0.0,0.0,0.0,0.27438533567722956,0.14560050929398974,0.0,0.0,0.215962397113099,0.13201692101175697,0.0,0.035748168866477234,0.2543440523391893,0.25294091143698694,0.4874629488135518,0.4848265934495237,0.25591159512510436,0.0,0.0,0.0,0.0,0.0,0.0,0.0,0.0,0.27195003140136936
