1.0,0.7383168096688553,0.5469800915500256,0.4724003556135703,0.5435446288533475,0.7350217856576449,0.7298237783547751,0.5455504432270867,0.4771858763378872,0.5420707284358037,0.5221654088190341,0.2988603147518049,0.21486760156524334,0.3048915848465459,0.4078024135234922,0.17143644941984088,0.03830814275445433,0.08381849400861371,0.38386559268355763,0.16164446164502125,0.0,0.0,0.4314515918819278,0.24900202450154513,0.06563683311224086,0.031975745994856225,0.3056127282400188,0.1576512263939332,0.07161700241807441,0.006675744117081305,0.486019503331635,0.1587052841104668,0.2501477711758481,0.24826687099053954,0.16324615199692624,0.034558077638820316,0.0,0.0,0.0,0.0,0.0,0.0,0.0,0.3980662712854029,0.0,0.0,0.0,0.0,0.0,0.0,0.0,0.0,0.0,0.0,0.0,0.0,0.0,0.0,0.0,0.0,0.0,0.0,0.0,0.0,0.0,0.0,0.0,0.0,0.0,0.0,0.0,0.0,0.0,0.0,0.0,0.0,0.0,0.0,0.0,0.0,0.0,0.0,0.0,0.0,0.0,0.0,0.0,0.0
0.7383168096688553,1.0,0.7425844697075683,0.5485878002271403,0.48344984132935553,0.5500727076728621,0.5328179868283256,0.3053628059575113,0.21894198212135113,0.3080447703764638,0.43177588762092145,0.19358798853115988,0.050283361246466915,0.08937229118128887,0.4207786408627269,0.22150205688664706,0.051080480811745696,0.03281786141117815,0.43158545129042936,0.27462558597395503,0.13026133893094288,0.10350216074757929,0.41272710388606554,0.26243086285613426,0.14582807772910655,0.15248273372003734,0.5479707130902438,0.12098221691923541,0.3237536627977601,0.0,0.6868695349152929,0.2547253927680189,0.16941928384809798,0.03585019597412292,0.0,0.0,0.0,0.0,0.0,0.0,0.0,0.0,0.0,0.29010417925609244,0.0,0.0,0.0,0.0,0.0,0.0,0.0,0.0,0.0,0.0,0.0,0.0,0.0,0.0,0.0,0.0,0.0,0.0,0.0,0.0,0.0,0.0,0.0,0.0,0.0,0.0,0.0,0.0,0.0,0.0,0.0,0.0,0.0,0.0,0.0,0.0,0.0,0.0,0.0,0.0,0.0,0.0,0.0,0.0
0.5469800915500256,0.7425844697075683,1.0,0.7375075087126569,0.5545993978751846,0.48131166111207047,0.2971065374647247,0.09638803051440616,0.06676589828817667,0.21788587919120234,0.1751039331905991,0.0,0.0,0.0,0.18618716068320382,0.00024903852955623814,0.0,0.0,0.24914982606376918,0.14589595237662528,0.0,0.0,0.26243591587711423,0.1863994813106429,0.10357304149493803,0.08577115693259581,0.7344824217730004,0.07702697133502118,0.4912079429900205,0.0,0.49269257600470645,0.485032805802267,0.2581122371701916,0.0,0.0,0.0,0.0,0.0,0.0,0.0,0.0,0.0,0.0,0.11968584516395937,0.0,0.0,0.0,0.0,0.0,0.0,0.0,0.0,0.0,0.0,0.0,0.0,0.0,0.0,0.0,0.0,0.0,0.0,0.0,0.0,0.0,0.0,0.0,0.0,0.0,0.0,0.0,0.0,0.0,0.0,0.0,0.0,0.0,0.0,0.0,0.0,0.0,0.0,0.0,0.0,0.0,0.0,0.0,0.0
0.4724003556135703,0.5485878002271403,0.7375075087126569,1.0,0.7454799772483198,0.5489889648559498,0.20230652732126977,0.057752305971537785,0.10367443265082908,0.30905510699371436,0.019950212556348344,0.0,0.0,0.0,0.0,0.0,0.0,0.0,0.06570221009623144,0.0,0.0,0.0,0.14573488635334989,0.10343729237088622,0.0,0.0,0.5430364350328618,0.06812885414287591,0.31987759198183796,0.0,0.2561537079268579,0.6862553564241057,0.49147287892066155,0.1364665239939062,0.0,0.0,0.0,0.0,0.0,0.0,0.0,0.0,0.0,0.04260921318381023,0.0,0.0,0.0,0.0,0.0,0.0,0.0,0.0,0.0,0.0,0.0,0.0,0.0,0.0,0.0,0.0,0.0,0.0,0.0,0.0,0.0,0.0,0.0,0.0,0.0,0.0,0.0,0.0,0.0,0.0,0.0,0.0,0.0,0.0,0.0,0.0,0.0,0.0,0.0,0.0,0.0,0.0,0.0,0.0
0.5435446288533475,0.48344984132935553,0.5545993978751846,0.7454799772483198,1.0,0.7375436838486775,0.29730983687055795,0.2149372825904538,0.3141948372282428,0.5428808431982713,0.06691489882462531,0.0,0.0,0.0,0.0,0.0,0.0,0.0,0.03194549831197897,0.0,0.0,0.0,0.1522743964746044,0.08548907049633764,0.0,0.0,0.3120653739004496,0.09408582553886004,0.07804990975292307,0.017178218005544314,0.17054373649079982,0.4894698543024061,0.6859251914050656,0.39003127212020783,0.03784067393397012,0.0,0.0,0.0,0.0,0.0,0.0,0.0,0.0,0.10786929511409762,0.0,0.0,0.0,0.0,0.0,0.0,0.0,0.0,0.0,0.0,0.0,0.0,0.0,0.0,0.0,0.0,0.0,0.0,0.0,0.0,0.0,0.0,0.0,0.0,0.0,0.0,0.0,0.0,0.0,0.0,0.0,0.0,0.0,0.0,0.0,0.0,0.0,0.0,0.0,0.0,0.0,0.0,0.0,0.0
0.7350217856576449,0.5500727076728621,0.48131166111207047,0.5489889648559498,0.7375436838486775,1.0,0.5375621467140164,0.4765991908356637,0.552451437257596,0.7354867184546514,0.2858614379178622,0.08634910201812132,0.06058727745402487,0.21506261483375716,0.15348199445035235,0.0,0.0,0.0,0.16157524559574263,0.0,0.0,0.0,0.27438533567722956,0.14560050929398974,0.0,0.0,0.215962397113099,0.13201692101175697,0.0,0.035748168866477234,0.2543440523391893,0.25294091143698694,0.4874629488135518,0.4848265934495237,0.25591159512510436,0.0,0.0,0.0,0.0,0.0,0.0,0.0,0.0,0.27195003140136936,0.0,0.0,0.0,0.0,0.0,0.0,0.0,0.0,0.0,0.0,0.0,0.0,0.0,0.0,0.0,0.0,0.0,0.0,0.0,0.0,0.0,0.0,0.0,0.0,0.0,0.0,0.0,0.0,0.0,0.0,0.0,0.0,0.0,0.0,0.0,0.0,0.0,0.0,0.0,0.0,0.0,0.0,0.0,0.0
0.7298237783547751,0.5328179868283256,0.2971065374647247,0.20230652732126977,0.29730983687055795,0.5375621467140164,1.0,0.7368536524795753,0.5418866308559137,0.4701911705527284,0.7308253041881578,0.5451781370531186,0.47641382089609335,0.543054836837257,0.5198514907855514,0.2935241317438421,0.2118406937749213,0.30480511280845624,0.4077885520700164,0.15350253389187918,0.017364469742004677,0.07142791881254444,0.4206728457699466,0.1860720023217071,0.0,0.0,0.0808607579393181,0.08009718506486635,0.0,0.0,0.3759566481487457,0.0,0.025473656787025806,0.1564180643445699,0.24992198124444892,0.24982059801097514,0.16284523591033556,0.0353937288418622,0.0,0.0,0.0,0.0,0.0,0.4245815560210717,0.0,0.0,0.0,0.0,0.0,0.0,0.0,0.0,0.0,0.0,0.0,0.0,0.0,0.0,0.0,0.0,0.0,0.0,0.0,0.0,0.0,0.0,0.0,0.0,0.0,0.0,0.0,0.0,0.0,0.0,0.0,0.0,0.0,0.0,0.0,0.0,0.0,0.0,0.0,0.0,0.0,0.0,0.0,0.0
0.5455504432270867,0.3053628059575113,0.09638803051440616,0.057752305971537785,0.2149372825904538,0.4765991908356637,0.7368536524795753,1.0,0.7348697926862867,0.5487900640077074,0.543392186237063,0.4790052091131416,0.5523398596896659,0.7361477788364045,0.2935061604455456,0.08718076758611322,0.05937987513191128,0.2159766897101114,0.17139045101157926,0.0,0.0,0.0,0.221361672043632,8.027074115772118e-05,0.0,0.0,0.0,0.0,0.0,0.0,0.12431033418107974,0.0,0.0,0.2524078468791847,0.4859541300427468,0.4857153652547715,0.25577012778776037,0.0,0.0,0.0,0.0,0.0,0.0,0.2706011362045294,0.0,0.0,0.0,0.0,0.0,0.0,0.0,0.0,0.0,0.0,0.0,0.0,0.0,0.0,0.0,0.0,0.0,0.0,0.0,0.0,0.0,0.0,0.0,0.0,0.0,0.0,0.0,0.0,0.0,0.0,0.0,0.0,0.0,0.0,0.0,0.0,0.0,0.0,0.0,0.0,0.0,0.0,0.0,0.0
0.4771858763378872,0.21894198212135113,0.06676589828817667,0.10367443265082908,0.3141948372282428,0.552451437257596,0.5418866308559137,0.7348697926862867,1.0,0.7479070705060867,0.2998761355115551,0.21396436096179278,0.31242940134825764,0.5431630972847357,0.0713949731030093,0.0,0.0,0.0,0.0,0.0,0.0,0.0,0.10329269135130575,0.0,0.0,0.0,0.0,0.0,0.0,0.0,0.0,0.0,0.14187329065554796,0.49192488713591653,0.6858570030256869,0.39315713406371344,0.036581152536846503,0.0,0.0,0.0,0.0,0.0,0.0,0.16872772062885769,0.0,0.0,0.0,0.0,0.0,0.0,0.0,0.0,0.0,0.0,0.0,0.0,0.0,0.0,0.0,0.0,0.0,0.0,0.0,0.0,0.0,0.0,0.0,0.0,0.0,0.0,0.0,0.0,0.0,0.0,0.0,0.0,0.0,0.0,0.0,0.0,0.0,0.0,0.0,0.0,0.0,0.0,0.0,0.0
0.5420707284358037,0.3080447703764638,0.21788587919120234,0.30905510699371436,0.5428808431982713,0.7354867184546514,0.4701911705527284,0.5487900640077074,0.7479070705060867,1.0,0.20243828418593823,0.05572124357330171,0.10311307193904766,0.3114690244333869,0.01732109735024393,0.0,0.0,0.0,0.0,0.0,0.0,0.0,0.12999281630449158,0.0,0.0,0.0,0.0,0.020287618831729054,0.0,0.0,0.03157786421453919,0.03310480194306958,0.3921006956359026,0.6859446224763147,0.4926203501073806,0.14237849676982095,0.0,0.0,0.0,0.0,0.0,0.0,0.0,0.175098521795112,0.0,0.0,0.0,0.0,0.0,0.0,0.0,0.0,0.0,0.0,0.0,0.0,0.0,0.0,0.0,0.0,0.0,0.0,0.0,0.0,0.0,0.0,0.0,0.0,0.0,0.0,0.0,0.0,0.0,0.0,0.0,0.0,0.0,0.0,0.0,0.0,0.0,0.0,0.0,0.0,0.0,0.0,0.0,0.0
0.5221654088190341,0.43177588762092145,0.1751039331905991,0.019950212556348344,0.06691489882462531,0.2858614379178622,0.7308253041881578,0.543392186237063,0.2998761355115551,0.20243828418593823,1.0,0.735430857293222,0.5421403375650108,0.4746487689257588,0.730828235615422,0.5434001264147205,0.47465433176840766,0.542143303228475,0.5221679239061024,0.2858779166852167,0.20246187268022234,0.299890423008268,0.43173364555165605,0.17506044439821686,0.01992161811073834,0.06691283258011238,0.012246109446244366,0.012187179191904653,0.0,0.0,0.3754645182202291,0.0,0.0,0.0,0.031306928938473796,0.1610953121415474,0.24914214866803258,0.24914304586680291,0.1611018584269286,0.03132025774003223,0.0,0.0,0.0,0.3753630160165133,0.0,0.0,0.0,0.0,0.0,0.0,0.0,0.0,0.0,0.0,0.0,0.0,0.0,0.0,0.0,0.0,0.0,0.0,0.0,0.0,0.0,0.0,0.0,0.0,0.0,0.0,0.0,0.0,0.0,0.0,0.0,0.0,0.0,0.0,0.0,0.0,0.0,0.0,0.0,0.0,0.0,0.0,0.0,0.0
0.2988603147518049,0.19358798853115988,0.0,0.0,0.0,0.08634910201812132,0.5451781370531186,0.4790052091131416,0.21396436096179278,0.05572124357330171,0.735430857293222,1.0,0.7361611230929788,0.5512984585663371,0.5451759904273092,0.47900125467961874,0.5512982932065116,0.7361613260458153,0.29885899889744594,0.08634824867505318,0.05572223775210535,0.213960919422778,0.19355841497886148,0.0,0.0,0.0,0.0,0.0,0.0,0.0,0.15091023354692926,0.0,0.0,0.0,0.0,0.2546601193822695,0.4862236762211769,0.48622278093642834,0.2546597666989687,0.0,0.0,0.0,0.0,0.15083263082019477,0.0,0.0,0.0,0.0,0.0,0.0,0.0,0.0,0.0,0.0,0.0,0.0,0.0,0.0,0.0,0.0,0.0,0.0,0.0,0.0,0.0,0.0,0.0,0.0,0.0,0.0,0.0,0.0,0.0,0.0,0.0,0.0,0.0,0.0,0.0,0.0,0.0,0.0,0.0,0.0,0.0,0.0,0.0,0.0
0.21486760156524334,0.050283361246466915,0.0,0.0,0.0,0.06058727745402487,0.47641382089609335,0.5523398596896659,0.31242940134825764,0.10311307193904766,0.5421403375650108,0.7361611230929788,1.0,0.7473485148685469,0.30479804961756984,0.21596826840474695,0.31196449493338635,0.5435050356344355,0.08380585720437843,0.0,0.0,0.0,0.03276824351596062,0.0,0.0,0.0,0.0,0.0,0.0,0.0,0.0,0.0,0.0,0.0,0.14253622652386724,0.4913809165736772,0.6858865552003253,0.393348262998514,0.03535253189284394,0.0,0.0,0.0,0.0,0.037463457125617654,0.0,0.0,0.0,0.0,0.0,0.0,0.0,0.0,0.0,0.0,0.0,0.0,0.0,0.0,0.0,0.0,0.0,0.0,0.0,0.0,0.0,0.0,0.0,0.0,0.0,0.0,0.0,0.0,0.0,0.0,0.0,0.0,0.0,0.0,0.0,0.0,0.0,0.0,0.0,0.0,0.0,0.0,0.0,0.0
0.3048915848465459,0.08937229118128887,0.0,0.0,0.0,0.21506261483375716,0.543054836837257,0.7361477788364045,0.5431630972847357,0.3114690244333869,0.4746487689257588,0.5512984585663371,0.7473485148685469,1.0,0.21182586516608318,0.05936979391382774,0.10276969887201837,0.3119655167000655,0.03827648547643836,0.0,0.0,0.0,0.05098886814478482,0.0,0.0,0.0,0.0,0.0,0.0,0.0,0.0,0.0,0.0,0.03564775110117406,0.394210201320752,0.6859132483228159,0.49147230204969816,0.14154389637024226,0.0,0.0,0.0,0.0,0.0,0.09334700975510758,0.0,0.0,0.0,0.0,0.0,0.0,0.0,0.0,0.0,0.0,0.0,0.0,0.0,0.0,0.0,0.0,0.0,0.0,0.0,0.0,0.0,0.0,0.0,0.0,0.0,0.0,0.0,0.0,0.0,0.0,0.0,0.0,0.0,0.0,0.0,0.0,0.0,0.0,0.0,0.0,0.0,0.0,0.0,0.0
0.4078024135234922,0.4207786408627269,0.18618716068320382,0.0,0.0,0.15348199445035235,0.5198514907855514,0.2935061604455456,0.0713949731030093,0.01732109735024393,0.730828235615422,0.5451759904273092,0.30479804961756984,0.21182586516608318,1.0,0.7368540457782963,0.5430556020793299,0.4764155815772503,0.729828248183756,0.5375755640823631,0.4702036446516476,0.5418892029536535,0.5328022270905793,0.29709718576103655,0.2022993843031323,0.2973134199565584,0.08025619255428564,0.08084784368688934,0.0,0.0,0.42477741277853015,0.0,0.0,0.0,0.0,0.0,0.03538965104952514,0.16284687477665943,0.24982338931657203,0.24992229117364825,0.15643149145709337,0.025490284519652805,0.0,0.3758972128845489,0.0,0.0,0.0,0.0,0.0,0.0,0.0,0.0,0.0,0.0,0.0,0.0,0.0,0.0,0.0,0.0,0.0,0.0,0.0,0.0,0.0,0.0,0.0,0.0,0.0,0.0,0.0,0.0,0.0,0.0,0.0,0.0,0.0,0.0,0.0,0.0,0.0,0.0,0.0,0.0,0.0,0.0,0.0,0.0
0.17143644941984088,0.22150205688664706,0.00024903852955623814,0.0,0.0,0.0,0.2935241317438421,0.08718076758611322,0.0,0.0,0.5434001264147205,0.47900125467961874,0.21596826840474695,0.05936979391382774,0.7368540457782963,1.0,0.7361451959513579,0.5523357767704244,0.545551076895692,0.4766070251776902,0.5487976069943261,0.7348716639098295,0.30535696259980166,0.09639547597572326,0.05776082064563296,0.21494775534235325,0.0,0.0,0.0,0.0,0.2708177418642241,0.0,0.0,0.0,0.0,0.0,0.0,0.25576562042412243,0.4857163107549006,0.4859526335471488,0.25241271884967537,0.0,0.0,0.12426115781502853,0.0,0.0,0.0,0.0,0.0,0.0,0.0,0.0,0.0,0.0,0.0,0.0,0.0,0.0,0.0,0.0,0.0,0.0,0.0,0.0,0.0,0.0,0.0,0.0,0.0,0.0,0.0,0.0,0.0,0.0,0.0,0.0,0.0,0.0,0.0,0.0,0.0,0.0,0.0,0.0,0.0,0.0,0.0,0.0
0.03830814275445433,0.051080480811745696,0.0,0.0,0.0,0.0,0.2118406937749213,0.05937987513191128,0.0,0.0,0.47465433176840766,0.5512982932065116,0.31196449493338635,0.10276969887201837,0.5430556020793299,0.7361451959513579,1.0,0.7473477850422734,0.3048965315547506,0.21506716738194054,0.3114687062679331,0.5431589386511299,0.0893719454919031,0.0,0.0,0.0,0.0,0.0,0.0,0.0,0.09348818583182705,0.0,0.0,0.0,0.0,0.0,0.14154227139360948,0.49147229841040824,0.6859139534852479,0.39420005604041986,0.035641547755027175,0.0,0.0,0.0,0.0,0.0,0.0,0.0,0.0,0.0,0.0,0.0,0.0,0.0,0.0,0.0,0.0,0.0,0.0,0.0,0.0,0.0,0.0,0.0,0.0,0.0,0.0,0.0,0.0,0.0,0.0,0.0,0.0,0.0,0.0,0.0,0.0,0.0,0.0,0.0,0.0,0.0,0.0,0.0,0.0,0.0,0.0,0.0
0.08381849400861371,0.03281786141117815,0.0,0.0,0.0,0.0,0.30480511280845624,0.2159766897101114,0.0,0.0,0.542143303228475,0.7361613260458153,0.5435050356344355,0.3119655167000655,0.4764155815772503,0.5523357767704244,0.7473477850422734,1.0,0.2148740187858144,0.06058902738115712,0.10310989672868964,0.3124225511344858,0.05027774573606538,0.0,0.0,0.0,0.0,0.0,0.0,0.0,0.037557551971028634,0.0,0.0,0.0,0.0,0.03535368194803132,0.39334861500203927,0.6858861546503441,0.49137844836659866,0.142523383953833,0.0,0.0,0.0,0.0,0.0,0.0,0.0,0.0,0.0,0.0,0.0,0.0,0.0,0.0,0.0,0.0,0.0,0.0,0.0,0.0,0.0,0.0,0.0,0.0,0.0,0.0,0.0,0.0,0.0,0.0,0.0,0.0,0.0,0.0,0.0,0.0,0.0,0.0,0.0,0.0,0.0,0.0,0.0,0.0,0.0,0.0,0.0,0.0
0.38386559268355763,0.43158545129042936,0.24914982606376918,0.06570221009623144,0.03194549831197897,0.16157524559574263,0.4077885520700164,0.17139045101157926,0.0,0.0,0.5221679239061024,0.29885899889744594,0.08380585720437843,0.03827648547643836,0.729828248183756,0.545551076895692,0.3048965315547506,0.2148740187858144,1.0,0.7350199055789223,0.5420653821545834,0.4771787874158612,0.7383144840769172,0.5469793217033745,0.4723879074881374,0.5435325000749122,0.15787637369456006,0.30561493656486916,0.00694545262386778,0.07162000221917494,0.39830325681013645,0.0,0.0,0.0,0.0,0.0,0.0,0.0,0.03456577752071898,0.1632390942752039,0.24826495847088134,0.2501419421894536,0.15869294728095673,0.48599506034716694,0.0,0.0,0.0,0.0,0.0,0.0,0.0,0.0,0.0,0.0,0.0,0.0,0.0,0.0,0.0,0.0,0.0,0.0,0.0,0.0,0.0,0.0,0.0,0.0,0.0,0.0,0.0,0.0,0.0,0.0,0.0,0.0,0.0,0.0,0.0,0.0,0.0,0.0,0.0,0.0,0.0,0.0,0.0,0.0
0.16164446164502125,0.27462558597395503,0.14589595237662528,0.0,0.0,0.0,0.15350253389187918,0.0,0.0,0.0,0.2858779166852167,0.08634824867505318,0.0,0.0,0.5375755640823631,0.4766070251776902,0.21506716738194054,0.06058902738115712,0.7350199055789223,1.0,0.7354857955239155,0.5524517559503552,0.5500758162180523,0.4813271756231246,0.5489963168758714,0.7375440628486609,0.1324468227821882,0.2159778791393704,0.03626058145511876,0.0,0.27228748379324424,0.0,0.0,0.0,0.0,0.0,0.0,0.0,0.0,0.25591125074160825,0.48482976650095505,0.4874677804121303,0.2529444936688438,0.2543279289650552,0.0,0.0,0.0,0.0,0.0,0.0,0.0,0.0,0.0,0.0,0.0,0.0,0.0,0.0,0.0,0.0,0.0,0.0,0.0,0.0,0.0,0.0,0.0,0.0,0.012911442336383383,0.0,0.0,0.057906177734225274,0.0,0.08781193084991232,0.0,0.0,0.0,0.0,0.0,0.0,0.0,0.0,0.0,0.0,0.0,0.0,0.08739276671513825,0.0
0.0,0.13026133893094288,0.0,0.0,0.0,0.0,0.017364469742004677,0.0,0.0,0.0,0.20246187268022234,0.05572223775210535,0.0,0.0,0.4702036446516476,0.5487976069943261,0.3114687062679331,0.10310989672868964,0.5420653821545834,0.7354857955239155,1.0,0.7479085566690414,0.3080444106206529,0.2179040535971299,0.3090734767934176,0.5428952576942097,0.020771835069349147,0.0,0.0,0.0,0.1754539996833833,0.0,0.0,0.0,0.0,0.0,0.0,0.0,0.14237811711949694,0.4926201898077916,0.6859448993836855,0.39212966495298607,0.03312198895957916,0.03154986681017098,0.0,0.0,0.0,0.0,0.0,0.0,0.0,0.0,0.0,0.0,0.0,0.0,0.0,0.0,0.0,0.0,0.0,0.0,0.0,0.0,0.0,0.0,0.0,0.0,0.0815589268323503,0.0,0.0,0.002509413812500484,0.0,0.0,0.0,0.0,0.0,0.0,0.0,0.0,0.0,0.0,0.0,0.0,0.0,0.0,0.16889627620273273,0.0
0.0,0.10350216074757929,0.0,0.0,0.0,0.0,0.07142791881254444,0.0,0.0,0.0,0.299890423008268,0.213960919422778,0.0,0.0,0.5418892029536535,0.7348716639098295,0.5431589386511299,0.3124225511344858,0.4771787874158612,0.5524517559503552,0.7479085566690414,1.0,0.21893744934646764,0.06678081320809949,0.1036912546881726,0.3142087220300351,0.0,0.0,0.0,0.0,0.16901514245686328,0.0,0.0,0.0,0.0,0.0,0.0,0.03657150308219406,0.39315504706786203,0.6858567307502279,0.49192369105457495,0.1419048394011384,0.0,0.0,0.0,0.0,0.0,0.0,0.0,0.0,0.0,0.0,0.0,0.0,0.0,0.0,0.0,0.0,0.0,0.0,0.0,0.0,0.0,0.0,0.0,0.0,0.0,0.0,0.0,0.0,0.0,0.0,0.0,0.0,0.0,0.0,0.0,0.0,0.0,0.0,0.0,0.0,0.0,0.0,0.0,0.0,0.0,0.0
0.4314515918819278,0.41272710388606554,0.26243591587711423,0.14573488635334989,0.1522743964746044,0.27438533567722956,0.4206728457699466,0.221361672043632,0.10329269135130575,0.12999281630449158,0.43173364555165605,0.19355841497886148,0.03276824351596062,0.05098886814478482,0.5328022270905793,0.30535696259980166,0.0893719454919031,0.05027774573606538,0.7383144840769172,0.5500758162180523,0.3080444106206529,0.21893744934646764,1.0,0.7425809063038478,0.5485744097608054,0.48344063829794265,0.1210776736534029,0.5479738790469045,0.0,0.3237583302732368,0.29020960463590356,0.0,0.0,0.0,0.0,0.0,0.0,0.0,0.0,0.0,0.03585686167527808,0.16941108708001748,0.25471533715186084,0.6868638963778616,0.0,0.0,0.0,0.0,0.0,0.0,0.0,0.0,0.0,0.0,0.0,0.0,0.0,0.0,0.0,0.0,0.0,0.0,0.0,0.0,0.0,0.0,0.0,0.0,0.0,0.0,0.0,0.0,0.0,0.0,0.0,0.0,0.0,0.0,0.0,0.0,0.0,0.0,0.0,0.0,0.0,0.0,0.0,0.0
0.24900202450154513,0.26243086285613426,0.1863994813106429,0.10343729237088622,0.08548907049633764,0.14560050929398974,0.1860720023217071,8.027074115772118e-05,0.0,0.0,0.17506044439821686,0.0,0.0,0.0,0.29709718576103655,0.09639547597572326,0.0,0.0,0.5469793217033745,0.4813271756231246,0.2179040535971299,0.06678081320809949,0.7425809063038478,1.0,0.7375048732280686,0.5546051181896374,0.0771512241404781,0.7344828331383888,0.0,0.4912084475744564,0.11978776144439905,0.0,0.0,0.0,0.0,0.0,0.0,0.0,0.0,0.0,0.0,0.2581134193492499,0.4850319019431275,0.49269865337604885,0.0,0.0,0.0,0.0,0.0,0.0,0.0,0.0,0.0,0.0,0.0,0.0,0.0,0.0,0.0,0.0,0.0,0.0,0.0,0.0,0.0,0.0,0.0,0.0,0.0,0.0,0.0,0.0,0.0,0.08844083697368048,0.0,0.0,0.0,0.0,0.0,0.0,0.0,0.0,0.0,0.0,0.0,0.0,0.0,0.0
0.06563683311224086,0.14582807772910655,0.10357304149493803,0.0,0.0,0.0,0.0,0.0,0.0,0.0,0.01992161811073834,0.0,0.0,0.0,0.2022993843031323,0.05776082064563296,0.0,0.0,0.4723879074881374,0.5489963168758714,0.3090734767934176,0.1036912546881726,0.5485744097608054,0.7375048732280686,1.0,0.7454849405296656,0.06842029347614913,0.5430367440163221,0.0,0.319879410878053,0.042790676088531536,0.0,0.0,0.0,0.0,0.0,0.0,0.0,0.0,0.0,0.13650096008057055,0.4914723181971946,0.6862555420256895,0.25614646577562566,0.0,0.0,0.0,0.0,0.0,0.0,0.0,0.0,0.0,0.0,0.0,0.0,0.0,0.0,0.0,0.0,0.0,0.0,0.0,0.0,0.0,0.0,0.0,0.009318257701897075,0.0,0.0,0.0,0.22367091652700416,0.0,0.3415148284606014,0.0,0.0,0.0,0.0,0.0,0.0,0.0,0.0,0.0,0.0,0.0,0.0,0.0,0.0
0.031975745994856225,0.15248273372003734,0.08577115693259581,0.0,0.0,0.0,0.0,0.0,0.0,0.0,0.06691283258011238,0.0,0.0,0.0,0.2973134199565584,0.21494775534235325,0.0,0.0,0.5435325000749122,0.7375440628486609,0.5428952576942097,0.3142087220300351,0.48344063829794265,0.5546051181896374,0.7454849405296656,1.0,0.09454171348281686,0.31207172577444986,0.017754371850449476,0.07805701585509231,0.10815941194481053,0.0,0.0,0.0,0.0,0.0,0.0,0.0,0.0,0.03785884714722751,0.390059594951442,0.6859260921696854,0.48946999637485544,0.17052865108082504,0.0,0.0,0.0,0.0,0.0,0.0,0.0,0.0,0.0,0.0,0.0,0.0,0.0,0.0,0.0,0.0,0.0,0.0,0.0,0.0,0.0,0.0,0.0,0.11894339564408028,0.14498314265061898,0.0,0.0,0.28407045301058487,0.0,0.3390937845477272,0.0,0.0,0.0,0.0,0.0,0.0,0.0,0.0,0.0,0.0,0.0,0.0,0.1918017933583354,0.0
0.3056127282400188,0.5479707130902438,0.7344824217730004,0.5430364350328618,0.3120653739004496,0.215962397113099,0.0808607579393181,0.0,0.0,0.0,0.012246109446244366,0.0,0.0,0.0,0.08025619255428564,0.0,0.0,0.0,0.15787637369456006,0.1324468227821882,0.020771835069349147,0.0,0.1210776736534029,0.0771512241404781,0.06842029347614913,0.09454171348281686,1.0,0.0,0.756723917499324,0.0,0.39973971032354133,0.3893254280285289,0.03550731664874596,0.0,0.0,0.0,0.0,0.0,0.0,0.0,0.0,0.0,0.0,0.0,0.0,0.0,0.0,0.0,0.0,0.0,0.0,0.0,0.0,0.0,0.0,0.0,0.0,0.0,0.0,0.0,0.0,0.0,0.0,0.0,0.0,0.0,0.0,0.0,0.0,0.0,0.0,0.0,0.0,0.0,0.0,0.0,0.0,0.0,0.0,0.0,0.0,0.0,0.0,0.0,0.0,0.0,0.0,0.0
0.1576512263939332,0.12098221691923541,0.07702697133502118,0.06812885414287591,0.09408582553886004,0.13201692101175697,0.08009718506486635,0.0,0.0,0.020287618831729054,0.012187179191904653,0.0,0.0,0.0,0.08084784368688934,0.0,0.0,0.0,0.30561493656486916,0.2159778791393704,0.0,0.0,0.5479738790469045,0.7344828331383888,0.5430367440163221,0.31207172577444986,0.0,1.0,0.0,0.7567240218778897,0.0,0.0,0.0,0.0,0.0,0.0,0.0,0.0,0.0,0.0,0.0,0.035506640047744724,0.3893291588828785,0.3997664301290466,0.0,0.0,0.0,0.0,0.0,0.0,0.0,0.0,0.0,0.0,0.0,0.0,0.0,0.0,0.0,0.0,0.0,0.0,0.0,0.0,0.0,0.0,0.0,0.0,0.0,0.0,0.0,0.0,0.0,0.0,0.0,0.0,0.0,0.0,0.0,0.0,0.0,0.0,0.0,0.0,0.0,0.0,0.0,0.0
0.07161700241807441,0.3237536627977601,0.4912079429900205,0.31987759198183796,0.07804990975292307,0.0,0.0,0.0,0.0,0.0,0.0,0.0,0.0,0.0,0.0,0.0,0.0,0.0,0.00694545262386778,0.03626058145511876,0.0,0.0,0.0,0.0,0.0,0.017754371850449476,0.756723917499324,0.0,1.0,0.0,0.23310671029314126,0.22326319241644277,0.0,0.0,0.0,0.0,0.0,0.0,0.0,0.0,0.0,0.0,0.0,0.0,0.0,0.0,0.0,0.0,0.0,0.0,0.0,0.0,0.0,0.0,0.0,0.0,0.0,0.0,0.0,0.0,0.0,0.0,0.0,0.0,0.0,0.0,0.0,0.0,0.0,0.0,0.0,0.0,0.0,0.0,0.0,0.0,0.0,0.0,0.0,0.0,0.0,0.0,0.0,0.0,0.0,0.0,0.0,0.0
0.006675744117081305,0.0,0.0,0.0,0.017178218005544314,0.035748168866477234,0.0,0.0,0.0,0.0,0.0,0.0,0.0,0.0,0.0,0.0,0.0,0.0,0.07162000221917494,0.0,0.0,0.0,0.3237583302732368,0.4912084475744564,0.319879410878053,0.07805701585509231,0.0,0.7567240218778897,0.0,1.0,0.0,0.0,0.0,0.0,0.0,0.0,0.0,0.0,0.0,0.0,0.0,0.0,0.22327010302313802,0.23314180653422042,0.0,0.0,0.0,0.0,0.0,0.0,0.0,0.0,0.0,0.0,0.0,0.0,0.0,0.0,0.0,0.0,0.0,0.0,0.0,0.0,0.0,0.0,0.0,0.0,0.0,0.0,0.0,0.0,0.0,0.0,0.0,0.0,0.0,0.0,0.0,0.0,0.0,0.0,0.0,0.0,0.0,0.0,0.0,0.0
0.486019503331635,0.6868695349152929,0.49269257600470645,0.2561537079268579,0.17054373649079982,0.2543440523391893,0.3759566481487457,0.12431033418107974,0.0,0.03157786421453919,0.3754645182202291,0.15091023354692926,0.0,0.0,0.42477741277853015,0.2708177418642241,0.09348818583182705,0.037557551971028634,0.39830325681013645,0.27228748379324424,0.1754539996833833,0.16901514245686328,0.29020960463590356,0.11978776144439905,0.042790676088531536,0.10815941194481053,0.39973971032354133,0.0,0.23310671029314126,0.0,1.0,0.0,0.0,0.0,0.0,0.0,0.0,0.0,0.0,0.0,0.0,0.0,0.0,0.16687477916595522,0.0,0.0,0.0,0.0,0.0,0.0,0.0,0.0,0.0,0.0,0.0,0.0,0.0,0.0,0.0,0.0,0.0,0.0,0.0,0.0,0.0,0.0,0.0,0.0,0.0,0.0,0.0,0.0,0.0,0.0,0.0,0.0,0.0,0.0,0.0,0.0,0.0,0.0,0.0,0.0,0.0,0.0,0.0,0.0
0.1587052841104668,0.2547253927680189,0.485032805802267,0.6862553564241057,0.4894698543024061,0.25294091143698694,0.0,0.0,0.0,0.03310480194306958,0.0,0.0,0.0,0.0,0.0,0.0,0.0,0.0,0.0,0.0,0.0,0.0,0.0,0.0,0.0,0.0,0.3893254280285289,0.0,0.22326319241644277,0.0,0.0,1.0,0.4067033540272318,0.0,0.0,0.0,0.0,0.0,0.0,0.0,0.0,0.0,0.0,0.0,0.0,0.0,0.0,0.0,0.0,0.0,0.0,0.0,0.0,0.0,0.0,0.0,0.0,0.0,0.0,0.0,0.0,0.0,0.0,0.0,0.0,0.0,0.0,0.0,0.0,0.0,0.0,0.0,0.0,0.0,0.0,0.0,0.0,0.0,0.0,0.0,0.0,0.0,0.0,0.0,0.0,0.0,0.0,0.0
0.2501477711758481,0.16941928384809798,0.2581122371701916,0.49147287892066155,0.6859251914050656,0.4874629488135518,0.025473656787025806,0.0,0.14187329065554796,0.3921006956359026,0.0,0.0,0.0,0.0,0.0,0.0,0.0,0.0,0.0,0.0,0.0,0.0,0.0,0.0,0.0,0.0,0.03550731664874596,0.0,0.0,0.0,0.0,0.4067033540272318,1.0,0.419103668051627,0.0,0.0,0.0,0.0,0.0,0.0,0.0,0.0,0.0,0.0,0.0,0.0,0.0,0.0,0.0,0.0,0.0,0.0,0.0,0.0,0.0,0.0,0.0,0.0,0.0,0.0,0.0,0.0,0.0,0.0,0.0,0.0,0.0,0.0,0.0,0.0,0.0,0.0,0.0,0.0,0.0,0.0,0.0,0.0,0.0,0.0,0.0,0.0,0.0,0.0,0.0,0.0,0.0,0.0
0.24826687099053954,0.03585019597412292,0.0,0.1364665239939062,0.39003127212020783,0.4848265934495237,0.1564180643445699,0.2524078468791847,0.49192488713591653,0.6859446224763147,0.0,0.0,0.0,0.03564775110117406,0.0,0.0,0.0,0.0,0.0,0.0,0.0,0.0,0.0,0.0,0.0,0.0,0.0,0.0,0.0,0.0,0.0,0.0,0.419103668051627,1.0,0.4086797637215723,0.0,0.0,0.0,0.0,0.0,0.0,0.0,0.0,0.0,0.0,0.0,0.0,0.0,0.0,0.0,0.0,0.0,0.0,0.0,0.0,0.0,0.0,0.0,0.0,0.0,0.0,0.0,0.0,0.0,0.0,0.0,0.0,0.0,0.0,0.0,0.0,0.0,0.0,0.0,0.0,0.0,0.0,0.0,0.0,0.0,0.0,0.0,0.0,0.0,0.0,0.0,0.0,0.0
0.16324615199692624,0.0,0.0,0.0,0.03784067393397012,0.25591159512510436,0.24992198124444892,0.4859541300427468,0.6858570030256869,0.4926203501073806,0.031306928938473796,0.0,0.14253622652386724,0.394210201320752,0.0,0.0,0.0,0.0,0.0,0.0,0.0,0.0,0.0,0.0,0.0,0.0,0.0,0.0,0.0,0.0,0.0,0.0,0.0,0.4086797637215723,1.0,0.4256382296796622,0.0,0.0,0.0,0.0,0.0,0.0,0.0,0.0,0.0,0.0,0.0,0.0,0.0,0.0,0.0,0.0,0.0,0.0,0.0,0.0,0.0,0.0,0.0,0.0,0.0,0.0,0.0,0.0,0.0,0.0,0.0,0.0,0.0,0.0,0.0,0.0,0.0,0.0,0.0,0.0,0.0,0.0,0.0,0.0,0.0,0.0,0.0,0.0,0.0,0.0,0.0,0.0
0.034558077638820316,0.0,0.0,0.0,0.0,0.0,0.24982059801097514,0.4857153652547715,0.39315713406371344,0.14237849676982095,0.1610953121415474,0.2546601193822695,0.4913809165736772,0.6859132483228159,0.0,0.0,0.0,0.03535368194803132,0.0,0.0,0.0,0.0,0.0,0.0,0.0,0.0,0.0,0.0,0.0,0.0,0.0,0.0,0.0,0.0,0.4256382296796622,1.0,0.40653144753087617,0.0,0.0,0.0,0.0,0.0,0.0,0.0,0.0,0.0,0.0,0.0,0.0,0.0,0.0,0.0,0.0,0.0,0.0,0.0,0.0,0.0,0.0,0.0,0.0,0.0,0.0,0.0,0.0,0.0,0.0,0.0,0.0,0.0,0.0,0.0,0.0,0.0,0.0,0.0,0.0,0.0,0.0,0.0,0.0,0.0,0.0,0.0,0.0,0.0,0.0,0.0
0.0,0.0,0.0,0.0,0.0,0.0,0.16284523591033556,0.25577012778776037,0.036581152536846503,0.0,0.24914214866803258,0.4862236762211769,0.6858865552003253,0.49147230204969816,0.03538965104952514,0.0,0.14154227139360948,0.39334861500203927,0.0,0.0,0.0,0.0,0.0,0.0,0.0,0.0,0.0,0.0,0.0,0.0,0.0,0.0,0.0,0.0,0.0,0.40653144753087617,1.0,0.4240535004880957,0.0,0.0,0.0,0.0,0.0,0.0,0.0,0.0,0.0,0.0,0.0,0.0,0.0,0.0,0.0,0.0,0.0,0.0,0.0,0.0,0.0,0.0,0.0,0.0,0.0,0.0,0.0,0.0,0.0,0.0,0.0,0.0,0.0,0.0,0.0,0.0,0.0,0.0,0.0,0.0,0.0,0.0,0.0,0.0,0.0,0.0,0.0,0.0,0.0,0.0
0.0,0.0,0.0,0.0,0.0,0.0,0.0353937288418622,0.0,0.0,0.0,0.24914304586680291,0.48622278093642834,0.393348262998514,0.14154389637024226,0.16284687477665943,0.25576562042412243,0.49147229841040824,0.6858861546503441,0.0,0.0,0.0,0.03657150308219406,0.0,0.0,0.0,0.0,0.0,0.0,0.0,0.0,0.0,0.0,0.0,0.0,0.0,0.0,0.4240535004880957,1.0,0.40652787301985693,0.0,0.0,0.0,0.0,0.0,0.0,0.0,0.0,0.0,0.0,0.0,0.0,0.0,0.0,0.0,0.0,0.0,0.0,0.0,0.0,0.0,0.0,0.0,0.0,0.0,0.0,0.0,0.0,0.0,0.0,0.0,0.0,0.0,0.0,0.0,0.0,0.0,0.0,0.0,0.0,0.0,0.0,0.0,0.0,0.0,0.0,0.0,0.0,0.0
0.0,0.0,0.0,0.0,0.0,0.0,0.0,0.0,0.0,0.0,0.1611018584269286,0.2546597666989687,0.03535253189284394,0.0,0.24982338931657203,0.4857163107549006,0.6859139534852479,0.49137844836659866,0.03456577752071898,0.0,0.14237811711949694,0.39315504706786203,0.0,0.0,0.0,0.0,0.0,0.0,0.0,0.0,0.0,0.0,0.0,0.0,0.0,0.0,0.0,0.40652787301985693,1.0,0.4256240537931755,0.0,0.0,0.0,0.0,0.0,0.0,0.0,0.0,0.0,0.0,0.0,0.0,0.0,0.0,0.0,0.0,0.0,0.0,0.0,0.0,0.0,0.0,0.0,0.0,0.0,0.0,0.0,0.0,0.0,0.0,0.0,0.0,0.0,0.0,0.0,0.0,0.0,0.0,0.0,0.0,0.0,0.0,0.0,0.0,0.0,0.0,0.0,0.0
0.0,0.0,0.0,0.0,0.0,0.0,0.0,0.0,0.0,0.0,0.03132025774003223,0.0,0.0,0.0,0.24992229117364825,0.4859526335471488,0.39420005604041986,0.142523383953833,0.1632390942752039,0.25591125074160825,0.4926201898077916,0.6858567307502279,0.0,0.0,0.0,0.03785884714722751,0.0,0.0,0.0,0.0,0.0,0.0,0.0,0.0,0.0,0.0,0.0,0.0,0.4256240537931755,1.0,0.4086735641580593,0.0,0.0,0.0,0.0,0.0,0.0,0.0,0.0,0.0,0.0,0.0,0.0,0.0,0.0,0.0,0.0,0.0,0.0,0.0,0.0,0.0,0.0,0.0,0.0,0.0,0.0,0.0,0.0,0.0,0.0,0.0,0.0,0.0,0.0,0.0,0.0,0.0,0.0,0.0,0.0,0.0,0.0,0.0,0.0,0.0,0.0,0.0
0.0,0.0,0.0,0.0,0.0,0.0,0.0,0.0,0.0,0.0,0.0,0.0,0.0,0.0,0.15643149145709337,0.25241271884967537,0.035641547755027175,0.0,0.24826495847088134,0.48482976650095505,0.6859448993836855,0.49192369105457495,0.03585686167527808,0.0,0.13650096008057055,0.390059594951442,0.0,0.0,0.0,0.0,0.0,0.0,0.0,0.0,0.0,0.0,0.0,0.0,0.0,0.4086735641580593,1.0,0.41916497379989004,0.0,0.0,0.0,0.0,0.0,0.0,0.0,0.0,0.0,0.0,0.0,0.0,0.0,0.0,0.0,0.0,0.0,0.0,0.0,0.0,0.0,0.0,0.0,0.0,0.0,0.0,0.1941792501601871,0.0,0.0,0.0124064095203686,0.0,0.0,0.0,0.0,0.0,0.0,0.0,0.0,0.0,0.0,0.0,0.0,0.0,0.0,0.3069489533376338,0.0
0.0,0.0,0.0,0.0,0.0,0.0,0.0,0.0,0.0,0.0,0.0,0.0,0.0,0.0,0.025490284519652805,0.0,0.0,0.0,0.2501419421894536,0.4874677804121303,0.39212966495298607,0.1419048394011384,0.16941108708001748,0.2581134193492499,0.4914723181971946,0.6859260921696854,0.0,0.035506640047744724,0.0,0.0,0.0,0.0,0.0,0.0,0.0,0.0,0.0,0.0,0.0,0.0,0.41916497379989004,1.0,0.40668989143031054,0.0,0.0,0.0,0.0,0.0,0.0,0.0,0.0,0.0,0.0,0.0,0.0,0.0,0.0,0.0,0.0,0.0,0.0,0.0,0.0,0.0,0.0,0.0,0.0,0.2599733826316682,0.2975023909620884,0.0,0.0,0.4450066789889308,0.0,0.45875602820100153,0.0,0.0,0.0,0.0,0.0,0.0,0.0,0.0,0.0,0.0,0.0,0.0,0.3475021392768225,0.0
0.0,0.0,0.0,0.0,0.0,0.0,0.0,0.0,0.0,0.0,0.0,0.0,0.0,0.0,0.0,0.0,0.0,0.0,0.15869294728095673,0.2529444936688438,0.03312198895957916,0.0,0.25471533715186084,0.4850319019431275,0.6862555420256895,0.48946999637485544,0.0,0.3893291588828785,0.0,0.22327010302313802,0.0,0.0,0.0,0.0,0.0,0.0,0.0,0.0,0.0,0.0,0.0,0.40668989143031054,1.0,0.0,0.0,0.0,0.0,0.0,0.0,0.0,0.0,0.0,0.0,0.0,0.0,0.0,0.0,0.0,0.0,0.0,0.0,0.0,0.0,0.0,0.0,0.0,0.0,0.0,0.0,0.0,0.0,0.26872614938797,0.0,0.46166918784280847,0.0,0.0,0.0,0.0,0.0,0.0,0.0,0.0,0.0,0.0,0.0,0.0,0.0,0.0
0.3980662712854029,0.29010417925609244,0.11968584516395937,0.04260921318381023,0.10786929511409762,0.27195003140136936,0.4245815560210717,0.2706011362045294,0.16872772062885769,0.175098521795112,0.3753630160165133,0.15083263082019477,0.037463457125617654,0.09334700975510758,0.3758972128845489,0.12426115781502853,0.0,0.0,0.48599506034716694,0.2543279289650552,0.03154986681017098,0.0,0.6868638963778616,0.49269865337604885,0.25614646577562566,0.17052865108082504,0.0,0.3997664301290466,0.0,0.23314180653422042,0.16687477916595522,0.0,0.0,0.0,0.0,0.0,0.0,0.0,0.0,0.0,0.0,0.0,0.0,1.0,0.0,0.0,0.0,0.0,0.0,0.0,0.0,0.0,0.0,0.0,0.0,0.0,0.0,0.0,0.0,0.0,0.0,0.0,0.0,0.0,0.0,0.0,0.0,0.0,0.0,0.0,0.0,0.0,0.0,0.0,0.0,0.0,0.0,0.0,0.0,0.0,0.0,0.0,0.0,0.0,0.0,0.0,0.0,0.0
0.0,0.0,0.0,0.0,0.0,0.0,0.0,0.0,0.0,0.0,0.0,0.0,0.0,0.0,0.0,0.0,0.0,0.0,0.0,0.0,0.0,0.0,0.0,0.0,0.0,0.0,0.0,0.0,0.0,0.0,0.0,0.0,0.0,0.0,0.0,0.0,0.0,0.0,0.0,0.0,0.0,0.0,0.0,0.0,1.0,0.7383167221778677,0.5469799904428165,0.4724003820751661,0.5435446093885202,0.7350217686595221,0.7298238097699029,0.5455506030344344,0.47718597098131366,0.5420707419456564,0.5221653699460381,0.29886037975962576,0.21486759797531385,0.3048916115904082,0.4078023934209726,0.17143641982112579,0.03830812831151185,0.08381845650895042,0.3838655209440474,0.16164446290819043,0.0,0.0,0.4314515857851621,0.24900197578082514,0.06563673072654078,0.03197575023526458,0.3056127306229557,0.1576512020631851,0.07161701789869088,0.006675698334285315,0.4860194338164752,0.15870519761222893,0.25014776335590844,0.24826687906525535,0.16324620175210786,0.03455809849713654,0.0,0.0,0.0,0.0,0.0,0.0,0.0,0.3980662647339961
0.0,0.0,0.0,0.0,0.0,0.0,0.0,0.0,0.0,0.0,0.0,0.0,0.0,0.0,0.0,0.0,0.0,0.0,0.0,0.0,0.0,0.0,0.0,0.0,0.0,0.0,0.0,0.0,0.0,0.0,0.0,0.0,0.0,0.0,0.0,0.0,0.0,0.0,0.0,0.0,0.0,0.0,0.0,0.0,0.7383167221778677,1.0,0.7425844784952605,0.5485878771094442,0.4834497949146363,0.5500726601878639,0.5328179530893506,0.30536286736444523,0.21894198602650816,0.30804472929320326,0.43177581360485556,0.1935879650061503,0.05028330002733904,0.08937220969711587,0.4207786060572396,0.22150205499272171,0.05108043691634201,0.03281779057537295,0.43158544520188064,0.27462563558553355,0.13026136420797735,0.10350217781444901,0.4127271059702558,0.26243085040941555,0.14582805887923772,0.1524827893908967,0.5479708094767748,0.12098221223720666,0.32375376580354076,0.0,0.6868695565520944,0.2547253509697599,0.16941924650343457,0.03585015702568273,0.0,0.0,0.0,0.0,0.0,0.0,0.0,0.0,0.0,0.29010419817565297
0.0,0.0,0.0,0.0,0.0,0.0,0.0,0.0,0.0,0.0,0.0,0.0,0.0,0.0,0.0,0.0,0.0,0.0,0.0,0.0,0.0,0.0,0.0,0.0,0.0,0.0,0.0,0.0,0.0,0.0,0.0,0.0,0.0,0.0,0.0,0.0,0.0,0.0,0.0,0.0,0.0,0.0,0.0,0.0,0.5469799904428165,0.7425844784952605,1.0,0.7375075098743599,0.5545992688229022,0.48131158592023376,0.2971064964128537,0.09638808143335899,0.06676586178609695,0.21788582855019623,0.17510386550865362,0.0,0.0,0.0,0.1861871315953517,0.000249067479890549,0.0,0.0,0.24914984877990284,0.1458960266438213,0.0,0.0,0.2624358849139594,0.18639947649835736,0.10357303278142779,0.08577122606594934,0.7344825314888531,0.07702694569948847,0.4912080841636379,0.0,0.49269263954368303,0.4850327222360373,0.2581121210841514,0.0,0.0,0.0,0.0,0.0,0.0,0.0,0.0,0.0,0.0,0.11968583539409956
0.0,0.0,0.0,0.0,0.0,0.0,0.0,0.0,0.0,0.0,0.0,0.0,0.0,0.0,0.0,0.0,0.0,0.0,0.0,0.0,0.0,0.0,0.0,0.0,0.0,0.0,0.0,0.0,0.0,0.0,0.0,0.0,0.0,0.0,0.0,0.0,0.0,0.0,0.0,0.0,0.0,0.0,0.0,0.0,0.4724003820751661,0.5485878771094442,0.7375075098743599,1.0,0.745479925834948,0.5489890225217747,0.20230658346868619,0.05775246581902365,0.1036744884667686,0.30905519098475775,0.019950223773742105,0.0,0.0,0.0,0.0,0.0,0.0,0.0,0.06570225921328325,0.0,0.0,0.0,0.14573488742968874,0.10343732126180535,0.0,0.0,0.5430364680153847,0.06812885083147092,0.3198776731659462,0.0,0.2561538079865626,0.6862552437090664,0.49147280114943775,0.13646656987411943,0.0,0.0,0.0,0.0,0.0,0.0,0.0,0.0,0.0,0.04260923429484973
0.0,0.0,0.0,0.0,0.0,0.0,0.0,0.0,0.0,0.0,0.0,0.0,0.0,0.0,0.0,0.0,0.0,0.0,0.0,0.0,0.0,0.0,0.0,0.0,0.0,0.0,0.0,0.0,0.0,0.0,0.0,0.0,0.0,0.0,0.0,0.0,0.0,0.0,0.0,0.0,0.0,0.0,0.0,0.0,0.5435446093885202,0.4834497949146363,0.5545992688229022,0.745479925834948,1.0,0.7375437386046764,0.29730983167435565,0.21493740590372237,0.31419488127307565,0.5428809603465977,0.06691483927022589,0.0,0.0,0.0,0.0,0.0,0.0,0.0,0.03194545080221298,0.0,0.0,0.0,0.15227435232136152,0.08548906123334513,0.0,0.0,0.31206533279776566,0.09408581548686869,0.07804991620312558,0.01717819028694817,0.17054371138356877,0.4894697760096615,0.6859252007635337,0.3900313668653389,0.03784071496435152,0.0,0.0,0.0,0.0,0.0,0.0,0.0,0.0,0.10786924763633632
0.0,0.0,0.0,0.0,0.0,0.0,0.0,0.0,0.0,0.0,0.0,0.0,0.0,0.0,0.0,0.0,0.0,0.0,0.0,0.0,0.0,0.0,0.0,0.0,0.0,0.0,0.0,0.0,0.0,0.0,0.0,0.0,0.0,0.0,0.0,0.0,0.0,0.0,0.0,0.0,0.0,0.0,0.0,0.0,0.7350217686595221,0.5500726601878639,0.48131158592023376,0.5489890225217747,0.7375437386046764,1.0,0.5375620986800927,0.47659925868654346,0.5524514328758536,0.7354867447487082,0.285861351579062,0.08634912511079888,0.06058718384941307,0.2150625975615567,0.1534819557848812,0.0,0.0,0.0,0.16157518396349305,0.0,0.0,0.0,0.2743853231718206,0.14560051124513895,0.0,0.0,0.2159624328920696,0.1320169363889618,0.0,0.035748142312443366,0.25434401404256424,0.25294089445838397,0.4874629965248503,0.48482660400602806,0.2559115760773011,0.0,0.0,0.0,0.0,0.0,0.0,0.0,0.0,0.27194997653292574
0.0,0.0,0.0,0.0,0.0,0.0,0.0,0.0,0.0,0.0,0.0,0.0,0.0,0.0,0.0,0.0,0.0,0.0,0.0,0.0,0.0,0.0,0.0,0.0,0.0,0.0,0.0,0.0,0.0,0.0,0.0,0.0,0.0,0.0,0.0,0.0,0.0,0.0,0.0,0.0,0.0,0.0,0.0,0.0,0.7298238097699029,0.5328179530893506,0.2971064964128537,0.20230658346868619,0.29730983167435565,0.5375620986800927,1.0,0.7368537299389355,0.5418866738763004,0.4701910861574366,0.730825276567278,0.5451782091290067,0.47641378234656295,0.5430547923619643,0.5198515187745777,0.29352410973327964,0.21184071027050627,0.3048050738171358,0.4077884856633905,0.15350256404161375,0.01736448440514435,0.07142797824233459,0.42067289579265077,0.18607196666092593,0.0,0.0,0.08086082123643067,0.08009717682543566,0.0,0.0,0.37595660061331543,0.0,0.025473654162737037,0.15641799946000204,0.24992196761734997,0.24982056424238508,0.16284522430042558,0.035393815900458245,0.0,0.0,0.0,0.0,0.0,0.42458156233699507
0.0,0.0,0.0,0.0,0.0,0.0,0.0,0.0,0.0,0.0,0.0,0.0,0.0,0.0,0.0,0.0,0.0,0.0,0.0,0.0,0.0,0.0,0.0,0.0,0.0,0.0,0.0,0.0,0.0,0.0,0.0,0.0,0.0,0.0,0.0,0.0,0.0,0.0,0.0,0.0,0.0,0.0,0.0,0.0,0.5455506030344344,0.30536286736444523,0.09638808143335899,0.05775246581902365,0.21493740590372237,0.47659925868654346,0.7368537299389355,1.0,0.7348698683091295,0.5487900325762542,0.5433922082494149,0.4790052902745228,0.5523397172990961,0.7361476895285584,0.2935062415292007,0.0871807571026244,0.059379900902604345,0.21597662371702092,0.1713904486984258,0.0,0.0,0.0,0.2213618106296397,8.033879886895737e-05,0.0,0.0,0.0,0.0,0.0,0.0,0.12431036496866162,0.0,0.0,0.2524078289939419,0.4859540986686243,0.4857152203966294,0.25577005063039765,0.0,0.0,0.0,0.0,0.0,0.0,0.27060119928052223
0.0,0.0,0.0,0.0,0.0,0.0,0.0,0.0,0.0,0.0,0.0,0.0,0.0,0.0,0.0,0.0,0.0,0.0,0.0,0.0,0.0,0.0,0.0,0.0,0.0,0.0,0.0,0.0,0.0,0.0,0.0,0.0,0.0,0.0,0.0,0.0,0.0,0.0,0.0,0.0,0.0,0.0,0.0,0.0,0.47718597098131366,0.21894198602650816,0.06676586178609695,0.1036744884667686,0.31419488127307565,0.5524514328758536,0.5418866738763004,0.7348698683091295,1.0,0.7479069525119665,0.29987616604203904,0.21396452044763048,0.3124293794116654,0.5431632120614718,0.07139504472509352,0.0,0.0,0.0,0.0,0.0,0.0,0.0,0.10329275490438823,0.0,0.0,0.0,0.0,0.0,0.0,0.0,0.0,0.0,0.14187331965682456,0.4919247665368735,0.6858569595704084,0.39315712374505857,0.03658122132703486,0.0,0.0,0.0,0.0,0.0,0.0,0.16872769435245047
0.0,0.0,0.0,0.0,0.0,0.0,0.0,0.0,0.0,0.0,0.0,0.0,0.0,0.0,0.0,0.0,0.0,0.0,0.0,0.0,0.0,0.0,0.0,0.0,0.0,0.0,0.0,0.0,0.0,0.0,0.0,0.0,0.0,0.0,0.0,0.0,0.0,0.0,0.0,0.0,0.0,0.0,0.0,0.0,0.5420707419456564,0.30804472929320326,0.21788582855019623,0.30905519098475775,0.5428809603465977,0.7354867447487082,0.4701910861574366,0.5487900325762542,0.7479069525119665,1.0,0.20243817256083516,0.05572124137335136,0.10311290237118552,0.31146897373590177,0.01732105077677194,0.0,0.0,0.0,0.0,0.0,0.0,0.0,0.12999282094525802,0.0,0.0,0.0,0.0,0.02028767022280695,0.0,0.0,0.03157781337866721,0.033104836611945083,0.392100831483538,0.6859446433700799,0.4926202643799174,0.1423783594993333,0.0,0.0,0.0,0.0,0.0,0.0,0.0,0.17509844583375578
0.0,0.0,0.0,0.0,0.0,0.0,0.0,0.0,0.0,0.0,0.0,0.0,0.0,0.0,0.0,0.0,0.0,0.0,0.0,0.0,0.0,0.0,0.0,0.0,0.0,0.0,0.0,0.0,0.0,0.0,0.0,0.0,0.0,0.0,0.0,0.0,0.0,0.0,0.0,0.0,0.0,0.0,0.0,0.0,0.5221653699460381,0.43177581360485556,0.17510386550865362,0.019950223773742105,0.06691483927022589,0.285861351579062,0.730825276567278,0.5433922082494149,0.29987616604203904,0.20243817256083516,1.0,0.7354309222874809,0.5421403683652304,0.47464869457482634,0.7308282619006472,0.5434001017412315,0.4746543793467575,0.5421433083430718,0.5221678084604725,0.28587788861185887,0.2024618624914392,0.2998904894697468,0.43173366364397975,0.175060340023947,0.01992152191774255,0.06691282073389948,0.012246130969716919,0.01218711546392209,0.0,0.0,0.37546441917623036,0.0,0.0,0.0,0.03130691006594178,0.16109530421721124,0.24914215593363107,0.24914316845621198,0.16110194605176173,0.03132027545715201,0.0,0.0,0.0,0.37536301852907766
0.0,0.0,0.0,0.0,0.0,0.0,0.0,0.0,0.0,0.0,0.0,0.0,0.0,0.0,0.0,0.0,0.0,0.0,0.0,0.0,0.0,0.0,0.0,0.0,0.0,0.0,0.0,0.0,0.0,0.0,0.0,0.0,0.0,0.0,0.0,0.0,0.0,0.0,0.0,0.0,0.0,0.0,0.0,0.0,0.29886037975962576,0.1935879650061503,0.0,0.0,0.0,0.08634912511079888,0.5451782091290067,0.4790052902745228,0.21396452044763048,0.05572124137335136,0.7354309222874809,1.0,0.7361612479739207,0.551298459440984,0.5451759941340295,0.47900109772879734,0.5512982175655233,0.7361611773465414,0.2988588921378304,0.08634818313754246,0.05572215471274412,0.21396089692824258,0.19355849831090002,0.0,0.0,0.0,0.0,0.0,0.0,0.0,0.15091014096640223,0.0,0.0,0.0,0.0,0.2546602222933182,0.48622368169251917,0.48622278960148874,0.25465966714241844,0.0,0.0,0.0,0.0,0.1508327143885272
