1.0,0.738316732223232,0.5469799148707412,0.4724004058318214,0.5435446016081947,0.735021831550078,0.7298237470380221,0.5455506944087535,0.47718601705498936,0.5420708448240593,0.5221653460866901,0.29886037462207077,0.21486766273093627,0.30489165417803776,0.4078023902218785,0.17143635530825438,0.03830812244416903,0.08381840582000487,0.38386544534499784,0.16164438021059613,0.0,0.0,0.43145160644938474,0.24900196985074255,0.06563668576028948,0.031975685472098066,0.30561274914536973,0.15765121185517286,0.07161697531172202,0.006675709730187808,0.4860193641160134,0.15870523200763478,0.2501477401915133,0.2482669646519395,0.16324616006248016,0.03455803592148472,0.0,0.0,0.0,0.0,0.0,0.0,0.0,0.39806626011720564,0.0,0.0,0.0,0.0,0.0,0.0,0.0,0.0,0.0,0.0,0.0,0.0,0.0,0.0,0.0,0.0,0.0,0.0,0.0,0.0,0.0,0.0,0.0,0.024201398371472095,0.0,0.0,0.0,0.052547322924338204,0.0,0.0,0.0,0.0,0.0,0.0,0.0,0.0,0.0,0.0,0.0,0.0,0.0,0.0,0.0,0.0
0.738316732223232,1.0,0.7425843477657349,0.5485877833685993,0.4834497286891724,0.5500726739294141,0.5328179505457172,0.3053630155659076,0.21894204294387182,0.3080448002149505,0.4317758403132796,0.19358806795304576,0.05028343427372161,0.08937231910336059,0.4207786613490847,0.2215020987134408,0.051080515487095204,0.03281781421412547,0.4315854423117404,0.2746255895697296,0.13026134648086718,0.10350223413835373,0.41272709972895655,0.262430835245905,0.1458280000758706,0.1524827320300993,0.5479707745501372,0.12098218033925226,0.3237536870488139,0.0,0.6868695097213742,0.25472532502125206,0.16941915900008447,0.035850199437353944,0.0,0.0,0.0,0.0,0.0,0.0,0.0,0.0,0.0,0.2901042037871596,0.0,0.0,0.0,0.0,0.0,0.0,0.0,0.0,0.0,0.0,0.0,0.0,0.0,0.0,0.0,0.0,0.0,0.0,0.0,0.0,0.0,0.0,0.0,0.0,0.0,0.0,0.0,0.0,0.0,0.0,0.0,0.0,0.0,0.0,0.0,0.0,0.0,0.0,0.0,0.0,0.0,0.0,0.0,0.0
0.5469799148707412,0.7425843477657349,1.0,0.7375074472759988,0.5545992223423587,0.4813115265494456,0.29710636868252055,0.09638809284765631,0.06676583508172343,0.2178858029585101,0.17510376648958445,0.0,0.0,0.0,0.18618709036407635,0.00024903687123929756,0.0,0.0,0.24914982424470658,0.14589597933052464,0.0,0.0,0.2624358591572307,0.18639948029448342,0.1035730370099982,0.08577121487824704,0.7344826361957656,0.07702694873221759,0.49120812189812885,0.0,0.49269249697603157,0.48503280543839183,0.25811205879995464,0.0,0.0,0.0,0.0,0.0,0.0,0.0,0.0,0.0,0.0,0.11968581544027677,0.0,0.0,0.0,0.0,0.0,0.0,0.0,0.0,0.0,0.0,0.0,0.0,0.0,0.0,0.0,0.0,0.0,0.0,0.0,0.0,0.0,0.0,0.0,0.0,0.0,0.0,0.0,0.0,0.0,0.0,0.0,0.0,0.0,0.0,0.0,0.0,0.0,0.0,0.0,0.0,0.0,0.0,0.0,0.0
0.4724004058318214,0.5485877833685993,0.7375074472759988,1.0,0.7454800093466504,0.548989058273493,0.20230654518372695,0.057752560100922806,0.10367460497508815,0.30905526137802447,0.019950197149737378,0.0,0.0,0.0,0.0,0.0,0.0,0.0,0.06570221292023402,0.0,0.0,0.0,0.14573489018452443,0.10343728650904961,0.0,0.0,0.5430364430336153,0.06812885344520764,0.31987757895772445,0.0,0.25615366487271773,0.6862552521980883,0.4914728565723048,0.13646665447826764,0.0,0.0,0.0,0.0,0.0,0.0,0.0,0.0,0.0,0.04260927049782631,0.0,0.0,0.0,0.0,0.0,0.0,0.0,0.0,0.0,0.0,0.0,0.0,0.0,0.0,0.0,0.0,0.0,0.0,0.0,0.0,0.0,0.0,0.0,0.0,0.0,0.0,0.0,0.0,0.0,0.0,0.0,0.0,0.0,0.0,0.0,0.0,0.0,0.0,0.0,0.0,0.0,0.0,0.0,0.0
0.5435446016081947,0.4834497286891724,0.5545992223423587,0.7454800093466504,1.0,0.737543677879234,0.2973097597748973,0.21493741258173937,0.31419492858902603,0.5428809277897487,0.06691480797214866,0.0,0.0,0.0,0.0,0.0,0.0,0.0,0.0319453918923286,0.0,0.0,0.0,0.1522743750671865,0.08548902624952304,0.0,0.0,0.312065381014695,0.09408581705647898,0.07804989792964162,0.017178190701269587,0.17054359875300004,0.48946978306957367,0.6859251789107385,0.3900313632501701,0.03784063500981421,0.0,0.0,0.0,0.0,0.0,0.0,0.0,0.0,0.10786926250174629,0.0,0.0,0.0,0.0,0.0,0.0,0.0,0.0,0.0,0.0,0.0,0.0,0.0,0.0,0.0,0.0,0.0,0.0,0.0,0.0,0.0,0.0,0.0,0.0,0.0,0.0,0.0,0.0,0.0,0.0,0.0,0.0,0.0,0.0,0.0,0.0,0.0,0.0,0.0,0.0,0.0,0.0,0.0,0.0
0.735021831550078,0.5500726739294141,0.4813115265494456,0.548989058273493,0.737543677879234,1.0,0.5375621041055427,0.4765993286809732,0.5524515153321783,0.7354867791440035,0.2858614012765978,0.08634916534199948,0.060587302360558495,0.2150626609288441,0.1534820100657415,0.0,0.0,0.0,0.16157514617828417,0.0,0.0,0.0,0.2743853793347928,0.14560048565677294,0.0,0.0,0.2159624798587556,0.13201692554788086,0.0,0.03574810921207894,0.254343976710258,0.25294087488224853,0.4874629110933908,0.48482662959064066,0.25591152805989803,0.0,0.0,0.0,0.0,0.0,0.0,0.0,0.0,0.2719500056193067,0.0,0.0,0.0,0.0,0.0,0.0,0.0,0.0,0.0,0.0,0.0,0.0,0.0,0.0,0.0,0.0,0.0,0.0,0.0,0.0,0.0,0.0,0.0,0.0,0.0,0.0,0.0,0.0,0.0,0.0,0.0,0.0,0.0,0.0,0.0,0.0,0.0,0.0,0.0,0.0,0.0,0.0,0.0,0.0
0.7298237470380221,0.5328179505457172,0.29710636868252055,0.20230654518372695,0.2973097597748973,0.5375621041055427,1.0,0.7368538958358634,0.5418866872501726,0.47019117790717535,0.7308253164563902,0.545178248949584,0.47641391824261786,0.5430549066831505,0.519851527147438,0.29352403321231524,0.2118407428039206,0.3048050877023527,0.4077883640817452,0.1535024598030225,0.017364425331540728,0.07142796858487818,0.42067287805587583,0.186071919217185,0.0,0.0,0.08086078194480673,0.08009713351561655,0.0,0.0,0.37595656060927257,0.0,0.025473572722360453,0.15641806728918153,0.2499219540383985,0.24982055516578053,0.16284527903754864,0.03539381223609445,0.0,0.0,0.0,0.0,0.0,0.4245814888141112,0.0,0.0,0.0,0.0,0.0,0.0,0.0,0.0,0.0,0.0,0.0,0.0,0.0,0.0,0.0,0.0,0.0,0.0,0.0,0.0,0.0,0.0,0.08732651030844019,0.20056220946868272,0.1834999172755952,0.06921269674684011,0.0,0.21464118697583967,0.0,0.13404759397157737,0.0,0.0,0.0,0.0,0.0,0.0,0.0,0.0,0.0,0.0,0.0,0.0,0.07111040620879984,0.0
0.5455506944087535,0.3053630155659076,0.09638809284765631,0.057752560100922806,0.21493741258173937,0.4765993286809732,0.7368538958358634,1.0,0.7348697385993239,0.5487901000593809,0.5433923813310723,0.479005333755538,0.5523398191159477,0.736147681079694,0.2935063857667702,0.08718078602100798,0.05938002095192726,0.21597671420256953,0.1713904664411411,0.0,0.0,0.0,0.22136194020718328,8.040467575200062e-05,0.0,0.0,0.0,0.0,0.0,0.0,0.12431048581135976,0.0,0.0,0.25240786574020413,0.48595395208252856,0.4857150732680941,0.2557700487657205,0.0,0.0,0.0,0.0,0.0,0.0,0.27060123829240196,0.0,0.0,0.0,0.0,0.0,0.0,0.0,0.0,0.0,0.0,0.0,0.0,0.0,0.0,0.0,0.0,0.0,0.0,0.0,0.0,0.0,0.0,0.0,0.16825751972719236,0.1602355121312922,0.0,0.0,0.2489821685882408,0.0,0.2213486643564827,0.0,0.0,0.0,0.0,0.0,0.0,0.0,0.0,0.0,0.0,0.0,0.0,0.1042588656502409,0.0
0.47718601705498936,0.21894204294387182,0.06676583508172343,0.10367460497508815,0.31419492858902603,0.5524515153321783,0.5418866872501726,0.7348697385993239,1.0,0.7479070988276987,0.2998761943743293,0.2139644339910123,0.3124293818322675,0.5431631319982615,0.07139506475043146,0.0,0.0,0.0,0.0,0.0,0.0,0.0,0.10329283823328543,0.0,0.0,0.0,0.0,0.0,0.0,0.0,0.0,0.0,0.14187336381850563,0.4919249244029501,0.6858568678444157,0.39315700099113854,0.036581135565738526,0.0,0.0,0.0,0.0,0.0,0.0,0.1687277107758563,0.0,0.0,0.0,0.0,0.0,0.0,0.0,0.0,0.0,0.0,0.0,0.0,0.0,0.0,0.0,0.0,0.0,0.0,0.0,0.0,0.0,0.0,0.0,0.020191041460414217,0.0,0.0,0.0,0.16398412570792378,0.0,0.20366724650377982,0.0,0.0,0.0,0.0,0.0,0.0,0.0,0.0,0.0,0.0,0.0,0.0,0.0,0.0
0.5420708448240593,0.3080448002149505,0.2178858029585101,0.30905526137802447,0.5428809277897487,0.7354867791440035,0.47019117790717535,0.5487901000593809,0.7479070988276987,1.0,0.20243830385719824,0.055721321677966174,0.10311307562356553,0.3114690694269213,0.01732116501392271,0.0,0.0,0.0,0.0,0.0,0.0,0.0,0.12999292612311752,0.0,0.0,0.0,0.0,0.020287668952104394,0.0,0.0,0.03157784244767729,0.03310481886488694,0.3921007463982764,0.6859446192088394,0.49262022949710343,0.1423783903485735,0.0,0.0,0.0,0.0,0.0,0.0,0.0,0.17509850343053465,0.0,0.0,0.0,0.0,0.0,0.0,0.0,0.0,0.0,0.0,0.0,0.0,0.0,0.0,0.0,0.0,0.0,0.0,0.0,0.0,0.0,0.0,0.0,0.0,0.0,0.0,0.0,0.04712346504445153,0.0,0.09121764238849932,0.0,0.0,0.0,0.0,0.0,0.0,0.0,0.0,0.0,0.0,0.0,0.0,0.0,0.0
0.5221653460866901,0.4317758403132796,0.17510376648958445,0.019950197149737378,0.06691480797214866,0.2858614012765978,0.7308253164563902,0.5433923813310723,0.2998761943743293,0.20243830385719824,1.0,0.7354309991008723,0.54214049259248,0.4746488312520845,0.7308282222455856,0.5433999627662611,0.4746543701472158,0.5421432828628148,0.5221676751461449,0.285877776754694,0.20246177743780297,0.2998904297443047,0.4317336298475015,0.17506032711206243,0.01992142520066672,0.06691270638555372,0.012246081506092776,0.012187098916874244,0.0,0.0,0.3754644168163448,0.0,0.0,0.0,0.03130693468495675,0.16109531106737868,0.24914221712139786,0.24914315673648318,0.16110178901915712,0.03132016251645933,0.0,0.0,0.0,0.3753629529920284,0.0,0.0,0.0,0.0,0.0,0.0,0.0,0.0,0.0,0.0,0.0,0.0,0.0,0.0,0.0,0.0,0.0,0.0,0.11771228122190529,0.17346362475704538,0.034903538604128086,0.0,0.17693927244655255,0.278254890580866,0.32400327520291394,0.2702650513055045,0.0,0.20559664415594123,0.0,0.0643926175913543,0.0,0.0,0.0,0.0,0.0,0.0,0.0,0.0,0.0,0.0,0.0,0.10145755324263732,0.19012131685105071,0.0
0.29886037462207077,0.19358806795304576,0.0,0.0,0.0,0.08634916534199948,0.545178248949584,0.479005333755538,0.2139644339910123,0.055721321677966174,0.7354309991008723,1.0,0.736161197450291,0.5512984535338693,0.5451760756346067,0.4790010674919247,0.5512983006567901,0.736161223420264,0.29885887464574484,0.08634821003269588,0.05572222139836575,0.21396096333890044,0.19355853197978945,0.0,0.0,0.0,0.0,0.0,0.0,0.0,0.15091025917007336,0.0,0.0,0.0,0.0,0.25466009713533216,0.4862236213046845,0.4862227494542197,0.2546596207080253,0.0,0.0,0.0,0.0,0.15083266978306611,0.0,0.0,0.0,0.0,0.0,0.0,0.0,0.0,0.0,0.0,0.0,0.0,0.0,0.0,0.0,0.0,0.0,0.0,0.03301854174803989,0.15173992097765268,0.023812938357311287,0.0,0.0773546981356636,0.22820669426530754,0.3601832782986813,0.3159898770501476,0.0,0.1466991409760524,0.0,0.0033498121294958144,0.0,0.0,0.0,0.0,0.0,0.0,0.0,0.0,0.0,0.0,0.0,0.20809925149328112,0.2863278023434188,0.0
0.21486766273093627,0.05028343427372161,0.0,0.0,0.0,0.060587302360558495,0.47641391824261786,0.5523398191159477,0.3124293818322675,0.10311307562356553,0.54214049259248,0.736161197450291,1.0,0.7473484245806779,0.3047981747188971,0.21596815390997443,0.31196461045182144,0.5435050981929932,0.08380573772682284,0.0,0.0,0.0,0.03276837315061392,0.0,0.0,0.0,0.0,0.0,0.0,0.0,0.0,0.0,0.0,0.0,0.1425362135198771,0.4913808309961062,0.6858865036557026,0.3933483130392754,0.035352488581598486,0.0,0.0,0.0,0.0,0.03746345150297127,0.0,0.0,0.0,0.0,0.0,0.0,0.0,0.0,0.0,0.0,0.0,0.0,0.0,0.0,0.0,0.0,0.0,0.0,0.0,0.0,0.0,0.0,0.0,0.1732100484180814,0.3059412899625043,0.1956794852762871,0.0,0.15872026650578322,0.0,0.061132758670258504,0.0,0.0,0.0,0.0,0.0,0.0,0.0,0.0,0.0,0.0,0.0,0.09267061000668347,0.3050584426533462,0.0
0.30489165417803776,0.08937231910336059,0.0,0.0,0.0,0.2150626609288441,0.5430549066831505,0.736147681079694,0.5431631319982615,0.3114690694269213,0.4746488312520845,0.5512984535338693,0.7473484245806779,1.0,0.21182591035445753,0.05936959825605331,0.10276970319870042,0.31196545488604704,0.03827629940196713,0.0,0.0,0.0,0.0509889764955364,0.0,0.0,0.0,0.0,0.0,0.0,0.0,0.0,0.0,0.0,0.035647820299803276,0.39421027747032317,0.6859131891064326,0.49147224733377826,0.1415438526167647,0.0,0.0,0.0,0.0,0.0,0.09334697391914902,0.0,0.0,0.0,0.0,0.0,0.0,0.0,0.0,0.0,0.0,0.0,0.0,0.0,0.0,0.0,0.0,0.0,0.0,0.0,0.0,0.0,0.0,0.0,0.16206379047017075,0.22490453817648773,0.0591350108424561,0.0,0.2251199008325445,0.0,0.18430691453899908,0.0,0.0,0.0,0.0,0.0,0.0,0.0,0.0,0.0,0.0,0.0,0.0,0.22424994838774034,0.0
0.4078023902218785,0.4207786613490847,0.18618709036407635,0.0,0.0,0.1534820100657415,0.519851527147438,0.2935063857667702,0.07139506475043146,0.01732116501392271,0.7308282222455856,0.5451760756346067,0.3047981747188971,0.21182591035445753,1.0,0.7368539747677965,0.5430556105924834,0.4764155289342641,0.7298280943346048,0.5375754467716236,0.4702035608275168,0.5418892148592471,0.532802234859185,0.2970971290494191,0.20229925958508438,0.29731331851188847,0.08025619249179455,0.08084780937735601,0.0,0.0,0.4247773983905616,0.0,0.0,0.0,0.0,0.0,0.035389679580548616,0.16284696203869992,0.24982333311332544,0.24992219502523114,0.156431374265455,0.025490209192651377,0.0,0.3758972600225365,0.0,0.0,0.0,0.0,0.0,0.0,0.0,0.0,0.0,0.0,0.0,0.0,0.0,0.0,0.10517440710248355,0.06869649454914141,0.0,0.0,0.25228917305895293,0.30263212312427934,0.2097283921173611,0.1107093336824061,0.24416536337322645,0.2628986050078676,0.29257780009925055,0.31625093346214245,0.0,0.1251084925044366,0.0,0.0,0.0,0.0,0.0,0.0,0.0,0.0,0.0,0.0,0.0,0.0,0.03812204284510337,0.13441926726560818,0.09338016470284496,0.02516463060588766
0.17143635530825438,0.2215020987134408,0.00024903687123929756,0.0,0.0,0.0,0.29352403321231524,0.08718078602100798,0.0,0.0,0.5433999627662611,0.4790010674919247,0.21596815390997443,0.05936959825605331,0.7368539747677965,1.0,0.7361450366247841,0.5523355152371704,0.5455510789623276,0.47660708425987675,0.5487977617266955,0.734871893557688,0.3053569669046939,0.09639548065339583,0.057760847795629615,0.21494780994045773,0.0,0.0,0.0,0.0,0.270817802571432,0.0,0.0,0.0,0.0,0.0,0.0,0.2557654972623053,0.48571621672360776,0.48595271668925666,0.2524128261982252,0.0,0.0,0.1242611496860803,0.0,0.0,0.0,0.0,0.0,0.0,0.0,0.0,0.0,0.0,0.0,0.0,0.0,0.0,0.06869649454914141,0.09956442143736374,0.0,0.0,0.19728966820277738,0.3211336087870049,0.3124726919440198,0.20906678307823318,0.11625146001699878,0.12384315337821204,0.21640654380304697,0.32238514253396855,0.0,0.0,0.0,0.0,0.0,0.0,0.0,0.0,0.0,0.0,0.0,0.0,0.0,0.017238840512935626,0.19035182549516674,0.19984010151801992,0.017477599870768513,0.0
0.03830812244416903,0.051080515487095204,0.0,0.0,0.0,0.0,0.2118407428039206,0.05938002095192726,0.0,0.0,0.4746543701472158,0.5512983006567901,0.31196461045182144,0.10276970319870042,0.5430556105924834,0.7361450366247841,1.0,0.7473477919073033,0.30489644489030887,0.21506707079253098,0.31146864359297866,0.5431589196972756,0.08937196258335728,0.0,0.0,0.0,0.0,0.0,0.0,0.0,0.09348820126297591,0.0,0.0,0.0,0.0,0.0,0.14154229208318644,0.4914723941319024,0.685913842349834,0.39419994939753794,0.03564141864480623,0.0,0.0,0.0,0.0,0.0,0.0,0.0,0.0,0.0,0.0,0.0,0.0,0.0,0.0,0.0,0.0,0.0,0.0,0.0,0.0,0.0,0.06607382441270081,0.24937916732070323,0.25072547864787204,0.09349967757905378,0.0,0.05047661188259336,0.21120214899356715,0.3264849635541,0.0,0.0,0.0,0.0,0.0,0.0,0.0,0.0,0.0,0.0,0.0,0.0,0.0,0.0,0.1957579568407112,0.27716436487384466,0.061501288470643685,0.0
0.08381840582000487,0.03281781421412547,0.0,0.0,0.0,0.0,0.3048050877023527,0.21597671420256953,0.0,0.0,0.5421432828628148,0.736161223420264,0.5435050981929932,0.31196545488604704,0.4764155289342641,0.5523355152371704,0.7473477919073033,1.0,0.21487380258127767,0.060588870303985604,0.10310979488218114,0.3124225187782114,0.050277706070075874,0.0,0.0,0.0,0.0,0.0,0.0,0.0,0.03755747449722003,0.0,0.0,0.0,0.0,0.035353651017336604,0.39334862145524124,0.6858862949864459,0.4913783353192211,0.14252327810581739,0.0,0.0,0.0,0.0,0.0,0.0,0.0,0.0,0.0,0.0,0.0,0.0,0.0,0.0,0.0,0.0,0.0,0.0,0.0,0.0,0.0,0.0,0.008233002993527772,0.18630987150922804,0.12340277784426425,0.0,0.0,0.11017291897031332,0.2938495033230518,0.3416705030491534,0.0,0.0,0.0,0.0,0.0,0.0,0.0,0.0,0.0,0.0,0.0,0.0,0.0,0.0,0.06642237279215941,0.3005997658868011,0.2033908575354729,0.0
0.38386544534499784,0.4315854423117404,0.24914982424470658,0.06570221292023402,0.0319453918923286,0.16157514617828417,0.4077883640817452,0.1713904664411411,0.0,0.0,0.5221676751461449,0.29885887464574484,0.08380573772682284,0.03827629940196713,0.7298280943346048,0.5455510789623276,0.30489644489030887,0.21487380258127767,1.0,0.7350200420414429,0.5420654971059623,0.47717889669944197,0.7383143897034409,0.5469793234546129,0.4723879403127058,0.5435326343684301,0.1578764741078812,0.30561490090984633,0.006945559327954993,0.07162000913788005,0.3983032592630404,0.0,0.0,0.0,0.0,0.0,0.0,0.0,0.03456569005328552,0.16323910254618992,0.2482650791652893,0.25014210284833366,0.1586930133930254,0.48599499518153416,0.0,0.0,0.0,0.0,0.0,0.0,0.0,0.0,0.0,0.0,0.11771228122190529,0.03301854174803989,0.0,0.0,0.25228917305895293,0.19728966820277738,0.06607382441270081,0.008233002993527772,0.3388480558689563,0.2975881474200317,0.19843654619004464,0.16428682284530538,0.3327333796968029,0.26975648694757787,0.21444860503212482,0.23114337627031087,0.0,0.13597608748890513,0.0,0.0,0.0,0.0,0.0,0.0,0.0,0.0,0.0,0.0,0.0,0.0,0.0,0.00013333910128888036,0.0,0.1644636490117055
0.16164438021059613,0.2746255895697296,0.14589597933052464,0.0,0.0,0.0,0.1535024598030225,0.0,0.0,0.0,0.285877776754694,0.08634821003269588,0.0,0.0,0.5375754467716236,0.47660708425987675,0.21506707079253098,0.060588870303985604,0.7350200420414429,1.0,0.7354857609325268,0.5524517342301266,0.5500757208050583,0.48132717864464614,0.5489963440878122,0.7375440591134989,0.13244684073280466,0.21597785386728818,0.03626059687993607,0.0,0.2722874921431665,0.0,0.0,0.0,0.0,0.0,0.0,0.0,0.0,0.2559111748748324,0.4848297575971131,0.4874678238118346,0.2529445093256766,0.25432797812500013,0.0,0.0,0.0,0.0,0.0,0.0,0.0,0.0,0.0,0.0,0.17346362475704538,0.15173992097765268,0.0,0.0,0.30263212312427934,0.3211336087870049,0.24937916732070323,0.18630987150922804,0.2975881474200317,0.2513692833706763,0.2295647296699844,0.27242366612799135,0.2142675706627327,0.09072996903802596,0.040062344392320634,0.11486716812875336,0.0,0.0,0.0,0.0,0.0,0.0,0.0,0.0,0.0,0.0,0.0,0.0,0.05954008186176361,0.06519494698852277,0.0,0.0,0.0,0.056795295193546
0.0,0.13026134648086718,0.0,0.0,0.0,0.0,0.017364425331540728,0.0,0.0,0.0,0.20246177743780297,0.05572222139836575,0.0,0.0,0.4702035608275168,0.5487977617266955,0.31146864359297866,0.10310979488218114,0.5420654971059623,0.7354857609325268,1.0,0.747908542293216,0.3080443248233873,0.21790402362677383,0.30907347680413905,0.5428951786220646,0.020771811333916267,0.0,0.0,0.0,0.17545402985664635,0.0,0.0,0.0,0.0,0.0,0.0,0.0,0.14237811977782003,0.49262016833354577,0.6859448651917991,0.3921296595009197,0.03312195887055998,0.03154991112658522,0.0,0.0,0.0,0.0,0.0,0.0,0.0,0.0,0.0,0.0,0.034903538604128086,0.023812938357311287,0.0,0.0,0.2097283921173611,0.3124726919440198,0.25072547864787204,0.12340277784426425,0.19843654619004464,0.2295647296699844,0.29211132960195396,0.34637483377509815,0.05836529560048571,0.0,0.0,0.09081252656523901,0.0,0.0,0.0,0.0,0.0,0.0,0.0,0.0,0.0,0.0,0.0,0.0,0.12211922241127166,0.19567558997073686,0.10068625567939801,0.0,0.0,0.0
0.0,0.10350223413835373,0.0,0.0,0.0,0.0,0.07142796858487818,0.0,0.0,0.0,0.2998904297443047,0.21396096333890044,0.0,0.0,0.5418892148592471,0.734871893557688,0.5431589196972756,0.3124225187782114,0.47717889669944197,0.5524517342301266,0.747908542293216,1.0,0.21893746376504936,0.06678082944138285,0.10369126115841126,0.31420866265433167,0.0,0.0,0.0,0.0,0.16901522701848978,0.0,0.0,0.0,0.0,0.0,0.0,0.03657157941169152,0.3931550743646934,0.6858566340888769,0.4919235831183017,0.14190482654702014,0.0,0.0,0.0,0.0,0.0,0.0,0.0,0.0,0.0,0.0,0.0,0.0,0.0,0.0,0.0,0.0,0.1107093336824061,0.20906678307823318,0.09349967757905378,0.0,0.16428682284530538,0.27242366612799135,0.34637483377509815,0.32292636438727046,0.025837549940567563,0.0,0.04112574962209333,0.19101281936875855,0.0,0.0,0.0,0.0,0.0,0.0,0.0,0.0,0.0,0.0,0.0,0.0,0.0,0.1779837982384091,0.2143653493522318,0.06472539216957209,0.0,0.0
0.43145160644938474,0.41272709972895655,0.2624358591572307,0.14573489018452443,0.1522743750671865,0.2743853793347928,0.42067287805587583,0.22136194020718328,0.10329283823328543,0.12999292612311752,0.4317336298475015,0.19355853197978945,0.03276837315061392,0.0509889764955364,0.532802234859185,0.3053569669046939,0.08937196258335728,0.050277706070075874,0.7383143897034409,0.5500757208050583,0.3080443248233873,0.21893746376504936,1.0,0.7425807996323875,0.5485741785682666,0.48344053346418686,0.12107766390562304,0.5479738383906076,0.0,0.3237583422009445,0.2902095651031401,0.0,0.0,0.0,0.0,0.0,0.0,0.0,0.0,0.0,0.03585676244575406,0.16941096411683143,0.25471518248548203,0.6868640795435379,0.0,0.0,0.0,0.0,0.0,0.0,0.08732651030844019,0.0,0.0,0.0,0.17693927244655255,0.0773546981356636,0.0,0.0,0.24416536337322645,0.11625146001699878,0.0,0.0,0.3327333796968029,0.2142675706627327,0.05836529560048571,0.025837549940567563,0.4156553006951938,0.3450400207966198,0.20902492119725835,0.1566136425126699,0.0,0.2741693598537825,0.0,0.1290077671047028,0.0,0.0,0.0,0.0,0.0,0.0,0.0,0.0,0.0,0.0,0.0,0.0,0.0,0.3115102884209555
0.24900196985074255,0.262430835245905,0.18639948029448342,0.10343728650904961,0.08548902624952304,0.14560048565677294,0.186071919217185,8.040467575200062e-05,0.0,0.0,0.17506032711206243,0.0,0.0,0.0,0.2970971290494191,0.09639548065339583,0.0,0.0,0.5469793234546129,0.48132717864464614,0.21790402362677383,0.06678082944138285,0.7425807996323875,1.0,0.7375047563257349,0.5546051608839864,0.07715125889382776,0.734482804373901,0.0,0.4912085281865292,0.11978772257813675,0.0,0.0,0.0,0.0,0.0,0.0,0.0,0.0,0.0,0.0,0.25811341579013924,0.48503187386576885,0.49269867834642217,0.02420139837146963,0.0,0.0,0.0,0.0,0.0,0.20056220946868025,0.16825751972718972,0.020191041460411913,0.0,0.2782548905808635,0.22820669426530524,0.1732100484180814,0.16206379047016845,0.26289860500786555,0.12384315337821039,0.05047661188259171,0.11017291897031152,0.26975648694757626,0.09072996903802481,0.0,0.0,0.3450400207966182,0.20704921160815523,0.02809515392896669,0.0,0.0,0.1504937832831136,0.0,0.022313147644652365,0.0,0.0,0.0,0.0,0.0,0.0,0.0,0.0,0.0,0.0,0.0,0.0,0.0,0.31273541044904646
0.06563668576028948,0.1458280000758706,0.1035730370099982,0.0,0.0,0.0,0.0,0.0,0.0,0.0,0.01992142520066672,0.0,0.0,0.0,0.20229925958508438,0.057760847795629615,0.0,0.0,0.4723879403127058,0.5489963440878122,0.30907347680413905,0.10369126115841126,0.5485741785682666,0.7375047563257349,1.0,0.745485059118338,0.06842029527201694,0.5430365797313217,0.0,0.31987942685410425,0.04279061904737636,0.0,0.0,0.0,0.0,0.0,0.0,0.0,0.0,0.0,0.13650102574831374,0.49147241170969985,0.6862555745207182,0.2561463982047695,0.0,0.0,0.0,0.0,0.0,0.0,0.1834999172755952,0.1602355121312922,0.0,0.0,0.32400327520291394,0.3601832782986813,0.30594128996250686,0.22490453817648773,0.29257780009925055,0.21640654380304697,0.21120214899356715,0.2938495033230518,0.21444860503212482,0.040062344392320634,0.0,0.04112574962209333,0.20902492119725835,0.028095153928967345,0.0,0.0,0.0,0.0,0.0,0.0,0.0,0.0,0.0,0.0,0.0,0.0021446549193939158,0.12819221406551015,0.09927803782256829,0.0,0.0,0.0,0.0,0.0,0.1654145695465654
0.031975685472098066,0.1524827320300993,0.08577121487824704,0.0,0.0,0.0,0.0,0.0,0.0,0.0,0.06691270638555372,0.0,0.0,0.0,0.29731331851188847,0.21494780994045773,0.0,0.0,0.5435326343684301,0.7375440591134989,0.5428951786220646,0.31420866265433167,0.48344053346418686,0.5546051608839864,0.745485059118338,1.0,0.09454171333230516,0.3120717254060798,0.01775437907486659,0.07805716992375483,0.10815940965618281,0.0,0.0,0.0,0.0,0.0,0.0,0.0,0.0,0.03785874522185106,0.3900595494097815,0.6859260722061613,0.4894700468492164,0.17052872860910118,0.0,0.0,0.0,0.0,0.0,0.0,0.06921269674683782,0.0,0.0,0.0,0.27026505130550205,0.3159898770501451,0.1956794852762871,0.05913501084245413,0.3162509334621402,0.32238514253396644,0.3264849635540977,0.34167050304915086,0.2311433762703092,0.11486716812875221,0.09081252656523786,0.1910128193687569,0.1566136425126686,0.0,0.0,0.0,0.0,0.0,0.0,0.0,0.0,0.0,0.0,0.0,0.0,0.0,0.035451837951786566,0.14858198044711549,0.11827985170920141,0.0,0.0,0.0,0.0,0.05570338467643255
0.30561274914536973,0.5479707745501372,0.7344826361957656,0.5430364430336153,0.312065381014695,0.2159624798587556,0.08086078194480673,0.0,0.0,0.0,0.012246081506092776,0.0,0.0,0.0,0.08025619249179455,0.0,0.0,0.0,0.1578764741078812,0.13244684073280466,0.020771811333916267,0.0,0.12107766390562304,0.07715125889382776,0.06842029527201694,0.09454171333230516,1.0,0.0,0.756723881695303,0.0,0.39973975639696957,0.38932547660941424,0.035507296856036104,0.0,0.0,0.0,0.0,0.0,0.0,0.0,0.0,0.0,0.0,0.0,0.0,0.0,0.0,0.0,0.0,0.0,0.0,0.0,0.0,0.0,0.0,0.0,0.0,0.0,0.0,0.0,0.0,0.0,0.0,0.0,0.0,0.0,0.0,0.0,0.0,0.0,0.0,0.0,0.0,0.0,0.0,0.0,0.0,0.0,0.0,0.0,0.0,0.0,0.0,0.0,0.0,0.0,0.0,0.0
0.15765121185517286,0.12098218033925226,0.07702694873221759,0.06812885344520764,0.09408581705647898,0.13201692554788086,0.08009713351561655,0.0,0.0,0.020287668952104394,0.012187098916874244,0.0,0.0,0.0,0.08084780937735601,0.0,0.0,0.0,0.30561490090984633,0.21597785386728818,0.0,0.0,0.5479738383906076,0.734482804373901,0.5430365797313217,0.3120717254060798,0.0,1.0,0.0,0.7567241305967867,0.0,0.0,0.0,0.0,0.0,0.0,0.0,0.0,0.0,0.0,0.0,0.035506577747727565,0.38932905854965133,0.39976645293127183,0.05254732292433573,0.0,0.0,0.0,0.0,0.0,0.21464118697583703,0.24898216858823832,0.16398412570792117,0.047123465044449225,0.2055966441559391,0.1466991409760504,0.15872026650578322,0.22511990083254202,0.12510849250443495,0.0,0.0,0.0,0.13597608748890397,0.0,0.0,0.0,0.2741693598537812,0.1504937832831136,0.0,0.0,0.0,0.1659196544698312,0.0,0.08900827624070953,0.0,0.0,0.0,0.0,0.005739576675800113,0.04497494153687547,0.0,0.0,0.0,0.0,0.0,0.0,0.0,0.302753858348112
0.07161697531172202,0.3237536870488139,0.49120812189812885,0.31987757895772445,0.07804989792964162,0.0,0.0,0.0,0.0,0.0,0.0,0.0,0.0,0.0,0.0,0.0,0.0,0.0,0.006945559327954993,0.03626059687993607,0.0,0.0,0.0,0.0,0.0,0.01775437907486659,0.756723881695303,0.0,1.0,0.0,0.23310673582959943,0.2232632740158021,0.0,0.0,0.0,0.0,0.0,0.0,0.0,0.0,0.0,0.0,0.0,0.0,0.0,0.0,0.0,0.0,0.0,0.0,0.0,0.0,0.0,0.0,0.0,0.0,0.0,0.0,0.0,0.0,0.0,0.0,0.0,0.0,0.0,0.0,0.0,0.0,0.0,0.0,0.0,0.0,0.0,0.0,0.0,0.0,0.0,0.0,0.0,0.0,0.0,0.0,0.0,0.0,0.0,0.0,0.0,0.0
0.006675709730187808,0.0,0.0,0.0,0.017178190701269587,0.03574810921207894,0.0,0.0,0.0,0.0,0.0,0.0,0.0,0.0,0.0,0.0,0.0,0.0,0.07162000913788005,0.0,0.0,0.0,0.3237583422009445,0.4912085281865292,0.31987942685410425,0.07805716992375483,0.0,0.7567241305967867,0.0,1.0,0.0,0.0,0.0,0.0,0.0,0.0,0.0,0.0,0.0,0.0,0.0,0.0,0.22327021092590482,0.23314177074702386,0.0,0.0,0.0,0.0,0.0,0.0,0.14193274655814075,0.23436917402451116,0.21564767276870808,0.09658338605841106,0.06818041862613985,0.0035468599018190984,0.06472880329792252,0.19514849774717555,0.0,0.0,0.0,0.0,0.0,0.0,0.0,0.0,0.13659645928733238,0.023625685741397322,0.0,0.0,0.0,0.09424405719604576,0.0,0.06101890089156171,0.0,0.0,0.0,0.0,0.08614086972103412,0.04816122095744549,0.0,0.0,0.0,0.0,0.0,0.0,0.0,0.19537545025115158
0.4860193641160134,0.6868695097213742,0.49269249697603157,0.25615366487271773,0.17054359875300004,0.254343976710258,0.37595656060927257,0.12431048581135976,0.0,0.03157784244767729,0.3754644168163448,0.15091025917007336,0.0,0.0,0.4247773983905616,0.270817802571432,0.09348820126297591,0.03755747449722003,0.3983032592630404,0.2722874921431665,0.17545402985664635,0.16901522701848978,0.2902095651031401,0.11978772257813675,0.04279061904737636,0.10815940965618281,0.39973975639696957,0.0,0.23310673582959943,0.0,1.0,0.0,0.0,0.0,0.0,0.0,0.0,0.0,0.0,0.0,0.0,0.0,0.0,0.16687477914318385,0.0,0.0,0.0,0.0,0.0,0.0,0.0,0.0,0.0,0.0,0.0,0.0,0.0,0.0,0.0,0.0,0.0,0.0,0.0,0.0,0.0,0.0,0.0,0.0,0.0,0.0,0.0,0.0,0.0,0.0,0.0,0.0,0.0,0.0,0.0,0.0,0.0,0.0,0.0,0.0,0.0,0.0,0.0,0.0
0.15870523200763478,0.25472532502125206,0.48503280543839183,0.6862552521980883,0.48946978306957367,0.25294087488224853,0.0,0.0,0.0,0.03310481886488694,0.0,0.0,0.0,0.0,0.0,0.0,0.0,0.0,0.0,0.0,0.0,0.0,0.0,0.0,0.0,0.0,0.38932547660941424,0.0,0.2232632740158021,0.0,0.0,1.0,0.40670320952514716,0.0,0.0,0.0,0.0,0.0,0.0,0.0,0.0,0.0,0.0,0.0,0.0,0.0,0.0,0.0,0.0,0.0,0.0,0.0,0.0,0.0,0.0,0.0,0.0,0.0,0.0,0.0,0.0,0.0,0.0,0.0,0.0,0.0,0.0,0.0,0.0,0.0,0.0,0.0,0.0,0.0,0.0,0.0,0.0,0.0,0.0,0.0,0.0,0.0,0.0,0.0,0.0,0.0,0.0,0.0
0.2501477401915133,0.16941915900008447,0.25811205879995464,0.4914728565723048,0.6859251789107385,0.4874629110933908,0.025473572722360453,0.0,0.14187336381850563,0.3921007463982764,0.0,0.0,0.0,0.0,0.0,0.0,0.0,0.0,0.0,0.0,0.0,0.0,0.0,0.0,0.0,0.0,0.035507296856036104,0.0,0.0,0.0,0.0,0.40670320952514716,1.0,0.4191037685047237,0.0,0.0,0.0,0.0,0.0,0.0,0.0,0.0,0.0,0.0,0.0,0.0,0.0,0.0,0.0,0.0,0.0,0.0,0.0,0.0,0.0,0.0,0.0,0.0,0.0,0.0,0.0,0.0,0.0,0.0,0.0,0.0,0.0,0.0,0.0,0.0,0.0,0.0,0.0,0.0,0.0,0.0,0.0,0.0,0.0,0.0,0.0,0.0,0.0,0.0,0.0,0.0,0.0,0.0
0.2482669646519395,0.035850199437353944,0.0,0.13646665447826764,0.3900313632501701,0.48482662959064066,0.15641806728918153,0.25240786574020413,0.4919249244029501,0.6859446192088394,0.0,0.0,0.0,0.035647820299803276,0.0,0.0,0.0,0.0,0.0,0.0,0.0,0.0,0.0,0.0,0.0,0.0,0.0,0.0,0.0,0.0,0.0,0.0,0.4191037685047237,1.0,0.4086796711445351,0.0,0.0,0.0,0.0,0.0,0.0,0.0,0.0,0.0,0.0,0.0,0.0,0.0,0.0,0.0,0.0,0.0,0.0,0.0,0.0,0.0,0.0,0.0,0.0,0.0,0.0,0.0,0.0,0.0,0.0,0.0,0.0,0.0,0.0,0.0,0.0,0.0,0.0,0.0,0.0,0.0,0.0,0.0,0.0,0.0,0.0,0.0,0.0,0.0,0.0,0.0,0.0,0.0
0.16324616006248016,0.0,0.0,0.0,0.03784063500981421,0.25591152805989803,0.2499219540383985,0.48595395208252856,0.6858568678444157,0.49262022949710343,0.03130693468495675,0.0,0.1425362135198771,0.39421027747032317,0.0,0.0,0.0,0.0,0.0,0.0,0.0,0.0,0.0,0.0,0.0,0.0,0.0,0.0,0.0,0.0,0.0,0.0,0.0,0.4086796711445351,1.0,0.42563821620277636,0.0,0.0,0.0,0.0,0.0,0.0,0.0,0.0,0.0,0.0,0.0,0.0,0.0,0.0,0.0,0.0,0.0,0.0,0.0,0.0,0.0,0.0,0.0,0.0,0.0,0.0,0.0,0.0,0.0,0.0,0.0,0.0,0.0,0.0,0.0,0.0074147641266349125,0.0,0.10510010420508946,0.0,0.0,0.0,0.0,0.0,0.0,0.0,0.0,0.0,0.0,0.0,0.0,0.0,0.0
0.03455803592148472,0.0,0.0,0.0,0.0,0.0,0.24982055516578053,0.4857150732680941,0.39315700099113854,0.1423783903485735,0.16109531106737868,0.25466009713533216,0.4913808309961062,0.6859131891064326,0.0,0.0,0.0,0.035353651017336604,0.0,0.0,0.0,0.0,0.0,0.0,0.0,0.0,0.0,0.0,0.0,0.0,0.0,0.0,0.0,0.0,0.42563821620277636,1.0,0.40653149041879194,0.0,0.0,0.0,0.0,0.0,0.0,0.0,0.0,0.0,0.0,0.0,0.0,0.0,0.0,0.0,0.0,0.0,0.0,0.0,0.0,0.0,0.0,0.0,0.0,0.0,0.0,0.0,0.0,0.0,0.0,0.0,0.0027706068336667816,0.0,0.0,0.05810159911462658,0.0,0.05876129829736172,0.0,0.0,0.0,0.0,0.0,0.0,0.0,0.0,0.0,0.0,0.0,0.0,0.040415466248838024,0.0
0.0,0.0,0.0,0.0,0.0,0.0,0.16284527903754864,0.2557700487657205,0.036581135565738526,0.0,0.24914221712139786,0.4862236213046845,0.6858865036557026,0.49147224733377826,0.035389679580548616,0.0,0.14154229208318644,0.39334862145524124,0.0,0.0,0.0,0.0,0.0,0.0,0.0,0.0,0.0,0.0,0.0,0.0,0.0,0.0,0.0,0.0,0.0,0.40653149041879194,1.0,0.42405344931916955,0.0,0.0,0.0,0.0,0.0,0.0,0.0,0.0,0.0,0.0,0.0,0.0,0.0,0.0,0.0,0.0,0.0,0.0,0.0,0.0,0.0,0.0,0.0,0.0,0.0,0.0,0.0,0.0,0.0,0.0,0.16560716649611362,0.045799025105181586,0.0,0.0,0.0,0.0,0.0,0.0,0.0,0.0,0.0,0.0,0.0,0.0,0.0,0.0,0.0,0.0,0.20679491444682593,0.0
0.0,0.0,0.0,0.0,0.0,0.0,0.03539381223609445,0.0,0.0,0.0,0.24914315673648318,0.4862227494542197,0.3933483130392754,0.1415438526167647,0.16284696203869992,0.2557654972623053,0.4914723941319024,0.6858862949864459,0.0,0.0,0.0,0.03657157941169152,0.0,0.0,0.0,0.0,0.0,0.0,0.0,0.0,0.0,0.0,0.0,0.0,0.0,0.0,0.42405344931916955,1.0,0.40652779144132983,0.0,0.0,0.0,0.0,0.0,0.0,0.0,0.0,0.0,0.0,0.0,0.0,0.0,0.0,0.0,0.0,0.0,0.0,0.0,0.0,0.0,0.0,0.0,0.0,0.0,0.0,0.0,0.0,0.0,0.12825392445977724,0.1919480130178077,0.0,0.0,0.0,0.0,0.0,0.0,0.0,0.0,0.0,0.0,0.0,0.0,0.0,0.0,0.0,0.1975156557322373,0.0613683146003882,0.0
0.0,0.0,0.0,0.0,0.0,0.0,0.0,0.0,0.0,0.0,0.16110178901915712,0.2546596207080253,0.035352488581598486,0.0,0.24982333311332544,0.48571621672360776,0.685913842349834,0.4913783353192211,0.03456569005328552,0.0,0.14237811977782003,0.3931550743646934,0.0,0.0,0.0,0.0,0.0,0.0,0.0,0.0,0.0,0.0,0.0,0.0,0.0,0.0,0.0,0.40652779144132983,1.0,0.425624085843473,0.0,0.0,0.0,0.0,0.0,0.0,0.0,0.0,0.0,0.0,0.0,0.0,0.0,0.0,0.0,0.0,0.0,0.0,0.0,0.0,0.0,0.0,0.0,0.07691780910371376,0.1577616748853749,0.0,0.0,0.0,0.0,0.1528017223037556,0.0,0.0,0.0,0.0,0.0,0.0,0.0,0.0,0.0,0.0,0.0,0.0,0.0,0.0,0.14381296762592846,0.13812168171070308,0.0,0.0
0.0,0.0,0.0,0.0,0.0,0.0,0.0,0.0,0.0,0.0,0.03132016251645933,0.0,0.0,0.0,0.24992219502523114,0.48595271668925666,0.39419994939753794,0.14252327810581739,0.16323910254618992,0.2559111748748324,0.49262016833354577,0.6858566340888769,0.0,0.0,0.0,0.03785874522185106,0.0,0.0,0.0,0.0,0.0,0.0,0.0,0.0,0.0,0.0,0.0,0.0,0.425624085843473,1.0,0.40867347056906106,0.0,0.0,0.0,0.0,0.0,0.0,0.0,0.0,0.0,0.0,0.0,0.0,0.0,0.0,0.0,0.0,0.0,0.0,0.022270272432979042,0.0,0.0,0.0,0.08422313725790023,0.25278664733061706,0.22993122260464338,0.0,0.0,0.0,0.0,0.0,0.0,0.0,0.0,0.0,0.0,0.0,0.0,0.0,0.0,0.0,0.0,0.0,0.10926070189364616,0.1460733518673423,0.0,0.0,0.0
0.0,0.0,0.0,0.0,0.0,0.0,0.0,0.0,0.0,0.0,0.0,0.0,0.0,0.0,0.156431374265455,0.2524128261982252,0.03564141864480623,0.0,0.2482650791652893,0.4848297575971131,0.6859448651917991,0.4919235831183017,0.03585676244575406,0.0,0.13650102574831374,0.3900595494097815,0.0,0.0,0.0,0.0,0.0,0.0,0.0,0.0,0.0,0.0,0.0,0.0,0.0,0.40867347056906106,1.0,0.4191650335703624,0.0,0.0,0.0,0.0,0.0,0.0,0.0,0.0,0.0,0.0,0.0,0.0,0.0,0.0,0.0,0.0,0.04924857209654503,0.24590905685978484,0.2528930542918279,0.0858088069563782,0.0,0.0,0.13007315327003574,0.2769313125602995,0.0,0.0,0.0,0.0,0.0,0.0,0.0,0.0,0.0,0.0,0.0,0.0,0.0,0.0,0.0,0.0,0.14381296762592846,0.1460733518673423,0.0,0.0,0.0,0.0
0.0,0.0,0.0,0.0,0.0,0.0,0.0,0.0,0.0,0.0,0.0,0.0,0.0,0.0,0.025490209192651377,0.0,0.0,0.0,0.25014210284833366,0.4874678238118346,0.3921296595009197,0.14190482654702014,0.16941096411683143,0.25811341579013924,0.49147241170969985,0.6859260722061613,0.0,0.035506577747727565,0.0,0.0,0.0,0.0,0.0,0.0,0.0,0.0,0.0,0.0,0.0,0.0,0.4191650335703624,1.0,0.40668989104561165,0.0,0.0,0.0,0.0,0.0,0.0,0.0,0.0,0.0,0.0,0.0,0.1310695663900074,0.2688363536037571,0.11971801292729446,0.0,0.173651684984276,0.2581666383247122,0.358059227348983,0.38833462578677325,0.00017225625525209016,0.0,0.0,0.08361653533867974,0.0,0.0,0.0,0.0,0.0,0.0,0.0,0.0,0.0,0.0,0.0,0.0,0.0,0.0,0.0,0.19751565573223404,0.13812168171070033,0.0,0.0,0.0,0.0,0.0
0.0,0.0,0.0,0.0,0.0,0.0,0.0,0.0,0.0,0.0,0.0,0.0,0.0,0.0,0.0,0.0,0.0,0.0,0.1586930133930254,0.2529445093256766,0.03312195887055998,0.0,0.25471518248548203,0.48503187386576885,0.6862555745207182,0.4894700468492164,0.0,0.38932905854965133,0.0,0.22327021092590482,0.0,0.0,0.0,0.0,0.0,0.0,0.0,0.0,0.0,0.0,0.0,0.40668989104561165,1.0,0.0,0.0,0.0,0.0,0.0,0.0,0.0,0.09186511806878173,0.13468848672518885,0.0,0.0,0.24561127057312498,0.369897160922117,0.3940946388344664,0.28970089026167095,0.1206346625347739,0.02257871753639803,0.0794514252970019,0.26275373939989083,0.0,0.0,0.0,0.0,0.0,0.0,0.0,0.0,0.0,0.0,0.0,0.0,0.0,0.0,0.0,0.0,0.0,0.040415466248835054,0.20679491444682285,0.061368314600385866,0.0,0.0,0.0,0.0,0.0,0.0
0.39806626011720564,0.2901042037871596,0.11968581544027677,0.04260927049782631,0.10786926250174629,0.2719500056193067,0.4245814888141112,0.27060123829240196,0.1687277107758563,0.17509850343053465,0.3753629529920284,0.15083266978306611,0.03746345150297127,0.09334697391914902,0.3758972600225365,0.1242611496860803,0.0,0.0,0.48599499518153416,0.25432797812500013,0.03154991112658522,0.0,0.6868640795435379,0.49269867834642217,0.2561463982047695,0.17052872860910118,0.0,0.39976645293127183,0.0,0.23314177074702386,0.16687477914318385,0.0,0.0,0.0,0.0,0.0,0.0,0.0,0.0,0.0,0.0,0.0,0.0,1.0,0.0,0.0,0.0,0.0,0.0,0.0,0.0,0.0,0.0,0.0,0.0,0.0,0.0,0.0,0.0325093314047325,0.0,0.0,0.0,0.21246500111559766,0.07337191245099055,0.0,0.0,0.4024295592041021,0.404012252733218,0.21369346305058512,0.07196131034754445,0.0,0.3911174246602405,0.0,0.23837674552173826,0.0,0.0,0.0,0.0,0.0,0.0,0.0,0.0,0.0,0.0,0.0,0.0,0.0,0.26570229858632066
0.0,0.0,0.0,0.0,0.0,0.0,0.0,0.0,0.0,0.0,0.0,0.0,0.0,0.0,0.0,0.0,0.0,0.0,0.0,0.0,0.0,0.0,0.0,0.02420139837146963,0.0,0.0,0.0,0.05254732292433573,0.0,0.0,0.0,0.0,0.0,0.0,0.0,0.0,0.0,0.0,0.0,0.0,0.0,0.0,0.0,0.0,1.0,0.738316732223232,0.5469799148707412,0.4724004058318214,0.5435446016081947,0.735021831550078,0.7298237470380221,0.5455506944087535,0.47718601705498936,0.5420708448240593,0.5221653460866901,0.29886037462207077,0.2148676627309356,0.30489165417803776,0.4078023902218785,0.17143635530825438,0.03830812244416903,0.08381840582000487,0.38386544534499784,0.16164438021059613,0.0,0.0,0.43145160644938474,0.2490019698507404,0.06563668576028948,0.03197568547209642,0.30561274914536973,0.15765121185517073,0.07161697531172202,0.006675709730187808,0.4860193641160134,0.15870523200763603,0.2501477401915133,0.2482669646519395,0.16324616006248016,0.03455803592148472,0.0,0.0,0.0,0.0,0.0,0.0,0.0,0.39806626011720303
0.0,0.0,0.0,0.0,0.0,0.0,0.0,0.0,0.0,0.0,0.0,0.0,0.0,0.0,0.0,0.0,0.0,0.0,0.0,0.0,0.0,0.0,0.0,0.0,0.0,0.0,0.0,0.0,0.0,0.0,0.0,0.0,0.0,0.0,0.0,0.0,0.0,0.0,0.0,0.0,0.0,0.0,0.0,0.0,0.738316732223232,1.0,0.7425843477657349,0.5485877833685993,0.4834497286891724,0.5500726739294141,0.5328179505457172,0.3053630155659076,0.21894204294387182,0.3080448002149505,0.4317758403132796,0.19358806795304576,0.050283434273720784,0.08937231910336059,0.4207786613490847,0.2215020987134408,0.051080515487095204,0.03281781421412547,0.4315854423117404,0.2746255895697296,0.13026134648086718,0.10350223413835373,0.41272709972895655,0.2624308352459025,0.1458280000758706,0.15248273203009716,0.5479707745501372,0.12098218033924996,0.3237536870488139,0.0,0.6868695097213742,0.2547253250212531,0.16941915900008447,0.035850199437353944,0.0,0.0,0.0,0.0,0.0,0.0,0.0,0.0,0.0,0.2901042037871572
0.0,0.0,0.0,0.0,0.0,0.0,0.0,0.0,0.0,0.0,0.0,0.0,0.0,0.0,0.0,0.0,0.0,0.0,0.0,0.0,0.0,0.0,0.0,0.0,0.0,0.0,0.0,0.0,0.0,0.0,0.0,0.0,0.0,0.0,0.0,0.0,0.0,0.0,0.0,0.0,0.0,0.0,0.0,0.0,0.5469799148707412,0.7425843477657349,1.0,0.7375074472759988,0.5545992223423587,0.4813115265494456,0.29710636868252055,0.09638809284765631,0.06676583508172343,0.2178858029585101,0.17510376648958445,0.0,0.0,0.0,0.18618709036407635,0.00024903687123929756,0.0,0.0,0.24914982424470658,0.14589597933052464,0.0,0.0,0.2624358591572307,0.18639948029448078,0.1035730370099982,0.08577121487824474,0.7344826361957656,0.07702694873221497,0.49120812189812885,0.0,0.49269249697603157,0.4850328054383927,0.25811205879995464,0.0,0.0,0.0,0.0,0.0,0.0,0.0,0.0,0.0,0.0,0.11968581544027447
0.0,0.0,0.0,0.0,0.0,0.0,0.0,0.0,0.0,0.0,0.0,0.0,0.0,0.0,0.0,0.0,0.0,0.0,0.0,0.0,0.0,0.0,0.0,0.0,0.0,0.0,0.0,0.0,0.0,0.0,0.0,0.0,0.0,0.0,0.0,0.0,0.0,0.0,0.0,0.0,0.0,0.0,0.0,0.0,0.4724004058318214,0.5485877833685993,0.7375074472759988,1.0,0.7454800093466504,0.548989058273493,0.20230654518372695,0.057752560100922806,0.10367460497508815,0.30905526137802447,0.019950197149737378,0.0,0.0,0.0,0.0,0.0,0.0,0.0,0.06570221292023402,0.0,0.0,0.0,0.14573489018452443,0.10343728650904699,0.0,0.0,0.5430364430336153,0.06812885344520501,0.31987757895772445,0.0,0.25615366487271773,0.6862552521980895,0.4914728565723048,0.13646665447826764,0.0,0.0,0.0,0.0,0.0,0.0,0.0,0.0,0.0,0.04260927049782401
0.0,0.0,0.0,0.0,0.0,0.0,0.0,0.0,0.0,0.0,0.0,0.0,0.0,0.0,0.0,0.0,0.0,0.0,0.0,0.0,0.0,0.0,0.0,0.0,0.0,0.0,0.0,0.0,0.0,0.0,0.0,0.0,0.0,0.0,0.0,0.0,0.0,0.0,0.0,0.0,0.0,0.0,0.0,0.0,0.5435446016081947,0.4834497286891724,0.5545992223423587,0.7454800093466504,1.0,0.737543677879234,0.2973097597748973,0.21493741258173937,0.31419492858902603,0.5428809277897487,0.06691480797214866,0.0,0.0,0.0,0.0,0.0,0.0,0.0,0.0319453918923286,0.0,0.0,0.0,0.1522743750671865,0.08548902624952073,0.0,0.0,0.312065381014695,0.09408581705647635,0.07804989792964162,0.017178190701269587,0.17054359875300004,0.48946978306957467,0.6859251789107385,0.3900313632501701,0.03784063500981421,0.0,0.0,0.0,0.0,0.0,0.0,0.0,0.0,0.10786926250174399
0.0,0.0,0.0,0.0,0.0,0.0,0.0,0.0,0.0,0.0,0.0,0.0,0.0,0.0,0.0,0.0,0.0,0.0,0.0,0.0,0.0,0.0,0.0,0.0,0.0,0.0,0.0,0.0,0.0,0.0,0.0,0.0,0.0,0.0,0.0,0.0,0.0,0.0,0.0,0.0,0.0,0.0,0.0,0.0,0.735021831550078,0.5500726739294141,0.4813115265494456,0.548989058273493,0.737543677879234,1.0,0.5375621041055427,0.4765993286809732,0.5524515153321783,0.7354867791440035,0.2858614012765978,0.08634916534199948,0.06058730236055767,0.2150626609288441,0.1534820100657415,0.0,0.0,0.0,0.16157514617828417,0.0,0.0,0.0,0.2743853793347928,0.1456004856567708,0.0,0.0,0.2159624798587556,0.13201692554787856,0.0,0.03574810921207894,0.254343976710258,0.2529408748822496,0.4874629110933908,0.48482662959064066,0.25591152805989803,0.0,0.0,0.0,0.0,0.0,0.0,0.0,0.0,0.2719500056193043
