1.0,0.7383167322232319,0.5469799148707409,0.47240040583182175,0.5435446016081945,0.7350218315500777,0.7298237470380221,0.5455506944087535,0.47718601705498936,0.5420708448240592,0.5221653460866901,0.29886037462207077,0.21486766273093594,0.3048916541780381,0.4078023902218785,0.17143635530825388,0.03830812244416952,0.08381840582000487,0.38386544534499784,0.1616443802105953,0.0,0.0,0.43145160644938474,0.2490019698507414,0.06563668576028867,0.03197568547209724,0.30561274914536973,0.15765121185517172,0.07161697531172219,0.006675709730188795,0.4860193641160134,0.15870523200763537,0.2501477401915136,0.24826696465193943,0.16324616006248016,0.03455803592148472,0.0,0.0,0.0,0.0,0.0,0.0,0.0,0.39806626011720436,0.0,0.0,0.0,0.0,0.0,0.0,0.0,0.0,0.0,0.0,0.0,0.0,0.0,0.0,0.0,0.0,0.0,0.0,0.0,0.0,0.0,0.0,0.0,0.0,0.0,0.0,0.0,0.0,0.0,0.0,0.0,0.0,0.0,0.0,0.0,0.0,0.0,0.0,0.0,0.0,0.0,0.0,0.0,0.0
0.7383167322232319,1.0,0.7425843477657349,0.5485877833685998,0.4834497286891724,0.5500726739294141,0.532817950545717,0.30536301556590745,0.21894204294387182,0.3080448002149505,0.43177584031327926,0.19358806795304542,0.05028343427372095,0.08937231910336076,0.4207786613490842,0.22150209871343965,0.051080515487095364,0.0328178142141253,0.4315854423117398,0.27462558956972805,0.13026134648086768,0.1035022341383534,0.41272709972895594,0.2624308352459031,0.1458280000758688,0.1524827320300978,0.5479707745501374,0.12098218033925046,0.3237536870488144,0.0,0.6868695097213741,0.2547253250212529,0.1694191590000848,0.035850199437353944,0.0,0.0,0.0,0.0,0.0,0.0,0.0,0.0,0.0,0.29010420378715773,0.0,0.0,0.0,0.0,0.0,0.0,0.0,0.0,0.0,0.0,0.0,0.0,0.0,0.0,0.0,0.0,0.0,0.0,0.0,0.0,0.0,0.0,0.0,0.0,0.0,0.0,0.0,0.0,0.0,0.0,0.0,0.0,0.0,0.0,0.0,0.0,0.0,0.0,0.0,0.0,0.0,0.0,0.0,0.0
0.5469799148707409,0.7425843477657349,1.0,0.7375074472759992,0.5545992223423587,0.48131152654944576,0.2971063686825202,0.09638809284765615,0.0667658350817231,0.2178858029585101,0.17510376648958415,0.0,0.0,0.0,0.18618709036407602,0.00024903687123814625,0.0,0.0,0.24914982424470608,0.145895979330523,0.0,0.0,0.26243585915723006,0.18639948029448145,0.1035730370099964,0.0857712148782454,0.7344826361957657,0.07702694873221562,0.4912081218981292,0.0,0.49269249697603135,0.48503280543839256,0.25811205879995475,0.0,0.0,0.0,0.0,0.0,0.0,0.0,0.0,0.0,0.0,0.11968581544027512,0.0,0.0,0.0,0.0,0.0,0.0,0.0,0.0,0.0,0.0,0.0,0.0,0.0,0.0,0.0,0.0,0.0,0.0,0.0,0.0,0.0,0.0,0.0,0.0,0.0,0.0,0.0,0.0,0.0,0.0,0.0,0.0,0.0,0.0,0.0,0.0,0.0,0.0,0.0,0.0,0.0,0.0,0.0,0.0
0.47240040583182175,0.5485877833685998,0.7375074472759992,1.0,0.7454800093466507,0.5489890582734938,0.2023065451837273,0.05775256010092314,0.1036746049750883,0.309055261378025,0.019950197149737704,0.0,0.0,0.0,0.0,0.0,0.0,0.0,0.06570221292023469,0.0,0.0,0.0,0.1457348901845251,0.10343728650904896,0.0,0.0,0.5430364430336153,0.06812885344520699,0.31987757895772445,0.0,0.25615366487271796,0.6862552521980886,0.4914728565723048,0.13646665447826797,0.0,0.0,0.0,0.0,0.0,0.0,0.0,0.0,0.0,0.04260927049782582,0.0,0.0,0.0,0.0,0.0,0.0,0.0,0.0,0.0,0.0,0.0,0.0,0.0,0.0,0.0,0.0,0.0,0.0,0.0,0.0,0.0,0.0,0.0,0.0,0.0,0.0,0.0,0.0,0.04995223053487713,0.0,0.0,0.0,0.0,0.0,0.0,0.0,0.0,0.0,0.0,0.0,0.0,0.0,0.0,0.0
0.5435446016081945,0.4834497286891724,0.5545992223423587,0.7454800093466507,1.0,0.7375436778792344,0.297309759774897,0.21493741258173904,0.3141949285890258,0.542880927789749,0.06691480797214834,0.0,0.0,0.0,0.0,0.0,0.0,0.0,0.03194539189232827,0.0,0.0,0.0,0.152274375067186,0.08548902624952123,0.0,0.0,0.31206538101469505,0.094085817056477,0.07804989792964179,0.017178190701270246,0.17054359875299988,0.4894697830695744,0.6859251789107388,0.3900313632501701,0.03784063500981404,0.0,0.0,0.0,0.0,0.0,0.0,0.0,0.0,0.10786926250174464,0.0,0.0,0.0,0.0,0.0,0.0,0.0,0.0,0.0,0.0,0.0,0.0,0.0,0.0,0.0,0.0,0.0,0.0,0.0,0.0,0.0,0.0,0.0,0.0,0.0,0.0,0.0814020068666148,0.0,0.26717022670499874,0.0,0.0,0.0,0.0,0.0,0.0,0.0,0.0,0.0,0.0,0.0,0.0,0.0,0.0,0.0
0.7350218315500777,0.5500726739294141,0.48131152654944576,0.5489890582734938,0.7375436778792344,1.0,0.5375621041055423,0.4765993286809727,0.5524515153321778,0.7354867791440035,0.2858614012765972,0.08634916534199899,0.06058730236055767,0.2150626609288441,0.15348201006574083,0.0,0.0,0.0,0.1615751461782832,0.0,0.0,0.0,0.2743853793347917,0.1456004856567708,0.0,0.0,0.2159624798587559,0.13201692554787856,0.0,0.03574810921207894,0.25434397671025794,0.2529408748822496,0.48746291109339157,0.48482662959064066,0.25591152805989786,0.0,0.0,0.0,0.0,0.0,0.0,0.0,0.0,0.2719500056193043,0.0,0.0,0.0,0.0,0.0,0.0,0.0,0.0,0.0,0.0,0.0,0.0,0.0,0.0,0.0,0.0,0.0,0.0,0.0,0.0,0.0,0.0,0.0,0.0,0.0,0.0,0.03330286110177613,0.0,0.2158235607144195,0.0,0.0,0.0,0.0,0.0,0.0,0.0,0.0,0.0,0.0,0.0,0.0,0.0,0.0,0.0
0.7298237470380221,0.532817950545717,0.2971063686825202,0.2023065451837273,0.297309759774897,0.5375621041055423,1.0,0.7368538958358634,0.5418866872501726,0.47019117790717496,0.7308253164563902,0.545178248949584,0.4764139182426177,0.5430549066831505,0.519851527147438,0.29352403321231474,0.21184074280392093,0.3048050877023527,0.4077883640817452,0.153502459803022,0.01736442533154122,0.07142796858487818,0.42067287805587583,0.18607191921718433,0.0,0.0,0.08086078194480673,0.08009713351561555,0.0,0.0,0.37595656060927257,0.0,0.025473572722360782,0.15641806728918137,0.2499219540383985,0.24982055516578053,0.16284527903754864,0.03539381223609462,0.0,0.0,0.0,0.0,0.0,0.4245814888141102,0.0,0.0,0.0,0.0,0.0,0.0,0.0,0.0,0.0,0.0,0.0,0.0,0.0,0.0,0.0,0.0,0.0,0.0,0.0,0.0,0.0,0.0,0.0,0.0,0.0,0.0,0.0,0.0,0.0,0.0,0.0,0.0,0.0,0.0,0.0,0.0,0.0,0.0,0.0,0.0,0.0,0.0,0.0,0.0
0.5455506944087535,0.30536301556590745,0.09638809284765615,0.05775256010092314,0.21493741258173904,0.4765993286809727,0.7368538958358634,1.0,0.7348697385993239,0.5487901000593804,0.5433923813310723,0.479005333755538,0.5523398191159473,0.7361476810796942,0.2935063857667702,0.08718078602100765,0.059380020951927584,0.21597671420256953,0.1713904664411411,0.0,0.0,0.0,0.22136194020718328,8.040467575134271e-05,0.0,0.0,0.0,0.0,0.0,0.0,0.12431048581135976,0.0,0.0,0.2524078657402039,0.48595395208252856,0.4857150732680941,0.2557700487657205,0.0,0.0,0.0,0.0,0.0,0.0,0.2706012382924011,0.0,0.0,0.0,0.0,0.0,0.0,0.0,0.0,0.0,0.0,0.0,0.0,0.0,0.0,0.0,0.0,0.0,0.0,0.0,0.0,0.0,0.0,0.0,0.0,0.0,0.0,0.0,0.0,0.0,0.0,0.0,0.0,0.0,0.0,0.0,0.0,0.0,0.0,0.0,0.0,0.0,0.0,0.0,0.0
0.47718601705498936,0.21894204294387182,0.0667658350817231,0.1036746049750883,0.3141949285890258,0.5524515153321778,0.5418866872501726,0.7348697385993239,1.0,0.7479070988276981,0.2998761943743293,0.2139644339910123,0.3124293818322672,0.5431631319982618,0.07139506475043146,0.0,0.0,0.0,0.0,0.0,0.0,0.0,0.10329283823328543,0.0,0.0,0.0,0.0,0.0,0.0,0.0,0.0,0.0,0.14187336381850593,0.4919249244029498,0.6858568678444157,0.39315700099113854,0.036581135565738526,0.0,0.0,0.0,0.0,0.0,0.0,0.1687277107758555,0.0,0.0,0.0,0.0,0.0,0.0,0.0,0.0,0.0,0.0,0.0,0.0,0.0,0.0,0.0,0.0,0.0,0.0,0.0,0.0,0.0,0.0,0.0,0.0,0.0,0.0,0.02867919824633837,0.0,0.16179917596303203,0.0,0.0,0.0,0.0,0.0,0.0,0.0,0.0,0.0,0.0,0.0,0.0,0.0,0.0,0.0
0.5420708448240592,0.3080448002149505,0.2178858029585101,0.309055261378025,0.542880927789749,0.7354867791440035,0.47019117790717496,0.5487901000593804,0.7479070988276981,1.0,0.20243830385719774,0.05572132167796584,0.10311307562356471,0.3114690694269213,0.01732116501392205,0.0,0.0,0.0,0.0,0.0,0.0,0.0,0.12999292612311672,0.0,0.0,0.0,0.0,0.02028766895210242,0.0,0.0,0.03157784244767729,0.033104818864887926,0.39210074639827713,0.6859446192088395,0.49262022949710316,0.14237839034857316,0.0,0.0,0.0,0.0,0.0,0.0,0.0,0.17509850343053268,0.0,0.0,0.0,0.0,0.0,0.0,0.0,0.0,0.0,0.0,0.0,0.0,0.0,0.0,0.0,0.0,0.0,0.0,0.0,0.0,0.0,0.0,0.0,0.0,0.0,0.0,0.18002773599667493,0.0,0.34050497496815385,0.0,0.0,0.0,0.0,0.0,0.0,0.0,0.0,0.0,0.0,0.0,0.0,0.0,0.0,0.0
0.5221653460866901,0.43177584031327926,0.17510376648958415,0.019950197149737704,0.06691480797214834,0.2858614012765972,0.7308253164563902,0.5433923813310723,0.2998761943743293,0.20243830385719774,1.0,0.7354309991008723,0.54214049259248,0.47464883125208424,0.7308282222455856,0.5433999627662608,0.474654370147216,0.5421432828628148,0.5221676751461449,0.28587777675469345,0.2024617774378033,0.2998904297443047,0.4317336298475015,0.17506032711206176,0.019921425200666226,0.06691270638555322,0.012246081506092776,0.012187098916873751,0.0,0.0,0.3754644168163448,0.0,0.0,0.0,0.03130693468495675,0.16109531106737868,0.24914221712139786,0.24914315673648327,0.16110178901915737,0.03132016251645933,0.0,0.0,0.0,0.3753629529920277,0.0,0.0,0.0,0.0,0.0,0.0,0.0,0.0,0.0,0.0,0.0,0.0,0.0,0.0,0.0,0.0,0.0,0.0,0.0,0.0,0.0,0.0,0.0,0.0,0.0,0.0,0.0,0.0,0.0,0.0,0.0,0.0,0.0,0.0,0.0,0.0,0.0,0.0,0.0,0.0,0.0,0.0,0.0,0.0
0.29886037462207077,0.19358806795304542,0.0,0.0,0.0,0.08634916534199899,0.545178248949584,0.479005333755538,0.2139644339910123,0.05572132167796584,0.7354309991008723,1.0,0.7361611974502912,0.551298453533869,0.5451760756346067,0.4790010674919244,0.5512983006567903,0.736161223420264,0.29885887464574484,0.08634821003269538,0.05572222139836608,0.21396096333890044,0.19355853197978945,0.0,0.0,0.0,0.0,0.0,0.0,0.0,0.15091025917007336,0.0,0.0,0.0,0.0,0.25466009713533216,0.4862236213046845,0.48622274945421984,0.2546596207080254,0.0,0.0,0.0,0.0,0.15083266978306573,0.0,0.0,0.0,0.0,0.0,0.0,0.0,0.0,0.0,0.0,0.0,0.0,0.0,0.0,0.0,0.0,0.0,0.0,0.0,0.0,0.0,0.0,0.0,0.0,0.0,0.0,0.0,0.0,0.0,0.0,0.0,0.0,0.0,0.0,0.0,0.0,0.0,0.0,0.0,0.0,0.0,0.0,0.0,0.0
0.21486766273093594,0.05028343427372095,0.0,0.0,0.0,0.06058730236055767,0.4764139182426177,0.5523398191159473,0.3124293818322672,0.10311307562356471,0.54214049259248,0.7361611974502912,1.0,0.7473484245806775,0.3047981747188973,0.21596815390997443,0.3119646104518219,0.5435050981929934,0.08380573772682318,0.0,0.0,0.0,0.03276837315061425,0.0,0.0,0.0,0.0,0.0,0.0,0.0,0.0,0.0,0.0,0.0,0.14253621351987678,0.491380830996106,0.6858865036557028,0.3933483130392758,0.03535248858159881,0.0,0.0,0.0,0.0,0.03746345150297127,0.0,0.0,0.0,0.0,0.0,0.0,0.0,0.0,0.0,0.0,0.0,0.0,0.0,0.0,0.0,0.0,0.0,0.0,0.0,0.0,0.0,0.0,0.0,0.0,0.0,0.0,0.0,0.0,0.0,0.0,0.0,0.0,0.0,0.0,0.0,0.0,0.0,0.0,0.0,0.0,0.0,0.0,0.0,0.0
0.3048916541780381,0.08937231910336076,0.0,0.0,0.0,0.2150626609288441,0.5430549066831505,0.7361476810796942,0.5431631319982618,0.3114690694269213,0.47464883125208424,0.551298453533869,0.7473484245806775,1.0,0.21182591035445722,0.05936959825605282,0.10276970319870042,0.3119654548860467,0.03827629940196681,0.0,0.0,0.0,0.05098897649553591,0.0,0.0,0.0,0.0,0.0,0.0,0.0,0.0,0.0,0.0,0.03564782029980344,0.3942102774703235,0.6859131891064326,0.491472247333778,0.1415438526167647,0.0,0.0,0.0,0.0,0.0,0.09334697391914804,0.0,0.0,0.0,0.0,0.0,0.0,0.0,0.0,0.0,0.0,0.0,0.0,0.0,0.0,0.0,0.0,0.0,0.0,0.0,0.0,0.0,0.0,0.0,0.0,0.0,0.0,0.0,0.0,0.0,0.0,0.0,0.0,0.0,0.0,0.0,0.0,0.0,0.0,0.0,0.0,0.0,0.0,0.0,0.0
0.4078023902218785,0.4207786613490842,0.18618709036407602,0.0,0.0,0.15348201006574083,0.519851527147438,0.2935063857667702,0.07139506475043146,0.01732116501392205,0.7308282222455856,0.5451760756346067,0.3047981747188973,0.21182591035445722,1.0,0.7368539747677962,0.5430556105924833,0.4764155289342641,0.7298280943346048,0.5375754467716232,0.47020356082751724,0.5418892148592471,0.532802234859185,0.2970971290494186,0.20229925958508388,0.2973133185118879,0.08025619249179455,0.08084780937735553,0.0,0.0,0.4247773983905616,0.0,0.0,0.0,0.0,0.0,0.035389679580548616,0.16284696203869975,0.24982333311332544,0.24992219502523114,0.156431374265455,0.025490209192650885,0.0,0.37589726002253615,0.0,0.0,0.0,0.0,0.0,0.0,0.0,0.0,0.0,0.0,0.0,0.0,0.0,0.0,0.0,0.0,0.0,0.0,0.0,0.0,0.0,0.0,0.0,0.0,0.0,0.0,0.0,0.0,0.0,0.0,0.0,0.0,0.0,0.0,0.0,0.0,0.0,0.0,0.0,0.0,0.0,0.0,0.0,0.0
0.17143635530825388,0.22150209871343965,0.00024903687123814625,0.0,0.0,0.0,0.29352403321231474,0.08718078602100765,0.0,0.0,0.5433999627662608,0.4790010674919244,0.21596815390997443,0.05936959825605282,0.7368539747677962,1.0,0.7361450366247837,0.5523355152371701,0.5455510789623278,0.47660708425987675,0.5487977617266963,0.7348718935576883,0.30535696690469416,0.09639548065339583,0.057760847795629615,0.21494780994045773,0.0,0.0,0.0,0.0,0.2708178025714312,0.0,0.0,0.0,0.0,0.0,0.0,0.25576549726230496,0.4857162167236076,0.48595271668925694,0.2524128261982255,0.0,0.0,0.1242611496860803,0.0,0.0,0.0,0.0,0.0,0.0,0.0,0.0,0.0,0.0,0.0,0.0,0.0,0.0,0.0,0.0,0.0,0.0,0.0,0.0,0.0,0.0,0.0,0.0,0.0,0.0,0.0,0.0,0.0,0.0,0.0,0.0,0.0,0.0,0.0,0.0,0.0,0.0,0.0,0.0,0.0,0.0,0.0,0.0
0.03830812244416952,0.051080515487095364,0.0,0.0,0.0,0.0,0.21184074280392093,0.059380020951927584,0.0,0.0,0.474654370147216,0.5512983006567903,0.3119646104518219,0.10276970319870042,0.5430556105924833,0.7361450366247837,1.0,0.7473477919073034,0.30489644489030865,0.21506707079253032,0.31146864359297866,0.5431589196972753,0.08937196258335695,0.0,0.0,0.0,0.0,0.0,0.0,0.0,0.09348820126297641,0.0,0.0,0.0,0.0,0.0,0.1415422920831866,0.4914723941319024,0.685913842349834,0.3941999493975377,0.0356414186448059,0.0,0.0,0.0,0.0,0.0,0.0,0.0,0.0,0.0,0.0,0.0,0.0,0.0,0.0,0.0,0.0,0.0,0.0,0.0,0.0,0.0,0.0,0.0,0.0,0.0,0.0,0.0,0.0,0.0,0.0,0.0,0.0,0.0,0.0,0.0,0.0,0.0,0.0,0.0,0.0,0.0,0.0,0.0,0.0,0.0,0.0,0.0
0.08381840582000487,0.0328178142141253,0.0,0.0,0.0,0.0,0.3048050877023527,0.21597671420256953,0.0,0.0,0.5421432828628148,0.736161223420264,0.5435050981929934,0.3119654548860467,0.4764155289342641,0.5523355152371701,0.7473477919073034,1.0,0.21487380258127767,0.06058887030398528,0.10310979488218162,0.3124225187782114,0.050277706070075874,0.0,0.0,0.0,0.0,0.0,0.0,0.0,0.03755747449722003,0.0,0.0,0.0,0.0,0.035353651017336604,0.39334862145524124,0.6858862949864459,0.49137833531922126,0.14252327810581739,0.0,0.0,0.0,0.0,0.0,0.0,0.0,0.0,0.0,0.0,0.0,0.0,0.0,0.0,0.0,0.0,0.0,0.0,0.0,0.0,0.0,0.0,0.0,0.0,0.0,0.0,0.0,0.0,0.0,0.0,0.0,0.0,0.0,0.0,0.0,0.0,0.0,0.0,0.0,0.0,0.0,0.0,0.0,0.0,0.0,0.0,0.0,0.0
0.38386544534499784,0.4315854423117398,0.24914982424470608,0.06570221292023469,0.03194539189232827,0.1615751461782832,0.4077883640817452,0.1713904664411411,0.0,0.0,0.5221676751461449,0.29885887464574484,0.08380573772682318,0.03827629940196681,0.7298280943346048,0.5455510789623278,0.30489644489030865,0.21487380258127767,1.0,0.7350200420414426,0.5420654971059624,0.47717889669944197,0.7383143897034409,0.5469793234546124,0.47238794031270526,0.5435326343684298,0.1578764741078812,0.30561490090984594,0.00694555932795565,0.07162000913788055,0.3983032592630404,0.0,0.0,0.0,0.0,0.0,0.0,0.0,0.03456569005328536,0.16323910254618992,0.2482650791652893,0.2501421028483332,0.1586930133930249,0.48599499518153405,0.0,0.0,0.0,0.0,0.0,0.0,0.0,0.0,0.0,0.0,0.0,0.0,0.0,0.0,0.0,0.0,0.0,0.0,0.0,0.0,0.0,0.0,0.0,0.0,0.0,0.0,0.0,0.0,0.0,0.0,0.0,0.0,0.0,0.0,0.0,0.0,0.0,0.0,0.0,0.0,0.0,0.0,0.0,0.0
0.1616443802105953,0.27462558956972805,0.145895979330523,0.0,0.0,0.0,0.153502459803022,0.0,0.0,0.0,0.28587777675469345,0.08634821003269538,0.0,0.0,0.5375754467716232,0.47660708425987675,0.21506707079253032,0.06058887030398528,0.7350200420414426,1.0,0.7354857609325266,0.5524517342301264,0.5500757208050583,0.48132717864464614,0.5489963440878122,0.7375440591134989,0.1324468407328035,0.21597785386728818,0.036260596879935575,0.0,0.27228749214316533,0.0,0.0,0.0,0.0,0.0,0.0,0.0,0.0,0.2559111748748322,0.4848297575971132,0.4874678238118346,0.2529445093256766,0.25432797812500013,0.0,0.0,0.0,0.0,0.0,0.0,0.0,0.0,0.0,0.0,0.0,0.0,0.0,0.0,0.0,0.0,0.0,0.0,0.0,0.0,0.0,0.0,0.0,0.0,0.0,0.0,0.0,0.0,0.0,0.0,0.0,0.0,0.0,0.0,0.0,0.0,0.0,0.0,0.0,0.0,0.0,0.0,0.0,0.0
0.0,0.13026134648086768,0.0,0.0,0.0,0.0,0.01736442533154122,0.0,0.0,0.0,0.2024617774378033,0.05572222139836608,0.0,0.0,0.47020356082751724,0.5487977617266963,0.31146864359297866,0.10310979488218162,0.5420654971059624,0.7354857609325266,1.0,0.7479085422932163,0.3080443248233872,0.21790402362677333,0.3090734768041383,0.5428951786220639,0.020771811333917256,0.0,0.0,0.0,0.17545402985664735,0.0,0.0,0.0,0.0,0.0,0.0,0.0,0.14237811977782003,0.492620168333546,0.6859448651917988,0.3921296595009189,0.03312195887055932,0.03154991112658522,0.0,0.0,0.0,0.0,0.0,0.0,0.0,0.0,0.0,0.0,0.0,0.0,0.0,0.0,0.0,0.0,0.0,0.0,0.0,0.0,0.0,0.0,0.0,0.0,0.0,0.0,0.0,0.0,0.0,0.0,0.0,0.0,0.0,0.0,0.0,0.0,0.0,0.0,0.0,0.0,0.0,0.0,0.0,0.0
0.0,0.1035022341383534,0.0,0.0,0.0,0.0,0.07142796858487818,0.0,0.0,0.0,0.2998904297443047,0.21396096333890044,0.0,0.0,0.5418892148592471,0.7348718935576883,0.5431589196972753,0.3124225187782114,0.47717889669944197,0.5524517342301264,0.7479085422932163,1.0,0.21893746376504936,0.06678082944138251,0.10369126115841093,0.31420866265433123,0.0,0.0,0.0,0.0,0.16901522701848978,0.0,0.0,0.0,0.0,0.0,0.0,0.036571579411691355,0.39315507436469316,0.6858566340888769,0.4919235831183017,0.14190482654701964,0.0,0.0,0.0,0.0,0.0,0.0,0.0,0.0,0.0,0.0,0.0,0.0,0.0,0.0,0.0,0.0,0.0,0.0,0.0,0.0,0.0,0.0,0.0,0.0,0.0,0.0,0.0,0.0,0.0,0.0,0.0,0.0,0.0,0.0,0.0,0.0,0.0,0.0,0.0,0.0,0.0,0.0,0.0,0.0,0.0,0.0
0.43145160644938474,0.41272709972895594,0.26243585915723006,0.1457348901845251,0.152274375067186,0.2743853793347917,0.42067287805587583,0.22136194020718328,0.10329283823328543,0.12999292612311672,0.4317336298475015,0.19355853197978945,0.03276837315061425,0.05098897649553591,0.532802234859185,0.30535696690469416,0.08937196258335695,0.050277706070075874,0.7383143897034409,0.5500757208050583,0.3080443248233872,0.21893746376504936,1.0,0.7425807996323871,0.5485741785682662,0.48344053346418664,0.12107766390562304,0.5479738383906072,0.0,0.3237583422009449,0.2902095651031401,0.0,0.0,0.0,0.0,0.0,0.0,0.0,0.0,0.0,0.03585676244575406,0.16941096411683118,0.25471518248548153,0.6868640795435381,0.0,0.0,0.0,0.0,0.0,0.0,0.0,0.0,0.0,0.0,0.0,0.0,0.0,0.0,0.0,0.0,0.0,0.0,0.0,0.0,0.0,0.0,0.0,0.0,0.0,0.0,0.0,0.0,0.0,0.0,0.0,0.0,0.0,0.0,0.0,0.0,0.0,0.0,0.0,0.0,0.0,0.0,0.0,0.0
0.2490019698507414,0.2624308352459031,0.18639948029448145,0.10343728650904896,0.08548902624952123,0.1456004856567708,0.18607191921718433,8.040467575134271e-05,0.0,0.0,0.17506032711206176,0.0,0.0,0.0,0.2970971290494186,0.09639548065339583,0.0,0.0,0.5469793234546124,0.48132717864464614,0.21790402362677333,0.06678082944138251,0.7425807996323871,1.0,0.7375047563257349,0.5546051608839864,0.07715125889382644,0.734482804373901,0.0,0.4912085281865298,0.1197877225781356,0.0,0.0,0.0,0.0,0.0,0.0,0.0,0.0,0.0,0.0,0.25811341579013924,0.48503187386576885,0.49269867834642217,0.0,0.0,0.0,0.0,0.0,0.0,0.0,0.0,0.0,0.0,0.0,0.0,0.0,0.0,0.0,0.0,0.0,0.0,0.0,0.0,0.0,0.0,0.0,0.0,0.0,0.0,0.0,0.0,0.0,0.0,0.0,0.0,0.0,0.0,0.0,0.0,0.0,0.0,0.0,0.0,0.0,0.0,0.0,0.0
0.06563668576028867,0.1458280000758688,0.1035730370099964,0.0,0.0,0.0,0.0,0.0,0.0,0.0,0.019921425200666226,0.0,0.0,0.0,0.20229925958508388,0.057760847795629615,0.0,0.0,0.47238794031270526,0.5489963440878122,0.3090734768041383,0.10369126115841093,0.5485741785682662,0.7375047563257349,1.0,0.745485059118338,0.06842029527201562,0.5430365797313217,0.0,0.31987942685410453,0.04279061904737521,0.0,0.0,0.0,0.0,0.0,0.0,0.0,0.0,0.0,0.13650102574831358,0.49147241170969985,0.6862555745207182,0.2561463982047695,0.0,0.0,0.0,0.0,0.0,0.0,0.0,0.0,0.0,0.0,0.0,0.0,0.0,0.0,0.0,0.0,0.0,0.0,0.0,0.0,0.0,0.0,0.0,0.0,0.0,0.0,0.0,0.0,0.0,0.0,0.0,0.0,0.0,0.0,0.0,0.0,0.0,0.0,0.0,0.0,0.0,0.0,0.0,0.0
0.03197568547209724,0.1524827320300978,0.0857712148782454,0.0,0.0,0.0,0.0,0.0,0.0,0.0,0.06691270638555322,0.0,0.0,0.0,0.2973133185118879,0.21494780994045773,0.0,0.0,0.5435326343684298,0.7375440591134989,0.5428951786220639,0.31420866265433123,0.48344053346418664,0.5546051608839864,0.745485059118338,1.0,0.094541713332304,0.3120717254060798,0.01775437907486593,0.07805716992375517,0.10815940965618166,0.0,0.0,0.0,0.0,0.0,0.0,0.0,0.0,0.037858745221850724,0.3900595494097813,0.6859260722061613,0.4894700468492164,0.17052872860910118,0.0,0.0,0.0,0.0,0.0,0.0,0.0,0.0,0.0,0.0,0.0,0.0,0.0,0.0,0.0,0.0,0.0,0.0,0.0,0.0,0.0,0.0,0.0,0.0,0.0,0.0,0.0,0.0,0.0,0.0,0.0,0.0,0.0,0.0,0.0,0.0,0.0,0.0,0.0,0.0,0.0,0.0,0.0,0.0
0.30561274914536973,0.5479707745501374,0.7344826361957657,0.5430364430336153,0.31206538101469505,0.2159624798587559,0.08086078194480673,0.0,0.0,0.0,0.012246081506092776,0.0,0.0,0.0,0.08025619249179455,0.0,0.0,0.0,0.1578764741078812,0.1324468407328035,0.020771811333917256,0.0,0.12107766390562304,0.07715125889382644,0.06842029527201562,0.094541713332304,1.0,0.0,0.7567238816953032,0.0,0.39973975639696957,0.3893254766094145,0.035507296856036104,0.0,0.0,0.0,0.0,0.0,0.0,0.0,0.0,0.0,0.0,0.0,0.0,0.0,0.0,0.0,0.0,0.0,0.0,0.0,0.0,0.0,0.0,0.0,0.0,0.0,0.0,0.0,0.0,0.0,0.0,0.0,0.0,0.0,0.0,0.0,0.0,0.0,0.0,0.0,0.0,0.0,0.0,0.0,0.0,0.0,0.0,0.0,0.0,0.0,0.0,0.0,0.0,0.0,0.0,0.0
0.15765121185517172,0.12098218033925046,0.07702694873221562,0.06812885344520699,0.094085817056477,0.13201692554787856,0.08009713351561555,0.0,0.0,0.02028766895210242,0.012187098916873751,0.0,0.0,0.0,0.08084780937735553,0.0,0.0,0.0,0.30561490090984594,0.21597785386728818,0.0,0.0,0.5479738383906072,0.734482804373901,0.5430365797313217,0.3120717254060798,0.0,1.0,0.0,0.7567241305967873,0.0,0.0,0.0,0.0,0.0,0.0,0.0,0.0,0.0,0.0,0.0,0.035506577747727565,0.38932905854965133,0.39976645293127183,0.0,0.0,0.0,0.0,0.0,0.0,0.0,0.0,0.0,0.0,0.0,0.0,0.0,0.0,0.0,0.0,0.0,0.0,0.0,0.0,0.0,0.0,0.0,0.0,0.0,0.0,0.0,0.0,0.0,0.0,0.0,0.0,0.0,0.0,0.0,0.0,0.0,0.0,0.0,0.0,0.0,0.0,0.0,0.0
0.07161697531172219,0.3237536870488144,0.4912081218981292,0.31987757895772445,0.07804989792964179,0.0,0.0,0.0,0.0,0.0,0.0,0.0,0.0,0.0,0.0,0.0,0.0,0.0,0.00694555932795565,0.036260596879935575,0.0,0.0,0.0,0.0,0.0,0.01775437907486593,0.7567238816953032,0.0,1.0,0.0,0.23310673582959976,0.22326327401580218,0.0,0.0,0.0,0.0,0.0,0.0,0.0,0.0,0.0,0.0,0.0,0.0,0.0,0.0,0.0,0.0,0.0,0.0,0.0,0.0,0.0,0.0,0.0,0.0,0.0,0.0,0.0,0.0,0.0,0.0,0.0,0.0,0.0,0.0,0.0,0.0,0.0,0.0,0.0,0.0,0.0,0.0,0.0,0.0,0.0,0.0,0.0,0.0,0.0,0.0,0.0,0.0,0.0,0.0,0.0,0.0
0.006675709730188795,0.0,0.0,0.0,0.017178190701270246,0.03574810921207894,0.0,0.0,0.0,0.0,0.0,0.0,0.0,0.0,0.0,0.0,0.0,0.0,0.07162000913788055,0.0,0.0,0.0,0.3237583422009449,0.4912085281865298,0.31987942685410453,0.07805716992375517,0.0,0.7567241305967873,0.0,1.0,0.0,0.0,0.0,0.0,0.0,0.0,0.0,0.0,0.0,0.0,0.0,0.0,0.22327021092590482,0.233141770747025,0.0,0.0,0.0,0.0,0.0,0.0,0.0,0.0,0.0,0.0,0.0,0.0,0.0,0.0,0.0,0.0,0.0,0.0,0.0,0.0,0.0,0.0,0.0,0.0,0.0,0.0,0.0,0.0,0.0,0.0,0.0,0.0,0.0,0.0,0.0,0.0,0.0,0.0,0.0,0.0,0.0,0.0,0.0,0.0
0.4860193641160134,0.6868695097213741,0.49269249697603135,0.25615366487271796,0.17054359875299988,0.25434397671025794,0.37595656060927257,0.12431048581135976,0.0,0.03157784244767729,0.3754644168163448,0.15091025917007336,0.0,0.0,0.4247773983905616,0.2708178025714312,0.09348820126297641,0.03755747449722003,0.3983032592630404,0.27228749214316533,0.17545402985664735,0.16901522701848978,0.2902095651031401,0.1197877225781356,0.04279061904737521,0.10815940965618166,0.39973975639696957,0.0,0.23310673582959976,0.0,1.0,0.0,0.0,0.0,0.0,0.0,0.0,0.0,0.0,0.0,0.0,0.0,0.0,0.16687477914318247,0.0,0.0,0.0,0.0,0.0,0.0,0.0,0.0,0.0,0.0,0.0,0.0,0.0,0.0,0.0,0.0,0.0,0.0,0.0,0.0,0.0,0.0,0.0,0.0,0.0,0.0,0.0,0.0,0.0,0.0,0.0,0.0,0.0,0.0,0.0,0.0,0.0,0.0,0.0,0.0,0.0,0.0,0.0,0.0
0.15870523200763537,0.2547253250212529,0.48503280543839256,0.6862552521980886,0.4894697830695744,0.2529408748822496,0.0,0.0,0.0,0.033104818864887926,0.0,0.0,0.0,0.0,0.0,0.0,0.0,0.0,0.0,0.0,0.0,0.0,0.0,0.0,0.0,0.0,0.3893254766094145,0.0,0.22326327401580218,0.0,0.0,1.0,0.4067032095251474,0.0,0.0,0.0,0.0,0.0,0.0,0.0,0.0,0.0,0.0,0.0,0.0,0.0,0.0,0.0,0.0,0.0,0.0,0.0,0.0,0.0,0.0,0.0,0.0,0.0,0.0,0.0,0.0,0.0,0.0,0.0,0.0,0.0,0.0,0.0,0.0,0.0,0.0,0.0,0.0,0.0,0.0,0.0,0.0,0.0,0.0,0.0,0.0,0.0,0.0,0.0,0.0,0.0,0.0,0.0
0.2501477401915136,0.1694191590000848,0.25811205879995475,0.4914728565723048,0.6859251789107388,0.48746291109339157,0.025473572722360782,0.0,0.14187336381850593,0.39210074639827713,0.0,0.0,0.0,0.0,0.0,0.0,0.0,0.0,0.0,0.0,0.0,0.0,0.0,0.0,0.0,0.0,0.035507296856036104,0.0,0.0,0.0,0.0,0.4067032095251474,1.0,0.4191037685047243,0.0,0.0,0.0,0.0,0.0,0.0,0.0,0.0,0.0,0.0,0.0,0.0,0.0,0.0,0.0,0.0,0.0,0.0,0.0,0.0,0.0,0.0,0.0,0.0,0.0,0.0,0.0,0.0,0.0,0.0,0.0,0.0,0.0,0.0,0.0,0.0,0.1769985132520738,0.0,0.4075516535724423,0.0,0.0,0.0,0.0,0.0,0.0,0.0,0.0,0.0,0.0,0.0,0.0,0.0,0.0,0.0
0.24826696465193943,0.035850199437353944,0.0,0.13646665447826797,0.3900313632501701,0.48482662959064066,0.15641806728918137,0.2524078657402039,0.4919249244029498,0.6859446192088395,0.0,0.0,0.0,0.03564782029980344,0.0,0.0,0.0,0.0,0.0,0.0,0.0,0.0,0.0,0.0,0.0,0.0,0.0,0.0,0.0,0.0,0.0,0.0,0.4191037685047243,1.0,0.4086796711445349,0.0,0.0,0.0,0.0,0.0,0.0,0.0,0.0,0.0,0.0,0.0,0.018736187557129164,0.0,0.0,0.0,0.0,0.0,0.0,0.0,0.0,0.0,0.0,0.0,0.0,0.0,0.0,0.0,0.0,0.0,0.0,0.0,0.0,0.0,0.0,0.0,0.33456279399425304,0.0,0.5324048606545094,0.0,0.0,0.0,0.0,0.0,0.0,0.0,0.0,0.0,0.0,0.0,0.0,0.0,0.0,0.0
0.16324616006248016,0.0,0.0,0.0,0.03784063500981404,0.25591152805989786,0.2499219540383985,0.48595395208252856,0.6858568678444157,0.49262022949710316,0.03130693468495675,0.0,0.14253621351987678,0.3942102774703235,0.0,0.0,0.0,0.0,0.0,0.0,0.0,0.0,0.0,0.0,0.0,0.0,0.0,0.0,0.0,0.0,0.0,0.0,0.0,0.4086796711445349,1.0,0.42563821620277636,0.0,0.0,0.0,0.0,0.0,0.0,0.0,0.0,0.0,0.0,0.0,0.0,0.0,0.0,0.0,0.0,0.0,0.0,0.0,0.0,0.0,0.0,0.0,0.0,0.0,0.0,0.0,0.0,0.0,0.0,0.0,0.0,0.0,0.0,0.0,0.0,0.0564407556212274,0.0,0.0,0.0,0.0,0.0,0.0,0.0,0.0,0.0,0.0,0.0,0.0,0.0,0.0,0.0
0.03455803592148472,0.0,0.0,0.0,0.0,0.0,0.24982055516578053,0.4857150732680941,0.39315700099113854,0.14237839034857316,0.16109531106737868,0.25466009713533216,0.491380830996106,0.6859131891064326,0.0,0.0,0.0,0.035353651017336604,0.0,0.0,0.0,0.0,0.0,0.0,0.0,0.0,0.0,0.0,0.0,0.0,0.0,0.0,0.0,0.0,0.42563821620277636,1.0,0.40653149041879194,0.0,0.0,0.0,0.0,0.0,0.0,0.0,0.0,0.0,0.0,0.0,0.0,0.0,0.0,0.0,0.0,0.0,0.0,0.0,0.0,0.0,0.0,0.0,0.0,0.0,0.0,0.0,0.0,0.0,0.0,0.0,0.0,0.0,0.0,0.0,0.0,0.0,0.0,0.0,0.0,0.0,0.0,0.0,0.0,0.0,0.0,0.0,0.0,0.0,0.0,0.0
0.0,0.0,0.0,0.0,0.0,0.0,0.16284527903754864,0.2557700487657205,0.036581135565738526,0.0,0.24914221712139786,0.4862236213046845,0.6858865036557028,0.491472247333778,0.035389679580548616,0.0,0.1415422920831866,0.39334862145524124,0.0,0.0,0.0,0.0,0.0,0.0,0.0,0.0,0.0,0.0,0.0,0.0,0.0,0.0,0.0,0.0,0.0,0.40653149041879194,1.0,0.4240534493191697,0.0,0.0,0.0,0.0,0.0,0.0,0.0,0.0,0.0,0.0,0.0,0.0,0.0,0.0,0.0,0.0,0.0,0.0,0.0,0.0,0.0,0.0,0.0,0.0,0.0,0.0,0.0,0.0,0.0,0.0,0.0,0.0,0.0,0.0,0.0,0.0,0.0,0.0,0.0,0.0,0.0,0.0,0.0,0.0,0.0,0.0,0.0,0.0,0.0,0.0
0.0,0.0,0.0,0.0,0.0,0.0,0.03539381223609462,0.0,0.0,0.0,0.24914315673648327,0.48622274945421984,0.3933483130392758,0.1415438526167647,0.16284696203869975,0.25576549726230496,0.4914723941319024,0.6858862949864459,0.0,0.0,0.0,0.036571579411691355,0.0,0.0,0.0,0.0,0.0,0.0,0.0,0.0,0.0,0.0,0.0,0.0,0.0,0.0,0.4240534493191697,1.0,0.40652779144132983,0.0,0.0,0.0,0.0,0.0,0.0,0.0,0.0,0.0,0.0,0.0,0.0,0.0,0.0,0.0,0.0,0.0,0.0,0.0,0.0,0.0,0.0,0.0,0.0,0.0,0.0,0.0,0.0,0.0,0.0,0.0,0.0,0.0,0.0,0.0,0.0,0.0,0.0,0.0,0.0,0.0,0.0,0.0,0.0,0.0,0.0,0.0,0.0,0.0
0.0,0.0,0.0,0.0,0.0,0.0,0.0,0.0,0.0,0.0,0.16110178901915737,0.2546596207080254,0.03535248858159881,0.0,0.24982333311332544,0.4857162167236076,0.685913842349834,0.49137833531922126,0.03456569005328536,0.0,0.14237811977782003,0.39315507436469316,0.0,0.0,0.0,0.0,0.0,0.0,0.0,0.0,0.0,0.0,0.0,0.0,0.0,0.0,0.0,0.40652779144132983,1.0,0.42562408584347267,0.0,0.0,0.0,0.0,0.0,0.0,0.0,0.0,0.0,0.0,0.0,0.0,0.0,0.0,0.0,0.0,0.0,0.0,0.0,0.0,0.0,0.0,0.0,0.0,0.0,0.0,0.0,0.0,0.0,0.0,0.0,0.0,0.0,0.0,0.0,0.0,0.0,0.0,0.0,0.0,0.0,0.0,0.0,0.0,0.0,0.0,0.0,0.0
0.0,0.0,0.0,0.0,0.0,0.0,0.0,0.0,0.0,0.0,0.03132016251645933,0.0,0.0,0.0,0.24992219502523114,0.48595271668925694,0.3941999493975377,0.14252327810581739,0.16323910254618992,0.2559111748748322,0.492620168333546,0.6858566340888769,0.0,0.0,0.0,0.037858745221850724,0.0,0.0,0.0,0.0,0.0,0.0,0.0,0.0,0.0,0.0,0.0,0.0,0.42562408584347267,1.0,0.40867347056906106,0.0,0.0,0.0,0.0,0.0,0.0,0.0,0.0,0.0,0.0,0.0,0.0,0.0,0.0,0.0,0.0,0.0,0.0,0.0,0.0,0.0,0.0,0.0,0.0,0.0,0.0,0.0,0.0,0.0,0.0,0.0,0.0,0.0,0.0,0.0,0.0,0.0,0.0,0.0,0.0,0.0,0.0,0.0,0.0,0.0,0.0,0.0
0.0,0.0,0.0,0.0,0.0,0.0,0.0,0.0,0.0,0.0,0.0,0.0,0.0,0.0,0.156431374265455,0.2524128261982255,0.0356414186448059,0.0,0.2482650791652893,0.4848297575971132,0.6859448651917988,0.4919235831183017,0.03585676244575406,0.0,0.13650102574831358,0.3900595494097813,0.0,0.0,0.0,0.0,0.0,0.0,0.0,0.0,0.0,0.0,0.0,0.0,0.0,0.40867347056906106,1.0,0.419165033570362,0.0,0.0,0.0,0.0,0.0,0.0,0.0,0.0,0.0,0.0,0.0,0.0,0.0,0.0,0.0,0.0,0.0,0.0,0.0,0.0,0.0,0.0,0.0,0.0,0.0,0.0,0.0,0.0,0.0,0.0,0.0,0.0,0.0,0.0,0.0,0.0,0.0,0.0,0.0,0.0,0.0,0.0,0.0,0.0,0.0,0.0
0.0,0.0,0.0,0.0,0.0,0.0,0.0,0.0,0.0,0.0,0.0,0.0,0.0,0.0,0.025490209192650885,0.0,0.0,0.0,0.2501421028483332,0.4874678238118346,0.3921296595009189,0.14190482654701964,0.16941096411683118,0.25811341579013924,0.49147241170969985,0.6859260722061613,0.0,0.035506577747727565,0.0,0.0,0.0,0.0,0.0,0.0,0.0,0.0,0.0,0.0,0.0,0.0,0.419165033570362,1.0,0.40668989104561165,0.0,0.0,0.0,0.0,0.0,0.0,0.0,0.0,0.0,0.0,0.0,0.0,0.0,0.0,0.0,0.0,0.0,0.0,0.0,0.0,0.0,0.0,0.0,0.0,0.0,0.0,0.0,0.0,0.0,0.0,0.0,0.0,0.0,0.0,0.0,0.0,0.0,0.0,0.0,0.0,0.0,0.0,0.0,0.0,0.0
0.0,0.0,0.0,0.0,0.0,0.0,0.0,0.0,0.0,0.0,0.0,0.0,0.0,0.0,0.0,0.0,0.0,0.0,0.1586930133930249,0.2529445093256766,0.03312195887055932,0.0,0.25471518248548153,0.48503187386576885,0.6862555745207182,0.4894700468492164,0.0,0.38932905854965133,0.0,0.22327021092590482,0.0,0.0,0.0,0.0,0.0,0.0,0.0,0.0,0.0,0.0,0.0,0.40668989104561165,1.0,0.0,0.0,0.0,0.0,0.0,0.0,0.0,0.0,0.0,0.0,0.0,0.0,0.0,0.0,0.0,0.0,0.0,0.0,0.0,0.0,0.0,0.0,0.0,0.0,0.0,0.0,0.0,0.0,0.0,0.0,0.0,0.0,0.0,0.0,0.0,0.0,0.0,0.0,0.0,0.0,0.0,0.0,0.0,0.0,0.0
0.39806626011720436,0.29010420378715773,0.11968581544027512,0.04260927049782582,0.10786926250174464,0.2719500056193043,0.4245814888141102,0.2706012382924011,0.1687277107758555,0.17509850343053268,0.3753629529920277,0.15083266978306573,0.03746345150297127,0.09334697391914804,0.37589726002253615,0.1242611496860803,0.0,0.0,0.48599499518153405,0.25432797812500013,0.03154991112658522,0.0,0.6868640795435381,0.49269867834642217,0.2561463982047695,0.17052872860910118,0.0,0.39976645293127183,0.0,0.233141770747025,0.16687477914318247,0.0,0.0,0.0,0.0,0.0,0.0,0.0,0.0,0.0,0.0,0.0,0.0,1.0,0.0,0.0,0.0,0.0,0.0,0.0,0.0,0.0,0.0,0.0,0.0,0.0,0.0,0.0,0.0,0.0,0.0,0.0,0.0,0.0,0.0,0.0,0.0,0.0,0.0,0.0,0.0,0.0,0.0,0.0,0.0,0.0,0.0,0.0,0.0,0.0,0.0,0.0,0.0,0.0,0.0,0.0,0.0,0.0
0.0,0.0,0.0,0.0,0.0,0.0,0.0,0.0,0.0,0.0,0.0,0.0,0.0,0.0,0.0,0.0,0.0,0.0,0.0,0.0,0.0,0.0,0.0,0.0,0.0,0.0,0.0,0.0,0.0,0.0,0.0,0.0,0.0,0.0,0.0,0.0,0.0,0.0,0.0,0.0,0.0,0.0,0.0,0.0,1.0,0.7383167221778678,0.5469799904428162,0.47240038207516594,0.5435446093885202,0.7350217686595218,0.7298238097699028,0.5455506030344346,0.4771859709813139,0.5420707419456564,0.5221653699460381,0.2988603797596259,0.21486759797531385,0.3048916115904084,0.40780239342097263,0.17143641982112579,0.03830812831151185,0.08381845650895042,0.38386552094404774,0.16164446290819073,0.0,0.0,0.43145158578516213,0.2490019757808253,0.06563673072654111,0.03197575023526475,0.3056127306229555,0.15765120206318556,0.07161701789869103,0.006675698334285643,0.486019433816475,0.15870519761222893,0.2501477633559083,0.24826687906525535,0.16324620175210772,0.03455809849713687,0.0,0.0,0.0,0.0,0.0,0.0,0.0,0.39806626473399626
0.0,0.0,0.0,0.0,0.0,0.0,0.0,0.0,0.0,0.0,0.0,0.0,0.0,0.0,0.0,0.0,0.0,0.0,0.0,0.0,0.0,0.0,0.0,0.0,0.0,0.0,0.0,0.0,0.0,0.0,0.0,0.0,0.0,0.0,0.0,0.0,0.0,0.0,0.0,0.0,0.0,0.0,0.0,0.0,0.7383167221778678,1.0,0.7425844784952603,0.548587877109444,0.4834497949146363,0.5500726601878639,0.5328179530893506,0.30536286736444535,0.21894198602650833,0.3080447292932033,0.43177581360485573,0.19358796500615044,0.05028330002733888,0.08937220969711604,0.42077860605723977,0.22150205499272171,0.05108043691634217,0.03281779057537295,0.4315854452018811,0.2746256355855338,0.13026136420797735,0.10350217781444918,0.41272710597025597,0.2624308504094158,0.14582805887923805,0.15248278939089688,0.5479708094767746,0.120982212237207,0.32375376580354076,0.0,0.6868695565520943,0.2547253509697599,0.16941924650343457,0.03585015702568273,0.0,0.0,0.0,0.0,0.0,0.0,0.0,0.0,0.0,0.29010419817565314
0.0,0.0,0.0,0.0,0.0,0.0,0.0,0.0,0.0,0.0,0.0,0.0,0.0,0.0,0.0,0.0,0.0,0.0,0.0,0.0,0.0,0.0,0.0,0.0,0.0,0.0,0.0,0.0,0.0,0.0,0.0,0.0,0.0,0.018736187557129164,0.0,0.0,0.0,0.0,0.0,0.0,0.0,0.0,0.0,0.0,0.5469799904428162,0.7425844784952603,1.0,0.7375075098743596,0.5545992688229022,0.4813115859202336,0.2971064964128535,0.09638808143335899,0.06676586178609695,0.21788582855019623,0.17510386550865345,0.0,0.0,0.0,0.1861871315953517,0.000249067479890549,0.0,0.0,0.24914984877990284,0.1458960266438213,0.0,0.0,0.2624358849139592,0.18639947649835703,0.10357303278142779,0.085771226065949,0.7344825314888532,0.07702694569948847,0.4912080841636381,0.0,0.4926926395436829,0.48503272223603733,0.2581121210841515,0.0,0.0,0.0,0.0,0.0,0.0,0.0,0.0,0.0,0.0,0.11968583539409923
0.0,0.0,0.0,0.0,0.0,0.0,0.0,0.0,0.0,0.0,0.0,0.0,0.0,0.0,0.0,0.0,0.0,0.0,0.0,0.0,0.0,0.0,0.0,0.0,0.0,0.0,0.0,0.0,0.0,0.0,0.0,0.0,0.0,0.0,0.0,0.0,0.0,0.0,0.0,0.0,0.0,0.0,0.0,0.0,0.47240038207516594,0.548587877109444,0.7375075098743596,1.0,0.7454799258349482,0.5489890225217748,0.20230658346868585,0.05775246581902381,0.10367448846676894,0.30905519098475787,0.01995022377374194,0.0,0.0,0.0,0.0,0.0,0.0,0.0,0.06570225921328308,0.0,0.0,0.0,0.14573488742968857,0.10343732126180502,0.0,0.0,0.5430364680153846,0.06812885083147092,0.3198776731659461,0.0,0.25615380798656245,0.6862552437090665,0.4914728011494381,0.13646656987411943,0.0,0.0,0.0,0.0,0.0,0.0,0.0,0.0,0.0,0.0426092342948494
0.0,0.0,0.0,0.0,0.0,0.0,0.0,0.0,0.0,0.0,0.0,0.0,0.0,0.0,0.0,0.0,0.0,0.0,0.0,0.0,0.0,0.0,0.0,0.0,0.0,0.0,0.0,0.0,0.0,0.0,0.0,0.0,0.0,0.0,0.0,0.0,0.0,0.0,0.0,0.0,0.0,0.0,0.0,0.0,0.5435446093885202,0.4834497949146363,0.5545992688229022,0.7454799258349482,1.0,0.7375437386046764,0.2973098316743553,0.21493740590372237,0.3141948812730758,0.5428809603465976,0.06691483927022572,0.0,0.0,0.0,0.0,0.0,0.0,0.0,0.03194545080221281,0.0,0.0,0.0,0.1522743523213612,0.0854890612333448,0.0,0.0,0.3120653327977658,0.09408581548686837,0.07804991620312575,0.017178190286947843,0.17054371138356864,0.4894697760096617,0.6859252007635338,0.3900313668653388,0.037840714964351194,0.0,0.0,0.0,0.0,0.0,0.0,0.0,0.0,0.10786924763633599
0.0,0.0,0.0,0.0,0.0,0.0,0.0,0.0,0.0,0.0,0.0,0.0,0.0,0.0,0.0,0.0,0.0,0.0,0.0,0.0,0.0,0.0,0.0,0.0,0.0,0.0,0.0,0.0,0.0,0.0,0.0,0.0,0.0,0.0,0.0,0.0,0.0,0.0,0.0,0.0,0.0,0.0,0.0,0.0,0.7350217686595218,0.5500726601878639,0.4813115859202336,0.5489890225217748,0.7375437386046764,1.0,0.5375620986800924,0.47659925868654346,0.5524514328758539,0.7354867447487083,0.2858613515790617,0.08634912511079888,0.060587183849412904,0.21506259756155688,0.15348195578488086,0.0,0.0,0.0,0.16157518396349305,0.0,0.0,0.0,0.27438532317181996,0.14560051124513845,0.0,0.0,0.21596243289206943,0.13201693638896167,0.0,0.0357481423124432,0.2543440140425639,0.25294089445838397,0.4874629965248504,0.48482660400602823,0.25591157607730103,0.0,0.0,0.0,0.0,0.0,0.0,0.0,0.0,0.2719499765329252
0.0,0.0,0.0,0.0,0.0,0.0,0.0,0.0,0.0,0.0,0.0,0.0,0.0,0.0,0.0,0.0,0.0,0.0,0.0,0.0,0.0,0.0,0.0,0.0,0.0,0.0,0.0,0.0,0.0,0.0,0.0,0.0,0.0,0.0,0.0,0.0,0.0,0.0,0.0,0.0,0.0,0.0,0.0,0.0,0.7298238097699028,0.5328179530893506,0.2971064964128535,0.20230658346868585,0.2973098316743553,0.5375620986800924,1.0,0.7368537299389354,0.5418866738763002,0.47019108615743643,0.730825276567278,0.5451782091290069,0.47641378234656295,0.5430547923619645,0.5198515187745779,0.2935241097332797,0.2118407102705066,0.304805073817136,0.40778848566339065,0.15350256404161391,0.017364484405144515,0.07142797824233474,0.4206728957926506,0.18607196666092593,0.0,0.0,0.08086082123643067,0.08009717682543581,0.0,0.0,0.3759566006133152,0.0,0.02547365416273687,0.1564179994600018,0.24992196761734972,0.24982056424238525,0.1628452243004255,0.035393815900458245,0.0,0.0,0.0,0.0,0.0,0.42458156233699496
0.0,0.0,0.0,0.0,0.0,0.0,0.0,0.0,0.0,0.0,0.0,0.0,0.0,0.0,0.0,0.0,0.0,0.0,0.0,0.0,0.0,0.0,0.0,0.0,0.0,0.0,0.0,0.0,0.0,0.0,0.0,0.0,0.0,0.0,0.0,0.0,0.0,0.0,0.0,0.0,0.0,0.0,0.0,0.0,0.5455506030344346,0.30536286736444535,0.09638808143335899,0.05775246581902381,0.21493740590372237,0.47659925868654346,0.7368537299389354,1.0,0.7348698683091296,0.5487900325762544,0.5433922082494146,0.4790052902745228,0.552339717299096,0.7361476895285586,0.2935062415292006,0.08718075710262424,0.059379900902604345,0.21597662371702092,0.17139044869842562,0.0,0.0,0.0,0.2213618106296392,8.033879886879288e-05,0.0,0.0,0.0,0.0,0.0,0.0,0.12431036496866145,0.0,0.0,0.25240782899394204,0.48595409866862416,0.48571522039662945,0.2557700506303973,0.0,0.0,0.0,0.0,0.0,0.0,0.2706011992805221
0.0,0.0,0.0,0.0,0.0,0.0,0.0,0.0,0.0,0.0,0.0,0.0,0.0,0.0,0.0,0.0,0.0,0.0,0.0,0.0,0.0,0.0,0.0,0.0,0.0,0.0,0.0,0.0,0.0,0.0,0.0,0.0,0.0,0.0,0.0,0.0,0.0,0.0,0.0,0.0,0.0,0.0,0.0,0.0,0.4771859709813139,0.21894198602650833,0.06676586178609695,0.10367448846676894,0.3141948812730758,0.5524514328758539,0.5418866738763002,0.7348698683091296,1.0,0.7479069525119668,0.29987616604203887,0.21396452044763048,0.31242937941166526,0.5431632120614718,0.07139504472509368,0.0,0.0,0.0,0.0,0.0,0.0,0.0,0.10329275490438823,0.0,0.0,0.0,0.0,0.0,0.0,0.0,0.0,0.0,0.14187331965682473,0.4919247665368737,0.685856959570408,0.3931571237450585,0.03658122132703437,0.0,0.0,0.0,0.0,0.0,0.0,0.1687276943524503
0.0,0.0,0.0,0.0,0.0,0.0,0.0,0.0,0.0,0.0,0.0,0.0,0.0,0.0,0.0,0.0,0.0,0.0,0.0,0.0,0.0,0.0,0.0,0.0,0.0,0.0,0.0,0.0,0.0,0.0,0.0,0.0,0.0,0.0,0.0,0.0,0.0,0.0,0.0,0.0,0.0,0.0,0.0,0.0,0.5420707419456564,0.3080447292932033,0.21788582855019623,0.30905519098475787,0.5428809603465976,0.7354867447487083,0.47019108615743643,0.5487900325762544,0.7479069525119668,1.0,0.20243817256083516,0.05572124137335169,0.10311290237118585,0.31146897373590204,0.017321050776772106,0.0,0.0,0.0,0.0,0.0,0.0,0.0,0.12999282094525802,0.0,0.0,0.0,0.0,0.020287670222807277,0.0,0.0,0.03157781337866705,0.033104836611945083,0.39210083148353786,0.6859446433700798,0.49262026437991735,0.14237835949933364,0.0,0.0,0.0,0.0,0.0,0.0,0.0,0.17509844583375578
0.0,0.0,0.0,0.0,0.0,0.0,0.0,0.0,0.0,0.0,0.0,0.0,0.0,0.0,0.0,0.0,0.0,0.0,0.0,0.0,0.0,0.0,0.0,0.0,0.0,0.0,0.0,0.0,0.0,0.0,0.0,0.0,0.0,0.0,0.0,0.0,0.0,0.0,0.0,0.0,0.0,0.0,0.0,0.0,0.5221653699460381,0.43177581360485573,0.17510386550865345,0.01995022377374194,0.06691483927022572,0.2858613515790617,0.730825276567278,0.5433922082494146,0.29987616604203887,0.20243817256083516,1.0,0.7354309222874809,0.5421403683652302,0.47464869457482634,0.7308282619006474,0.5434001017412317,0.47465437934675786,0.5421433083430718,0.5221678084604726,0.28587788861185914,0.20246186249143935,0.29989048946974706,0.43173366364397964,0.17506034002394716,0.01992152191774288,0.06691282073389965,0.012246130969716919,0.012187115463922255,0.0,0.0,0.3754644191762302,0.0,0.0,0.0,0.03130691006594129,0.16109530421721116,0.24914215593363065,0.2491431684562119,0.16110194605176198,0.031320275457152505,0.0,0.0,0.0,0.37536301852907766
0.0,0.0,0.0,0.0,0.0,0.0,0.0,0.0,0.0,0.0,0.0,0.0,0.0,0.0,0.0,0.0,0.0,0.0,0.0,0.0,0.0,0.0,0.0,0.0,0.0,0.0,0.0,0.0,0.0,0.0,0.0,0.0,0.0,0.0,0.0,0.0,0.0,0.0,0.0,0.0,0.0,0.0,0.0,0.0,0.2988603797596259,0.19358796500615044,0.0,0.0,0.0,0.08634912511079888,0.5451782091290069,0.4790052902745228,0.21396452044763048,0.05572124137335169,0.7354309222874809,1.0,0.7361612479739206,0.5512984594409841,0.5451759941340294,0.4790010977287972,0.5512982175655234,0.7361611773465414,0.2988588921378304,0.08634818313754246,0.05572215471274412,0.21396089692824258,0.19355849831090002,0.0,0.0,0.0,0.0,0.0,0.0,0.0,0.15091014096640215,0.0,0.0,0.0,0.0,0.25466022229331836,0.486223681692519,0.48622278960148846,0.2546596671424184,0.0,0.0,0.0,0.0,0.1508327143885272
