1.0,0.7383167221778678,0.5469799904428163,0.47240038207516594,0.5435446093885202,0.7350217686595221,0.729823809769903,0.5455506030344344,0.4771859709813138,0.5420707419456563,0.5221653699460381,0.29886037975962565,0.21486759797531368,0.30489161159040834,0.4078023934209726,0.17143641982112579,0.03830812831151185,0.08381845650895042,0.3838655209440473,0.16164446290819073,0.0,0.0,0.4314515857851616,0.24900197578082467,0.06563673072654111,0.03197575023526425,0.3056127306229557,0.1576512020631851,0.07161701789869088,0.00667569833428515,0.486019433816475,0.15870519761222918,0.2501477633559083,0.24826687906525527,0.16324620175210786,0.03455809849713671,0.0,0.0,0.0,0.0,0.0,0.0,0.0,0.3980662647339956,0.0,0.0,0.0,0.0,0.0,0.0,0.0,0.0,0.0,0.0,0.0,0.0,0.0,0.0,0.0,0.0,0.0,0.0,0.0,0.0,0.0,0.0,0.0,0.0,0.0,0.0,0.0,0.0,0.0,0.0,0.0,0.0,0.0,0.0,0.0,0.0,0.0,0.0,0.0,0.0,0.0,0.0,0.0,0.0
0.7383167221778678,1.0,0.7425844784952603,0.5485878771094439,0.4834497949146363,0.550072660187864,0.5328179530893509,0.30536286736444523,0.21894198602650833,0.3080447292932033,0.43177581360485556,0.1935879650061503,0.05028330002733888,0.08937220969711604,0.42077860605723977,0.22150205499272171,0.05108043691634217,0.03281779057537295,0.43158544520188047,0.2746256355855338,0.13026136420797735,0.10350217781444868,0.4127271059702553,0.26243085040941516,0.14582805887923805,0.1524827893908962,0.5479708094767747,0.1209822122372065,0.32375376580354054,0.0,0.6868695565520943,0.2547253509697602,0.16941924650343457,0.03585015702568273,0.0,0.0,0.0,0.0,0.0,0.0,0.0,0.0,0.0,0.2901041981756526,0.0,0.0,0.0,0.0,0.0,0.0,0.0,0.0,0.0,0.0,0.0,0.0,0.0,0.0,0.0,0.0,0.0,0.0,0.0,0.0,0.0,0.0,0.0,0.0,0.0,0.0,0.0,0.0,0.0,0.0,0.0,0.0,0.0,0.0,0.0,0.0,0.0,0.0,0.0,0.0,0.0,0.0,0.0,0.0
0.5469799904428163,0.7425844784952603,1.0,0.7375075098743596,0.5545992688229022,0.4813115859202337,0.2971064964128536,0.09638808143335882,0.06676586178609695,0.21788582855019623,0.17510386550865345,0.0,0.0,0.0,0.1861871315953517,0.000249067479890549,0.0,0.0,0.24914984877990234,0.1458960266438213,0.0,0.0,0.26243588491395853,0.18639947649835636,0.10357303278142779,0.08577122606594835,0.7344825314888533,0.07702694569948781,0.4912080841636379,0.0,0.4926926395436829,0.4850327222360376,0.2581121210841515,0.0,0.0,0.0,0.0,0.0,0.0,0.0,0.0,0.0,0.0,0.11968583539409874,0.0,0.0,0.0,0.0,0.0,0.0,0.0,0.0,0.0,0.0,0.0,0.0,0.0,0.0,0.0,0.0,0.0,0.0,0.0,0.0,0.0,0.0,0.0,0.0,0.0,0.0,0.0,0.0,0.0,0.0,0.0,0.0,0.0,0.0,0.0,0.0,0.0,0.0,0.0,0.0,0.0,0.0,0.0,0.0
0.47240038207516594,0.5485878771094439,0.7375075098743596,1.0,0.7454799258349482,0.5489890225217746,0.20230658346868585,0.057752465819023484,0.10367448846676877,0.3090551909847577,0.019950223773741775,0.0,0.0,0.0,0.0,0.0,0.0,0.0,0.0657022592132826,0.0,0.0,0.0,0.1457348874296879,0.10343732126180437,0.0,0.0,0.5430364680153846,0.06812885083147027,0.3198776731659461,0.0,0.25615380798656245,0.686255243709067,0.4914728011494378,0.13646656987411926,0.0,0.0,0.0,0.0,0.0,0.0,0.0,0.0,0.0,0.042609234294848905,0.0,0.0,0.0,0.0,0.0,0.0,0.0,0.0,0.0,0.0,0.0,0.0,0.0,0.0,0.0,0.0,0.0,0.0,0.0,0.0,0.0,0.0,0.0,0.0,0.0,0.0,0.0,0.0,0.049952125900410115,0.0,0.0,0.0,0.0,0.0,0.0,0.0,0.0,0.0,0.0,0.0,0.0,0.0,0.0,0.0
0.5435446093885202,0.4834497949146363,0.5545992688229022,0.7454799258349482,1.0,0.7375437386046761,0.2973098316743554,0.21493740590372204,0.3141948812730757,0.5428809603465975,0.06691483927022572,0.0,0.0,0.0,0.0,0.0,0.0,0.0,0.031945450802212484,0.0,0.0,0.0,0.1522743523213607,0.08548906123334414,0.0,0.0,0.3120653327977658,0.0940858154868677,0.07804991620312558,0.017178190286947184,0.17054371138356864,0.489469776009662,0.6859252007635338,0.39003136686533874,0.037840714964351194,0.0,0.0,0.0,0.0,0.0,0.0,0.0,0.0,0.10786924763633549,0.0,0.0,0.0,0.0,0.0,0.0,0.0,0.0,0.0,0.0,0.0,0.0,0.0,0.0,0.0,0.0,0.0,0.0,0.0,0.0,0.0,0.0,0.0,0.0,0.0,0.0,0.08140191933814507,0.0,0.26717020432850097,0.0,0.0,0.0,0.0,0.0,0.0,0.0,0.0,0.0,0.0,0.0,0.0,0.0,0.0,0.0
0.7350217686595221,0.550072660187864,0.4813115859202337,0.5489890225217746,0.7375437386046761,1.0,0.5375620986800927,0.47659925868654335,0.5524514328758537,0.7354867447487082,0.285861351579062,0.08634912511079888,0.06058718384941274,0.21506259756155688,0.1534819557848812,0.0,0.0,0.0,0.16157518396349305,0.0,0.0,0.0,0.27438532317182013,0.14560051124513862,0.0,0.0,0.2159624328920696,0.13201693638896167,0.0,0.035748142312443366,0.25434401404256396,0.2529408944583841,0.48746299652485026,0.48482660400602795,0.25591157607730103,0.0,0.0,0.0,0.0,0.0,0.0,0.0,0.0,0.27194997653292524,0.0,0.0,0.0,0.0,0.0,0.0,0.0,0.0,0.0,0.0,0.0,0.0,0.0,0.0,0.0,0.0,0.0,0.0,0.0,0.0,0.0,0.0,0.0,0.0,0.0,0.0,0.03330282667814231,0.0,0.21582359275909044,0.0,0.0,0.0,0.0,0.0,0.0,0.0,0.0,0.0,0.0,0.0,0.0,0.0,0.0,0.0
0.729823809769903,0.5328179530893509,0.2971064964128536,0.20230658346868585,0.2973098316743554,0.5375620986800927,1.0,0.7368537299389354,0.5418866738763002,0.4701910861574364,0.730825276567278,0.5451782091290067,0.4764137823465629,0.5430547923619642,0.5198515187745779,0.2935241097332798,0.2118407102705066,0.304805073817136,0.40778848566339043,0.15350256404161408,0.017364484405144678,0.07142797824233474,0.42067289579265027,0.18607196666092563,0.0,0.0,0.08086082123643083,0.08009717682543532,0.0,0.0,0.3759566006133154,0.0,0.02547365416273687,0.1564179994600018,0.2499219676173499,0.24982056424238516,0.1628452243004255,0.035393815900458245,0.0,0.0,0.0,0.0,0.0,0.4245815623369945,0.0,0.0,0.0,0.0,0.0,0.0,0.0,0.0,0.0,0.0,0.0,0.0,0.0,0.0,0.0,0.0,0.0,0.0,0.0,0.0,0.0,0.0,0.0,0.0,0.0,0.0,0.0,0.0,0.0,0.0,0.0,0.0,0.0,0.0,0.0,0.0,0.0,0.0,0.0,0.0,0.0,0.0,0.0,0.0
0.5455506030344344,0.30536286736444523,0.09638808143335882,0.057752465819023484,0.21493740590372204,0.47659925868654335,0.7368537299389354,1.0,0.7348698683091293,0.5487900325762542,0.5433922082494149,0.4790052902745228,0.552339717299096,0.7361476895285586,0.29350624152920074,0.08718075710262457,0.05937990090260451,0.21597662371702092,0.17139044869842562,0.0,0.0,0.0,0.22136181062963936,8.033879886879288e-05,0.0,0.0,0.0,0.0,0.0,0.0,0.12431036496866128,0.0,0.0,0.2524078289939419,0.4859540986686243,0.48571522039662945,0.2557700506303974,0.0,0.0,0.0,0.0,0.0,0.0,0.2706011992805221,0.0,0.0,0.0,0.0,0.0,0.0,0.0,0.0,0.0,0.0,0.0,0.0,0.0,0.0,0.0,0.0,0.0,0.0,0.0,0.0,0.0,0.0,0.0,0.0,0.0,0.0,0.0,0.0,0.0,0.0,0.0,0.0,0.0,0.0,0.0,0.0,0.0,0.0,0.0,0.0,0.0,0.0,0.0,0.0
0.4771859709813138,0.21894198602650833,0.06676586178609695,0.10367448846676877,0.3141948812730757,0.5524514328758537,0.5418866738763002,0.7348698683091293,1.0,0.7479069525119668,0.2998761660420389,0.2139645204476303,0.3124293794116651,0.5431632120614718,0.07139504472509352,0.0,0.0,0.0,0.0,0.0,0.0,0.0,0.10329275490438773,0.0,0.0,0.0,0.0,0.0,0.0,0.0,0.0,0.0,0.14187331965682473,0.4919247665368737,0.6858569595704083,0.3931571237450585,0.03658122132703437,0.0,0.0,0.0,0.0,0.0,0.0,0.1687276943524499,0.0,0.0,0.0,0.0,0.0,0.0,0.0,0.0,0.0,0.0,0.0,0.0,0.0,0.0,0.0,0.0,0.0,0.0,0.0,0.0,0.0,0.0,0.0,0.0,0.0,0.0,0.028679118621881713,0.0,0.16179914468745338,0.0,0.0,0.0,0.0,0.0,0.0,0.0,0.0,0.0,0.0,0.0,0.0,0.0,0.0,0.0
0.5420707419456563,0.3080447292932033,0.21788582855019623,0.3090551909847577,0.5428809603465975,0.7354867447487082,0.4701910861574364,0.5487900325762542,0.7479069525119668,1.0,0.20243817256083516,0.05572124137335153,0.10311290237118552,0.31146897373590204,0.017321050776772106,0.0,0.0,0.0,0.0,0.0,0.0,0.0,0.12999282094525755,0.0,0.0,0.0,0.0,0.02028767022280662,0.0,0.0,0.03157781337866705,0.03310483661194541,0.39210083148353786,0.6859446433700798,0.4926202643799174,0.14237835949933347,0.0,0.0,0.0,0.0,0.0,0.0,0.0,0.1750984458337552,0.0,0.0,0.0,0.0,0.0,0.0,0.0,0.0,0.0,0.0,0.0,0.0,0.0,0.0,0.0,0.0,0.0,0.0,0.0,0.0,0.0,0.0,0.0,0.0,0.0,0.0,0.18002778156414473,0.0,0.3405050815950197,0.0,0.0,0.0,0.0,0.0,0.0,0.0,0.0,0.0,0.0,0.0,0.0,0.0,0.0,0.0
0.5221653699460381,0.43177581360485556,0.17510386550865345,0.019950223773741775,0.06691483927022572,0.285861351579062,0.730825276567278,0.5433922082494149,0.2998761660420389,0.20243817256083516,1.0,0.7354309222874809,0.5421403683652304,0.47464869457482634,0.7308282619006472,0.5434001017412317,0.4746543793467578,0.5421433083430719,0.5221678084604723,0.28587788861185903,0.2024618624914392,0.2998904894697467,0.4317336636439793,0.17506034002394666,0.019921521917742713,0.06691282073389915,0.012246130969716919,0.012187115463921927,0.0,0.0,0.3754644191762302,0.0,0.0,0.0,0.03130691006594178,0.1610953042172114,0.24914215593363082,0.24914316845621198,0.1611019460517619,0.03132027545715218,0.0,0.0,0.0,0.37536301852907733,0.0,0.0,0.0,0.0,0.0,0.0,0.0,0.0,0.0,0.0,0.0,0.0,0.0,0.0,0.0,0.0,0.0,0.0,0.0,0.0,0.0,0.0,0.0,0.0,0.0,0.0,0.0,0.0,0.0,0.0,0.0,0.0,0.0,0.0,0.0,0.0,0.0,0.0,0.0,0.0,0.0,0.0,0.0,0.0
0.29886037975962565,0.1935879650061503,0.0,0.0,0.0,0.08634912511079888,0.5451782091290067,0.4790052902745228,0.2139645204476303,0.05572124137335153,0.7354309222874809,1.0,0.7361612479739207,0.5512984594409839,0.5451759941340295,0.4790010977287974,0.5512982175655234,0.7361611773465414,0.2988588921378304,0.08634818313754261,0.05572215471274428,0.21396089692824258,0.19355849831090002,0.0,0.0,0.0,0.0,0.0,0.0,0.0,0.1509101409664019,0.0,0.0,0.0,0.0,0.25466022229331836,0.4862236816925189,0.4862227896014886,0.25465966714241844,0.0,0.0,0.0,0.0,0.1508327143885272,0.0,0.0,0.0,0.0,0.0,0.0,0.0,0.0,0.0,0.0,0.0,0.0,0.0,0.0,0.0,0.0,0.0,0.0,0.0,0.0,0.0,0.0,0.0,0.0,0.0,0.0,0.0,0.0,0.0,0.0,0.0,0.0,0.0,0.0,0.0,0.0,0.0,0.0,0.0,0.0,0.0,0.0,0.0,0.0
0.21486759797531368,0.05028330002733888,0.0,0.0,0.0,0.06058718384941274,0.4764137823465629,0.552339717299096,0.3124293794116651,0.10311290237118552,0.5421403683652304,0.7361612479739207,1.0,0.7473483321854943,0.3047981033815185,0.21596823485601,0.31196459716063885,0.5435050713665347,0.0838057620895472,0.0,0.0,0.0,0.032768285963192686,0.0,0.0,0.0,0.0,0.0,0.0,0.0,0.0,0.0,0.0,0.0,0.1425361562505614,0.4913808521616964,0.685886586833007,0.39334843870094266,0.03535259068428693,0.0,0.0,0.0,0.0,0.03746343376184353,0.0,0.0,0.0,0.0,0.0,0.0,0.0,0.0,0.0,0.0,0.0,0.0,0.0,0.0,0.0,0.0,0.0,0.0,0.0,0.0,0.0,0.0,0.0,0.0,0.0,0.0,0.0,0.0,0.0,0.0,0.0,0.0,0.0,0.0,0.0,0.0,0.0,0.0,0.0,0.0,0.0,0.0,0.0,0.0
0.30489161159040834,0.08937220969711604,0.0,0.0,0.0,0.21506259756155688,0.5430547923619642,0.7361476895285586,0.5431632120614718,0.31146897373590204,0.47464869457482634,0.5512984594409839,0.7473483321854943,1.0,0.21182581825982338,0.05936963301822358,0.10276962528404758,0.31196536844200345,0.03827633151933286,0.0,0.0,0.0,0.050988891545993696,0.0,0.0,0.0,0.0,0.0,0.0,0.0,0.0,0.0,0.0,0.035647739986040226,0.39421030816246627,0.6859133197605871,0.4914722490078181,0.14154388667043669,0.0,0.0,0.0,0.0,0.0,0.09334697614382806,0.0,0.0,0.0,0.0,0.0,0.0,0.0,0.0,0.0,0.0,0.0,0.0,0.0,0.0,0.0,0.0,0.0,0.0,0.0,0.0,0.0,0.0,0.0,0.0,0.0,0.0,0.0,0.0,0.0,0.0,0.0,0.0,0.0,0.0,0.0,0.0,0.0,0.0,0.0,0.0,0.0,0.0,0.0,0.0
0.4078023934209726,0.42077860605723977,0.1861871315953517,0.0,0.0,0.1534819557848812,0.5198515187745779,0.29350624152920074,0.07139504472509352,0.017321050776772106,0.7308282619006472,0.5451759941340295,0.3047981033815185,0.21182581825982338,1.0,0.7368540398980638,0.5430556032080404,0.47641558349132096,0.7298281425056234,0.5375755014218497,0.47020360706962433,0.5418892344981885,0.532802260183833,0.29709708321129036,0.2022993083304434,0.29731338157220466,0.08025621074333984,0.08084779548162553,0.0,0.0,0.42477734450574,0.0,0.0,0.0,0.0,0.0,0.03538965340204217,0.16284695604818458,0.24982348030125945,0.2499222894824784,0.15643148315526254,0.02549021446509246,0.0,0.3758972900938846,0.0,0.0,0.0,0.0,0.0,0.0,0.0,0.0,0.0,0.0,0.0,0.0,0.0,0.0,0.0,0.0,0.0,0.0,0.0,0.0,0.0,0.0,0.0,0.0,0.0,0.0,0.0,0.0,0.0,0.0,0.0,0.0,0.0,0.0,0.0,0.0,0.0,0.0,0.0,0.0,0.0,0.0,0.0,0.0
0.17143641982112579,0.22150205499272171,0.000249067479890549,0.0,0.0,0.0,0.2935241097332798,0.08718075710262457,0.0,0.0,0.5434001017412317,0.4790010977287974,0.21596823485601,0.05936963301822358,0.7368540398980638,1.0,0.7361450886071056,0.5523356849045138,0.5455510680778625,0.4766070166331476,0.5487976571396813,0.7348717972007743,0.3053570259522798,0.09639542096274259,0.05776084667882436,0.2149477835280087,0.0,0.0,0.0,0.0,0.27081771516108516,0.0,0.0,0.0,0.0,0.0,0.0,0.25576555455432654,0.48571636177189764,0.48595268051652485,0.2524127838685415,0.0,0.0,0.12426123847421666,0.0,0.0,0.0,0.0,0.0,0.0,0.0,0.0,0.0,0.0,0.0,0.0,0.0,0.0,0.0,0.0,0.0,0.0,0.0,0.0,0.0,0.0,0.0,0.0,0.0,0.0,0.0,0.0,0.0,0.0,0.0,0.0,0.0,0.0,0.0,0.0,0.0,0.0,0.0,0.0,0.0,0.0,0.0,0.0
0.03830812831151185,0.05108043691634217,0.0,0.0,0.0,0.0,0.2118407102705066,0.05937990090260451,0.0,0.0,0.4746543793467578,0.5512982175655234,0.31196459716063885,0.10276962528404758,0.5430556032080404,0.7361450886071056,1.0,0.7473478489678083,0.3048964467942054,0.2150670532643631,0.311468620504184,0.5431589425628933,0.0893719817119878,0.0,0.0,0.0,0.0,0.0,0.0,0.0,0.0934880935291677,0.0,0.0,0.0,0.0,0.0,0.14154226545321597,0.4914723422548897,0.6859139895973669,0.39419996784187805,0.03564146109509889,0.0,0.0,0.0,0.0,0.0,0.0,0.0,0.0,0.0,0.0,0.0,0.0,0.0,0.0,0.0,0.0,0.0,0.0,0.0,0.0,0.0,0.0,0.0,0.0,0.0,0.0,0.0,0.0,0.0,0.0,0.0,0.0,0.0,0.0,0.0,0.0,0.0,0.0,0.0,0.0,0.0,0.0,0.0,0.0,0.0,0.0,0.0
0.08381845650895042,0.03281779057537295,0.0,0.0,0.0,0.0,0.304805073817136,0.21597662371702092,0.0,0.0,0.5421433083430719,0.7361611773465414,0.5435050713665347,0.31196536844200345,0.47641558349132096,0.5523356849045138,0.7473478489678083,1.0,0.2148739076731028,0.06058894986065747,0.10310985686059038,0.31242260968484464,0.05027776932530261,0.0,0.0,0.0,0.0,0.0,0.0,0.0,0.03755744125206048,0.0,0.0,0.0,0.0,0.035353653623649305,0.393348541446588,0.6858862301544058,0.491378467171912,0.14252335942762148,0.0,0.0,0.0,0.0,0.0,0.0,0.0,0.0,0.0,0.0,0.0,0.0,0.0,0.0,0.0,0.0,0.0,0.0,0.0,0.0,0.0,0.0,0.0,0.0,0.0,0.0,0.0,0.0,0.0,0.0,0.0,0.0,0.0,0.0,0.0,0.0,0.0,0.0,0.0,0.0,0.0,0.0,0.0,0.0,0.0,0.0,0.0,0.0
0.3838655209440473,0.43158544520188047,0.24914984877990234,0.0657022592132826,0.031945450802212484,0.16157518396349305,0.40778848566339043,0.17139044869842562,0.0,0.0,0.5221678084604723,0.2988588921378304,0.0838057620895472,0.03827633151933286,0.7298281425056234,0.5455510680778625,0.3048964467942054,0.2148739076731028,1.0,0.7350200172742553,0.5420654539821317,0.47717882271019063,0.7383145031087308,0.5469792762064254,0.47238793815907315,0.5435326099247326,0.15787645211281237,0.30561491960771564,0.0069455415350933225,0.07162001064637791,0.39830325514020337,0.0,0.0,0.0,0.0,0.0,0.0,0.0,0.034565819594655905,0.1632391330220785,0.2482650826735536,0.2501420100756804,0.15869305303836517,0.4859951038272704,0.0,0.0,0.0,0.0,0.0,0.0,0.0,0.0,0.0,0.0,0.0,0.0,0.0,0.0,0.0,0.0,0.0,0.0,0.0,0.0,0.0,0.0,0.0,0.0,0.0,0.0,0.0,0.0,0.0,0.0,0.0,0.0,0.0,0.0,0.0,0.0,0.0,0.0,0.0,0.0,0.0,0.0,0.0,0.0
0.16164446290819073,0.2746256355855338,0.1458960266438213,0.0,0.0,0.0,0.15350256404161408,0.0,0.0,0.0,0.28587788861185903,0.08634818313754261,0.0,0.0,0.5375755014218497,0.4766070166331476,0.2150670532643631,0.06058894986065747,0.7350200172742553,1.0,0.7354857348635706,0.552451652567792,0.550075883679774,0.48132719034539684,0.5489964152732425,0.7375440987742832,0.1324468840380865,0.21597792952653033,0.03626062494158504,0.0,0.2722875192873908,0.0,0.0,0.0,0.0,0.0,0.0,0.0,0.0,0.25591119737028595,0.48482976651715504,0.487467778097652,0.25294464161537245,0.25432807714840555,0.0,0.0,0.0,0.0,0.0,0.0,0.0,0.0,0.0,0.0,0.0,0.0,0.0,0.0,0.0,0.0,0.0,0.0,0.0,0.0,0.0,0.0,0.0,0.0,0.0,0.0,0.0,0.0,0.0,0.0,0.0,0.0,0.0,0.0,0.0,0.0,0.0,0.0,0.0,0.0,0.0,0.0,0.0,0.0
0.0,0.13026136420797735,0.0,0.0,0.0,0.0,0.017364484405144678,0.0,0.0,0.0,0.2024618624914392,0.05572215471274428,0.0,0.0,0.47020360706962433,0.5487976571396813,0.311468620504184,0.10310985686059038,0.5420654539821317,0.7354857348635706,1.0,0.7479084769226826,0.30804444539114606,0.21790400826760276,0.3090735417106494,0.5428952270075385,0.020771881427072897,0.0,0.0,0.0,0.17545401855217863,0.0,0.0,0.0,0.0,0.0,0.0,0.0,0.14237817510617923,0.4926201985156259,0.6859449287271386,0.39212966177136893,0.033122104735536534,0.03154997888507376,0.0,0.0,0.0,0.0,0.0,0.0,0.0,0.0,0.0,0.0,0.0,0.0,0.0,0.0,0.0,0.0,0.0,0.0,0.0,0.0,0.0,0.0,0.0,0.0,0.0,0.0,0.0,0.0,0.0,0.0,0.0,0.0,0.0,0.0,0.0,0.0,0.0,0.0,0.0,0.0,0.0,0.0,0.0,0.0
0.0,0.10350217781444868,0.0,0.0,0.0,0.0,0.07142797824233474,0.0,0.0,0.0,0.2998904894697467,0.21396089692824258,0.0,0.0,0.5418892344981885,0.7348717972007743,0.5431589425628933,0.31242260968484464,0.47717882271019063,0.552451652567792,0.7479084769226826,1.0,0.2189375053387683,0.06678073954168545,0.10369125346424579,0.3142086426194279,0.0,0.0,0.0,0.0,0.1690151382692845,0.0,0.0,0.0,0.0,0.0,0.0,0.036571554485496094,0.3931551900290932,0.685856739302807,0.49192359983994094,0.1419047606949717,0.0,0.0,0.0,0.0,0.0,0.0,0.0,0.0,0.0,0.0,0.0,0.0,0.0,0.0,0.0,0.0,0.0,0.0,0.0,0.0,0.0,0.0,0.0,0.0,0.0,0.0,0.0,0.0,0.0,0.0,0.0,0.0,0.0,0.0,0.0,0.0,0.0,0.0,0.0,0.0,0.0,0.0,0.0,0.0,0.0,0.0
0.4314515857851616,0.4127271059702553,0.26243588491395853,0.1457348874296879,0.1522743523213607,0.27438532317182013,0.42067289579265027,0.22136181062963936,0.10329275490438773,0.12999282094525755,0.4317336636439793,0.19355849831090002,0.032768285963192686,0.050988891545993696,0.532802260183833,0.3053570259522798,0.0893719817119878,0.05027776932530261,0.7383145031087308,0.550075883679774,0.30804444539114606,0.2189375053387683,1.0,0.7425807807214503,0.5485742727667989,0.48344066756699844,0.12107767616630044,0.5479737980072804,0.0,0.32375827263912,0.2902096254670147,0.0,0.0,0.0,0.0,0.0,0.0,0.0,0.0,0.0,0.035856934451081734,0.16941104340011376,0.25471527710527886,0.6868640044900591,0.0,0.0,0.0,0.0,0.0,0.0,0.0,0.0,0.0,0.0,0.0,0.0,0.0,0.0,0.0,0.0,0.0,0.0,0.0,0.0,0.0,0.0,0.0,0.0,0.0,0.0,0.0,0.0,0.0,0.0,0.0,0.0,0.0,0.0,0.0,0.0,0.0,0.0,0.0,0.0,0.0,0.0,0.0,0.0
0.24900197578082467,0.26243085040941516,0.18639947649835636,0.10343732126180437,0.08548906123334414,0.14560051124513862,0.18607196666092563,8.033879886879288e-05,0.0,0.0,0.17506034002394666,0.0,0.0,0.0,0.29709708321129036,0.09639542096274259,0.0,0.0,0.5469792762064254,0.48132719034539684,0.21790400826760276,0.06678073954168545,0.7425807807214503,1.0,0.7375047619015761,0.5546051558567351,0.07715122790378036,0.734482867969799,0.0,0.49120855172820593,0.1197877500935453,0.0,0.0,0.0,0.0,0.0,0.0,0.0,0.0,0.0,0.0,0.25811338227663516,0.48503190444784733,0.4926986488292254,0.0,0.0,0.0,0.0,0.0,0.0,0.0,0.0,0.0,0.0,0.0,0.0,0.0,0.0,0.0,0.0,0.0,0.0,0.0,0.0,0.0,0.0,0.0,0.0,0.0,0.0,0.0,0.0,0.0,0.0,0.0,0.0,0.0,0.0,0.0,0.0,0.0,0.0,0.0,0.0,0.0,0.0,0.0,0.0
0.06563673072654111,0.14582805887923805,0.10357303278142779,0.0,0.0,0.0,0.0,0.0,0.0,0.0,0.019921521917742713,0.0,0.0,0.0,0.2022993083304434,0.05776084667882436,0.0,0.0,0.47238793815907315,0.5489964152732425,0.3090735417106494,0.10369125346424579,0.5485742727667989,0.7375047619015761,1.0,0.7454850882253221,0.068420293207512,0.5430366113415152,0.0,0.31987939390609293,0.04279069534652114,0.0,0.0,0.0,0.0,0.0,0.0,0.0,0.0,0.0,0.1365011053660395,0.4914724183829325,0.6862556172836751,0.2561464247025726,0.0,0.0,0.0,0.0,0.0,0.0,0.0,0.0,0.0,0.0,0.0,0.0,0.0,0.0,0.0,0.0,0.0,0.0,0.0,0.0,0.0,0.0,0.0,0.0,0.0,0.0,0.0,0.0,0.0,0.0,0.0,0.0,0.0,0.0,0.0,0.0,0.0,0.0,0.0,0.0,0.0,0.0,0.0,0.0
0.03197575023526425,0.1524827893908962,0.08577122606594835,0.0,0.0,0.0,0.0,0.0,0.0,0.0,0.06691282073389915,0.0,0.0,0.0,0.29731338157220466,0.2149477835280087,0.0,0.0,0.5435326099247326,0.7375440987742832,0.5428952270075385,0.3142086426194279,0.48344066756699844,0.5546051558567351,0.7454850882253221,1.0,0.09454173711521183,0.3120717757771724,0.017754382694762413,0.07805716441496059,0.10815946756554128,0.0,0.0,0.0,0.0,0.0,0.0,0.0,0.0,0.037858826665975585,0.39005960046367344,0.685926018175282,0.4894701472826487,0.17052878838075688,0.0,0.0,0.0,0.0,0.0,0.0,0.0,0.0,0.0,0.0,0.0,0.0,0.0,0.0,0.0,0.0,0.0,0.0,0.0,0.0,0.0,0.0,0.0,0.0,0.0,0.0,0.0,0.0,0.0,0.0,0.0,0.0,0.0,0.0,0.0,0.0,0.0,0.0,0.0,0.0,0.0,0.0,0.0,0.0
0.3056127306229557,0.5479708094767747,0.7344825314888533,0.5430364680153846,0.3120653327977658,0.2159624328920696,0.08086082123643083,0.0,0.0,0.0,0.012246130969716919,0.0,0.0,0.0,0.08025621074333984,0.0,0.0,0.0,0.15787645211281237,0.1324468840380865,0.020771881427072897,0.0,0.12107767616630044,0.07715122790378036,0.068420293207512,0.09454173711521183,1.0,0.0,0.7567239486861761,0.0,0.39973984296961024,0.38932535903605553,0.035507270519507916,0.0,0.0,0.0,0.0,0.0,0.0,0.0,0.0,0.0,0.0,0.0,0.0,0.0,0.0,0.0,0.0,0.0,0.0,0.0,0.0,0.0,0.0,0.0,0.0,0.0,0.0,0.0,0.0,0.0,0.0,0.0,0.0,0.0,0.0,0.0,0.0,0.0,0.0,0.0,0.0,0.0,0.0,0.0,0.0,0.0,0.0,0.0,0.0,0.0,0.0,0.0,0.0,0.0,0.0,0.0
0.1576512020631851,0.1209822122372065,0.07702694569948781,0.06812885083147027,0.0940858154868677,0.13201693638896167,0.08009717682543532,0.0,0.0,0.02028767022280662,0.012187115463921927,0.0,0.0,0.0,0.08084779548162553,0.0,0.0,0.0,0.30561491960771564,0.21597792952653033,0.0,0.0,0.5479737980072804,0.734482867969799,0.5430366113415152,0.3120717757771724,0.0,1.0,0.0,0.7567240907228227,0.0,0.0,0.0,0.0,0.0,0.0,0.0,0.0,0.0,0.0,0.0,0.03550660953822471,0.3893290570398153,0.39976639283950943,0.0,0.0,0.0,0.0,0.0,0.0,0.0,0.0,0.0,0.0,0.0,0.0,0.0,0.0,0.0,0.0,0.0,0.0,0.0,0.0,0.0,0.0,0.0,0.0,0.0,0.0,0.0,0.0,0.0,0.0,0.0,0.0,0.0,0.0,0.0,0.0,0.0,0.0,0.0,0.0,0.0,0.0,0.0,0.0
0.07161701789869088,0.32375376580354054,0.4912080841636379,0.3198776731659461,0.07804991620312558,0.0,0.0,0.0,0.0,0.0,0.0,0.0,0.0,0.0,0.0,0.0,0.0,0.0,0.0069455415350933225,0.03626062494158504,0.0,0.0,0.0,0.0,0.0,0.017754382694762413,0.7567239486861761,0.0,1.0,0.0,0.23310684059959985,0.223263210718559,0.0,0.0,0.0,0.0,0.0,0.0,0.0,0.0,0.0,0.0,0.0,0.0,0.0,0.0,0.0,0.0,0.0,0.0,0.0,0.0,0.0,0.0,0.0,0.0,0.0,0.0,0.0,0.0,0.0,0.0,0.0,0.0,0.0,0.0,0.0,0.0,0.0,0.0,0.0,0.0,0.0,0.0,0.0,0.0,0.0,0.0,0.0,0.0,0.0,0.0,0.0,0.0,0.0,0.0,0.0,0.0
0.00667569833428515,0.0,0.0,0.0,0.017178190286947184,0.035748142312443366,0.0,0.0,0.0,0.0,0.0,0.0,0.0,0.0,0.0,0.0,0.0,0.0,0.07162001064637791,0.0,0.0,0.0,0.32375827263912,0.49120855172820593,0.31987939390609293,0.07805716441496059,0.0,0.7567240907228227,0.0,1.0,0.0,0.0,0.0,0.0,0.0,0.0,0.0,0.0,0.0,0.0,0.0,0.0,0.22327011283352086,0.23314170670454962,0.0,0.0,0.0,0.0,0.0,0.0,0.0,0.0,0.0,0.0,0.0,0.0,0.0,0.0,0.0,0.0,0.0,0.0,0.0,0.0,0.0,0.0,0.0,0.0,0.0,0.0,0.0,0.0,0.0,0.0,0.0,0.0,0.0,0.0,0.0,0.0,0.0,0.0,0.0,0.0,0.0,0.0,0.0,0.0
0.486019433816475,0.6868695565520943,0.4926926395436829,0.25615380798656245,0.17054371138356864,0.25434401404256396,0.3759566006133154,0.12431036496866128,0.0,0.03157781337866705,0.3754644191762302,0.1509101409664019,0.0,0.0,0.42477734450574,0.27081771516108516,0.0934880935291677,0.03755744125206048,0.39830325514020337,0.2722875192873908,0.17545401855217863,0.1690151382692845,0.2902096254670147,0.1197877500935453,0.04279069534652114,0.10815946756554128,0.39973984296961024,0.0,0.23310684059959985,0.0,1.0,0.0,0.0,0.0,0.0,0.0,0.0,0.0,0.0,0.0,0.0,0.0,0.0,0.16687484158258795,0.0,0.0,0.0,0.0,0.0,0.0,0.0,0.0,0.0,0.0,0.0,0.0,0.0,0.0,0.0,0.0,0.0,0.0,0.0,0.0,0.0,0.0,0.0,0.0,0.0,0.0,0.0,0.0,0.0,0.0,0.0,0.0,0.0,0.0,0.0,0.0,0.0,0.0,0.0,0.0,0.0,0.0,0.0,0.0
0.15870519761222918,0.2547253509697602,0.4850327222360376,0.686255243709067,0.489469776009662,0.2529408944583841,0.0,0.0,0.0,0.03310483661194541,0.0,0.0,0.0,0.0,0.0,0.0,0.0,0.0,0.0,0.0,0.0,0.0,0.0,0.0,0.0,0.0,0.38932535903605553,0.0,0.223263210718559,0.0,0.0,1.0,0.4067032656924367,0.0,0.0,0.0,0.0,0.0,0.0,0.0,0.0,0.0,0.0,0.0,0.0,0.0,0.0,0.0,0.0,0.0,0.0,0.0,0.0,0.0,0.0,0.0,0.0,0.0,0.0,0.0,0.0,0.0,0.0,0.0,0.0,0.0,0.0,0.0,0.0,0.0,0.0,0.0,0.0,0.0,0.0,0.0,0.0,0.0,0.0,0.0,0.0,0.0,0.0,0.0,0.0,0.0,0.0,0.0
0.2501477633559083,0.16941924650343457,0.2581121210841515,0.4914728011494378,0.6859252007635338,0.48746299652485026,0.02547365416273687,0.0,0.14187331965682473,0.39210083148353786,0.0,0.0,0.0,0.0,0.0,0.0,0.0,0.0,0.0,0.0,0.0,0.0,0.0,0.0,0.0,0.0,0.035507270519507916,0.0,0.0,0.0,0.0,0.4067032656924367,1.0,0.4191038250815968,0.0,0.0,0.0,0.0,0.0,0.0,0.0,0.0,0.0,0.0,0.0,0.0,0.0,0.0,0.0,0.0,0.0,0.0,0.0,0.0,0.0,0.0,0.0,0.0,0.0,0.0,0.0,0.0,0.0,0.0,0.0,0.0,0.0,0.0,0.0,0.0,0.17699837554109477,0.0,0.40755159803283686,0.0,0.0,0.0,0.0,0.0,0.0,0.0,0.0,0.0,0.0,0.0,0.0,0.0,0.0,0.0
0.24826687906525527,0.03585015702568273,0.0,0.13646656987411926,0.39003136686533874,0.48482660400602795,0.1564179994600018,0.2524078289939419,0.4919247665368737,0.6859446433700798,0.0,0.0,0.0,0.035647739986040226,0.0,0.0,0.0,0.0,0.0,0.0,0.0,0.0,0.0,0.0,0.0,0.0,0.0,0.0,0.0,0.0,0.0,0.0,0.4191038250815968,1.0,0.40867964676849633,0.0,0.0,0.0,0.0,0.0,0.0,0.0,0.0,0.0,0.0,0.0,0.01873614067166226,0.0,0.0,0.0,0.0,0.0,0.0,0.0,0.0,0.0,0.0,0.0,0.0,0.0,0.0,0.0,0.0,0.0,0.0,0.0,0.0,0.0,0.0,0.0,0.3345628196771671,0.0,0.5324049652176756,0.0,0.0,0.0,0.0,0.0,0.0,0.0,0.0,0.0,0.0,0.0,0.0,0.0,0.0,0.0
0.16324620175210786,0.0,0.0,0.0,0.037840714964351194,0.25591157607730103,0.2499219676173499,0.4859540986686243,0.6858569595704083,0.4926202643799174,0.03130691006594178,0.0,0.1425361562505614,0.39421030816246627,0.0,0.0,0.0,0.0,0.0,0.0,0.0,0.0,0.0,0.0,0.0,0.0,0.0,0.0,0.0,0.0,0.0,0.0,0.0,0.40867964676849633,1.0,0.425638201962898,0.0,0.0,0.0,0.0,0.0,0.0,0.0,0.0,0.0,0.0,0.0,0.0,0.0,0.0,0.0,0.0,0.0,0.0,0.0,0.0,0.0,0.0,0.0,0.0,0.0,0.0,0.0,0.0,0.0,0.0,0.0,0.0,0.0,0.0,0.0,0.0,0.05644084172140808,0.0,0.0,0.0,0.0,0.0,0.0,0.0,0.0,0.0,0.0,0.0,0.0,0.0,0.0,0.0
0.03455809849713671,0.0,0.0,0.0,0.0,0.0,0.24982056424238516,0.48571522039662945,0.3931571237450585,0.14237835949933347,0.1610953042172114,0.25466022229331836,0.4913808521616964,0.6859133197605871,0.0,0.0,0.0,0.035353653623649305,0.0,0.0,0.0,0.0,0.0,0.0,0.0,0.0,0.0,0.0,0.0,0.0,0.0,0.0,0.0,0.0,0.425638201962898,1.0,0.4065315344255399,0.0,0.0,0.0,0.0,0.0,0.0,0.0,0.0,0.0,0.0,0.0,0.0,0.0,0.0,0.0,0.0,0.0,0.0,0.0,0.0,0.0,0.0,0.0,0.0,0.0,0.0,0.0,0.0,0.0,0.0,0.0,0.0,0.0,0.0,0.0,0.0,0.0,0.0,0.0,0.0,0.0,0.0,0.0,0.0,0.0,0.0,0.0,0.0,0.0,0.0,0.0
0.0,0.0,0.0,0.0,0.0,0.0,0.1628452243004255,0.2557700506303974,0.03658122132703437,0.0,0.24914215593363082,0.4862236816925189,0.685886586833007,0.4914722490078181,0.03538965340204217,0.0,0.14154226545321597,0.393348541446588,0.0,0.0,0.0,0.0,0.0,0.0,0.0,0.0,0.0,0.0,0.0,0.0,0.0,0.0,0.0,0.0,0.0,0.4065315344255399,1.0,0.42405353715334126,0.0,0.0,0.0,0.0,0.0,0.0,0.0,0.0,0.0,0.0,0.0,0.0,0.0,0.0,0.0,0.0,0.0,0.0,0.0,0.0,0.0,0.0,0.0,0.0,0.0,0.0,0.0,0.0,0.0,0.0,0.0,0.0,0.0,0.0,0.0,0.0,0.0,0.0,0.0,0.0,0.0,0.0,0.0,0.0,0.0,0.0,0.0,0.0,0.0,0.0
0.0,0.0,0.0,0.0,0.0,0.0,0.035393815900458245,0.0,0.0,0.0,0.24914316845621198,0.4862227896014886,0.39334843870094266,0.14154388667043669,0.16284695604818458,0.25576555455432654,0.4914723422548897,0.6858862301544058,0.0,0.0,0.0,0.036571554485496094,0.0,0.0,0.0,0.0,0.0,0.0,0.0,0.0,0.0,0.0,0.0,0.0,0.0,0.0,0.42405353715334126,1.0,0.40652773410899634,0.0,0.0,0.0,0.0,0.0,0.0,0.0,0.0,0.0,0.0,0.0,0.0,0.0,0.0,0.0,0.0,0.0,0.0,0.0,0.0,0.0,0.0,0.0,0.0,0.0,0.0,0.0,0.0,0.0,0.0,0.0,0.0,0.0,0.0,0.0,0.0,0.0,0.0,0.0,0.0,0.0,0.0,0.0,0.0,0.0,0.0,0.0,0.0,0.0
0.0,0.0,0.0,0.0,0.0,0.0,0.0,0.0,0.0,0.0,0.1611019460517619,0.25465966714241844,0.03535259068428693,0.0,0.24982348030125945,0.48571636177189764,0.6859139895973669,0.491378467171912,0.034565819594655905,0.0,0.14237817510617923,0.3931551900290932,0.0,0.0,0.0,0.0,0.0,0.0,0.0,0.0,0.0,0.0,0.0,0.0,0.0,0.0,0.0,0.40652773410899634,1.0,0.4256241005018048,0.0,0.0,0.0,0.0,0.0,0.0,0.0,0.0,0.0,0.0,0.0,0.0,0.0,0.0,0.0,0.0,0.0,0.0,0.0,0.0,0.0,0.0,0.0,0.0,0.0,0.0,0.0,0.0,0.0,0.0,0.0,0.0,0.0,0.0,0.0,0.0,0.0,0.0,0.0,0.0,0.0,0.0,0.0,0.0,0.0,0.0,0.0,0.0
0.0,0.0,0.0,0.0,0.0,0.0,0.0,0.0,0.0,0.0,0.03132027545715218,0.0,0.0,0.0,0.2499222894824784,0.48595268051652485,0.39419996784187805,0.14252335942762148,0.1632391330220785,0.25591119737028595,0.4926201985156259,0.685856739302807,0.0,0.0,0.0,0.037858826665975585,0.0,0.0,0.0,0.0,0.0,0.0,0.0,0.0,0.0,0.0,0.0,0.0,0.4256241005018048,1.0,0.4086735454596453,0.0,0.0,0.0,0.0,0.0,0.0,0.0,0.0,0.0,0.0,0.0,0.0,0.0,0.0,0.0,0.0,0.0,0.0,0.0,0.0,0.0,0.0,0.0,0.0,0.0,0.0,0.0,0.0,0.0,0.0,0.0,0.0,0.0,0.0,0.0,0.0,0.0,0.0,0.0,0.0,0.0,0.0,0.0,0.0,0.0,0.0,0.0
0.0,0.0,0.0,0.0,0.0,0.0,0.0,0.0,0.0,0.0,0.0,0.0,0.0,0.0,0.15643148315526254,0.2524127838685415,0.03564146109509889,0.0,0.2482650826735536,0.48482976651715504,0.6859449287271386,0.49192359983994094,0.035856934451081734,0.0,0.1365011053660395,0.39005960046367344,0.0,0.0,0.0,0.0,0.0,0.0,0.0,0.0,0.0,0.0,0.0,0.0,0.0,0.4086735454596453,1.0,0.4191650414710232,0.0,0.0,0.0,0.0,0.0,0.0,0.0,0.0,0.0,0.0,0.0,0.0,0.0,0.0,0.0,0.0,0.0,0.0,0.0,0.0,0.0,0.0,0.0,0.0,0.0,0.0,0.0,0.0,0.0,0.0,0.0,0.0,0.0,0.0,0.0,0.0,0.0,0.0,0.0,0.0,0.0,0.0,0.0,0.0,0.0,0.0
0.0,0.0,0.0,0.0,0.0,0.0,0.0,0.0,0.0,0.0,0.0,0.0,0.0,0.0,0.02549021446509246,0.0,0.0,0.0,0.2501420100756804,0.487467778097652,0.39212966177136893,0.1419047606949717,0.16941104340011376,0.25811338227663516,0.4914724183829325,0.685926018175282,0.0,0.03550660953822471,0.0,0.0,0.0,0.0,0.0,0.0,0.0,0.0,0.0,0.0,0.0,0.0,0.4191650414710232,1.0,0.40669005071661846,0.0,0.0,0.0,0.0,0.0,0.0,0.0,0.0,0.0,0.0,0.0,0.0,0.0,0.0,0.0,0.0,0.0,0.0,0.0,0.0,0.0,0.0,0.0,0.0,0.0,0.0,0.0,0.0,0.0,0.0,0.0,0.0,0.0,0.0,0.0,0.0,0.0,0.0,0.0,0.0,0.0,0.0,0.0,0.0,0.0
0.0,0.0,0.0,0.0,0.0,0.0,0.0,0.0,0.0,0.0,0.0,0.0,0.0,0.0,0.0,0.0,0.0,0.0,0.15869305303836517,0.25294464161537245,0.033122104735536534,0.0,0.25471527710527886,0.48503190444784733,0.6862556172836751,0.4894701472826487,0.0,0.3893290570398153,0.0,0.22327011283352086,0.0,0.0,0.0,0.0,0.0,0.0,0.0,0.0,0.0,0.0,0.0,0.40669005071661846,1.0,0.0,0.0,0.0,0.0,0.0,0.0,0.0,0.0,0.0,0.0,0.0,0.0,0.0,0.0,0.0,0.0,0.0,0.0,0.0,0.0,0.0,0.0,0.0,0.0,0.0,0.0,0.0,0.0,0.0,0.0,0.0,0.0,0.0,0.0,0.0,0.0,0.0,0.0,0.0,0.0,0.0,0.0,0.0,0.0,0.0
0.3980662647339956,0.2901041981756526,0.11968583539409874,0.042609234294848905,0.10786924763633549,0.27194997653292524,0.4245815623369945,0.2706011992805221,0.1687276943524499,0.1750984458337552,0.37536301852907733,0.1508327143885272,0.03746343376184353,0.09334697614382806,0.3758972900938846,0.12426123847421666,0.0,0.0,0.4859951038272704,0.25432807714840555,0.03154997888507376,0.0,0.6868640044900591,0.4926986488292254,0.2561464247025726,0.17052878838075688,0.0,0.39976639283950943,0.0,0.23314170670454962,0.16687484158258795,0.0,0.0,0.0,0.0,0.0,0.0,0.0,0.0,0.0,0.0,0.0,0.0,1.0,0.0,0.0,0.0,0.0,0.0,0.0,0.0,0.0,0.0,0.0,0.0,0.0,0.0,0.0,0.0,0.0,0.0,0.0,0.0,0.0,0.0,0.0,0.0,0.0,0.0,0.0,0.0,0.0,0.0,0.0,0.0,0.0,0.0,0.0,0.0,0.0,0.0,0.0,0.0,0.0,0.0,0.0,0.0,0.0
0.0,0.0,0.0,0.0,0.0,0.0,0.0,0.0,0.0,0.0,0.0,0.0,0.0,0.0,0.0,0.0,0.0,0.0,0.0,0.0,0.0,0.0,0.0,0.0,0.0,0.0,0.0,0.0,0.0,0.0,0.0,0.0,0.0,0.0,0.0,0.0,0.0,0.0,0.0,0.0,0.0,0.0,0.0,0.0,1.0,0.7383167322232317,0.5469800777647744,0.47240040583182136,0.5435446016081942,0.7350218315500772,0.7298237470380222,0.5455505198465643,0.4771858813524295,0.5420708448240592,0.5221653460866903,0.29886037462207116,0.2148674917506535,0.30489165417803826,0.4078023902218786,0.17143632152425015,0.03830812244416968,0.08381840582000503,0.383865487556126,0.16164438021059613,0.0,0.0,0.4314516064493859,0.24900196985074255,0.06563680451077168,0.031975685472098066,0.30561274914536923,0.1576512118551727,0.07161697531172202,0.0066758029404643425,0.4860193641160134,0.1587052320076347,0.25014774019151315,0.24826696465193926,0.16324616006248024,0.03455803592148505,0.0,0.0,0.0,0.0,0.0,0.0,0.0,0.39806627862003413
0.0,0.0,0.0,0.0,0.0,0.0,0.0,0.0,0.0,0.0,0.0,0.0,0.0,0.0,0.0,0.0,0.0,0.0,0.0,0.0,0.0,0.0,0.0,0.0,0.0,0.0,0.0,0.0,0.0,0.0,0.0,0.0,0.0,0.0,0.0,0.0,0.0,0.0,0.0,0.0,0.0,0.0,0.0,0.0,0.7383167322232317,1.0,0.7425845034496441,0.5485877833685998,0.4834497286891725,0.550072673929414,0.5328179505457168,0.3053628528212466,0.21894190893846538,0.30804480021495056,0.43177584031327904,0.1935880679530456,0.0502832574199661,0.08937231910336059,0.4207786613490837,0.2215020194441346,0.051080515487095204,0.032817814214124975,0.4315854287458324,0.27462558956972855,0.13026134648086718,0.10350223413835373,0.41272709972895655,0.2624308352459037,0.14582809049945888,0.1524827320300983,0.5479707745501371,0.12098218033925111,0.3237536870488144,0.0,0.6868695097213742,0.2547253250212526,0.16941915900008472,0.035850199437353944,0.0,0.0,0.0,0.0,0.0,0.0,0.0,0.0,0.0,0.290104162456797
0.0,0.0,0.0,0.0,0.0,0.0,0.0,0.0,0.0,0.0,0.0,0.0,0.0,0.0,0.0,0.0,0.0,0.0,0.0,0.0,0.0,0.0,0.0,0.0,0.0,0.0,0.0,0.0,0.0,0.0,0.0,0.0,0.0,0.01873614067166226,0.0,0.0,0.0,0.0,0.0,0.0,0.0,0.0,0.0,0.0,0.5469800777647744,0.7425845034496441,1.0,0.7375074159210714,0.554599278381156,0.4813116550912912,0.29710653427947814,0.09638809284765631,0.06676583508172326,0.21788593413823132,0.17510391815806947,0.0,0.0,0.0,0.1861872021252643,0.0002490368712384752,0.0,0.0,0.24914982424470658,0.14589599568870415,0.0,0.0,0.2624359117729862,0.18639947719307984,0.10357303700999705,0.08577118377016814,0.7344825116598952,0.07702693793803328,0.4912079970571955,0.0,0.4926926125583137,0.48503270605072074,0.2581120904676132,0.0,0.0,0.0,0.0,0.0,0.0,0.0,0.0,0.0,0.0,0.11968581544027562
0.0,0.0,0.0,0.0,0.0,0.0,0.0,0.0,0.0,0.0,0.0,0.0,0.0,0.0,0.0,0.0,0.0,0.0,0.0,0.0,0.0,0.0,0.0,0.0,0.0,0.0,0.0,0.0,0.0,0.0,0.0,0.0,0.0,0.0,0.0,0.0,0.0,0.0,0.0,0.0,0.0,0.0,0.0,0.0,0.47240040583182136,0.5485877833685998,0.7375074159210714,1.0,0.7454800093466507,0.5489890582734939,0.20230654518372712,0.05775238885677785,0.10367443430952136,0.30905526137802486,0.019950197149737704,0.0,0.0,0.0,0.0,0.0,0.0,0.0,0.06570215296402283,0.0,0.0,0.0,0.1457348901845256,0.10343728650904961,0.0,0.0,0.5430364430336152,0.06812885344520764,0.31987757895772445,0.0,0.2561536648727181,0.6862552521980883,0.4914728565723047,0.13646665447826797,0.0,0.0,0.0,0.0,0.0,0.0,0.0,0.0,0.0,0.04260918407557885
0.0,0.0,0.0,0.0,0.0,0.0,0.0,0.0,0.0,0.0,0.0,0.0,0.0,0.0,0.0,0.0,0.0,0.0,0.0,0.0,0.0,0.0,0.0,0.0,0.0,0.0,0.0,0.0,0.0,0.0,0.0,0.0,0.0,0.0,0.0,0.0,0.0,0.0,0.0,0.0,0.0,0.0,0.0,0.0,0.5435446016081942,0.4834497286891725,0.554599278381156,0.7454800093466507,1.0,0.7375436778792345,0.2973097597748969,0.21493724932825703,0.31419475393047,0.5428809277897487,0.06691480797214817,0.0,0.0,0.0,0.0,0.0,0.0,0.0,0.03194536831225375,0.0,0.0,0.0,0.1522743750671865,0.08548902624952189,0.0,0.0,0.31206538101469505,0.09408581705647766,0.07804989792964179,0.01717823380328208,0.1705435987530002,0.48946978306957417,0.6859251789107386,0.39003136325017007,0.03784063500981421,0.0,0.0,0.0,0.0,0.0,0.0,0.0,0.0,0.10786921143804454
0.0,0.0,0.0,0.0,0.0,0.0,0.0,0.0,0.0,0.0,0.0,0.0,0.0,0.0,0.0,0.0,0.0,0.0,0.0,0.0,0.0,0.0,0.0,0.0,0.0,0.0,0.0,0.0,0.0,0.0,0.0,0.0,0.0,0.0,0.0,0.0,0.0,0.0,0.0,0.0,0.0,0.0,0.0,0.0,0.7350218315500772,0.550072673929414,0.4813116550912912,0.5489890582734939,0.7375436778792345,1.0,0.5375621041055417,0.4765991635096945,0.5524513408968194,0.7354867791440035,0.28586140127659665,0.08634916534199882,0.06058715188011047,0.21506266092884377,0.15348201006574017,0.0,0.0,0.0,0.16157516870462266,0.0,0.0,0.0,0.2743853793347917,0.1456004856567708,0.0,0.0,0.21596247985875575,0.13201692554787856,0.0,0.03574819771187129,0.25434397671025794,0.2529408748822496,0.4874629110933919,0.4848266295906406,0.255911528059898,0.0,0.0,0.0,0.0,0.0,0.0,0.0,0.0,0.27195000875097786
0.0,0.0,0.0,0.0,0.0,0.0,0.0,0.0,0.0,0.0,0.0,0.0,0.0,0.0,0.0,0.0,0.0,0.0,0.0,0.0,0.0,0.0,0.0,0.0,0.0,0.0,0.0,0.0,0.0,0.0,0.0,0.0,0.0,0.0,0.0,0.0,0.0,0.0,0.0,0.0,0.0,0.0,0.0,0.0,0.7298237470380222,0.5328179505457168,0.29710653427947814,0.20230654518372712,0.2973097597748969,0.5375621041055417,1.0,0.7368537562674146,0.5418866253780883,0.47019117790717513,0.7308253164563902,0.545178248949584,0.47641374322006874,0.5430549066831505,0.519851527147438,0.2935240538932448,0.21184074280392093,0.30480508770235254,0.40778847993647344,0.15350245980302266,0.01736442533154122,0.07142796858487852,0.42067287805587683,0.18607191921718516,0.0,0.0,0.08086078194480623,0.08009713351561655,0.0,0.0,0.37595656060927224,0.0,0.02547357272236062,0.15641806728918103,0.24992195403839834,0.24982055516578053,0.16284527903754856,0.03539381223609445,0.0,0.0,0.0,0.0,0.0,0.42458160050079424
0.0,0.0,0.0,0.0,0.0,0.0,0.0,0.0,0.0,0.0,0.0,0.0,0.0,0.0,0.0,0.0,0.0,0.0,0.0,0.0,0.0,0.0,0.0,0.0,0.0,0.0,0.0,0.0,0.0,0.0,0.0,0.0,0.0,0.0,0.0,0.0,0.0,0.0,0.0,0.0,0.0,0.0,0.0,0.0,0.5455505198465643,0.3053628528212466,0.09638809284765631,0.05775238885677785,0.21493724932825703,0.4765991635096945,0.7368537562674146,1.0,0.734869738599324,0.548789988079531,0.5433923199804005,0.47900536940787,0.5523398191159474,0.7361478543559403,0.2935062977670487,0.08718078602100782,0.05938001513860821,0.21597675099262004,0.17139046644114125,0.0,0.0,0.0,0.2213617933913022,8.024901600846958e-05,0.0,0.0,0.0,0.0,0.0,0.0,0.12431034481103477,0.0,0.0,0.25240777627940897,0.4859540019724355,0.4857152556653719,0.2557701913373248,0.0,0.0,0.0,0.0,0.0,0.0,0.2706012382924013
0.0,0.0,0.0,0.0,0.0,0.0,0.0,0.0,0.0,0.0,0.0,0.0,0.0,0.0,0.0,0.0,0.0,0.0,0.0,0.0,0.0,0.0,0.0,0.0,0.0,0.0,0.0,0.0,0.0,0.0,0.0,0.0,0.0,0.0,0.0,0.0,0.0,0.0,0.0,0.0,0.0,0.0,0.0,0.0,0.4771858813524295,0.21894190893846538,0.06676583508172326,0.10367443430952136,0.31419475393047,0.5524513408968194,0.5418866253780883,0.734869738599324,1.0,0.7479069316514989,0.29987616633541736,0.21396446828608987,0.3124293818322674,0.5431632504252344,0.07139500682615653,0.0,0.0,0.0,0.0,0.0,0.0,0.0,0.10329272009665688,0.0,0.0,0.0,0.0,0.0,0.0,0.0,0.0,0.0,0.1418731963051523,0.49192480192644483,0.6858570089740442,0.39315716617802765,0.036581251248655924,0.0,0.0,0.0,0.0,0.0,0.0,0.1687277107758555
0.0,0.0,0.0,0.0,0.0,0.0,0.0,0.0,0.0,0.0,0.0,0.0,0.0,0.0,0.0,0.0,0.0,0.0,0.0,0.0,0.0,0.0,0.0,0.0,0.0,0.0,0.0,0.0,0.0,0.0,0.0,0.0,0.0,0.0,0.0,0.0,0.0,0.0,0.0,0.0,0.0,0.0,0.0,0.0,0.5420708448240592,0.30804480021495056,0.21788593413823132,0.30905526137802486,0.5428809277897487,0.7354867791440035,0.47019117790717513,0.548789988079531,0.7479069316514989,1.0,0.20243830385719774,0.055721321677966174,0.1031129580625929,0.3114690694269213,0.01732116501392238,0.0,0.0,0.0,0.0,0.0,0.0,0.0,0.12999292612311752,0.0,0.0,0.0,0.0,0.02028766895210341,0.0,0.0,0.03157784244767746,0.033104818864887434,0.3921007463982769,0.6859446192088391,0.4926202294971035,0.1423783903485735,0.0,0.0,0.0,0.0,0.0,0.0,0.0,0.1750985565960807
0.0,0.0,0.0,0.0,0.0,0.0,0.0,0.0,0.0,0.0,0.0,0.0,0.0,0.0,0.0,0.0,0.0,0.0,0.0,0.0,0.0,0.0,0.0,0.0,0.0,0.0,0.0,0.0,0.0,0.0,0.0,0.0,0.0,0.0,0.0,0.0,0.0,0.0,0.0,0.0,0.0,0.0,0.0,0.0,0.5221653460866903,0.43177584031327904,0.17510391815806947,0.019950197149737704,0.06691480797214817,0.28586140127659665,0.7308253164563902,0.5433923199804005,0.29987616633541736,0.20243830385719774,1.0,0.735430999100872,0.5421403114765461,0.4746488312520842,0.7308282222455857,0.5434000138488202,0.47465437014721595,0.5421432828628145,0.5221678369691062,0.28587777675469417,0.20246177743780347,0.2998904297443049,0.43173362984750235,0.17506032711206243,0.019921590771673173,0.06691270638555387,0.012246081506092117,0.012187098916874408,0.0,0.0,0.37546441681634424,0.0,0.0,0.0,0.031306934684956426,0.1610953110673785,0.24914221712139786,0.24914315673648318,0.16110178901915728,0.03132016251645966,0.0,0.0,0.0,0.37536307096525834
0.0,0.0,0.0,0.0,0.0,0.0,0.0,0.0,0.0,0.0,0.0,0.0,0.0,0.0,0.0,0.0,0.0,0.0,0.0,0.0,0.0,0.0,0.0,0.0,0.0,0.0,0.0,0.0,0.0,0.0,0.0,0.0,0.0,0.0,0.0,0.0,0.0,0.0,0.0,0.0,0.0,0.0,0.0,0.0,0.29886037462207116,0.1935880679530456,0.0,0.0,0.0,0.08634916534199882,0.545178248949584,0.47900536940787,0.21396446828608987,0.055721321677966174,0.735430999100872,1.0,0.7361610597230169,0.5512984535338694,0.5451760756346062,0.4790012016806179,0.5512983006567901,0.7361612234202638,0.298859051374936,0.08634821003269523,0.055722221398365586,0.21396096333890027,0.19355853197978928,0.0,0.0,0.0,0.0,0.0,0.0,0.0,0.15091025917007328,0.0,0.0,0.0,0.0,0.2546600971353322,0.4862236213046848,0.48622274945421984,0.2546596207080253,0.0,0.0,0.0,0.0,0.15083281505754745
