1.0,0.7383167322232317,0.5469799148707406,0.4724004058318214,0.5435446016081942,0.7350218315500773,0.7298237470380221,0.5455506944087538,0.4771860170549895,0.5420708448240592,0.5221653460866901,0.29886037462207127,0.21486766273093627,0.3048916541780381,0.4078023902218785,0.17143635530825438,0.03830812244416952,0.08381840582000487,0.38386544534499883,0.16164438021059613,0.0,0.0,0.43145160644938596,0.24900196985074255,0.06563668576028948,0.031975685472098066,0.3056127491453693,0.15765121185517286,0.07161697531172202,0.006675709730189781,0.48601936411601326,0.15870523200763478,0.2501477401915133,0.24826696465193934,0.16324616006248024,0.03455803592148505,0.0,0.0,0.0,0.0,0.0,0.0,0.0,0.39806626011720564,0.0,0.0,0.0,0.0,0.0,0.0,0.0,0.0,0.0,0.0,0.0,0.0,0.0,0.0,0.0,0.0,0.0,0.0,0.0,0.0,0.0,0.0,0.0,0.0,0.0,0.0,0.0,0.0,0.0,0.0,0.0,0.0,0.0,0.0,0.0,0.0,0.0,0.0,0.0,0.0,0.0,0.0,0.0,0.0
0.7383167322232317,1.0,0.7425843477657349,0.5485877833685998,0.4834497286891724,0.550072673929414,0.5328179505457167,0.3053630155659076,0.21894204294387182,0.3080448002149505,0.43177584031327887,0.19358806795304576,0.05028343427372112,0.08937231910336059,0.4207786613490837,0.22150209871344012,0.051080515487095204,0.032817814214124975,0.4315854423117404,0.27462558956972855,0.13026134648086718,0.10350223413835373,0.41272709972895655,0.26243083524590377,0.14582800007586946,0.1524827320300983,0.5479707745501372,0.12098218033925111,0.3237536870488144,0.0,0.6868695097213742,0.25472532502125256,0.1694191590000848,0.035850199437353944,0.0,0.0,0.0,0.0,0.0,0.0,0.0,0.0,0.0,0.2901042037871584,0.0,0.0,0.0,0.0,0.0,0.0,0.0,0.0,0.0,0.0,0.0,0.0,0.0,0.0,0.0,0.0,0.0,0.0,0.0,0.0,0.0,0.0,0.0,0.0,0.0,0.0,0.0,0.0,0.0,0.0,0.0,0.0,0.0,0.0,0.0,0.0,0.0,0.0,0.0,0.0,0.0,0.0,0.0,0.0
0.5469799148707406,0.7425843477657349,1.0,0.7375074472759992,0.5545992223423587,0.4813115265494459,0.29710636868251994,0.09638809284765631,0.06676583508172343,0.2178858029585101,0.1751037664895838,0.0,0.0,0.0,0.18618709036407552,0.0002490368712384752,0.0,0.0,0.24914982424470658,0.1458959793305235,0.0,0.0,0.2624358591572307,0.18639948029448208,0.10357303700999705,0.08577121487824589,0.7344826361957656,0.07702694873221629,0.4912081218981292,0.0,0.49269249697603157,0.48503280543839233,0.25811205879995475,0.0,0.0,0.0,0.0,0.0,0.0,0.0,0.0,0.0,0.0,0.11968581544027562,0.0,0.0,0.0,0.0,0.0,0.0,0.0,0.0,0.0,0.0,0.0,0.0,0.0,0.0,0.0,0.0,0.0,0.0,0.0,0.0,0.0,0.0,0.0,0.0,0.0,0.0,0.0,0.0,0.0,0.0,0.0,0.0,0.0,0.0,0.0,0.0,0.0,0.0,0.0,0.0,0.0,0.0,0.0,0.0
0.4724004058318214,0.5485877833685998,0.7375074472759992,1.0,0.7454800093466507,0.5489890582734939,0.20230654518372695,0.0577525601009233,0.10367460497508847,0.3090552613780248,0.019950197149737378,0.0,0.0,0.0,0.0,0.0,0.0,0.0,0.06570221292023501,0.0,0.0,0.0,0.1457348901845256,0.10343728650904961,0.0,0.0,0.5430364430336152,0.06812885344520764,0.31987757895772445,0.0,0.25615366487271823,0.6862552521980883,0.4914728565723048,0.13646665447826797,0.0,0.0,0.0,0.0,0.0,0.0,0.0,0.0,0.0,0.04260927049782631,0.0,0.0,0.0,0.0,0.0,0.0,0.0,0.0,0.0,0.0,0.0,0.0,0.0,0.0,0.0,0.0,0.0,0.0,0.0,0.0,0.0,0.0,0.0,0.0,0.0,0.0,0.0,0.0,0.0,0.0,0.0,0.0,0.0,0.0,0.0,0.0,0.0,0.0,0.0,0.0,0.0,0.0,0.0,0.0
0.5435446016081942,0.4834497286891724,0.5545992223423587,0.7454800093466507,1.0,0.7375436778792346,0.2973097597748967,0.21493741258173937,0.31419492858902603,0.5428809277897487,0.06691480797214801,0.0,0.0,0.0,0.0,0.0,0.0,0.0,0.0319453918923286,0.0,0.0,0.0,0.1522743750671865,0.08548902624952189,0.0,0.0,0.312065381014695,0.09408581705647766,0.07804989792964179,0.017178190701270902,0.17054359875300004,0.48946978306957417,0.6859251789107388,0.3900313632501701,0.03784063500981421,0.0,0.0,0.0,0.0,0.0,0.0,0.0,0.0,0.10786926250174514,0.0,0.0,0.0,0.0,0.0,0.0,0.0,0.0,0.0,0.0,0.0,0.0,0.0,0.0,0.0,0.0,0.0,0.0,0.0,0.0,0.0,0.0,0.0,0.0,0.0,0.0,0.0,0.0,0.0,0.0,0.0,0.0,0.0,0.0,0.0,0.0,0.0,0.0,0.0,0.0,0.0,0.0,0.0,0.0
0.7350218315500773,0.550072673929414,0.4813115265494459,0.5489890582734939,0.7375436778792346,1.0,0.5375621041055417,0.4765993286809727,0.5524515153321778,0.7354867791440034,0.28586140127659665,0.08634916534199899,0.06058730236055767,0.21506266092884377,0.15348201006574017,0.0,0.0,0.0,0.1615751461782832,0.0,0.0,0.0,0.2743853793347917,0.1456004856567708,0.0,0.0,0.2159624798587559,0.13201692554787856,0.0,0.03574810921207894,0.25434397671025794,0.2529408748822496,0.4874629110933919,0.48482662959064066,0.25591152805989786,0.0,0.0,0.0,0.0,0.0,0.0,0.0,0.0,0.2719500056193043,0.0,0.0,0.0,0.0,0.0,0.0,0.0,0.0,0.0,0.0,0.0,0.0,0.0,0.0,0.0,0.0,0.0,0.0,0.0,0.0,0.0,0.0,0.0,0.0,0.0,0.0,0.0,0.0,0.0,0.0,0.0,0.0,0.0,0.0,0.0,0.0,0.0,0.0,0.0,0.0,0.0,0.0,0.0,0.0
0.7298237470380221,0.5328179505457167,0.29710636868251994,0.20230654518372695,0.2973097597748967,0.5375621041055417,1.0,0.7368538958358632,0.5418866872501724,0.47019117790717496,0.7308253164563902,0.5451782489495843,0.47641391824261786,0.5430549066831505,0.519851527147438,0.29352403321231524,0.21184074280392093,0.3048050877023527,0.407788364081746,0.1535024598030225,0.01736442533154122,0.07142796858487867,0.4206728780558768,0.186071919217185,0.0,0.0,0.08086078194480623,0.08009713351561655,0.0,0.0,0.3759565606092722,0.0,0.025473572722360453,0.15641806728918112,0.24992195403839834,0.2498205551657806,0.16284527903754864,0.03539381223609462,0.0,0.0,0.0,0.0,0.0,0.4245814888141112,0.0,0.0,0.0,0.0,0.0,0.0,0.0,0.0,0.0,0.0,0.0,0.0,0.0,0.0,0.0,0.0,0.0,0.0,0.0,0.0,0.0,0.0,0.0,0.0,0.0,0.0,0.0,0.0,0.0,0.0,0.0,0.0,0.0,0.0,0.0,0.0,0.0,0.0,0.0,0.0,0.0,0.0,0.0,0.0
0.5455506944087538,0.3053630155659076,0.09638809284765631,0.0577525601009233,0.21493741258173937,0.4765993286809727,0.7368538958358632,1.0,0.7348697385993239,0.5487901000593809,0.5433923813310718,0.479005333755538,0.5523398191159473,0.736147681079694,0.2935063857667698,0.08718078602100765,0.05938002095192726,0.2159767142025692,0.1713904664411411,0.0,0.0,0.0,0.22136194020718328,8.040467575134271e-05,0.0,0.0,0.0,0.0,0.0,0.0,0.12431048581135976,0.0,0.0,0.25240786574020413,0.48595395208252856,0.4857150732680941,0.2557700487657203,0.0,0.0,0.0,0.0,0.0,0.0,0.2706012382924011,0.0,0.0,0.0,0.0,0.0,0.0,0.0,0.0,0.0,0.0,0.0,0.0,0.0,0.0,0.0,0.0,0.0,0.0,0.0,0.0,0.0,0.0,0.0,0.0,0.0,0.0,0.0,0.0,0.0,0.0,0.0,0.0,0.0,0.0,0.0,0.0,0.0,0.0,0.0,0.0,0.0,0.0,0.0,0.0
0.4771860170549895,0.21894204294387182,0.06676583508172343,0.10367460497508847,0.31419492858902603,0.5524515153321778,0.5418866872501724,0.7348697385993239,1.0,0.7479070988276987,0.2998761943743289,0.2139644339910123,0.3124293818322672,0.5431631319982615,0.07139506475043096,0.0,0.0,0.0,0.0,0.0,0.0,0.0,0.10329283823328543,0.0,0.0,0.0,0.0,0.0,0.0,0.0,0.0,0.0,0.1418733638185061,0.4919249244029501,0.6858568678444157,0.39315700099113854,0.03658113556573836,0.0,0.0,0.0,0.0,0.0,0.0,0.1687277107758555,0.0,0.0,0.0,0.0,0.0,0.0,0.0,0.0,0.0,0.0,0.0,0.0,0.0,0.0,0.0,0.0,0.0,0.0,0.0,0.0,0.0,0.0,0.0,0.0,0.0,0.0,0.0,0.0,0.0,0.0,0.0,0.0,0.0,0.0,0.0,0.0,0.0,0.0,0.0,0.0,0.0,0.0,0.0,0.0
0.5420708448240592,0.3080448002149505,0.2178858029585101,0.3090552613780248,0.5428809277897487,0.7354867791440034,0.47019117790717496,0.5487901000593809,0.7479070988276987,1.0,0.20243830385719774,0.055721321677966174,0.10311307562356521,0.3114690694269213,0.01732116501392205,0.0,0.0,0.0,0.0,0.0,0.0,0.0,0.12999292612311752,0.0,0.0,0.0,0.0,0.02028766895210341,0.0,0.0,0.03157784244767729,0.033104818864887434,0.3921007463982769,0.6859446192088394,0.49262022949710343,0.1423783903485735,0.0,0.0,0.0,0.0,0.0,0.0,0.0,0.17509850343053365,0.0,0.0,0.0,0.0,0.0,0.0,0.0,0.0,0.0,0.0,0.0,0.0,0.0,0.0,0.0,0.0,0.0,0.0,0.0,0.0,0.0,0.0,0.0,0.0,0.0,0.0,0.0,0.0,0.0,0.0,0.0,0.0,0.0,0.0,0.0,0.0,0.0,0.0,0.0,0.0,0.0,0.0,0.0,0.0
0.5221653460866901,0.43177584031327887,0.1751037664895838,0.019950197149737378,0.06691480797214801,0.28586140127659665,0.7308253164563902,0.5433923813310718,0.2998761943743289,0.20243830385719774,1.0,0.7354309991008723,0.54214049259248,0.47464883125208424,0.7308282222455856,0.5433999627662611,0.474654370147216,0.5421432828628148,0.5221676751461455,0.285877776754694,0.2024617774378033,0.2998904297443051,0.4317336298475022,0.17506032711206243,0.01992142520066672,0.06691270638555372,0.012246081506092117,0.012187098916874244,0.0,0.0,0.3754644168163441,0.0,0.0,0.0,0.031306934684956426,0.1610953110673786,0.24914221712139786,0.24914315673648327,0.16110178901915737,0.03132016251645966,0.0,0.0,0.0,0.3753629529920284,0.0,0.0,0.0,0.0,0.0,0.0,0.0,0.0,0.0,0.0,0.0,0.0,0.0,0.0,0.0,0.0,0.0,0.0,0.0,0.0,0.0,0.0,0.0,0.0,0.0,0.0,0.0,0.0,0.0,0.013169542799436874,0.0,0.0,0.0,0.0,0.0,0.0,0.0,0.0,0.0,0.0,0.0,0.0,0.0,0.0
0.29886037462207127,0.19358806795304576,0.0,0.0,0.0,0.08634916534199899,0.5451782489495843,0.479005333755538,0.2139644339910123,0.055721321677966174,0.7354309991008723,1.0,0.7361611974502912,0.5512984535338693,0.5451760756346065,0.4790010674919244,0.5512983006567901,0.7361612234202638,0.29885887464574484,0.08634821003269538,0.05572222139836575,0.21396096333890044,0.19355853197978945,0.0,0.0,0.0,0.0,0.0,0.0,0.0,0.15091025917007336,0.0,0.0,0.0,0.0,0.25466009713533216,0.48622362130468455,0.4862227494542197,0.2546596207080253,0.0,0.0,0.0,0.0,0.15083266978306573,0.0,0.0,0.02014190382908674,0.15620154847148493,0.10097757157317179,0.0,0.0,0.0,0.0,0.0,0.0,0.0,0.0,0.0,0.0,0.0,0.0,0.0,0.0,0.0,0.0,0.0,0.0,0.07295826220830091,0.030096524676776048,0.0,0.0,0.20489851513376725,0.0,0.23041338649699727,0.0,0.11168562403483406,0.0057724916830267405,0.0,0.0,0.0,0.0,0.0,0.0,0.0,0.0,0.0,0.0,0.0
0.21486766273093627,0.05028343427372112,0.0,0.0,0.0,0.06058730236055767,0.47641391824261786,0.5523398191159473,0.3124293818322672,0.10311307562356521,0.54214049259248,0.7361611974502912,1.0,0.7473484245806776,0.3047981747188971,0.21596815390997443,0.3119646104518217,0.5435050981929932,0.08380573772682318,0.0,0.0,0.0,0.03276837315061425,0.0,0.0,0.0,0.0,0.0,0.0,0.0,0.0,0.0,0.0,0.0,0.14253621351987678,0.491380830996106,0.6858865036557026,0.3933483130392756,0.03535248858159865,0.0,0.0,0.0,0.0,0.03746345150297127,0.0,0.0,0.018719195023831615,0.19938832789461228,0.21799555535361095,0.054155727383015474,0.0,0.0,0.0,0.0,0.0,0.0,0.0,0.0,0.0,0.0,0.0,0.0,0.0,0.0,0.0,0.0,0.0,0.04359886330915215,0.0,0.0,0.0,0.21277703605339165,0.0,0.2770171635286543,0.0,0.13048388013172882,0.16566529628813792,0.0,0.0,0.0,0.0,0.0,0.0,0.0,0.0,0.0,0.0,0.0
0.3048916541780381,0.08937231910336059,0.0,0.0,0.0,0.21506266092884377,0.5430549066831505,0.736147681079694,0.5431631319982615,0.3114690694269213,0.47464883125208424,0.5512984535338693,0.7473484245806776,1.0,0.21182591035445722,0.05936959825605299,0.10276970319870042,0.3119654548860467,0.03827629940196713,0.0,0.0,0.0,0.0509889764955364,0.0,0.0,0.0,0.0,0.0,0.0,0.0,0.0,0.0,0.0,0.035647820299803276,0.39421027747032317,0.6859131891064326,0.491472247333778,0.1415438526167647,0.0,0.0,0.0,0.0,0.0,0.09334697391914852,0.0,0.0,0.0,0.019942004317761903,0.06706148675160473,0.0,0.0,0.0,0.0,0.0,0.0,0.0,0.0,0.0,0.0,0.0,0.0,0.0,0.0,0.0,0.0,0.0,0.0,0.0,0.0,0.0,0.0,0.0,0.0,0.09352035918645014,0.0,0.0,0.06365359396324514,0.0,0.0,0.0,0.0,0.0,0.0,0.0,0.0,0.0,0.0,0.0
0.4078023902218785,0.4207786613490837,0.18618709036407552,0.0,0.0,0.15348201006574017,0.519851527147438,0.2935063857667698,0.07139506475043096,0.01732116501392205,0.7308282222455856,0.5451760756346065,0.3047981747188971,0.21182591035445722,1.0,0.7368539747677965,0.5430556105924833,0.4764155289342641,0.7298280943346055,0.5375754467716236,0.47020356082751724,0.5418892148592473,0.5328022348591854,0.2970971290494191,0.20229925958508438,0.29731331851188847,0.08025619249179372,0.08084780937735601,0.0,0.0,0.42477739839056067,0.0,0.0,0.0,0.0,0.0,0.035389679580548616,0.16284696203869975,0.24982333311332544,0.2499221950252313,0.156431374265455,0.025490209192651377,0.0,0.3758972600225365,0.0,0.0,0.0,0.0,0.0,0.0,0.0,0.0,0.0,0.0,0.0,0.0,0.0,0.0,0.0,0.0,0.0,0.0,0.0,0.0,0.0,0.0,0.0,0.0,0.0,0.0,0.0,0.0,0.0,0.0,0.0,0.0,0.0,0.0,0.0,0.0,0.0,0.0,0.0,0.0,0.0,0.0,0.0,0.0
0.17143635530825438,0.22150209871344012,0.0002490368712384752,0.0,0.0,0.0,0.29352403321231524,0.08718078602100765,0.0,0.0,0.5433999627662611,0.4790010674919244,0.21596815390997443,0.05936959825605299,0.7368539747677965,1.0,0.7361450366247839,0.5523355152371704,0.5455510789623278,0.47660708425987675,0.5487977617266958,0.7348718935576883,0.30535696690469416,0.09639548065339583,0.057760847795629615,0.21494780994045773,0.0,0.0,0.0,0.0,0.2708178025714312,0.0,0.0,0.0,0.0,0.0,0.0,0.255765497262305,0.48571621672360765,0.48595271668925694,0.2524128261982252,0.0,0.0,0.1242611496860803,0.0,0.0,0.0,0.0,0.0,0.0,0.0,0.0,0.0,0.0,0.0,0.0,0.0,0.0,0.0,0.0,0.0,0.0,0.0,0.0,0.0,0.0,0.0,0.0,0.04036444293279322,0.0,0.0,0.0,0.0,0.0,0.0,0.0,0.0,0.0,0.0,0.0,0.0,0.0,0.0,0.0,0.0,0.0,0.062901377593255,0.0
0.03830812244416952,0.051080515487095204,0.0,0.0,0.0,0.0,0.21184074280392093,0.05938002095192726,0.0,0.0,0.474654370147216,0.5512983006567901,0.3119646104518217,0.10276970319870042,0.5430556105924833,0.7361450366247839,1.0,0.7473477919073034,0.30489644489030887,0.21506707079253065,0.31146864359297866,0.5431589196972756,0.08937196258335728,0.0,0.0,0.0,0.0,0.0,0.0,0.0,0.09348820126297591,0.0,0.0,0.0,0.0,0.0,0.1415422920831866,0.4914723941319024,0.685913842349834,0.39419994939753794,0.0356414186448059,0.0,0.0,0.0,0.0,0.0,0.061629725150756556,0.08182726383277447,0.0,0.0,0.0,0.0,0.0,0.0,0.0,0.0,0.0,0.0,0.0,0.0,0.0,0.0,0.0,0.0,0.0,0.0,0.0,0.18194015766800542,0.2623078071399379,0.10976876004007659,0.09372500494797328,0.2024618014354327,0.036548677443984066,0.12887694568290398,0.0,0.022231844963322155,0.0,0.0,0.0,0.0,0.0,0.0,0.0,0.0,0.0,0.0,0.25087696102636015,0.0
0.08381840582000487,0.032817814214124975,0.0,0.0,0.0,0.0,0.3048050877023527,0.2159767142025692,0.0,0.0,0.5421432828628148,0.7361612234202638,0.5435050981929932,0.3119654548860467,0.4764155289342641,0.5523355152371704,0.7473477919073034,1.0,0.214873802581278,0.060588870303985604,0.10310979488218162,0.31242251877821164,0.0502777060700762,0.0,0.0,0.0,0.0,0.0,0.0,0.0,0.03755747449721954,0.0,0.0,0.0,0.0,0.035353651017336445,0.39334862145524124,0.6858862949864459,0.49137833531922126,0.14252327810581755,0.0,0.0,0.0,0.0,0.0,0.031697119641184116,0.17168829965439697,0.2409143810399232,0.14259043226722026,0.0,0.0,0.0,0.0,0.0,0.0,0.0,0.0,0.0,0.0,0.0,0.0,0.0,0.0,0.0,0.0,0.0,0.09215149248563712,0.27000442065577873,0.2648817863620461,0.07837100451849821,0.134451245663953,0.3409731179783116,0.022172696123865684,0.29631513073501076,0.0,0.1662697553744834,0.0,0.0,0.0,0.0,0.0,0.0,0.0,0.0,0.0,0.0,0.21442492999305438,0.0
0.38386544534499883,0.4315854423117404,0.24914982424470658,0.06570221292023501,0.0319453918923286,0.1615751461782832,0.407788364081746,0.1713904664411411,0.0,0.0,0.5221676751461455,0.29885887464574484,0.08380573772682318,0.03827629940196713,0.7298280943346055,0.5455510789623278,0.30489644489030887,0.214873802581278,1.0,0.7350200420414426,0.5420654971059623,0.47717889669944197,0.7383143897034409,0.5469793234546124,0.47238794031270526,0.5435326343684298,0.1578764741078812,0.30561490090984594,0.006945559327956144,0.07162000913788055,0.3983032592630404,0.0,0.0,0.0,0.0,0.0,0.0,0.0,0.03456569005328552,0.16323910254618992,0.24826507916528914,0.2501421028483332,0.1586930133930249,0.48599499518153405,0.0,0.0,0.0,0.0,0.0,0.0,0.0,0.0,0.0,0.0,0.0,0.0,0.0,0.0,0.0,0.0,0.0,0.0,0.0,0.0,0.0,0.0,0.0,0.0,0.0,0.0,0.0,0.0,0.0,0.0,0.0,0.0,0.0,0.0,0.0,0.0,0.0,0.0,0.0,0.0,0.0,0.0,0.0,0.0
0.16164438021059613,0.27462558956972855,0.1458959793305235,0.0,0.0,0.0,0.1535024598030225,0.0,0.0,0.0,0.285877776754694,0.08634821003269538,0.0,0.0,0.5375754467716236,0.47660708425987675,0.21506707079253065,0.060588870303985604,0.7350200420414426,1.0,0.7354857609325267,0.5524517342301264,0.5500757208050583,0.48132717864464614,0.5489963440878122,0.7375440591134989,0.1324468407328035,0.21597785386728818,0.03626059687993607,0.0,0.27228749214316533,0.0,0.0,0.0,0.0,0.0,0.0,0.0,0.0,0.2559111748748322,0.4848297575971131,0.4874678238118346,0.2529445093256766,0.25432797812500013,0.0,0.0,0.0,0.0,0.0,0.0,0.0,0.0,0.0,0.0,0.0,0.0,0.0,0.0,0.0,0.0,0.0,0.0,0.0,0.0,0.0,0.0,0.0,0.0,0.0,0.0,0.0,0.0,0.0,0.0,0.0,0.0,0.0,0.0,0.0,0.0,0.0,0.0,0.0,0.0,0.0,0.0,0.0,0.0
0.0,0.13026134648086718,0.0,0.0,0.0,0.0,0.01736442533154122,0.0,0.0,0.0,0.2024617774378033,0.05572222139836575,0.0,0.0,0.47020356082751724,0.5487977617266958,0.31146864359297866,0.10310979488218162,0.5420654971059623,0.7354857609325267,1.0,0.747908542293216,0.3080443248233873,0.2179040236267735,0.30907347680413866,0.5428951786220643,0.020771811333916267,0.0,0.0,0.0,0.17545402985664635,0.0,0.0,0.0,0.0,0.0,0.0,0.0,0.14237811977782003,0.49262016833354577,0.6859448651917988,0.39212965950091927,0.033121958870559645,0.03154991112658522,0.0,0.0,0.0,0.0,0.0,0.0,0.0,0.0,0.0,0.0,0.0,0.0,0.0,0.0,0.0,0.0,0.0,0.0,0.0,0.0,0.0,0.0,0.0,0.0,0.0,0.0,0.0,0.0,0.0,0.0,0.0,0.0,0.0,0.0,0.0,0.0,0.0,0.0,0.0,0.0,0.0,0.0,0.0,0.0
0.0,0.10350223413835373,0.0,0.0,0.0,0.0,0.07142796858487867,0.0,0.0,0.0,0.2998904297443051,0.21396096333890044,0.0,0.0,0.5418892148592473,0.7348718935576883,0.5431589196972756,0.31242251877821164,0.47717889669944197,0.5524517342301264,0.747908542293216,1.0,0.21893746376504936,0.06678082944138251,0.10369126115841093,0.31420866265433123,0.0,0.0,0.0,0.0,0.16901522701848978,0.0,0.0,0.0,0.0,0.0,0.0,0.03657157941169152,0.3931550743646934,0.6858566340888769,0.4919235831183013,0.14190482654701964,0.0,0.0,0.0,0.0,0.0,0.0,0.0,0.0,0.0,0.0,0.0,0.0,0.0,0.0,0.0,0.0,0.0,0.0,0.0,0.0,0.0,0.0,0.0,0.0,0.0,0.0,0.0,0.0,0.0,0.0,0.0,0.0,0.0,0.0,0.0,0.0,0.0,0.0,0.0,0.0,0.0,0.0,0.0,0.0,0.0,0.0
0.43145160644938596,0.41272709972895655,0.2624358591572307,0.1457348901845256,0.1522743750671865,0.2743853793347917,0.4206728780558768,0.22136194020718328,0.10329283823328543,0.12999292612311752,0.4317336298475022,0.19355853197978945,0.03276837315061425,0.0509889764955364,0.5328022348591854,0.30535696690469416,0.08937196258335728,0.0502777060700762,0.7383143897034409,0.5500757208050583,0.3080443248233873,0.21893746376504936,1.0,0.7425807996323871,0.5485741785682662,0.48344053346418664,0.12107766390562304,0.5479738383906072,0.0,0.3237583422009449,0.2902095651031401,0.0,0.0,0.0,0.0,0.0,0.0,0.0,0.0,0.0,0.03585676244575389,0.16941096411683118,0.25471518248548153,0.6868640795435381,0.0,0.0,0.0,0.0,0.0,0.0,0.0,0.0,0.0,0.0,0.0,0.0,0.0,0.0,0.0,0.0,0.0,0.0,0.0,0.0,0.0,0.0,0.0,0.0,0.0,0.0,0.0,0.0,0.0,0.0,0.0,0.0,0.0,0.0,0.0,0.0,0.0,0.0,0.0,0.0,0.0,0.0,0.0,0.0
0.24900196985074255,0.26243083524590377,0.18639948029448208,0.10343728650904961,0.08548902624952189,0.1456004856567708,0.186071919217185,8.040467575134271e-05,0.0,0.0,0.17506032711206243,0.0,0.0,0.0,0.2970971290494191,0.09639548065339583,0.0,0.0,0.5469793234546124,0.48132717864464614,0.2179040236267735,0.06678082944138251,0.7425807996323871,1.0,0.7375047563257349,0.5546051608839864,0.07715125889382644,0.734482804373901,0.0,0.4912085281865298,0.1197877225781356,0.0,0.0,0.0,0.0,0.0,0.0,0.0,0.0,0.0,0.0,0.25811341579013924,0.48503187386576885,0.49269867834642217,0.0,0.0,0.0,0.0,0.0,0.0,0.0,0.0,0.0,0.0,0.0,0.0,0.0,0.0,0.0,0.0,0.0,0.0,0.0,0.0,0.0,0.0,0.0,0.0,0.0,0.0,0.0,0.0,0.0,0.0,0.0,0.0,0.0,0.0,0.0,0.0,0.0,0.0,0.0,0.0,0.0,0.0,0.0,0.0
0.06563668576028948,0.14582800007586946,0.10357303700999705,0.0,0.0,0.0,0.0,0.0,0.0,0.0,0.01992142520066672,0.0,0.0,0.0,0.20229925958508438,0.057760847795629615,0.0,0.0,0.47238794031270526,0.5489963440878122,0.30907347680413866,0.10369126115841093,0.5485741785682662,0.7375047563257349,1.0,0.745485059118338,0.06842029527201562,0.5430365797313217,0.0,0.31987942685410453,0.04279061904737521,0.0,0.0,0.0,0.0,0.0,0.0,0.0,0.0,0.0,0.13650102574831374,0.49147241170969985,0.6862555745207182,0.2561463982047695,0.0,0.0,0.0,0.0,0.0,0.0,0.0,0.0,0.0,0.0,0.0,0.0,0.0,0.0,0.0,0.0,0.0,0.0,0.0,0.0,0.0,0.0,0.0,0.0,0.0,0.0,0.0,0.0,0.0,0.0,0.0,0.0,0.0,0.0,0.0,0.0,0.0,0.0,0.0,0.0,0.0,0.0,0.0,0.0
0.031975685472098066,0.1524827320300983,0.08577121487824589,0.0,0.0,0.0,0.0,0.0,0.0,0.0,0.06691270638555372,0.0,0.0,0.0,0.29731331851188847,0.21494780994045773,0.0,0.0,0.5435326343684298,0.7375440591134989,0.5428951786220643,0.31420866265433123,0.48344053346418664,0.5546051608839864,0.745485059118338,1.0,0.094541713332304,0.3120717254060798,0.01775437907486659,0.07805716992375517,0.10815940965618166,0.0,0.0,0.0,0.0,0.0,0.0,0.0,0.0,0.037858745221850724,0.3900595494097815,0.6859260722061613,0.4894700468492164,0.17052872860910118,0.0,0.0,0.0,0.0,0.0,0.0,0.0,0.0,0.0,0.0,0.0,0.0,0.0,0.0,0.0,0.0,0.0,0.0,0.0,0.0,0.0,0.0,0.0,0.0,0.0,0.0,0.0,0.0,0.0,0.0,0.0,0.0,0.0,0.0,0.0,0.0,0.0,0.0,0.0,0.0,0.0,0.0,0.0,0.0
0.3056127491453693,0.5479707745501372,0.7344826361957656,0.5430364430336152,0.312065381014695,0.2159624798587559,0.08086078194480623,0.0,0.0,0.0,0.012246081506092117,0.0,0.0,0.0,0.08025619249179372,0.0,0.0,0.0,0.1578764741078812,0.1324468407328035,0.020771811333916267,0.0,0.12107766390562304,0.07715125889382644,0.06842029527201562,0.094541713332304,1.0,0.0,0.7567238816953036,0.0,0.39973975639696957,0.3893254766094145,0.03550729685603594,0.0,0.0,0.0,0.0,0.0,0.0,0.0,0.0,0.0,0.0,0.0,0.0,0.0,0.0,0.0,0.0,0.0,0.0,0.0,0.0,0.0,0.0,0.0,0.0,0.0,0.0,0.0,0.0,0.0,0.0,0.0,0.0,0.0,0.0,0.0,0.0,0.0,0.0,0.0,0.0,0.0,0.0,0.0,0.0,0.0,0.0,0.0,0.0,0.0,0.0,0.0,0.0,0.0,0.0,0.0
0.15765121185517286,0.12098218033925111,0.07702694873221629,0.06812885344520764,0.09408581705647766,0.13201692554787856,0.08009713351561655,0.0,0.0,0.02028766895210341,0.012187098916874244,0.0,0.0,0.0,0.08084780937735601,0.0,0.0,0.0,0.30561490090984594,0.21597785386728818,0.0,0.0,0.5479738383906072,0.734482804373901,0.5430365797313217,0.3120717254060798,0.0,1.0,0.0,0.7567241305967873,0.0,0.0,0.0,0.0,0.0,0.0,0.0,0.0,0.0,0.0,0.0,0.035506577747727565,0.38932905854965133,0.39976645293127183,0.0,0.0,0.0,0.0,0.0,0.0,0.0,0.0,0.0,0.0,0.0,0.0,0.0,0.0,0.0,0.0,0.0,0.0,0.0,0.0,0.0,0.0,0.0,0.0,0.0,0.0,0.0,0.0,0.0,0.0,0.0,0.0,0.0,0.0,0.0,0.0,0.0,0.0,0.0,0.0,0.0,0.0,0.0,0.0
0.07161697531172202,0.3237536870488144,0.4912081218981292,0.31987757895772445,0.07804989792964179,0.0,0.0,0.0,0.0,0.0,0.0,0.0,0.0,0.0,0.0,0.0,0.0,0.0,0.006945559327956144,0.03626059687993607,0.0,0.0,0.0,0.0,0.0,0.01775437907486659,0.7567238816953036,0.0,1.0,0.0,0.23310673582960004,0.2232632740158021,0.0,0.0,0.0,0.0,0.0,0.0,0.0,0.0,0.0,0.0,0.0,0.0,0.0,0.0,0.0,0.0,0.0,0.0,0.0,0.0,0.0,0.0,0.0,0.0,0.0,0.0,0.0,0.0,0.0,0.0,0.0,0.0,0.0,0.0,0.0,0.0,0.0,0.0,0.0,0.0,0.0,0.0,0.0,0.0,0.0,0.0,0.0,0.0,0.0,0.0,0.0,0.0,0.0,0.0,0.0,0.0
0.006675709730189781,0.0,0.0,0.0,0.017178190701270902,0.03574810921207894,0.0,0.0,0.0,0.0,0.0,0.0,0.0,0.0,0.0,0.0,0.0,0.0,0.07162000913788055,0.0,0.0,0.0,0.3237583422009449,0.4912085281865298,0.31987942685410453,0.07805716992375517,0.0,0.7567241305967873,0.0,1.0,0.0,0.0,0.0,0.0,0.0,0.0,0.0,0.0,0.0,0.0,0.0,0.0,0.22327021092590482,0.233141770747025,0.0,0.0,0.0,0.0,0.0,0.0,0.0,0.0,0.0,0.0,0.0,0.0,0.0,0.0,0.0,0.0,0.0,0.0,0.0,0.0,0.0,0.0,0.0,0.0,0.0,0.0,0.0,0.0,0.0,0.0,0.0,0.0,0.0,0.0,0.0,0.0,0.0,0.0,0.0,0.0,0.0,0.0,0.0,0.0
0.48601936411601326,0.6868695097213742,0.49269249697603157,0.25615366487271823,0.17054359875300004,0.25434397671025794,0.3759565606092722,0.12431048581135976,0.0,0.03157784244767729,0.3754644168163441,0.15091025917007336,0.0,0.0,0.42477739839056067,0.2708178025714312,0.09348820126297591,0.03755747449721954,0.3983032592630404,0.27228749214316533,0.17545402985664635,0.16901522701848978,0.2902095651031401,0.1197877225781356,0.04279061904737521,0.10815940965618166,0.39973975639696957,0.0,0.23310673582960004,0.0,1.0,0.0,0.0,0.0,0.0,0.0,0.0,0.0,0.0,0.0,0.0,0.0,0.0,0.16687477914318247,0.0,0.0,0.0,0.0,0.0,0.0,0.0,0.0,0.0,0.0,0.0,0.0,0.0,0.0,0.0,0.0,0.0,0.0,0.0,0.0,0.0,0.0,0.0,0.0,0.0,0.0,0.0,0.0,0.0,0.0,0.0,0.0,0.0,0.0,0.0,0.0,0.0,0.0,0.0,0.0,0.0,0.0,0.0,0.0
0.15870523200763478,0.25472532502125256,0.48503280543839233,0.6862552521980883,0.48946978306957417,0.2529408748822496,0.0,0.0,0.0,0.033104818864887434,0.0,0.0,0.0,0.0,0.0,0.0,0.0,0.0,0.0,0.0,0.0,0.0,0.0,0.0,0.0,0.0,0.3893254766094145,0.0,0.2232632740158021,0.0,0.0,1.0,0.40670320952514716,0.0,0.0,0.0,0.0,0.0,0.0,0.0,0.0,0.0,0.0,0.0,0.0,0.0,0.0,0.0,0.0,0.0,0.0,0.0,0.0,0.0,0.0,0.0,0.0,0.0,0.0,0.0,0.0,0.0,0.0,0.0,0.0,0.0,0.0,0.0,0.0,0.0,0.0,0.0,0.0,0.0,0.0,0.0,0.0,0.0,0.0,0.0,0.0,0.0,0.0,0.0,0.0,0.0,0.0,0.0
0.2501477401915133,0.1694191590000848,0.25811205879995475,0.4914728565723048,0.6859251789107388,0.4874629110933919,0.025473572722360453,0.0,0.1418733638185061,0.3921007463982769,0.0,0.0,0.0,0.0,0.0,0.0,0.0,0.0,0.0,0.0,0.0,0.0,0.0,0.0,0.0,0.0,0.03550729685603594,0.0,0.0,0.0,0.0,0.40670320952514716,1.0,0.4191037685047243,0.0,0.0,0.0,0.0,0.0,0.0,0.0,0.0,0.0,0.0,0.0,0.0,0.0,0.0,0.0,0.0,0.0,0.0,0.0,0.0,0.0,0.0,0.0,0.0,0.0,0.0,0.0,0.0,0.0,0.0,0.0,0.0,0.0,0.0,0.0,0.0,0.0,0.0,0.0,0.0,0.0,0.0,0.0,0.0,0.0,0.0,0.0,0.0,0.0,0.0,0.0,0.0,0.0,0.0
0.24826696465193934,0.035850199437353944,0.0,0.13646665447826797,0.3900313632501701,0.48482662959064066,0.15641806728918112,0.25240786574020413,0.4919249244029501,0.6859446192088394,0.0,0.0,0.0,0.035647820299803276,0.0,0.0,0.0,0.0,0.0,0.0,0.0,0.0,0.0,0.0,0.0,0.0,0.0,0.0,0.0,0.0,0.0,0.0,0.4191037685047243,1.0,0.4086796711445351,0.0,0.0,0.0,0.0,0.0,0.0,0.0,0.0,0.0,0.0,0.0,0.0,0.0,0.0,0.0,0.0,0.0,0.0,0.0,0.0,0.0,0.0,0.0,0.0,0.0,0.0,0.0,0.0,0.0,0.0,0.0,0.0,0.0,0.0,0.0,0.0,0.0,0.0,0.0,0.0,0.0,0.0,0.0,0.0,0.0,0.0,0.0,0.0,0.0,0.0,0.0,0.0,0.0
0.16324616006248024,0.0,0.0,0.0,0.03784063500981421,0.25591152805989786,0.24992195403839834,0.48595395208252856,0.6858568678444157,0.49262022949710343,0.031306934684956426,0.0,0.14253621351987678,0.39421027747032317,0.0,0.0,0.0,0.0,0.0,0.0,0.0,0.0,0.0,0.0,0.0,0.0,0.0,0.0,0.0,0.0,0.0,0.0,0.0,0.4086796711445351,1.0,0.42563821620277636,0.0,0.0,0.0,0.0,0.0,0.0,0.0,0.0,0.0,0.0,0.0,0.0,0.0,0.0,0.0,0.0,0.0,0.0,0.0,0.0,0.0,0.0,0.0,0.0,0.0,0.0,0.0,0.0,0.0,0.0,0.0,0.0,0.0,0.0,0.0,0.0,0.0,0.0,0.0,0.0,0.0,0.0,0.0,0.0,0.0,0.0,0.0,0.0,0.0,0.0,0.0,0.0
0.03455803592148505,0.0,0.0,0.0,0.0,0.0,0.2498205551657806,0.4857150732680941,0.39315700099113854,0.1423783903485735,0.1610953110673786,0.25466009713533216,0.491380830996106,0.6859131891064326,0.0,0.0,0.0,0.035353651017336445,0.0,0.0,0.0,0.0,0.0,0.0,0.0,0.0,0.0,0.0,0.0,0.0,0.0,0.0,0.0,0.0,0.42563821620277636,1.0,0.4065314904187916,0.0,0.0,0.0,0.0,0.0,0.0,0.0,0.0,0.0,0.0,0.0,0.0,0.0,0.0,0.0,0.0,0.0,0.0,0.0,0.0,0.0,0.0,0.0,0.0,0.0,0.0,0.0,0.0,0.0,0.0,0.0,0.0,0.0,0.0,0.0,0.0,0.0,0.0,0.0,0.0,0.0,0.0,0.0,0.0,0.0,0.0,0.0,0.0,0.0,0.0,0.0
0.0,0.0,0.0,0.0,0.0,0.0,0.16284527903754864,0.2557700487657203,0.03658113556573836,0.0,0.24914221712139786,0.48622362130468455,0.6858865036557026,0.491472247333778,0.035389679580548616,0.0,0.1415422920831866,0.39334862145524124,0.0,0.0,0.0,0.0,0.0,0.0,0.0,0.0,0.0,0.0,0.0,0.0,0.0,0.0,0.0,0.0,0.0,0.4065314904187916,1.0,0.4240534493191697,0.0,0.0,0.0,0.0,0.0,0.0,0.0,0.0,0.026662561099376425,0.250474280854132,0.3252626314842353,0.15516317896967818,0.0,0.0,0.0,0.03134197868527582,0.0,0.0,0.0,0.0,0.0,0.0,0.0,0.0,0.0,0.0,0.0,0.0,0.0,0.07802383507669872,0.0,0.0,0.0,0.2942574687866686,0.0,0.36103002068871515,0.0,0.0985314146902826,0.23612684553154262,0.0,0.0,0.0,0.0,0.0,0.0,0.0,0.0,0.0,0.0,0.0
0.0,0.0,0.0,0.0,0.0,0.0,0.03539381223609462,0.0,0.0,0.0,0.24914315673648327,0.4862227494542197,0.3933483130392756,0.1415438526167647,0.16284696203869975,0.255765497262305,0.4914723941319024,0.6858862949864459,0.0,0.0,0.0,0.03657157941169152,0.0,0.0,0.0,0.0,0.0,0.0,0.0,0.0,0.0,0.0,0.0,0.0,0.0,0.0,0.4240534493191697,1.0,0.40652779144132983,0.0,0.0,0.0,0.0,0.0,0.04422148018963639,0.12938224332984566,0.27184666595497464,0.33513134863002214,0.22813980085090746,0.0804203224247535,0.0,0.0,0.0,0.0,0.0,0.0,0.0,0.0,0.0,0.0,0.0,0.0,0.0015700991897198288,0.0,0.0,0.0,0.21484198806034638,0.4109697630331845,0.34651812904981644,0.10883361243691528,0.1730320168318237,0.47320896996485184,0.0,0.3662377574649712,0.0,0.17453493252680213,0.0,0.0,0.0,0.0,0.0,0.0,0.0,0.0,0.0,0.0,0.21418564283510533,0.0
0.0,0.0,0.0,0.0,0.0,0.0,0.0,0.0,0.0,0.0,0.16110178901915737,0.2546596207080253,0.03535248858159865,0.0,0.24982333311332544,0.48571621672360765,0.685913842349834,0.49137833531922126,0.03456569005328552,0.0,0.14237811977782003,0.3931550743646934,0.0,0.0,0.0,0.0,0.0,0.0,0.0,0.0,0.0,0.0,0.0,0.0,0.0,0.0,0.0,0.40652779144132983,1.0,0.425624085843473,0.0,0.0,0.0,0.0,0.0,0.0,0.0,0.0,0.0,0.0,0.0,0.0,0.0,0.0,0.0,0.0,0.0,0.0,0.0,0.0,0.0,0.0,0.0,0.0,0.0,0.0,0.0,0.16504507816894037,0.3340983235247279,0.19212118245379825,0.07250437468222813,0.10906060124790964,0.02913526782677338,0.0,0.0,0.0,0.0,0.0,0.0,0.0,0.0,0.0,0.0,0.0,0.0,0.03225061409163413,0.3051234932992993,0.0
0.0,0.0,0.0,0.0,0.0,0.0,0.0,0.0,0.0,0.0,0.03132016251645966,0.0,0.0,0.0,0.2499221950252313,0.48595271668925694,0.39419994939753794,0.14252327810581755,0.16323910254618992,0.2559111748748322,0.49262016833354577,0.6858566340888769,0.0,0.0,0.0,0.037858745221850724,0.0,0.0,0.0,0.0,0.0,0.0,0.0,0.0,0.0,0.0,0.0,0.0,0.425624085843473,1.0,0.40867347056906067,0.0,0.0,0.0,0.0,0.0,0.0,0.0,0.0,0.0,0.0,0.0,0.0,0.0,0.0,0.0,0.0,0.0,0.0,0.0,0.0,0.0,0.0,0.0,0.0,0.0,0.0,0.0,0.0,0.0,0.0,0.0,0.0,0.0,0.0,0.0,0.0,0.0,0.0,0.0,0.0,0.0,0.0,0.0,0.0,0.0,0.0,0.0
0.0,0.0,0.0,0.0,0.0,0.0,0.0,0.0,0.0,0.0,0.0,0.0,0.0,0.0,0.156431374265455,0.2524128261982252,0.0356414186448059,0.0,0.24826507916528914,0.4848297575971131,0.6859448651917988,0.4919235831183013,0.03585676244575389,0.0,0.13650102574831374,0.3900595494097815,0.0,0.0,0.0,0.0,0.0,0.0,0.0,0.0,0.0,0.0,0.0,0.0,0.0,0.40867347056906067,1.0,0.4191650335703624,0.0,0.0,0.0,0.0,0.0,0.0,0.0,0.0,0.0,0.0,0.0,0.0,0.0,0.0,0.0,0.0,0.0,0.0,0.0,0.0,0.0,0.0,0.0,0.0,0.0,0.0,0.0,0.0,0.0,0.0,0.0,0.0,0.0,0.0,0.0,0.0,0.0,0.0,0.0,0.0,0.0,0.0,0.0,0.0,0.0,0.0
0.0,0.0,0.0,0.0,0.0,0.0,0.0,0.0,0.0,0.0,0.0,0.0,0.0,0.0,0.025490209192651377,0.0,0.0,0.0,0.2501421028483332,0.4874678238118346,0.39212965950091927,0.14190482654701964,0.16941096411683118,0.25811341579013924,0.49147241170969985,0.6859260722061613,0.0,0.035506577747727565,0.0,0.0,0.0,0.0,0.0,0.0,0.0,0.0,0.0,0.0,0.0,0.0,0.4191650335703624,1.0,0.40668989104561165,0.0,0.0,0.0,0.0,0.0,0.0,0.0,0.0,0.0,0.0,0.0,0.0,0.0,0.0,0.0,0.0,0.0,0.0,0.0,0.0,0.0,0.0,0.0,0.0,0.0,0.0,0.0,0.0,0.0,0.0,0.0,0.0,0.0,0.0,0.0,0.0,0.0,0.0,0.0,0.0,0.0,0.0,0.0,0.0,0.0
0.0,0.0,0.0,0.0,0.0,0.0,0.0,0.0,0.0,0.0,0.0,0.0,0.0,0.0,0.0,0.0,0.0,0.0,0.1586930133930249,0.2529445093256766,0.033121958870559645,0.0,0.25471518248548153,0.48503187386576885,0.6862555745207182,0.4894700468492164,0.0,0.38932905854965133,0.0,0.22327021092590482,0.0,0.0,0.0,0.0,0.0,0.0,0.0,0.0,0.0,0.0,0.0,0.40668989104561165,1.0,0.0,0.0,0.0,0.0,0.0,0.0,0.0,0.0,0.0,0.0,0.0,0.0,0.0,0.0,0.0,0.0,0.0,0.0,0.0,0.0,0.0,0.0,0.0,0.0,0.0,0.0,0.0,0.0,0.0,0.0,0.0,0.0,0.0,0.0,0.0,0.0,0.0,0.0,0.0,0.0,0.0,0.0,0.0,0.0,0.0
0.39806626011720564,0.2901042037871584,0.11968581544027562,0.04260927049782631,0.10786926250174514,0.2719500056193043,0.4245814888141112,0.2706012382924011,0.1687277107758555,0.17509850343053365,0.3753629529920284,0.15083266978306573,0.03746345150297127,0.09334697391914852,0.3758972600225365,0.1242611496860803,0.0,0.0,0.48599499518153405,0.25432797812500013,0.03154991112658522,0.0,0.6868640795435381,0.49269867834642217,0.2561463982047695,0.17052872860910118,0.0,0.39976645293127183,0.0,0.233141770747025,0.16687477914318247,0.0,0.0,0.0,0.0,0.0,0.0,0.0,0.0,0.0,0.0,0.0,0.0,1.0,0.0,0.0,0.0,0.0,0.0,0.0,0.0,0.0,0.0,0.0,0.0,0.0,0.0,0.0,0.0,0.0,0.0,0.0,0.0,0.0,0.0,0.0,0.0,0.0,0.0,0.0,0.0,0.0,0.0,0.0,0.0,0.0,0.0,0.0,0.0,0.0,0.0,0.0,0.0,0.0,0.0,0.0,0.0,0.0
0.0,0.0,0.0,0.0,0.0,0.0,0.0,0.0,0.0,0.0,0.0,0.0,0.0,0.0,0.0,0.0,0.0,0.0,0.0,0.0,0.0,0.0,0.0,0.0,0.0,0.0,0.0,0.0,0.0,0.0,0.0,0.0,0.0,0.0,0.0,0.0,0.0,0.04422148018963639,0.0,0.0,0.0,0.0,0.0,0.0,1.0,0.7383167322232317,0.5469800777647744,0.47240040583182136,0.5435446016081941,0.7350218315500772,0.7298237470380222,0.5455505198465643,0.47718588135242956,0.5420708448240592,0.5221653460866903,0.29886037462207116,0.2148674917506535,0.30489165417803826,0.4078023902218786,0.17143632152425028,0.03830812244416952,0.08381840582000503,0.383865487556126,0.1616443802105963,0.0,0.0,0.4314516064493859,0.24900196985074255,0.06563680451077168,0.031975685472098066,0.30561274914536923,0.1576512118551727,0.07161697531172202,0.0066758029404643425,0.4860193641160134,0.15870523200763464,0.2501477401915133,0.24826696465193943,0.16324616006248033,0.03455803592148505,0.0,0.0,0.0,0.0,0.0,0.0,0.0,0.39806627862003413
0.0,0.0,0.0,0.0,0.0,0.0,0.0,0.0,0.0,0.0,0.0,0.0,0.0,0.0,0.0,0.0,0.0,0.031697119641184116,0.0,0.0,0.0,0.0,0.0,0.0,0.0,0.0,0.0,0.0,0.0,0.0,0.0,0.0,0.0,0.0,0.0,0.0,0.0,0.12938224332984566,0.0,0.0,0.0,0.0,0.0,0.0,0.7383167322232317,1.0,0.7425845034496441,0.5485877833685998,0.4834497286891724,0.550072673929414,0.5328179505457168,0.3053628528212466,0.21894190893846555,0.3080448002149505,0.4317758403132789,0.1935880679530456,0.0502832574199661,0.08937231910336059,0.4207786613490837,0.2215020194441346,0.05108051548709504,0.032817814214124975,0.4315854287458324,0.2746255895697286,0.13026134648086735,0.10350223413835356,0.41272709972895655,0.2624308352459037,0.14582809049945888,0.1524827320300983,0.5479707745501371,0.12098218033925111,0.3237536870488143,0.0,0.6868695097213742,0.25472532502125256,0.1694191590000849,0.035850199437354104,0.0,0.0,0.0,0.0,0.0,0.0,0.0,0.0,0.0,0.290104162456797
0.0,0.0,0.0,0.0,0.0,0.0,0.0,0.0,0.0,0.0,0.0,0.02014190382908674,0.018719195023831615,0.0,0.0,0.0,0.061629725150756556,0.17168829965439697,0.0,0.0,0.0,0.0,0.0,0.0,0.0,0.0,0.0,0.0,0.0,0.0,0.0,0.0,0.0,0.0,0.0,0.0,0.026662561099376425,0.27184666595497464,0.0,0.0,0.0,0.0,0.0,0.0,0.5469800777647744,0.7425845034496441,1.0,0.7375074159210714,0.554599278381156,0.4813116550912912,0.29710653427947825,0.09638809284765631,0.06676583508172326,0.21788593413823118,0.17510391815806947,0.0,0.0,0.0,0.1861872021252643,0.0002490368712384752,0.0,0.0,0.24914982424470658,0.14589599568870432,0.0,0.0,0.2624359117729862,0.18639947719307984,0.10357303700999705,0.08577118377016829,0.7344825116598952,0.07702693793803328,0.4912079970571955,0.0,0.4926926125583137,0.48503270605072063,0.25811209046761335,0.0,0.0,0.0,0.0,0.0,0.0,0.0,0.0,0.0,0.0,0.11968581544027562
0.0,0.0,0.0,0.0,0.0,0.0,0.0,0.0,0.0,0.0,0.0,0.15620154847148493,0.19938832789461228,0.019942004317761903,0.0,0.0,0.08182726383277447,0.2409143810399232,0.0,0.0,0.0,0.0,0.0,0.0,0.0,0.0,0.0,0.0,0.0,0.0,0.0,0.0,0.0,0.0,0.0,0.0,0.250474280854132,0.33513134863002214,0.0,0.0,0.0,0.0,0.0,0.0,0.47240040583182136,0.5485877833685998,0.7375074159210714,1.0,0.7454800093466507,0.5489890582734939,0.20230654518372695,0.05775238885677785,0.10367443430952136,0.3090552613780248,0.01995019714973754,0.0,0.0,0.0,0.0,0.0,0.0,0.0,0.06570215296402283,0.0,0.0,0.0,0.1457348901845256,0.10343728650904961,0.0,0.0,0.5430364430336152,0.06812885344520764,0.3198775789577244,0.0,0.2561536648727181,0.6862552521980883,0.4914728565723048,0.13646665447826797,0.0,0.0,0.0,0.0,0.0,0.0,0.0,0.0,0.0,0.04260918407557885
0.0,0.0,0.0,0.0,0.0,0.0,0.0,0.0,0.0,0.0,0.0,0.10097757157317179,0.21799555535361095,0.06706148675160473,0.0,0.0,0.0,0.14259043226722026,0.0,0.0,0.0,0.0,0.0,0.0,0.0,0.0,0.0,0.0,0.0,0.0,0.0,0.0,0.0,0.0,0.0,0.0,0.3252626314842353,0.22813980085090746,0.0,0.0,0.0,0.0,0.0,0.0,0.5435446016081941,0.4834497286891724,0.554599278381156,0.7454800093466507,1.0,0.7375436778792345,0.2973097597748967,0.21493724932825703,0.31419475393047,0.5428809277897487,0.06691480797214801,0.0,0.0,0.0,0.0,0.0,0.0,0.0,0.03194536831225375,0.0,0.0,0.0,0.1522743750671865,0.08548902624952189,0.0,0.0,0.312065381014695,0.09408581705647766,0.07804989792964179,0.01717823380328208,0.17054359875300013,0.48946978306957417,0.6859251789107389,0.39003136325017024,0.03784063500981421,0.0,0.0,0.0,0.0,0.0,0.0,0.0,0.0,0.10786921143804437
0.0,0.0,0.0,0.0,0.0,0.0,0.0,0.0,0.0,0.0,0.0,0.0,0.054155727383015474,0.0,0.0,0.0,0.0,0.0,0.0,0.0,0.0,0.0,0.0,0.0,0.0,0.0,0.0,0.0,0.0,0.0,0.0,0.0,0.0,0.0,0.0,0.0,0.15516317896967818,0.0804203224247535,0.0,0.0,0.0,0.0,0.0,0.0,0.7350218315500772,0.550072673929414,0.4813116550912912,0.5489890582734939,0.7375436778792345,1.0,0.5375621041055417,0.4765991635096945,0.5524513408968194,0.7354867791440034,0.28586140127659665,0.08634916534199882,0.06058715188011047,0.21506266092884377,0.15348201006574017,0.0,0.0,0.0,0.16157516870462266,0.0,0.0,0.0,0.2743853793347917,0.1456004856567708,0.0,0.0,0.21596247985875575,0.13201692554787856,0.0,0.03574819771187129,0.25434397671025794,0.2529408748822496,0.48746291109339196,0.48482662959064077,0.255911528059898,0.0,0.0,0.0,0.0,0.0,0.0,0.0,0.0,0.27195000875097775
0.0,0.0,0.0,0.0,0.0,0.0,0.0,0.0,0.0,0.0,0.0,0.0,0.0,0.0,0.0,0.0,0.0,0.0,0.0,0.0,0.0,0.0,0.0,0.0,0.0,0.0,0.0,0.0,0.0,0.0,0.0,0.0,0.0,0.0,0.0,0.0,0.0,0.0,0.0,0.0,0.0,0.0,0.0,0.0,0.7298237470380222,0.5328179505457168,0.29710653427947825,0.20230654518372695,0.2973097597748967,0.5375621041055417,1.0,0.7368537562674145,0.5418866253780883,0.47019117790717485,0.7308253164563902,0.5451782489495842,0.47641374322006874,0.5430549066831505,0.5198515271474382,0.29352405389324515,0.21184074280392093,0.3048050877023527,0.40778847993647355,0.15350245980302282,0.017364425331541387,0.07142796858487852,0.42067287805587683,0.18607191921718516,0.0,0.0,0.08086078194480623,0.08009713351561638,0.0,0.0,0.37595656060927235,0.0,0.02547357272236062,0.15641806728918103,0.24992195403839826,0.24982055516578044,0.16284527903754864,0.03539381223609462,0.0,0.0,0.0,0.0,0.0,0.42458160050079424
0.0,0.0,0.0,0.0,0.0,0.0,0.0,0.0,0.0,0.0,0.0,0.0,0.0,0.0,0.0,0.0,0.0,0.0,0.0,0.0,0.0,0.0,0.0,0.0,0.0,0.0,0.0,0.0,0.0,0.0,0.0,0.0,0.0,0.0,0.0,0.0,0.0,0.0,0.0,0.0,0.0,0.0,0.0,0.0,0.5455505198465643,0.3053628528212466,0.09638809284765631,0.05775238885677785,0.21493724932825703,0.4765991635096945,0.7368537562674145,1.0,0.734869738599324,0.5487899880795309,0.5433923199804004,0.47900536940787,0.5523398191159474,0.7361478543559403,0.2935062977670487,0.08718078602100798,0.05938001513860805,0.21597675099262004,0.17139046644114125,0.0,0.0,0.0,0.2213617933913022,8.024901600846958e-05,0.0,0.0,0.0,0.0,0.0,0.0,0.12431034481103477,0.0,0.0,0.25240777627940925,0.4859540019724355,0.4857152556653719,0.2557701913373248,0.0,0.0,0.0,0.0,0.0,0.0,0.27060123829240124
0.0,0.0,0.0,0.0,0.0,0.0,0.0,0.0,0.0,0.0,0.0,0.0,0.0,0.0,0.0,0.0,0.0,0.0,0.0,0.0,0.0,0.0,0.0,0.0,0.0,0.0,0.0,0.0,0.0,0.0,0.0,0.0,0.0,0.0,0.0,0.0,0.0,0.0,0.0,0.0,0.0,0.0,0.0,0.0,0.47718588135242956,0.21894190893846555,0.06676583508172326,0.10367443430952136,0.31419475393047,0.5524513408968194,0.5418866253780883,0.734869738599324,1.0,0.7479069316514987,0.29987616633541736,0.21396446828608987,0.3124293818322675,0.5431632504252345,0.07139500682615686,0.0,0.0,0.0,0.0,0.0,0.0,0.0,0.10329272009665688,0.0,0.0,0.0,0.0,0.0,0.0,0.0,0.0,0.0,0.1418731963051523,0.49192480192644483,0.6858570089740442,0.39315716617802765,0.03658125124865609,0.0,0.0,0.0,0.0,0.0,0.0,0.1687277107758555
0.0,0.0,0.0,0.0,0.0,0.0,0.0,0.0,0.0,0.0,0.0,0.0,0.0,0.0,0.0,0.0,0.0,0.0,0.0,0.0,0.0,0.0,0.0,0.0,0.0,0.0,0.0,0.0,0.0,0.0,0.0,0.0,0.0,0.0,0.0,0.0,0.03134197868527582,0.0,0.0,0.0,0.0,0.0,0.0,0.0,0.5420708448240592,0.3080448002149505,0.21788593413823118,0.3090552613780248,0.5428809277897487,0.7354867791440034,0.47019117790717485,0.5487899880795309,0.7479069316514987,1.0,0.2024383038571976,0.055721321677966174,0.10311295806259273,0.31146906942692115,0.01732116501392205,0.0,0.0,0.0,0.0,0.0,0.0,0.0,0.12999292612311752,0.0,0.0,0.0,0.0,0.02028766895210341,0.0,0.0,0.03157784244767729,0.033104818864887434,0.3921007463982769,0.6859446192088394,0.4926202294971035,0.1423783903485735,0.0,0.0,0.0,0.0,0.0,0.0,0.0,0.17509855659608062
