1.0,0.7383168096688553,0.5469800915500256,0.47240035561356997,0.5435446288533475,0.7350217856576449,0.7298237783547752,0.5455504432270867,0.4771858763378873,0.5420707284358037,0.5221654088190341,0.29886031475180497,0.21486760156524334,0.30489158484654594,0.40780241352349245,0.17143644941984104,0.038308142754454495,0.08381849400861388,0.38386559268355736,0.16164446164502158,0.0,0.0,0.4314515918819281,0.24900202450154513,0.06563683311224103,0.031975745994856225,0.3056127282400188,0.15765122639393353,0.07161700241807441,0.006675744117080976,0.486019503331635,0.1587052841104668,0.25014777117584786,0.24826687099053946,0.16324615199692633,0.034558077638820316,0.0,0.0,0.0,0.0,0.0,0.0,0.0,0.39806627128540323,0.0,0.0,0.0,0.0,0.0,0.0,0.0,0.0,0.0,0.0,0.0,0.0,0.0,0.0,0.0,0.0,0.0,0.0,0.0,0.0,0.0,0.0,0.0,0.0,0.0,0.0,0.0,0.0,0.0,0.0,0.0,0.0,0.0,0.0,0.0,0.0,0.0,0.0,0.0,0.0,0.0,0.0,0.0,0.0
0.7383168096688553,1.0,0.7425844697075683,0.54858780022714,0.48344984132935553,0.5500727076728621,0.5328179868283258,0.3053628059575113,0.21894198212135113,0.3080447703764638,0.43177588762092145,0.19358798853116005,0.05028336124646708,0.08937229118128887,0.4207786408627271,0.22150205688664723,0.05108048081174586,0.03281786141117832,0.431585451290429,0.2746255859739553,0.13026133893094305,0.10350216074757929,0.412727103886066,0.26243086285613426,0.1458280777291069,0.15248273372003734,0.5479707130902438,0.12098221691923558,0.3237536627977601,0.0,0.6868695349152929,0.2547253927680189,0.16941928384809782,0.03585019597412292,0.0,0.0,0.0,0.0,0.0,0.0,0.0,0.0,0.0,0.29010417925609266,0.0,0.0,0.0,0.0,0.0,0.0,0.0,0.0,0.0,0.0,0.0,0.0,0.0,0.0,0.0,0.0,0.0,0.0,0.0,0.0,0.0,0.0,0.0,0.0,0.0,0.0,0.0,0.0,0.0,0.0,0.0,0.0,0.0,0.0,0.0,0.0,0.0,0.0,0.0,0.0,0.0,0.0,0.0,0.0
0.5469800915500256,0.7425844697075683,1.0,0.7375075087126567,0.5545993978751846,0.48131166111207047,0.2971065374647249,0.09638803051440616,0.06676589828817683,0.21788587919120234,0.1751039331905991,0.0,0.0,0.0,0.18618716068320415,0.0002490385295565671,0.0,0.0,0.24914982606376884,0.14589595237662561,0.0,0.0,0.2624359158771145,0.1863994813106429,0.10357304149493836,0.08577115693259581,0.7344824217730004,0.07702697133502151,0.4912079429900205,0.0,0.49269257600470645,0.485032805802267,0.2581122371701916,0.0,0.0,0.0,0.0,0.0,0.0,0.0,0.0,0.0,0.0,0.1196858451639597,0.0,0.0,0.0,0.0,0.0,0.0,0.0,0.0,0.0,0.0,0.0,0.0,0.0,0.0,0.0,0.0,0.0,0.0,0.0,0.0,0.0,0.0,0.0,0.0,0.0,0.0,0.0,0.0,0.0,0.0,0.0,0.0,0.0,0.0,0.0,0.0,0.0,0.0,0.0,0.0,0.0,0.0,0.0,0.0
0.47240035561356997,0.54858780022714,0.7375075087126567,1.0,0.7454799772483198,0.5489889648559495,0.2023065273212696,0.05775230597153745,0.10367443265082908,0.3090551069937141,0.019950212556348178,0.0,0.0,0.0,0.0,0.0,0.0,0.0,0.0657022100962306,0.0,0.0,0.0,0.14573488635334972,0.10343729237088557,0.0,0.0,0.5430364350328618,0.06812885414287558,0.31987759198183796,0.0,0.2561537079268577,0.6862553564241061,0.49147287892066155,0.1364665239939062,0.0,0.0,0.0,0.0,0.0,0.0,0.0,0.0,0.0,0.0426092131838099,0.0,0.0,0.0,0.0,0.0,0.0,0.0,0.0,0.0,0.0,0.0,0.0,0.0,0.0,0.0,0.0,0.0,0.0,0.0,0.0,0.0,0.0,0.0,0.0,0.0,0.0,0.0,0.0,0.0,0.0,0.0,0.0,0.0,0.0,0.0,0.0,0.0,0.0,0.0,0.0,0.0,0.0,0.0,0.0
0.5435446288533475,0.48344984132935553,0.5545993978751846,0.7454799772483198,1.0,0.7375436838486775,0.2973098368705581,0.2149372825904538,0.314194837228243,0.5428808431982713,0.06691489882462531,0.0,0.0,0.0,0.0,0.0,0.0,0.0,0.031945498311978814,0.0,0.0,0.0,0.15227439647460456,0.08548907049633764,0.0,0.0,0.3120653739004496,0.09408582553886036,0.07804990975292307,0.017178218005543984,0.17054373649079982,0.4894698543024061,0.6859251914050654,0.3900312721202079,0.03784067393397012,0.0,0.0,0.0,0.0,0.0,0.0,0.0,0.0,0.10786929511409796,0.0,0.0,0.0,0.0,0.0,0.0,0.0,0.0,0.0,0.0,0.0,0.0,0.0,0.0,0.0,0.0,0.0,0.0,0.0,0.0,0.0,0.0,0.0,0.0,0.0,0.0,0.0,0.0,0.0,0.0,0.0,0.0,0.0,0.0,0.0,0.0,0.0,0.0,0.0,0.0,0.0,0.0,0.0,0.0
0.7350217856576449,0.5500727076728621,0.48131166111207047,0.5489889648559495,0.7375436838486775,1.0,0.5375621467140166,0.4765991908356637,0.5524514372575963,0.7354867184546514,0.2858614379178622,0.08634910201812149,0.06058727745402487,0.21506261483375733,0.15348199445035252,0.0,0.0,0.0,0.16157524559574246,0.0,0.0,0.0,0.27438533567722984,0.14560050929398974,0.0,0.0,0.215962397113099,0.1320169210117573,0.0,0.03574816886647691,0.2543440523391893,0.25294091143698694,0.48746294881355157,0.48482659344952367,0.2559115951251044,0.0,0.0,0.0,0.0,0.0,0.0,0.0,0.0,0.27195003140136964,0.0,0.0,0.0,0.0,0.0,0.0,0.0,0.0,0.0,0.0,0.0,0.0,0.0,0.0,0.0,0.0,0.0,0.0,0.0,0.0,0.0,0.0,0.0,0.0,0.0,0.0,0.0,0.0,0.042733443948913416,0.0,0.0,0.0,0.0,0.0,0.0,0.0,0.0,0.0,0.0,0.0,0.0,0.0,0.0,0.0
0.7298237783547752,0.5328179868283258,0.2971065374647249,0.2023065273212696,0.2973098368705581,0.5375621467140166,1.0,0.7368536524795753,0.5418866308559137,0.4701911705527285,0.7308253041881576,0.5451781370531186,0.47641382089609335,0.543054836837257,0.5198514907855514,0.2935241317438421,0.2118406937749213,0.30480511280845624,0.4077885520700161,0.15350253389187918,0.017364469742004677,0.07142791881254444,0.4206728457699466,0.18607200232170693,0.0,0.0,0.08086075793931827,0.08009718506486635,0.0,0.0,0.3759566481487458,0.0,0.025473656787025643,0.1564180643445698,0.24992198124444892,0.24982059801097514,0.16284523591033556,0.0353937288418622,0.0,0.0,0.0,0.0,0.0,0.4245815560210717,0.0,0.0,0.0,0.0,0.0,0.0,0.0,0.0,0.0,0.0,0.0,0.0,0.0,0.0,0.0,0.0,0.0,0.0,0.0,0.0,0.0,0.0,0.0,0.0,0.0,0.0,0.0,0.0,0.05595021196394187,0.0,0.0,0.0,0.0,0.0,0.0,0.0,0.0,0.0,0.0,0.0,0.0,0.0,0.0,0.0
0.5455504432270867,0.3053628059575113,0.09638803051440616,0.05775230597153745,0.2149372825904538,0.4765991908356637,0.7368536524795753,1.0,0.7348697926862866,0.5487900640077074,0.543392186237063,0.47900520911314165,0.5523398596896659,0.7361477788364045,0.2935061604455458,0.08718076758611322,0.05937987513191128,0.21597668971011158,0.1713904510115791,0.0,0.0,0.0,0.22136167204363216,8.027074115772118e-05,0.0,0.0,0.0,0.0,0.0,0.0,0.12431033418107974,0.0,0.0,0.25240784687918455,0.48595413004274673,0.4857153652547715,0.25577012778776037,0.0,0.0,0.0,0.0,0.0,0.0,0.2706011362045296,0.0,0.0,0.0,0.0,0.0,0.0,0.0,0.0,0.0,0.0,0.0,0.0,0.0,0.0,0.0,0.0,0.0,0.0,0.0,0.0686597906135888,0.05650682814394925,0.0,0.0,0.0,0.054143376048801636,0.17188126770661338,0.16429777460580697,0.0,0.2833674105046831,0.0,0.0,0.0,0.0,0.0,0.0,0.0,0.0,0.0,0.0,0.0,0.03214294717452164,0.16071131138709704,0.0,0.0
0.4771858763378873,0.21894198212135113,0.06676589828817683,0.10367443265082908,0.314194837228243,0.5524514372575963,0.5418866308559137,0.7348697926862866,1.0,0.7479070705060871,0.29987613551155495,0.21396436096179278,0.3124294013482576,0.5431630972847356,0.0713949731030093,0.0,0.0,0.0,0.0,0.0,0.0,0.0,0.10329269135130559,0.0,0.0,0.0,0.0,0.0,0.0,0.0,0.0,0.0,0.14187329065554796,0.49192488713591653,0.6858570030256869,0.3931571340637134,0.036581152536846503,0.0,0.0,0.0,0.0,0.0,0.0,0.16872772062885752,0.0,0.0,0.07963745887619109,0.0,0.0,0.0,0.0,0.0,0.0,0.0,0.0,0.0,0.0,0.0,0.0,0.0,0.0,0.0,0.0,0.020445962334636962,0.0,0.0,0.0,0.0,0.0930815991548471,0.14361414096878697,0.2863579545838349,0.0,0.3906001829057174,0.0,0.0,0.0,0.0,0.0,0.0,0.0,0.0,0.0,0.0,0.0,0.0,0.08757193109125688,0.0,0.0
0.5420707284358037,0.3080447703764638,0.21788587919120234,0.3090551069937141,0.5428808431982713,0.7354867184546514,0.4701911705527285,0.5487900640077074,0.7479070705060871,1.0,0.20243828418593823,0.05572124357330187,0.10311307193904783,0.31146902443338703,0.01732109735024393,0.0,0.0,0.0,0.0,0.0,0.0,0.0,0.12999281630449175,0.0,0.0,0.0,0.0,0.020287618831729384,0.0,0.0,0.03157786421453919,0.03310480194306958,0.39210069563590233,0.6859446224763146,0.49262035010738076,0.14237849676982095,0.0,0.0,0.0,0.0,0.0,0.0,0.0,0.17509852179511215,0.0,0.0,0.0,0.0,0.0,0.0,0.0,0.0,0.0,0.0,0.0,0.0,0.0,0.0,0.0,0.0,0.0,0.0,0.0,0.0,0.0,0.0,0.0,0.0,0.0,0.0,0.1284132254365828,0.0,0.2402619035982622,0.0,0.0,0.0,0.0,0.0,0.0,0.0,0.0,0.0,0.0,0.0,0.0,0.0,0.0,0.0
0.5221654088190341,0.43177588762092145,0.1751039331905991,0.019950212556348178,0.06691489882462531,0.2858614379178622,0.7308253041881576,0.543392186237063,0.29987613551155495,0.20243828418593823,1.0,0.735430857293222,0.5421403375650108,0.47464876892575875,0.7308282356154222,0.5434001264147206,0.4746543317684077,0.542143303228475,0.5221679239061022,0.28587791668521684,0.20246187268022234,0.299890423008268,0.4317336455516562,0.17506044439821686,0.019921618110738504,0.06691283258011238,0.012246109446244366,0.012187179191904818,0.0,0.0,0.3754645182202291,0.0,0.0,0.0,0.03130692893847363,0.1610953121415474,0.24914214866803258,0.24914304586680291,0.1611018584269286,0.031320257740032394,0.0,0.0,0.0,0.37536301601651345,0.0,0.0,0.0,0.0,0.0,0.0,0.0,0.0,0.0,0.0,0.0,0.0,0.0,0.0,0.0,0.0,0.0,0.0,0.0,0.0,0.0,0.0,0.0,0.0,0.0,0.0,0.0,0.0,0.0,0.0,0.0,0.0,0.0,0.0,0.0,0.0,0.0,0.0,0.0,0.0,0.0,0.0,0.0,0.0
0.29886031475180497,0.19358798853116005,0.0,0.0,0.0,0.08634910201812149,0.5451781370531186,0.47900520911314165,0.21396436096179278,0.05572124357330187,0.735430857293222,1.0,0.7361611230929788,0.5512984585663371,0.5451759904273092,0.47900125467961874,0.5512982932065116,0.7361613260458153,0.29885899889744577,0.08634824867505318,0.05572223775210535,0.213960919422778,0.19355841497886148,0.0,0.0,0.0,0.0,0.0,0.0,0.0,0.15091023354692942,0.0,0.0,0.0,0.0,0.2546601193822695,0.4862236762211769,0.48622278093642834,0.2546597666989687,0.0,0.0,0.0,0.0,0.15083263082019477,0.0,0.0,0.0,0.0,0.0,0.0,0.0,0.0,0.0,0.0,0.0,0.0,0.0,0.0,0.0,0.0,0.0,0.0,0.0,0.0,0.07684864010934271,0.0,0.0,0.0,0.0,0.0,0.0,0.0,0.0,0.0,0.0,0.0,0.0,0.0,0.0,0.0,0.0,0.0,0.0,0.0,0.12781007998966804,0.037516483679828766,0.0,0.0
0.21486760156524334,0.05028336124646708,0.0,0.0,0.0,0.06058727745402487,0.47641382089609335,0.5523398596896659,0.3124294013482576,0.10311307193904783,0.5421403375650108,0.7361611230929788,1.0,0.7473485148685469,0.30479804961756984,0.21596826840474695,0.31196449493338635,0.5435050356344355,0.08380585720437826,0.0,0.0,0.0,0.03276824351596062,0.0,0.0,0.0,0.0,0.0,0.0,0.0,0.0,0.0,0.0,0.0,0.14253622652386724,0.4913809165736772,0.6858865552003253,0.393348262998514,0.03535253189284394,0.0,0.0,0.0,0.0,0.037463457125617654,0.0,0.0,0.0,0.0,0.0,0.0,0.0,0.0,0.0,0.0,0.0,0.0,0.0,0.0,0.0,0.0,0.0,0.0,0.0,0.19186968110380065,0.30505551773977163,0.14662579252136956,0.0,0.0,0.0,0.20179299807719855,0.015111407801524398,0.0,0.10719378094584206,0.0,0.0,0.0,0.0,0.0,0.0,0.0,0.0,0.0,0.0,0.014459657372795127,0.32782699255145503,0.20694357916717931,0.0,0.0
0.30489158484654594,0.08937229118128887,0.0,0.0,0.0,0.21506261483375733,0.543054836837257,0.7361477788364045,0.5431630972847356,0.31146902443338703,0.47464876892575875,0.5512984585663371,0.7473485148685469,1.0,0.21182586516608318,0.05936979391382774,0.10276969887201837,0.3119655167000655,0.03827648547643819,0.0,0.0,0.0,0.05098886814478482,0.0,0.0,0.0,0.0,0.0,0.0,0.0,0.0,0.0,0.0,0.03564775110117406,0.3942102013207519,0.6859132483228159,0.49147230204969816,0.14154389637024226,0.0,0.0,0.0,0.0,0.0,0.09334700975510758,0.0,0.0,0.025746806949127093,0.0,0.0,0.0,0.0,0.0,0.0,0.0,0.0,0.0,0.0,0.0,0.0,0.0,0.0,0.0,0.06935538306874939,0.2710683706673655,0.3001515747981494,0.11217726600397798,0.0,0.0,0.14606737605608858,0.3186289122603525,0.21736456248721867,0.0,0.30631860600820904,0.0,0.0,0.0,0.0,0.0,0.0,0.0,0.0,0.0,0.0,0.0,0.2745781931269253,0.29711195235787996,0.0,0.0
0.40780241352349245,0.4207786408627271,0.18618716068320415,0.0,0.0,0.15348199445035252,0.5198514907855514,0.2935061604455458,0.0713949731030093,0.01732109735024393,0.7308282356154222,0.5451759904273092,0.30479804961756984,0.21182586516608318,1.0,0.7368540457782963,0.5430556020793299,0.4764155815772503,0.7298282481837558,0.5375755640823631,0.4702036446516476,0.5418892029536534,0.5328022270905793,0.2970971857610365,0.2022993843031323,0.29731341995655836,0.08025619255428579,0.08084784368688934,0.0,0.0,0.42477741277853037,0.0,0.0,0.0,0.0,0.0,0.03538965104952514,0.16284687477665943,0.24982338931657203,0.24992229117364825,0.1564314914570932,0.025490284519652805,0.0,0.3758972128845489,0.0,0.0,0.0,0.0,0.0,0.0,0.0,0.0,0.0,0.0,0.0,0.0,0.0,0.0,0.0,0.0,0.0,0.0,0.0,0.0,0.0,0.0,0.0,0.0,0.0,0.0,0.0,0.0,0.0,0.0,0.0,0.0,0.0,0.0,0.0,0.0,0.0,0.0,0.0,0.0,0.0,0.0,0.0,0.0
0.17143644941984104,0.22150205688664723,0.0002490385295565671,0.0,0.0,0.0,0.2935241317438421,0.08718076758611322,0.0,0.0,0.5434001264147206,0.47900125467961874,0.21596826840474695,0.05936979391382774,0.7368540457782963,1.0,0.7361451959513579,0.5523357767704244,0.5455510768956919,0.4766070251776902,0.5487976069943261,0.7348716639098295,0.30535696259980166,0.0963954759757231,0.05776082064563296,0.21494775534235325,0.0,0.0,0.0,0.0,0.27081774186422436,0.0,0.0,0.0,0.0,0.0,0.0,0.25576562042412243,0.4857163107549006,0.4859526335471488,0.2524127188496753,0.0,0.0,0.12426115781502853,0.0,0.0,0.0,0.0,0.0,0.0,0.0,0.0,0.0,0.0,0.0,0.0,0.0,0.0,0.0,0.0,0.0,0.0,0.0,0.0,0.0,0.0,0.0,0.0,0.0,0.0,0.0,0.0,0.0,0.0,0.0,0.0,0.0,0.0,0.0,0.0,0.0,0.0,0.0,0.0,0.0,0.0,0.0,0.0
0.038308142754454495,0.05108048081174586,0.0,0.0,0.0,0.0,0.2118406937749213,0.05937987513191128,0.0,0.0,0.4746543317684077,0.5512982932065116,0.31196449493338635,0.10276969887201837,0.5430556020793299,0.7361451959513579,1.0,0.7473477850422734,0.3048965315547505,0.21506716738194054,0.3114687062679331,0.5431589386511299,0.0893719454919031,0.0,0.0,0.0,0.0,0.0,0.0,0.0,0.0934881858318272,0.0,0.0,0.0,0.0,0.0,0.14154227139360948,0.49147229841040824,0.6859139534852479,0.39420005604041986,0.035641547755027016,0.0,0.0,0.0,0.0,0.0,0.0,0.0,0.0,0.0,0.0,0.0,0.0,0.0,0.0,0.0,0.0,0.0,0.0,0.0,0.0,0.0,0.0,0.0,0.0,0.0,0.0,0.0,0.0,0.0,0.0,0.0,0.0,0.0,0.0,0.0,0.0,0.0,0.0,0.0,0.0,0.0,0.0,0.0,0.0,0.0,0.0,0.0
0.08381849400861388,0.03281786141117832,0.0,0.0,0.0,0.0,0.30480511280845624,0.21597668971011158,0.0,0.0,0.542143303228475,0.7361613260458153,0.5435050356344355,0.3119655167000655,0.4764155815772503,0.5523357767704244,0.7473477850422734,1.0,0.21487401878581425,0.06058902738115712,0.10310989672868964,0.3124225511344857,0.05027774573606538,0.0,0.0,0.0,0.0,0.0,0.0,0.0,0.037557551971028634,0.0,0.0,0.0,0.0,0.03535368194803132,0.39334861500203927,0.6858861546503442,0.49137844836659866,0.142523383953833,0.0,0.0,0.0,0.0,0.0,0.0,0.0,0.0,0.0,0.0,0.0,0.0,0.0,0.0,0.0,0.0,0.0,0.0,0.0,0.0,0.0,0.0,0.0,0.0,0.0,0.0,0.0,0.0,0.0,0.0,0.0,0.0,0.0,0.0,0.0,0.0,0.0,0.0,0.0,0.0,0.0,0.0,0.0,0.0,0.0402356749848193,0.0,0.0,0.0
0.38386559268355736,0.431585451290429,0.24914982606376884,0.0657022100962306,0.031945498311978814,0.16157524559574246,0.4077885520700161,0.1713904510115791,0.0,0.0,0.5221679239061022,0.29885899889744577,0.08380585720437826,0.03827648547643819,0.7298282481837558,0.5455510768956919,0.3048965315547505,0.21487401878581425,1.0,0.7350199055789225,0.5420653821545836,0.4771787874158612,0.7383144840769172,0.5469793217033746,0.47238790748813764,0.5435325000749123,0.1578763736945599,0.3056149365648693,0.006945452623867616,0.07162000221917494,0.3983032568101361,0.0,0.0,0.0,0.0,0.0,0.0,0.0,0.03456577752071898,0.1632390942752038,0.24826495847088142,0.2501419421894538,0.15869294728095698,0.48599506034716705,0.0,0.0,0.0,0.0,0.0,0.0,0.0,0.0,0.0,0.0,0.0,0.0,0.0,0.0,0.0,0.0,0.0,0.0,0.0,0.0,0.0,0.0,0.0,0.0,0.0,0.0,0.0,0.0,0.0,0.0,0.0,0.0,0.0,0.0,0.0,0.0,0.0,0.0,0.0,0.0,0.0,0.0,0.0,0.0
0.16164446164502158,0.2746255859739553,0.14589595237662561,0.0,0.0,0.0,0.15350253389187918,0.0,0.0,0.0,0.28587791668521684,0.08634824867505318,0.0,0.0,0.5375755640823631,0.4766070251776902,0.21506716738194054,0.06058902738115712,0.7350199055789225,1.0,0.7354857955239155,0.5524517559503552,0.5500758162180523,0.48132717562312455,0.5489963168758714,0.7375440628486607,0.13244682278218853,0.2159778791393704,0.03626058145511892,0.0,0.27228748379324447,0.0,0.0,0.0,0.0,0.0,0.0,0.0,0.0,0.25591125074160825,0.48482976650095505,0.4874677804121303,0.2529444936688438,0.2543279289650552,0.0,0.0,0.0,0.0,0.0,0.0,0.0,0.0,0.0,0.0,0.0,0.0,0.0,0.0,0.0,0.0,0.0,0.0,0.0,0.0,0.0,0.0,0.0,0.0,0.0,0.0,0.0,0.0,0.0,0.0,0.0,0.0,0.0,0.0,0.0,0.0,0.0,0.0,0.0,0.0,0.0,0.0,0.0,0.0
0.0,0.13026133893094305,0.0,0.0,0.0,0.0,0.017364469742004677,0.0,0.0,0.0,0.20246187268022234,0.05572223775210535,0.0,0.0,0.4702036446516476,0.5487976069943261,0.3114687062679331,0.10310989672868964,0.5420653821545836,0.7354857955239155,1.0,0.7479085566690417,0.3080444106206529,0.2179040535971299,0.3090734767934176,0.5428952576942095,0.02077183506934931,0.0,0.0,0.0,0.17545399968338354,0.0,0.0,0.0,0.0,0.0,0.0,0.0,0.1423781171194971,0.4926201898077916,0.6859448993836853,0.39212966495298607,0.03312198895957916,0.03154986681017098,0.0,0.0,0.0,0.0,0.0,0.0,0.0,0.0,0.0,0.0,0.0,0.0,0.0,0.0,0.0,0.0,0.0,0.0,0.0,0.0,0.0,0.0,0.0,0.0,0.0,0.0,0.0,0.0,0.0,0.0,0.0,0.0,0.0,0.0,0.0,0.0,0.0,0.0,0.0,0.0,0.0,0.0,0.0,0.0
0.0,0.10350216074757929,0.0,0.0,0.0,0.0,0.07142791881254444,0.0,0.0,0.0,0.299890423008268,0.213960919422778,0.0,0.0,0.5418892029536534,0.7348716639098295,0.5431589386511299,0.3124225511344857,0.4771787874158612,0.5524517559503552,0.7479085566690417,1.0,0.21893744934646764,0.06678081320809949,0.1036912546881726,0.3142087220300351,0.0,0.0,0.0,0.0,0.16901514245686328,0.0,0.0,0.0,0.0,0.0,0.0,0.03657150308219406,0.39315504706786203,0.6858567307502279,0.49192369105457495,0.14190483940113857,0.0,0.0,0.0,0.0,0.0,0.0,0.0,0.0,0.0,0.0,0.0,0.0,0.0,0.0,0.0,0.0,0.0,0.0,0.0,0.0,0.0,0.0,0.0,0.0,0.0,0.0,0.0,0.0,0.0,0.0,0.0,0.0,0.0,0.0,0.0,0.0,0.0,0.0,0.0,0.0,0.0,0.0,0.0,0.0,0.0,0.0
0.4314515918819281,0.412727103886066,0.2624359158771145,0.14573488635334972,0.15227439647460456,0.27438533567722984,0.4206728457699466,0.22136167204363216,0.10329269135130559,0.12999281630449175,0.4317336455516562,0.19355841497886148,0.03276824351596062,0.05098886814478482,0.5328022270905793,0.30535696259980166,0.0893719454919031,0.05027774573606538,0.7383144840769172,0.5500758162180523,0.3080444106206529,0.21893744934646764,1.0,0.7425809063038475,0.5485744097608054,0.48344063829794254,0.12107767365340306,0.5479738790469045,0.0,0.3237583302732366,0.2902096046359039,0.0,0.0,0.0,0.0,0.0,0.0,0.0,0.0,0.0,0.03585686167527808,0.16941108708001748,0.25471533715186084,0.6868638963778616,0.0,0.0,0.0,0.0,0.0,0.0,0.0,0.0,0.0,0.0,0.0,0.0,0.0,0.0,0.0,0.0,0.0,0.0,0.0,0.0,0.0,0.0,0.0,0.0,0.0,0.0,0.0,0.0,0.0,0.0,0.0,0.0,0.0,0.0,0.0,0.0,0.0,0.0,0.0,0.0,0.0,0.0,0.0,0.0
0.24900202450154513,0.26243086285613426,0.1863994813106429,0.10343729237088557,0.08548907049633764,0.14560050929398974,0.18607200232170693,8.027074115772118e-05,0.0,0.0,0.17506044439821686,0.0,0.0,0.0,0.2970971857610365,0.0963954759757231,0.0,0.0,0.5469793217033746,0.48132717562312455,0.2179040535971299,0.06678081320809949,0.7425809063038475,1.0,0.7375048732280686,0.5546051181896374,0.0771512241404781,0.7344828331383888,0.0,0.4912084475744563,0.11978776144439905,0.0,0.0,0.0,0.0,0.0,0.0,0.0,0.0,0.0,0.0,0.2581134193492499,0.4850319019431276,0.4926986533760487,0.0,0.0,0.0,0.0,0.0,0.0,0.0,0.0,0.0,0.0,0.0,0.0,0.0,0.0,0.0,0.0,0.0,0.0,0.0,0.0,0.0,0.0,0.0,0.0,0.0,0.0,0.0,0.0,0.0,0.0,0.0,0.0,0.0,0.0,0.0,0.0,0.0,0.0,0.0,0.0,0.0,0.0,0.0,0.0
0.06563683311224103,0.1458280777291069,0.10357304149493836,0.0,0.0,0.0,0.0,0.0,0.0,0.0,0.019921618110738504,0.0,0.0,0.0,0.2022993843031323,0.05776082064563296,0.0,0.0,0.47238790748813764,0.5489963168758714,0.3090734767934176,0.1036912546881726,0.5485744097608054,0.7375048732280686,1.0,0.7454849405296656,0.06842029347614945,0.5430367440163221,0.0,0.319879410878053,0.04279067608853186,0.0,0.0,0.0,0.0,0.0,0.0,0.0,0.0,0.0,0.13650096008057055,0.4914723181971946,0.6862555420256895,0.25614646577562566,0.0,0.0,0.0,0.0,0.0,0.0,0.0,0.0,0.0,0.0,0.0,0.0,0.0,0.0,0.0,0.0,0.0,0.0,0.0,0.0,0.0,0.0,0.0,0.0,0.0,0.0,0.0,0.0,0.0,0.0,0.0,0.0,0.0,0.0,0.0,0.0,0.0,0.0,0.0,0.0,0.0,0.0,0.0,0.0
0.031975745994856225,0.15248273372003734,0.08577115693259581,0.0,0.0,0.0,0.0,0.0,0.0,0.0,0.06691283258011238,0.0,0.0,0.0,0.29731341995655836,0.21494775534235325,0.0,0.0,0.5435325000749123,0.7375440628486607,0.5428952576942095,0.3142087220300351,0.48344063829794254,0.5546051181896374,0.7454849405296656,1.0,0.09454171348281686,0.3120717257744499,0.017754371850449476,0.07805701585509231,0.10815941194481053,0.0,0.0,0.0,0.0,0.0,0.0,0.0,0.0,0.03785884714722734,0.390059594951442,0.6859260921696854,0.4894699963748556,0.17052865108082496,0.0,0.0,0.0,0.0,0.0,0.0,0.0,0.0,0.0,0.0,0.0,0.0,0.0,0.0,0.0,0.0,0.0,0.0,0.0,0.0,0.0,0.0,0.0,0.0,0.0,0.0,0.0,0.0,0.0,0.0,0.0,0.0,0.0,0.0,0.0,0.0,0.0,0.0,0.0,0.0,0.0,0.0,0.0,0.0
0.3056127282400188,0.5479707130902438,0.7344824217730004,0.5430364350328618,0.3120653739004496,0.215962397113099,0.08086075793931827,0.0,0.0,0.0,0.012246109446244366,0.0,0.0,0.0,0.08025619255428579,0.0,0.0,0.0,0.1578763736945599,0.13244682278218853,0.02077183506934931,0.0,0.12107767365340306,0.0771512241404781,0.06842029347614945,0.09454171348281686,1.0,0.0,0.756723917499324,0.0,0.39973971032354133,0.3893254280285289,0.03550731664874596,0.0,0.0,0.0,0.0,0.0,0.0,0.0,0.0,0.0,0.0,0.0,0.0,0.0,0.0,0.0,0.0,0.0,0.0,0.0,0.0,0.0,0.0,0.0,0.0,0.0,0.0,0.0,0.0,0.0,0.0,0.0,0.0,0.0,0.0,0.0,0.0,0.0,0.0,0.0,0.0,0.0,0.0,0.0,0.0,0.0,0.0,0.0,0.0,0.0,0.0,0.0,0.0,0.0,0.0,0.0
0.15765122639393353,0.12098221691923558,0.07702697133502151,0.06812885414287558,0.09408582553886036,0.1320169210117573,0.08009718506486635,0.0,0.0,0.020287618831729384,0.012187179191904818,0.0,0.0,0.0,0.08084784368688934,0.0,0.0,0.0,0.3056149365648693,0.2159778791393704,0.0,0.0,0.5479738790469045,0.7344828331383888,0.5430367440163221,0.3120717257744499,0.0,1.0,0.0,0.7567240218778893,0.0,0.0,0.0,0.0,0.0,0.0,0.0,0.0,0.0,0.0,0.0,0.035506640047744724,0.3893291588828785,0.3997664301290466,0.0,0.0,0.0,0.0,0.0,0.0,0.0,0.0,0.0,0.0,0.0,0.0,0.0,0.0,0.0,0.0,0.0,0.0,0.0,0.0,0.0,0.0,0.0,0.0,0.0,0.0,0.0,0.0,0.0,0.0,0.0,0.0,0.0,0.0,0.0,0.0,0.0,0.0,0.0,0.0,0.0,0.0,0.0,0.0
0.07161700241807441,0.3237536627977601,0.4912079429900205,0.31987759198183796,0.07804990975292307,0.0,0.0,0.0,0.0,0.0,0.0,0.0,0.0,0.0,0.0,0.0,0.0,0.0,0.006945452623867616,0.03626058145511892,0.0,0.0,0.0,0.0,0.0,0.017754371850449476,0.756723917499324,0.0,1.0,0.0,0.23310671029314126,0.22326319241644277,0.0,0.0,0.0,0.0,0.0,0.0,0.0,0.0,0.0,0.0,0.0,0.0,0.0,0.0,0.0,0.0,0.0,0.0,0.0,0.0,0.0,0.0,0.0,0.0,0.0,0.0,0.0,0.0,0.0,0.0,0.0,0.0,0.0,0.0,0.0,0.0,0.0,0.0,0.0,0.0,0.0,0.0,0.0,0.0,0.0,0.0,0.0,0.0,0.0,0.0,0.0,0.0,0.0,0.0,0.0,0.0
0.006675744117080976,0.0,0.0,0.0,0.017178218005543984,0.03574816886647691,0.0,0.0,0.0,0.0,0.0,0.0,0.0,0.0,0.0,0.0,0.0,0.0,0.07162000221917494,0.0,0.0,0.0,0.3237583302732366,0.4912084475744563,0.319879410878053,0.07805701585509231,0.0,0.7567240218778893,0.0,1.0,0.0,0.0,0.0,0.0,0.0,0.0,0.0,0.0,0.0,0.0,0.0,0.0,0.22327010302313802,0.23314180653422015,0.0,0.0,0.0,0.0,0.0,0.0,0.0,0.0,0.0,0.0,0.0,0.0,0.0,0.0,0.0,0.0,0.0,0.0,0.0,0.0,0.0,0.0,0.0,0.0,0.0,0.0,0.0,0.0,0.0,0.0,0.0,0.0,0.0,0.0,0.0,0.0,0.0,0.0,0.0,0.0,0.0,0.0,0.0,0.0
0.486019503331635,0.6868695349152929,0.49269257600470645,0.2561537079268577,0.17054373649079982,0.2543440523391893,0.3759566481487458,0.12431033418107974,0.0,0.03157786421453919,0.3754645182202291,0.15091023354692942,0.0,0.0,0.42477741277853037,0.27081774186422436,0.0934881858318272,0.037557551971028634,0.3983032568101361,0.27228748379324447,0.17545399968338354,0.16901514245686328,0.2902096046359039,0.11978776144439905,0.04279067608853186,0.10815941194481053,0.39973971032354133,0.0,0.23310671029314126,0.0,1.0,0.0,0.0,0.0,0.0,0.0,0.0,0.0,0.0,0.0,0.0,0.0,0.0,0.16687477916595553,0.0,0.0,0.0,0.0,0.0,0.0,0.0,0.0,0.0,0.0,0.0,0.0,0.0,0.0,0.0,0.0,0.0,0.0,0.0,0.0,0.0,0.0,0.0,0.0,0.0,0.0,0.0,0.0,0.0,0.0,0.0,0.0,0.0,0.0,0.0,0.0,0.0,0.0,0.0,0.0,0.0,0.0,0.0,0.0
0.1587052841104668,0.2547253927680189,0.485032805802267,0.6862553564241061,0.4894698543024061,0.25294091143698694,0.0,0.0,0.0,0.03310480194306958,0.0,0.0,0.0,0.0,0.0,0.0,0.0,0.0,0.0,0.0,0.0,0.0,0.0,0.0,0.0,0.0,0.3893254280285289,0.0,0.22326319241644277,0.0,0.0,1.0,0.406703354027232,0.0,0.0,0.0,0.0,0.0,0.0,0.0,0.0,0.0,0.0,0.0,0.0,0.0,0.0,0.0,0.0,0.0,0.0,0.0,0.0,0.0,0.0,0.0,0.0,0.0,0.0,0.0,0.0,0.0,0.0,0.0,0.0,0.0,0.0,0.0,0.0,0.0,0.0,0.0,0.0,0.0,0.0,0.0,0.0,0.0,0.0,0.0,0.0,0.0,0.0,0.0,0.0,0.0,0.0,0.0
0.25014777117584786,0.16941928384809782,0.2581122371701916,0.49147287892066155,0.6859251914050654,0.48746294881355157,0.025473656787025643,0.0,0.14187329065554796,0.39210069563590233,0.0,0.0,0.0,0.0,0.0,0.0,0.0,0.0,0.0,0.0,0.0,0.0,0.0,0.0,0.0,0.0,0.03550731664874596,0.0,0.0,0.0,0.0,0.406703354027232,1.0,0.419103668051627,0.0,0.0,0.0,0.0,0.0,0.0,0.0,0.0,0.0,0.0,0.0,0.0,0.0,0.0,0.0,0.0,0.0,0.0,0.0,0.0,0.0,0.0,0.0,0.0,0.0,0.0,0.0,0.0,0.0,0.0,0.0,0.0,0.0,0.0,0.0,0.0,0.0,0.0,0.0,0.0,0.0,0.0,0.0,0.0,0.0,0.0,0.0,0.0,0.0,0.0,0.0,0.0,0.0,0.0
0.24826687099053946,0.03585019597412292,0.0,0.1364665239939062,0.3900312721202079,0.48482659344952367,0.1564180643445698,0.25240784687918455,0.49192488713591653,0.6859446224763146,0.0,0.0,0.0,0.03564775110117406,0.0,0.0,0.0,0.0,0.0,0.0,0.0,0.0,0.0,0.0,0.0,0.0,0.0,0.0,0.0,0.0,0.0,0.0,0.419103668051627,1.0,0.4086797637215723,0.0,0.0,0.0,0.0,0.0,0.0,0.0,0.0,0.0,0.0,0.0,0.0,0.0,0.0,0.0,0.0,0.0,0.0,0.0,0.0,0.0,0.0,0.0,0.0,0.0,0.0,0.0,0.0,0.0,0.0,0.0,0.0,0.0,0.0,0.0,0.017225295322682983,0.0,0.12563004282434326,0.0,0.0,0.0,0.0,0.0,0.0,0.0,0.0,0.0,0.0,0.0,0.0,0.0,0.0,0.0
0.16324615199692633,0.0,0.0,0.0,0.03784067393397012,0.2559115951251044,0.24992198124444892,0.48595413004274673,0.6858570030256869,0.49262035010738076,0.03130692893847363,0.0,0.14253622652386724,0.3942102013207519,0.0,0.0,0.0,0.0,0.0,0.0,0.0,0.0,0.0,0.0,0.0,0.0,0.0,0.0,0.0,0.0,0.0,0.0,0.0,0.4086797637215723,1.0,0.4256382296796621,0.0,0.0,0.0,0.0,0.0,0.0,0.0,0.0,0.0,0.009694498611669461,0.19799875765477593,0.03803925051970687,0.0,0.0,0.0,0.0,0.0,0.0,0.0,0.0,0.0,0.0,0.0,0.0,0.0,0.0,0.0,0.03571054899203494,0.0,0.0,0.0,0.0,0.14535433111649063,0.17844012985534694,0.4332901086957731,0.0,0.5075898006411954,0.0,0.0,0.0,0.0,0.0,0.0,0.0,0.0,0.0,0.0,0.0,0.0,0.04666288323308436,0.0,0.0
0.034558077638820316,0.0,0.0,0.0,0.0,0.0,0.24982059801097514,0.4857153652547715,0.3931571340637134,0.14237849676982095,0.1610953121415474,0.2546601193822695,0.4913809165736772,0.6859132483228159,0.0,0.0,0.0,0.03535368194803132,0.0,0.0,0.0,0.0,0.0,0.0,0.0,0.0,0.0,0.0,0.0,0.0,0.0,0.0,0.0,0.0,0.4256382296796621,1.0,0.40653144753087617,0.0,0.0,0.0,0.0,0.0,0.0,0.0,0.0,0.08964071967266546,0.12144405692469916,0.0,0.0,0.0,0.0,0.0,0.0,0.0,0.0,0.0,0.0,0.0,0.0,0.0,0.0,0.0,0.1754133663547836,0.3990472665975934,0.38668153740279726,0.15087373334752435,0.0004470311453357163,0.01031649396620702,0.2046757666244227,0.4187143220225724,0.33596111365182735,0.0,0.3955544913049386,0.0,0.08055102552773459,0.0,0.0,0.0,0.0,0.0,0.0,0.0,0.0,0.0,0.28015691126368025,0.3158201155469034,0.0,0.0
0.0,0.0,0.0,0.0,0.0,0.0,0.16284523591033556,0.25577012778776037,0.036581152536846503,0.0,0.24914214866803258,0.4862236762211769,0.6858865552003253,0.49147230204969816,0.03538965104952514,0.0,0.14154227139360948,0.39334861500203927,0.0,0.0,0.0,0.0,0.0,0.0,0.0,0.0,0.0,0.0,0.0,0.0,0.0,0.0,0.0,0.0,0.0,0.40653144753087617,1.0,0.4240535004880957,0.0,0.0,0.0,0.0,0.0,0.0,0.0,0.0,0.0,0.0,0.0,0.0,0.0,0.0,0.0,0.0,0.0,0.0,0.0,0.0,0.0,0.0,0.0,0.0,0.0,0.17855489301559418,0.3958503750932649,0.24432798787872825,0.0,0.0,0.0,0.11393375185374019,0.0,0.0,0.0,0.0,0.0,0.0,0.0,0.0,0.0,0.0,0.0,0.0,0.0,0.10816828561369532,0.4198806150296013,0.0901206768254015,0.0,0.0
0.0,0.0,0.0,0.0,0.0,0.0,0.0353937288418622,0.0,0.0,0.0,0.24914304586680291,0.48622278093642834,0.393348262998514,0.14154389637024226,0.16284687477665943,0.25576562042412243,0.49147229841040824,0.6858861546503442,0.0,0.0,0.0,0.03657150308219406,0.0,0.0,0.0,0.0,0.0,0.0,0.0,0.0,0.0,0.0,0.0,0.0,0.0,0.0,0.4240535004880957,1.0,0.40652787301985693,0.0,0.0,0.0,0.0,0.0,0.0,0.0,0.0,0.0,0.0,0.0,0.0,0.0,0.0,0.0,0.0,0.0,0.0,0.0,0.0,0.0,0.0,0.0,0.0,0.0,0.0,0.0,0.0,0.0,0.0,0.0,0.0,0.0,0.0,0.0,0.0,0.0,0.0,0.0,0.0,0.0,0.0,0.0,0.0,0.0,0.0,0.0,0.0,0.0
0.0,0.0,0.0,0.0,0.0,0.0,0.0,0.0,0.0,0.0,0.1611018584269286,0.2546597666989687,0.03535253189284394,0.0,0.24982338931657203,0.4857163107549006,0.6859139534852479,0.49137844836659866,0.03456577752071898,0.0,0.1423781171194971,0.39315504706786203,0.0,0.0,0.0,0.0,0.0,0.0,0.0,0.0,0.0,0.0,0.0,0.0,0.0,0.0,0.0,0.40652787301985693,1.0,0.42562405379317564,0.0,0.0,0.0,0.0,0.0,0.0,0.0,0.0,0.0,0.0,0.0,0.0,0.0,0.0,0.0,0.0,0.0,0.0,0.0,0.0,0.0,0.0,0.0,0.0,0.0,0.0,0.0,0.0,0.0,0.0,0.0,0.0,0.0,0.0,0.0,0.0,0.0,0.0,0.0,0.0,0.0,0.0,0.0,0.0,0.0,0.0,0.0,0.0
0.0,0.0,0.0,0.0,0.0,0.0,0.0,0.0,0.0,0.0,0.031320257740032394,0.0,0.0,0.0,0.24992229117364825,0.4859526335471488,0.39420005604041986,0.142523383953833,0.1632390942752038,0.25591125074160825,0.4926201898077916,0.6858567307502279,0.0,0.0,0.0,0.03785884714722734,0.0,0.0,0.0,0.0,0.0,0.0,0.0,0.0,0.0,0.0,0.0,0.0,0.42562405379317564,1.0,0.40867356415805917,0.0,0.0,0.0,0.0,0.0,0.0,0.0,0.0,0.0,0.0,0.0,0.0,0.0,0.0,0.0,0.0,0.0,0.0,0.0,0.0,0.0,0.0,0.0,0.0,0.0,0.0,0.0,0.0,0.0,0.0,0.0,0.0,0.0,0.0,0.0,0.0,0.0,0.0,0.0,0.0,0.0,0.0,0.0,0.0,0.0,0.0,0.0
0.0,0.0,0.0,0.0,0.0,0.0,0.0,0.0,0.0,0.0,0.0,0.0,0.0,0.0,0.1564314914570932,0.2524127188496753,0.035641547755027016,0.0,0.24826495847088142,0.48482976650095505,0.6859448993836853,0.49192369105457495,0.03585686167527808,0.0,0.13650096008057055,0.390059594951442,0.0,0.0,0.0,0.0,0.0,0.0,0.0,0.0,0.0,0.0,0.0,0.0,0.0,0.40867356415805917,1.0,0.41916497379989015,0.0,0.0,0.0,0.0,0.0,0.0,0.0,0.0,0.0,0.0,0.0,0.0,0.0,0.0,0.0,0.0,0.0,0.0,0.0,0.0,0.0,0.0,0.0,0.0,0.0,0.0,0.0,0.0,0.0,0.0,0.0,0.0,0.0,0.0,0.0,0.0,0.0,0.0,0.0,0.0,0.0,0.0,0.0,0.0,0.0,0.0
0.0,0.0,0.0,0.0,0.0,0.0,0.0,0.0,0.0,0.0,0.0,0.0,0.0,0.0,0.025490284519652805,0.0,0.0,0.0,0.2501419421894538,0.4874677804121303,0.39212966495298607,0.14190483940113857,0.16941108708001748,0.2581134193492499,0.4914723181971946,0.6859260921696854,0.0,0.035506640047744724,0.0,0.0,0.0,0.0,0.0,0.0,0.0,0.0,0.0,0.0,0.0,0.0,0.41916497379989015,1.0,0.40668989143031054,0.0,0.0,0.0,0.0,0.0,0.0,0.0,0.0,0.0,0.0,0.0,0.0,0.0,0.0,0.0,0.0,0.0,0.0,0.0,0.0,0.0,0.0,0.0,0.0,0.0,0.0,0.0,0.0,0.0,0.0,0.0,0.0,0.0,0.0,0.0,0.0,0.0,0.0,0.0,0.0,0.0,0.0,0.0,0.0,0.0
0.0,0.0,0.0,0.0,0.0,0.0,0.0,0.0,0.0,0.0,0.0,0.0,0.0,0.0,0.0,0.0,0.0,0.0,0.15869294728095698,0.2529444936688438,0.03312198895957916,0.0,0.25471533715186084,0.4850319019431276,0.6862555420256895,0.4894699963748556,0.0,0.3893291588828785,0.0,0.22327010302313802,0.0,0.0,0.0,0.0,0.0,0.0,0.0,0.0,0.0,0.0,0.0,0.40668989143031054,1.0,0.0,0.0,0.0,0.0,0.0,0.0,0.0,0.0,0.0,0.0,0.0,0.0,0.0,0.0,0.0,0.0,0.0,0.0,0.0,0.0,0.0,0.0,0.0,0.0,0.0,0.0,0.0,0.0,0.0,0.0,0.0,0.0,0.0,0.0,0.0,0.0,0.0,0.0,0.0,0.0,0.0,0.0,0.0,0.0,0.0
0.39806627128540323,0.29010417925609266,0.1196858451639597,0.0426092131838099,0.10786929511409796,0.27195003140136964,0.4245815560210717,0.2706011362045296,0.16872772062885752,0.17509852179511215,0.37536301601651345,0.15083263082019477,0.037463457125617654,0.09334700975510758,0.3758972128845489,0.12426115781502853,0.0,0.0,0.48599506034716705,0.2543279289650552,0.03154986681017098,0.0,0.6868638963778616,0.4926986533760487,0.25614646577562566,0.17052865108082496,0.0,0.3997664301290466,0.0,0.23314180653422015,0.16687477916595553,0.0,0.0,0.0,0.0,0.0,0.0,0.0,0.0,0.0,0.0,0.0,0.0,1.0,0.0,0.0,0.0,0.0,0.0,0.0,0.0,0.0,0.0,0.0,0.0,0.0,0.0,0.0,0.0,0.0,0.0,0.0,0.0,0.0,0.0,0.0,0.0,0.0,0.0,0.0,0.0,0.0,0.0,0.0,0.0,0.0,0.0,0.0,0.0,0.0,0.0,0.0,0.0,0.0,0.0,0.0,0.0,0.0
0.0,0.0,0.0,0.0,0.0,0.0,0.0,0.0,0.0,0.0,0.0,0.0,0.0,0.0,0.0,0.0,0.0,0.0,0.0,0.0,0.0,0.0,0.0,0.0,0.0,0.0,0.0,0.0,0.0,0.0,0.0,0.0,0.0,0.0,0.0,0.0,0.0,0.0,0.0,0.0,0.0,0.0,0.0,0.0,1.0,0.7383168096688553,0.5469800915500256,0.47240035561356997,0.5435445695315374,0.735021785657645,0.7298237783547752,0.5455504432270866,0.4771858763378873,0.5420707284358035,0.522165408819034,0.2988603341187889,0.21486760156524334,0.3048914888699471,0.40780241352349245,0.17143644941984104,0.03830814275445466,0.08381849400861388,0.3838655926835575,0.16164446164502158,0.0,0.0,0.4314515918819281,0.24900202450154513,0.06563683311224103,0.03197588060993087,0.30561272824001867,0.15765122639393353,0.07161715436508116,0.006675744117081141,0.486019503331635,0.1587052841104668,0.2501476839600207,0.24826687099053946,0.16324615199692616,0.03455807763882015,0.0,0.0,0.0,0.0,0.0,0.0,0.0,0.3980662712854031
0.0,0.0,0.0,0.0,0.0,0.0,0.0,0.0,0.0,0.0,0.0,0.0,0.0,0.0,0.0,0.0,0.0,0.0,0.0,0.0,0.0,0.0,0.0,0.0,0.0,0.0,0.0,0.0,0.0,0.0,0.0,0.0,0.0,0.0,0.009694498611669461,0.08964071967266546,0.0,0.0,0.0,0.0,0.0,0.0,0.0,0.0,0.7383168096688553,1.0,0.7425844697075683,0.5485878002271402,0.483449702024199,0.5500727076728621,0.5328179868283258,0.30536280595751114,0.2189419821213513,0.3080447703764638,0.43177588762092134,0.19358794971553248,0.05028336124646708,0.08937216863451432,0.4207786408627271,0.22150205688664706,0.05108048081174586,0.03281786141117832,0.431585451290429,0.2746255859739553,0.13026133893094305,0.10350216074757929,0.412727103886066,0.26243086285613426,0.1458280777291069,0.1524828345207018,0.5479707130902439,0.12098221691923575,0.3237538046148379,0.0,0.6868695349152928,0.25472539276801903,0.16941914390288693,0.03585019597412292,0.0,0.0,0.0,0.0,0.0,0.0,0.0,0.0,0.0,0.2901041792560928
0.0,0.0,0.0,0.0,0.0,0.0,0.0,0.0,0.07963745887619109,0.0,0.0,0.0,0.0,0.025746806949127093,0.0,0.0,0.0,0.0,0.0,0.0,0.0,0.0,0.0,0.0,0.0,0.0,0.0,0.0,0.0,0.0,0.0,0.0,0.0,0.0,0.19799875765477593,0.12144405692469916,0.0,0.0,0.0,0.0,0.0,0.0,0.0,0.0,0.5469800915500256,0.7425844697075683,1.0,0.7375075087126567,0.5545992169999578,0.48131166111207063,0.297106537464725,0.09638803051440616,0.066765898288177,0.21788587919120234,0.17510393319059894,0.0,0.0,0.0,0.18618716068320415,0.0002490385295565671,0.0,0.0,0.24914982606376884,0.14589595237662561,0.0,0.0,0.2624359158771145,0.1863994813106429,0.10357304149493836,0.08577124096676472,0.7344824217730003,0.07702697133502166,0.49120811629065586,0.0,0.4926925760047064,0.485032805802267,0.2581120638092373,0.0,0.0,0.0,0.0,0.0,0.0,0.0,0.0,0.0,0.0,0.1196858451639597
0.0,0.0,0.0,0.0,0.0,0.0,0.0,0.0,0.0,0.0,0.0,0.0,0.0,0.0,0.0,0.0,0.0,0.0,0.0,0.0,0.0,0.0,0.0,0.0,0.0,0.0,0.0,0.0,0.0,0.0,0.0,0.0,0.0,0.0,0.03803925051970687,0.0,0.0,0.0,0.0,0.0,0.0,0.0,0.0,0.0,0.47240035561356997,0.5485878002271402,0.7375075087126567,1.0,0.745479803738876,0.5489889648559496,0.2023065273212696,0.05775230597153745,0.10367443265082908,0.3090551069937141,0.019950212556348178,0.0,0.0,0.0,0.0,0.0,0.0,0.0,0.0657022100962306,0.0,0.0,0.0,0.14573488635334955,0.10343729237088557,0.0,0.0,0.5430364350328618,0.06812885414287558,0.31987777556638064,0.0,0.25615370792685754,0.6862553564241061,0.4914726953077342,0.1364665239939062,0.0,0.0,0.0,0.0,0.0,0.0,0.0,0.0,0.0,0.0426092131838099
0.0,0.0,0.0,0.0,0.0,0.0,0.0,0.0,0.0,0.0,0.0,0.0,0.0,0.0,0.0,0.0,0.0,0.0,0.0,0.0,0.0,0.0,0.0,0.0,0.0,0.0,0.0,0.0,0.0,0.0,0.0,0.0,0.0,0.0,0.0,0.0,0.0,0.0,0.0,0.0,0.0,0.0,0.0,0.0,0.5435445695315374,0.483449702024199,0.5545992169999578,0.745479803738876,1.0,0.7375437208799261,0.2973098128921384,0.21493731975472893,0.31419493222120076,0.5428809658581696,0.06691484430514782,0.0,0.0,0.0,0.0,0.0,0.0,0.0,0.03194539204205295,0.0,0.0,0.0,0.1522743170128349,0.08548898671631817,0.0,0.0,0.3120651898631594,0.09408578197982218,0.07804990975292307,0.017178208127534792,0.17054359631949964,0.4894697249986347,0.6859251914050652,0.3900314403910556,0.03784079192346698,0.0,0.0,0.0,0.0,0.0,0.0,0.0,0.0,0.10786925406010762
0.0,0.0,0.0,0.0,0.0,0.0,0.0,0.0,0.0,0.0,0.0,0.0,0.0,0.0,0.0,0.0,0.0,0.0,0.0,0.0,0.0,0.0,0.0,0.0,0.0,0.0,0.0,0.0,0.0,0.0,0.0,0.0,0.0,0.0,0.0,0.0,0.0,0.0,0.0,0.0,0.0,0.0,0.0,0.0,0.735021785657645,0.5500727076728621,0.48131166111207063,0.5489889648559496,0.7375437208799261,1.0,0.5375621467140166,0.47659919083566366,0.5524514372575962,0.7354867184546512,0.2858614379178621,0.086349157154944,0.06058727745402487,0.21506257671950632,0.15348199445035268,0.0,0.0,0.0,0.16157524559574246,0.0,0.0,0.0,0.2743853356772299,0.14560050929398974,0.0,0.0,0.21596239711309917,0.13201692101175713,0.0,0.03574816886647707,0.2543440523391893,0.25294091143698694,0.4874629018886324,0.48482659344952367,0.25591159512510425,0.0,0.0,0.0,0.0,0.0,0.0,0.0,0.0,0.2719500314013697
0.0,0.0,0.0,0.0,0.0,0.0,0.0,0.0,0.0,0.0,0.0,0.0,0.0,0.0,0.0,0.0,0.0,0.0,0.0,0.0,0.0,0.0,0.0,0.0,0.0,0.0,0.0,0.0,0.0,0.0,0.0,0.0,0.0,0.0,0.0,0.0,0.0,0.0,0.0,0.0,0.0,0.0,0.0,0.0,0.7298237783547752,0.5328179868283258,0.297106537464725,0.2023065273212696,0.2973098128921384,0.5375621467140166,1.0,0.736853652479575,0.5418866308559137,0.4701911705527284,0.7308253041881576,0.5451781893973986,0.4764138208960933,0.5430547132211598,0.5198514907855516,0.29352413174384223,0.2118406937749213,0.30480511280845624,0.40778855207001624,0.15350253389187934,0.01736446974200484,0.07142791881254461,0.4206728457699466,0.18607200232170693,0.0,0.0,0.08086075793931843,0.08009718506486635,0.0,0.0,0.37595664814874585,0.0,0.025473604186756482,0.1564180643445698,0.24992198124444875,0.24982059801097498,0.16284523591033573,0.03539378876669963,0.0,0.0,0.0,0.0,0.0,0.4245815560210717
0.0,0.0,0.0,0.0,0.0,0.0,0.0,0.0,0.0,0.0,0.0,0.0,0.0,0.0,0.0,0.0,0.0,0.0,0.0,0.0,0.0,0.0,0.0,0.0,0.0,0.0,0.0,0.0,0.0,0.0,0.0,0.0,0.0,0.0,0.0,0.0,0.0,0.0,0.0,0.0,0.0,0.0,0.0,0.0,0.5455504432270866,0.30536280595751114,0.09638803051440616,0.05775230597153745,0.21493731975472893,0.47659919083566366,0.736853652479575,1.0,0.7348697926862867,0.5487900640077074,0.5433921862370628,0.47900534315098187,0.5523398596896659,0.7361477391926273,0.2935061604455458,0.08718076758611322,0.05937987513191144,0.2159766897101114,0.17139045101157926,0.0,0.0,0.0,0.22136167204363216,8.027074115772118e-05,0.0,0.0,0.0,0.0,0.0,0.0,0.12431033418107958,0.0,0.0,0.25240784687918455,0.4859541300427468,0.4857153652547715,0.25577012778776054,0.0,0.0,0.0,0.0,0.0,0.0,0.27060113620452947
0.0,0.0,0.0,0.0,0.0,0.0,0.0,0.0,0.0,0.0,0.0,0.0,0.0,0.0,0.0,0.0,0.0,0.0,0.0,0.0,0.0,0.0,0.0,0.0,0.0,0.0,0.0,0.0,0.0,0.0,0.0,0.0,0.0,0.0,0.0,0.0,0.0,0.0,0.0,0.0,0.0,0.0,0.0,0.0,0.4771858763378873,0.2189419821213513,0.066765898288177,0.10367443265082908,0.31419493222120076,0.5524514372575962,0.5418866308559137,0.7348697926862867,1.0,0.7479070705060871,0.2998761355115548,0.2139644955655966,0.31242940134825764,0.5431631531258296,0.07139497310300946,0.0,0.0,0.0,0.0,0.0,0.0,0.0,0.10329269135130559,0.0,0.0,0.0,0.0,0.0,0.0,0.0,0.0,0.0,0.14187333987639444,0.4919248871359164,0.6858570030256868,0.3931571340637132,0.03658115253684666,0.0,0.0,0.0,0.0,0.0,0.0,0.16872772062885752
0.0,0.0,0.0,0.0,0.0,0.0,0.0,0.0,0.0,0.0,0.0,0.0,0.0,0.0,0.0,0.0,0.0,0.0,0.0,0.0,0.0,0.0,0.0,0.0,0.0,0.0,0.0,0.0,0.0,0.0,0.0,0.0,0.0,0.0,0.0,0.0,0.0,0.0,0.0,0.0,0.0,0.0,0.0,0.0,0.5420707284358035,0.3080447703764638,0.21788587919120234,0.3090551069937141,0.5428809658581696,0.7354867184546512,0.4701911705527284,0.5487900640077074,0.7479070705060871,1.0,0.20243828418593807,0.05572134600799914,0.10311307193904783,0.3114690483012987,0.01732109735024393,0.0,0.0,0.0,0.0,0.0,0.0,0.0,0.12999281630449175,0.0,0.0,0.0,0.0,0.020287618831729217,0.0,0.0,0.03157786421453902,0.03310480194306958,0.3921007514029046,0.6859446224763146,0.49262035010738064,0.14237849676982078,0.0,0.0,0.0,0.0,0.0,0.0,0.0,0.1750985217951121
0.0,0.0,0.0,0.0,0.0,0.0,0.0,0.0,0.0,0.0,0.0,0.0,0.0,0.0,0.0,0.0,0.0,0.0,0.0,0.0,0.0,0.0,0.0,0.0,0.0,0.0,0.0,0.0,0.0,0.0,0.0,0.0,0.0,0.0,0.0,0.0,0.0,0.0,0.0,0.0,0.0,0.0,0.0,0.0,0.522165408819034,0.43177588762092134,0.17510393319059894,0.019950212556348178,0.06691484430514782,0.2858614379178621,0.7308253041881576,0.5433921862370628,0.2998761355115548,0.20243828418593807,1.0,0.7354308186848224,0.5421403375650107,0.4746485966454274,0.7308282356154223,0.5434001264147207,0.474654331768408,0.5421433032284751,0.5221679239061024,0.2858779166852169,0.2024618726802225,0.2998904230082682,0.4317336455516562,0.1750604443982167,0.019921618110738504,0.06691294673568725,0.012246109446244366,0.012187179191904818,0.0,0.0,0.3754645182202291,0.0,0.0,0.0,0.03130692893847363,0.16109531214154724,0.24914214866803283,0.24914307253686438,0.16110185842692876,0.031320257740032394,0.0,0.0,0.0,0.3753630160165133
