1.0,0.7383168096688553,0.5469800915500256,0.4724003556135703,0.5435446288533475,0.7350217856576449,0.7298237783547751,0.5455504432270867,0.4771858763378872,0.5420707284358037,0.5221654088190341,0.2988603147518049,0.21486760156524334,0.3048915848465459,0.4078024135234922,0.17143644941984088,0.03830814275445433,0.08381849400861371,0.38386559268355763,0.16164446164502125,0.0,0.0,0.4314515918819278,0.24900202450154513,0.06563683311224086,0.031975745994856225,0.3056127282400188,0.1576512263939332,0.07161700241807441,0.006675744117081305,0.486019503331635,0.1587052841104668,0.2501477711758481,0.24826687099053954,0.16324615199692624,0.034558077638820316,0.0,0.0,0.0,0.0,0.0,0.0,0.0,0.3980662712854029,0.0,0.0,0.0,0.0,0.0,0.0,0.0,0.0,0.0,0.0,0.0,0.0,0.0,0.0,0.0,0.0,0.0,0.0,0.0,0.0,0.0,0.0,0.0,0.0,0.0,0.0,0.0,0.0,0.0,0.0,0.0,0.0,0.0,0.0,0.0,0.0,0.0,0.0,0.0,0.0,0.0,0.0,0.0,0.0
0.7383168096688553,1.0,0.7425844697075683,0.5485878002271403,0.48344984132935553,0.5500727076728621,0.5328179868283256,0.3053628059575113,0.21894198212135113,0.3080447703764638,0.43177588762092145,0.19358798853115988,0.050283361246466915,0.08937229118128887,0.4207786408627269,0.22150205688664706,0.051080480811745696,0.03281786141117815,0.43158545129042936,0.27462558597395503,0.13026133893094288,0.10350216074757929,0.41272710388606554,0.26243086285613426,0.14582807772910655,0.15248273372003734,0.5479707130902438,0.12098221691923541,0.3237536627977601,0.0,0.6868695349152929,0.2547253927680189,0.16941928384809798,0.03585019597412292,0.0,0.0,0.0,0.0,0.0,0.0,0.0,0.0,0.0,0.29010417925609244,0.0,0.0,0.0,0.0,0.0,0.0,0.0,0.0,0.0,0.0,0.0,0.0,0.0,0.0,0.0,0.0,0.0,0.0,0.0,0.0,0.0,0.0,0.0,0.0,0.0,0.0,0.0,0.0,0.0,0.0,0.0,0.0,0.0,0.0,0.0,0.0,0.0,0.0,0.0,0.0,0.0,0.0,0.0,0.0
0.5469800915500256,0.7425844697075683,1.0,0.7375075087126569,0.5545993978751846,0.48131166111207047,0.2971065374647247,0.09638803051440616,0.06676589828817667,0.21788587919120234,0.1751039331905991,0.0,0.0,0.0,0.18618716068320382,0.00024903852955623814,0.0,0.0,0.24914982606376918,0.14589595237662528,0.0,0.0,0.26243591587711423,0.1863994813106429,0.10357304149493803,0.08577115693259581,0.7344824217730004,0.07702697133502118,0.4912079429900205,0.0,0.49269257600470645,0.485032805802267,0.2581122371701916,0.0,0.0,0.0,0.0,0.0,0.0,0.0,0.0,0.0,0.0,0.11968584516395937,0.0,0.0,0.0,0.0,0.0,0.0,0.0,0.0,0.0,0.0,0.0,0.0,0.0,0.0,0.0,0.0,0.0,0.0,0.0,0.0,0.0,0.0,0.0,0.0,0.0,0.0,0.0,0.0,0.0,0.0,0.0,0.0,0.0,0.0,0.0,0.0,0.0,0.0,0.0,0.0,0.0,0.0,0.0,0.0
0.4724003556135703,0.5485878002271403,0.7375075087126569,1.0,0.7454799772483198,0.5489889648559498,0.20230652732126977,0.057752305971537785,0.10367443265082908,0.30905510699371436,0.019950212556348344,0.0,0.0,0.0,0.0,0.0,0.0,0.0,0.06570221009623144,0.0,0.0,0.0,0.14573488635334989,0.10343729237088622,0.0,0.0,0.5430364350328618,0.06812885414287591,0.31987759198183796,0.0,0.2561537079268579,0.6862553564241057,0.49147287892066155,0.1364665239939062,0.0,0.0,0.0,0.0,0.0,0.0,0.0,0.0,0.0,0.04260921318381023,0.0,0.0,0.0,0.0,0.0,0.0,0.0,0.0,0.0,0.0,0.0,0.0,0.0,0.0,0.0,0.0,0.0,0.0,0.0,0.0,0.0,0.0,0.0,0.0,0.0,0.0,0.0,0.0,0.0,0.0,0.0,0.0,0.0,0.0,0.0,0.0,0.0,0.0,0.0,0.0,0.0,0.0,0.0,0.0
0.5435446288533475,0.48344984132935553,0.5545993978751846,0.7454799772483198,1.0,0.7375436838486775,0.29730983687055795,0.2149372825904538,0.3141948372282428,0.5428808431982713,0.06691489882462531,0.0,0.0,0.0,0.0,0.0,0.0,0.0,0.03194549831197897,0.0,0.0,0.0,0.1522743964746044,0.08548907049633764,0.0,0.0,0.3120653739004496,0.09408582553886004,0.07804990975292307,0.017178218005544314,0.17054373649079982,0.4894698543024061,0.6859251914050656,0.39003127212020783,0.03784067393397012,0.0,0.0,0.0,0.0,0.0,0.0,0.0,0.0,0.10786929511409762,0.0,0.0,0.0,0.0,0.0,0.0,0.0,0.0,0.0,0.0,0.0,0.0,0.0,0.0,0.0,0.0,0.0,0.0,0.0,0.0,0.0,0.0,0.0,0.0,0.0,0.0,0.0,0.0,0.0,0.0,0.0,0.0,0.0,0.0,0.0,0.0,0.0,0.0,0.0,0.0,0.0,0.0,0.0,0.0
0.7350217856576449,0.5500727076728621,0.48131166111207047,0.5489889648559498,0.7375436838486775,1.0,0.5375621467140164,0.4765991908356637,0.552451437257596,0.7354867184546514,0.2858614379178622,0.08634910201812132,0.06058727745402487,0.21506261483375716,0.15348199445035235,0.0,0.0,0.0,0.16157524559574263,0.0,0.0,0.0,0.27438533567722956,0.14560050929398974,0.0,0.0,0.215962397113099,0.13201692101175697,0.0,0.035748168866477234,0.2543440523391893,0.25294091143698694,0.4874629488135518,0.4848265934495237,0.25591159512510436,0.0,0.0,0.0,0.0,0.0,0.0,0.0,0.0,0.27195003140136936,0.0,0.0,0.0,0.0,0.0,0.0,0.0,0.0,0.0,0.0,0.0,0.0,0.0,0.0,0.0,0.0,0.0,0.0,0.0,0.0,0.0,0.0,0.0,0.0,0.0,0.0,0.0,0.0,0.042733443948913416,0.0,0.0,0.0,0.0,0.0,0.0,0.0,0.0,0.0,0.0,0.0,0.0,0.0,0.0,0.0
0.7298237783547751,0.5328179868283256,0.2971065374647247,0.20230652732126977,0.29730983687055795,0.5375621467140164,1.0,0.7368536524795753,0.5418866308559137,0.4701911705527284,0.7308253041881578,0.5451781370531186,0.47641382089609335,0.543054836837257,0.5198514907855514,0.2935241317438421,0.2118406937749213,0.30480511280845624,0.4077885520700164,0.15350253389187918,0.017364469742004677,0.07142791881254444,0.4206728457699466,0.1860720023217071,0.0,0.0,0.0808607579393181,0.08009718506486635,0.0,0.0,0.3759566481487457,0.0,0.025473656787025806,0.1564180643445699,0.24992198124444892,0.24982059801097514,0.16284523591033556,0.0353937288418622,0.0,0.0,0.0,0.0,0.0,0.4245815560210717,0.0,0.0,0.0,0.0,0.0,0.0,0.0,0.0,0.0,0.0,0.0,0.0,0.0,0.0,0.0,0.0,0.0,0.0,0.0,0.0,0.0,0.0,0.0,0.0,0.0,0.0,0.0,0.0,0.055950211963941704,0.0,0.0,0.0,0.0,0.0,0.0,0.0,0.0,0.0,0.0,0.0,0.0,0.0,0.0,0.0
0.5455504432270867,0.3053628059575113,0.09638803051440616,0.057752305971537785,0.2149372825904538,0.4765991908356637,0.7368536524795753,1.0,0.7348697926862867,0.5487900640077074,0.543392186237063,0.4790052091131416,0.5523398596896659,0.7361477788364045,0.2935061604455456,0.08718076758611322,0.05937987513191128,0.2159766897101114,0.17139045101157926,0.0,0.0,0.0,0.221361672043632,8.027074115772118e-05,0.0,0.0,0.0,0.0,0.0,0.0,0.12431033418107974,0.0,0.0,0.2524078468791847,0.4859541300427468,0.4857153652547715,0.25577012778776037,0.0,0.0,0.0,0.0,0.0,0.0,0.2706011362045294,0.0,0.0,0.0,0.0,0.0,0.0,0.0,0.0,0.0,0.0,0.0,0.0,0.0,0.0,0.0,0.0,0.0,0.0,0.0,0.0686597906135888,0.056506828143949084,0.0,0.0,0.0,0.05414337604880147,0.17188126770661338,0.16429777460580697,0.0,0.2833674105046831,0.0,0.0,0.0,0.0,0.0,0.0,0.0,0.0,0.0,0.0,0.0,0.03214294717452164,0.1607113113870968,0.0,0.0
0.4771858763378872,0.21894198212135113,0.06676589828817667,0.10367443265082908,0.3141948372282428,0.552451437257596,0.5418866308559137,0.7348697926862867,1.0,0.7479070705060867,0.2998761355115551,0.21396436096179278,0.31242940134825764,0.5431630972847357,0.0713949731030093,0.0,0.0,0.0,0.0,0.0,0.0,0.0,0.10329269135130575,0.0,0.0,0.0,0.0,0.0,0.0,0.0,0.0,0.0,0.14187329065554796,0.49192488713591653,0.6858570030256869,0.39315713406371344,0.036581152536846503,0.0,0.0,0.0,0.0,0.0,0.0,0.16872772062885769,0.0,0.0,0.07963745887619092,0.0,0.0,0.0,0.0,0.0,0.0,0.0,0.0,0.0,0.0,0.0,0.0,0.0,0.0,0.0,0.0,0.020445962334637125,0.0,0.0,0.0,0.0,0.09308159915484741,0.14361414096878747,0.28635795458383456,0.0,0.3906001829057171,0.0,0.0,0.0,0.0,0.0,0.0,0.0,0.0,0.0,0.0,0.0,0.0,0.08757193109125722,0.0,0.0
0.5420707284358037,0.3080447703764638,0.21788587919120234,0.30905510699371436,0.5428808431982713,0.7354867184546514,0.4701911705527284,0.5487900640077074,0.7479070705060867,1.0,0.20243828418593823,0.05572124357330171,0.10311307193904766,0.3114690244333869,0.01732109735024393,0.0,0.0,0.0,0.0,0.0,0.0,0.0,0.12999281630449158,0.0,0.0,0.0,0.0,0.020287618831729054,0.0,0.0,0.03157786421453919,0.03310480194306958,0.3921006956359026,0.6859446224763147,0.4926203501073806,0.14237849676982095,0.0,0.0,0.0,0.0,0.0,0.0,0.0,0.175098521795112,0.0,0.0,0.0,0.0,0.0,0.0,0.0,0.0,0.0,0.0,0.0,0.0,0.0,0.0,0.0,0.0,0.0,0.0,0.0,0.0,0.0,0.0,0.0,0.0,0.0,0.0,0.1284132254365828,0.0,0.2402619035982622,0.0,0.0,0.0,0.0,0.0,0.0,0.0,0.0,0.0,0.0,0.0,0.0,0.0,0.0,0.0
0.5221654088190341,0.43177588762092145,0.1751039331905991,0.019950212556348344,0.06691489882462531,0.2858614379178622,0.7308253041881578,0.543392186237063,0.2998761355115551,0.20243828418593823,1.0,0.735430857293222,0.5421403375650108,0.4746487689257588,0.730828235615422,0.5434001264147205,0.47465433176840766,0.542143303228475,0.5221679239061024,0.2858779166852167,0.20246187268022234,0.299890423008268,0.43173364555165605,0.17506044439821686,0.01992161811073834,0.06691283258011238,0.012246109446244366,0.012187179191904653,0.0,0.0,0.3754645182202291,0.0,0.0,0.0,0.031306928938473796,0.1610953121415474,0.24914214866803258,0.24914304586680291,0.1611018584269286,0.03132025774003223,0.0,0.0,0.0,0.3753630160165133,0.0,0.0,0.0,0.0,0.0,0.0,0.0,0.0,0.0,0.0,0.0,0.0,0.0,0.0,0.0,0.0,0.0,0.0,0.0,0.0,0.0,0.0,0.0,0.0,0.0,0.0,0.0,0.0,0.0,0.0,0.0,0.0,0.0,0.0,0.0,0.0,0.0,0.0,0.0,0.0,0.0,0.0,0.0,0.0
0.2988603147518049,0.19358798853115988,0.0,0.0,0.0,0.08634910201812132,0.5451781370531186,0.4790052091131416,0.21396436096179278,0.05572124357330171,0.735430857293222,1.0,0.7361611230929788,0.5512984585663371,0.5451759904273092,0.47900125467961874,0.5512982932065116,0.7361613260458153,0.29885899889744594,0.08634824867505318,0.05572223775210535,0.213960919422778,0.19355841497886148,0.0,0.0,0.0,0.0,0.0,0.0,0.0,0.15091023354692926,0.0,0.0,0.0,0.0,0.2546601193822695,0.4862236762211769,0.48622278093642834,0.2546597666989687,0.0,0.0,0.0,0.0,0.15083263082019477,0.0,0.0,0.0,0.0,0.0,0.0,0.0,0.0,0.0,0.0,0.0,0.0,0.0,0.0,0.0,0.0,0.0,0.0,0.0,0.0,0.07684864010934271,0.0,0.0,0.0,0.0,0.0,0.0,0.0,0.0,0.0,0.0,0.0,0.0,0.0,0.0,0.0,0.0,0.0,0.0,0.0,0.12781007998966817,0.037516483679828766,0.0,0.0
0.21486760156524334,0.050283361246466915,0.0,0.0,0.0,0.06058727745402487,0.47641382089609335,0.5523398596896659,0.31242940134825764,0.10311307193904766,0.5421403375650108,0.7361611230929788,1.0,0.7473485148685469,0.30479804961756984,0.21596826840474695,0.31196449493338635,0.5435050356344355,0.08380585720437843,0.0,0.0,0.0,0.03276824351596062,0.0,0.0,0.0,0.0,0.0,0.0,0.0,0.0,0.0,0.0,0.0,0.14253622652386724,0.4913809165736772,0.6858865552003253,0.393348262998514,0.03535253189284394,0.0,0.0,0.0,0.0,0.037463457125617654,0.0,0.0,0.0,0.0,0.0,0.0,0.0,0.0,0.0,0.0,0.0,0.0,0.0,0.0,0.0,0.0,0.0,0.0,0.0,0.19186968110380065,0.30505551773977163,0.14662579252136956,0.0,0.0,0.0,0.20179299807719872,0.015111407801524233,0.0,0.1071937809458419,0.0,0.0,0.0,0.0,0.0,0.0,0.0,0.0,0.0,0.0,0.014459657372795127,0.32782699255145525,0.20694357916717931,0.0,0.0
0.3048915848465459,0.08937229118128887,0.0,0.0,0.0,0.21506261483375716,0.543054836837257,0.7361477788364045,0.5431630972847357,0.3114690244333869,0.4746487689257588,0.5512984585663371,0.7473485148685469,1.0,0.21182586516608318,0.05936979391382774,0.10276969887201837,0.3119655167000655,0.03827648547643836,0.0,0.0,0.0,0.05098886814478482,0.0,0.0,0.0,0.0,0.0,0.0,0.0,0.0,0.0,0.0,0.03564775110117406,0.394210201320752,0.6859132483228159,0.49147230204969816,0.14154389637024226,0.0,0.0,0.0,0.0,0.0,0.09334700975510758,0.0,0.0,0.025746806949127093,0.0,0.0,0.0,0.0,0.0,0.0,0.0,0.0,0.0,0.0,0.0,0.0,0.0,0.0,0.0,0.06935538306874955,0.2710683706673655,0.3001515747981494,0.11217726600397798,0.0,0.0,0.14606737605608858,0.31862891226035267,0.2173645624872185,0.0,0.30631860600820876,0.0,0.0,0.0,0.0,0.0,0.0,0.0,0.0,0.0,0.0,0.0,0.27457819312692544,0.29711195235787996,0.0,0.0
0.4078024135234922,0.4207786408627269,0.18618716068320382,0.0,0.0,0.15348199445035235,0.5198514907855514,0.2935061604455456,0.0713949731030093,0.01732109735024393,0.730828235615422,0.5451759904273092,0.30479804961756984,0.21182586516608318,1.0,0.7368540457782963,0.5430556020793299,0.4764155815772503,0.729828248183756,0.5375755640823631,0.4702036446516476,0.5418892029536535,0.5328022270905793,0.29709718576103655,0.2022993843031323,0.2973134199565584,0.08025619255428564,0.08084784368688934,0.0,0.0,0.42477741277853015,0.0,0.0,0.0,0.0,0.0,0.03538965104952514,0.16284687477665943,0.24982338931657203,0.24992229117364825,0.15643149145709337,0.025490284519652805,0.0,0.3758972128845489,0.0,0.0,0.0,0.0,0.0,0.0,0.0,0.0,0.0,0.0,0.0,0.0,0.0,0.0,0.0,0.0,0.0,0.0,0.0,0.0,0.0,0.0,0.0,0.0,0.0,0.0,0.0,0.0,0.0,0.0,0.0,0.0,0.0,0.0,0.0,0.0,0.0,0.0,0.0,0.0,0.0,0.0,0.0,0.0
0.17143644941984088,0.22150205688664706,0.00024903852955623814,0.0,0.0,0.0,0.2935241317438421,0.08718076758611322,0.0,0.0,0.5434001264147205,0.47900125467961874,0.21596826840474695,0.05936979391382774,0.7368540457782963,1.0,0.7361451959513579,0.5523357767704244,0.545551076895692,0.4766070251776902,0.5487976069943261,0.7348716639098295,0.30535696259980166,0.09639547597572326,0.05776082064563296,0.21494775534235325,0.0,0.0,0.0,0.0,0.2708177418642241,0.0,0.0,0.0,0.0,0.0,0.0,0.25576562042412243,0.4857163107549006,0.4859526335471488,0.25241271884967537,0.0,0.0,0.12426115781502853,0.0,0.0,0.0,0.0,0.0,0.0,0.0,0.0,0.0,0.0,0.0,0.0,0.0,0.0,0.0,0.0,0.0,0.0,0.0,0.0,0.0,0.0,0.0,0.0,0.0,0.0,0.0,0.0,0.0,0.0,0.0,0.0,0.0,0.0,0.0,0.0,0.0,0.0,0.0,0.0,0.0,0.0,0.0,0.0
0.03830814275445433,0.051080480811745696,0.0,0.0,0.0,0.0,0.2118406937749213,0.05937987513191128,0.0,0.0,0.47465433176840766,0.5512982932065116,0.31196449493338635,0.10276969887201837,0.5430556020793299,0.7361451959513579,1.0,0.7473477850422734,0.3048965315547506,0.21506716738194054,0.3114687062679331,0.5431589386511299,0.0893719454919031,0.0,0.0,0.0,0.0,0.0,0.0,0.0,0.09348818583182705,0.0,0.0,0.0,0.0,0.0,0.14154227139360948,0.49147229841040824,0.6859139534852479,0.39420005604041986,0.035641547755027175,0.0,0.0,0.0,0.0,0.0,0.0,0.0,0.0,0.0,0.0,0.0,0.0,0.0,0.0,0.0,0.0,0.0,0.0,0.0,0.0,0.0,0.0,0.0,0.0,0.0,0.0,0.0,0.0,0.0,0.0,0.0,0.0,0.0,0.0,0.0,0.0,0.0,0.0,0.0,0.0,0.0,0.0,0.0,0.0,0.0,0.0,0.0
0.08381849400861371,0.03281786141117815,0.0,0.0,0.0,0.0,0.30480511280845624,0.2159766897101114,0.0,0.0,0.542143303228475,0.7361613260458153,0.5435050356344355,0.3119655167000655,0.4764155815772503,0.5523357767704244,0.7473477850422734,1.0,0.2148740187858144,0.06058902738115712,0.10310989672868964,0.3124225511344858,0.05027774573606538,0.0,0.0,0.0,0.0,0.0,0.0,0.0,0.037557551971028634,0.0,0.0,0.0,0.0,0.03535368194803132,0.39334861500203927,0.6858861546503441,0.49137844836659866,0.142523383953833,0.0,0.0,0.0,0.0,0.0,0.0,0.0,0.0,0.0,0.0,0.0,0.0,0.0,0.0,0.0,0.0,0.0,0.0,0.0,0.0,0.0,0.0,0.0,0.0,0.0,0.0,0.0,0.0,0.0,0.0,0.0,0.0,0.0,0.0,0.0,0.0,0.0,0.0,0.0,0.0,0.0,0.0,0.0,0.0,0.04023567498481946,0.0,0.0,0.0
0.38386559268355763,0.43158545129042936,0.24914982606376918,0.06570221009623144,0.03194549831197897,0.16157524559574263,0.4077885520700164,0.17139045101157926,0.0,0.0,0.5221679239061024,0.29885899889744594,0.08380585720437843,0.03827648547643836,0.729828248183756,0.545551076895692,0.3048965315547506,0.2148740187858144,1.0,0.7350199055789223,0.5420653821545834,0.4771787874158612,0.7383144840769172,0.5469793217033745,0.4723879074881374,0.5435325000749122,0.15787637369456006,0.30561493656486916,0.00694545262386778,0.07162000221917494,0.39830325681013645,0.0,0.0,0.0,0.0,0.0,0.0,0.0,0.03456577752071898,0.1632390942752039,0.24826495847088134,0.2501419421894536,0.15869294728095673,0.48599506034716694,0.0,0.0,0.0,0.0,0.0,0.0,0.0,0.0,0.0,0.0,0.0,0.0,0.0,0.0,0.0,0.0,0.0,0.0,0.0,0.0,0.0,0.0,0.0,0.0,0.0,0.0,0.0,0.0,0.0,0.0,0.0,0.0,0.0,0.0,0.0,0.0,0.0,0.0,0.0,0.0,0.0,0.0,0.0,0.0
0.16164446164502125,0.27462558597395503,0.14589595237662528,0.0,0.0,0.0,0.15350253389187918,0.0,0.0,0.0,0.2858779166852167,0.08634824867505318,0.0,0.0,0.5375755640823631,0.4766070251776902,0.21506716738194054,0.06058902738115712,0.7350199055789223,1.0,0.7354857955239155,0.5524517559503552,0.5500758162180523,0.4813271756231246,0.5489963168758714,0.7375440628486609,0.1324468227821882,0.2159778791393704,0.03626058145511876,0.0,0.27228748379324424,0.0,0.0,0.0,0.0,0.0,0.0,0.0,0.0,0.25591125074160825,0.48482976650095505,0.4874677804121303,0.2529444936688438,0.2543279289650552,0.0,0.0,0.0,0.0,0.0,0.0,0.0,0.0,0.0,0.0,0.0,0.0,0.0,0.0,0.0,0.0,0.0,0.0,0.0,0.0,0.0,0.0,0.0,0.0,0.0,0.0,0.0,0.0,0.0,0.0,0.0,0.0,0.0,0.0,0.0,0.0,0.0,0.0,0.0,0.0,0.0,0.0,0.0,0.0
0.0,0.13026133893094288,0.0,0.0,0.0,0.0,0.017364469742004677,0.0,0.0,0.0,0.20246187268022234,0.05572223775210535,0.0,0.0,0.4702036446516476,0.5487976069943261,0.3114687062679331,0.10310989672868964,0.5420653821545834,0.7354857955239155,1.0,0.7479085566690414,0.3080444106206529,0.2179040535971299,0.3090734767934176,0.5428952576942097,0.020771835069349147,0.0,0.0,0.0,0.1754539996833833,0.0,0.0,0.0,0.0,0.0,0.0,0.0,0.14237811711949694,0.4926201898077916,0.6859448993836855,0.39212966495298607,0.03312198895957916,0.03154986681017098,0.0,0.0,0.0,0.0,0.0,0.0,0.0,0.0,0.0,0.0,0.0,0.0,0.0,0.0,0.0,0.0,0.0,0.0,0.0,0.0,0.0,0.0,0.0,0.0,0.0,0.0,0.0,0.0,0.0,0.0,0.0,0.0,0.0,0.0,0.0,0.0,0.0,0.0,0.0,0.0,0.0,0.0,0.0,0.0
0.0,0.10350216074757929,0.0,0.0,0.0,0.0,0.07142791881254444,0.0,0.0,0.0,0.299890423008268,0.213960919422778,0.0,0.0,0.5418892029536535,0.7348716639098295,0.5431589386511299,0.3124225511344858,0.4771787874158612,0.5524517559503552,0.7479085566690414,1.0,0.21893744934646764,0.06678081320809949,0.1036912546881726,0.3142087220300351,0.0,0.0,0.0,0.0,0.16901514245686328,0.0,0.0,0.0,0.0,0.0,0.0,0.03657150308219406,0.39315504706786203,0.6858567307502279,0.49192369105457495,0.1419048394011384,0.0,0.0,0.0,0.0,0.0,0.0,0.0,0.0,0.0,0.0,0.0,0.0,0.0,0.0,0.0,0.0,0.0,0.0,0.0,0.0,0.0,0.0,0.0,0.0,0.0,0.0,0.0,0.0,0.0,0.0,0.0,0.0,0.0,0.0,0.0,0.0,0.0,0.0,0.0,0.0,0.0,0.0,0.0,0.0,0.0,0.0
0.4314515918819278,0.41272710388606554,0.26243591587711423,0.14573488635334989,0.1522743964746044,0.27438533567722956,0.4206728457699466,0.221361672043632,0.10329269135130575,0.12999281630449158,0.43173364555165605,0.19355841497886148,0.03276824351596062,0.05098886814478482,0.5328022270905793,0.30535696259980166,0.0893719454919031,0.05027774573606538,0.7383144840769172,0.5500758162180523,0.3080444106206529,0.21893744934646764,1.0,0.7425809063038478,0.5485744097608054,0.48344063829794265,0.1210776736534029,0.5479738790469045,0.0,0.3237583302732368,0.29020960463590356,0.0,0.0,0.0,0.0,0.0,0.0,0.0,0.0,0.0,0.03585686167527808,0.16941108708001748,0.25471533715186084,0.6868638963778616,0.0,0.0,0.0,0.0,0.0,0.0,0.0,0.0,0.0,0.0,0.0,0.0,0.0,0.0,0.0,0.0,0.0,0.0,0.0,0.0,0.0,0.0,0.0,0.0,0.0,0.0,0.0,0.0,0.0,0.0,0.0,0.0,0.0,0.0,0.0,0.0,0.0,0.0,0.0,0.0,0.0,0.0,0.0,0.0
0.24900202450154513,0.26243086285613426,0.1863994813106429,0.10343729237088622,0.08548907049633764,0.14560050929398974,0.1860720023217071,8.027074115772118e-05,0.0,0.0,0.17506044439821686,0.0,0.0,0.0,0.29709718576103655,0.09639547597572326,0.0,0.0,0.5469793217033745,0.4813271756231246,0.2179040535971299,0.06678081320809949,0.7425809063038478,1.0,0.7375048732280686,0.5546051181896374,0.0771512241404781,0.7344828331383888,0.0,0.4912084475744564,0.11978776144439905,0.0,0.0,0.0,0.0,0.0,0.0,0.0,0.0,0.0,0.0,0.2581134193492499,0.4850319019431275,0.49269865337604885,0.0,0.0,0.0,0.0,0.0,0.0,0.0,0.0,0.0,0.0,0.0,0.0,0.0,0.0,0.0,0.0,0.0,0.0,0.0,0.0,0.0,0.0,0.0,0.0,0.0,0.0,0.0,0.0,0.0,0.0,0.0,0.0,0.0,0.0,0.0,0.0,0.0,0.0,0.0,0.0,0.0,0.0,0.0,0.0
0.06563683311224086,0.14582807772910655,0.10357304149493803,0.0,0.0,0.0,0.0,0.0,0.0,0.0,0.01992161811073834,0.0,0.0,0.0,0.2022993843031323,0.05776082064563296,0.0,0.0,0.4723879074881374,0.5489963168758714,0.3090734767934176,0.1036912546881726,0.5485744097608054,0.7375048732280686,1.0,0.7454849405296656,0.06842029347614913,0.5430367440163221,0.0,0.319879410878053,0.042790676088531536,0.0,0.0,0.0,0.0,0.0,0.0,0.0,0.0,0.0,0.13650096008057055,0.4914723181971946,0.6862555420256895,0.25614646577562566,0.0,0.0,0.0,0.0,0.0,0.0,0.0,0.0,0.0,0.0,0.0,0.0,0.0,0.0,0.0,0.0,0.0,0.0,0.0,0.0,0.0,0.0,0.0,0.0,0.0,0.0,0.0,0.0,0.0,0.0,0.0,0.0,0.0,0.0,0.0,0.0,0.0,0.0,0.0,0.0,0.0,0.0,0.0,0.0
0.031975745994856225,0.15248273372003734,0.08577115693259581,0.0,0.0,0.0,0.0,0.0,0.0,0.0,0.06691283258011238,0.0,0.0,0.0,0.2973134199565584,0.21494775534235325,0.0,0.0,0.5435325000749122,0.7375440628486609,0.5428952576942097,0.3142087220300351,0.48344063829794265,0.5546051181896374,0.7454849405296656,1.0,0.09454171348281686,0.31207172577444986,0.017754371850449476,0.07805701585509231,0.10815941194481053,0.0,0.0,0.0,0.0,0.0,0.0,0.0,0.0,0.03785884714722751,0.390059594951442,0.6859260921696854,0.48946999637485544,0.17052865108082504,0.0,0.0,0.0,0.0,0.0,0.0,0.0,0.0,0.0,0.0,0.0,0.0,0.0,0.0,0.0,0.0,0.0,0.0,0.0,0.0,0.0,0.0,0.0,0.0,0.0,0.0,0.0,0.0,0.0,0.0,0.0,0.0,0.0,0.0,0.0,0.0,0.0,0.0,0.0,0.0,0.0,0.0,0.0,0.0
0.3056127282400188,0.5479707130902438,0.7344824217730004,0.5430364350328618,0.3120653739004496,0.215962397113099,0.0808607579393181,0.0,0.0,0.0,0.012246109446244366,0.0,0.0,0.0,0.08025619255428564,0.0,0.0,0.0,0.15787637369456006,0.1324468227821882,0.020771835069349147,0.0,0.1210776736534029,0.0771512241404781,0.06842029347614913,0.09454171348281686,1.0,0.0,0.756723917499324,0.0,0.39973971032354133,0.3893254280285289,0.03550731664874596,0.0,0.0,0.0,0.0,0.0,0.0,0.0,0.0,0.0,0.0,0.0,0.0,0.0,0.0,0.0,0.0,0.0,0.0,0.0,0.0,0.0,0.0,0.0,0.0,0.0,0.0,0.0,0.0,0.0,0.0,0.0,0.0,0.0,0.0,0.0,0.0,0.0,0.0,0.0,0.0,0.0,0.0,0.0,0.0,0.0,0.0,0.0,0.0,0.0,0.0,0.0,0.0,0.0,0.0,0.0
0.1576512263939332,0.12098221691923541,0.07702697133502118,0.06812885414287591,0.09408582553886004,0.13201692101175697,0.08009718506486635,0.0,0.0,0.020287618831729054,0.012187179191904653,0.0,0.0,0.0,0.08084784368688934,0.0,0.0,0.0,0.30561493656486916,0.2159778791393704,0.0,0.0,0.5479738790469045,0.7344828331383888,0.5430367440163221,0.31207172577444986,0.0,1.0,0.0,0.7567240218778897,0.0,0.0,0.0,0.0,0.0,0.0,0.0,0.0,0.0,0.0,0.0,0.035506640047744724,0.3893291588828785,0.3997664301290466,0.0,0.0,0.0,0.0,0.0,0.0,0.0,0.0,0.0,0.0,0.0,0.0,0.0,0.0,0.0,0.0,0.0,0.0,0.0,0.0,0.0,0.0,0.0,0.0,0.0,0.0,0.0,0.0,0.0,0.0,0.0,0.0,0.0,0.0,0.0,0.0,0.0,0.0,0.0,0.0,0.0,0.0,0.0,0.0
0.07161700241807441,0.3237536627977601,0.4912079429900205,0.31987759198183796,0.07804990975292307,0.0,0.0,0.0,0.0,0.0,0.0,0.0,0.0,0.0,0.0,0.0,0.0,0.0,0.00694545262386778,0.03626058145511876,0.0,0.0,0.0,0.0,0.0,0.017754371850449476,0.756723917499324,0.0,1.0,0.0,0.23310671029314126,0.22326319241644277,0.0,0.0,0.0,0.0,0.0,0.0,0.0,0.0,0.0,0.0,0.0,0.0,0.0,0.0,0.0,0.0,0.0,0.0,0.0,0.0,0.0,0.0,0.0,0.0,0.0,0.0,0.0,0.0,0.0,0.0,0.0,0.0,0.0,0.0,0.0,0.0,0.0,0.0,0.0,0.0,0.0,0.0,0.0,0.0,0.0,0.0,0.0,0.0,0.0,0.0,0.0,0.0,0.0,0.0,0.0,0.0
0.006675744117081305,0.0,0.0,0.0,0.017178218005544314,0.035748168866477234,0.0,0.0,0.0,0.0,0.0,0.0,0.0,0.0,0.0,0.0,0.0,0.0,0.07162000221917494,0.0,0.0,0.0,0.3237583302732368,0.4912084475744564,0.319879410878053,0.07805701585509231,0.0,0.7567240218778897,0.0,1.0,0.0,0.0,0.0,0.0,0.0,0.0,0.0,0.0,0.0,0.0,0.0,0.0,0.22327010302313802,0.23314180653422042,0.0,0.0,0.0,0.0,0.0,0.0,0.0,0.0,0.0,0.0,0.0,0.0,0.0,0.0,0.0,0.0,0.0,0.0,0.0,0.0,0.0,0.0,0.0,0.0,0.0,0.0,0.0,0.0,0.0,0.0,0.0,0.0,0.0,0.0,0.0,0.0,0.0,0.0,0.0,0.0,0.0,0.0,0.0,0.0
0.486019503331635,0.6868695349152929,0.49269257600470645,0.2561537079268579,0.17054373649079982,0.2543440523391893,0.3759566481487457,0.12431033418107974,0.0,0.03157786421453919,0.3754645182202291,0.15091023354692926,0.0,0.0,0.42477741277853015,0.2708177418642241,0.09348818583182705,0.037557551971028634,0.39830325681013645,0.27228748379324424,0.1754539996833833,0.16901514245686328,0.29020960463590356,0.11978776144439905,0.042790676088531536,0.10815941194481053,0.39973971032354133,0.0,0.23310671029314126,0.0,1.0,0.0,0.0,0.0,0.0,0.0,0.0,0.0,0.0,0.0,0.0,0.0,0.0,0.16687477916595522,0.0,0.0,0.0,0.0,0.0,0.0,0.0,0.0,0.0,0.0,0.0,0.0,0.0,0.0,0.0,0.0,0.0,0.0,0.0,0.0,0.0,0.0,0.0,0.0,0.0,0.0,0.0,0.0,0.0,0.0,0.0,0.0,0.0,0.0,0.0,0.0,0.0,0.0,0.0,0.0,0.0,0.0,0.0,0.0
0.1587052841104668,0.2547253927680189,0.485032805802267,0.6862553564241057,0.4894698543024061,0.25294091143698694,0.0,0.0,0.0,0.03310480194306958,0.0,0.0,0.0,0.0,0.0,0.0,0.0,0.0,0.0,0.0,0.0,0.0,0.0,0.0,0.0,0.0,0.3893254280285289,0.0,0.22326319241644277,0.0,0.0,1.0,0.4067033540272318,0.0,0.0,0.0,0.0,0.0,0.0,0.0,0.0,0.0,0.0,0.0,0.0,0.0,0.0,0.0,0.0,0.0,0.0,0.0,0.0,0.0,0.0,0.0,0.0,0.0,0.0,0.0,0.0,0.0,0.0,0.0,0.0,0.0,0.0,0.0,0.0,0.0,0.0,0.0,0.0,0.0,0.0,0.0,0.0,0.0,0.0,0.0,0.0,0.0,0.0,0.0,0.0,0.0,0.0,0.0
0.2501477711758481,0.16941928384809798,0.2581122371701916,0.49147287892066155,0.6859251914050656,0.4874629488135518,0.025473656787025806,0.0,0.14187329065554796,0.3921006956359026,0.0,0.0,0.0,0.0,0.0,0.0,0.0,0.0,0.0,0.0,0.0,0.0,0.0,0.0,0.0,0.0,0.03550731664874596,0.0,0.0,0.0,0.0,0.4067033540272318,1.0,0.419103668051627,0.0,0.0,0.0,0.0,0.0,0.0,0.0,0.0,0.0,0.0,0.0,0.0,0.0,0.0,0.0,0.0,0.0,0.0,0.0,0.0,0.0,0.0,0.0,0.0,0.0,0.0,0.0,0.0,0.0,0.0,0.0,0.0,0.0,0.0,0.0,0.0,0.0,0.0,0.0,0.0,0.0,0.0,0.0,0.0,0.0,0.0,0.0,0.0,0.0,0.0,0.0,0.0,0.0,0.0
0.24826687099053954,0.03585019597412292,0.0,0.1364665239939062,0.39003127212020783,0.4848265934495237,0.1564180643445699,0.2524078468791847,0.49192488713591653,0.6859446224763147,0.0,0.0,0.0,0.03564775110117406,0.0,0.0,0.0,0.0,0.0,0.0,0.0,0.0,0.0,0.0,0.0,0.0,0.0,0.0,0.0,0.0,0.0,0.0,0.419103668051627,1.0,0.4086797637215723,0.0,0.0,0.0,0.0,0.0,0.0,0.0,0.0,0.0,0.0,0.0,0.0,0.0,0.0,0.0,0.0,0.0,0.0,0.0,0.0,0.0,0.0,0.0,0.0,0.0,0.0,0.0,0.0,0.0,0.0,0.0,0.0,0.0,0.0,0.0,0.01722529532268277,0.0,0.12563004282434304,0.0,0.0,0.0,0.0,0.0,0.0,0.0,0.0,0.0,0.0,0.0,0.0,0.0,0.0,0.0
0.16324615199692624,0.0,0.0,0.0,0.03784067393397012,0.25591159512510436,0.24992198124444892,0.4859541300427468,0.6858570030256869,0.4926203501073806,0.031306928938473796,0.0,0.14253622652386724,0.394210201320752,0.0,0.0,0.0,0.0,0.0,0.0,0.0,0.0,0.0,0.0,0.0,0.0,0.0,0.0,0.0,0.0,0.0,0.0,0.0,0.4086797637215723,1.0,0.4256382296796622,0.0,0.0,0.0,0.0,0.0,0.0,0.0,0.0,0.0,0.009694498611669461,0.1979987576547757,0.03803925051970687,0.0,0.0,0.0,0.0,0.0,0.0,0.0,0.0,0.0,0.0,0.0,0.0,0.0,0.0,0.0,0.03571054899203516,0.0,0.0,0.0,0.0,0.14535433111649085,0.17844012985534757,0.43329010869577267,0.0,0.5075898006411946,0.0,0.0,0.0,0.0,0.0,0.0,0.0,0.0,0.0,0.0,0.0,0.0,0.04666288323308468,0.0,0.0
0.034558077638820316,0.0,0.0,0.0,0.0,0.0,0.24982059801097514,0.4857153652547715,0.39315713406371344,0.14237849676982095,0.1610953121415474,0.2546601193822695,0.4913809165736772,0.6859132483228159,0.0,0.0,0.0,0.03535368194803132,0.0,0.0,0.0,0.0,0.0,0.0,0.0,0.0,0.0,0.0,0.0,0.0,0.0,0.0,0.0,0.0,0.4256382296796622,1.0,0.40653144753087617,0.0,0.0,0.0,0.0,0.0,0.0,0.0,0.0,0.08964071967266546,0.12144405692469894,0.0,0.0,0.0,0.0,0.0,0.0,0.0,0.0,0.0,0.0,0.0,0.0,0.0,0.0,0.0,0.17541336635478383,0.3990472665975934,0.38668153740279726,0.15087373334752457,0.0004470311453357163,0.010316493966207234,0.2046757666244227,0.41871432202257286,0.3359611136518272,0.0,0.3955544913049383,0.0,0.08055102552773448,0.0,0.0,0.0,0.0,0.0,0.0,0.0,0.0,0.0,0.2801569112636805,0.3158201155469034,0.0,0.0
0.0,0.0,0.0,0.0,0.0,0.0,0.16284523591033556,0.25577012778776037,0.036581152536846503,0.0,0.24914214866803258,0.4862236762211769,0.6858865552003253,0.49147230204969816,0.03538965104952514,0.0,0.14154227139360948,0.39334861500203927,0.0,0.0,0.0,0.0,0.0,0.0,0.0,0.0,0.0,0.0,0.0,0.0,0.0,0.0,0.0,0.0,0.0,0.40653144753087617,1.0,0.4240535004880957,0.0,0.0,0.0,0.0,0.0,0.0,0.0,0.0,0.0,0.0,0.0,0.0,0.0,0.0,0.0,0.0,0.0,0.0,0.0,0.0,0.0,0.0,0.0,0.0,0.0,0.17855489301559418,0.3958503750932649,0.24432798787872834,0.0,0.0,0.0,0.1139337518537404,0.0,0.0,0.0,0.0,0.0,0.0,0.0,0.0,0.0,0.0,0.0,0.0,0.0,0.10816828561369532,0.41988061502960156,0.0901206768254015,0.0,0.0
0.0,0.0,0.0,0.0,0.0,0.0,0.0353937288418622,0.0,0.0,0.0,0.24914304586680291,0.48622278093642834,0.393348262998514,0.14154389637024226,0.16284687477665943,0.25576562042412243,0.49147229841040824,0.6858861546503441,0.0,0.0,0.0,0.03657150308219406,0.0,0.0,0.0,0.0,0.0,0.0,0.0,0.0,0.0,0.0,0.0,0.0,0.0,0.0,0.4240535004880957,1.0,0.40652787301985693,0.0,0.0,0.0,0.0,0.0,0.0,0.0,0.0,0.0,0.0,0.0,0.0,0.0,0.0,0.0,0.0,0.0,0.0,0.0,0.0,0.0,0.0,0.0,0.0,0.0,0.0,0.0,0.0,0.0,0.0,0.0,0.0,0.0,0.0,0.0,0.0,0.0,0.0,0.0,0.0,0.0,0.0,0.0,0.0,0.0,0.0,0.0,0.0,0.0
0.0,0.0,0.0,0.0,0.0,0.0,0.0,0.0,0.0,0.0,0.1611018584269286,0.2546597666989687,0.03535253189284394,0.0,0.24982338931657203,0.4857163107549006,0.6859139534852479,0.49137844836659866,0.03456577752071898,0.0,0.14237811711949694,0.39315504706786203,0.0,0.0,0.0,0.0,0.0,0.0,0.0,0.0,0.0,0.0,0.0,0.0,0.0,0.0,0.0,0.40652787301985693,1.0,0.4256240537931755,0.0,0.0,0.0,0.0,0.0,0.0,0.0,0.0,0.0,0.0,0.0,0.0,0.0,0.0,0.0,0.0,0.0,0.0,0.0,0.0,0.0,0.0,0.0,0.0,0.0,0.0,0.0,0.0,0.0,0.0,0.0,0.0,0.0,0.0,0.0,0.0,0.0,0.0,0.0,0.0,0.0,0.0,0.0,0.0,0.0,0.0,0.0,0.0
0.0,0.0,0.0,0.0,0.0,0.0,0.0,0.0,0.0,0.0,0.03132025774003223,0.0,0.0,0.0,0.24992229117364825,0.4859526335471488,0.39420005604041986,0.142523383953833,0.1632390942752039,0.25591125074160825,0.4926201898077916,0.6858567307502279,0.0,0.0,0.0,0.03785884714722751,0.0,0.0,0.0,0.0,0.0,0.0,0.0,0.0,0.0,0.0,0.0,0.0,0.4256240537931755,1.0,0.4086735641580593,0.0,0.0,0.0,0.0,0.0,0.0,0.0,0.0,0.0,0.0,0.0,0.0,0.0,0.0,0.0,0.0,0.0,0.0,0.0,0.0,0.0,0.0,0.0,0.0,0.0,0.0,0.0,0.0,0.0,0.0,0.0,0.0,0.0,0.0,0.0,0.0,0.0,0.0,0.0,0.0,0.0,0.0,0.0,0.0,0.0,0.0,0.0
0.0,0.0,0.0,0.0,0.0,0.0,0.0,0.0,0.0,0.0,0.0,0.0,0.0,0.0,0.15643149145709337,0.25241271884967537,0.035641547755027175,0.0,0.24826495847088134,0.48482976650095505,0.6859448993836855,0.49192369105457495,0.03585686167527808,0.0,0.13650096008057055,0.390059594951442,0.0,0.0,0.0,0.0,0.0,0.0,0.0,0.0,0.0,0.0,0.0,0.0,0.0,0.4086735641580593,1.0,0.41916497379989004,0.0,0.0,0.0,0.0,0.0,0.0,0.0,0.0,0.0,0.0,0.0,0.0,0.0,0.0,0.0,0.0,0.0,0.0,0.0,0.0,0.0,0.0,0.0,0.0,0.0,0.0,0.0,0.0,0.0,0.0,0.0,0.0,0.0,0.0,0.0,0.0,0.0,0.0,0.0,0.0,0.0,0.0,0.0,0.0,0.0,0.0
0.0,0.0,0.0,0.0,0.0,0.0,0.0,0.0,0.0,0.0,0.0,0.0,0.0,0.0,0.025490284519652805,0.0,0.0,0.0,0.2501419421894536,0.4874677804121303,0.39212966495298607,0.1419048394011384,0.16941108708001748,0.2581134193492499,0.4914723181971946,0.6859260921696854,0.0,0.035506640047744724,0.0,0.0,0.0,0.0,0.0,0.0,0.0,0.0,0.0,0.0,0.0,0.0,0.41916497379989004,1.0,0.40668989143031054,0.0,0.0,0.0,0.0,0.0,0.0,0.0,0.0,0.0,0.0,0.0,0.0,0.0,0.0,0.0,0.0,0.0,0.0,0.0,0.0,0.0,0.0,0.0,0.0,0.0,0.0,0.0,0.0,0.0,0.0,0.0,0.0,0.0,0.0,0.0,0.0,0.0,0.0,0.0,0.0,0.0,0.0,0.0,0.0,0.0
0.0,0.0,0.0,0.0,0.0,0.0,0.0,0.0,0.0,0.0,0.0,0.0,0.0,0.0,0.0,0.0,0.0,0.0,0.15869294728095673,0.2529444936688438,0.03312198895957916,0.0,0.25471533715186084,0.4850319019431275,0.6862555420256895,0.48946999637485544,0.0,0.3893291588828785,0.0,0.22327010302313802,0.0,0.0,0.0,0.0,0.0,0.0,0.0,0.0,0.0,0.0,0.0,0.40668989143031054,1.0,0.0,0.0,0.0,0.0,0.0,0.0,0.0,0.0,0.0,0.0,0.0,0.0,0.0,0.0,0.0,0.0,0.0,0.0,0.0,0.0,0.0,0.0,0.0,0.0,0.0,0.0,0.0,0.0,0.0,0.0,0.0,0.0,0.0,0.0,0.0,0.0,0.0,0.0,0.0,0.0,0.0,0.0,0.0,0.0,0.0
0.3980662712854029,0.29010417925609244,0.11968584516395937,0.04260921318381023,0.10786929511409762,0.27195003140136936,0.4245815560210717,0.2706011362045294,0.16872772062885769,0.175098521795112,0.3753630160165133,0.15083263082019477,0.037463457125617654,0.09334700975510758,0.3758972128845489,0.12426115781502853,0.0,0.0,0.48599506034716694,0.2543279289650552,0.03154986681017098,0.0,0.6868638963778616,0.49269865337604885,0.25614646577562566,0.17052865108082504,0.0,0.3997664301290466,0.0,0.23314180653422042,0.16687477916595522,0.0,0.0,0.0,0.0,0.0,0.0,0.0,0.0,0.0,0.0,0.0,0.0,1.0,0.0,0.0,0.0,0.0,0.0,0.0,0.0,0.0,0.0,0.0,0.0,0.0,0.0,0.0,0.0,0.0,0.0,0.0,0.0,0.0,0.0,0.0,0.0,0.0,0.0,0.0,0.0,0.0,0.0,0.0,0.0,0.0,0.0,0.0,0.0,0.0,0.0,0.0,0.0,0.0,0.0,0.0,0.0,0.0
0.0,0.0,0.0,0.0,0.0,0.0,0.0,0.0,0.0,0.0,0.0,0.0,0.0,0.0,0.0,0.0,0.0,0.0,0.0,0.0,0.0,0.0,0.0,0.0,0.0,0.0,0.0,0.0,0.0,0.0,0.0,0.0,0.0,0.0,0.0,0.0,0.0,0.0,0.0,0.0,0.0,0.0,0.0,0.0,1.0,0.7383168096688553,0.5469800915500256,0.4724003556135703,0.5435445695315374,0.735021785657645,0.7298237783547751,0.5455504432270866,0.4771858763378872,0.5420707284358035,0.522165408819034,0.2988603341187887,0.21486760156524334,0.30489148886994705,0.4078024135234923,0.17143644941984088,0.038308142754454495,0.08381849400861371,0.3838655926835578,0.16164446164502125,0.0,0.0,0.4314515918819278,0.24900202450154513,0.06563683311224086,0.03197588060993087,0.30561272824001867,0.1576512263939332,0.07161715436508116,0.006675744117081305,0.486019503331635,0.1587052841104668,0.250147683960021,0.24826687099053954,0.16324615199692608,0.03455807763882015,0.0,0.0,0.0,0.0,0.0,0.0,0.0,0.3980662712854028
0.0,0.0,0.0,0.0,0.0,0.0,0.0,0.0,0.0,0.0,0.0,0.0,0.0,0.0,0.0,0.0,0.0,0.0,0.0,0.0,0.0,0.0,0.0,0.0,0.0,0.0,0.0,0.0,0.0,0.0,0.0,0.0,0.0,0.0,0.009694498611669461,0.08964071967266546,0.0,0.0,0.0,0.0,0.0,0.0,0.0,0.0,0.7383168096688553,1.0,0.7425844697075683,0.5485878002271404,0.483449702024199,0.5500727076728621,0.5328179868283256,0.30536280595751114,0.21894198212135113,0.3080447703764638,0.43177588762092134,0.1935879497155323,0.050283361246466915,0.08937216863451432,0.4207786408627268,0.2215020568866469,0.051080480811745696,0.03281786141117815,0.43158545129042936,0.27462558597395503,0.13026133893094288,0.10350216074757929,0.41272710388606554,0.26243086285613426,0.14582807772910655,0.1524828345207018,0.5479707130902439,0.12098221691923541,0.3237538046148379,0.0,0.6868695349152928,0.25472539276801903,0.1694191439028871,0.03585019597412292,0.0,0.0,0.0,0.0,0.0,0.0,0.0,0.0,0.0,0.29010417925609244
0.0,0.0,0.0,0.0,0.0,0.0,0.0,0.0,0.07963745887619092,0.0,0.0,0.0,0.0,0.025746806949127093,0.0,0.0,0.0,0.0,0.0,0.0,0.0,0.0,0.0,0.0,0.0,0.0,0.0,0.0,0.0,0.0,0.0,0.0,0.0,0.0,0.1979987576547757,0.12144405692469894,0.0,0.0,0.0,0.0,0.0,0.0,0.0,0.0,0.5469800915500256,0.7425844697075683,1.0,0.7375075087126569,0.5545992169999578,0.48131166111207063,0.2971065374647248,0.09638803051440616,0.06676589828817683,0.21788587919120234,0.17510393319059894,0.0,0.0,0.0,0.18618716068320382,0.00024903852955623814,0.0,0.0,0.249149826063769,0.14589595237662528,0.0,0.0,0.26243591587711423,0.1863994813106429,0.10357304149493803,0.08577124096676472,0.7344824217730003,0.07702697133502118,0.49120811629065586,0.0,0.4926925760047064,0.485032805802267,0.25811206380923735,0.0,0.0,0.0,0.0,0.0,0.0,0.0,0.0,0.0,0.0,0.11968584516395937
0.0,0.0,0.0,0.0,0.0,0.0,0.0,0.0,0.0,0.0,0.0,0.0,0.0,0.0,0.0,0.0,0.0,0.0,0.0,0.0,0.0,0.0,0.0,0.0,0.0,0.0,0.0,0.0,0.0,0.0,0.0,0.0,0.0,0.0,0.03803925051970687,0.0,0.0,0.0,0.0,0.0,0.0,0.0,0.0,0.0,0.4724003556135703,0.5485878002271404,0.7375075087126569,1.0,0.745479803738876,0.5489889648559498,0.20230652732126977,0.057752305971537785,0.10367443265082908,0.30905510699371436,0.019950212556348344,0.0,0.0,0.0,0.0,0.0,0.0,0.0,0.06570221009623127,0.0,0.0,0.0,0.14573488635334989,0.10343729237088622,0.0,0.0,0.5430364350328618,0.06812885414287591,0.3198777755663806,0.0,0.2561537079268578,0.6862553564241057,0.4914726953077342,0.1364665239939062,0.0,0.0,0.0,0.0,0.0,0.0,0.0,0.0,0.0,0.04260921318381023
0.0,0.0,0.0,0.0,0.0,0.0,0.0,0.0,0.0,0.0,0.0,0.0,0.0,0.0,0.0,0.0,0.0,0.0,0.0,0.0,0.0,0.0,0.0,0.0,0.0,0.0,0.0,0.0,0.0,0.0,0.0,0.0,0.0,0.0,0.0,0.0,0.0,0.0,0.0,0.0,0.0,0.0,0.0,0.0,0.5435445695315374,0.483449702024199,0.5545992169999578,0.745479803738876,1.0,0.7375437208799261,0.29730981289213826,0.21493731975472893,0.31419493222120054,0.5428809658581696,0.06691484430514782,0.0,0.0,0.0,0.0,0.0,0.0,0.0,0.031945392042053114,0.0,0.0,0.0,0.15227431701283456,0.08548898671631817,0.0,0.0,0.3120651898631594,0.09408578197982184,0.07804990975292307,0.01717820812753512,0.17054359631949964,0.4894697249986347,0.6859251914050654,0.39003144039105553,0.03784079192346698,0.0,0.0,0.0,0.0,0.0,0.0,0.0,0.0,0.10786925406010729
0.0,0.0,0.0,0.0,0.0,0.0,0.0,0.0,0.0,0.0,0.0,0.0,0.0,0.0,0.0,0.0,0.0,0.0,0.0,0.0,0.0,0.0,0.0,0.0,0.0,0.0,0.0,0.0,0.0,0.0,0.0,0.0,0.0,0.0,0.0,0.0,0.0,0.0,0.0,0.0,0.0,0.0,0.0,0.0,0.735021785657645,0.5500727076728621,0.48131166111207063,0.5489889648559498,0.7375437208799261,1.0,0.5375621467140164,0.47659919083566366,0.552451437257596,0.7354867184546512,0.2858614379178621,0.08634915715494383,0.06058727745402487,0.21506257671950632,0.15348199445035252,0.0,0.0,0.0,0.1615752455957428,0.0,0.0,0.0,0.27438533567722967,0.14560050929398974,0.0,0.0,0.21596239711309917,0.13201692101175697,0.0,0.035748168866477234,0.2543440523391893,0.25294091143698694,0.4874629018886327,0.48482659344952367,0.2559115951251042,0.0,0.0,0.0,0.0,0.0,0.0,0.0,0.0,0.27195003140136936
0.0,0.0,0.0,0.0,0.0,0.0,0.0,0.0,0.0,0.0,0.0,0.0,0.0,0.0,0.0,0.0,0.0,0.0,0.0,0.0,0.0,0.0,0.0,0.0,0.0,0.0,0.0,0.0,0.0,0.0,0.0,0.0,0.0,0.0,0.0,0.0,0.0,0.0,0.0,0.0,0.0,0.0,0.0,0.0,0.7298237783547751,0.5328179868283256,0.2971065374647248,0.20230652732126977,0.29730981289213826,0.5375621467140164,1.0,0.736853652479575,0.5418866308559137,0.47019117055272835,0.7308253041881577,0.5451781893973986,0.4764138208960933,0.5430547132211598,0.5198514907855516,0.29352413174384223,0.2118406937749213,0.30480511280845624,0.4077885520700166,0.15350253389187934,0.01736446974200484,0.07142791881254461,0.4206728457699466,0.1860720023217071,0.0,0.0,0.08086075793931827,0.08009718506486635,0.0,0.0,0.3759566481487458,0.0,0.025473604186756645,0.1564180643445699,0.24992198124444884,0.24982059801097498,0.16284523591033573,0.03539378876669963,0.0,0.0,0.0,0.0,0.0,0.4245815560210717
0.0,0.0,0.0,0.0,0.0,0.0,0.0,0.0,0.0,0.0,0.0,0.0,0.0,0.0,0.0,0.0,0.0,0.0,0.0,0.0,0.0,0.0,0.0,0.0,0.0,0.0,0.0,0.0,0.0,0.0,0.0,0.0,0.0,0.0,0.0,0.0,0.0,0.0,0.0,0.0,0.0,0.0,0.0,0.0,0.5455504432270866,0.30536280595751114,0.09638803051440616,0.057752305971537785,0.21493731975472893,0.47659919083566366,0.736853652479575,1.0,0.7348697926862869,0.5487900640077074,0.5433921862370628,0.47900534315098175,0.5523398596896659,0.7361477391926272,0.2935061604455456,0.08718076758611305,0.05937987513191128,0.2159766897101114,0.17139045101157943,0.0,0.0,0.0,0.221361672043632,8.027074115772118e-05,0.0,0.0,0.0,0.0,0.0,0.0,0.12431033418107958,0.0,0.0,0.25240784687918477,0.4859541300427469,0.4857153652547714,0.25577012778776054,0.0,0.0,0.0,0.0,0.0,0.0,0.27060113620452925
0.0,0.0,0.0,0.0,0.0,0.0,0.0,0.0,0.0,0.0,0.0,0.0,0.0,0.0,0.0,0.0,0.0,0.0,0.0,0.0,0.0,0.0,0.0,0.0,0.0,0.0,0.0,0.0,0.0,0.0,0.0,0.0,0.0,0.0,0.0,0.0,0.0,0.0,0.0,0.0,0.0,0.0,0.0,0.0,0.4771858763378872,0.21894198212135113,0.06676589828817683,0.10367443265082908,0.31419493222120054,0.552451437257596,0.5418866308559137,0.7348697926862869,1.0,0.7479070705060867,0.29987613551155506,0.21396449556559677,0.31242940134825775,0.5431631531258296,0.07139497310300963,0.0,0.0,0.0,0.0,0.0,0.0,0.0,0.10329269135130575,0.0,0.0,0.0,0.0,0.0,0.0,0.0,0.0,0.0,0.14187333987639444,0.4919248871359164,0.6858570030256868,0.39315713406371333,0.03658115253684666,0.0,0.0,0.0,0.0,0.0,0.0,0.16872772062885769
0.0,0.0,0.0,0.0,0.0,0.0,0.0,0.0,0.0,0.0,0.0,0.0,0.0,0.0,0.0,0.0,0.0,0.0,0.0,0.0,0.0,0.0,0.0,0.0,0.0,0.0,0.0,0.0,0.0,0.0,0.0,0.0,0.0,0.0,0.0,0.0,0.0,0.0,0.0,0.0,0.0,0.0,0.0,0.0,0.5420707284358035,0.3080447703764638,0.21788587919120234,0.30905510699371436,0.5428809658581696,0.7354867184546512,0.47019117055272835,0.5487900640077074,0.7479070705060867,1.0,0.20243828418593807,0.055721346007998974,0.10311307193904766,0.3114690483012986,0.01732109735024393,0.0,0.0,0.0,0.0,0.0,0.0,0.0,0.12999281630449142,0.0,0.0,0.0,0.0,0.020287618831729054,0.0,0.0,0.03157786421453902,0.03310480194306958,0.3921007514029049,0.6859446224763147,0.4926203501073806,0.14237849676982078,0.0,0.0,0.0,0.0,0.0,0.0,0.0,0.17509852179511184
0.0,0.0,0.0,0.0,0.0,0.0,0.0,0.0,0.0,0.0,0.0,0.0,0.0,0.0,0.0,0.0,0.0,0.0,0.0,0.0,0.0,0.0,0.0,0.0,0.0,0.0,0.0,0.0,0.0,0.0,0.0,0.0,0.0,0.0,0.0,0.0,0.0,0.0,0.0,0.0,0.0,0.0,0.0,0.0,0.522165408819034,0.43177588762092134,0.17510393319059894,0.019950212556348344,0.06691484430514782,0.2858614379178621,0.7308253041881577,0.5433921862370628,0.29987613551155506,0.20243828418593807,1.0,0.7354308186848224,0.5421403375650108,0.4746485966454275,0.7308282356154222,0.5434001264147206,0.4746543317684079,0.542143303228475,0.5221679239061026,0.28587791668521684,0.2024618726802225,0.2998904230082682,0.43173364555165605,0.1750604443982167,0.01992161811073834,0.06691294673568725,0.012246109446244366,0.012187179191904653,0.0,0.0,0.3754645182202291,0.0,0.0,0.0,0.03130692893847363,0.16109531214154732,0.24914214866803283,0.24914307253686438,0.16110185842692876,0.031320257740032394,0.0,0.0,0.0,0.3753630160165131
