1.0,0.7383167221778674,0.5469799904428158,0.47240038207516594,0.5435446093885196,0.7350217686595217,0.7298238097699031,0.5455506030344343,0.4771859709813139,0.5420707419456563,0.5221653699460389,0.2988603797596261,0.21486759797531402,0.30489161159040823,0.40780239342097263,0.17143641982112595,0.03830812831151185,0.08381845650895042,0.3838655209440483,0.16164446290819073,0.0,0.0,0.4314515857851628,0.2490019757808258,0.06563673072654111,0.03197575023526491,0.3056127306229556,0.15765120206318622,0.07161701789869103,0.006675698334286137,0.486019433816475,0.1587051976122286,0.2501477633559083,0.2482668790652551,0.16324620175210786,0.03455809849713671,0.0,0.0,0.0,0.0,0.0,0.0,0.0,0.39806626473399687,0.0,0.0,0.0,0.0,0.0,0.0,0.0,0.0,0.0,0.0,0.0,0.0,0.0,0.0,0.0,0.0,0.0,0.0,0.0,0.0,0.0,0.0,0.0,0.0,0.0,0.0,0.0,0.0,0.0,0.0,0.0,0.0,0.0,0.0,0.0,0.0,0.0,0.0,0.0,0.0,0.0,0.0,0.0,0.0
0.7383167221778674,1.0,0.7425844784952603,0.5485878771094445,0.48344979491463613,0.5500726601878639,0.5328179530893503,0.30536286736444485,0.21894198602650833,0.30804472929320326,0.43177581360485573,0.1935879650061503,0.05028330002733871,0.0893722096971157,0.42077860605723877,0.22150205499272124,0.05108043691634151,0.03281779057537246,0.43158544520188047,0.2746256355855329,0.13026136420797735,0.10350217781444884,0.4127271059702553,0.26243085040941516,0.1458280588792369,0.1524827893908962,0.5479708094767753,0.1209822122372065,0.32375376580354126,0.0,0.6868695565520944,0.2547253509697602,0.16941924650343482,0.03585015702568257,0.0,0.0,0.0,0.0,0.0,0.0,0.0,0.0,0.0,0.2901041981756525,0.0,0.0,0.0,0.0,0.0,0.0,0.0,0.0,0.0,0.0,0.0,0.0,0.0,0.0,0.0,0.0,0.0,0.0,0.0,0.0,0.0,0.0,0.0,0.0,0.0,0.0,0.0,0.0,0.0,0.0,0.0,0.0,0.0,0.0,0.0,0.0,0.0,0.0,0.0,0.0,0.0,0.0,0.0,0.0
0.5469799904428158,0.7425844784952603,1.0,0.7375075098743601,0.5545992688229022,0.48131158592023376,0.2971064964128531,0.09638808143335834,0.06676586178609695,0.21788582855019623,0.17510386550865345,0.0,0.0,0.0,0.1861871315953507,0.00024906747988972665,0.0,0.0,0.24914984877990234,0.14589602664382015,0.0,0.0,0.26243588491395853,0.18639947649835636,0.10357303278142631,0.08577122606594835,0.7344825314888533,0.07702694569948781,0.49120808416363837,0.0,0.4926926395436831,0.48503272223603766,0.25811212108415155,0.0,0.0,0.0,0.0,0.0,0.0,0.0,0.0,0.0,0.0,0.11968583539409874,0.0,0.0,0.0,0.0,0.0,0.0,0.0,0.0,0.0,0.0,0.0,0.0,0.0,0.0,0.0,0.0,0.0,0.0,0.0,0.0,0.0,0.0,0.0,0.0,0.0,0.0,0.0,0.0,0.0,0.0,0.0,0.0,0.0,0.0,0.0,0.0,0.0,0.0,0.0,0.0,0.0,0.0,0.0,0.0
0.47240038207516594,0.5485878771094445,0.7375075098743601,1.0,0.7454799258349484,0.5489890225217751,0.20230658346868602,0.057752465819023484,0.1036744884667691,0.3090551909847579,0.0199502237737426,0.0,0.0,0.0,0.0,0.0,0.0,0.0,0.06570225921328375,0.0,0.0,0.0,0.14573488742968907,0.10343732126180569,0.0,0.0,0.5430364680153846,0.06812885083147159,0.31987767316594634,0.0,0.256153807986563,0.6862552437090663,0.49147280114943775,0.1364665698741196,0.0,0.0,0.0,0.0,0.0,0.0,0.0,0.0,0.0,0.04260923429485006,0.0,0.0,0.0,0.0,0.0,0.0,0.0,0.0,0.0,0.0,0.0,0.0,0.0,0.0,0.0,0.0,0.0,0.0,0.0,0.0,0.0,0.0,0.0,0.0,0.0,0.0,0.0,0.0,0.0,0.0,0.0,0.0,0.0,0.0,0.0,0.0,0.0,0.0,0.0,0.0,0.0,0.0,0.0,0.0
0.5435446093885196,0.48344979491463613,0.5545992688229022,0.7454799258349484,1.0,0.737543738604676,0.2973098316743549,0.21493740590372137,0.31419488127307565,0.5428809603465975,0.06691483927022572,0.0,0.0,0.0,0.0,0.0,0.0,0.0,0.031945450802212484,0.0,0.0,0.0,0.15227435232136052,0.08548906123334414,0.0,0.0,0.3120653327977658,0.09408581548686787,0.0780499162031259,0.017178190286947184,0.17054371138356872,0.489469776009662,0.6859252007635341,0.39003136686533874,0.03784071496435086,0.0,0.0,0.0,0.0,0.0,0.0,0.0,0.0,0.10786924763633549,0.0,0.0,0.0,0.0,0.0,0.0,0.0,0.0,0.0,0.0,0.0,0.0,0.0,0.0,0.0,0.0,0.0,0.0,0.0,0.0,0.0,0.0,0.0,0.0,0.0,0.0,0.0,0.0,0.0,0.0,0.0,0.0,0.0,0.0,0.0,0.0,0.0,0.0,0.0,0.0,0.0,0.0,0.0,0.0
0.7350217686595217,0.5500726601878639,0.48131158592023376,0.5489890225217751,0.737543738604676,1.0,0.5375620986800923,0.4765992586865429,0.5524514328758537,0.7354867447487081,0.28586135157906206,0.08634912511079888,0.06058718384941274,0.21506259756155638,0.15348195578488052,0.0,0.0,0.0,0.16157518396349305,0.0,0.0,0.0,0.2743853231718202,0.14560051124513862,0.0,0.0,0.21596243289206973,0.13201693638896167,0.0,0.0357481423124432,0.25434401404256407,0.2529408944583841,0.48746299652485076,0.48482660400602795,0.25591157607730075,0.0,0.0,0.0,0.0,0.0,0.0,0.0,0.0,0.27194997653292535,0.0,0.0,0.0,0.0,0.0,0.0,0.0,0.0,0.0,0.0,0.0,0.0,0.0,0.0,0.0,0.0,0.0,0.0,0.0,0.0,0.0,0.0,0.0,0.0,0.0,0.0,0.0,0.0,0.0,0.0,0.0,0.0,0.0,0.0,0.0,0.0,0.0,0.0,0.0,0.0,0.0,0.0,0.0,0.0
0.7298238097699031,0.5328179530893503,0.2971064964128531,0.20230658346868602,0.2973098316743549,0.5375620986800923,1.0,0.7368537299389354,0.5418866738763001,0.4701910861574361,0.7308252765672786,0.5451782091290069,0.4764137823465629,0.5430547923619641,0.5198515187745777,0.2935241097332798,0.21184071027050627,0.3048050738171358,0.40778848566339126,0.15350256404161408,0.017364484405145007,0.07142797824233507,0.42067289579265127,0.18607196666092643,0.0,0.0,0.08086082123643067,0.08009717682543648,0.0,0.0,0.3759566006133149,0.0,0.025473654162737037,0.15641799946000148,0.24992196761734997,0.24982056424238508,0.16284522430042564,0.03539381590045858,0.0,0.0,0.0,0.0,0.0,0.4245815623369956,0.0,0.0,0.0,0.0,0.0,0.0,0.0,0.0,0.0,0.0,0.0,0.0,0.0,0.0,0.0,0.0,0.0,0.0,0.0,0.0,0.0,0.0,0.0,0.0,0.0,0.0,0.0,0.0,0.0,0.0,0.0,0.0,0.0,0.0,0.0,0.0,0.0,0.0,0.0,0.0,0.0,0.0,0.0,0.0
0.5455506030344343,0.30536286736444485,0.09638808143335834,0.057752465819023484,0.21493740590372137,0.4765992586865429,0.7368537299389354,1.0,0.7348698683091289,0.5487900325762538,0.5433922082494154,0.47900529027452315,0.5523397172990963,0.7361476895285585,0.29350624152920074,0.08718075710262474,0.05937990090260451,0.21597662371702092,0.1713904486984263,0.0,0.0,0.0,0.22136181062964003,8.033879886945079e-05,0.0,0.0,0.0,0.0,0.0,0.0,0.12431036496866112,0.0,0.0,0.2524078289939413,0.4859540986686243,0.48571522039662945,0.2557700506303979,0.0,0.0,0.0,0.0,0.0,0.0,0.2706011992805229,0.0,0.0,0.0,0.0,0.0,0.0,0.0,0.0,0.0,0.0,0.0,0.0,0.0,0.0,0.0,0.0,0.0,0.0,0.0,0.0,0.0,0.0,0.0,0.0,0.0,0.0,0.0,0.0,0.0,0.0,0.0,0.0,0.0,0.0,0.0,0.0,0.0,0.0,0.0,0.0,0.0,0.0,0.0,0.0
0.4771859709813139,0.21894198602650833,0.06676586178609695,0.1036744884667691,0.31419488127307565,0.5524514328758537,0.5418866738763001,0.7348698683091289,1.0,0.7479069525119666,0.29987616604203904,0.2139645204476303,0.3124293794116651,0.5431632120614713,0.07139504472509303,0.0,0.0,0.0,0.0,0.0,0.0,0.0,0.10329275490438773,0.0,0.0,0.0,0.0,0.0,0.0,0.0,0.0,0.0,0.1418733196568252,0.49192476653687367,0.6858569595704082,0.3931571237450582,0.036581221327034695,0.0,0.0,0.0,0.0,0.0,0.0,0.1687276943524499,0.0,0.0,0.0,0.0,0.0,0.0,0.0,0.0,0.0,0.0,0.0,0.0,0.0,0.0,0.0,0.0,0.0,0.0,0.0,0.0,0.0,0.0,0.0,0.0,0.0,0.0,0.0,0.0,0.0,0.0,0.0,0.0,0.0,0.0,0.0,0.0,0.0,0.0,0.0,0.0,0.0,0.0,0.0,0.0
0.5420707419456563,0.30804472929320326,0.21788582855019623,0.3090551909847579,0.5428809603465975,0.7354867447487081,0.4701910861574361,0.5487900325762538,0.7479069525119666,1.0,0.20243817256083516,0.05572124137335136,0.10311290237118535,0.31146897373590143,0.017321050776771447,0.0,0.0,0.0,0.0,0.0,0.0,0.0,0.12999282094525771,0.0,0.0,0.0,0.0,0.020287670222806784,0.0,0.0,0.03157781337866705,0.03310483661194541,0.39210083148353847,0.6859446433700798,0.4926202643799171,0.14237835949933314,0.0,0.0,0.0,0.0,0.0,0.0,0.0,0.17509844583375528,0.0,0.0,0.0,0.0,0.0,0.0,0.0,0.0,0.0,0.0,0.0,0.0,0.0,0.0,0.0,0.0,0.0,0.0,0.0,0.0,0.0,0.0,0.0,0.0,0.0,0.0,0.0,0.0,0.0,0.0,0.0,0.0,0.0,0.0,0.0,0.0,0.0,0.0,0.0,0.0,0.0,0.0,0.0,0.0
0.5221653699460389,0.43177581360485573,0.17510386550865345,0.0199502237737426,0.06691483927022572,0.28586135157906206,0.7308252765672786,0.5433922082494154,0.29987616604203904,0.20243817256083516,1.0,0.7354309222874809,0.5421403683652303,0.4746486945748265,0.7308282619006468,0.5434001017412313,0.47465437934675736,0.5421433083430716,0.5221678084604724,0.2858778886118585,0.2024618624914392,0.2998904894697466,0.4317336636439794,0.17506034002394666,0.019921521917742057,0.06691282073389915,0.012246130969717741,0.012187115463921927,0.0,0.0,0.3754644191762301,0.0,0.0,0.0,0.031306910065942106,0.1610953042172115,0.2491421559336309,0.24914316845621198,0.16110194605176173,0.03132027545715218,0.0,0.0,0.0,0.37536301852907733,0.0,0.0,0.0,0.0,0.0,0.0,0.0,0.0,0.0,0.0,0.0,0.0,0.0,0.0,0.0,0.0,0.0,0.0,0.0,0.0,0.0,0.0,0.0,0.0,0.0,0.0,0.0,0.0,0.0,0.0,0.0,0.0,0.0,0.0,0.0,0.0,0.0,0.0,0.0,0.0,0.0,0.0,0.0,0.0
0.2988603797596261,0.1935879650061503,0.0,0.0,0.0,0.08634912511079888,0.5451782091290069,0.47900529027452315,0.2139645204476303,0.05572124137335136,0.7354309222874809,1.0,0.7361612479739206,0.5512984594409841,0.5451759941340294,0.4790010977287972,0.5512982175655232,0.7361611773465412,0.29885889213783046,0.08634818313754213,0.05572215471274428,0.21396089692824258,0.19355849831090002,0.0,0.0,0.0,0.0,0.0,0.0,0.0,0.15091014096640182,0.0,0.0,0.0,0.0,0.2546602222933184,0.486223681692519,0.4862227896014888,0.25465966714241844,0.0,0.0,0.0,0.0,0.15083271438852702,0.0,0.0,0.0,0.0,0.0,0.0,0.0,0.0,0.0,0.0,0.0,0.0,0.0,0.0,0.0,0.0,0.0,0.0,0.0,0.0,0.0,0.0,0.0,0.0,0.0,0.0,0.0,0.0,0.0,0.0,0.0,0.0,0.0,0.0,0.0,0.0,0.0,0.0,0.0,0.0,0.0,0.0,0.0,0.0
0.21486759797531402,0.05028330002733871,0.0,0.0,0.0,0.06058718384941274,0.4764137823465629,0.5523397172990963,0.3124293794116651,0.10311290237118535,0.5421403683652303,0.7361612479739206,1.0,0.7473483321854947,0.30479810338151825,0.21596823485601,0.31196459716063857,0.5435050713665345,0.08380576208954751,0.0,0.0,0.0,0.03276828596319285,0.0,0.0,0.0,0.0,0.0,0.0,0.0,0.0,0.0,0.0,0.0,0.14253615625056157,0.4913808521616964,0.6858865868330072,0.3933484387009428,0.03535259068428693,0.0,0.0,0.0,0.0,0.03746343376184353,0.0,0.0,0.0,0.0,0.0,0.0,0.0,0.0,0.0,0.0,0.0,0.0,0.0,0.0,0.0,0.0,0.0,0.0,0.0,0.0,0.0,0.0,0.0,0.0,0.0,0.0,0.0,0.0,0.0,0.0,0.0,0.0,0.0,0.0,0.0,0.0,0.0,0.0,0.0,0.0,0.0,0.0,0.0,0.0
0.30489161159040823,0.0893722096971157,0.0,0.0,0.0,0.21506259756155638,0.5430547923619641,0.7361476895285585,0.5431632120614713,0.31146897373590143,0.4746486945748265,0.5512984594409841,0.7473483321854947,1.0,0.21182581825982338,0.05936963301822374,0.10276962528404758,0.31196536844200345,0.038276331519333184,0.0,0.0,0.0,0.05098889154599402,0.0,0.0,0.0,0.0,0.0,0.0,0.0,0.0,0.0,0.0,0.035647739986039734,0.3942103081624661,0.685913319760587,0.49147224900781866,0.14154388667043716,0.0,0.0,0.0,0.0,0.0,0.09334697614382856,0.0,0.0,0.0,0.0,0.0,0.0,0.0,0.0,0.0,0.0,0.0,0.0,0.0,0.0,0.0,0.0,0.0,0.0,0.0,0.0,0.0,0.0,0.0,0.0,0.0,0.0,0.0,0.0,0.0,0.0,0.0,0.0,0.0,0.0,0.0,0.0,0.0,0.0,0.0,0.0,0.0,0.0,0.0,0.0
0.40780239342097263,0.42077860605723877,0.1861871315953507,0.0,0.0,0.15348195578488052,0.5198515187745777,0.29350624152920074,0.07139504472509303,0.017321050776771447,0.7308282619006468,0.5451759941340294,0.30479810338151825,0.21182581825982338,1.0,0.7368540398980639,0.5430556032080404,0.47641558349132096,0.7298281425056241,0.5375755014218497,0.4702036070696247,0.5418892344981887,0.5328022601838334,0.2970970832112907,0.2022993083304434,0.29731338157220505,0.08025621074333968,0.08084779548162585,0.0,0.0,0.42477734450573884,0.0,0.0,0.0,0.0,0.0,0.03538965340204217,0.16284695604818467,0.24982348030125945,0.2499222894824785,0.15643148315526303,0.02549021446509279,0.0,0.3758972900938849,0.0,0.0,0.0,0.0,0.0,0.0,0.0,0.0,0.0,0.0,0.0,0.0,0.0,0.0,0.0,0.0,0.0,0.0,0.0,0.0,0.0,0.0,0.0,0.0,0.0,0.0,0.0,0.0,0.0,0.0,0.0,0.0,0.0,0.0,0.0,0.0,0.0,0.0,0.0,0.0,0.0,0.0,0.0,0.0
0.17143641982112595,0.22150205499272124,0.00024906747988972665,0.0,0.0,0.0,0.2935241097332798,0.08718075710262474,0.0,0.0,0.5434001017412313,0.4790010977287972,0.21596823485601,0.05936963301822374,0.7368540398980639,1.0,0.7361450886071054,0.5523356849045138,0.5455510680778628,0.47660701663314753,0.5487976571396816,0.7348717972007744,0.30535702595228015,0.09639542096274291,0.05776084667882436,0.2149477835280092,0.0,0.0,0.0,0.0,0.2708177151610842,0.0,0.0,0.0,0.0,0.0,0.0,0.25576555455432637,0.4857163617718975,0.48595268051652496,0.2524127838685417,0.0,0.0,0.124261238474217,0.0,0.0,0.0,0.0,0.0,0.0,0.0,0.0,0.0,0.0,0.0,0.0,0.0,0.0,0.0,0.0,0.0,0.0,0.0,0.0,0.0,0.0,0.0,0.0,0.0,0.0,0.0,0.0,0.0,0.0,0.0,0.0,0.0,0.0,0.0,0.0,0.0,0.0,0.0,0.0,0.0,0.0,0.0,0.0
0.03830812831151185,0.05108043691634151,0.0,0.0,0.0,0.0,0.21184071027050627,0.05937990090260451,0.0,0.0,0.47465437934675736,0.5512982175655232,0.31196459716063857,0.10276962528404758,0.5430556032080404,0.7361450886071054,1.0,0.7473478489678083,0.3048964467942057,0.21506705326436293,0.31146862050418433,0.5431589425628937,0.08937198171198797,0.0,0.0,0.0,0.0,0.0,0.0,0.0,0.09348809352916689,0.0,0.0,0.0,0.0,0.0,0.1415422654532158,0.4914723422548896,0.685913989597367,0.3941999678418784,0.03564146109509905,0.0,0.0,0.0,0.0,0.0,0.0,0.0,0.0,0.0,0.0,0.0,0.0,0.0,0.0,0.0,0.0,0.0,0.0,0.0,0.0,0.0,0.0,0.0,0.0,0.0,0.0,0.0,0.0,0.0,0.0,0.0,0.0,0.0,0.0,0.0,0.0,0.0,0.0,0.0,0.0,0.0,0.0,0.0,0.0,0.0,0.0,0.0
0.08381845650895042,0.03281779057537246,0.0,0.0,0.0,0.0,0.3048050738171358,0.21597662371702092,0.0,0.0,0.5421433083430716,0.7361611773465412,0.5435050713665345,0.31196536844200345,0.47641558349132096,0.5523356849045138,0.7473478489678083,1.0,0.21487390767310297,0.06058894986065747,0.10310985686059053,0.3124226096848449,0.05027776932530294,0.0,0.0,0.0,0.0,0.0,0.0,0.0,0.03755744125205982,0.0,0.0,0.0,0.0,0.03535365362364914,0.39334854144658793,0.6858862301544059,0.4913784671719122,0.14252335942762182,0.0,0.0,0.0,0.0,0.0,0.0,0.0,0.0,0.0,0.0,0.0,0.0,0.0,0.0,0.0,0.0,0.0,0.0,0.0,0.0,0.0,0.0,0.0,0.0,0.0,0.0,0.0,0.0,0.0,0.0,0.0,0.0,0.0,0.0,0.0,0.0,0.0,0.0,0.0,0.0,0.0,0.0,0.0,0.0,0.0,0.0,0.0,0.0
0.3838655209440483,0.43158544520188047,0.24914984877990234,0.06570225921328375,0.031945450802212484,0.16157518396349305,0.40778848566339126,0.1713904486984263,0.0,0.0,0.5221678084604724,0.29885889213783046,0.08380576208954751,0.038276331519333184,0.7298281425056241,0.5455510680778628,0.3048964467942057,0.21487390767310297,1.0,0.7350200172742549,0.5420654539821316,0.4771788227101906,0.7383145031087308,0.5469792762064254,0.4723879381590726,0.5435326099247325,0.1578764521128135,0.30561491960771564,0.006945541535094474,0.07162001064637791,0.39830325514020326,0.0,0.0,0.0,0.0,0.0,0.0,0.0,0.034565819594655905,0.1632391330220784,0.2482650826735536,0.2501420100756804,0.15869305303836517,0.48599510382727035,0.0,0.0,0.0,0.0,0.0,0.0,0.0,0.0,0.0,0.0,0.0,0.0,0.0,0.0,0.0,0.0,0.0,0.0,0.0,0.0,0.0,0.0,0.0,0.0,0.0,0.0,0.0,0.0,0.0,0.0,0.0,0.0,0.0,0.0,0.0,0.0,0.0,0.0,0.0,0.0,0.0,0.0,0.0,0.0
0.16164446290819073,0.2746256355855329,0.14589602664382015,0.0,0.0,0.0,0.15350256404161408,0.0,0.0,0.0,0.2858778886118585,0.08634818313754213,0.0,0.0,0.5375755014218497,0.47660701663314753,0.21506705326436293,0.06058894986065747,0.7350200172742549,1.0,0.7354857348635704,0.5524516525677917,0.5500758836797739,0.48132719034539706,0.5489964152732425,0.7375440987742837,0.1324468840380865,0.2159779295265305,0.03626062494158504,0.0,0.2722875192873896,0.0,0.0,0.0,0.0,0.0,0.0,0.0,0.0,0.2559111973702856,0.48482976651715526,0.48746777809765246,0.25294464161537294,0.2543280771484055,0.0,0.0,0.0,0.0,0.0,0.0,0.0,0.0,0.0,0.0,0.0,0.0,0.0,0.0,0.0,0.0,0.0,0.0,0.0,0.0,0.0,0.0,0.0,0.0,0.0,0.0,0.0,0.0,0.0,0.0,0.0,0.0,0.0,0.0,0.0,0.0,0.0,0.0,0.0,0.0,0.0,0.0,0.0,0.0
0.0,0.13026136420797735,0.0,0.0,0.0,0.0,0.017364484405145007,0.0,0.0,0.0,0.2024618624914392,0.05572215471274428,0.0,0.0,0.4702036070696247,0.5487976571396816,0.31146862050418433,0.10310985686059053,0.5420654539821316,0.7354857348635704,1.0,0.7479084769226826,0.308044445391146,0.2179040082676026,0.30907354171064877,0.5428952270075385,0.020771881427073882,0.0,0.0,0.0,0.17545401855217854,0.0,0.0,0.0,0.0,0.0,0.0,0.0,0.14237817510617923,0.4926201985156259,0.6859449287271387,0.3921296617713689,0.033122104735536534,0.03154997888507359,0.0,0.0,0.0,0.0,0.0,0.0,0.0,0.0,0.0,0.0,0.0,0.0,0.0,0.0,0.0,0.0,0.0,0.0,0.0,0.0,0.0,0.0,0.0,0.0,0.0,0.0,0.0,0.0,0.0,0.0,0.0,0.0,0.0,0.0,0.0,0.0,0.0,0.0,0.0,0.0,0.0,0.0,0.0,0.0
0.0,0.10350217781444884,0.0,0.0,0.0,0.0,0.07142797824233507,0.0,0.0,0.0,0.2998904894697466,0.21396089692824258,0.0,0.0,0.5418892344981887,0.7348717972007744,0.5431589425628937,0.3124226096848449,0.4771788227101906,0.5524516525677917,0.7479084769226826,1.0,0.2189375053387683,0.06678073954168545,0.10369125346424546,0.3142086426194279,0.0,0.0,0.0,0.0,0.1690151382692844,0.0,0.0,0.0,0.0,0.0,0.0,0.036571554485496094,0.3931551900290931,0.6858567393028069,0.49192359983994083,0.14190476069497154,0.0,0.0,0.0,0.0,0.0,0.0,0.0,0.0,0.0,0.0,0.0,0.0,0.0,0.0,0.0,0.0,0.0,0.0,0.0,0.0,0.0,0.0,0.0,0.0,0.0,0.0,0.0,0.0,0.0,0.0,0.0,0.0,0.0,0.0,0.0,0.0,0.0,0.0,0.0,0.0,0.0,0.0,0.0,0.0,0.0,0.0
0.4314515857851628,0.4127271059702553,0.26243588491395853,0.14573488742968907,0.15227435232136052,0.2743853231718202,0.42067289579265127,0.22136181062964003,0.10329275490438773,0.12999282094525771,0.4317336636439794,0.19355849831090002,0.03276828596319285,0.05098889154599402,0.5328022601838334,0.30535702595228015,0.08937198171198797,0.05027776932530294,0.7383145031087308,0.5500758836797739,0.308044445391146,0.2189375053387683,1.0,0.7425807807214503,0.5485742727667985,0.4834406675669982,0.12107767616630143,0.5479737980072804,0.0,0.32375827263912,0.29020962546701473,0.0,0.0,0.0,0.0,0.0,0.0,0.0,0.0,0.0,0.035856934451081894,0.16941104340011376,0.25471527710527886,0.6868640044900591,0.0,0.0,0.0,0.0,0.0,0.0,0.0,0.0,0.0,0.0,0.0,0.0,0.0,0.0,0.0,0.0,0.0,0.0,0.0,0.0,0.0,0.0,0.0,0.0,0.0,0.0,0.0,0.0,0.0,0.0,0.0,0.0,0.0,0.0,0.0,0.0,0.0,0.0,0.0,0.0,0.0,0.0,0.0,0.0
0.2490019757808258,0.26243085040941516,0.18639947649835636,0.10343732126180569,0.08548906123334414,0.14560051124513862,0.18607196666092643,8.033879886945079e-05,0.0,0.0,0.17506034002394666,0.0,0.0,0.0,0.2970970832112907,0.09639542096274291,0.0,0.0,0.5469792762064254,0.48132719034539706,0.2179040082676026,0.06678073954168545,0.7425807807214503,1.0,0.7375047619015758,0.5546051558567349,0.07715122790378168,0.7344828679697991,0.0,0.491208551728206,0.11978775009354546,0.0,0.0,0.0,0.0,0.0,0.0,0.0,0.0,0.0,0.0,0.2581133822766353,0.48503190444784733,0.4926986488292254,0.0,0.0,0.0,0.0,0.0,0.0,0.0,0.0,0.0,0.0,0.0,0.0,0.0,0.0,0.0,0.0,0.0,0.0,0.0,0.0,0.0,0.0,0.0,0.0,0.0,0.0,0.0,0.0,0.0,0.0,0.0,0.0,0.0,0.0,0.0,0.0,0.0,0.0,0.0,0.0,0.0,0.0,0.0,0.0
0.06563673072654111,0.1458280588792369,0.10357303278142631,0.0,0.0,0.0,0.0,0.0,0.0,0.0,0.019921521917742057,0.0,0.0,0.0,0.2022993083304434,0.05776084667882436,0.0,0.0,0.4723879381590726,0.5489964152732425,0.30907354171064877,0.10369125346424546,0.5485742727667985,0.7375047619015758,1.0,0.7454850882253218,0.068420293207512,0.5430366113415152,0.0,0.31987939390609305,0.042790695346520156,0.0,0.0,0.0,0.0,0.0,0.0,0.0,0.0,0.0,0.13650110536603932,0.4914724183829326,0.6862556172836757,0.25614642470257226,0.0,0.0,0.0,0.0,0.0,0.0,0.0,0.0,0.0,0.0,0.0,0.0,0.0,0.0,0.0,0.0,0.0,0.0,0.0,0.0,0.0,0.0,0.0,0.0,0.0,0.0,0.0,0.0,0.0,0.0,0.0,0.0,0.0,0.0,0.0,0.0,0.0,0.0,0.0,0.0,0.0,0.0,0.0,0.0
0.03197575023526491,0.1524827893908962,0.08577122606594835,0.0,0.0,0.0,0.0,0.0,0.0,0.0,0.06691282073389915,0.0,0.0,0.0,0.29731338157220505,0.2149477835280092,0.0,0.0,0.5435326099247325,0.7375440987742837,0.5428952270075385,0.3142086426194279,0.4834406675669982,0.5546051558567349,0.7454850882253218,1.0,0.09454173711521298,0.3120717757771722,0.01775438269476373,0.07805716441496043,0.10815946756554128,0.0,0.0,0.0,0.0,0.0,0.0,0.0,0.0,0.037858826665975585,0.3900596004636737,0.6859260181752821,0.4894701472826486,0.17052878838075672,0.0,0.0,0.0,0.0,0.0,0.0,0.0,0.0,0.0,0.0,0.0,0.0,0.0,0.0,0.0,0.0,0.0,0.0,0.0,0.0,0.0,0.0,0.0,0.0,0.0,0.0,0.0,0.0,0.0,0.0,0.0,0.0,0.0,0.0,0.0,0.0,0.0,0.0,0.0,0.0,0.0,0.0,0.0,0.0
0.3056127306229556,0.5479708094767753,0.7344825314888533,0.5430364680153846,0.3120653327977658,0.21596243289206973,0.08086082123643067,0.0,0.0,0.0,0.012246130969717741,0.0,0.0,0.0,0.08025621074333968,0.0,0.0,0.0,0.1578764521128135,0.1324468840380865,0.020771881427073882,0.0,0.12107767616630143,0.07715122790378168,0.068420293207512,0.09454173711521298,1.0,0.0,0.7567239486861764,0.0,0.399739842969611,0.3893253590360553,0.03550727051950775,0.0,0.0,0.0,0.0,0.0,0.0,0.0,0.0,0.0,0.0,0.0,0.0,0.0,0.0,0.0,0.0,0.0,0.0,0.0,0.0,0.0,0.0,0.0,0.0,0.0,0.0,0.0,0.0,0.0,0.0,0.0,0.0,0.0,0.0,0.0,0.0,0.0,0.0,0.0,0.0,0.0,0.0,0.0,0.0,0.0,0.0,0.0,0.0,0.0,0.0,0.0,0.0,0.0,0.0,0.0
0.15765120206318622,0.1209822122372065,0.07702694569948781,0.06812885083147159,0.09408581548686787,0.13201693638896167,0.08009717682543648,0.0,0.0,0.020287670222806784,0.012187115463921927,0.0,0.0,0.0,0.08084779548162585,0.0,0.0,0.0,0.30561491960771564,0.2159779295265305,0.0,0.0,0.5479737980072804,0.7344828679697991,0.5430366113415152,0.3120717757771722,0.0,1.0,0.0,0.7567240907228228,0.0,0.0,0.0,0.0,0.0,0.0,0.0,0.0,0.0,0.0,0.0,0.03550660953822471,0.3893290570398153,0.39976639283950943,0.0,0.0,0.0,0.0,0.0,0.0,0.0,0.0,0.0,0.0,0.0,0.0,0.0,0.0,0.0,0.0,0.0,0.0,0.0,0.0,0.0,0.0,0.0,0.0,0.0,0.0,0.0,0.0,0.0,0.0,0.0,0.0,0.0,0.0,0.0,0.0,0.0,0.0,0.0,0.0,0.0,0.0,0.0,0.0
0.07161701789869103,0.32375376580354126,0.49120808416363837,0.31987767316594634,0.0780499162031259,0.0,0.0,0.0,0.0,0.0,0.0,0.0,0.0,0.0,0.0,0.0,0.0,0.0,0.006945541535094474,0.03626062494158504,0.0,0.0,0.0,0.0,0.0,0.01775438269476373,0.7567239486861764,0.0,1.0,0.0,0.2331068405996007,0.22326321071855917,0.0,0.0,0.0,0.0,0.0,0.0,0.0,0.0,0.0,0.0,0.0,0.0,0.0,0.0,0.0,0.0,0.0,0.0,0.0,0.0,0.0,0.0,0.0,0.0,0.0,0.0,0.0,0.0,0.0,0.0,0.0,0.0,0.0,0.0,0.0,0.0,0.0,0.0,0.0,0.0,0.0,0.0,0.0,0.0,0.0,0.0,0.0,0.0,0.0,0.0,0.0,0.0,0.0,0.0,0.0,0.0
0.006675698334286137,0.0,0.0,0.0,0.017178190286947184,0.0357481423124432,0.0,0.0,0.0,0.0,0.0,0.0,0.0,0.0,0.0,0.0,0.0,0.0,0.07162001064637791,0.0,0.0,0.0,0.32375827263912,0.491208551728206,0.31987939390609305,0.07805716441496043,0.0,0.7567240907228228,0.0,1.0,0.0,0.0,0.0,0.0,0.0,0.0,0.0,0.0,0.0,0.0,0.0,0.0,0.22327011283352102,0.23314170670454962,0.0,0.0,0.0,0.0,0.0,0.0,0.0,0.0,0.0,0.0,0.0,0.0,0.0,0.0,0.0,0.0,0.0,0.0,0.0,0.0,0.0,0.0,0.0,0.0,0.0,0.0,0.0,0.0,0.0,0.0,0.0,0.0,0.0,0.0,0.0,0.0,0.0,0.0,0.0,0.0,0.0,0.0,0.0,0.0
0.486019433816475,0.6868695565520944,0.4926926395436831,0.256153807986563,0.17054371138356872,0.25434401404256407,0.3759566006133149,0.12431036496866112,0.0,0.03157781337866705,0.3754644191762301,0.15091014096640182,0.0,0.0,0.42477734450573884,0.2708177151610842,0.09348809352916689,0.03755744125205982,0.39830325514020326,0.2722875192873896,0.17545401855217854,0.1690151382692844,0.29020962546701473,0.11978775009354546,0.042790695346520156,0.10815946756554128,0.399739842969611,0.0,0.2331068405996007,0.0,1.0,0.0,0.0,0.0,0.0,0.0,0.0,0.0,0.0,0.0,0.0,0.0,0.0,0.16687484158258795,0.0,0.0,0.0,0.0,0.0,0.0,0.0,0.0,0.0,0.0,0.0,0.0,0.0,0.0,0.0,0.0,0.0,0.0,0.0,0.0,0.0,0.0,0.0,0.0,0.0,0.0,0.0,0.0,0.0,0.0,0.0,0.0,0.0,0.0,0.0,0.0,0.0,0.0,0.0,0.0,0.0,0.0,0.0,0.0
0.1587051976122286,0.2547253509697602,0.48503272223603766,0.6862552437090663,0.489469776009662,0.2529408944583841,0.0,0.0,0.0,0.03310483661194541,0.0,0.0,0.0,0.0,0.0,0.0,0.0,0.0,0.0,0.0,0.0,0.0,0.0,0.0,0.0,0.0,0.3893253590360553,0.0,0.22326321071855917,0.0,0.0,1.0,0.40670326569243614,0.0,0.0,0.0,0.0,0.0,0.0,0.0,0.0,0.0,0.0,0.0,0.0,0.0,0.0,0.0,0.0,0.0,0.0,0.0,0.0,0.0,0.0,0.0,0.0,0.0,0.0,0.0,0.0,0.0,0.0,0.0,0.0,0.0,0.0,0.0,0.0,0.0,0.0,0.0,0.0,0.0,0.0,0.0,0.0,0.0,0.0,0.0,0.0,0.0,0.0,0.0,0.0,0.0,0.0,0.0
0.2501477633559083,0.16941924650343482,0.25811212108415155,0.49147280114943775,0.6859252007635341,0.48746299652485076,0.025473654162737037,0.0,0.1418733196568252,0.39210083148353847,0.0,0.0,0.0,0.0,0.0,0.0,0.0,0.0,0.0,0.0,0.0,0.0,0.0,0.0,0.0,0.0,0.03550727051950775,0.0,0.0,0.0,0.0,0.40670326569243614,1.0,0.4191038250815973,0.0,0.0,0.0,0.0,0.0,0.0,0.0,0.0,0.0,0.0,0.0,0.0,0.0,0.0,0.0,0.0,0.0,0.0,0.0,0.0,0.0,0.0,0.0,0.0,0.0,0.0,0.0,0.0,0.0,0.0,0.0,0.0,0.0,0.0,0.0,0.0,0.0,0.0,0.0,0.0,0.0,0.0,0.0,0.0,0.0,0.0,0.0,0.0,0.0,0.0,0.0,0.0,0.0,0.0
0.2482668790652551,0.03585015702568257,0.0,0.1364665698741196,0.39003136686533874,0.48482660400602795,0.15641799946000148,0.2524078289939413,0.49192476653687367,0.6859446433700798,0.0,0.0,0.0,0.035647739986039734,0.0,0.0,0.0,0.0,0.0,0.0,0.0,0.0,0.0,0.0,0.0,0.0,0.0,0.0,0.0,0.0,0.0,0.0,0.4191038250815973,1.0,0.40867964676849566,0.0,0.0,0.0,0.0,0.0,0.0,0.0,0.0,0.0,0.0,0.0,0.0,0.0,0.0,0.0,0.0,0.0,0.0,0.0,0.0,0.0,0.0,0.0,0.0,0.0,0.0,0.0,0.0,0.0,0.0,0.0,0.0,0.0,0.0,0.0,0.0,0.0,0.0,0.0,0.0,0.0,0.0,0.0,0.0,0.0,0.0,0.0,0.0,0.0,0.0,0.0,0.0,0.0
0.16324620175210786,0.0,0.0,0.0,0.03784071496435086,0.25591157607730075,0.24992196761734997,0.4859540986686243,0.6858569595704082,0.4926202643799171,0.031306910065942106,0.0,0.14253615625056157,0.3942103081624661,0.0,0.0,0.0,0.0,0.0,0.0,0.0,0.0,0.0,0.0,0.0,0.0,0.0,0.0,0.0,0.0,0.0,0.0,0.0,0.40867964676849566,1.0,0.425638201962898,0.0,0.0,0.0,0.0,0.0,0.0,0.0,0.0,0.0,0.0,0.0,0.0,0.0,0.0,0.0,0.0,0.0,0.0,0.0,0.0,0.0,0.0,0.0,0.0,0.0,0.0,0.0,0.0,0.0,0.0,0.0,0.0,0.0,0.0,0.0,0.0,0.0,0.0,0.0,0.0,0.0,0.0,0.0,0.0,0.0,0.0,0.0,0.0,0.0,0.0,0.0,0.0
0.03455809849713671,0.0,0.0,0.0,0.0,0.0,0.24982056424238508,0.48571522039662945,0.3931571237450582,0.14237835949933314,0.1610953042172115,0.2546602222933184,0.4913808521616964,0.685913319760587,0.0,0.0,0.0,0.03535365362364914,0.0,0.0,0.0,0.0,0.0,0.0,0.0,0.0,0.0,0.0,0.0,0.0,0.0,0.0,0.0,0.0,0.425638201962898,1.0,0.4065315344255403,0.0,0.0,0.0,0.0,0.0,0.0,0.0,0.0,0.0,0.0,0.0,0.0,0.0,0.0,0.0,0.0,0.0,0.0,0.0,0.0,0.0,0.0,0.0,0.0,0.0,0.0,0.0,0.0,0.0,0.0,0.0,0.0,0.0,0.0,0.0,0.0,0.0,0.0,0.0,0.0,0.0,0.0,0.0,0.0,0.0,0.0,0.0,0.0,0.0,0.0,0.0
0.0,0.0,0.0,0.0,0.0,0.0,0.16284522430042564,0.2557700506303979,0.036581221327034695,0.0,0.2491421559336309,0.486223681692519,0.6858865868330072,0.49147224900781866,0.03538965340204217,0.0,0.1415422654532158,0.39334854144658793,0.0,0.0,0.0,0.0,0.0,0.0,0.0,0.0,0.0,0.0,0.0,0.0,0.0,0.0,0.0,0.0,0.0,0.4065315344255403,1.0,0.42405353715334115,0.0,0.0,0.0,0.0,0.0,0.0,0.0,0.0,0.0,0.0,0.0,0.0,0.0,0.0,0.0,0.0,0.0,0.0,0.0,0.0,0.0,0.0,0.0,0.0,0.0,0.0,0.0,0.0,0.0,0.0,0.0,0.0,0.0,0.0,0.0,0.0,0.0,0.0,0.0,0.0,0.0,0.0,0.0,0.0,0.0,0.0,0.0,0.0,0.0,0.0
0.0,0.0,0.0,0.0,0.0,0.0,0.03539381590045858,0.0,0.0,0.0,0.24914316845621198,0.4862227896014888,0.3933484387009428,0.14154388667043716,0.16284695604818467,0.25576555455432637,0.4914723422548896,0.6858862301544059,0.0,0.0,0.0,0.036571554485496094,0.0,0.0,0.0,0.0,0.0,0.0,0.0,0.0,0.0,0.0,0.0,0.0,0.0,0.0,0.42405353715334115,1.0,0.40652773410899623,0.0,0.0,0.0,0.0,0.0,0.0,0.0,0.0,0.0,0.0,0.0,0.0,0.0,0.0,0.0,0.0,0.0,0.0,0.0,0.0,0.0,0.0,0.0,0.0,0.0,0.0,0.0,0.0,0.0,0.0,0.0,0.0,0.0,0.0,0.0,0.0,0.0,0.0,0.0,0.0,0.0,0.0,0.0,0.0,0.0,0.0,0.0,0.0,0.0
0.0,0.0,0.0,0.0,0.0,0.0,0.0,0.0,0.0,0.0,0.16110194605176173,0.25465966714241844,0.03535259068428693,0.0,0.24982348030125945,0.4857163617718975,0.685913989597367,0.4913784671719122,0.034565819594655905,0.0,0.14237817510617923,0.3931551900290931,0.0,0.0,0.0,0.0,0.0,0.0,0.0,0.0,0.0,0.0,0.0,0.0,0.0,0.0,0.0,0.40652773410899623,1.0,0.4256241005018048,0.0,0.0,0.0,0.0,0.0,0.0,0.0,0.0,0.0,0.0,0.0,0.0,0.0,0.0,0.0,0.0,0.0,0.0,0.0,0.0,0.0,0.0,0.0,0.0,0.0,0.0,0.0,0.0,0.0,0.0,0.0,0.0,0.0,0.0,0.0,0.0,0.0,0.0,0.0,0.0,0.0,0.0,0.0,0.0,0.0,0.0,0.0,0.0
0.0,0.0,0.0,0.0,0.0,0.0,0.0,0.0,0.0,0.0,0.03132027545715218,0.0,0.0,0.0,0.2499222894824785,0.48595268051652496,0.3941999678418784,0.14252335942762182,0.1632391330220784,0.2559111973702856,0.4926201985156259,0.6858567393028069,0.0,0.0,0.0,0.037858826665975585,0.0,0.0,0.0,0.0,0.0,0.0,0.0,0.0,0.0,0.0,0.0,0.0,0.4256241005018048,1.0,0.40867354545964496,0.0,0.0,0.0,0.0,0.0,0.0,0.0,0.0,0.0,0.0,0.0,0.0,0.0,0.0,0.0,0.0,0.0,0.0,0.0,0.0,0.0,0.0,0.0,0.0,0.0,0.0,0.0,0.0,0.0,0.0,0.0,0.0,0.0,0.0,0.0,0.0,0.0,0.0,0.0,0.0,0.0,0.0,0.0,0.0,0.0,0.0,0.0
0.0,0.0,0.0,0.0,0.0,0.0,0.0,0.0,0.0,0.0,0.0,0.0,0.0,0.0,0.15643148315526303,0.2524127838685417,0.03564146109509905,0.0,0.2482650826735536,0.48482976651715526,0.6859449287271387,0.49192359983994083,0.035856934451081894,0.0,0.13650110536603932,0.3900596004636737,0.0,0.0,0.0,0.0,0.0,0.0,0.0,0.0,0.0,0.0,0.0,0.0,0.0,0.40867354545964496,1.0,0.4191650414710233,0.0,0.0,0.0,0.0,0.0,0.0,0.0,0.0,0.0,0.0,0.0,0.0,0.0,0.0,0.0,0.0,0.0,0.0,0.0,0.0,0.0,0.0,0.0,0.0,0.0,0.0,0.0,0.0,0.0,0.0,0.0,0.0,0.0,0.0,0.0,0.0,0.0,0.0,0.0,0.0,0.0,0.0,0.0,0.0,0.0,0.0
0.0,0.0,0.0,0.0,0.0,0.0,0.0,0.0,0.0,0.0,0.0,0.0,0.0,0.0,0.02549021446509279,0.0,0.0,0.0,0.2501420100756804,0.48746777809765246,0.3921296617713689,0.14190476069497154,0.16941104340011376,0.2581133822766353,0.4914724183829326,0.6859260181752821,0.0,0.03550660953822471,0.0,0.0,0.0,0.0,0.0,0.0,0.0,0.0,0.0,0.0,0.0,0.0,0.4191650414710233,1.0,0.40669005071661857,0.0,0.0,0.0,0.0,0.0,0.0,0.0,0.0,0.0,0.0,0.0,0.0,0.0,0.0,0.0,0.0,0.0,0.0,0.0,0.0,0.0,0.0,0.0,0.0,0.0,0.0,0.0,0.0,0.0,0.0,0.0,0.0,0.0,0.0,0.0,0.0,0.0,0.0,0.0,0.0,0.0,0.0,0.0,0.0,0.0
0.0,0.0,0.0,0.0,0.0,0.0,0.0,0.0,0.0,0.0,0.0,0.0,0.0,0.0,0.0,0.0,0.0,0.0,0.15869305303836517,0.25294464161537294,0.033122104735536534,0.0,0.25471527710527886,0.48503190444784733,0.6862556172836757,0.4894701472826486,0.0,0.3893290570398153,0.0,0.22327011283352102,0.0,0.0,0.0,0.0,0.0,0.0,0.0,0.0,0.0,0.0,0.0,0.40669005071661857,1.0,0.0,0.0,0.0,0.0,0.0,0.0,0.0,0.0,0.0,0.0,0.0,0.0,0.0,0.0,0.0,0.0,0.0,0.0,0.0,0.0,0.0,0.0,0.0,0.0,0.0,0.0,0.0,0.0,0.0,0.0,0.0,0.0,0.0,0.0,0.0,0.0,0.0,0.0,0.0,0.0,0.0,0.0,0.0,0.0,0.0
0.39806626473399687,0.2901041981756525,0.11968583539409874,0.04260923429485006,0.10786924763633549,0.27194997653292535,0.4245815623369956,0.2706011992805229,0.1687276943524499,0.17509844583375528,0.37536301852907733,0.15083271438852702,0.03746343376184353,0.09334697614382856,0.3758972900938849,0.124261238474217,0.0,0.0,0.48599510382727035,0.2543280771484055,0.03154997888507359,0.0,0.6868640044900591,0.4926986488292254,0.25614642470257226,0.17052878838075672,0.0,0.39976639283950943,0.0,0.23314170670454962,0.16687484158258795,0.0,0.0,0.0,0.0,0.0,0.0,0.0,0.0,0.0,0.0,0.0,0.0,1.0,0.0,0.0,0.0,0.0,0.0,0.0,0.0,0.0,0.0,0.0,0.0,0.0,0.0,0.0,0.0,0.0,0.0,0.0,0.0,0.0,0.0,0.0,0.0,0.0,0.0,0.0,0.0,0.0,0.0,0.0,0.0,0.0,0.0,0.0,0.0,0.0,0.0,0.0,0.0,0.0,0.0,0.0,0.0,0.0
0.0,0.0,0.0,0.0,0.0,0.0,0.0,0.0,0.0,0.0,0.0,0.0,0.0,0.0,0.0,0.0,0.0,0.0,0.0,0.0,0.0,0.0,0.0,0.0,0.0,0.0,0.0,0.0,0.0,0.0,0.0,0.0,0.0,0.0,0.0,0.0,0.0,0.0,0.0,0.0,0.0,0.0,0.0,0.0,1.0,0.738316732223232,0.546980077764775,0.47240040583182136,0.5435446016081946,0.7350218315500779,0.7298237470380222,0.545550519846564,0.4771858813524295,0.5420708448240593,0.5221653460866903,0.29886037462207077,0.21486749175065284,0.30489165417803793,0.4078023902218786,0.17143632152425028,0.03830812244416903,0.08381840582000503,0.3838654875561251,0.1616443802105963,0.0,0.0,0.43145160644938474,0.2490019698507404,0.06563680451077168,0.03197568547209642,0.3056127491453696,0.15765121185517056,0.07161697531172202,0.006675802940462368,0.48601936411601343,0.15870523200763587,0.2501477401915133,0.2482669646519396,0.16324616006248024,0.03455803592148472,0.0,0.0,0.0,0.0,0.0,0.0,0.0,0.3980662786200315
0.0,0.0,0.0,0.0,0.0,0.0,0.0,0.0,0.0,0.0,0.0,0.0,0.0,0.0,0.0,0.0,0.0,0.0,0.0,0.0,0.0,0.0,0.0,0.0,0.0,0.0,0.0,0.0,0.0,0.0,0.0,0.0,0.0,0.0,0.0,0.0,0.0,0.0,0.0,0.0,0.0,0.0,0.0,0.0,0.738316732223232,1.0,0.7425845034496441,0.5485877833685993,0.4834497286891724,0.5500726739294141,0.5328179505457175,0.3053628528212466,0.21894190893846555,0.3080448002149505,0.4317758403132797,0.1935880679530456,0.050283257419965775,0.08937231910336059,0.4207786613490847,0.22150201944413542,0.05108051548709504,0.03281781421412547,0.4315854287458324,0.2746255895697296,0.13026134648086735,0.10350223413835356,0.41272709972895655,0.2624308352459025,0.14582809049946005,0.15248273203009716,0.5479707745501371,0.12098218033924979,0.32375368704881385,0.0,0.6868695097213742,0.2547253250212531,0.16941915900008456,0.035850199437354104,0.0,0.0,0.0,0.0,0.0,0.0,0.0,0.0,0.0,0.2901041624567957
0.0,0.0,0.0,0.0,0.0,0.0,0.0,0.0,0.0,0.0,0.0,0.0,0.0,0.0,0.0,0.0,0.0,0.0,0.0,0.0,0.0,0.0,0.0,0.0,0.0,0.0,0.0,0.0,0.0,0.0,0.0,0.0,0.0,0.0,0.0,0.0,0.0,0.0,0.0,0.0,0.0,0.0,0.0,0.0,0.546980077764775,0.7425845034496441,1.0,0.737507415921071,0.554599278381156,0.481311655091291,0.2971065342794788,0.09638809284765631,0.06676583508172326,0.21788593413823118,0.17510391815807014,0.0,0.0,0.0,0.18618720212526513,0.00024903687123929756,0.0,0.0,0.24914982424470658,0.14589599568870532,0.0,0.0,0.2624359117729862,0.18639947719307867,0.1035730370099982,0.08577118377016714,0.7344825116598952,0.07702693793803213,0.49120799705719514,0.0,0.4926926125583137,0.48503270605072113,0.2581120904676133,0.0,0.0,0.0,0.0,0.0,0.0,0.0,0.0,0.0,0.0,0.11968581544027447
0.0,0.0,0.0,0.0,0.0,0.0,0.0,0.0,0.0,0.0,0.0,0.0,0.0,0.0,0.0,0.0,0.0,0.0,0.0,0.0,0.0,0.0,0.0,0.0,0.0,0.0,0.0,0.0,0.0,0.0,0.0,0.0,0.0,0.0,0.0,0.0,0.0,0.0,0.0,0.0,0.0,0.0,0.0,0.0,0.47240040583182136,0.5485877833685993,0.737507415921071,1.0,0.7454800093466504,0.548989058273493,0.20230654518372695,0.05775238885677736,0.10367443430952088,0.30905526137802447,0.01995019714973754,0.0,0.0,0.0,0.0,0.0,0.0,0.0,0.06570215296402201,0.0,0.0,0.0,0.14573489018452443,0.10343728650904699,0.0,0.0,0.5430364430336152,0.06812885344520501,0.3198775789577244,0.0,0.25615366487271773,0.6862552521980895,0.4914728565723048,0.1364666544782678,0.0,0.0,0.0,0.0,0.0,0.0,0.0,0.0,0.0,0.042609184075576546
0.0,0.0,0.0,0.0,0.0,0.0,0.0,0.0,0.0,0.0,0.0,0.0,0.0,0.0,0.0,0.0,0.0,0.0,0.0,0.0,0.0,0.0,0.0,0.0,0.0,0.0,0.0,0.0,0.0,0.0,0.0,0.0,0.0,0.0,0.0,0.0,0.0,0.0,0.0,0.0,0.0,0.0,0.0,0.0,0.5435446016081946,0.4834497286891724,0.554599278381156,0.7454800093466504,1.0,0.737543677879234,0.2973097597748974,0.21493724932825703,0.31419475393047,0.5428809277897487,0.06691480797214866,0.0,0.0,0.0,0.0,0.0,0.0,0.0,0.03194536831225375,0.0,0.0,0.0,0.1522743750671865,0.08548902624952073,0.0,0.0,0.312065381014695,0.09408581705647635,0.07804989792964162,0.017178233803280766,0.17054359875300013,0.48946978306957467,0.6859251789107386,0.39003136325017024,0.03784063500981421,0.0,0.0,0.0,0.0,0.0,0.0,0.0,0.0,0.10786921143804322
0.0,0.0,0.0,0.0,0.0,0.0,0.0,0.0,0.0,0.0,0.0,0.0,0.0,0.0,0.0,0.0,0.0,0.0,0.0,0.0,0.0,0.0,0.0,0.0,0.0,0.0,0.0,0.0,0.0,0.0,0.0,0.0,0.0,0.0,0.0,0.0,0.0,0.0,0.0,0.0,0.0,0.0,0.0,0.0,0.7350218315500779,0.5500726739294141,0.481311655091291,0.548989058273493,0.737543677879234,1.0,0.5375621041055428,0.476599163509695,0.5524513408968197,0.7354867791440035,0.2858614012765978,0.08634916534199931,0.06058715188011047,0.2150626609288441,0.1534820100657415,0.0,0.0,0.0,0.1615751687046235,0.0,0.0,0.0,0.27438537933479273,0.1456004856567708,0.0,0.0,0.2159624798587556,0.13201692554787856,0.0,0.03574819771187129,0.254343976710258,0.2529408748822496,0.4874629110933909,0.48482662959064077,0.2559115280598982,0.0,0.0,0.0,0.0,0.0,0.0,0.0,0.0,0.27195000875097775
0.0,0.0,0.0,0.0,0.0,0.0,0.0,0.0,0.0,0.0,0.0,0.0,0.0,0.0,0.0,0.0,0.0,0.0,0.0,0.0,0.0,0.0,0.0,0.0,0.0,0.0,0.0,0.0,0.0,0.0,0.0,0.0,0.0,0.0,0.0,0.0,0.0,0.0,0.0,0.0,0.0,0.0,0.0,0.0,0.7298237470380222,0.5328179505457175,0.2971065342794788,0.20230654518372695,0.2973097597748974,0.5375621041055428,1.0,0.7368537562674146,0.5418866253780884,0.4701911779071753,0.7308253164563902,0.5451782489495839,0.4764137432200683,0.5430549066831504,0.5198515271474382,0.29352405389324515,0.2118407428039206,0.3048050877023527,0.4077884799364728,0.15350245980302282,0.01736442533154089,0.07142796858487818,0.42067287805587594,0.18607191921718352,0.0,0.0,0.08086078194480673,0.0800971335156149,0.0,0.0,0.3759565606092728,0.0,0.02547357272236062,0.15641806728918145,0.24992195403839843,0.24982055516578044,0.16284527903754864,0.03539381223609445,0.0,0.0,0.0,0.0,0.0,0.4245816005007923
0.0,0.0,0.0,0.0,0.0,0.0,0.0,0.0,0.0,0.0,0.0,0.0,0.0,0.0,0.0,0.0,0.0,0.0,0.0,0.0,0.0,0.0,0.0,0.0,0.0,0.0,0.0,0.0,0.0,0.0,0.0,0.0,0.0,0.0,0.0,0.0,0.0,0.0,0.0,0.0,0.0,0.0,0.0,0.0,0.545550519846564,0.3053628528212466,0.09638809284765631,0.05775238885677736,0.21493724932825703,0.476599163509695,0.7368537562674146,1.0,0.734869738599324,0.5487899880795309,0.5433923199804008,0.47900536940787,0.5523398191159472,0.7361478543559403,0.2935062977670492,0.08718078602100832,0.05938001513860805,0.21597675099262037,0.17139046644114125,0.0,0.0,0.0,0.2213617933913022,8.024901600781168e-05,0.0,0.0,0.0,0.0,0.0,0.0,0.12431034481103477,0.0,0.0,0.25240777627940925,0.4859540019724355,0.4857152556653719,0.2557701913373251,0.0,0.0,0.0,0.0,0.0,0.0,0.2706012382924004
0.0,0.0,0.0,0.0,0.0,0.0,0.0,0.0,0.0,0.0,0.0,0.0,0.0,0.0,0.0,0.0,0.0,0.0,0.0,0.0,0.0,0.0,0.0,0.0,0.0,0.0,0.0,0.0,0.0,0.0,0.0,0.0,0.0,0.0,0.0,0.0,0.0,0.0,0.0,0.0,0.0,0.0,0.0,0.0,0.4771858813524295,0.21894190893846555,0.06676583508172326,0.10367443430952088,0.31419475393047,0.5524513408968197,0.5418866253780884,0.734869738599324,1.0,0.7479069316514987,0.29987616633541775,0.21396446828608987,0.3124293818322671,0.5431632504252345,0.0713950068261572,0.0,0.0,0.0,0.0,0.0,0.0,0.0,0.10329272009665688,0.0,0.0,0.0,0.0,0.0,0.0,0.0,0.0,0.0,0.1418731963051518,0.49192480192644483,0.6858570089740442,0.39315716617802765,0.03658125124865626,0.0,0.0,0.0,0.0,0.0,0.0,0.16872771077585466
0.0,0.0,0.0,0.0,0.0,0.0,0.0,0.0,0.0,0.0,0.0,0.0,0.0,0.0,0.0,0.0,0.0,0.0,0.0,0.0,0.0,0.0,0.0,0.0,0.0,0.0,0.0,0.0,0.0,0.0,0.0,0.0,0.0,0.0,0.0,0.0,0.0,0.0,0.0,0.0,0.0,0.0,0.0,0.0,0.5420708448240593,0.3080448002149505,0.21788593413823118,0.30905526137802447,0.5428809277897487,0.7354867791440035,0.4701911779071753,0.5487899880795309,0.7479069316514987,1.0,0.20243830385719808,0.055721321677966174,0.1031129580625924,0.31146906942692115,0.01732116501392271,0.0,0.0,0.0,0.0,0.0,0.0,0.0,0.12999292612311752,0.0,0.0,0.0,0.0,0.02028766895210242,0.0,0.0,0.03157784244767729,0.033104818864887926,0.3921007463982764,0.6859446192088394,0.4926202294971035,0.1423783903485735,0.0,0.0,0.0,0.0,0.0,0.0,0.0,0.17509855659607954
0.0,0.0,0.0,0.0,0.0,0.0,0.0,0.0,0.0,0.0,0.0,0.0,0.0,0.0,0.0,0.0,0.0,0.0,0.0,0.0,0.0,0.0,0.0,0.0,0.0,0.0,0.0,0.0,0.0,0.0,0.0,0.0,0.0,0.0,0.0,0.0,0.0,0.0,0.0,0.0,0.0,0.0,0.0,0.0,0.5221653460866903,0.4317758403132797,0.17510391815807014,0.01995019714973754,0.06691480797214866,0.2858614012765978,0.7308253164563902,0.5433923199804008,0.29987616633541775,0.20243830385719808,1.0,0.735430999100872,0.5421403114765463,0.47464883125208435,0.7308282222455857,0.5434000138488202,0.4746543701472157,0.5421432828628145,0.5221678369691056,0.28587777675469417,0.20246177743780314,0.2998904297443046,0.43173362984750163,0.1750603271120611,0.019921590771673173,0.06691270638555288,0.012246081506092776,0.012187098916873092,0.0,0.0,0.37546441681634496,0.0,0.0,0.0,0.03130693468495675,0.1610953110673786,0.24914221712139786,0.24914315673648318,0.16110178901915712,0.0313201625164595,0.0,0.0,0.0,0.3753630709652572
0.0,0.0,0.0,0.0,0.0,0.0,0.0,0.0,0.0,0.0,0.0,0.0,0.0,0.0,0.0,0.0,0.0,0.0,0.0,0.0,0.0,0.0,0.0,0.0,0.0,0.0,0.0,0.0,0.0,0.0,0.0,0.0,0.0,0.0,0.0,0.0,0.0,0.0,0.0,0.0,0.0,0.0,0.0,0.0,0.29886037462207077,0.1935880679530456,0.0,0.0,0.0,0.08634916534199931,0.5451782489495839,0.47900536940787,0.21396446828608987,0.055721321677966174,0.735430999100872,1.0,0.7361610597230173,0.5512984535338694,0.5451760756346065,0.4790012016806183,0.5512983006567901,0.736161223420264,0.298859051374936,0.08634821003269572,0.055722221398365586,0.2139609633389001,0.19355853197978928,0.0,0.0,0.0,0.0,0.0,0.0,0.0,0.15091025917007328,0.0,0.0,0.0,0.0,0.2546600971353322,0.4862236213046847,0.4862227494542199,0.2546596207080253,0.0,0.0,0.0,0.0,0.15083281505754711
0.0,0.0,0.0,0.0,0.0,0.0,0.0,0.0,0.0,0.0,0.0,0.0,0.0,0.0,0.0,0.0,0.0,0.0,0.0,0.0,0.0,0.0,0.0,0.0,0.0,0.0,0.0,0.0,0.0,0.0,0.0,0.0,0.0,0.0,0.0,0.0,0.0,0.0,0.0,0.0,0.0,0.0,0.0,0.0,0.21486749175065284,0.050283257419965775,0.0,0.0,0.0,0.06058715188011047,0.4764137432200683,0.5523398191159472,0.3124293818322671,0.1031129580625924,0.5421403114765463,0.7361610597230173,1.0,0.7473483881939748,0.3047980063020305,0.21596815390997526,0.31196452269383146,0.5435050410878095,0.08380573772682366,0.0,0.0,0.0,0.032768198188479265,0.0,0.0,0.0,0.0,0.0,0.0,0.0,0.0,0.0,0.0,0.0,0.1425361666394916,0.4913808772168779,0.6858866780935682,0.3933483323832059,0.03535242639082414,0.0,0.0,0.0,0.0,0.03746345150297144
