1.0,0.7383167221778678,0.5469799904428165,0.4724003820751661,0.5435446093885204,0.7350217686595221,0.7298238097699028,0.5455506030344344,0.4771859709813137,0.5420707419456563,0.5221653699460381,0.29886037975962576,0.21486759797531368,0.30489161159040823,0.4078023934209726,0.17143641982112562,0.03830812831151185,0.08381845650895042,0.3838655209440474,0.16164446290819043,0.0,0.0,0.43145158578516196,0.24900197578082514,0.06563673072654078,0.03197575023526458,0.3056127306229557,0.1576512020631851,0.07161701789869088,0.006675698334285315,0.48601943381647505,0.15870519761222893,0.25014776335590844,0.24826687906525535,0.16324620175210786,0.03455809849713671,0.0,0.0,0.0,0.0,0.0,0.0,0.0,0.3980662647339961,0.0,0.0,0.0,0.0,0.0,0.0,0.0,0.0,0.0,0.0,0.0,0.0,0.0,0.0,0.0,0.0,0.0,0.0,0.0,0.0,0.0,0.0,0.0,0.0,0.0,0.0,0.0,0.0,0.0,0.0,0.0,0.0,0.0,0.0,0.0,0.0,0.0,0.0,0.0,0.0,0.0,0.0,0.0,0.0
0.7383167221778678,1.0,0.7425844784952607,0.5485878771094442,0.48344979491463647,0.550072660187864,0.5328179530893508,0.30536286736444535,0.21894198602650816,0.30804472929320326,0.43177581360485556,0.1935879650061503,0.05028330002733904,0.08937220969711587,0.4207786060572396,0.22150205499272158,0.05108043691634201,0.03281779057537295,0.43158544520188064,0.27462563558553343,0.13026136420797735,0.10350217781444884,0.4127271059702558,0.2624308504094156,0.14582805887923772,0.1524827893908967,0.5479708094767747,0.12098221223720666,0.3237537658035406,0.0,0.686869556552094,0.2547253509697599,0.16941924650343465,0.03585015702568273,0.0,0.0,0.0,0.0,0.0,0.0,0.0,0.0,0.0,0.2901041981756531,0.0,0.0,0.0,0.0,0.0,0.0,0.0,0.0,0.0,0.0,0.0,0.0,0.0,0.0,0.0,0.0,0.0,0.0,0.0,0.0,0.0,0.0,0.0,0.0,0.0,0.0,0.0,0.0,0.0,0.0,0.0,0.0,0.0,0.0,0.0,0.0,0.0,0.0,0.0,0.0,0.0,0.0,0.0,0.0
0.5469799904428165,0.7425844784952607,1.0,0.7375075098743596,0.5545992688229022,0.48131158592023376,0.29710649641285375,0.09638808143335899,0.06676586178609695,0.21788582855019623,0.17510386550865362,0.0,0.0,0.0,0.18618713159535186,0.000249067479890549,0.0,0.0,0.24914984877990284,0.1458960266438213,0.0,0.0,0.2624358849139595,0.18639947649835736,0.10357303278142779,0.08577122606594934,0.7344825314888531,0.07702694569948847,0.49120808416363787,0.0,0.49269263954368286,0.4850327222360371,0.2581121210841515,0.0,0.0,0.0,0.0,0.0,0.0,0.0,0.0,0.0,0.0,0.11968583539409956,0.0,0.0,0.0,0.0,0.0,0.0,0.0,0.0,0.0,0.0,0.0,0.0,0.0,0.0,0.0,0.0,0.0,0.0,0.0,0.0,0.0,0.0,0.0,0.0,0.0,0.0,0.0,0.0,0.0,0.0,0.0,0.0,0.0,0.0,0.0,0.0,0.0,0.0,0.0,0.0,0.0,0.0,0.0,0.0
0.4724003820751661,0.5485878771094442,0.7375075098743596,1.0,0.745479925834948,0.5489890225217747,0.20230658346868602,0.05775246581902365,0.10367448846676877,0.30905519098475775,0.01995022377374194,0.0,0.0,0.0,0.0,0.0,0.0,0.0,0.06570225921328308,0.0,0.0,0.0,0.14573488742968874,0.10343732126180535,0.0,0.0,0.5430364680153846,0.06812885083147092,0.3198776731659461,0.0,0.25615380798656234,0.6862552437090664,0.4914728011494378,0.13646656987411943,0.0,0.0,0.0,0.0,0.0,0.0,0.0,0.0,0.0,0.04260923429484973,0.0,0.0,0.0,0.0,0.0,0.0,0.0,0.0,0.0,0.0,0.0,0.0,0.0,0.0,0.0,0.0,0.0,0.0,0.0,0.0,0.0,0.0,0.0,0.0,0.0,0.0,0.0,0.0,0.0,0.0,0.0,0.0,0.0,0.0,0.0,0.0,0.0,0.0,0.0,0.0,0.0,0.0,0.0,0.0
0.5435446093885204,0.48344979491463647,0.5545992688229022,0.745479925834948,1.0,0.7375437386046765,0.29730983167435554,0.21493740590372237,0.3141948812730757,0.5428809603465977,0.06691483927022589,0.0,0.0,0.0,0.0,0.0,0.0,0.0,0.03194545080221298,0.0,0.0,0.0,0.15227435232136152,0.08548906123334513,0.0,0.0,0.31206533279776577,0.09408581548686853,0.07804991620312558,0.017178190286948006,0.17054371138356864,0.4894697760096615,0.6859252007635337,0.3900313668653388,0.03784071496435152,0.0,0.0,0.0,0.0,0.0,0.0,0.0,0.0,0.10786924763633632,0.0,0.0,0.0,0.0,0.0,0.0,0.0,0.0,0.0,0.0,0.0,0.0,0.0,0.0,0.0,0.0,0.0,0.0,0.0,0.0,0.0,0.0,0.0,0.0,0.0,0.0,0.0,0.0,0.0,0.0,0.0,0.0,0.0,0.0,0.0,0.0,0.0,0.0,0.0,0.0,0.0,0.0,0.0,0.0
0.7350217686595221,0.550072660187864,0.48131158592023376,0.5489890225217747,0.7375437386046765,1.0,0.5375620986800926,0.47659925868654346,0.5524514328758537,0.7354867447487082,0.28586135157906184,0.08634912511079888,0.06058718384941307,0.21506259756155688,0.1534819557848812,0.0,0.0,0.0,0.16157518396349305,0.0,0.0,0.0,0.2743853231718205,0.14560051124513895,0.0,0.0,0.2159624328920696,0.1320169363889618,0.0,0.035748142312443366,0.25434401404256396,0.2529408944583838,0.4874629965248503,0.48482660400602795,0.2559115760773011,0.0,0.0,0.0,0.0,0.0,0.0,0.0,0.0,0.2719499765329257,0.0,0.0,0.0,0.0,0.0,0.0,0.0,0.0,0.0,0.0,0.0,0.0,0.0,0.0,0.0,0.0,0.0,0.0,0.0,0.0,0.0,0.0,0.0,0.0,0.0,0.0,0.0,0.0,0.0,0.0,0.0,0.0,0.0,0.0,0.0,0.0,0.0,0.0,0.0,0.0,0.0,0.0,0.0,0.0
0.7298238097699028,0.5328179530893508,0.29710649641285375,0.20230658346868602,0.29730983167435554,0.5375620986800926,1.0,0.7368537299389354,0.5418866738763002,0.4701910861574364,0.730825276567278,0.5451782091290069,0.47641378234656295,0.5430547923619642,0.5198515187745779,0.29352410973327964,0.2118407102705066,0.304805073817136,0.4077884856633906,0.15350256404161391,0.017364484405144678,0.07142797824233474,0.4206728957926507,0.18607196666092593,0.0,0.0,0.08086082123643083,0.08009717682543566,0.0,0.0,0.37595660061331554,0.0,0.02547365416273687,0.1564179994600018,0.2499219676173499,0.24982056424238516,0.1628452243004255,0.035393815900458245,0.0,0.0,0.0,0.0,0.0,0.42458156233699496,0.0,0.0,0.0,0.0,0.0,0.0,0.0,0.0,0.0,0.0,0.0,0.0,0.0,0.0,0.0,0.0,0.0,0.0,0.0,0.0,0.0,0.0,0.0,0.0,0.0,0.0,0.0,0.0,0.0,0.0,0.0,0.0,0.0,0.0,0.0,0.0,0.0,0.0,0.0,0.0,0.0,0.0,0.0,0.0
0.5455506030344344,0.30536286736444535,0.09638808143335899,0.05775246581902365,0.21493740590372237,0.47659925868654346,0.7368537299389354,1.0,0.7348698683091296,0.5487900325762544,0.5433922082494149,0.4790052902745228,0.5523397172990961,0.7361476895285585,0.2935062415292007,0.0871807571026244,0.059379900902604345,0.21597662371702092,0.17139044869842562,0.0,0.0,0.0,0.2213618106296397,8.033879886895737e-05,0.0,0.0,0.0,0.0,0.0,0.0,0.12431036496866145,0.0,0.0,0.25240782899394204,0.4859540986686243,0.48571522039662945,0.2557700506303974,0.0,0.0,0.0,0.0,0.0,0.0,0.2706011992805223,0.0,0.0,0.0,0.0,0.0,0.0,0.0,0.0,0.0,0.0,0.0,0.0,0.0,0.0,0.0,0.0,0.0,0.0,0.0,0.0,0.0,0.0,0.0,0.0,0.0,0.0,0.0,0.0,0.0,0.0,0.0,0.0,0.0,0.0,0.0,0.0,0.0,0.0,0.0,0.0,0.0,0.0,0.0,0.0
0.4771859709813137,0.21894198602650816,0.06676586178609695,0.10367448846676877,0.3141948812730757,0.5524514328758537,0.5418866738763002,0.7348698683091296,1.0,0.7479069525119666,0.29987616604203904,0.21396452044763048,0.3124293794116654,0.5431632120614719,0.07139504472509368,0.0,0.0,0.0,0.0,0.0,0.0,0.0,0.10329275490438823,0.0,0.0,0.0,0.0,0.0,0.0,0.0,0.0,0.0,0.14187331965682456,0.49192476653687367,0.6858569595704084,0.39315712374505857,0.03658122132703437,0.0,0.0,0.0,0.0,0.0,0.0,0.16872769435245047,0.0,0.0,0.0,0.0,0.0,0.0,0.0,0.0,0.0,0.0,0.0,0.0,0.0,0.0,0.0,0.0,0.0,0.0,0.0,0.0,0.0,0.0,0.0,0.0,0.0,0.0,0.0,0.0,0.0,0.0,0.0,0.0,0.0,0.0,0.0,0.0,0.0,0.0,0.0,0.0,0.0,0.0,0.0,0.0
0.5420707419456563,0.30804472929320326,0.21788582855019623,0.30905519098475775,0.5428809603465977,0.7354867447487082,0.4701910861574364,0.5487900325762544,0.7479069525119666,1.0,0.20243817256083516,0.05572124137335153,0.10311290237118585,0.31146897373590204,0.017321050776772106,0.0,0.0,0.0,0.0,0.0,0.0,0.0,0.12999282094525802,0.0,0.0,0.0,0.0,0.02028767022280695,0.0,0.0,0.03157781337866705,0.033104836611945083,0.39210083148353797,0.6859446433700799,0.4926202643799175,0.14237835949933347,0.0,0.0,0.0,0.0,0.0,0.0,0.0,0.1750984458337557,0.0,0.0,0.0,0.0,0.0,0.0,0.0,0.0,0.0,0.0,0.0,0.0,0.0,0.0,0.0,0.0,0.0,0.0,0.0,0.0,0.0,0.0,0.0,0.0,0.0,0.0,0.0,0.0,0.0,0.0,0.0,0.0,0.0,0.0,0.0,0.0,0.0,0.0,0.0,0.0,0.0,0.0,0.0,0.0
0.5221653699460381,0.43177581360485556,0.17510386550865362,0.01995022377374194,0.06691483927022589,0.28586135157906184,0.730825276567278,0.5433922082494149,0.29987616604203904,0.20243817256083516,1.0,0.7354309222874809,0.5421403683652304,0.47464869457482634,0.7308282619006472,0.5434001017412315,0.4746543793467578,0.5421433083430719,0.5221678084604725,0.28587788861185887,0.2024618624914392,0.2998904894697468,0.43173366364397964,0.175060340023947,0.01992152191774255,0.06691282073389948,0.012246130969716919,0.012187115463921927,0.0,0.0,0.3754644191762304,0.0,0.0,0.0,0.031306910065941614,0.16109530421721133,0.24914215593363082,0.24914316845621198,0.1611019460517619,0.03132027545715218,0.0,0.0,0.0,0.37536301852907766,0.0,0.0,0.0,0.0,0.0,0.0,0.0,0.0,0.0,0.0,0.0,0.0,0.0,0.0,0.0,0.0,0.0,0.0,0.0,0.0,0.0,0.0,0.0,0.0,0.0,0.0,0.0,0.0,0.0,0.0,0.0,0.0,0.0,0.0,0.0,0.0,0.0,0.0,0.0,0.0,0.0,0.0,0.0,0.0
0.29886037975962576,0.1935879650061503,0.0,0.0,0.0,0.08634912511079888,0.5451782091290069,0.4790052902745228,0.21396452044763048,0.05572124137335153,0.7354309222874809,1.0,0.7361612479739206,0.551298459440984,0.5451759941340294,0.4790010977287973,0.5512982175655233,0.7361611773465414,0.2988588921378304,0.08634818313754246,0.05572215471274412,0.21396089692824258,0.19355849831090002,0.0,0.0,0.0,0.0,0.0,0.0,0.0,0.15091014096640223,0.0,0.0,0.0,0.0,0.25466022229331836,0.486223681692519,0.48622278960148857,0.2546596671424184,0.0,0.0,0.0,0.0,0.15083271438852727,0.0,0.0,0.0,0.0,0.0,0.0,0.0,0.0,0.0,0.0,0.0,0.0,0.0,0.0,0.0,0.0,0.0,0.0,0.0,0.0,0.0,0.0,0.0,0.0,0.0,0.0,0.0,0.0,0.0,0.0,0.0,0.0,0.0,0.0,0.0,0.0,0.0,0.0,0.0,0.0,0.0,0.0,0.0,0.0
0.21486759797531368,0.05028330002733904,0.0,0.0,0.0,0.06058718384941307,0.47641378234656295,0.5523397172990961,0.3124293794116654,0.10311290237118585,0.5421403683652304,0.7361612479739206,1.0,0.7473483321854943,0.30479810338151836,0.21596823485600983,0.3119645971606387,0.5435050713665346,0.0838057620895472,0.0,0.0,0.0,0.032768285963192686,0.0,0.0,0.0,0.0,0.0,0.0,0.0,0.0,0.0,0.0,0.0,0.1425361562505614,0.4913808521616964,0.685886586833007,0.3933484387009426,0.03535259068428693,0.0,0.0,0.0,0.0,0.03746343376184353,0.0,0.0,0.0,0.0,0.0,0.0,0.0,0.0,0.0,0.0,0.0,0.0,0.0,0.0,0.0,0.0,0.0,0.0,0.0,0.0,0.0,0.0,0.0,0.0,0.0,0.0,0.0,0.0,0.0,0.0,0.0,0.0,0.0,0.0,0.0,0.0,0.0,0.0,0.0,0.0,0.0,0.0,0.0,0.0
0.30489161159040823,0.08937220969711587,0.0,0.0,0.0,0.21506259756155688,0.5430547923619642,0.7361476895285585,0.5431632120614719,0.31146897373590204,0.47464869457482634,0.551298459440984,0.7473483321854943,1.0,0.21182581825982338,0.05936963301822358,0.10276962528404758,0.31196536844200345,0.038276331519333025,0.0,0.0,0.0,0.05098889154599386,0.0,0.0,0.0,0.0,0.0,0.0,0.0,0.0,0.0,0.0,0.035647739986040226,0.39421030816246616,0.6859133197605871,0.4914722490078181,0.14154388667043669,0.0,0.0,0.0,0.0,0.0,0.09334697614382839,0.0,0.0,0.0,0.0,0.0,0.0,0.0,0.0,0.0,0.0,0.0,0.0,0.0,0.0,0.0,0.0,0.0,0.0,0.0,0.0,0.0,0.0,0.0,0.0,0.0,0.0,0.0,0.0,0.0,0.0,0.0,0.0,0.0,0.0,0.0,0.0,0.0,0.0,0.0,0.0,0.0,0.0,0.0,0.0
0.4078023934209726,0.4207786060572396,0.18618713159535186,0.0,0.0,0.1534819557848812,0.5198515187745779,0.2935062415292007,0.07139504472509368,0.017321050776772106,0.7308282619006472,0.5451759941340294,0.30479810338151836,0.21182581825982338,1.0,0.7368540398980638,0.5430556032080404,0.47641558349132096,0.7298281425056237,0.5375755014218496,0.47020360706962433,0.5418892344981886,0.5328022601838333,0.2970970832112906,0.2022993083304434,0.2973133815722049,0.08025621074333968,0.0808477954816257,0.0,0.0,0.42477734450574045,0.0,0.0,0.0,0.0,0.0,0.03538965340204217,0.16284695604818458,0.24982348030125945,0.2499222894824784,0.15643148315526254,0.025490214465092625,0.0,0.3758972900938848,0.0,0.0,0.0,0.0,0.0,0.0,0.0,0.0,0.0,0.021684837505311114,0.0,0.0,0.0,0.0,0.0,0.0,0.0,0.0,0.0,0.0,0.0,0.0,0.0,0.0,0.0,0.0,0.0,0.0,0.0,0.0,0.0,0.0,0.0,0.05617963631795823,0.0,0.0,0.0,0.0,0.0,0.0,0.0,0.0,0.0,0.0
0.17143641982112562,0.22150205499272158,0.000249067479890549,0.0,0.0,0.0,0.29352410973327964,0.0871807571026244,0.0,0.0,0.5434001017412315,0.4790010977287973,0.21596823485600983,0.05936963301822358,0.7368540398980638,1.0,0.7361450886071055,0.5523356849045137,0.5455510680778626,0.4766070166331476,0.5487976571396813,0.7348717972007744,0.3053570259522801,0.09639542096274291,0.05776084667882436,0.21494778352800903,0.0,0.0,0.0,0.0,0.2708177151610852,0.0,0.0,0.0,0.0,0.0,0.0,0.25576555455432654,0.48571636177189764,0.48595268051652496,0.25241278386854155,0.0,0.0,0.12426123847421683,0.0,0.0,0.0,0.0,0.0,0.05293276391889746,0.0,0.0,0.17926591402774383,0.2409941208251306,0.0,0.0,0.0,0.0,0.0,0.0,0.0,0.0,0.0,0.0,0.0,0.0,0.0,0.0,0.0,0.0,0.0,0.0,0.0,0.0,0.0,0.0,0.0,0.2442024187274046,0.11627818119129113,0.0,0.0,0.0,0.0,0.0,0.0,0.0,0.0,0.0
0.03830812831151185,0.05108043691634201,0.0,0.0,0.0,0.0,0.2118407102705066,0.059379900902604345,0.0,0.0,0.4746543793467578,0.5512982175655233,0.3119645971606387,0.10276962528404758,0.5430556032080404,0.7361450886071055,1.0,0.7473478489678083,0.3048964467942055,0.2150670532643631,0.311468620504184,0.5431589425628934,0.08937198171198797,0.0,0.0,0.0,0.0,0.0,0.0,0.0,0.09348809352916787,0.0,0.0,0.0,0.0,0.0,0.14154226545321597,0.4914723422548897,0.6859139895973669,0.39419996784187816,0.03564146109509889,0.0,0.0,0.0,0.0,0.0,0.0,0.0,0.0,0.05544249037081978,0.0,0.09031772487651807,0.3034654396453961,0.28797885782623367,0.0,0.0,0.0,0.0,0.0,0.0,0.0,0.0,0.0,0.0,0.0,0.0,0.0,0.0,0.0,0.0,0.0,0.0,0.0,0.0,0.0,0.0,0.0,0.26354095759672913,0.29388538252877827,0.0,0.0,0.0,0.0,0.0,0.0,0.0,0.0,0.0
0.08381845650895042,0.03281779057537295,0.0,0.0,0.0,0.0,0.304805073817136,0.21597662371702092,0.0,0.0,0.5421433083430719,0.7361611773465414,0.5435050713665346,0.31196536844200345,0.47641558349132096,0.5523356849045137,0.7473478489678083,1.0,0.21487390767310297,0.06058894986065747,0.10310985686059038,0.31242260968484475,0.05027776932530277,0.0,0.0,0.0,0.0,0.0,0.0,0.0,0.037557441252060814,0.0,0.0,0.0,0.0,0.03535365362364914,0.393348541446588,0.6858862301544058,0.491378467171912,0.14252335942762148,0.0,0.0,0.0,0.0,0.0,0.0,0.0,0.0,0.0,0.0,0.0,0.0,0.13776088962045624,0.09533541285722225,0.0,0.0,0.0,0.0,0.0,0.0,0.0,0.0,0.0,0.0,0.0,0.0,0.0,0.0,0.0,0.0,0.0,0.0,0.0,0.0,0.0,0.0,0.0,0.08414693424676521,0.17259209332611578,0.0,0.0,0.0,0.0,0.0,0.0,0.0,0.0,0.0
0.3838655209440474,0.43158544520188064,0.24914984877990284,0.06570225921328308,0.03194545080221298,0.16157518396349305,0.4077884856633906,0.17139044869842562,0.0,0.0,0.5221678084604725,0.2988588921378304,0.0838057620895472,0.038276331519333025,0.7298281425056237,0.5455510680778626,0.3048964467942055,0.21487390767310297,1.0,0.7350200172742551,0.5420654539821317,0.47717882271019063,0.7383145031087308,0.5469792762064255,0.47238793815907293,0.5435326099247327,0.15787645211281254,0.30561491960771564,0.006945541535093652,0.07162001064637791,0.3983032551402042,0.0,0.0,0.0,0.0,0.0,0.0,0.0,0.034565819594655905,0.1632391330220785,0.24826508267355352,0.2501420100756805,0.15869305303836517,0.4859951038272704,0.0,0.0,0.0,0.0,0.0,0.0,0.0,0.0,0.0,0.0,0.0,0.0,0.0,0.0,0.0,0.0,0.0,0.0,0.0,0.0,0.0,0.0,0.0,0.0,0.0,0.0,0.0,0.0,0.0,0.0,0.0,0.0,0.0,0.0,0.0,0.0,0.0,0.0,0.0,0.0,0.0,0.0,0.0,0.0
0.16164446290819043,0.27462563558553343,0.1458960266438213,0.0,0.0,0.0,0.15350256404161391,0.0,0.0,0.0,0.28587788861185887,0.08634818313754246,0.0,0.0,0.5375755014218496,0.4766070166331476,0.2150670532643631,0.06058894986065747,0.7350200172742551,1.0,0.7354857348635705,0.5524516525677919,0.550075883679774,0.48132719034539706,0.5489964152732425,0.7375440987742835,0.132446884038086,0.2159779295265305,0.03626062494158471,0.0,0.272287519287391,0.0,0.0,0.0,0.0,0.0,0.0,0.0,0.0,0.2559111973702859,0.48482976651715504,0.4874677780976523,0.2529446416153727,0.25432807714840555,0.0,0.0,0.0,0.0,0.0,0.0,0.0,0.0,0.0,0.0,0.0,0.0,0.0,0.0,0.0,0.0,0.0,0.0,0.0,0.0,0.0,0.0,0.0,0.0,0.0,0.0,0.0,0.0,0.0,0.09390307036850595,0.0,0.0,0.0,0.0,0.0,0.0,0.0,0.0,0.0,0.0,0.0,0.0,0.0,0.0
0.0,0.13026136420797735,0.0,0.0,0.0,0.0,0.017364484405144678,0.0,0.0,0.0,0.2024618624914392,0.05572215471274412,0.0,0.0,0.47020360706962433,0.5487976571396813,0.311468620504184,0.10310985686059038,0.5420654539821317,0.7354857348635705,1.0,0.7479084769226825,0.30804444539114606,0.21790400826760292,0.30907354171064927,0.5428952270075386,0.020771881427072734,0.0,0.0,0.0,0.17545401855217904,0.0,0.0,0.0,0.0,0.0,0.0,0.0,0.14237817510617923,0.4926201985156258,0.6859449287271386,0.3921296617713692,0.0331221047355367,0.03154997888507376,0.0,0.0,0.0,0.0,0.056677243543078085,0.05533046843325056,0.0,0.0,0.0,0.12727890572307174,0.0,0.0,0.0,0.0,0.0,0.0,0.0,0.0,0.0,0.0,0.0,0.0,0.0,0.0,0.0,0.0,0.0,0.17208819639681833,0.0,0.3095283533041951,0.0,0.0,0.023032818614490875,0.09787664931504818,0.0,0.0,0.0,0.0,0.0,0.0,0.0,0.0,0.0,0.0
0.0,0.10350217781444884,0.0,0.0,0.0,0.0,0.07142797824233474,0.0,0.0,0.0,0.2998904894697468,0.21396089692824258,0.0,0.0,0.5418892344981886,0.7348717972007744,0.5431589425628934,0.31242260968484475,0.47717882271019063,0.5524516525677919,0.7479084769226825,1.0,0.2189375053387683,0.06678073954168545,0.10369125346424563,0.31420864261942794,0.0,0.0,0.0,0.0,0.16901513826928508,0.0,0.0,0.0,0.0,0.0,0.0,0.036571554485496094,0.39315519002909327,0.685856739302807,0.49192359983994083,0.1419047606949717,0.0,0.0,0.005973211219397139,0.0,0.0,0.0,0.12461362256661036,0.18210345382412005,0.0,0.028032857696537964,0.2096887849444202,0.3082431879461979,0.0,0.0,0.0,0.0,0.0,0.0,0.0,0.0,0.0,0.0,0.0,0.0,0.0,0.0,0.0,0.0,0.0,0.13832655245631623,0.0,0.23120674980851075,0.0,0.0,0.07589010960267024,0.27304438216300186,0.08267010335400675,0.0,0.0,0.0,0.0,0.0,0.0,0.0,0.0,0.0
0.43145158578516196,0.4127271059702558,0.2624358849139595,0.14573488742968874,0.15227435232136152,0.2743853231718205,0.4206728957926507,0.2213618106296397,0.10329275490438823,0.12999282094525802,0.43173366364397964,0.19355849831090002,0.032768285963192686,0.05098889154599386,0.5328022601838333,0.3053570259522801,0.08937198171198797,0.05027776932530277,0.7383145031087308,0.550075883679774,0.30804444539114606,0.2189375053387683,1.0,0.7425807807214503,0.5485742727667986,0.48344066756699844,0.12107767616630077,0.5479737980072803,0.0,0.3237582726391198,0.29020962546701573,0.0,0.0,0.0,0.0,0.0,0.0,0.0,0.0,0.0,0.035856934451081734,0.16941104340011376,0.2547152771052787,0.6868640044900591,0.0,0.0,0.0,0.0,0.0,0.0,0.0,0.0,0.0,0.0,0.0,0.0,0.0,0.0,0.0,0.0,0.0,0.0,0.0,0.0,0.0,0.0,0.0,0.0,0.0,0.0,0.0,0.0,0.0,0.0,0.0,0.0,0.0,0.0,0.0,0.0,0.0,0.0,0.0,0.0,0.0,0.0,0.0,0.0
0.24900197578082514,0.2624308504094156,0.18639947649835736,0.10343732126180535,0.08548906123334513,0.14560051124513895,0.18607196666092593,8.033879886895737e-05,0.0,0.0,0.175060340023947,0.0,0.0,0.0,0.2970970832112906,0.09639542096274291,0.0,0.0,0.5469792762064255,0.48132719034539706,0.21790400826760292,0.06678073954168545,0.7425807807214503,1.0,0.7375047619015759,0.5546051558567351,0.07715122790378086,0.734482867969799,0.0,0.4912085517282058,0.11978775009354628,0.0,0.0,0.0,0.0,0.0,0.0,0.0,0.0,0.0,0.0,0.25811338227663516,0.4850319044478473,0.4926986488292254,0.0,0.0,0.0,0.0,0.0,0.0,0.0,0.0,0.0,0.0,0.0,0.0,0.0,0.0,0.0,0.0,0.0,0.0,0.0,0.0,0.0,0.0,0.0,0.0,0.0,0.0,0.0,0.0,0.0,0.0,0.0,0.0,0.0,0.0,0.0,0.0,0.0,0.0,0.0,0.0,0.0,0.0,0.0,0.0
0.06563673072654078,0.14582805887923772,0.10357303278142779,0.0,0.0,0.0,0.0,0.0,0.0,0.0,0.01992152191774255,0.0,0.0,0.0,0.2022993083304434,0.05776084667882436,0.0,0.0,0.47238793815907293,0.5489964152732425,0.30907354171064927,0.10369125346424563,0.5485742727667986,0.7375047619015759,1.0,0.745485088225322,0.0684202932075115,0.5430366113415152,0.0,0.31987939390609293,0.04279069534652131,0.0,0.0,0.0,0.0,0.0,0.0,0.0,0.0,0.0,0.13650110536603932,0.4914724183829325,0.6862556172836753,0.2561464247025723,0.0,0.0,0.0,0.0,0.0,0.0,0.0,0.0,0.0,0.0,0.0,0.0,0.0,0.0,0.0,0.0,0.0,0.0,0.0,0.0,0.0,0.0,0.0,0.0,0.0,0.0,0.0,0.0,0.0,0.0,0.0,0.0,0.0,0.0,0.0,0.0,0.0,0.0,0.0,0.0,0.0,0.0,0.0,0.0
0.03197575023526458,0.1524827893908967,0.08577122606594934,0.0,0.0,0.0,0.0,0.0,0.0,0.0,0.06691282073389948,0.0,0.0,0.0,0.2973133815722049,0.21494778352800903,0.0,0.0,0.5435326099247327,0.7375440987742835,0.5428952270075386,0.31420864261942794,0.48344066756699844,0.5546051558567351,0.745485088225322,1.0,0.09454173711521216,0.3120717757771724,0.01775438269476307,0.07805716441496043,0.10815946756554226,0.0,0.0,0.0,0.0,0.0,0.0,0.0,0.0,0.03785882666597575,0.39005960046367355,0.685926018175282,0.48947014728264854,0.17052878838075688,0.0,0.0,0.0,0.0,0.0,0.0,0.0,0.0,0.0,0.0,0.0,0.0,0.0,0.0,0.0,0.0,0.0,0.0,0.0,0.0,0.0,0.0,0.0,0.0,0.0,0.0,0.0,0.0,0.0,0.04938103067290449,0.0,0.0,0.0,0.0,0.0,0.0,0.0,0.0,0.0,0.0,0.0,0.0,0.0,0.0
0.3056127306229557,0.5479708094767747,0.7344825314888531,0.5430364680153846,0.31206533279776577,0.2159624328920696,0.08086082123643083,0.0,0.0,0.0,0.012246130969716919,0.0,0.0,0.0,0.08025621074333968,0.0,0.0,0.0,0.15787645211281254,0.132446884038086,0.020771881427072734,0.0,0.12107767616630077,0.07715122790378086,0.0684202932075115,0.09454173711521216,1.0,0.0,0.7567239486861763,0.0,0.39973984296961,0.38932535903605536,0.035507270519507916,0.0,0.0,0.0,0.0,0.0,0.0,0.0,0.0,0.0,0.0,0.0,0.0,0.0,0.0,0.0,0.0,0.0,0.0,0.0,0.0,0.0,0.0,0.0,0.0,0.0,0.0,0.0,0.0,0.0,0.0,0.0,0.0,0.0,0.0,0.0,0.0,0.0,0.0,0.0,0.0,0.0,0.0,0.0,0.0,0.0,0.0,0.0,0.0,0.0,0.0,0.0,0.0,0.0,0.0,0.0
0.1576512020631851,0.12098221223720666,0.07702694569948847,0.06812885083147092,0.09408581548686853,0.1320169363889618,0.08009717682543566,0.0,0.0,0.02028767022280695,0.012187115463921927,0.0,0.0,0.0,0.0808477954816257,0.0,0.0,0.0,0.30561491960771564,0.2159779295265305,0.0,0.0,0.5479737980072803,0.734482867969799,0.5430366113415152,0.3120717757771724,0.0,1.0,0.0,0.7567240907228227,0.0,0.0,0.0,0.0,0.0,0.0,0.0,0.0,0.0,0.0,0.0,0.03550660953822471,0.3893290570398153,0.3997663928395093,0.0,0.0,0.0,0.0,0.0,0.0,0.0,0.0,0.0,0.0,0.0,0.0,0.0,0.0,0.0,0.0,0.0,0.0,0.0,0.0,0.0,0.0,0.0,0.0,0.0,0.0,0.0,0.0,0.0,0.0,0.0,0.0,0.0,0.0,0.0,0.0,0.0,0.0,0.0,0.0,0.0,0.0,0.0,0.0
0.07161701789869088,0.3237537658035406,0.49120808416363787,0.3198776731659461,0.07804991620312558,0.0,0.0,0.0,0.0,0.0,0.0,0.0,0.0,0.0,0.0,0.0,0.0,0.0,0.006945541535093652,0.03626062494158471,0.0,0.0,0.0,0.0,0.0,0.01775438269476307,0.7567239486861763,0.0,1.0,0.0,0.23310684059959969,0.223263210718559,0.0,0.0,0.0,0.0,0.0,0.0,0.0,0.0,0.0,0.0,0.0,0.0,0.0,0.0,0.0,0.0,0.0,0.0,0.0,0.0,0.0,0.0,0.0,0.0,0.0,0.0,0.0,0.0,0.0,0.0,0.0,0.0,0.0,0.0,0.0,0.0,0.0,0.0,0.0,0.0,0.0,0.0,0.0,0.0,0.0,0.0,0.0,0.0,0.0,0.0,0.0,0.0,0.0,0.0,0.0,0.0
0.006675698334285315,0.0,0.0,0.0,0.017178190286948006,0.035748142312443366,0.0,0.0,0.0,0.0,0.0,0.0,0.0,0.0,0.0,0.0,0.0,0.0,0.07162001064637791,0.0,0.0,0.0,0.3237582726391198,0.4912085517282058,0.31987939390609293,0.07805716441496043,0.0,0.7567240907228227,0.0,1.0,0.0,0.0,0.0,0.0,0.0,0.0,0.0,0.0,0.0,0.0,0.0,0.0,0.22327011283352086,0.23314170670454953,0.0,0.0,0.0,0.0,0.0,0.0,0.0,0.0,0.0,0.0,0.0,0.0,0.0,0.0,0.0,0.0,0.0,0.0,0.0,0.0,0.0,0.0,0.0,0.0,0.0,0.0,0.0,0.0,0.0,0.0,0.0,0.0,0.0,0.0,0.0,0.0,0.0,0.0,0.0,0.0,0.0,0.0,0.0,0.0
0.48601943381647505,0.686869556552094,0.49269263954368286,0.25615380798656234,0.17054371138356864,0.25434401404256396,0.37595660061331554,0.12431036496866145,0.0,0.03157781337866705,0.3754644191762304,0.15091014096640223,0.0,0.0,0.42477734450574045,0.2708177151610852,0.09348809352916787,0.037557441252060814,0.3983032551402042,0.272287519287391,0.17545401855217904,0.16901513826928508,0.29020962546701573,0.11978775009354628,0.04279069534652131,0.10815946756554226,0.39973984296961,0.0,0.23310684059959969,0.0,1.0,0.0,0.0,0.0,0.0,0.0,0.0,0.0,0.0,0.0,0.0,0.0,0.0,0.16687484158258922,0.0,0.0,0.0,0.0,0.0,0.0,0.0,0.0,0.0,0.0,0.0,0.0,0.0,0.0,0.0,0.0,0.0,0.0,0.0,0.0,0.0,0.0,0.0,0.0,0.0,0.0,0.0,0.0,0.0,0.0,0.0,0.0,0.0,0.0,0.0,0.0,0.0,0.0,0.0,0.0,0.0,0.0,0.0,0.0
0.15870519761222893,0.2547253509697599,0.4850327222360371,0.6862552437090664,0.4894697760096615,0.2529408944583838,0.0,0.0,0.0,0.033104836611945083,0.0,0.0,0.0,0.0,0.0,0.0,0.0,0.0,0.0,0.0,0.0,0.0,0.0,0.0,0.0,0.0,0.38932535903605536,0.0,0.223263210718559,0.0,0.0,1.0,0.40670326569243637,0.0,0.0,0.0,0.0,0.0,0.0,0.0,0.0,0.0,0.0,0.0,0.0,0.0,0.0,0.0,0.0,0.0,0.0,0.0,0.0,0.0,0.0,0.0,0.0,0.0,0.0,0.0,0.0,0.0,0.0,0.0,0.0,0.0,0.0,0.0,0.0,0.0,0.0,0.0,0.0,0.0,0.0,0.0,0.0,0.0,0.0,0.0,0.0,0.0,0.0,0.0,0.0,0.0,0.0,0.0
0.25014776335590844,0.16941924650343465,0.2581121210841515,0.4914728011494378,0.6859252007635337,0.4874629965248503,0.02547365416273687,0.0,0.14187331965682456,0.39210083148353797,0.0,0.0,0.0,0.0,0.0,0.0,0.0,0.0,0.0,0.0,0.0,0.0,0.0,0.0,0.0,0.0,0.035507270519507916,0.0,0.0,0.0,0.0,0.40670326569243637,1.0,0.4191038250815968,0.0,0.0,0.0,0.0,0.0,0.0,0.0,0.0,0.0,0.0,0.0,0.0,0.0,0.0,0.0,0.0,0.0,0.0,0.0,0.0,0.0,0.0,0.0,0.0,0.0,0.0,0.0,0.0,0.0,0.0,0.0,0.0,0.0,0.0,0.0,0.0,0.0,0.0,0.0,0.0,0.0,0.0,0.0,0.0,0.0,0.0,0.0,0.0,0.0,0.0,0.0,0.0,0.0,0.0
0.24826687906525535,0.03585015702568273,0.0,0.13646656987411943,0.3900313668653388,0.48482660400602795,0.1564179994600018,0.25240782899394204,0.49192476653687367,0.6859446433700799,0.0,0.0,0.0,0.035647739986040226,0.0,0.0,0.0,0.0,0.0,0.0,0.0,0.0,0.0,0.0,0.0,0.0,0.0,0.0,0.0,0.0,0.0,0.0,0.4191038250815968,1.0,0.40867964676849644,0.0,0.0,0.0,0.0,0.0,0.0,0.0,0.0,0.0,0.0,0.0,0.0,0.0,0.0,0.0,0.0,0.0,0.0,0.0,0.0,0.0,0.0,0.0,0.0,0.0,0.0,0.0,0.0,0.0,0.0,0.0,0.0,0.0,0.0,0.0,0.0,0.0,0.0,0.0,0.0,0.0,0.0,0.0,0.0,0.0,0.0,0.0,0.0,0.0,0.0,0.0,0.0,0.0
0.16324620175210786,0.0,0.0,0.0,0.03784071496435152,0.2559115760773011,0.2499219676173499,0.4859540986686243,0.6858569595704084,0.4926202643799175,0.031306910065941614,0.0,0.1425361562505614,0.39421030816246616,0.0,0.0,0.0,0.0,0.0,0.0,0.0,0.0,0.0,0.0,0.0,0.0,0.0,0.0,0.0,0.0,0.0,0.0,0.0,0.40867964676849644,1.0,0.425638201962898,0.0,0.0,0.0,0.0,0.0,0.0,0.0,0.0,0.0,0.0,0.0,0.0,0.0,0.0,0.0,0.0,0.0,0.0,0.0,0.0,0.0,0.0,0.0,0.0,0.0,0.0,0.0,0.0,0.0,0.0,0.0,0.0,0.0,0.0,0.0,0.0,0.0,0.0,0.0,0.0,0.0,0.0,0.0,0.0,0.0,0.0,0.0,0.0,0.0,0.0,0.0,0.0
0.03455809849713671,0.0,0.0,0.0,0.0,0.0,0.24982056424238516,0.48571522039662945,0.39315712374505857,0.14237835949933347,0.16109530421721133,0.25466022229331836,0.4913808521616964,0.6859133197605871,0.0,0.0,0.0,0.03535365362364914,0.0,0.0,0.0,0.0,0.0,0.0,0.0,0.0,0.0,0.0,0.0,0.0,0.0,0.0,0.0,0.0,0.425638201962898,1.0,0.4065315344255398,0.0,0.0,0.0,0.0,0.0,0.0,0.0,0.0,0.0,0.0,0.0,0.0,0.0,0.0,0.0,0.0,0.0,0.0,0.0,0.0,0.0,0.0,0.0,0.0,0.0,0.0,0.0,0.0,0.0,0.0,0.0,0.0,0.0,0.0,0.0,0.0,0.0,0.0,0.0,0.0,0.0,0.0,0.0,0.0,0.0,0.0,0.0,0.0,0.0,0.0,0.0
0.0,0.0,0.0,0.0,0.0,0.0,0.1628452243004255,0.2557700506303974,0.03658122132703437,0.0,0.24914215593363082,0.486223681692519,0.685886586833007,0.4914722490078181,0.03538965340204217,0.0,0.14154226545321597,0.393348541446588,0.0,0.0,0.0,0.0,0.0,0.0,0.0,0.0,0.0,0.0,0.0,0.0,0.0,0.0,0.0,0.0,0.0,0.4065315344255398,1.0,0.42405353715334126,0.0,0.0,0.0,0.0,0.0,0.0,0.0,0.0,0.0,0.0,0.0,0.0,0.0,0.0,0.0,0.0,0.0,0.0,0.0,0.0,0.0,0.0,0.0,0.0,0.0,0.0,0.0,0.0,0.0,0.0,0.0,0.0,0.0,0.0,0.0,0.0,0.0,0.0,0.0,0.0,0.0,0.0,0.0,0.0,0.0,0.0,0.0,0.0,0.0,0.0
0.0,0.0,0.0,0.0,0.0,0.0,0.035393815900458245,0.0,0.0,0.0,0.24914316845621198,0.48622278960148857,0.3933484387009426,0.14154388667043669,0.16284695604818458,0.25576555455432654,0.4914723422548897,0.6858862301544058,0.0,0.0,0.0,0.036571554485496094,0.0,0.0,0.0,0.0,0.0,0.0,0.0,0.0,0.0,0.0,0.0,0.0,0.0,0.0,0.42405353715334126,1.0,0.40652773410899634,0.0,0.0,0.0,0.0,0.0,0.0,0.0,0.0,0.0,0.0,0.0,0.0,0.0,0.01640646837658979,0.0,0.0,0.0,0.0,0.0,0.0,0.0,0.0,0.0,0.0,0.0,0.0,0.0,0.0,0.0,0.0,0.0,0.0,0.0,0.0,0.0,0.0,0.0,0.0,0.0,0.09773770696593989,0.0,0.0,0.0,0.0,0.0,0.0,0.0,0.0,0.0
0.0,0.0,0.0,0.0,0.0,0.0,0.0,0.0,0.0,0.0,0.1611019460517619,0.2546596671424184,0.03535259068428693,0.0,0.24982348030125945,0.48571636177189764,0.6859139895973669,0.491378467171912,0.034565819594655905,0.0,0.14237817510617923,0.39315519002909327,0.0,0.0,0.0,0.0,0.0,0.0,0.0,0.0,0.0,0.0,0.0,0.0,0.0,0.0,0.0,0.40652773410899634,1.0,0.4256241005018048,0.0,0.0,0.0,0.0,0.0,0.0,0.0,0.0,0.0,0.06924447200663038,0.0,0.20774420706314692,0.45053782681757265,0.36853343445317305,0.0,0.0,0.0,0.08566973232054931,0.0,0.0,0.0,0.0,0.0,0.0,0.0,0.0,0.0,0.0,0.0,0.0,0.0,0.0,0.0,0.0,0.0,0.0,0.0,0.2650657685813354,0.42971550714813367,0.013865016368796789,0.0,0.0,0.0,0.0,0.0,0.0,0.0,0.0
0.0,0.0,0.0,0.0,0.0,0.0,0.0,0.0,0.0,0.0,0.03132027545715218,0.0,0.0,0.0,0.2499222894824784,0.48595268051652496,0.39419996784187816,0.14252335942762148,0.1632391330220785,0.2559111973702859,0.4926201985156258,0.685856739302807,0.0,0.0,0.0,0.03785882666597575,0.0,0.0,0.0,0.0,0.0,0.0,0.0,0.0,0.0,0.0,0.0,0.0,0.4256241005018048,1.0,0.4086735454596452,0.0,0.0,0.0,0.08524322048054003,0.0,0.0,0.0,0.14318778645425534,0.27285496737830595,0.040871464592378774,0.1202667629099461,0.31657901782678916,0.41867314627294816,0.0,0.0,0.0,0.0,0.0,0.0,0.0,0.0,0.0,0.0,0.0,0.0,0.023131016441246717,0.0,0.0,0.0,0.0,0.19107319923392485,0.0,0.25594029635489174,0.0,0.0,0.022881198445174552,0.30049607432102027,0.11374985940756542,0.0,0.0,0.0,0.0,0.0,0.0,0.0,0.0,0.08751815323711656
0.0,0.0,0.0,0.0,0.0,0.0,0.0,0.0,0.0,0.0,0.0,0.0,0.0,0.0,0.15643148315526254,0.25241278386854155,0.03564146109509889,0.0,0.24826508267355352,0.48482976651715504,0.6859449287271386,0.49192359983994083,0.035856934451081734,0.0,0.13650110536603932,0.39005960046367355,0.0,0.0,0.0,0.0,0.0,0.0,0.0,0.0,0.0,0.0,0.0,0.0,0.0,0.4086735454596452,1.0,0.4191650414710234,0.0,0.0,0.0,0.0,0.0,0.0,0.0,0.0,0.0,0.0,0.0,0.0,0.0,0.0,0.0,0.0,0.0,0.0,0.0,0.0,0.0,0.0,0.0,0.0,0.0,0.0,0.0,0.0,0.0,0.28400353069049306,0.0,0.4770702337069164,0.0,0.0,0.0,0.0,0.0,0.0,0.0,0.0,0.0,0.0,0.0,0.0,0.0,0.0
0.0,0.0,0.0,0.0,0.0,0.0,0.0,0.0,0.0,0.0,0.0,0.0,0.0,0.0,0.025490214465092625,0.0,0.0,0.0,0.2501420100756805,0.4874677780976523,0.3921296617713692,0.1419047606949717,0.16941104340011376,0.25811338227663516,0.4914724183829325,0.685926018175282,0.0,0.03550660953822471,0.0,0.0,0.0,0.0,0.0,0.0,0.0,0.0,0.0,0.0,0.0,0.0,0.4191650414710234,1.0,0.40669005071661835,0.0,0.0,0.0,0.0,0.0,0.0,0.0,0.0,0.0,0.0,0.0,0.0,0.0,0.0,0.0,0.0,0.0,0.0,0.0,0.0,0.0,0.0,0.0,0.0,0.0,0.0,0.0,0.0,0.0,0.0,0.07242948601738361,0.0,0.0,0.0,0.0,0.0,0.0,0.0,0.0,0.0,0.0,0.0,0.0,0.0,0.0
0.0,0.0,0.0,0.0,0.0,0.0,0.0,0.0,0.0,0.0,0.0,0.0,0.0,0.0,0.0,0.0,0.0,0.0,0.15869305303836517,0.2529446416153727,0.0331221047355367,0.0,0.2547152771052787,0.4850319044478473,0.6862556172836753,0.48947014728264854,0.0,0.3893290570398153,0.0,0.22327011283352086,0.0,0.0,0.0,0.0,0.0,0.0,0.0,0.0,0.0,0.0,0.0,0.40669005071661835,1.0,0.0,0.0,0.0,0.0,0.0,0.0,0.0,0.0,0.0,0.0,0.0,0.0,0.0,0.0,0.0,0.0,0.0,0.0,0.0,0.0,0.0,0.0,0.0,0.0,0.0,0.0,0.0,0.0,0.0,0.0,0.0,0.0,0.0,0.0,0.0,0.0,0.0,0.0,0.0,0.0,0.0,0.0,0.0,0.0,0.0
0.3980662647339961,0.2901041981756531,0.11968583539409956,0.04260923429484973,0.10786924763633632,0.2719499765329257,0.42458156233699496,0.2706011992805223,0.16872769435245047,0.1750984458337557,0.37536301852907766,0.15083271438852727,0.03746343376184353,0.09334697614382839,0.3758972900938848,0.12426123847421683,0.0,0.0,0.4859951038272704,0.25432807714840555,0.03154997888507376,0.0,0.6868640044900591,0.4926986488292254,0.2561464247025723,0.17052878838075688,0.0,0.3997663928395093,0.0,0.23314170670454953,0.16687484158258922,0.0,0.0,0.0,0.0,0.0,0.0,0.0,0.0,0.0,0.0,0.0,0.0,1.0,0.0,0.0,0.0,0.0,0.0,0.0,0.0,0.0,0.0,0.0,0.0,0.0,0.0,0.0,0.0,0.0,0.0,0.0,0.0,0.0,0.0,0.0,0.0,0.0,0.0,0.0,0.0,0.0,0.0,0.0,0.0,0.0,0.0,0.0,0.0,0.0,0.0,0.0,0.0,0.0,0.0,0.0,0.0,0.0
0.0,0.0,0.0,0.0,0.0,0.0,0.0,0.0,0.0,0.0,0.0,0.0,0.0,0.0,0.0,0.0,0.0,0.0,0.0,0.0,0.0,0.005973211219397139,0.0,0.0,0.0,0.0,0.0,0.0,0.0,0.0,0.0,0.0,0.0,0.0,0.0,0.0,0.0,0.0,0.0,0.08524322048054003,0.0,0.0,0.0,0.0,1.0,0.7383167221778677,0.5469799904428165,0.4724003820751661,0.5435446093885202,0.7350217686595221,0.729823809769903,0.5455506030344344,0.4771859709813137,0.5420707419456563,0.5221653699460381,0.29886037975962576,0.21486759797531368,0.3048916115904082,0.4078023934209726,0.17143641982112579,0.03830812831151185,0.08381845650895042,0.38386552094404747,0.16164446290819043,0.0,0.0,0.4314515857851621,0.24900197578082514,0.06563673072654078,0.031975750235264416,0.3056127306229556,0.1576512020631851,0.07161701789869103,0.006675698334285315,0.48601943381647517,0.15870519761222893,0.25014776335590844,0.24826687906525535,0.16324620175210786,0.03455809849713671,0.0,0.0,0.0,0.0,0.0,0.0,0.0,0.3980662647339961
0.0,0.0,0.0,0.0,0.0,0.0,0.0,0.0,0.0,0.0,0.0,0.0,0.0,0.0,0.0,0.0,0.0,0.0,0.0,0.0,0.0,0.0,0.0,0.0,0.0,0.0,0.0,0.0,0.0,0.0,0.0,0.0,0.0,0.0,0.0,0.0,0.0,0.0,0.0,0.0,0.0,0.0,0.0,0.0,0.7383167221778677,1.0,0.7425844784952607,0.5485878771094442,0.4834497949146363,0.5500726601878639,0.5328179530893508,0.30536286736444523,0.21894198602650816,0.30804472929320315,0.43177581360485556,0.1935879650061503,0.05028330002733888,0.08937220969711587,0.4207786060572396,0.22150205499272171,0.05108043691634201,0.03281779057537295,0.43158544520188064,0.27462563558553355,0.13026136420797735,0.10350217781444901,0.4127271059702558,0.26243085040941555,0.14582805887923772,0.1524827893908967,0.5479708094767747,0.12098221223720666,0.32375376580354087,0.0,0.6868695565520944,0.2547253509697599,0.16941924650343457,0.03585015702568257,0.0,0.0,0.0,0.0,0.0,0.0,0.0,0.0,0.0,0.29010419817565297
0.0,0.0,0.0,0.0,0.0,0.0,0.0,0.0,0.0,0.0,0.0,0.0,0.0,0.0,0.0,0.0,0.0,0.0,0.0,0.0,0.0,0.0,0.0,0.0,0.0,0.0,0.0,0.0,0.0,0.0,0.0,0.0,0.0,0.0,0.0,0.0,0.0,0.0,0.0,0.0,0.0,0.0,0.0,0.0,0.5469799904428165,0.7425844784952607,1.0,0.7375075098743599,0.5545992688229022,0.4813115859202339,0.29710649641285386,0.09638808143335899,0.06676586178609695,0.21788582855019623,0.17510386550865362,0.0,0.0,0.0,0.1861871315953517,0.000249067479890549,0.0,0.0,0.24914984877990284,0.1458960266438213,0.0,0.0,0.2624358849139595,0.18639947649835736,0.10357303278142763,0.08577122606594934,0.734482531488853,0.07702694569948847,0.4912080841636379,0.0,0.49269263954368303,0.4850327222360373,0.2581121210841515,0.0,0.0,0.0,0.0,0.0,0.0,0.0,0.0,0.0,0.0,0.11968583539409973
0.0,0.0,0.0,0.0,0.0,0.0,0.0,0.0,0.0,0.0,0.0,0.0,0.0,0.0,0.0,0.0,0.0,0.0,0.0,0.0,0.0,0.0,0.0,0.0,0.0,0.0,0.0,0.0,0.0,0.0,0.0,0.0,0.0,0.0,0.0,0.0,0.0,0.0,0.0,0.0,0.0,0.0,0.0,0.0,0.4724003820751661,0.5485878771094442,0.7375075098743599,1.0,0.745479925834948,0.5489890225217747,0.20230658346868619,0.05775246581902365,0.1036744884667686,0.3090551909847577,0.019950223773742105,0.0,0.0,0.0,0.0,0.0,0.0,0.0,0.06570225921328325,0.0,0.0,0.0,0.14573488742968874,0.10343732126180535,0.0,0.0,0.5430364680153846,0.06812885083147092,0.31987767316594634,0.0,0.2561538079865626,0.6862552437090664,0.49147280114943775,0.13646656987411926,0.0,0.0,0.0,0.0,0.0,0.0,0.0,0.0,0.0,0.04260923429484973
0.0,0.0,0.0,0.0,0.0,0.0,0.0,0.0,0.0,0.0,0.0,0.0,0.0,0.0,0.0,0.0,0.0,0.0,0.0,0.0,0.056677243543078085,0.12461362256661036,0.0,0.0,0.0,0.0,0.0,0.0,0.0,0.0,0.0,0.0,0.0,0.0,0.0,0.0,0.0,0.0,0.0,0.14318778645425534,0.0,0.0,0.0,0.0,0.5435446093885202,0.4834497949146363,0.5545992688229022,0.745479925834948,1.0,0.7375437386046764,0.29730983167435565,0.21493740590372237,0.31419488127307565,0.5428809603465977,0.06691483927022589,0.0,0.0,0.0,0.0,0.0,0.0,0.0,0.03194545080221298,0.0,0.0,0.0,0.15227435232136152,0.08548906123334513,0.0,0.0,0.3120653327977656,0.09408581548686869,0.07804991620312575,0.017178190286948006,0.17054371138356872,0.4894697760096615,0.6859252007635337,0.3900313668653388,0.03784071496435152,0.0,0.0,0.0,0.0,0.0,0.0,0.0,0.0,0.10786924763633632
0.0,0.0,0.0,0.0,0.0,0.0,0.0,0.0,0.0,0.0,0.0,0.0,0.0,0.0,0.0,0.05293276391889746,0.05544249037081978,0.0,0.0,0.0,0.05533046843325056,0.18210345382412005,0.0,0.0,0.0,0.0,0.0,0.0,0.0,0.0,0.0,0.0,0.0,0.0,0.0,0.0,0.0,0.0,0.06924447200663038,0.27285496737830595,0.0,0.0,0.0,0.0,0.7350217686595221,0.5500726601878639,0.4813115859202339,0.5489890225217747,0.7375437386046764,1.0,0.5375620986800927,0.47659925868654346,0.5524514328758537,0.7354867447487081,0.285861351579062,0.08634912511079888,0.06058718384941307,0.2150625975615567,0.1534819557848812,0.0,0.0,0.0,0.1615751839634932,0.0,0.0,0.0,0.2743853231718206,0.14560051124513895,0.0,0.0,0.21596243289206943,0.1320169363889618,0.0,0.035748142312443366,0.25434401404256407,0.2529408944583838,0.4874629965248503,0.48482660400602795,0.2559115760773011,0.0,0.0,0.0,0.0,0.0,0.0,0.0,0.0,0.27194997653292574
0.0,0.0,0.0,0.0,0.0,0.0,0.0,0.0,0.0,0.0,0.0,0.0,0.0,0.0,0.0,0.0,0.0,0.0,0.0,0.0,0.0,0.0,0.0,0.0,0.0,0.0,0.0,0.0,0.0,0.0,0.0,0.0,0.0,0.0,0.0,0.0,0.0,0.0,0.0,0.040871464592378774,0.0,0.0,0.0,0.0,0.729823809769903,0.5328179530893508,0.29710649641285386,0.20230658346868619,0.29730983167435565,0.5375620986800927,1.0,0.7368537299389354,0.5418866738763004,0.4701910861574366,0.730825276567278,0.5451782091290067,0.4764137823465628,0.5430547923619641,0.5198515187745777,0.29352410973327964,0.21184071027050627,0.3048050738171358,0.40778848566339065,0.15350256404161391,0.017364484405144515,0.07142797824233474,0.42067289579265077,0.1860719666609261,0.0,0.0,0.08086082123643067,0.08009717682543581,0.0,0.0,0.37595660061331543,0.0,0.025473654162737037,0.15641799946000196,0.2499219676173499,0.24982056424238508,0.1628452243004255,0.035393815900458245,0.0,0.0,0.0,0.0,0.0,0.42458156233699507
0.0,0.0,0.0,0.0,0.0,0.0,0.0,0.0,0.0,0.0,0.0,0.0,0.0,0.0,0.0,0.0,0.09031772487651807,0.0,0.0,0.0,0.0,0.028032857696537964,0.0,0.0,0.0,0.0,0.0,0.0,0.0,0.0,0.0,0.0,0.0,0.0,0.0,0.0,0.0,0.0,0.20774420706314692,0.1202667629099461,0.0,0.0,0.0,0.0,0.5455506030344344,0.30536286736444523,0.09638808143335899,0.05775246581902365,0.21493740590372237,0.47659925868654346,0.7368537299389354,1.0,0.7348698683091296,0.5487900325762542,0.5433922082494149,0.4790052902745228,0.5523397172990961,0.7361476895285584,0.2935062415292007,0.0871807571026244,0.059379900902604345,0.21597662371702092,0.1713904486984258,0.0,0.0,0.0,0.2213618106296397,8.033879886895737e-05,0.0,0.0,0.0,0.0,0.0,0.0,0.12431036496866145,0.0,0.0,0.2524078289939419,0.4859540986686243,0.48571522039662945,0.25577005063039765,0.0,0.0,0.0,0.0,0.0,0.0,0.27060119928052223
0.0,0.0,0.0,0.0,0.0,0.0,0.0,0.0,0.0,0.0,0.0,0.0,0.0,0.0,0.0,0.17926591402774383,0.3034654396453961,0.13776088962045624,0.0,0.0,0.0,0.2096887849444202,0.0,0.0,0.0,0.0,0.0,0.0,0.0,0.0,0.0,0.0,0.0,0.0,0.0,0.0,0.0,0.01640646837658979,0.45053782681757265,0.31657901782678916,0.0,0.0,0.0,0.0,0.4771859709813137,0.21894198602650816,0.06676586178609695,0.1036744884667686,0.31419488127307565,0.5524514328758537,0.5418866738763004,0.7348698683091296,1.0,0.7479069525119666,0.2998761660420391,0.21396452044763048,0.3124293794116654,0.5431632120614718,0.07139504472509368,0.0,0.0,0.0,0.0,0.0,0.0,0.0,0.10329275490438823,0.0,0.0,0.0,0.0,0.0,0.0,0.0,0.0,0.0,0.14187331965682456,0.49192476653687356,0.6858569595704084,0.39315712374505857,0.03658122132703486,0.0,0.0,0.0,0.0,0.0,0.0,0.16872769435245055
0.0,0.0,0.0,0.0,0.0,0.0,0.0,0.0,0.0,0.0,0.0,0.0,0.0,0.0,0.021684837505311114,0.2409941208251306,0.28797885782623367,0.09533541285722225,0.0,0.0,0.12727890572307174,0.3082431879461979,0.0,0.0,0.0,0.0,0.0,0.0,0.0,0.0,0.0,0.0,0.0,0.0,0.0,0.0,0.0,0.0,0.36853343445317305,0.41867314627294816,0.0,0.0,0.0,0.0,0.5420707419456563,0.30804472929320315,0.21788582855019623,0.3090551909847577,0.5428809603465977,0.7354867447487081,0.4701910861574366,0.5487900325762542,0.7479069525119666,1.0,0.20243817256083516,0.05572124137335136,0.10311290237118552,0.31146897373590177,0.01732105077677194,0.0,0.0,0.0,0.0,0.0,0.0,0.0,0.12999282094525802,0.0,0.0,0.0,0.0,0.02028767022280695,0.0,0.0,0.03157781337866705,0.033104836611945083,0.39210083148353797,0.6859446433700799,0.4926202643799175,0.14237835949933347,0.0,0.0,0.0,0.0,0.0,0.0,0.0,0.1750984458337557
