1.0,0.7383167322232317,0.5469799148707408,0.4724004058318217,0.5435446016081945,0.7350218315500777,0.7298237470380219,0.5455506944087535,0.4771860170549895,0.5420708448240592,0.5221653460866901,0.2988603746220708,0.2148676627309361,0.30489165417803804,0.4078023902218783,0.1714363553082542,0.038308122444169354,0.0838184058200047,0.383865445344998,0.1616443802105958,0.0,0.0,0.43145160644938507,0.24900196985074188,0.06563668576028932,0.03197568547209757,0.30561274914536973,0.15765121185517206,0.07161697531172219,0.006675709730188959,0.4860193641160134,0.15870523200763503,0.2501477401915134,0.24826696465193943,0.16324616006248016,0.03455803592148472,0.0,0.0,0.0,0.0,0.0,0.0,0.0,0.3980662601172047,0.0,0.0,0.0,0.0,0.0,0.0,0.0,0.0,0.0,0.0,0.0,0.0,0.0,0.0,0.0,0.0,0.0,0.0,0.0,0.0,0.0,0.0,0.0,0.0,0.0,0.0,0.0,0.0,0.0,0.0,0.0,0.0,0.0,0.0,0.0,0.0,0.0,0.0,0.0,0.0,0.0,0.0,0.0,0.0
0.7383167322232317,1.0,0.742584347765735,0.5485877833685999,0.4834497286891726,0.5500726739294141,0.5328179505457166,0.3053630155659073,0.21894204294387182,0.3080448002149504,0.43177584031327887,0.19358806795304526,0.05028343427372095,0.08937231910336059,0.42077866134908354,0.22150209871343982,0.05108051548709504,0.03281781421412481,0.43158544231173934,0.2746255895697281,0.13026134648086718,0.10350223413835306,0.4127270997289556,0.26243083524590305,0.14582800007586913,0.15248273203009763,0.5479707745501378,0.12098218033925012,0.32375368704881446,0.0,0.6868695097213741,0.2547253250212529,0.1694191590000849,0.035850199437353944,0.0,0.0,0.0,0.0,0.0,0.0,0.0,0.0,0.0,0.2901042037871575,0.0,0.0,0.0,0.0,0.0,0.0,0.0,0.0,0.0,0.0,0.0,0.0,0.0,0.0,0.0,0.0,0.0,0.0,0.0,0.0,0.0,0.0,0.0,0.0,0.0,0.0,0.0,0.0,0.0,0.0,0.0,0.0,0.0,0.0,0.0,0.0,0.0,0.0,0.0,0.0,0.0,0.0,0.0,0.0
0.5469799148707408,0.742584347765735,1.0,0.7375074472759992,0.5545992223423587,0.48131152654944565,0.29710636868252005,0.09638809284765598,0.06676583508172343,0.2178858029585101,0.17510376648958398,0.0,0.0,0.0,0.18618709036407569,0.0002490368712384752,0.0,0.0,0.24914982424470608,0.1458959793305235,0.0,0.0,0.2624358591572302,0.18639948029448192,0.10357303700999705,0.08577121487824572,0.7344826361957658,0.07702694873221579,0.4912081218981291,0.0,0.4926924969760315,0.48503280543839233,0.25811205879995475,0.0,0.0,0.0,0.0,0.0,0.0,0.0,0.0,0.0,0.0,0.11968581544027529,0.0,0.0,0.0,0.0,0.0,0.0,0.0,0.0,0.0,0.0,0.0,0.0,0.0,0.0,0.0,0.0,0.0,0.0,0.0,0.0,0.0,0.0,0.0,0.0,0.0,0.0,0.0,0.0,0.0,0.0,0.0,0.0,0.0,0.0,0.0,0.0,0.0,0.0,0.0,0.0,0.0,0.0,0.0,0.0
0.4724004058318217,0.5485877833685999,0.7375074472759992,1.0,0.7454800093466506,0.5489890582734936,0.20230654518372695,0.05775256010092314,0.10367460497508847,0.30905526137802486,0.019950197149737704,0.0,0.0,0.0,0.0,0.0,0.0,0.0,0.06570221292023469,0.0,0.0,0.0,0.14573489018452526,0.10343728650904946,0.0,0.0,0.5430364430336153,0.06812885344520715,0.31987757895772445,0.0,0.2561536648727181,0.6862552521980883,0.4914728565723048,0.13646665447826797,0.0,0.0,0.0,0.0,0.0,0.0,0.0,0.0,0.0,0.04260927049782582,0.0,0.0,0.0,0.0,0.0,0.0,0.0,0.0,0.0,0.0,0.0,0.0,0.0,0.0,0.0,0.0,0.0,0.0,0.0,0.0,0.0,0.0,0.0,0.0,0.0,0.0,0.0,0.0,0.0,0.0,0.0,0.0,0.0,0.0,0.0,0.0,0.0,0.0,0.0,0.0,0.0,0.0,0.0,0.0
0.5435446016081945,0.4834497286891726,0.5545992223423587,0.7454800093466506,1.0,0.7375436778792344,0.2973097597748969,0.21493741258173904,0.31419492858902615,0.5428809277897488,0.06691480797214834,0.0,0.0,0.0,0.0,0.0,0.0,0.0,0.03194539189232827,0.0,0.0,0.0,0.15227437506718633,0.08548902624952189,0.0,0.0,0.31206538101469505,0.09408581705647734,0.07804989792964179,0.01717819070127041,0.17054359875300004,0.48946978306957417,0.6859251789107387,0.39003136325017024,0.03784063500981421,0.0,0.0,0.0,0.0,0.0,0.0,0.0,0.0,0.1078692625017448,0.0,0.0,0.0,0.0,0.0,0.0,0.0,0.0,0.0,0.0,0.0,0.0,0.0,0.0,0.0,0.0,0.0,0.0,0.0,0.0,0.0,0.0,0.0,0.0,0.0,0.0,0.0,0.0,0.0,0.0,0.0,0.0,0.0,0.0,0.0,0.0,0.0,0.0,0.0,0.0,0.0,0.0,0.0,0.0
0.7350218315500777,0.5500726739294141,0.48131152654944565,0.5489890582734936,0.7375436778792344,1.0,0.5375621041055421,0.4765993286809727,0.5524515153321781,0.7354867791440035,0.28586140127659715,0.08634916534199916,0.060587302360557836,0.21506266092884394,0.15348201006574066,0.0,0.0,0.0,0.16157514617828336,0.0,0.0,0.0,0.274385379334792,0.1456004856567713,0.0,0.0,0.2159624798587559,0.1320169255478789,0.0,0.035748109212079104,0.254343976710258,0.25294087488224937,0.48746291109339146,0.48482662959064066,0.25591152805989786,0.0,0.0,0.0,0.0,0.0,0.0,0.0,0.0,0.27195000561930466,0.0,0.0,0.0,0.0,0.0,0.0,0.0,0.0,0.0,0.0,0.0,0.0,0.0,0.0,0.0,0.0,0.0,0.0,0.0,0.0,0.0,0.0,0.0,0.0,0.0,0.0,0.0,0.0,0.0,0.0,0.0,0.0,0.0,0.0,0.0,0.0,0.0,0.0,0.0,0.0,0.0,0.0,0.0,0.0
0.7298237470380219,0.5328179505457166,0.29710636868252005,0.20230654518372695,0.2973097597748969,0.5375621041055421,1.0,0.7368538958358634,0.5418866872501724,0.47019117790717496,0.7308253164563903,0.5451782489495841,0.47641391824261775,0.5430549066831505,0.519851527147438,0.2935240332123152,0.21184074280392093,0.3048050877023527,0.4077883640817455,0.1535024598030225,0.01736442533154122,0.07142796858487835,0.4206728780558763,0.18607191921718483,0.0,0.0,0.08086078194480656,0.08009713351561605,0.0,0.0,0.37595656060927224,0.0,0.025473572722360453,0.15641806728918112,0.24992195403839843,0.24982055516578053,0.16284527903754864,0.03539381223609462,0.0,0.0,0.0,0.0,0.0,0.42458148881411073,0.0,0.0,0.0,0.0,0.0,0.0,0.0,0.0,0.0,0.0,0.0,0.0,0.0,0.0,0.0,0.0,0.0,0.0,0.0,0.0,0.0,0.0,0.0,0.0,0.0,0.0,0.0,0.0,0.0,0.0,0.0,0.0,0.0,0.0,0.0,0.0,0.0,0.0,0.0,0.0,0.0,0.0,0.0,0.0
0.5455506944087535,0.3053630155659073,0.09638809284765598,0.05775256010092314,0.21493741258173904,0.4765993286809727,0.7368538958358634,1.0,0.7348697385993237,0.5487901000593804,0.5433923813310723,0.47900533375553805,0.5523398191159474,0.7361476810796942,0.29350638576677013,0.08718078602100798,0.059380020951927584,0.21597671420256936,0.1713904664411411,0.0,0.0,0.0,0.22136194020718344,8.040467575167166e-05,0.0,0.0,0.0,0.0,0.0,0.0,0.1243104858113596,0.0,0.0,0.2524078657402038,0.48595395208252845,0.4857150732680941,0.2557700487657205,0.0,0.0,0.0,0.0,0.0,0.0,0.2706012382924014,0.0,0.0,0.0,0.0,0.0,0.0,0.0,0.0,0.0,0.0,0.0,0.0,0.0,0.0,0.0,0.0,0.0,0.0,0.0,0.0,0.0,0.0,0.0,0.0,0.0,0.0,0.0,0.0,0.0,0.0,0.0,0.0,0.0,0.0,0.0,0.0,0.0,0.0,0.0,0.0,0.0,0.0,0.0,0.0
0.4771860170549895,0.21894204294387182,0.06676583508172343,0.10367460497508847,0.31419492858902615,0.5524515153321781,0.5418866872501724,0.7348697385993237,1.0,0.7479070988276985,0.29987619437432894,0.21396443399101214,0.3124293818322671,0.5431631319982615,0.07139506475043113,0.0,0.0,0.0,0.0,0.0,0.0,0.0,0.1032928382332851,0.0,0.0,0.0,0.0,0.0,0.0,0.0,0.0,0.0,0.1418733638185061,0.49192492440295,0.6858568678444157,0.3931570009911384,0.03658113556573836,0.0,0.0,0.0,0.0,0.0,0.0,0.16872771077585524,0.0,0.0,0.0,0.0,0.0,0.0,0.0,0.0,0.0,0.0,0.0,0.0,0.0,0.0,0.0,0.0,0.0,0.0,0.0,0.0,0.0,0.0,0.0,0.0,0.0,0.0,0.0,0.0,0.0,0.0,0.0,0.0,0.0,0.0,0.0,0.0,0.0,0.0,0.0,0.0,0.0,0.0,0.0,0.0
0.5420708448240592,0.3080448002149504,0.2178858029585101,0.30905526137802486,0.5428809277897488,0.7354867791440035,0.47019117790717496,0.5487901000593804,0.7479070988276985,1.0,0.20243830385719774,0.05572132167796601,0.10311307562356505,0.31146906942692126,0.01732116501392205,0.0,0.0,0.0,0.0,0.0,0.0,0.0,0.12999292612311705,0.0,0.0,0.0,0.0,0.020287668952102912,0.0,0.0,0.03157784244767729,0.0331048188648876,0.39210074639827697,0.6859446192088394,0.49262022949710327,0.14237839034857333,0.0,0.0,0.0,0.0,0.0,0.0,0.0,0.17509850343053301,0.0,0.0,0.0,0.0,0.0,0.0,0.0,0.0,0.0,0.0,0.0,0.0,0.0,0.0,0.0,0.0,0.0,0.0,0.0,0.0,0.0,0.0,0.0,0.0,0.0,0.0,0.0,0.0,0.0,0.0,0.0,0.0,0.0,0.0,0.0,0.0,0.0,0.0,0.0,0.0,0.0,0.0,0.0,0.0
0.5221653460866901,0.43177584031327887,0.17510376648958398,0.019950197149737704,0.06691480797214834,0.28586140127659715,0.7308253164563903,0.5433923813310723,0.29987619437432894,0.20243830385719774,1.0,0.7354309991008723,0.54214049259248,0.47464883125208435,0.7308282222455856,0.543399962766261,0.47465437014721595,0.5421432828628147,0.522167675146145,0.28587777675469384,0.2024617774378033,0.2998904297443047,0.4317336298475017,0.1750603271120621,0.019921425200666556,0.06691270638555355,0.012246081506092776,0.012187098916873914,0.0,0.0,0.3754644168163444,0.0,0.0,0.0,0.03130693468495659,0.16109531106737868,0.24914221712139786,0.24914315673648327,0.16110178901915737,0.0313201625164595,0.0,0.0,0.0,0.3753629529920279,0.0,0.0,0.0,0.0,0.0,0.0,0.0,0.0,0.0,0.0,0.0,0.0,0.0,0.0,0.0,0.0,0.0,0.0,0.0,0.0,0.0,0.0,0.0,0.0,0.0,0.0,0.0,0.0,0.0,0.0,0.0,0.0,0.0,0.0,0.0,0.0,0.0,0.0,0.0,0.0,0.0,0.0,0.0,0.0
0.2988603746220708,0.19358806795304526,0.0,0.0,0.0,0.08634916534199916,0.5451782489495841,0.47900533375553805,0.21396443399101214,0.05572132167796601,0.7354309991008723,1.0,0.7361611974502912,0.5512984535338692,0.5451760756346066,0.47900106749192456,0.5512983006567902,0.736161223420264,0.29885887464574473,0.08634821003269555,0.05572222139836592,0.21396096333890027,0.19355853197978945,0.0,0.0,0.0,0.0,0.0,0.0,0.0,0.1509102591700732,0.0,0.0,0.0,0.0,0.25466009713533216,0.48622362130468455,0.48622274945421984,0.25465962070802534,0.0,0.0,0.0,0.0,0.15083266978306573,0.0,0.0,0.0,0.0,0.0,0.0,0.0,0.0,0.0,0.0,0.0,0.0,0.0,0.0,0.0,0.0,0.0,0.0,0.0,0.0,0.0,0.0,0.0,0.0,0.0,0.0,0.0,0.0,0.0,0.0,0.0,0.0,0.0,0.0,0.0,0.0,0.0,0.0,0.0,0.0,0.0,0.0,0.0,0.0
0.2148676627309361,0.05028343427372095,0.0,0.0,0.0,0.060587302360557836,0.47641391824261775,0.5523398191159474,0.3124293818322671,0.10311307562356505,0.54214049259248,0.7361611974502912,1.0,0.7473484245806775,0.30479817471889725,0.2159681539099746,0.3119646104518218,0.5435050981929932,0.08380573772682318,0.0,0.0,0.0,0.03276837315061425,0.0,0.0,0.0,0.0,0.0,0.0,0.0,0.0,0.0,0.0,0.0,0.14253621351987678,0.491380830996106,0.6858865036557027,0.39334831303927575,0.03535248858159881,0.0,0.0,0.0,0.0,0.03746345150297127,0.0,0.0,0.0,0.0,0.0,0.0,0.0,0.0,0.0,0.0,0.0,0.0,0.0,0.0,0.0,0.0,0.0,0.0,0.0,0.0,0.0,0.0,0.0,0.0,0.0,0.0,0.0,0.0,0.0,0.0,0.0,0.0,0.0,0.0,0.0,0.0,0.0,0.0,0.0,0.0,0.0,0.0,0.0,0.0
0.30489165417803804,0.08937231910336059,0.0,0.0,0.0,0.21506266092884394,0.5430549066831505,0.7361476810796942,0.5431631319982615,0.31146906942692126,0.47464883125208435,0.5512984535338692,0.7473484245806775,1.0,0.21182591035445722,0.05936959825605299,0.10276970319870042,0.3119654548860467,0.03827629940196697,0.0,0.0,0.0,0.05098897649553624,0.0,0.0,0.0,0.0,0.0,0.0,0.0,0.0,0.0,0.0,0.035647820299803276,0.39421027747032333,0.6859131891064326,0.491472247333778,0.1415438526167647,0.0,0.0,0.0,0.0,0.0,0.09334697391914837,0.0,0.0,0.0,0.0,0.0,0.0,0.0,0.0,0.0,0.0,0.0,0.0,0.0,0.0,0.0,0.0,0.0,0.0,0.0,0.0,0.0,0.0,0.0,0.0,0.0,0.0,0.0,0.0,0.0,0.0,0.0,0.0,0.0,0.0,0.0,0.0,0.0,0.0,0.0,0.0,0.0,0.0,0.0,0.0
0.4078023902218783,0.42077866134908354,0.18618709036407569,0.0,0.0,0.15348201006574066,0.519851527147438,0.29350638576677013,0.07139506475043113,0.01732116501392205,0.7308282222455856,0.5451760756346066,0.30479817471889725,0.21182591035445722,1.0,0.7368539747677965,0.5430556105924833,0.4764155289342641,0.729828094334605,0.5375754467716235,0.47020356082751724,0.5418892148592471,0.5328022348591852,0.29709712904941893,0.20229925958508438,0.29731331851188825,0.08025619249179439,0.08084780937735586,0.0,0.0,0.424777398390561,0.0,0.0,0.0,0.0,0.0,0.035389679580548616,0.16284696203869975,0.24982333311332544,0.24992219502523122,0.156431374265455,0.025490209192651048,0.0,0.3758972600225363,0.0,0.0,0.0,0.0,0.0,0.0,0.0,0.0,0.0,0.0,0.0,0.0,0.0,0.0,0.0,0.0,0.0,0.0,0.0,0.0,0.0,0.0,0.0,0.0,0.0,0.0,0.0,0.0,0.0,0.0,0.0,0.0,0.0,0.0,0.0,0.0,0.0,0.0,0.0,0.0,0.0,0.0,0.0,0.0
0.1714363553082542,0.22150209871343982,0.0002490368712384752,0.0,0.0,0.0,0.2935240332123152,0.08718078602100798,0.0,0.0,0.543399962766261,0.47900106749192456,0.2159681539099746,0.05936959825605299,0.7368539747677965,1.0,0.7361450366247839,0.5523355152371704,0.5455510789623277,0.47660708425987675,0.5487977617266959,0.7348718935576882,0.30535696690469405,0.09639548065339583,0.05776084779562978,0.21494780994045773,0.0,0.0,0.0,0.0,0.2708178025714313,0.0,0.0,0.0,0.0,0.0,0.0,0.255765497262305,0.48571621672360765,0.48595271668925677,0.25241282619822525,0.0,0.0,0.12426114968608015,0.0,0.0,0.0,0.0,0.0,0.0,0.0,0.0,0.0,0.0,0.0,0.0,0.0,0.0,0.0,0.0,0.0,0.0,0.0,0.0,0.0,0.0,0.0,0.0,0.0,0.0,0.0,0.0,0.0,0.0,0.0,0.0,0.0,0.0,0.0,0.0,0.0,0.0,0.0,0.0,0.0,0.0,0.0,0.0
0.038308122444169354,0.05108051548709504,0.0,0.0,0.0,0.0,0.21184074280392093,0.059380020951927584,0.0,0.0,0.47465437014721595,0.5512983006567902,0.3119646104518218,0.10276970319870042,0.5430556105924833,0.7361450366247839,1.0,0.7473477919073034,0.3048964448903087,0.21506707079253065,0.31146864359297866,0.5431589196972754,0.08937196258335711,0.0,0.0,0.0,0.0,0.0,0.0,0.0,0.09348820126297608,0.0,0.0,0.0,0.0,0.0,0.1415422920831866,0.4914723941319024,0.685913842349834,0.3941999493975378,0.0356414186448059,0.0,0.0,0.0,0.0,0.0,0.0,0.0,0.0,0.0,0.0,0.0,0.0,0.0,0.0,0.0,0.0,0.0,0.0,0.0,0.0,0.0,0.0,0.0,0.0,0.0,0.0,0.0,0.0,0.0,0.0,0.0,0.0,0.0,0.0,0.0,0.0,0.0,0.0,0.0,0.0,0.0,0.0,0.0,0.0,0.0,0.0,0.0
0.0838184058200047,0.03281781421412481,0.0,0.0,0.0,0.0,0.3048050877023527,0.21597671420256936,0.0,0.0,0.5421432828628147,0.736161223420264,0.5435050981929932,0.3119654548860467,0.4764155289342641,0.5523355152371704,0.7473477919073034,1.0,0.21487380258127783,0.060588870303985604,0.10310979488218162,0.3124225187782115,0.050277706070076034,0.0,0.0,0.0,0.0,0.0,0.0,0.0,0.037557474497219696,0.0,0.0,0.0,0.0,0.035353651017336445,0.39334862145524124,0.6858862949864459,0.49137833531922137,0.14252327810581739,0.0,0.0,0.0,0.0,0.0,0.0,0.0,0.0,0.0,0.0,0.0,0.0,0.0,0.0,0.0,0.0,0.0,0.0,0.0,0.0,0.0,0.0,0.0,0.0,0.0,0.0,0.0,0.0,0.0,0.0,0.0,0.0,0.0,0.0,0.0,0.0,0.0,0.0,0.0,0.0,0.0,0.0,0.0,0.0,0.0,0.0,0.0,0.0
0.383865445344998,0.43158544231173934,0.24914982424470608,0.06570221292023469,0.03194539189232827,0.16157514617828336,0.4077883640817455,0.1713904664411411,0.0,0.0,0.522167675146145,0.29885887464574473,0.08380573772682318,0.03827629940196697,0.729828094334605,0.5455510789623277,0.3048964448903087,0.21487380258127783,1.0,0.7350200420414427,0.5420654971059623,0.47717889669944197,0.7383143897034409,0.5469793234546125,0.47238794031270565,0.5435326343684298,0.15787647410788133,0.30561490090984605,0.006945559327955321,0.07162000913788055,0.39830325926303994,0.0,0.0,0.0,0.0,0.0,0.0,0.0,0.03456569005328536,0.16323910254618992,0.2482650791652893,0.2501421028483333,0.1586930133930249,0.48599499518153405,0.0,0.0,0.0,0.0,0.0,0.0,0.0,0.0,0.0,0.0,0.0,0.0,0.0,0.0,0.0,0.0,0.0,0.0,0.0,0.0,0.0,0.0,0.0,0.0,0.0,0.0,0.0,0.0,0.0,0.0,0.0,0.0,0.0,0.0,0.0,0.0,0.0,0.0,0.0,0.0,0.0,0.0,0.0,0.0
0.1616443802105958,0.2746255895697281,0.1458959793305235,0.0,0.0,0.0,0.1535024598030225,0.0,0.0,0.0,0.28587777675469384,0.08634821003269555,0.0,0.0,0.5375754467716235,0.47660708425987675,0.21506707079253065,0.060588870303985604,0.7350200420414427,1.0,0.7354857609325267,0.5524517342301265,0.5500757208050583,0.4813271786446461,0.5489963440878123,0.7375440591134987,0.13244684073280433,0.21597785386728818,0.0362605968799359,0.0,0.2722874921431655,0.0,0.0,0.0,0.0,0.0,0.0,0.0,0.0,0.25591117487483234,0.4848297575971131,0.48746782381183446,0.2529445093256763,0.2543279781250002,0.0,0.0,0.0,0.0,0.0,0.0,0.0,0.0,0.0,0.0,0.0,0.0,0.0,0.0,0.0,0.0,0.0,0.0,0.0,0.0,0.0,0.0,0.0,0.0,0.0,0.0,0.0,0.0,0.0,0.0,0.0,0.0,0.0,0.0,0.0,0.0,0.0,0.0,0.0,0.0,0.0,0.0,0.0,0.0
0.0,0.13026134648086718,0.0,0.0,0.0,0.0,0.01736442533154122,0.0,0.0,0.0,0.2024617774378033,0.05572222139836592,0.0,0.0,0.47020356082751724,0.5487977617266959,0.31146864359297866,0.10310979488218162,0.5420654971059623,0.7354857609325267,1.0,0.7479085422932163,0.3080443248233873,0.2179040236267735,0.30907347680413866,0.542895178622064,0.02077181133391709,0.0,0.0,0.0,0.17545402985664668,0.0,0.0,0.0,0.0,0.0,0.0,0.0,0.14237811977782003,0.49262016833354594,0.6859448651917988,0.39212965950091905,0.03312195887055932,0.03154991112658522,0.0,0.0,0.0,0.0,0.0,0.0,0.0,0.0,0.0,0.0,0.0,0.0,0.0,0.0,0.0,0.0,0.0,0.0,0.0,0.0,0.0,0.0,0.0,0.0,0.0,0.0,0.0,0.0,0.0,0.0,0.0,0.0,0.0,0.0,0.0,0.0,0.0,0.0,0.0,0.0,0.0,0.0,0.0,0.0
0.0,0.10350223413835306,0.0,0.0,0.0,0.0,0.07142796858487835,0.0,0.0,0.0,0.2998904297443047,0.21396096333890027,0.0,0.0,0.5418892148592471,0.7348718935576882,0.5431589196972754,0.3124225187782115,0.47717889669944197,0.5524517342301265,0.7479085422932163,1.0,0.21893746376504952,0.06678082944138268,0.1036912611584111,0.3142086626543314,0.0,0.0,0.0,0.0,0.16901522701848937,0.0,0.0,0.0,0.0,0.0,0.0,0.036571579411691355,0.39315507436469316,0.6858566340888769,0.4919235831183017,0.1419048265470198,0.0,0.0,0.0,0.0,0.0,0.0,0.0,0.0,0.0,0.0,0.0,0.0,0.0,0.0,0.0,0.0,0.0,0.0,0.0,0.0,0.0,0.0,0.0,0.0,0.0,0.0,0.0,0.0,0.0,0.0,0.0,0.0,0.0,0.0,0.0,0.0,0.0,0.0,0.0,0.0,0.0,0.0,0.0,0.0,0.0,0.0
0.43145160644938507,0.4127270997289556,0.2624358591572302,0.14573489018452526,0.15227437506718633,0.274385379334792,0.4206728780558763,0.22136194020718344,0.1032928382332851,0.12999292612311705,0.4317336298475017,0.19355853197978945,0.03276837315061425,0.05098897649553624,0.5328022348591852,0.30535696690469405,0.08937196258335711,0.050277706070076034,0.7383143897034409,0.5500757208050583,0.3080443248233873,0.21893746376504952,1.0,0.7425807996323871,0.5485741785682664,0.4834405334641867,0.12107766390562336,0.5479738383906072,0.0,0.3237583422009449,0.29020956510313983,0.0,0.0,0.0,0.0,0.0,0.0,0.0,0.0,0.0,0.03585676244575406,0.16941096411683118,0.25471518248548153,0.6868640795435381,0.0,0.0,0.0,0.0,0.0,0.0,0.0,0.0,0.0,0.0,0.0,0.0,0.0,0.0,0.0,0.0,0.0,0.0,0.0,0.0,0.0,0.0,0.0,0.0,0.0,0.0,0.0,0.0,0.0,0.0,0.0,0.0,0.0,0.0,0.0,0.0,0.0,0.0,0.0,0.0,0.0,0.0,0.0,0.0
0.24900196985074188,0.26243083524590305,0.18639948029448192,0.10343728650904946,0.08548902624952189,0.1456004856567713,0.18607191921718483,8.040467575167166e-05,0.0,0.0,0.1750603271120621,0.0,0.0,0.0,0.29709712904941893,0.09639548065339583,0.0,0.0,0.5469793234546125,0.4813271786446461,0.2179040236267735,0.06678082944138268,0.7425807996323871,1.0,0.737504756325735,0.5546051608839864,0.07715125889382711,0.7344828043739009,0.0,0.4912085281865297,0.1197877225781356,0.0,0.0,0.0,0.0,0.0,0.0,0.0,0.0,0.0,0.0,0.25811341579013924,0.48503187386576874,0.4926986783464223,0.0,0.0,0.0,0.0,0.0,0.0,0.0,0.0,0.0,0.0,0.0,0.0,0.0,0.0,0.0,0.0,0.0,0.0,0.0,0.0,0.0,0.0,0.0,0.0,0.0,0.0,0.0,0.0,0.0,0.0,0.0,0.0,0.0,0.0,0.0,0.0,0.0,0.0,0.0,0.0,0.0,0.0,0.0,0.0
0.06563668576028932,0.14582800007586913,0.10357303700999705,0.0,0.0,0.0,0.0,0.0,0.0,0.0,0.019921425200666556,0.0,0.0,0.0,0.20229925958508438,0.05776084779562978,0.0,0.0,0.47238794031270565,0.5489963440878123,0.30907347680413866,0.1036912611584111,0.5485741785682664,0.737504756325735,1.0,0.7454850591183382,0.06842029527201661,0.5430365797313216,0.0,0.3198794268541044,0.042790619047375376,0.0,0.0,0.0,0.0,0.0,0.0,0.0,0.0,0.0,0.13650102574831374,0.49147241170969985,0.686255574520718,0.2561463982047696,0.0,0.0,0.0,0.0,0.0,0.0,0.0,0.0,0.0,0.0,0.0,0.0,0.0,0.0,0.0,0.0,0.0,0.0,0.0,0.0,0.0,0.0,0.0,0.0,0.0,0.0,0.0,0.0,0.0,0.0,0.0,0.0,0.0,0.0,0.0,0.0,0.0,0.0,0.0,0.0,0.0,0.0,0.0,0.0
0.03197568547209757,0.15248273203009763,0.08577121487824572,0.0,0.0,0.0,0.0,0.0,0.0,0.0,0.06691270638555355,0.0,0.0,0.0,0.29731331851188825,0.21494780994045773,0.0,0.0,0.5435326343684298,0.7375440591134987,0.542895178622064,0.3142086626543314,0.4834405334641867,0.5546051608839864,0.7454850591183382,1.0,0.09454171333230434,0.31207172540607975,0.01775437907486593,0.07805716992375517,0.1081594096561815,0.0,0.0,0.0,0.0,0.0,0.0,0.0,0.0,0.037858745221850724,0.3900595494097814,0.6859260722061613,0.48947004684921636,0.17052872860910118,0.0,0.0,0.0,0.0,0.0,0.0,0.0,0.0,0.0,0.0,0.0,0.0,0.0,0.0,0.0,0.0,0.0,0.0,0.0,0.0,0.0,0.0,0.0,0.0,0.0,0.0,0.0,0.0,0.0,0.0,0.0,0.0,0.0,0.0,0.0,0.0,0.0,0.0,0.0,0.0,0.0,0.0,0.0,0.0
0.30561274914536973,0.5479707745501378,0.7344826361957658,0.5430364430336153,0.31206538101469505,0.2159624798587559,0.08086078194480656,0.0,0.0,0.0,0.012246081506092776,0.0,0.0,0.0,0.08025619249179439,0.0,0.0,0.0,0.15787647410788133,0.13244684073280433,0.02077181133391709,0.0,0.12107766390562336,0.07715125889382711,0.06842029527201661,0.09454171333230434,1.0,0.0,0.7567238816953032,0.0,0.3997397563969699,0.38932547660941436,0.035507296856036104,0.0,0.0,0.0,0.0,0.0,0.0,0.0,0.0,0.0,0.0,0.0,0.0,0.0,0.0,0.0,0.0,0.0,0.0,0.0,0.0,0.0,0.0,0.0,0.0,0.0,0.0,0.0,0.0,0.0,0.0,0.0,0.0,0.0,0.0,0.0,0.0,0.0,0.0,0.0,0.0,0.0,0.0,0.0,0.0,0.0,0.0,0.0,0.0,0.0,0.0,0.0,0.0,0.0,0.0,0.0
0.15765121185517206,0.12098218033925012,0.07702694873221579,0.06812885344520715,0.09408581705647734,0.1320169255478789,0.08009713351561605,0.0,0.0,0.020287668952102912,0.012187098916873914,0.0,0.0,0.0,0.08084780937735586,0.0,0.0,0.0,0.30561490090984605,0.21597785386728818,0.0,0.0,0.5479738383906072,0.7344828043739009,0.5430365797313216,0.31207172540607975,0.0,1.0,0.0,0.7567241305967871,0.0,0.0,0.0,0.0,0.0,0.0,0.0,0.0,0.0,0.0,0.0,0.035506577747727565,0.38932905854965133,0.39976645293127183,0.0,0.0,0.0,0.0,0.0,0.0,0.0,0.0,0.0,0.0,0.0,0.0,0.0,0.0,0.0,0.0,0.0,0.0,0.0,0.0,0.0,0.0,0.0,0.0,0.0,0.0,0.0,0.0,0.0,0.0,0.0,0.0,0.0,0.0,0.0,0.0,0.0,0.0,0.0,0.0,0.0,0.0,0.0,0.0
0.07161697531172219,0.32375368704881446,0.4912081218981291,0.31987757895772445,0.07804989792964179,0.0,0.0,0.0,0.0,0.0,0.0,0.0,0.0,0.0,0.0,0.0,0.0,0.0,0.006945559327955321,0.0362605968799359,0.0,0.0,0.0,0.0,0.0,0.01775437907486593,0.7567238816953032,0.0,1.0,0.0,0.23310673582959976,0.22326327401580218,0.0,0.0,0.0,0.0,0.0,0.0,0.0,0.0,0.0,0.0,0.0,0.0,0.0,0.0,0.0,0.0,0.0,0.0,0.0,0.0,0.0,0.0,0.0,0.0,0.0,0.0,0.0,0.0,0.0,0.0,0.0,0.0,0.0,0.0,0.0,0.0,0.0,0.0,0.0,0.0,0.0,0.0,0.0,0.0,0.0,0.0,0.0,0.0,0.0,0.0,0.0,0.0,0.0,0.0,0.0,0.0
0.006675709730188959,0.0,0.0,0.0,0.01717819070127041,0.035748109212079104,0.0,0.0,0.0,0.0,0.0,0.0,0.0,0.0,0.0,0.0,0.0,0.0,0.07162000913788055,0.0,0.0,0.0,0.3237583422009449,0.4912085281865297,0.3198794268541044,0.07805716992375517,0.0,0.7567241305967871,0.0,1.0,0.0,0.0,0.0,0.0,0.0,0.0,0.0,0.0,0.0,0.0,0.0,0.0,0.22327021092590482,0.23314177074702483,0.0,0.0,0.0,0.0,0.0,0.0,0.0,0.0,0.0,0.0,0.0,0.0,0.0,0.0,0.0,0.0,0.0,0.0,0.0,0.0,0.0,0.0,0.0,0.0,0.0,0.0,0.0,0.0,0.0,0.0,0.0,0.0,0.0,0.0,0.0,0.0,0.0,0.0,0.0,0.0,0.0,0.0,0.0,0.0
0.4860193641160134,0.6868695097213741,0.4926924969760315,0.2561536648727181,0.17054359875300004,0.254343976710258,0.37595656060927224,0.1243104858113596,0.0,0.03157784244767729,0.3754644168163444,0.1509102591700732,0.0,0.0,0.424777398390561,0.2708178025714313,0.09348820126297608,0.037557474497219696,0.39830325926303994,0.2722874921431655,0.17545402985664668,0.16901522701848937,0.29020956510313983,0.1197877225781356,0.042790619047375376,0.1081594096561815,0.3997397563969699,0.0,0.23310673582959976,0.0,1.0,0.0,0.0,0.0,0.0,0.0,0.0,0.0,0.0,0.0,0.0,0.0,0.0,0.16687477914318216,0.0,0.0,0.0,0.0,0.0,0.0,0.0,0.0,0.0,0.0,0.0,0.0,0.0,0.0,0.0,0.0,0.0,0.0,0.0,0.0,0.0,0.0,0.0,0.0,0.0,0.0,0.0,0.0,0.0,0.0,0.0,0.0,0.0,0.0,0.0,0.0,0.0,0.0,0.0,0.0,0.0,0.0,0.0,0.0
0.15870523200763503,0.2547253250212529,0.48503280543839233,0.6862552521980883,0.48946978306957417,0.25294087488224937,0.0,0.0,0.0,0.0331048188648876,0.0,0.0,0.0,0.0,0.0,0.0,0.0,0.0,0.0,0.0,0.0,0.0,0.0,0.0,0.0,0.0,0.38932547660941436,0.0,0.22326327401580218,0.0,0.0,1.0,0.40670320952514727,0.0,0.0,0.0,0.0,0.0,0.0,0.0,0.0,0.0,0.0,0.0,0.0,0.0,0.0,0.0,0.0,0.0,0.0,0.0,0.0,0.0,0.0,0.0,0.0,0.0,0.0,0.0,0.0,0.0,0.0,0.0,0.0,0.0,0.0,0.0,0.0,0.0,0.0,0.0,0.0,0.0,0.0,0.0,0.0,0.0,0.0,0.0,0.0,0.0,0.0,0.0,0.0,0.0,0.0,0.0
0.2501477401915134,0.1694191590000849,0.25811205879995475,0.4914728565723048,0.6859251789107387,0.48746291109339146,0.025473572722360453,0.0,0.1418733638185061,0.39210074639827697,0.0,0.0,0.0,0.0,0.0,0.0,0.0,0.0,0.0,0.0,0.0,0.0,0.0,0.0,0.0,0.0,0.035507296856036104,0.0,0.0,0.0,0.0,0.40670320952514727,1.0,0.4191037685047243,0.0,0.0,0.0,0.0,0.0,0.0,0.0,0.0,0.0,0.0,0.0,0.0,0.0,0.0,0.0,0.0,0.0,0.0,0.0,0.0,0.0,0.0,0.0,0.0,0.0,0.0,0.0,0.0,0.0,0.0,0.0,0.0,0.0,0.0,0.0,0.0,0.0,0.0,0.0,0.0,0.0,0.0,0.0,0.0,0.0,0.0,0.0,0.0,0.0,0.0,0.0,0.0,0.0,0.0
0.24826696465193943,0.035850199437353944,0.0,0.13646665447826797,0.39003136325017024,0.48482662959064066,0.15641806728918112,0.2524078657402038,0.49192492440295,0.6859446192088394,0.0,0.0,0.0,0.035647820299803276,0.0,0.0,0.0,0.0,0.0,0.0,0.0,0.0,0.0,0.0,0.0,0.0,0.0,0.0,0.0,0.0,0.0,0.0,0.4191037685047243,1.0,0.4086796711445349,0.0,0.0,0.0,0.0,0.0,0.0,0.0,0.0,0.0,0.0,0.0,0.0,0.0,0.0,0.0,0.0,0.0,0.0,0.0,0.0,0.0,0.0,0.0,0.0,0.0,0.0,0.0,0.0,0.0,0.0,0.0,0.0,0.0,0.0,0.0,0.0,0.0,0.0,0.0,0.0,0.0,0.0,0.0,0.0,0.0,0.0,0.0,0.0,0.0,0.0,0.0,0.0,0.0
0.16324616006248016,0.0,0.0,0.0,0.03784063500981421,0.25591152805989786,0.24992195403839843,0.48595395208252845,0.6858568678444157,0.49262022949710327,0.03130693468495659,0.0,0.14253621351987678,0.39421027747032333,0.0,0.0,0.0,0.0,0.0,0.0,0.0,0.0,0.0,0.0,0.0,0.0,0.0,0.0,0.0,0.0,0.0,0.0,0.0,0.4086796711445349,1.0,0.42563821620277625,0.0,0.0,0.0,0.0,0.0,0.0,0.0,0.0,0.0,0.0,0.0,0.0,0.0,0.0,0.0,0.0,0.0,0.0,0.0,0.0,0.0,0.0,0.0,0.0,0.0,0.0,0.0,0.0,0.0,0.0,0.0,0.0,0.0,0.0,0.0,0.0,0.0,0.0,0.0,0.0,0.0,0.0,0.0,0.0,0.0,0.0,0.0,0.0,0.0,0.0,0.0,0.0
0.03455803592148472,0.0,0.0,0.0,0.0,0.0,0.24982055516578053,0.4857150732680941,0.3931570009911384,0.14237839034857333,0.16109531106737868,0.25466009713533216,0.491380830996106,0.6859131891064326,0.0,0.0,0.0,0.035353651017336445,0.0,0.0,0.0,0.0,0.0,0.0,0.0,0.0,0.0,0.0,0.0,0.0,0.0,0.0,0.0,0.0,0.42563821620277625,1.0,0.40653149041879183,0.0,0.0,0.0,0.0,0.0,0.0,0.0,0.0,0.0,0.0,0.0,0.0,0.0,0.0,0.0,0.0,0.0,0.0,0.0,0.0,0.0,0.0,0.0,0.0,0.0,0.0,0.0,0.0,0.0,0.0,0.0,0.0,0.0,0.0,0.0,0.0,0.0,0.0,0.0,0.0,0.0,0.0,0.0,0.0,0.0,0.0,0.0,0.0,0.0,0.0,0.0
0.0,0.0,0.0,0.0,0.0,0.0,0.16284527903754864,0.2557700487657205,0.03658113556573836,0.0,0.24914221712139786,0.48622362130468455,0.6858865036557027,0.491472247333778,0.035389679580548616,0.0,0.1415422920831866,0.39334862145524124,0.0,0.0,0.0,0.0,0.0,0.0,0.0,0.0,0.0,0.0,0.0,0.0,0.0,0.0,0.0,0.0,0.0,0.40653149041879183,1.0,0.4240534493191697,0.0,0.0,0.0,0.0,0.0,0.0,0.0,0.0,0.0,0.0,0.0,0.0,0.0,0.0,0.0,0.0,0.0,0.0,0.0,0.0,0.0,0.0,0.0,0.0,0.0,0.0,0.0,0.0,0.0,0.0,0.0,0.0,0.0,0.0,0.0,0.0,0.0,0.0,0.0,0.0,0.0,0.0,0.0,0.0,0.0,0.0,0.0,0.0,0.0,0.0
0.0,0.0,0.0,0.0,0.0,0.0,0.03539381223609462,0.0,0.0,0.0,0.24914315673648327,0.48622274945421984,0.39334831303927575,0.1415438526167647,0.16284696203869975,0.255765497262305,0.4914723941319024,0.6858862949864459,0.0,0.0,0.0,0.036571579411691355,0.0,0.0,0.0,0.0,0.0,0.0,0.0,0.0,0.0,0.0,0.0,0.0,0.0,0.0,0.4240534493191697,1.0,0.40652779144132983,0.0,0.0,0.0,0.0,0.0,0.0,0.0,0.0,0.0,0.0,0.0,0.0,0.0,0.0,0.0,0.0,0.0,0.0,0.0,0.0,0.0,0.0,0.0,0.0,0.0,0.0,0.0,0.0,0.0,0.0,0.0,0.0,0.0,0.0,0.0,0.0,0.0,0.0,0.0,0.0,0.0,0.0,0.0,0.0,0.0,0.0,0.0,0.0,0.0
0.0,0.0,0.0,0.0,0.0,0.0,0.0,0.0,0.0,0.0,0.16110178901915737,0.25465962070802534,0.03535248858159881,0.0,0.24982333311332544,0.48571621672360765,0.685913842349834,0.49137833531922137,0.03456569005328536,0.0,0.14237811977782003,0.39315507436469316,0.0,0.0,0.0,0.0,0.0,0.0,0.0,0.0,0.0,0.0,0.0,0.0,0.0,0.0,0.0,0.40652779144132983,1.0,0.42562408584347267,0.0,0.0,0.0,0.0,0.0,0.0,0.0,0.0,0.0,0.0,0.0,0.0,0.0,0.0,0.0,0.0,0.0,0.0,0.0,0.0,0.0,0.0,0.0,0.0,0.0,0.0,0.0,0.0,0.0,0.0,0.0,0.0,0.0,0.0,0.0,0.0,0.0,0.0,0.0,0.0,0.0,0.0,0.0,0.0,0.0,0.0,0.0,0.0
0.0,0.0,0.0,0.0,0.0,0.0,0.0,0.0,0.0,0.0,0.0313201625164595,0.0,0.0,0.0,0.24992219502523122,0.48595271668925677,0.3941999493975378,0.14252327810581739,0.16323910254618992,0.25591117487483234,0.49262016833354594,0.6858566340888769,0.0,0.0,0.0,0.037858745221850724,0.0,0.0,0.0,0.0,0.0,0.0,0.0,0.0,0.0,0.0,0.0,0.0,0.42562408584347267,1.0,0.40867347056906095,0.0,0.0,0.0,0.0,0.0,0.0,0.0,0.0,0.0,0.0,0.0,0.0,0.0,0.0,0.0,0.0,0.0,0.0,0.0,0.0,0.0,0.0,0.0,0.0,0.0,0.0,0.0,0.0,0.0,0.0,0.0,0.0,0.0,0.0,0.0,0.0,0.0,0.0,0.0,0.0,0.0,0.0,0.0,0.0,0.0,0.0,0.0
0.0,0.0,0.0,0.0,0.0,0.0,0.0,0.0,0.0,0.0,0.0,0.0,0.0,0.0,0.156431374265455,0.25241282619822525,0.0356414186448059,0.0,0.2482650791652893,0.4848297575971131,0.6859448651917988,0.4919235831183017,0.03585676244575406,0.0,0.13650102574831374,0.3900595494097814,0.0,0.0,0.0,0.0,0.0,0.0,0.0,0.0,0.0,0.0,0.0,0.0,0.0,0.40867347056906095,1.0,0.41916503357036217,0.0,0.0,0.0,0.0,0.0,0.0,0.0,0.0,0.0,0.0,0.0,0.0,0.0,0.0,0.0,0.0,0.0,0.0,0.0,0.0,0.0,0.0,0.0,0.0,0.0,0.0,0.0,0.0,0.0,0.0,0.0,0.0,0.0,0.0,0.0,0.0,0.0,0.0,0.0,0.0,0.0,0.0,0.0,0.0,0.0,0.0
0.0,0.0,0.0,0.0,0.0,0.0,0.0,0.0,0.0,0.0,0.0,0.0,0.0,0.0,0.025490209192651048,0.0,0.0,0.0,0.2501421028483333,0.48746782381183446,0.39212965950091905,0.1419048265470198,0.16941096411683118,0.25811341579013924,0.49147241170969985,0.6859260722061613,0.0,0.035506577747727565,0.0,0.0,0.0,0.0,0.0,0.0,0.0,0.0,0.0,0.0,0.0,0.0,0.41916503357036217,1.0,0.40668989104561154,0.0,0.0,0.0,0.0,0.0,0.0,0.0,0.0,0.0,0.0,0.0,0.0,0.0,0.0,0.0,0.0,0.0,0.0,0.0,0.0,0.0,0.0,0.0,0.0,0.0,0.0,0.0,0.0,0.0,0.0,0.0,0.0,0.0,0.0,0.0,0.0,0.0,0.0,0.0,0.0,0.0,0.0,0.0,0.0,0.0
0.0,0.0,0.0,0.0,0.0,0.0,0.0,0.0,0.0,0.0,0.0,0.0,0.0,0.0,0.0,0.0,0.0,0.0,0.1586930133930249,0.2529445093256763,0.03312195887055932,0.0,0.25471518248548153,0.48503187386576874,0.686255574520718,0.48947004684921636,0.0,0.38932905854965133,0.0,0.22327021092590482,0.0,0.0,0.0,0.0,0.0,0.0,0.0,0.0,0.0,0.0,0.0,0.40668989104561154,1.0,0.0,0.0,0.0,0.0,0.0,0.0,0.0,0.0,0.0,0.0,0.0,0.0,0.0,0.0,0.0,0.0,0.0,0.0,0.0,0.0,0.0,0.0,0.0,0.0,0.0,0.0,0.0,0.0,0.0,0.0,0.0,0.0,0.0,0.0,0.0,0.0,0.0,0.0,0.0,0.0,0.0,0.0,0.0,0.0,0.0
0.3980662601172047,0.2901042037871575,0.11968581544027529,0.04260927049782582,0.1078692625017448,0.27195000561930466,0.42458148881411073,0.2706012382924014,0.16872771077585524,0.17509850343053301,0.3753629529920279,0.15083266978306573,0.03746345150297127,0.09334697391914837,0.3758972600225363,0.12426114968608015,0.0,0.0,0.48599499518153405,0.2543279781250002,0.03154991112658522,0.0,0.6868640795435381,0.4926986783464223,0.2561463982047696,0.17052872860910118,0.0,0.39976645293127183,0.0,0.23314177074702483,0.16687477914318216,0.0,0.0,0.0,0.0,0.0,0.0,0.0,0.0,0.0,0.0,0.0,0.0,1.0,0.0,0.0,0.0,0.0,0.0,0.0,0.0,0.0,0.0,0.0,0.0,0.0,0.0,0.0,0.0,0.0,0.0,0.0,0.0,0.0,0.0,0.0,0.0,0.0,0.0,0.0,0.0,0.0,0.0,0.0,0.0,0.0,0.0,0.0,0.0,0.0,0.0,0.0,0.0,0.0,0.0,0.0,0.0,0.0
0.0,0.0,0.0,0.0,0.0,0.0,0.0,0.0,0.0,0.0,0.0,0.0,0.0,0.0,0.0,0.0,0.0,0.0,0.0,0.0,0.0,0.0,0.0,0.0,0.0,0.0,0.0,0.0,0.0,0.0,0.0,0.0,0.0,0.0,0.0,0.0,0.0,0.0,0.0,0.0,0.0,0.0,0.0,0.0,1.0,0.7383168096688553,0.5469800915500256,0.47240035561357024,0.5435445695315375,0.735021785657645,0.7298237783547751,0.5455504432270866,0.4771858763378872,0.5420707284358035,0.5221654088190341,0.2988603341187889,0.21486760156524334,0.3048914888699471,0.4078024135234923,0.17143644941984088,0.038308142754454495,0.08381849400861371,0.3838655926835578,0.16164446164502125,0.0,0.0,0.4314515918819278,0.24900202450154513,0.06563683311224086,0.03197588060993087,0.3056127282400188,0.1576512263939332,0.07161715436508116,0.006675744117081305,0.4860195033316351,0.1587052841104668,0.25014768396002085,0.24826687099053946,0.16324615199692608,0.034558077638820316,0.0,0.0,0.0,0.0,0.0,0.0,0.0,0.3980662712854028
0.0,0.0,0.0,0.0,0.0,0.0,0.0,0.0,0.0,0.0,0.0,0.0,0.0,0.0,0.0,0.0,0.0,0.0,0.0,0.0,0.0,0.0,0.0,0.0,0.0,0.0,0.0,0.0,0.0,0.0,0.0,0.0,0.0,0.0,0.0,0.0,0.0,0.0,0.0,0.0,0.0,0.0,0.0,0.0,0.7383168096688553,1.0,0.7425844697075683,0.5485878002271403,0.48344970202419907,0.5500727076728621,0.5328179868283256,0.30536280595751114,0.21894198212135113,0.3080447703764638,0.43177588762092145,0.19358794971553248,0.050283361246466915,0.08937216863451448,0.4207786408627268,0.22150205688664706,0.051080480811745696,0.03281786141117815,0.43158545129042936,0.27462558597395503,0.13026133893094288,0.10350216074757912,0.41272710388606554,0.26243086285613426,0.14582807772910655,0.1524828345207018,0.5479707130902439,0.12098221691923541,0.3237538046148379,0.0,0.6868695349152928,0.25472539276801903,0.169419143902887,0.03585019597412292,0.0,0.0,0.0,0.0,0.0,0.0,0.0,0.0,0.0,0.29010417925609244
0.0,0.0,0.0,0.0,0.0,0.0,0.0,0.0,0.0,0.0,0.0,0.0,0.0,0.0,0.0,0.0,0.0,0.0,0.0,0.0,0.0,0.0,0.0,0.0,0.0,0.0,0.0,0.0,0.0,0.0,0.0,0.0,0.0,0.0,0.0,0.0,0.0,0.0,0.0,0.0,0.0,0.0,0.0,0.0,0.5469800915500256,0.7425844697075683,1.0,0.7375075087126569,0.5545992169999578,0.48131166111207063,0.2971065374647248,0.09638803051440616,0.06676589828817683,0.21788587919120234,0.1751039331905991,0.0,0.0,0.0,0.18618716068320382,0.00024903852955623814,0.0,0.0,0.24914982606376918,0.14589595237662528,0.0,0.0,0.26243591587711423,0.1863994813106429,0.10357304149493803,0.08577124096676472,0.7344824217730003,0.07702697133502118,0.49120811629065586,0.0,0.49269257600470656,0.485032805802267,0.2581120638092373,0.0,0.0,0.0,0.0,0.0,0.0,0.0,0.0,0.0,0.0,0.11968584516395937
0.0,0.0,0.0,0.0,0.0,0.0,0.0,0.0,0.0,0.0,0.0,0.0,0.0,0.0,0.0,0.0,0.0,0.0,0.0,0.0,0.0,0.0,0.0,0.0,0.0,0.0,0.0,0.0,0.0,0.0,0.0,0.0,0.0,0.0,0.0,0.0,0.0,0.0,0.0,0.0,0.0,0.0,0.0,0.0,0.47240035561357024,0.5485878002271403,0.7375075087126569,1.0,0.745479803738876,0.5489889648559498,0.20230652732126977,0.057752305971537785,0.10367443265082892,0.30905510699371425,0.019950212556348344,0.0,0.0,0.0,0.0,0.0,0.0,0.0,0.06570221009623144,0.0,0.0,0.0,0.14573488635334989,0.10343729237088622,0.0,0.0,0.5430364350328617,0.06812885414287591,0.3198777755663806,0.0,0.2561537079268579,0.6862553564241058,0.4914726953077342,0.1364665239939062,0.0,0.0,0.0,0.0,0.0,0.0,0.0,0.0,0.0,0.04260921318381023
0.0,0.0,0.0,0.0,0.0,0.0,0.0,0.0,0.0,0.0,0.0,0.0,0.0,0.0,0.0,0.0,0.0,0.0,0.0,0.0,0.0,0.0,0.0,0.0,0.0,0.0,0.0,0.0,0.0,0.0,0.0,0.0,0.0,0.0,0.0,0.0,0.0,0.0,0.0,0.0,0.0,0.0,0.0,0.0,0.5435445695315375,0.48344970202419907,0.5545992169999578,0.745479803738876,1.0,0.7375437208799261,0.29730981289213837,0.21493731975472893,0.3141949322212006,0.5428809658581696,0.06691484430514816,0.0,0.0,0.0,0.0,0.0,0.0,0.0,0.03194539204205328,0.0,0.0,0.0,0.15227431701283473,0.08548898671631817,0.0,0.0,0.3120651898631594,0.09408578197982184,0.07804990975292307,0.01717820812753512,0.1705435963194998,0.48946972499863467,0.6859251914050654,0.3900314403910556,0.03784079192346698,0.0,0.0,0.0,0.0,0.0,0.0,0.0,0.0,0.10786925406010729
0.0,0.0,0.0,0.0,0.0,0.0,0.0,0.0,0.0,0.0,0.0,0.0,0.0,0.0,0.0,0.0,0.0,0.0,0.0,0.0,0.0,0.0,0.0,0.0,0.0,0.0,0.0,0.0,0.0,0.0,0.0,0.0,0.0,0.0,0.0,0.0,0.0,0.0,0.0,0.0,0.0,0.0,0.0,0.0,0.735021785657645,0.5500727076728621,0.48131166111207063,0.5489889648559498,0.7375437208799261,1.0,0.5375621467140164,0.47659919083566366,0.552451437257596,0.7354867184546512,0.2858614379178622,0.086349157154944,0.06058727745402487,0.21506257671950632,0.15348199445035252,0.0,0.0,0.0,0.1615752455957428,0.0,0.0,0.0,0.27438533567722967,0.14560050929398974,0.0,0.0,0.21596239711309917,0.13201692101175697,0.0,0.035748168866477234,0.25434405233918933,0.25294091143698694,0.4874629018886326,0.48482659344952367,0.2559115951251042,0.0,0.0,0.0,0.0,0.0,0.0,0.0,0.0,0.27195003140136936
0.0,0.0,0.0,0.0,0.0,0.0,0.0,0.0,0.0,0.0,0.0,0.0,0.0,0.0,0.0,0.0,0.0,0.0,0.0,0.0,0.0,0.0,0.0,0.0,0.0,0.0,0.0,0.0,0.0,0.0,0.0,0.0,0.0,0.0,0.0,0.0,0.0,0.0,0.0,0.0,0.0,0.0,0.0,0.0,0.7298237783547751,0.5328179868283256,0.2971065374647248,0.20230652732126977,0.29730981289213837,0.5375621467140164,1.0,0.736853652479575,0.5418866308559137,0.47019117055272835,0.7308253041881578,0.5451781893973988,0.4764138208960933,0.54305471322116,0.5198514907855516,0.29352413174384223,0.2118406937749213,0.30480511280845624,0.4077885520700166,0.15350253389187934,0.01736446974200484,0.07142791881254461,0.4206728457699466,0.1860720023217071,0.0,0.0,0.08086075793931827,0.08009718506486635,0.0,0.0,0.3759566481487457,0.0,0.025473604186756482,0.1564180643445698,0.24992198124444884,0.24982059801097514,0.16284523591033556,0.03539378876669963,0.0,0.0,0.0,0.0,0.0,0.4245815560210717
0.0,0.0,0.0,0.0,0.0,0.0,0.0,0.0,0.0,0.0,0.0,0.0,0.0,0.0,0.0,0.0,0.0,0.0,0.0,0.0,0.0,0.0,0.0,0.0,0.0,0.0,0.0,0.0,0.0,0.0,0.0,0.0,0.0,0.0,0.0,0.0,0.0,0.0,0.0,0.0,0.0,0.0,0.0,0.0,0.5455504432270866,0.30536280595751114,0.09638803051440616,0.057752305971537785,0.21493731975472893,0.47659919083566366,0.736853652479575,1.0,0.7348697926862869,0.5487900640077074,0.5433921862370628,0.47900534315098187,0.5523398596896659,0.7361477391926273,0.2935061604455456,0.08718076758611322,0.05937987513191128,0.2159766897101114,0.17139045101157926,0.0,0.0,0.0,0.22136167204363186,8.02707411575567e-05,0.0,0.0,0.0,0.0,0.0,0.0,0.12431033418107958,0.0,0.0,0.2524078468791847,0.4859541300427468,0.48571536525477155,0.2557701277877603,0.0,0.0,0.0,0.0,0.0,0.0,0.27060113620452925
0.0,0.0,0.0,0.0,0.0,0.0,0.0,0.0,0.0,0.0,0.0,0.0,0.0,0.0,0.0,0.0,0.0,0.0,0.0,0.0,0.0,0.0,0.0,0.0,0.0,0.0,0.0,0.0,0.0,0.0,0.0,0.0,0.0,0.0,0.0,0.0,0.0,0.0,0.0,0.0,0.0,0.0,0.0,0.0,0.4771858763378872,0.21894198212135113,0.06676589828817683,0.10367443265082892,0.3141949322212006,0.552451437257596,0.5418866308559137,0.7348697926862869,1.0,0.7479070705060867,0.29987613551155506,0.21396449556559677,0.31242940134825775,0.5431631531258297,0.07139497310300963,0.0,0.0,0.0,0.0,0.0,0.0,0.0,0.10329269135130575,0.0,0.0,0.0,0.0,0.0,0.0,0.0,0.0,0.0,0.14187333987639444,0.49192488713591637,0.6858570030256868,0.39315713406371344,0.036581152536846503,0.0,0.0,0.0,0.0,0.0,0.0,0.16872772062885769
0.0,0.0,0.0,0.0,0.0,0.0,0.0,0.0,0.0,0.0,0.0,0.0,0.0,0.0,0.0,0.0,0.0,0.0,0.0,0.0,0.0,0.0,0.0,0.0,0.0,0.0,0.0,0.0,0.0,0.0,0.0,0.0,0.0,0.0,0.0,0.0,0.0,0.0,0.0,0.0,0.0,0.0,0.0,0.0,0.5420707284358035,0.3080447703764638,0.21788587919120234,0.30905510699371425,0.5428809658581696,0.7354867184546512,0.47019117055272835,0.5487900640077074,0.7479070705060867,1.0,0.20243828418593807,0.05572134600799914,0.10311307193904766,0.3114690483012987,0.01732109735024393,0.0,0.0,0.0,0.0,0.0,0.0,0.0,0.12999281630449142,0.0,0.0,0.0,0.0,0.020287618831729054,0.0,0.0,0.03157786421453902,0.03310480194306958,0.3921007514029048,0.6859446224763147,0.4926203501073806,0.14237849676982095,0.0,0.0,0.0,0.0,0.0,0.0,0.0,0.17509852179511184
0.0,0.0,0.0,0.0,0.0,0.0,0.0,0.0,0.0,0.0,0.0,0.0,0.0,0.0,0.0,0.0,0.0,0.0,0.0,0.0,0.0,0.0,0.0,0.0,0.0,0.0,0.0,0.0,0.0,0.0,0.0,0.0,0.0,0.0,0.0,0.0,0.0,0.0,0.0,0.0,0.0,0.0,0.0,0.0,0.5221654088190341,0.43177588762092145,0.1751039331905991,0.019950212556348344,0.06691484430514816,0.2858614379178622,0.7308253041881578,0.5433921862370628,0.29987613551155506,0.20243828418593807,1.0,0.7354308186848224,0.5421403375650107,0.4746485966454275,0.7308282356154222,0.5434001264147206,0.4746543317684078,0.542143303228475,0.5221679239061026,0.28587791668521684,0.2024618726802225,0.2998904230082682,0.43173364555165594,0.1750604443982167,0.01992161811073834,0.06691294673568725,0.012246109446244366,0.012187179191904653,0.0,0.0,0.3754645182202291,0.0,0.0,0.0,0.03130692893847363,0.16109531214154732,0.24914214866803266,0.24914307253686438,0.16110185842692876,0.03132025774003223,0.0,0.0,0.0,0.3753630160165131
0.0,0.0,0.0,0.0,0.0,0.0,0.0,0.0,0.0,0.0,0.0,0.0,0.0,0.0,0.0,0.0,0.0,0.0,0.0,0.0,0.0,0.0,0.0,0.0,0.0,0.0,0.0,0.0,0.0,0.0,0.0,0.0,0.0,0.0,0.0,0.0,0.0,0.0,0.0,0.0,0.0,0.0,0.0,0.0,0.2988603341187889,0.19358794971553248,0.0,0.0,0.0,0.086349157154944,0.5451781893973988,0.47900534315098187,0.21396449556559677,0.05572134600799914,0.7354308186848224,1.0,0.7361612969196768,0.5512984585663373,0.5451758724958882,0.47900108339666203,0.5512981157719437,0.7361611909475625,0.2988589101587183,0.08634813047246916,0.05572208499144263,0.2139607481075092,0.19355838186417815,0.0,0.0,0.0,0.0,0.0,0.0,0.0,0.15091015234477465,0.0,0.0,0.0,0.0,0.254660302340008,0.48622380832188383,0.48622278093642834,0.2546595969100585,0.0,0.0,0.0,0.0,0.15083264259515247
0.0,0.0,0.0,0.0,0.0,0.0,0.0,0.0,0.0,0.0,0.0,0.0,0.0,0.0,0.0,0.0,0.0,0.0,0.0,0.0,0.0,0.0,0.0,0.0,0.0,0.0,0.0,0.0,0.0,0.0,0.0,0.0,0.0,0.0,0.0,0.0,0.0,0.0,0.0,0.0,0.0,0.0,0.0,0.0,0.21486760156524334,0.050283361246466915,0.0,0.0,0.0,0.06058727745402487,0.4764138208960933,0.5523398596896659,0.31242940134825775,0.10311307193904766,0.5421403375650107,0.7361612969196768,1.0,0.7473483785904164,0.30479804961756984,0.21596826840474695,0.31196449493338635,0.5435050356344354,0.08380585720437826,0.0,0.0,0.0,0.03276824351596046,0.0,0.0,0.0,0.0,0.0,0.0,0.0,0.0,0.0,0.0,0.0,0.14253622652386724,0.4913809165736774,0.6858865552003254,0.3933484110462392,0.03535253189284378,0.0,0.0,0.0,0.0,0.037463457125617654
