1.0,0.7383167221778678,0.5469799904428163,0.47240038207516594,0.5435446093885202,0.7350217686595218,0.729823809769903,0.5455506030344346,0.4771859709813138,0.5420707419456563,0.5221653699460381,0.2988603797596259,0.21486759797531385,0.30489161159040834,0.4078023934209726,0.17143641982112579,0.03830812831151185,0.08381845650895042,0.3838655209440478,0.16164446290819073,0.0,0.0,0.43145158578516213,0.2490019757808253,0.06563673072654111,0.03197575023526458,0.3056127306229554,0.15765120206318556,0.07161701789869088,0.006675698334285643,0.486019433816475,0.15870519761222893,0.2501477633559083,0.24826687906525527,0.16324620175210786,0.03455809849713687,0.0,0.0,0.0,0.0,0.0,0.0,0.0,0.39806626473399626,0.0,0.0,0.0,0.0,0.0,0.0,0.0,0.0,0.0,0.0,0.0,0.0,0.0,0.0,0.0,0.0,0.0,0.0,0.0,0.0,0.0,0.0,0.0,0.0,0.0,0.0,0.0,0.0,0.0,0.0,0.0,0.0,0.0,0.0,0.0,0.0,0.0,0.0,0.0,0.0,0.0,0.0,0.0,0.0
0.7383167221778678,1.0,0.7425844784952603,0.5485878771094439,0.4834497949146363,0.550072660187864,0.5328179530893509,0.3053628673644454,0.21894198602650833,0.3080447292932033,0.43177581360485556,0.19358796500615044,0.05028330002733904,0.08937220969711604,0.42077860605723977,0.22150205499272171,0.05108043691634217,0.03281779057537295,0.4315854452018811,0.2746256355855338,0.13026136420797735,0.10350217781444918,0.41272710597025597,0.2624308504094158,0.14582805887923805,0.15248278939089688,0.5479708094767745,0.120982212237207,0.32375376580354054,0.0,0.6868695565520943,0.2547253509697599,0.16941924650343457,0.03585015702568273,0.0,0.0,0.0,0.0,0.0,0.0,0.0,0.0,0.0,0.29010419817565314,0.0,0.0,0.0,0.0,0.0,0.0,0.0,0.0,0.0,0.0,0.0,0.0,0.0,0.0,0.0,0.0,0.0,0.0,0.0,0.0,0.0,0.0,0.0,0.0,0.0,0.0,0.0,0.0,0.0,0.0,0.0,0.0,0.0,0.0,0.0,0.0,0.0,0.0,0.0,0.0,0.0,0.0,0.0,0.0
0.5469799904428163,0.7425844784952603,1.0,0.7375075098743596,0.5545992688229022,0.4813115859202339,0.2971064964128536,0.09638808143335899,0.06676586178609695,0.21788582855019623,0.17510386550865345,0.0,0.0,0.0,0.1861871315953517,0.000249067479890549,0.0,0.0,0.24914984877990284,0.1458960266438213,0.0,0.0,0.2624358849139592,0.18639947649835703,0.10357303278142779,0.085771226065949,0.7344825314888531,0.07702694569948847,0.4912080841636379,0.0,0.4926926395436829,0.48503272223603733,0.2581121210841515,0.0,0.0,0.0,0.0,0.0,0.0,0.0,0.0,0.0,0.0,0.11968583539409923,0.0,0.0,0.0,0.0,0.0,0.0,0.0,0.0,0.0,0.0,0.0,0.0,0.0,0.0,0.0,0.0,0.0,0.0,0.0,0.0,0.0,0.0,0.0,0.0,0.0,0.0,0.0,0.0,0.0,0.0,0.0,0.0,0.0,0.0,0.0,0.0,0.0,0.0,0.0,0.0,0.0,0.0,0.0,0.0
0.47240038207516594,0.5485878771094439,0.7375075098743596,1.0,0.7454799258349482,0.5489890225217748,0.20230658346868585,0.05775246581902365,0.10367448846676877,0.3090551909847577,0.019950223773741775,0.0,0.0,0.0,0.0,0.0,0.0,0.0,0.06570225921328308,0.0,0.0,0.0,0.14573488742968857,0.10343732126180502,0.0,0.0,0.5430364680153846,0.06812885083147092,0.3198776731659461,0.0,0.25615380798656245,0.6862552437090667,0.4914728011494378,0.13646656987411926,0.0,0.0,0.0,0.0,0.0,0.0,0.0,0.0,0.0,0.0426092342948494,0.0,0.0,0.0,0.0,0.0,0.0,0.0,0.0,0.0,0.0,0.0,0.0,0.0,0.0,0.0,0.0,0.0,0.0,0.0,0.0,0.0,0.0,0.0,0.0,0.0,0.0,0.0,0.0,0.0,0.0,0.0,0.0,0.0,0.0,0.0,0.0,0.0,0.0,0.0,0.0,0.0,0.0,0.0,0.0
0.5435446093885202,0.4834497949146363,0.5545992688229022,0.7454799258349482,1.0,0.7375437386046765,0.2973098316743554,0.21493740590372237,0.3141948812730757,0.5428809603465975,0.06691483927022572,0.0,0.0,0.0,0.0,0.0,0.0,0.0,0.03194545080221281,0.0,0.0,0.0,0.1522743523213612,0.0854890612333448,0.0,0.0,0.31206533279776577,0.09408581548686837,0.07804991620312558,0.017178190286947843,0.17054371138356864,0.4894697760096617,0.6859252007635338,0.39003136686533874,0.03784071496435135,0.0,0.0,0.0,0.0,0.0,0.0,0.0,0.0,0.10786924763633599,0.0,0.0,0.0,0.0,0.0,0.0,0.0,0.0,0.0,0.0,0.0,0.0,0.0,0.0,0.0,0.0,0.0,0.0,0.0,0.0,0.0,0.0,0.0,0.0,0.0,0.0,0.0,0.0,0.0,0.0,0.0,0.0,0.0,0.0,0.0,0.0,0.0,0.0,0.0,0.0,0.0,0.0,0.0,0.0
0.7350217686595218,0.550072660187864,0.4813115859202339,0.5489890225217748,0.7375437386046765,1.0,0.5375620986800924,0.47659925868654335,0.5524514328758536,0.735486744748708,0.2858613515790617,0.08634912511079888,0.06058718384941274,0.2150625975615567,0.15348195578488086,0.0,0.0,0.0,0.16157518396349305,0.0,0.0,0.0,0.27438532317182013,0.14560051124513862,0.0,0.0,0.2159624328920696,0.13201693638896167,0.0,0.035748142312443366,0.25434401404256396,0.2529408944583841,0.4874629965248505,0.48482660400602806,0.25591157607730103,0.0,0.0,0.0,0.0,0.0,0.0,0.0,0.0,0.27194997653292524,0.0,0.0,0.0,0.0,0.0,0.0,0.0,0.0,0.0,0.0,0.0,0.0,0.0,0.0,0.0,0.0,0.0,0.0,0.0,0.0,0.0,0.0,0.0,0.0,0.0,0.0,0.0,0.0,0.0,0.0,0.0,0.0,0.0,0.0,0.0,0.0,0.0,0.0,0.0,0.0,0.0,0.0,0.0,0.0
0.729823809769903,0.5328179530893509,0.2971064964128536,0.20230658346868585,0.2973098316743554,0.5375620986800924,1.0,0.7368537299389354,0.5418866738763002,0.4701910861574364,0.730825276567278,0.5451782091290069,0.47641378234656295,0.5430547923619642,0.5198515187745779,0.2935241097332798,0.2118407102705066,0.304805073817136,0.4077884856633908,0.15350256404161408,0.017364484405144678,0.0714279782423349,0.4206728957926507,0.18607196666092593,0.0,0.0,0.08086082123643067,0.08009717682543581,0.0,0.0,0.3759566006133154,0.0,0.02547365416273687,0.1564179994600018,0.2499219676173498,0.24982056424238516,0.1628452243004255,0.035393815900458245,0.0,0.0,0.0,0.0,0.0,0.42458156233699496,0.0,0.0,0.0,0.0,0.0,0.0,0.0,0.0,0.0,0.0,0.0,0.0,0.0,0.0,0.0,0.0,0.0,0.0,0.0,0.0,0.0,0.0,0.0,0.0,0.0,0.0,0.0,0.0,0.0,0.0,0.0,0.0,0.0,0.0,0.0,0.0,0.0,0.0,0.0,0.0,0.0,0.0,0.0,0.0
0.5455506030344346,0.3053628673644454,0.09638808143335899,0.05775246581902365,0.21493740590372237,0.47659925868654335,0.7368537299389354,1.0,0.7348698683091296,0.5487900325762545,0.5433922082494147,0.4790052902745228,0.552339717299096,0.7361476895285584,0.2935062415292006,0.0871807571026244,0.059379900902604345,0.21597662371702075,0.17139044869842562,0.0,0.0,0.0,0.22136181062963936,8.033879886879288e-05,0.0,0.0,0.0,0.0,0.0,0.0,0.12431036496866145,0.0,0.0,0.25240782899394204,0.4859540986686243,0.48571522039662945,0.2557700506303973,0.0,0.0,0.0,0.0,0.0,0.0,0.2706011992805221,0.0,0.0,0.0,0.0,0.0,0.0,0.0,0.0,0.0,0.0,0.0,0.0,0.0,0.0,0.0,0.0,0.0,0.0,0.0,0.0,0.0,0.0,0.0,0.0,0.0,0.0,0.0,0.0,0.0,0.0,0.0,0.0,0.0,0.0,0.0,0.0,0.0,0.0,0.0,0.0,0.0,0.0,0.0,0.0
0.4771859709813138,0.21894198602650833,0.06676586178609695,0.10367448846676877,0.3141948812730757,0.5524514328758536,0.5418866738763002,0.7348698683091296,1.0,0.7479069525119668,0.2998761660420389,0.21396452044763048,0.31242937941166526,0.5431632120614718,0.07139504472509352,0.0,0.0,0.0,0.0,0.0,0.0,0.0,0.10329275490438823,0.0,0.0,0.0,0.0,0.0,0.0,0.0,0.0,0.0,0.14187331965682473,0.4919247665368737,0.6858569595704084,0.39315712374505857,0.03658122132703437,0.0,0.0,0.0,0.0,0.0,0.0,0.1687276943524503,0.0,0.0,0.0,0.0,0.0,0.0,0.0,0.0,0.0,0.0,0.0,0.0,0.0,0.0,0.0,0.0,0.0,0.0,0.0,0.0,0.0,0.0,0.0,0.0,0.0,0.0,0.0,0.0,0.0,0.0,0.0,0.0,0.0,0.0,0.0,0.0,0.0,0.0,0.0,0.0,0.0,0.0,0.0,0.0
0.5420707419456563,0.3080447292932033,0.21788582855019623,0.3090551909847577,0.5428809603465975,0.735486744748708,0.4701910861574364,0.5487900325762545,0.7479069525119668,1.0,0.20243817256083516,0.05572124137335169,0.10311290237118585,0.31146897373590204,0.017321050776772106,0.0,0.0,0.0,0.0,0.0,0.0,0.0,0.12999282094525802,0.0,0.0,0.0,0.0,0.020287670222807114,0.0,0.0,0.03157781337866705,0.033104836611945083,0.39210083148353786,0.6859446433700798,0.49262026437991757,0.14237835949933364,0.0,0.0,0.0,0.0,0.0,0.0,0.0,0.1750984458337557,0.0,0.0,0.0,0.0,0.0,0.0,0.0,0.0,0.0,0.0,0.0,0.0,0.0,0.0,0.0,0.0,0.0,0.0,0.0,0.0,0.0,0.0,0.0,0.0,0.0,0.0,0.0,0.0,0.0,0.0,0.0,0.0,0.0,0.0,0.0,0.0,0.0,0.0,0.0,0.0,0.0,0.0,0.0,0.0
0.5221653699460381,0.43177581360485556,0.17510386550865345,0.019950223773741775,0.06691483927022572,0.2858613515790617,0.730825276567278,0.5433922082494147,0.2998761660420389,0.20243817256083516,1.0,0.735430922287481,0.5421403683652304,0.47464869457482634,0.7308282619006472,0.5434001017412317,0.4746543793467578,0.5421433083430719,0.5221678084604726,0.28587788861185903,0.2024618624914392,0.2998904894697469,0.43173366364397964,0.175060340023947,0.019921521917742713,0.06691282073389948,0.01224613096971659,0.01218711546392209,0.0,0.0,0.3754644191762302,0.0,0.0,0.0,0.031306910065941614,0.16109530421721133,0.24914215593363082,0.24914316845621198,0.1611019460517619,0.031320275457152345,0.0,0.0,0.0,0.37536301852907766,0.0,0.0,0.0,0.0,0.0,0.0,0.0,0.0,0.0,0.0,0.0,0.0,0.0,0.0,0.0,0.0,0.0,0.0,0.0,0.0,0.0,0.0,0.0,0.0,0.0,0.0,0.0,0.0,0.0,0.0,0.0,0.0,0.0,0.0,0.0,0.0,0.0,0.0,0.0,0.0,0.0,0.0,0.0,0.0
0.2988603797596259,0.19358796500615044,0.0,0.0,0.0,0.08634912511079888,0.5451782091290069,0.4790052902745228,0.21396452044763048,0.05572124137335169,0.735430922287481,1.0,0.7361612479739207,0.551298459440984,0.5451759941340294,0.4790010977287973,0.5512982175655233,0.7361611773465413,0.2988588921378304,0.08634818313754246,0.05572215471274412,0.21396089692824258,0.19355849831090002,0.0,0.0,0.0,0.0,0.0,0.0,0.0,0.15091014096640215,0.0,0.0,0.0,0.0,0.25466022229331836,0.486223681692519,0.48622278960148857,0.2546596671424183,0.0,0.0,0.0,0.0,0.1508327143885272,0.0,0.0,0.0,0.0,0.0,0.0,0.0,0.0,0.0,0.0,0.0,0.0,0.0,0.0,0.0,0.0,0.0,0.0,0.0,0.0,0.0,0.0,0.0,0.0,0.0,0.0,0.0,0.0,0.0,0.0,0.0,0.0,0.0,0.0,0.0,0.0,0.0,0.0,0.0,0.0,0.0,0.0,0.0,0.0
0.21486759797531385,0.05028330002733904,0.0,0.0,0.0,0.06058718384941274,0.47641378234656295,0.552339717299096,0.31242937941166526,0.10311290237118585,0.5421403683652304,0.7361612479739207,1.0,0.7473483321854943,0.30479810338151836,0.21596823485601,0.3119645971606387,0.5435050713665346,0.0838057620895472,0.0,0.0,0.0,0.032768285963192686,0.0,0.0,0.0,0.0,0.0,0.0,0.0,0.0,0.0,0.0,0.0,0.1425361562505614,0.4913808521616964,0.685886586833007,0.3933484387009426,0.03535259068428693,0.0,0.0,0.0,0.0,0.03746343376184353,0.0,0.0,0.0,0.0,0.0,0.0,0.0,0.0,0.0,0.0,0.0,0.0,0.0,0.0,0.0,0.0,0.0,0.0,0.0,0.0,0.0,0.0,0.0,0.0,0.0,0.0,0.0,0.0,0.0,0.0,0.0,0.0,0.0,0.0,0.0,0.0,0.0,0.0,0.0,0.0,0.0,0.0,0.0,0.0
0.30489161159040834,0.08937220969711604,0.0,0.0,0.0,0.2150625975615567,0.5430547923619642,0.7361476895285584,0.5431632120614718,0.31146897373590204,0.47464869457482634,0.551298459440984,0.7473483321854943,1.0,0.21182581825982338,0.05936963301822358,0.10276962528404758,0.31196536844200345,0.038276331519333025,0.0,0.0,0.0,0.05098889154599386,0.0,0.0,0.0,0.0,0.0,0.0,0.0,0.0,0.0,0.0,0.035647739986040226,0.3942103081624661,0.6859133197605871,0.4914722490078181,0.14154388667043669,0.0,0.0,0.0,0.0,0.0,0.09334697614382839,0.0,0.0,0.0,0.0,0.0,0.0,0.0,0.0,0.0,0.0,0.0,0.0,0.0,0.0,0.0,0.0,0.0,0.0,0.0,0.0,0.0,0.0,0.0,0.0,0.0,0.0,0.0,0.0,0.0,0.0,0.0,0.0,0.0,0.0,0.0,0.0,0.0,0.0,0.0,0.0,0.0,0.0,0.0,0.0
0.4078023934209726,0.42077860605723977,0.1861871315953517,0.0,0.0,0.15348195578488086,0.5198515187745779,0.2935062415292006,0.07139504472509352,0.017321050776772106,0.7308282619006472,0.5451759941340294,0.30479810338151836,0.21182581825982338,1.0,0.7368540398980638,0.5430556032080404,0.47641558349132096,0.7298281425056238,0.5375755014218497,0.47020360706962433,0.5418892344981887,0.5328022601838333,0.2970970832112906,0.2022993083304434,0.2973133815722049,0.08025621074333934,0.08084779548162585,0.0,0.0,0.42477734450574,0.0,0.0,0.0,0.0,0.0,0.03538965340204217,0.16284695604818458,0.24982348030125945,0.2499222894824785,0.15643148315526254,0.025490214465092625,0.0,0.3758972900938848,0.0,0.0,0.0,0.0,0.0,0.0,0.0,0.0,0.0,0.0,0.0,0.0,0.0,0.0,0.0,0.0,0.0,0.0,0.0,0.0,0.0,0.0,0.0,0.0,0.0,0.0,0.0,0.0,0.0,0.0,0.0,0.0,0.0,0.0,0.0,0.0,0.0,0.0,0.0,0.0,0.0,0.0,0.0,0.0
0.17143641982112579,0.22150205499272171,0.000249067479890549,0.0,0.0,0.0,0.2935241097332798,0.0871807571026244,0.0,0.0,0.5434001017412317,0.4790010977287973,0.21596823485601,0.05936963301822358,0.7368540398980638,1.0,0.7361450886071056,0.5523356849045138,0.5455510680778626,0.4766070166331476,0.5487976571396813,0.7348717972007744,0.30535702595228,0.09639542096274276,0.05776084667882436,0.21494778352800903,0.0,0.0,0.0,0.0,0.27081771516108516,0.0,0.0,0.0,0.0,0.0,0.0,0.25576555455432654,0.48571636177189764,0.48595268051652496,0.2524127838685415,0.0,0.0,0.12426123847421683,0.0,0.0,0.0,0.0,0.0,0.0,0.0,0.0,0.0,0.0,0.0,0.0,0.0,0.0,0.0,0.0,0.0,0.0,0.0,0.0,0.0,0.0,0.0,0.0,0.0,0.0,0.0,0.0,0.0,0.0,0.0,0.0,0.0,0.0,0.0,0.0,0.0,0.0,0.0,0.0,0.0,0.0,0.0,0.0
0.03830812831151185,0.05108043691634217,0.0,0.0,0.0,0.0,0.2118407102705066,0.059379900902604345,0.0,0.0,0.4746543793467578,0.5512982175655233,0.3119645971606387,0.10276962528404758,0.5430556032080404,0.7361450886071056,1.0,0.7473478489678083,0.3048964467942055,0.2150670532643631,0.311468620504184,0.5431589425628935,0.08937198171198797,0.0,0.0,0.0,0.0,0.0,0.0,0.0,0.0934880935291677,0.0,0.0,0.0,0.0,0.0,0.14154226545321597,0.4914723422548897,0.6859139895973669,0.39419996784187816,0.03564146109509889,0.0,0.0,0.0,0.0,0.0,0.0,0.0,0.0,0.0,0.0,0.0,0.0,0.0,0.0,0.0,0.0,0.0,0.0,0.0,0.0,0.0,0.0,0.0,0.0,0.0,0.0,0.0,0.0,0.0,0.0,0.0,0.0,0.0,0.0,0.0,0.0,0.0,0.0,0.0,0.0,0.0,0.0,0.0,0.0,0.0,0.0,0.0
0.08381845650895042,0.03281779057537295,0.0,0.0,0.0,0.0,0.304805073817136,0.21597662371702075,0.0,0.0,0.5421433083430719,0.7361611773465413,0.5435050713665346,0.31196536844200345,0.47641558349132096,0.5523356849045138,0.7473478489678083,1.0,0.21487390767310297,0.06058894986065747,0.10310985686059038,0.31242260968484475,0.05027776932530277,0.0,0.0,0.0,0.0,0.0,0.0,0.0,0.03755744125206048,0.0,0.0,0.0,0.0,0.03535365362364914,0.393348541446588,0.6858862301544058,0.491378467171912,0.14252335942762165,0.0,0.0,0.0,0.0,0.0,0.0,0.0,0.0,0.0,0.0,0.0,0.0,0.0,0.0,0.0,0.0,0.0,0.0,0.0,0.0,0.0,0.0,0.0,0.0,0.0,0.0,0.0,0.0,0.0,0.0,0.0,0.0,0.0,0.0,0.0,0.0,0.0,0.0,0.0,0.0,0.0,0.0,0.0,0.0,0.0,0.0,0.0,0.0
0.3838655209440478,0.4315854452018811,0.24914984877990284,0.06570225921328308,0.03194545080221281,0.16157518396349305,0.4077884856633908,0.17139044869842562,0.0,0.0,0.5221678084604726,0.2988588921378304,0.0838057620895472,0.038276331519333025,0.7298281425056238,0.5455510680778626,0.3048964467942055,0.21487390767310297,1.0,0.7350200172742551,0.5420654539821317,0.47717882271019063,0.7383145031087308,0.5469792762064254,0.47238793815907293,0.5435326099247326,0.15787645211281237,0.30561491960771564,0.006945541535093816,0.07162001064637791,0.39830325514020404,0.0,0.0,0.0,0.0,0.0,0.0,0.0,0.034565819594655905,0.1632391330220785,0.24826508267355352,0.2501420100756804,0.15869305303836517,0.4859951038272704,0.0,0.0,0.0,0.0,0.0,0.0,0.0,0.0,0.0,0.0,0.0,0.0,0.0,0.0,0.0,0.0,0.0,0.0,0.0,0.0,0.0,0.0,0.0,0.0,0.0,0.0,0.0,0.0,0.0,0.0,0.0,0.0,0.0,0.0,0.0,0.0,0.0,0.0,0.0,0.0,0.0,0.0,0.0,0.0
0.16164446290819073,0.2746256355855338,0.1458960266438213,0.0,0.0,0.0,0.15350256404161408,0.0,0.0,0.0,0.28587788861185903,0.08634818313754246,0.0,0.0,0.5375755014218497,0.4766070166331476,0.2150670532643631,0.06058894986065747,0.7350200172742551,1.0,0.7354857348635706,0.5524516525677919,0.550075883679774,0.481327190345397,0.5489964152732425,0.7375440987742834,0.13244688403808583,0.2159779295265305,0.03626062494158504,0.0,0.2722875192873908,0.0,0.0,0.0,0.0,0.0,0.0,0.0,0.0,0.2559111973702859,0.48482976651715504,0.48746777809765224,0.2529446416153727,0.25432807714840555,0.0,0.0,0.0,0.0,0.0,0.0,0.0,0.0,0.0,0.0,0.0,0.0,0.0,0.0,0.0,0.0,0.0,0.0,0.0,0.0,0.0,0.0,0.0,0.0,0.0,0.0,0.0,0.0,0.0,0.0,0.0,0.0,0.0,0.0,0.0,0.0,0.0,0.0,0.0,0.0,0.0,0.0,0.0,0.0
0.0,0.13026136420797735,0.0,0.0,0.0,0.0,0.017364484405144678,0.0,0.0,0.0,0.2024618624914392,0.05572215471274412,0.0,0.0,0.47020360706962433,0.5487976571396813,0.311468620504184,0.10310985686059038,0.5420654539821317,0.7354857348635706,1.0,0.7479084769226825,0.30804444539114606,0.21790400826760292,0.3090735417106494,0.5428952270075386,0.020771881427072404,0.0,0.0,0.0,0.17545401855217863,0.0,0.0,0.0,0.0,0.0,0.0,0.0,0.14237817510617923,0.4926201985156258,0.6859449287271386,0.3921296617713692,0.03312210473553687,0.03154997888507376,0.0,0.0,0.0,0.0,0.0,0.0,0.0,0.0,0.0,0.0,0.0,0.0,0.0,0.0,0.0,0.0,0.0,0.0,0.0,0.0,0.0,0.0,0.0,0.0,0.0,0.0,0.0,0.0,0.0,0.0,0.0,0.0,0.0,0.0,0.0,0.0,0.0,0.0,0.0,0.0,0.0,0.0,0.0,0.0
0.0,0.10350217781444918,0.0,0.0,0.0,0.0,0.0714279782423349,0.0,0.0,0.0,0.2998904894697469,0.21396089692824258,0.0,0.0,0.5418892344981887,0.7348717972007744,0.5431589425628935,0.31242260968484475,0.47717882271019063,0.5524516525677919,0.7479084769226825,1.0,0.2189375053387683,0.06678073954168545,0.10369125346424563,0.3142086426194279,0.0,0.0,0.0,0.0,0.1690151382692849,0.0,0.0,0.0,0.0,0.0,0.0,0.036571554485496253,0.3931551900290934,0.685856739302807,0.4919235998399407,0.1419047606949717,0.0,0.0,0.0,0.0,0.0,0.0,0.0,0.0,0.0,0.0,0.0,0.0,0.0,0.0,0.0,0.0,0.0,0.0,0.0,0.0,0.0,0.0,0.0,0.0,0.0,0.0,0.0,0.0,0.0,0.0,0.0,0.0,0.0,0.0,0.0,0.0,0.0,0.0,0.0,0.0,0.0,0.0,0.0,0.0,0.0,0.0
0.43145158578516213,0.41272710597025597,0.2624358849139592,0.14573488742968857,0.1522743523213612,0.27438532317182013,0.4206728957926507,0.22136181062963936,0.10329275490438823,0.12999282094525802,0.43173366364397964,0.19355849831090002,0.032768285963192686,0.05098889154599386,0.5328022601838333,0.30535702595228,0.08937198171198797,0.05027776932530277,0.7383145031087308,0.550075883679774,0.30804444539114606,0.2189375053387683,1.0,0.7425807807214503,0.5485742727667987,0.48344066756699844,0.12107767616630044,0.5479737980072804,0.0,0.32375827263912,0.29020962546701534,0.0,0.0,0.0,0.0,0.0,0.0,0.0,0.0,0.0,0.035856934451081734,0.16941104340011376,0.25471527710527886,0.6868640044900591,0.0,0.0,0.0,0.0,0.0,0.0,0.0,0.0,0.0,0.0,0.0,0.0,0.0,0.0,0.0,0.0,0.0,0.0,0.0,0.0,0.0,0.0,0.0,0.0,0.0,0.0,0.0,0.0,0.0,0.0,0.0,0.0,0.0,0.0,0.0,0.0,0.0,0.0,0.0,0.0,0.0,0.0,0.0,0.0
0.2490019757808253,0.2624308504094158,0.18639947649835703,0.10343732126180502,0.0854890612333448,0.14560051124513862,0.18607196666092593,8.033879886879288e-05,0.0,0.0,0.175060340023947,0.0,0.0,0.0,0.2970970832112906,0.09639542096274276,0.0,0.0,0.5469792762064254,0.481327190345397,0.21790400826760292,0.06678073954168545,0.7425807807214503,1.0,0.7375047619015759,0.5546051558567351,0.07715122790378036,0.734482867969799,0.0,0.49120855172820593,0.1197877500935458,0.0,0.0,0.0,0.0,0.0,0.0,0.0,0.0,0.0,0.0,0.25811338227663516,0.48503190444784733,0.4926986488292254,0.0,0.0,0.0,0.0,0.0,0.0,0.0,0.0,0.0,0.0,0.0,0.0,0.0,0.0,0.0,0.0,0.0,0.0,0.0,0.0,0.0,0.0,0.0,0.0,0.0,0.0,0.0,0.0,0.0,0.0,0.0,0.0,0.0,0.0,0.0,0.0,0.0,0.0,0.0,0.0,0.0,0.0,0.0,0.0
0.06563673072654111,0.14582805887923805,0.10357303278142779,0.0,0.0,0.0,0.0,0.0,0.0,0.0,0.019921521917742713,0.0,0.0,0.0,0.2022993083304434,0.05776084667882436,0.0,0.0,0.47238793815907293,0.5489964152732425,0.3090735417106494,0.10369125346424563,0.5485742727667987,0.7375047619015759,1.0,0.745485088225322,0.06842029320751133,0.5430366113415152,0.0,0.31987939390609293,0.04279069534652114,0.0,0.0,0.0,0.0,0.0,0.0,0.0,0.0,0.0,0.1365011053660395,0.4914724183829325,0.6862556172836753,0.25614642470257243,0.0,0.0,0.0,0.0,0.0,0.0,0.0,0.0,0.0,0.0,0.0,0.0,0.0,0.0,0.0,0.0,0.0,0.0,0.0,0.0,0.0,0.0,0.0,0.0,0.0,0.0,0.0,0.0,0.0,0.0,0.0,0.0,0.0,0.0,0.0,0.0,0.0,0.0,0.0,0.0,0.0,0.0,0.0,0.0
0.03197575023526458,0.15248278939089688,0.085771226065949,0.0,0.0,0.0,0.0,0.0,0.0,0.0,0.06691282073389948,0.0,0.0,0.0,0.2973133815722049,0.21494778352800903,0.0,0.0,0.5435326099247326,0.7375440987742834,0.5428952270075386,0.3142086426194279,0.48344066756699844,0.5546051558567351,0.745485088225322,1.0,0.09454173711521183,0.3120717757771724,0.01775438269476307,0.07805716441496059,0.10815946756554193,0.0,0.0,0.0,0.0,0.0,0.0,0.0,0.0,0.037858826665975585,0.39005960046367355,0.685926018175282,0.4894701472826487,0.17052878838075688,0.0,0.0,0.0,0.0,0.0,0.0,0.0,0.0,0.0,0.0,0.0,0.0,0.0,0.0,0.0,0.0,0.0,0.0,0.0,0.0,0.0,0.0,0.0,0.0,0.0,0.0,0.0,0.0,0.0,0.0,0.0,0.0,0.0,0.0,0.0,0.0,0.0,0.0,0.0,0.0,0.0,0.0,0.0,0.0
0.3056127306229554,0.5479708094767745,0.7344825314888531,0.5430364680153846,0.31206533279776577,0.2159624328920696,0.08086082123643067,0.0,0.0,0.0,0.01224613096971659,0.0,0.0,0.0,0.08025621074333934,0.0,0.0,0.0,0.15787645211281237,0.13244688403808583,0.020771881427072404,0.0,0.12107767616630044,0.07715122790378036,0.06842029320751133,0.09454173711521183,1.0,0.0,0.7567239486861763,0.0,0.39973984296961,0.38932535903605553,0.035507270519507916,0.0,0.0,0.0,0.0,0.0,0.0,0.0,0.0,0.0,0.0,0.0,0.0,0.0,0.0,0.0,0.0,0.0,0.0,0.0,0.0,0.0,0.0,0.0,0.0,0.0,0.0,0.0,0.0,0.0,0.0,0.0,0.0,0.0,0.0,0.0,0.0,0.0,0.0,0.0,0.0,0.0,0.0,0.0,0.0,0.0,0.0,0.0,0.0,0.0,0.0,0.0,0.0,0.0,0.0,0.0
0.15765120206318556,0.120982212237207,0.07702694569948847,0.06812885083147092,0.09408581548686837,0.13201693638896167,0.08009717682543581,0.0,0.0,0.020287670222807114,0.01218711546392209,0.0,0.0,0.0,0.08084779548162585,0.0,0.0,0.0,0.30561491960771564,0.2159779295265305,0.0,0.0,0.5479737980072804,0.734482867969799,0.5430366113415152,0.3120717757771724,0.0,1.0,0.0,0.7567240907228227,0.0,0.0,0.0,0.0,0.0,0.0,0.0,0.0,0.0,0.0,0.0,0.03550660953822471,0.3893290570398153,0.39976639283950943,0.0,0.0,0.0,0.0,0.0,0.0,0.0,0.0,0.0,0.0,0.0,0.0,0.0,0.0,0.0,0.0,0.0,0.0,0.0,0.0,0.0,0.0,0.0,0.0,0.0,0.0,0.0,0.0,0.0,0.0,0.0,0.0,0.0,0.0,0.0,0.0,0.0,0.0,0.0,0.0,0.0,0.0,0.0,0.0
0.07161701789869088,0.32375376580354054,0.4912080841636379,0.3198776731659461,0.07804991620312558,0.0,0.0,0.0,0.0,0.0,0.0,0.0,0.0,0.0,0.0,0.0,0.0,0.0,0.006945541535093816,0.03626062494158504,0.0,0.0,0.0,0.0,0.0,0.01775438269476307,0.7567239486861763,0.0,1.0,0.0,0.23310684059959985,0.223263210718559,0.0,0.0,0.0,0.0,0.0,0.0,0.0,0.0,0.0,0.0,0.0,0.0,0.0,0.0,0.0,0.0,0.0,0.0,0.0,0.0,0.0,0.0,0.0,0.0,0.0,0.0,0.0,0.0,0.0,0.0,0.0,0.0,0.0,0.0,0.0,0.0,0.0,0.0,0.0,0.0,0.0,0.0,0.0,0.0,0.0,0.0,0.0,0.0,0.0,0.0,0.0,0.0,0.0,0.0,0.0,0.0
0.006675698334285643,0.0,0.0,0.0,0.017178190286947843,0.035748142312443366,0.0,0.0,0.0,0.0,0.0,0.0,0.0,0.0,0.0,0.0,0.0,0.0,0.07162001064637791,0.0,0.0,0.0,0.32375827263912,0.49120855172820593,0.31987939390609293,0.07805716441496059,0.0,0.7567240907228227,0.0,1.0,0.0,0.0,0.0,0.0,0.0,0.0,0.0,0.0,0.0,0.0,0.0,0.0,0.22327011283352086,0.23314170670454962,0.0,0.0,0.0,0.0,0.0,0.0,0.0,0.0,0.0,0.0,0.0,0.0,0.0,0.0,0.0,0.0,0.0,0.0,0.0,0.0,0.0,0.0,0.0,0.0,0.0,0.0,0.0,0.0,0.0,0.0,0.0,0.0,0.0,0.0,0.0,0.0,0.0,0.0,0.0,0.0,0.0,0.0,0.0,0.0
0.486019433816475,0.6868695565520943,0.4926926395436829,0.25615380798656245,0.17054371138356864,0.25434401404256396,0.3759566006133154,0.12431036496866145,0.0,0.03157781337866705,0.3754644191762302,0.15091014096640215,0.0,0.0,0.42477734450574,0.27081771516108516,0.0934880935291677,0.03755744125206048,0.39830325514020404,0.2722875192873908,0.17545401855217863,0.1690151382692849,0.29020962546701534,0.1197877500935458,0.04279069534652114,0.10815946756554193,0.39973984296961,0.0,0.23310684059959985,0.0,1.0,0.0,0.0,0.0,0.0,0.0,0.0,0.0,0.0,0.0,0.0,0.0,0.0,0.1668748415825887,0.0,0.0,0.0,0.0,0.0,0.0,0.0,0.0,0.0,0.0,0.0,0.0,0.0,0.0,0.0,0.0,0.0,0.0,0.0,0.0,0.0,0.0,0.0,0.0,0.0,0.0,0.0,0.0,0.0,0.0,0.0,0.0,0.0,0.0,0.0,0.0,0.0,0.0,0.0,0.0,0.0,0.0,0.0,0.0
0.15870519761222893,0.2547253509697599,0.48503272223603733,0.6862552437090667,0.4894697760096617,0.2529408944583841,0.0,0.0,0.0,0.033104836611945083,0.0,0.0,0.0,0.0,0.0,0.0,0.0,0.0,0.0,0.0,0.0,0.0,0.0,0.0,0.0,0.0,0.38932535903605553,0.0,0.223263210718559,0.0,0.0,1.0,0.4067032656924365,0.0,0.0,0.0,0.0,0.0,0.0,0.0,0.0,0.0,0.0,0.0,0.0,0.0,0.0,0.0,0.0,0.0,0.0,0.0,0.0,0.0,0.0,0.0,0.0,0.0,0.0,0.0,0.0,0.0,0.0,0.0,0.0,0.0,0.0,0.0,0.0,0.0,0.0,0.0,0.0,0.0,0.0,0.0,0.0,0.0,0.0,0.0,0.0,0.0,0.0,0.0,0.0,0.0,0.0,0.0
0.2501477633559083,0.16941924650343457,0.2581121210841515,0.4914728011494378,0.6859252007635338,0.4874629965248505,0.02547365416273687,0.0,0.14187331965682473,0.39210083148353786,0.0,0.0,0.0,0.0,0.0,0.0,0.0,0.0,0.0,0.0,0.0,0.0,0.0,0.0,0.0,0.0,0.035507270519507916,0.0,0.0,0.0,0.0,0.4067032656924365,1.0,0.4191038250815968,0.0,0.0,0.0,0.0,0.0,0.0,0.0,0.0,0.0,0.0,0.0,0.0,0.0,0.0,0.0,0.0,0.0,0.0,0.0,0.0,0.0,0.0,0.0,0.0,0.0,0.0,0.0,0.0,0.0,0.0,0.0,0.0,0.0,0.0,0.0,0.0,0.0,0.0,0.0,0.0,0.0,0.0,0.0,0.0,0.0,0.0,0.0,0.0,0.0,0.0,0.0,0.0,0.0,0.0
0.24826687906525527,0.03585015702568273,0.0,0.13646656987411926,0.39003136686533874,0.48482660400602806,0.1564179994600018,0.25240782899394204,0.4919247665368737,0.6859446433700798,0.0,0.0,0.0,0.035647739986040226,0.0,0.0,0.0,0.0,0.0,0.0,0.0,0.0,0.0,0.0,0.0,0.0,0.0,0.0,0.0,0.0,0.0,0.0,0.4191038250815968,1.0,0.40867964676849655,0.0,0.0,0.0,0.0,0.0,0.0,0.0,0.0,0.0,0.0,0.0,0.0,0.0,0.0,0.0,0.0,0.0,0.0,0.0,0.0,0.0,0.0,0.0,0.0,0.0,0.0,0.0,0.0,0.0,0.0,0.0,0.0,0.0,0.0,0.0,0.0,0.0,0.0,0.0,0.0,0.0,0.0,0.0,0.0,0.0,0.0,0.0,0.0,0.0,0.0,0.0,0.0,0.0
0.16324620175210786,0.0,0.0,0.0,0.03784071496435135,0.25591157607730103,0.2499219676173498,0.4859540986686243,0.6858569595704084,0.49262026437991757,0.031306910065941614,0.0,0.1425361562505614,0.3942103081624661,0.0,0.0,0.0,0.0,0.0,0.0,0.0,0.0,0.0,0.0,0.0,0.0,0.0,0.0,0.0,0.0,0.0,0.0,0.0,0.40867964676849655,1.0,0.425638201962898,0.0,0.0,0.0,0.0,0.0,0.0,0.0,0.0,0.0,0.0,0.0,0.0,0.0,0.0,0.0,0.0,0.0,0.0,0.0,0.0,0.0,0.0,0.0,0.0,0.0,0.0,0.0,0.0,0.0,0.0,0.0,0.0,0.0,0.0,0.0,0.0,0.0,0.0,0.0,0.0,0.0,0.0,0.0,0.0,0.0,0.0,0.0,0.0,0.0,0.0,0.0,0.0
0.03455809849713687,0.0,0.0,0.0,0.0,0.0,0.24982056424238516,0.48571522039662945,0.39315712374505857,0.14237835949933364,0.16109530421721133,0.25466022229331836,0.4913808521616964,0.6859133197605871,0.0,0.0,0.0,0.03535365362364914,0.0,0.0,0.0,0.0,0.0,0.0,0.0,0.0,0.0,0.0,0.0,0.0,0.0,0.0,0.0,0.0,0.425638201962898,1.0,0.4065315344255397,0.0,0.0,0.0,0.0,0.0,0.0,0.0,0.0,0.0,0.0,0.0,0.0,0.0,0.0,0.0,0.0,0.0,0.0,0.0,0.0,0.0,0.0,0.0,0.0,0.0,0.0,0.0,0.0,0.0,0.0,0.0,0.0,0.0,0.0,0.0,0.0,0.0,0.0,0.0,0.0,0.0,0.0,0.0,0.0,0.0,0.0,0.0,0.0,0.0,0.0,0.0
0.0,0.0,0.0,0.0,0.0,0.0,0.1628452243004255,0.2557700506303973,0.03658122132703437,0.0,0.24914215593363082,0.486223681692519,0.685886586833007,0.4914722490078181,0.03538965340204217,0.0,0.14154226545321597,0.393348541446588,0.0,0.0,0.0,0.0,0.0,0.0,0.0,0.0,0.0,0.0,0.0,0.0,0.0,0.0,0.0,0.0,0.0,0.4065315344255397,1.0,0.42405353715334126,0.0,0.0,0.0,0.0,0.0,0.0,0.0,0.0,0.0,0.0,0.0,0.0,0.0,0.0,0.0,0.0,0.0,0.0,0.0,0.0,0.0,0.0,0.0,0.0,0.0,0.0,0.0,0.0,0.0,0.0,0.0,0.0,0.0,0.0,0.0,0.0,0.0,0.0,0.0,0.0,0.0,0.0,0.0,0.0,0.0,0.0,0.0,0.0,0.0,0.0
0.0,0.0,0.0,0.0,0.0,0.0,0.035393815900458245,0.0,0.0,0.0,0.24914316845621198,0.48622278960148857,0.3933484387009426,0.14154388667043669,0.16284695604818458,0.25576555455432654,0.4914723422548897,0.6858862301544058,0.0,0.0,0.0,0.036571554485496253,0.0,0.0,0.0,0.0,0.0,0.0,0.0,0.0,0.0,0.0,0.0,0.0,0.0,0.0,0.42405353715334126,1.0,0.40652773410899634,0.0,0.0,0.0,0.0,0.0,0.0,0.0,0.0,0.0,0.0,0.0,0.0,0.0,0.0,0.0,0.0,0.0,0.0,0.0,0.0,0.0,0.0,0.0,0.0,0.0,0.0,0.0,0.0,0.0,0.0,0.0,0.0,0.0,0.0,0.0,0.0,0.0,0.0,0.0,0.0,0.0,0.0,0.0,0.0,0.0,0.0,0.0,0.0,0.0
0.0,0.0,0.0,0.0,0.0,0.0,0.0,0.0,0.0,0.0,0.1611019460517619,0.2546596671424183,0.03535259068428693,0.0,0.24982348030125945,0.48571636177189764,0.6859139895973669,0.491378467171912,0.034565819594655905,0.0,0.14237817510617923,0.3931551900290934,0.0,0.0,0.0,0.0,0.0,0.0,0.0,0.0,0.0,0.0,0.0,0.0,0.0,0.0,0.0,0.40652773410899634,1.0,0.42562410050180494,0.0,0.0,0.0,0.0,0.0,0.0,0.0,0.0,0.0,0.0,0.0,0.0,0.0,0.0,0.0,0.0,0.0,0.0,0.0,0.0,0.0,0.0,0.0,0.0,0.0,0.0,0.0,0.0,0.0,0.0,0.0,0.0,0.0,0.0,0.0,0.0,0.0,0.0,0.0,0.0,0.0,0.0,0.0,0.0,0.0,0.0,0.0,0.0
0.0,0.0,0.0,0.0,0.0,0.0,0.0,0.0,0.0,0.0,0.031320275457152345,0.0,0.0,0.0,0.2499222894824785,0.48595268051652496,0.39419996784187816,0.14252335942762165,0.1632391330220785,0.2559111973702859,0.4926201985156258,0.685856739302807,0.0,0.0,0.0,0.037858826665975585,0.0,0.0,0.0,0.0,0.0,0.0,0.0,0.0,0.0,0.0,0.0,0.0,0.42562410050180494,1.0,0.40867354545964496,0.0,0.0,0.0,0.0,0.0,0.0,0.0,0.0,0.0,0.0,0.0,0.0,0.0,0.0,0.0,0.0,0.0,0.0,0.0,0.0,0.0,0.0,0.0,0.0,0.0,0.0,0.0,0.0,0.0,0.0,0.0,0.0,0.0,0.0,0.0,0.0,0.0,0.0,0.0,0.0,0.0,0.0,0.0,0.0,0.0,0.0,0.0
0.0,0.0,0.0,0.0,0.0,0.0,0.0,0.0,0.0,0.0,0.0,0.0,0.0,0.0,0.15643148315526254,0.2524127838685415,0.03564146109509889,0.0,0.24826508267355352,0.48482976651715504,0.6859449287271386,0.4919235998399407,0.035856934451081734,0.0,0.1365011053660395,0.39005960046367355,0.0,0.0,0.0,0.0,0.0,0.0,0.0,0.0,0.0,0.0,0.0,0.0,0.0,0.40867354545964496,1.0,0.4191650414710234,0.0,0.0,0.0,0.0,0.0,0.0,0.0,0.0,0.0,0.0,0.0,0.0,0.0,0.0,0.0,0.0,0.0,0.0,0.0,0.0,0.0,0.0,0.0,0.0,0.0,0.0,0.0,0.0,0.0,0.0,0.0,0.0,0.0,0.0,0.0,0.0,0.0,0.0,0.0,0.0,0.0,0.0,0.0,0.0,0.0,0.0
0.0,0.0,0.0,0.0,0.0,0.0,0.0,0.0,0.0,0.0,0.0,0.0,0.0,0.0,0.025490214465092625,0.0,0.0,0.0,0.2501420100756804,0.48746777809765224,0.3921296617713692,0.1419047606949717,0.16941104340011376,0.25811338227663516,0.4914724183829325,0.685926018175282,0.0,0.03550660953822471,0.0,0.0,0.0,0.0,0.0,0.0,0.0,0.0,0.0,0.0,0.0,0.0,0.4191650414710234,1.0,0.40669005071661846,0.0,0.0,0.0,0.0,0.0,0.0,0.0,0.0,0.0,0.0,0.0,0.0,0.0,0.0,0.0,0.0,0.0,0.0,0.0,0.0,0.0,0.0,0.0,0.0,0.0,0.0,0.0,0.0,0.0,0.0,0.0,0.0,0.0,0.0,0.0,0.0,0.0,0.0,0.0,0.0,0.0,0.0,0.0,0.0,0.0
0.0,0.0,0.0,0.0,0.0,0.0,0.0,0.0,0.0,0.0,0.0,0.0,0.0,0.0,0.0,0.0,0.0,0.0,0.15869305303836517,0.2529446416153727,0.03312210473553687,0.0,0.25471527710527886,0.48503190444784733,0.6862556172836753,0.4894701472826487,0.0,0.3893290570398153,0.0,0.22327011283352086,0.0,0.0,0.0,0.0,0.0,0.0,0.0,0.0,0.0,0.0,0.0,0.40669005071661846,1.0,0.0,0.0,0.0,0.0,0.0,0.0,0.0,0.0,0.0,0.0,0.0,0.0,0.0,0.0,0.0,0.0,0.0,0.0,0.0,0.0,0.0,0.0,0.0,0.0,0.0,0.0,0.0,0.0,0.0,0.0,0.0,0.0,0.0,0.0,0.0,0.0,0.0,0.0,0.0,0.0,0.0,0.0,0.0,0.0,0.0
0.39806626473399626,0.29010419817565314,0.11968583539409923,0.0426092342948494,0.10786924763633599,0.27194997653292524,0.42458156233699496,0.2706011992805221,0.1687276943524503,0.1750984458337557,0.37536301852907766,0.1508327143885272,0.03746343376184353,0.09334697614382839,0.3758972900938848,0.12426123847421683,0.0,0.0,0.4859951038272704,0.25432807714840555,0.03154997888507376,0.0,0.6868640044900591,0.4926986488292254,0.25614642470257243,0.17052878838075688,0.0,0.39976639283950943,0.0,0.23314170670454962,0.1668748415825887,0.0,0.0,0.0,0.0,0.0,0.0,0.0,0.0,0.0,0.0,0.0,0.0,1.0,0.0,0.0,0.0,0.0,0.0,0.0,0.0,0.0,0.0,0.0,0.0,0.0,0.0,0.0,0.0,0.0,0.0,0.0,0.0,0.0,0.0,0.0,0.0,0.0,0.0,0.0,0.0,0.0,0.0,0.0,0.0,0.0,0.0,0.0,0.0,0.0,0.0,0.0,0.0,0.0,0.0,0.0,0.0,0.0
0.0,0.0,0.0,0.0,0.0,0.0,0.0,0.0,0.0,0.0,0.0,0.0,0.0,0.0,0.0,0.0,0.0,0.0,0.0,0.0,0.0,0.0,0.0,0.0,0.0,0.0,0.0,0.0,0.0,0.0,0.0,0.0,0.0,0.0,0.0,0.0,0.0,0.0,0.0,0.0,0.0,0.0,0.0,0.0,1.0,0.7383166033697444,0.546979914870741,0.4724004058318216,0.5435446016081945,0.7350218315500775,0.7298239047231353,0.5455506944087534,0.4771860170549893,0.5420708448240591,0.5221654534804996,0.29886037462207077,0.2148676627309361,0.30489165417803804,0.4078023902218786,0.17143635530825388,0.038308122444169354,0.08381852389040426,0.38386544534499784,0.1616443802105953,0.0,0.0,0.4314516064493848,0.24900196985074158,0.06563668576028883,0.031975685472097407,0.30561274914536996,0.15765121185517172,0.07161697531172219,0.006675709730188795,0.48601929375743036,0.15870523200763553,0.2501477401915136,0.24826696465193943,0.16324616006248008,0.03455821484635766,0.0,0.0,0.0,0.0,0.0,0.0,0.0,0.39806626011720436
0.0,0.0,0.0,0.0,0.0,0.0,0.0,0.0,0.0,0.0,0.0,0.0,0.0,0.0,0.0,0.0,0.0,0.0,0.0,0.0,0.0,0.0,0.0,0.0,0.0,0.0,0.0,0.0,0.0,0.0,0.0,0.0,0.0,0.0,0.0,0.0,0.0,0.0,0.0,0.0,0.0,0.0,0.0,0.0,0.7383166033697444,1.0,0.7425845034496443,0.5485878903791884,0.48344975795200484,0.5500726148138276,0.532817950545717,0.30536285282124626,0.21894190893846538,0.30804470985929766,0.43177584031327926,0.19358790473230594,0.050283257419965775,0.08937214475350999,0.4207785735117775,0.22150201944413428,0.051080402115663615,0.032817814214125135,0.43158542874583183,0.27462562555646575,0.13026136484204726,0.10350220401761803,0.4127271018880079,0.2624308930015035,0.1458280904994584,0.15248281287252094,0.5479709363580441,0.12098223726436215,0.32375384145216557,0.0,0.6868695097213741,0.2547254515881374,0.16941918709144926,0.03585013332489506,0.0,0.0,0.0,0.0,0.0,0.0,0.0,0.0,0.0,0.2901041624567964
0.0,0.0,0.0,0.0,0.0,0.0,0.0,0.0,0.0,0.0,0.0,0.0,0.0,0.0,0.0,0.0,0.0,0.0,0.0,0.0,0.0,0.0,0.0,0.0,0.0,0.0,0.0,0.0,0.0,0.0,0.0,0.0,0.0,0.0,0.0,0.0,0.0,0.0,0.0,0.0,0.0,0.0,0.0,0.0,0.546979914870741,0.7425845034496443,1.0,0.7375074472759992,0.5545992223423589,0.4813115265494459,0.2971065342794785,0.09638809284765615,0.06676583508172326,0.2178858029585101,0.1751039181580698,0.0,0.0,0.0,0.18618709036407602,0.0002490368712383107,0.0,0.0,0.24914982424470608,0.145895979330523,0.0,0.0,0.26243585915723006,0.18639948029448145,0.1035730370099964,0.0857712148782454,0.7344826361957657,0.07702694873221562,0.491208121898129,0.0,0.4926926125583137,0.4850328054383926,0.2581120587999549,0.0,0.0,0.0,0.0,0.0,0.0,0.0,0.0,0.0,0.0,0.11968581544027512
0.0,0.0,0.0,0.0,0.0,0.0,0.0,0.0,0.0,0.0,0.0,0.0,0.0,0.0,0.0,0.0,0.0,0.0,0.0,0.0,0.0,0.0,0.0,0.0,0.0,0.0,0.0,0.0,0.0,0.0,0.0,0.0,0.0,0.0,0.0,0.0,0.0,0.0,0.0,0.0,0.0,0.0,0.0,0.0,0.4724004058318216,0.5485878903791884,0.7375074472759992,1.0,0.7454800093466504,0.5489890582734938,0.2023067014185106,0.05775256010092297,0.10367460497508815,0.30905526137802486,0.019950333205250734,0.0,0.0,0.0,0.0,0.0,0.0,0.0,0.06570221292023452,0.0,0.0,0.0,0.1457348901845251,0.10343728650904896,0.0,0.0,0.5430364430336154,0.06812885344520699,0.31987757895772445,0.0,0.25615375016527697,0.6862552521980888,0.4914728565723048,0.1364666544782678,0.0,0.0,0.0,0.0,0.0,0.0,0.0,0.0,0.0,0.04260927049782565
0.0,0.0,0.0,0.0,0.0,0.0,0.0,0.0,0.0,0.0,0.0,0.0,0.0,0.0,0.0,0.0,0.0,0.0,0.0,0.0,0.0,0.0,0.0,0.0,0.0,0.0,0.0,0.0,0.0,0.0,0.0,0.0,0.0,0.0,0.0,0.0,0.0,0.0,0.0,0.0,0.0,0.0,0.0,0.0,0.5435446016081945,0.48344975795200484,0.5545992223423589,0.7454800093466504,1.0,0.7375436778792345,0.29730988989952023,0.2149374125817392,0.314194928589026,0.5428809277897491,0.06691491530534614,0.0,0.0,0.0,0.0,0.0,0.0,0.0,0.03194539189232827,0.0,0.0,0.0,0.15227437506718583,0.08548902624952123,0.0,0.0,0.312065381014695,0.094085817056477,0.07804989792964179,0.017178190701270246,0.17054362753134633,0.4894697830695744,0.6859251789107388,0.39003136325017024,0.03784063500981421,0.0,0.0,0.0,0.0,0.0,0.0,0.0,0.0,0.10786926250174464
0.0,0.0,0.0,0.0,0.0,0.0,0.0,0.0,0.0,0.0,0.0,0.0,0.0,0.0,0.0,0.0,0.0,0.0,0.0,0.0,0.0,0.0,0.0,0.0,0.0,0.0,0.0,0.0,0.0,0.0,0.0,0.0,0.0,0.0,0.0,0.0,0.0,0.0,0.0,0.0,0.0,0.0,0.0,0.0,0.7350218315500775,0.5500726148138276,0.4813115265494459,0.5489890582734938,0.7375436778792345,1.0,0.5375622116310226,0.47659932868097254,0.5524515153321777,0.7354867791440035,0.28586148310605153,0.08634916534199882,0.06058730236055767,0.2150626609288441,0.15348201006574083,0.0,0.0,0.0,0.1615751461782832,0.0,0.0,0.0,0.2743853793347917,0.14560048565677097,0.0,0.0,0.21596247985875608,0.13201692554787856,0.0,0.035748109212079104,0.2543439433703211,0.25294087488224987,0.4874629110933916,0.4848266295906406,0.2559115280598978,0.0,0.0,0.0,0.0,0.0,0.0,0.0,0.0,0.2719500056193043
0.0,0.0,0.0,0.0,0.0,0.0,0.0,0.0,0.0,0.0,0.0,0.0,0.0,0.0,0.0,0.0,0.0,0.0,0.0,0.0,0.0,0.0,0.0,0.0,0.0,0.0,0.0,0.0,0.0,0.0,0.0,0.0,0.0,0.0,0.0,0.0,0.0,0.0,0.0,0.0,0.0,0.0,0.0,0.0,0.7298239047231353,0.532817950545717,0.2971065342794785,0.2023067014185106,0.29730988989952023,0.5375622116310226,1.0,0.7368537562674146,0.5418866253780885,0.4701912039533683,0.7308253164563902,0.5451781273600005,0.4764137432200686,0.5430547262539703,0.5198515801400586,0.2935240538932447,0.21184070314341427,0.30480508770235276,0.4077884799364727,0.15350258080211668,0.017364519253443577,0.07142802169696658,0.42067301198630885,0.18607206532386417,0.0,0.0,0.08086094455724958,0.08009727087768986,0.0,0.0,0.37595656060927257,0.0,0.025473684705337913,0.15641809472826365,0.24992186498554986,0.24982055516578053,0.16284510404571667,0.035393693419584246,0.0,0.0,0.0,0.0,0.0,0.4245816005007932
0.0,0.0,0.0,0.0,0.0,0.0,0.0,0.0,0.0,0.0,0.0,0.0,0.0,0.0,0.0,0.0,0.0,0.0,0.0,0.0,0.0,0.0,0.0,0.0,0.0,0.0,0.0,0.0,0.0,0.0,0.0,0.0,0.0,0.0,0.0,0.0,0.0,0.0,0.0,0.0,0.0,0.0,0.0,0.0,0.5455506944087534,0.30536285282124626,0.09638809284765615,0.05775256010092297,0.2149374125817392,0.47659932868097254,0.7368537562674146,1.0,0.734869738599324,0.5487901000593804,0.5433923199804008,0.479005333755538,0.5523398191159474,0.7361476810796942,0.2935063857667702,0.08718078602100798,0.05938002095192742,0.21597675099262037,0.1713904664411411,0.0,0.0,0.0,0.22136194020718328,8.040467575134271e-05,0.0,0.0,0.0,0.0,0.0,0.0,0.1243103448110346,0.0,0.0,0.2524078657402039,0.48595395208252856,0.48571525566537194,0.2557700487657205,0.0,0.0,0.0,0.0,0.0,0.0,0.2706012382924011
0.0,0.0,0.0,0.0,0.0,0.0,0.0,0.0,0.0,0.0,0.0,0.0,0.0,0.0,0.0,0.0,0.0,0.0,0.0,0.0,0.0,0.0,0.0,0.0,0.0,0.0,0.0,0.0,0.0,0.0,0.0,0.0,0.0,0.0,0.0,0.0,0.0,0.0,0.0,0.0,0.0,0.0,0.0,0.0,0.4771860170549893,0.21894190893846538,0.06676583508172326,0.10367460497508815,0.314194928589026,0.5524515153321777,0.5418866253780885,0.734869738599324,1.0,0.7479070988276981,0.29987616633541775,0.2139644339910123,0.3124293818322674,0.5431631319982618,0.07139506475043161,0.0,0.0,0.0,0.0,0.0,0.0,0.0,0.10329283823328543,0.0,0.0,0.0,0.0,0.0,0.0,0.0,0.0,0.0,0.1418733638185058,0.4919249244029498,0.6858568678444157,0.39315716617802765,0.03658113556573869,0.0,0.0,0.0,0.0,0.0,0.0,0.1687277107758555
0.0,0.0,0.0,0.0,0.0,0.0,0.0,0.0,0.0,0.0,0.0,0.0,0.0,0.0,0.0,0.0,0.0,0.0,0.0,0.0,0.0,0.0,0.0,0.0,0.0,0.0,0.0,0.0,0.0,0.0,0.0,0.0,0.0,0.0,0.0,0.0,0.0,0.0,0.0,0.0,0.0,0.0,0.0,0.0,0.5420708448240591,0.30804470985929766,0.2178858029585101,0.30905526137802486,0.5428809277897491,0.7354867791440035,0.4701912039533683,0.5487901000593804,0.7479070988276981,1.0,0.20243833208475748,0.05572132167796584,0.10311307562356488,0.31146906942692115,0.01732116501392205,0.0,0.0,0.0,0.0,0.0,0.0,0.0,0.12999292612311672,0.0,0.0,0.0,0.0,0.02028766895210242,0.0,0.0,0.0315777757954117,0.03310481886488809,0.3921007463982771,0.6859446192088395,0.49262022949710327,0.14237855650045703,0.0,0.0,0.0,0.0,0.0,0.0,0.0,0.1750985034305326
0.0,0.0,0.0,0.0,0.0,0.0,0.0,0.0,0.0,0.0,0.0,0.0,0.0,0.0,0.0,0.0,0.0,0.0,0.0,0.0,0.0,0.0,0.0,0.0,0.0,0.0,0.0,0.0,0.0,0.0,0.0,0.0,0.0,0.0,0.0,0.0,0.0,0.0,0.0,0.0,0.0,0.0,0.0,0.0,0.5221654534804996,0.43177584031327926,0.1751039181580698,0.019950333205250734,0.06691491530534614,0.28586148310605153,0.7308253164563902,0.5433923199804008,0.29987616633541775,0.20243833208475748,1.0,0.7354308230112262,0.5421403114765462,0.474648690903072,0.7308283491461477,0.5434000138488199,0.4746543272324629,0.5421432828628148,0.5221678369691055,0.2858779323851367,0.20246190408342452,0.2998905126343576,0.43173378171862536,0.17506048183131268,0.01992159077167268,0.06691287094748553,0.012246241644349504,0.012187235656820195,0.0,0.0,0.3754644168163446,0.0,0.0,0.0,0.03130687856539541,0.16109531106737868,0.24914203211609673,0.24914301176635872,0.16110178901915737,0.03132016251645933,0.0,0.0,0.0,0.3753630709652577
0.0,0.0,0.0,0.0,0.0,0.0,0.0,0.0,0.0,0.0,0.0,0.0,0.0,0.0,0.0,0.0,0.0,0.0,0.0,0.0,0.0,0.0,0.0,0.0,0.0,0.0,0.0,0.0,0.0,0.0,0.0,0.0,0.0,0.0,0.0,0.0,0.0,0.0,0.0,0.0,0.0,0.0,0.0,0.0,0.29886037462207077,0.19358790473230594,0.0,0.0,0.0,0.08634916534199882,0.5451781273600005,0.479005333755538,0.2139644339910123,0.05572132167796584,0.7354308230112262,1.0,0.7361611974502913,0.5512984535338691,0.5451760756346067,0.47900106749192456,0.5512983006567903,0.7361612623439028,0.29885887464574484,0.08634821003269523,0.055722221398366245,0.21396096333890044,0.19355853197978945,0.0,0.0,0.0,0.0,0.0,0.0,0.0,0.15091008784173401,0.0,0.0,0.0,0.0,0.25466018351629593,0.48622362130468444,0.4862227494542199,0.2546595944118112,0.0,0.0,0.0,0.0,0.15083266978306564
0.0,0.0,0.0,0.0,0.0,0.0,0.0,0.0,0.0,0.0,0.0,0.0,0.0,0.0,0.0,0.0,0.0,0.0,0.0,0.0,0.0,0.0,0.0,0.0,0.0,0.0,0.0,0.0,0.0,0.0,0.0,0.0,0.0,0.0,0.0,0.0,0.0,0.0,0.0,0.0,0.0,0.0,0.0,0.0,0.2148676627309361,0.050283257419965775,0.0,0.0,0.0,0.06058730236055767,0.4764137432200686,0.5523398191159474,0.3124293818322674,0.10311307562356488,0.5421403114765462,0.7361611974502913,1.0,0.7473484245806775,0.3047981747188974,0.2159681539099746,0.3119646104518219,0.5435050410878092,0.08380573772682318,0.0,0.0,0.0,0.03276837315061458,0.0,0.0,0.0,0.0,0.0,0.0,0.0,0.0,0.0,0.0,0.0,0.14253621351987678,0.49138087721687823,0.6858865036557026,0.3933483130392758,0.03535242639082414,0.0,0.0,0.0,0.0,0.03746345150297127
