1.0,0.7383167221778678,0.5469799904428163,0.47240038207516594,0.5435446093885202,0.7350217686595221,0.729823809769903,0.5455506030344344,0.4771859709813138,0.5420707419456563,0.5221653699460381,0.29886037975962565,0.21486759797531368,0.30489161159040834,0.4078023934209726,0.17143641982112579,0.03830812831151185,0.08381845650895042,0.3838655209440473,0.16164446290819073,0.0,0.0,0.4314515857851616,0.24900197578082467,0.06563673072654111,0.03197575023526425,0.3056127306229557,0.1576512020631851,0.07161701789869088,0.00667569833428515,0.486019433816475,0.15870519761222918,0.2501477633559083,0.24826687906525527,0.16324620175210786,0.03455809849713671,0.0,0.0,0.0,0.0,0.0,0.0,0.0,0.3980662647339956,0.2917431046428464,0.3090179613176977,0.3205588252733804,0.31559193543678693,0.31291643657673923,0.3073016656613741,0.14447215747801878,0.08294946800743583,0.09722435607236035,0.1888058553357152,0.0,0.0,0.0,0.0,0.0,0.0,0.0,0.0,0.0,0.0,0.0,0.0,0.0,0.0,0.0,0.0,0.19640600375603365,0.0,0.023877869359190694,0.0,0.10538515134332295,0.10817786334575118,0.1062130789396378,0.0,0.0,0.0,0.0,0.0,0.0,0.0,0.0,0.0,0.0,0.0
0.7383167221778678,1.0,0.7425844784952603,0.5485878771094439,0.4834497949146363,0.550072660187864,0.5328179530893509,0.30536286736444523,0.21894198602650833,0.3080447292932033,0.43177581360485556,0.1935879650061503,0.05028330002733888,0.08937220969711604,0.42077860605723977,0.22150205499272171,0.05108043691634217,0.03281779057537295,0.43158544520188047,0.2746256355855338,0.13026136420797735,0.10350217781444868,0.4127271059702553,0.26243085040941516,0.14582805887923805,0.1524827893908962,0.5479708094767747,0.1209822122372065,0.32375376580354054,0.0,0.6868695565520943,0.2547253509697602,0.16941924650343457,0.03585015702568273,0.0,0.0,0.0,0.0,0.0,0.0,0.0,0.0,0.0,0.2901041981756526,0.3090179117608379,0.4039303138011064,0.3959059504830419,0.29439536291662616,0.22561920725866333,0.23544644474090176,0.17264616099459856,0.04933033428067427,0.0,0.06806322283321782,0.07186154524588956,0.0,0.0,0.0,0.0,0.0,0.0,0.0,0.0,0.0,0.0,0.0,0.0,0.0,0.0,0.0,0.3314941549081146,0.0,0.18616667025691724,0.0,0.2609083882128556,0.07819972961855366,0.0,0.0,0.0,0.0,0.0,0.0,0.0,0.0,0.0,0.0,0.0,0.0
0.5469799904428163,0.7425844784952603,1.0,0.7375075098743596,0.5545992688229022,0.4813115859202337,0.2971064964128536,0.09638808143335882,0.06676586178609695,0.21788582855019623,0.17510386550865345,0.0,0.0,0.0,0.1861871315953517,0.000249067479890549,0.0,0.0,0.24914984877990234,0.1458960266438213,0.0,0.0,0.26243588491395853,0.18639947649835636,0.10357303278142779,0.08577122606594835,0.7344825314888533,0.07702694569948781,0.4912080841636379,0.0,0.4926926395436829,0.4850327222360376,0.2581121210841515,0.0,0.0,0.0,0.0,0.0,0.0,0.0,0.0,0.0,0.0,0.11968583539409874,0.32055882895660975,0.3959060409180421,0.2939892323832627,0.14178268255180865,0.09655386404640681,0.17792964329262678,0.26521304425136943,0.13561236693446513,0.021233129670136856,0.030473302322008986,0.22480904289342926,0.14415220519903738,0.04722507162930187,0.028942829931667947,0.1338955908784076,0.06315756575522277,0.03150528445847552,0.052364347351720936,0.0,0.0,0.0,0.0,0.0,0.0,0.0,0.0,0.22425358624345684,0.0,0.08305256494210536,0.0,0.3179018015049392,0.0,0.0,0.0,0.0,0.0,0.0,0.0,0.0,0.0,0.0,0.0,0.0,0.0
0.47240038207516594,0.5485878771094439,0.7375075098743596,1.0,0.7454799258349482,0.5489890225217746,0.20230658346868585,0.057752465819023484,0.10367448846676877,0.3090551909847577,0.019950223773741775,0.0,0.0,0.0,0.0,0.0,0.0,0.0,0.0657022592132826,0.0,0.0,0.0,0.1457348874296879,0.10343732126180437,0.0,0.0,0.5430364680153846,0.06812885083147027,0.3198776731659461,0.0,0.25615380798656245,0.686255243709067,0.4914728011494378,0.13646656987411926,0.0,0.0,0.0,0.0,0.0,0.0,0.0,0.0,0.0,0.042609234294848905,0.3155919006877417,0.2943954605069813,0.1417826511504057,0.021285916713612615,0.04356926878072114,0.18446015978699362,0.3411086126946585,0.2810292861456417,0.15509804714635375,0.10492220346813341,0.2916169403872915,0.27502336190865967,0.23843328802187352,0.22443203311637408,0.130022260462837,0.05191656556223128,0.0734504061463281,0.1608171859176333,0.0,0.0,0.0,0.0,0.0,0.0,0.0,0.0,0.017175711474631282,0.0,0.0,0.0,0.19946237192174818,0.0,0.0,0.0,0.0,0.0,0.01584891139874819,0.0,0.0,0.0,0.0,0.0,0.0,0.0
0.5435446093885202,0.4834497949146363,0.5545992688229022,0.7454799258349482,1.0,0.7375437386046761,0.2973098316743554,0.21493740590372204,0.3141948812730757,0.5428809603465975,0.06691483927022572,0.0,0.0,0.0,0.0,0.0,0.0,0.0,0.031945450802212484,0.0,0.0,0.0,0.1522743523213607,0.08548906123334414,0.0,0.0,0.3120653327977658,0.0940858154868677,0.07804991620312558,0.017178190286947184,0.17054371138356864,0.489469776009662,0.6859252007635338,0.39003136686533874,0.037840714964351194,0.0,0.0,0.0,0.0,0.0,0.0,0.0,0.0,0.10786924763633549,0.31291646727536976,0.22561931843276617,0.09655385269086314,0.043569337121071146,0.12038538385177025,0.262605023075175,0.32349995010617777,0.3424892782239116,0.28898631779003014,0.2417292102244626,0.19509213913510648,0.17415431391518688,0.2088802079163961,0.27148800492738817,0.0,0.0,0.0,0.00925962841630309,0.0,0.0,0.0,0.0,0.0,0.0,0.0,0.0,0.0,0.0,0.0,0.0,0.06916345642188866,0.0,0.0,0.0023925015343181405,0.08027321860432378,0.0793263364432737,0.0,0.0,0.0,0.0,0.0,0.0,0.0,0.0
0.7350217686595221,0.550072660187864,0.4813115859202337,0.5489890225217746,0.7375437386046761,1.0,0.5375620986800927,0.47659925868654335,0.5524514328758537,0.7354867447487082,0.285861351579062,0.08634912511079888,0.06058718384941274,0.21506259756155688,0.1534819557848812,0.0,0.0,0.0,0.16157518396349305,0.0,0.0,0.0,0.27438532317182013,0.14560051124513862,0.0,0.0,0.2159624328920696,0.13201693638896167,0.0,0.035748142312443366,0.25434401404256396,0.2529408944583841,0.48746299652485026,0.48482660400602795,0.25591157607730103,0.0,0.0,0.0,0.0,0.0,0.0,0.0,0.0,0.27194997653292524,0.3073016716764232,0.23544649300115533,0.17792958520004548,0.18446017533149495,0.2626049687321977,0.33627594249799364,0.22825462199026422,0.23807289360830408,0.26472473904743554,0.30048950315694184,0.048625765083675915,0.0,0.0,0.10500577101442143,0.0,0.0,0.0,0.0,0.0,0.0,0.0,0.0,0.0,0.0,0.0,0.0,0.005610386141396643,0.0,0.0,0.0,0.029864164211556306,0.0,0.0711539626124325,0.10476943745318834,0.05096896344727435,0.0,0.0,0.0,0.0,0.0,0.0,0.0,0.0,0.0
0.729823809769903,0.5328179530893509,0.2971064964128536,0.20230658346868585,0.2973098316743554,0.5375620986800927,1.0,0.7368537299389354,0.5418866738763002,0.4701910861574364,0.730825276567278,0.5451782091290067,0.4764137823465629,0.5430547923619642,0.5198515187745779,0.2935241097332798,0.2118407102705066,0.304805073817136,0.40778848566339043,0.15350256404161408,0.017364484405144678,0.07142797824233474,0.42067289579265027,0.18607196666092563,0.0,0.0,0.08086082123643083,0.08009717682543532,0.0,0.0,0.3759566006133154,0.0,0.02547365416273687,0.1564179994600018,0.2499219676173499,0.24982056424238516,0.1628452243004255,0.035393815900458245,0.0,0.0,0.0,0.0,0.0,0.4245815623369945,0.14447218169096468,0.17264619753315658,0.2652130551076559,0.34110863345007636,0.323499910914506,0.22825460572889206,0.0,0.0,0.0,0.11054255533023732,0.0,0.0,0.0,0.0,0.0,0.0,0.0,0.0,0.0,0.0,0.0,0.0,0.0,0.0,0.0,0.0,0.16026459449394181,0.0,0.0012032394761287946,0.0,0.0,0.1996436402744618,0.17286027770136267,0.0,0.0,0.0,0.0,0.0,0.0,0.0,0.0,0.0,0.0,0.0
0.5455506030344344,0.30536286736444523,0.09638808143335882,0.057752465819023484,0.21493740590372204,0.47659925868654335,0.7368537299389354,1.0,0.7348698683091293,0.5487900325762542,0.5433922082494149,0.4790052902745228,0.552339717299096,0.7361476895285586,0.29350624152920074,0.08718075710262457,0.05937990090260451,0.21597662371702092,0.17139044869842562,0.0,0.0,0.0,0.22136181062963936,8.033879886879288e-05,0.0,0.0,0.0,0.0,0.0,0.0,0.12431036496866128,0.0,0.0,0.2524078289939419,0.4859540986686243,0.48571522039662945,0.2557700506303974,0.0,0.0,0.0,0.0,0.0,0.0,0.2706011992805221,0.08294946093568589,0.04933029061929935,0.1356122995892414,0.2810293092309359,0.3424892646346011,0.23807287632884375,0.0,0.0,0.020819273398938784,0.18486179333685787,0.0,0.0,0.0,0.0,0.0,0.0,0.0,0.0,0.0,0.0,0.0,0.0,0.0,0.0,0.0,0.0,0.0,0.0,0.0,0.0,0.0,0.1474017105261914,0.2633549645727562,0.10143539470643125,0.0,0.0,0.0,0.0,0.0,0.0,0.0,0.0,0.0,0.0
0.4771859709813138,0.21894198602650833,0.06676586178609695,0.10367448846676877,0.3141948812730757,0.5524514328758537,0.5418866738763002,0.7348698683091293,1.0,0.7479069525119668,0.2998761660420389,0.2139645204476303,0.3124293794116651,0.5431632120614718,0.07139504472509352,0.0,0.0,0.0,0.0,0.0,0.0,0.0,0.10329275490438773,0.0,0.0,0.0,0.0,0.0,0.0,0.0,0.0,0.0,0.14187331965682473,0.4919247665368737,0.6858569595704083,0.3931571237450585,0.03658122132703437,0.0,0.0,0.0,0.0,0.0,0.0,0.1687276943524499,0.09722439623211439,0.0,0.02123314781960167,0.15509818721499175,0.2889863737357762,0.26472476743781564,0.0,0.02081923014044274,0.1735703041985345,0.2953951356246982,0.0,0.0,0.0,0.0,0.0,0.0,0.0,0.0,0.0,0.0,0.0,0.0,0.0,0.0,0.0,0.0,0.0,0.0,0.0,0.0,0.0,0.0,0.21678677872986066,0.22359710958668966,0.008222898559667282,0.0,0.0,0.0,0.0,0.0,0.0,0.0,0.0,0.0
0.5420707419456563,0.3080447292932033,0.21788582855019623,0.3090551909847577,0.5428809603465975,0.7354867447487082,0.4701910861574364,0.5487900325762542,0.7479069525119668,1.0,0.20243817256083516,0.05572124137335153,0.10311290237118552,0.31146897373590204,0.017321050776772106,0.0,0.0,0.0,0.0,0.0,0.0,0.0,0.12999282094525755,0.0,0.0,0.0,0.0,0.02028767022280662,0.0,0.0,0.03157781337866705,0.03310483661194541,0.39210083148353786,0.6859446433700798,0.4926202643799174,0.14237835949933347,0.0,0.0,0.0,0.0,0.0,0.0,0.0,0.1750984458337552,0.1888058567265546,0.06806323070899802,0.03047320752452768,0.10492220366613766,0.24172913711272898,0.3004894833704241,0.11054257734846522,0.1848617970758423,0.29539514450837556,0.3462090218974001,0.0,0.0,0.0,0.051277490368902875,0.0,0.0,0.0,0.0,0.0,0.0,0.0,0.0,0.0,0.0,0.0,0.0,0.0,0.0,0.0,0.0,0.0,0.0,0.11389694216598316,0.2144075196584093,0.13115199877403816,0.0,0.0,0.0,0.0,0.0,0.0,0.0,0.0,0.0
0.5221653699460381,0.43177581360485556,0.17510386550865345,0.019950223773741775,0.06691483927022572,0.285861351579062,0.730825276567278,0.5433922082494149,0.2998761660420389,0.20243817256083516,1.0,0.7354309222874809,0.5421403683652304,0.47464869457482634,0.7308282619006472,0.5434001017412317,0.4746543793467578,0.5421433083430719,0.5221678084604723,0.28587788861185903,0.2024618624914392,0.2998904894697467,0.4317336636439793,0.17506034002394666,0.019921521917742713,0.06691282073389915,0.012246130969716919,0.012187115463921927,0.0,0.0,0.3754644191762302,0.0,0.0,0.0,0.03130691006594178,0.1610953042172114,0.24914215593363082,0.24914316845621198,0.1611019460517619,0.03132027545715218,0.0,0.0,0.0,0.37536301852907733,0.0,0.07186154846637928,0.22480906941674103,0.29161692445645654,0.1950920865744142,0.04862571859985879,0.0,0.0,0.0,0.0,0.0,0.0,0.0,0.0,0.0,0.0,0.0,0.0,0.0,0.0,0.0,0.0,0.0,0.0,0.0,0.0,0.2006237644205177,0.0,0.09286665148092131,0.0,0.0,0.2168776864022209,0.04613054924408555,0.0,0.0,0.0,0.0,0.0,0.0,0.0,0.0,0.0,0.0,0.0
0.29886037975962565,0.1935879650061503,0.0,0.0,0.0,0.08634912511079888,0.5451782091290067,0.4790052902745228,0.2139645204476303,0.05572124137335153,0.7354309222874809,1.0,0.7361612479739207,0.5512984594409839,0.5451759941340295,0.4790010977287974,0.5512982175655234,0.7361611773465414,0.2988588921378304,0.08634818313754261,0.05572215471274428,0.21396089692824258,0.19355849831090002,0.0,0.0,0.0,0.0,0.0,0.0,0.0,0.1509101409664019,0.0,0.0,0.0,0.0,0.25466022229331836,0.4862236816925189,0.4862227896014886,0.25465966714241844,0.0,0.0,0.0,0.0,0.1508327143885272,0.0,0.0,0.14415220946976354,0.2750233600888655,0.17415431453924998,0.0,0.0,0.0,0.0,0.0,0.0,0.0,0.0,0.0,0.0,0.0,0.0,0.0,0.0,0.0,0.0,0.0,0.0,0.0,0.0,0.0,0.12561133854707698,0.0,0.02704642428724315,0.0,0.0,0.26636858213446524,0.07377129149187574,0.0,0.0,0.0,0.0,0.0,0.0,0.0,0.0,0.0,0.0,0.0
0.21486759797531368,0.05028330002733888,0.0,0.0,0.0,0.06058718384941274,0.4764137823465629,0.552339717299096,0.3124293794116651,0.10311290237118552,0.5421403683652304,0.7361612479739207,1.0,0.7473483321854943,0.3047981033815185,0.21596823485601,0.31196459716063885,0.5435050713665347,0.0838057620895472,0.0,0.0,0.0,0.032768285963192686,0.0,0.0,0.0,0.0,0.0,0.0,0.0,0.0,0.0,0.0,0.0,0.1425361562505614,0.4913808521616964,0.685886586833007,0.39334843870094266,0.03535259068428693,0.0,0.0,0.0,0.0,0.03746343376184353,0.0,0.0,0.04722507761970856,0.23843332006637968,0.2088801913816895,0.0,0.0,0.0,0.0,0.0,0.0,0.0,0.0,0.0,0.0,0.0,0.0,0.0,0.0,0.0,0.0,0.0,0.0,0.0,0.0,0.0,0.0,0.0,0.0,0.0,0.0,0.22661274929723416,0.17114690986482328,0.0,0.0,0.0,0.0,0.0,0.0,0.0,0.0,0.0,0.0,0.0
0.30489161159040834,0.08937220969711604,0.0,0.0,0.0,0.21506259756155688,0.5430547923619642,0.7361476895285586,0.5431632120614718,0.31146897373590204,0.47464869457482634,0.5512984594409839,0.7473483321854943,1.0,0.21182581825982338,0.05936963301822358,0.10276962528404758,0.31196536844200345,0.03827633151933286,0.0,0.0,0.0,0.050988891545993696,0.0,0.0,0.0,0.0,0.0,0.0,0.0,0.0,0.0,0.0,0.035647739986040226,0.39421030816246627,0.6859133197605871,0.4914722490078181,0.14154388667043669,0.0,0.0,0.0,0.0,0.0,0.09334697614382806,0.0,0.0,0.028942815888878794,0.22443208795956332,0.2714880128107743,0.10500574602014334,0.0,0.0,0.0,0.051277447247148805,0.0,0.0,0.0,0.0,0.0,0.0,0.0,0.0,0.0,0.0,0.0,0.0,0.0,0.0,0.0,0.0,0.0,0.0,0.0,0.0,0.0,0.15336773949934468,0.25120235820199643,0.010942060045887972,0.0,0.0,0.0,0.0,0.0,0.0,0.0,0.0,0.0,0.0
0.4078023934209726,0.42077860605723977,0.1861871315953517,0.0,0.0,0.1534819557848812,0.5198515187745779,0.29350624152920074,0.07139504472509352,0.017321050776772106,0.7308282619006472,0.5451759941340295,0.3047981033815185,0.21182581825982338,1.0,0.7368540398980638,0.5430556032080404,0.47641558349132096,0.7298281425056234,0.5375755014218497,0.47020360706962433,0.5418892344981885,0.532802260183833,0.29709708321129036,0.2022993083304434,0.29731338157220466,0.08025621074333984,0.08084779548162553,0.0,0.0,0.42477734450574,0.0,0.0,0.0,0.0,0.0,0.03538965340204217,0.16284695604818458,0.24982348030125945,0.2499222894824784,0.15643148315526254,0.02549021446509246,0.0,0.3758972900938846,0.0,0.0,0.13389558502044066,0.13002220040785178,0.0,0.0,0.0,0.0,0.0,0.0,0.0,0.0,0.0,0.0,0.0,0.0,0.0,0.0,0.0,0.0,0.0,0.0,0.0,0.0,0.0,0.0,0.1835577181033012,0.0,0.13412356138260104,0.0,0.0,0.054100745945895805,0.0,0.0,0.0,0.0,0.0,0.0,0.0,0.0,0.0,0.0,0.0,0.0
0.17143641982112579,0.22150205499272171,0.000249067479890549,0.0,0.0,0.0,0.2935241097332798,0.08718075710262457,0.0,0.0,0.5434001017412317,0.4790010977287974,0.21596823485601,0.05936963301822358,0.7368540398980638,1.0,0.7361450886071056,0.5523356849045138,0.5455510680778625,0.4766070166331476,0.5487976571396813,0.7348717972007743,0.3053570259522798,0.09639542096274259,0.05776084667882436,0.2149477835280087,0.0,0.0,0.0,0.0,0.27081771516108516,0.0,0.0,0.0,0.0,0.0,0.0,0.25576555455432654,0.48571636177189764,0.48595268051652485,0.2524127838685415,0.0,0.0,0.12426123847421666,0.0,0.0,0.06315759038257461,0.0519165350295308,0.0,0.0,0.0,0.0,0.0,0.0,0.0,0.0,0.0,0.0,0.0,0.0,0.0,0.0,0.0,0.0,0.0,0.0,0.0,0.0,0.0,0.0,0.1794176153832506,0.0,0.19062151166254404,0.0,0.0,0.018403253848538078,0.0,0.0,0.0,0.0,0.0,0.0,0.0,0.0,0.0,0.0,0.0,0.0
0.03830812831151185,0.05108043691634217,0.0,0.0,0.0,0.0,0.2118407102705066,0.05937990090260451,0.0,0.0,0.4746543793467578,0.5512982175655234,0.31196459716063885,0.10276962528404758,0.5430556032080404,0.7361450886071056,1.0,0.7473478489678083,0.3048964467942054,0.2150670532643631,0.311468620504184,0.5431589425628933,0.0893719817119878,0.0,0.0,0.0,0.0,0.0,0.0,0.0,0.0934880935291677,0.0,0.0,0.0,0.0,0.0,0.14154226545321597,0.4914723422548897,0.6859139895973669,0.39419996784187805,0.03564146109509889,0.0,0.0,0.0,0.0,0.0,0.031505297930639484,0.0734503248188885,0.0,0.0,0.0,0.0,0.0,0.0,0.0,0.0,0.0,0.0,0.0,0.0,0.0,0.0,0.0,0.0,0.0,0.0,0.0,0.0,0.0,0.0,0.14410606210449914,0.0,0.1545311157670449,0.0,0.0,0.09005691773682933,0.0,0.0,0.0,0.0,0.0,0.0,0.0,0.0,0.0,0.0,0.0,0.0
0.08381845650895042,0.03281779057537295,0.0,0.0,0.0,0.0,0.304805073817136,0.21597662371702092,0.0,0.0,0.5421433083430719,0.7361611773465414,0.5435050713665347,0.31196536844200345,0.47641558349132096,0.5523356849045138,0.7473478489678083,1.0,0.2148739076731028,0.06058894986065747,0.10310985686059038,0.31242260968484464,0.05027776932530261,0.0,0.0,0.0,0.0,0.0,0.0,0.0,0.03755744125206048,0.0,0.0,0.0,0.0,0.035353653623649305,0.393348541446588,0.6858862301544058,0.491378467171912,0.14252335942762148,0.0,0.0,0.0,0.0,0.0,0.0,0.052364409885180006,0.1608171620497801,0.009259604824619256,0.0,0.0,0.0,0.0,0.0,0.0,0.0,0.0,0.0,0.0,0.0,0.0,0.0,0.0,0.0,0.0,0.0,0.0,0.0,0.0,0.0,0.10197168597262228,0.0,0.05863696217781624,0.0,0.0,0.19448892196090234,0.0,0.0,0.0,0.0,0.0,0.0,0.0,0.0,0.0,0.0,0.0,0.0
0.3838655209440473,0.43158544520188047,0.24914984877990234,0.0657022592132826,0.031945450802212484,0.16157518396349305,0.40778848566339043,0.17139044869842562,0.0,0.0,0.5221678084604723,0.2988588921378304,0.0838057620895472,0.03827633151933286,0.7298281425056234,0.5455510680778625,0.3048964467942054,0.2148739076731028,1.0,0.7350200172742553,0.5420654539821317,0.47717882271019063,0.7383145031087308,0.5469792762064254,0.47238793815907315,0.5435326099247326,0.15787645211281237,0.30561491960771564,0.0069455415350933225,0.07162001064637791,0.39830325514020337,0.0,0.0,0.0,0.0,0.0,0.0,0.0,0.034565819594655905,0.1632391330220785,0.2482650826735536,0.2501420100756804,0.15869305303836517,0.4859951038272704,0.0,0.0,0.0,0.0,0.0,0.0,0.0,0.0,0.0,0.0,0.0,0.0,0.0,0.0,0.0,0.0,0.0,0.0,0.0,0.0,0.0,0.0,0.0,0.0,0.0,0.0,0.03283950543818816,0.0,0.0,0.0,0.0,0.0,0.0,0.0,0.0,0.0,0.0,0.0,0.0,0.0,0.0,0.0,0.0,0.0
0.16164446290819073,0.2746256355855338,0.1458960266438213,0.0,0.0,0.0,0.15350256404161408,0.0,0.0,0.0,0.28587788861185903,0.08634818313754261,0.0,0.0,0.5375755014218497,0.4766070166331476,0.2150670532643631,0.06058894986065747,0.7350200172742553,1.0,0.7354857348635706,0.552451652567792,0.550075883679774,0.48132719034539684,0.5489964152732425,0.7375440987742832,0.1324468840380865,0.21597792952653033,0.03626062494158504,0.0,0.2722875192873908,0.0,0.0,0.0,0.0,0.0,0.0,0.0,0.0,0.25591119737028595,0.48482976651715504,0.487467778097652,0.25294464161537245,0.25432807714840555,0.0,0.0,0.0,0.0,0.0,0.0,0.0,0.0,0.0,0.0,0.0,0.0,0.0,0.0,0.0,0.0,0.0,0.0,0.0,0.0,0.0,0.0,0.0,0.0,0.0,0.0,0.0,0.0,0.0,0.0,0.0,0.0,0.0,0.0,0.0,0.0,0.0,0.0,0.0,0.0,0.0,0.0,0.0,0.0
0.0,0.13026136420797735,0.0,0.0,0.0,0.0,0.017364484405144678,0.0,0.0,0.0,0.2024618624914392,0.05572215471274428,0.0,0.0,0.47020360706962433,0.5487976571396813,0.311468620504184,0.10310985686059038,0.5420654539821317,0.7354857348635706,1.0,0.7479084769226826,0.30804444539114606,0.21790400826760276,0.3090735417106494,0.5428952270075385,0.020771881427072897,0.0,0.0,0.0,0.17545401855217863,0.0,0.0,0.0,0.0,0.0,0.0,0.0,0.14237817510617923,0.4926201985156259,0.6859449287271386,0.39212966177136893,0.033122104735536534,0.03154997888507376,0.0,0.0,0.0,0.0,0.0,0.0,0.0,0.0,0.0,0.0,0.0,0.0,0.0,0.0,0.0,0.0,0.0,0.0,0.0,0.0,0.0,0.0,0.0,0.0,0.0,0.0,0.0,0.0,0.036930769562382414,0.0,0.0,0.0,0.0,0.0,0.0,0.0,0.0,0.0,0.0,0.0,0.0,0.0,0.0,0.0
0.0,0.10350217781444868,0.0,0.0,0.0,0.0,0.07142797824233474,0.0,0.0,0.0,0.2998904894697467,0.21396089692824258,0.0,0.0,0.5418892344981885,0.7348717972007743,0.5431589425628933,0.31242260968484464,0.47717882271019063,0.552451652567792,0.7479084769226826,1.0,0.2189375053387683,0.06678073954168545,0.10369125346424579,0.3142086426194279,0.0,0.0,0.0,0.0,0.1690151382692845,0.0,0.0,0.0,0.0,0.0,0.0,0.036571554485496094,0.3931551900290932,0.685856739302807,0.49192359983994094,0.1419047606949717,0.0,0.0,0.0,0.0,0.0,0.0,0.0,0.0,0.0,0.0,0.0,0.0,0.0,0.0,0.0,0.0,0.0,0.0,0.0,0.0,0.0,0.0,0.0,0.0,0.0,0.0,0.0,0.0,0.07975038580862487,0.0,0.14410846283037254,0.0,0.0,0.0,0.0,0.0,0.0,0.0,0.0,0.0,0.0,0.0,0.0,0.0,0.0,0.0
0.4314515857851616,0.4127271059702553,0.26243588491395853,0.1457348874296879,0.1522743523213607,0.27438532317182013,0.42067289579265027,0.22136181062963936,0.10329275490438773,0.12999282094525755,0.4317336636439793,0.19355849831090002,0.032768285963192686,0.050988891545993696,0.532802260183833,0.3053570259522798,0.0893719817119878,0.05027776932530261,0.7383145031087308,0.550075883679774,0.30804444539114606,0.2189375053387683,1.0,0.7425807807214503,0.5485742727667989,0.48344066756699844,0.12107767616630044,0.5479737980072804,0.0,0.32375827263912,0.2902096254670147,0.0,0.0,0.0,0.0,0.0,0.0,0.0,0.0,0.0,0.035856934451081734,0.16941104340011376,0.25471527710527886,0.6868640044900591,0.0,0.0,0.0,0.0,0.0,0.0,0.0,0.0,0.0,0.0,0.0,0.0,0.0,0.0,0.0,0.0,0.0,0.0,0.0,0.0,0.0,0.0,0.0,0.0,0.0,0.0,0.0,0.0,0.0,0.0,0.0,0.0,0.0,0.0,0.0,0.0,0.0,0.0,0.0,0.0,0.0,0.0,0.0,0.0
0.24900197578082467,0.26243085040941516,0.18639947649835636,0.10343732126180437,0.08548906123334414,0.14560051124513862,0.18607196666092563,8.033879886879288e-05,0.0,0.0,0.17506034002394666,0.0,0.0,0.0,0.29709708321129036,0.09639542096274259,0.0,0.0,0.5469792762064254,0.48132719034539684,0.21790400826760276,0.06678073954168545,0.7425807807214503,1.0,0.7375047619015761,0.5546051558567351,0.07715122790378036,0.734482867969799,0.0,0.49120855172820593,0.1197877500935453,0.0,0.0,0.0,0.0,0.0,0.0,0.0,0.0,0.0,0.0,0.25811338227663516,0.48503190444784733,0.4926986488292254,0.0,0.0,0.0,0.0,0.0,0.0,0.0,0.0,0.0,0.0,0.0,0.0,0.0,0.0,0.0,0.0,0.0,0.0,0.0,0.0,0.0,0.0,0.0,0.0,0.0,0.0,0.0,0.0,0.0,0.0,0.0,0.0,0.0,0.0,0.0,0.0,0.0,0.0,0.0,0.0,0.0,0.0,0.0,0.0
0.06563673072654111,0.14582805887923805,0.10357303278142779,0.0,0.0,0.0,0.0,0.0,0.0,0.0,0.019921521917742713,0.0,0.0,0.0,0.2022993083304434,0.05776084667882436,0.0,0.0,0.47238793815907315,0.5489964152732425,0.3090735417106494,0.10369125346424579,0.5485742727667989,0.7375047619015761,1.0,0.7454850882253221,0.068420293207512,0.5430366113415152,0.0,0.31987939390609293,0.04279069534652114,0.0,0.0,0.0,0.0,0.0,0.0,0.0,0.0,0.0,0.1365011053660395,0.4914724183829325,0.6862556172836751,0.2561464247025726,0.0,0.0,0.0,0.0,0.0,0.0,0.0,0.0,0.0,0.0,0.0,0.0,0.0,0.0,0.0,0.0,0.0,0.0,0.0,0.0,0.0,0.0,0.0,0.0,0.0,0.0,0.0,0.0,0.0,0.0,0.0,0.0,0.0,0.0,0.0,0.0,0.0,0.0,0.0,0.0,0.0,0.0,0.0,0.0
0.03197575023526425,0.1524827893908962,0.08577122606594835,0.0,0.0,0.0,0.0,0.0,0.0,0.0,0.06691282073389915,0.0,0.0,0.0,0.29731338157220466,0.2149477835280087,0.0,0.0,0.5435326099247326,0.7375440987742832,0.5428952270075385,0.3142086426194279,0.48344066756699844,0.5546051558567351,0.7454850882253221,1.0,0.09454173711521183,0.3120717757771724,0.017754382694762413,0.07805716441496059,0.10815946756554128,0.0,0.0,0.0,0.0,0.0,0.0,0.0,0.0,0.037858826665975585,0.39005960046367344,0.685926018175282,0.4894701472826487,0.17052878838075688,0.0,0.0,0.0,0.0,0.0,0.0,0.0,0.0,0.0,0.0,0.0,0.0,0.0,0.0,0.0,0.0,0.0,0.0,0.0,0.0,0.0,0.0,0.0,0.0,0.0,0.0,0.0,0.0,0.0,0.0,0.0,0.0,0.0,0.0,0.0,0.0,0.0,0.0,0.0,0.0,0.0,0.0,0.0,0.0
0.3056127306229557,0.5479708094767747,0.7344825314888533,0.5430364680153846,0.3120653327977658,0.2159624328920696,0.08086082123643083,0.0,0.0,0.0,0.012246130969716919,0.0,0.0,0.0,0.08025621074333984,0.0,0.0,0.0,0.15787645211281237,0.1324468840380865,0.020771881427072897,0.0,0.12107767616630044,0.07715122790378036,0.068420293207512,0.09454173711521183,1.0,0.0,0.7567239486861761,0.0,0.39973984296961024,0.38932535903605553,0.035507270519507916,0.0,0.0,0.0,0.0,0.0,0.0,0.0,0.0,0.0,0.0,0.0,0.1964059107535838,0.3314941695088832,0.2242535310564664,0.01717563869965462,0.0,0.005610343294821796,0.16026449768745518,0.0,0.0,0.0,0.20062366433442616,0.12561130585861108,0.0,0.0,0.18355768706867548,0.17941761743651843,0.14410604838295307,0.10197159020247919,0.03283950150157284,0.0,0.0,0.07975042327868469,0.0,0.0,0.0,0.0,0.226156423728858,0.0,0.1345464512952605,0.0,0.33108465261506265,0.0,0.0,0.0,0.0,0.0,0.0,0.0,0.0,0.0,0.0,0.0,0.0,0.0
0.1576512020631851,0.1209822122372065,0.07702694569948781,0.06812885083147027,0.0940858154868677,0.13201693638896167,0.08009717682543532,0.0,0.0,0.02028767022280662,0.012187115463921927,0.0,0.0,0.0,0.08084779548162553,0.0,0.0,0.0,0.30561491960771564,0.21597792952653033,0.0,0.0,0.5479737980072804,0.734482867969799,0.5430366113415152,0.3120717757771724,0.0,1.0,0.0,0.7567240907228227,0.0,0.0,0.0,0.0,0.0,0.0,0.0,0.0,0.0,0.0,0.0,0.03550660953822471,0.3893290570398153,0.39976639283950943,0.0,0.0,0.0,0.0,0.0,0.0,0.0,0.0,0.0,0.0,0.0,0.0,0.0,0.0,0.0,0.0,0.0,0.0,0.0,0.0,0.0,0.0,0.0,0.0,0.0,0.0,0.0,0.0,0.0,0.0,0.0,0.0,0.0,0.0,0.0,0.0,0.0,0.0,0.0,0.0,0.0,0.0,0.0,0.0
0.07161701789869088,0.32375376580354054,0.4912080841636379,0.3198776731659461,0.07804991620312558,0.0,0.0,0.0,0.0,0.0,0.0,0.0,0.0,0.0,0.0,0.0,0.0,0.0,0.0069455415350933225,0.03626062494158504,0.0,0.0,0.0,0.0,0.0,0.017754382694762413,0.7567239486861761,0.0,1.0,0.0,0.23310684059959985,0.223263210718559,0.0,0.0,0.0,0.0,0.0,0.0,0.0,0.0,0.0,0.0,0.0,0.0,0.025282398348787923,0.19711769329048032,0.08793799074247577,0.0,0.0,0.0,0.0012739614574686958,0.0,0.0,0.0,0.09832930570248004,0.02863739133198271,0.0,0.0,0.14201314702023565,0.2018345502060832,0.16362114213364298,0.06208608499017893,0.0,0.0,0.03910320038253717,0.15258543694951796,0.0,0.0,0.0,0.0,0.1424609386592314,0.0,0.09223318604526422,0.0,0.2390417309153409,0.0,0.0,0.0,0.0,0.0,0.0,0.0,0.0,0.0026121957644780988,0.0,0.0,0.0,0.0
0.00667569833428515,0.0,0.0,0.0,0.017178190286947184,0.035748142312443366,0.0,0.0,0.0,0.0,0.0,0.0,0.0,0.0,0.0,0.0,0.0,0.0,0.07162001064637791,0.0,0.0,0.0,0.32375827263912,0.49120855172820593,0.31987939390609293,0.07805716441496059,0.0,0.7567240907228227,0.0,1.0,0.0,0.0,0.0,0.0,0.0,0.0,0.0,0.0,0.0,0.0,0.0,0.0,0.22327011283352086,0.23314170670454962,0.0,0.0,0.0,0.0,0.0,0.0,0.0,0.0,0.0,0.0,0.0,0.0,0.0,0.0,0.0,0.0,0.0,0.0,0.0,0.0,0.0,0.0,0.0,0.0,0.0,0.0,0.0,0.0,0.0,0.0,0.0,0.0,0.0,0.0,0.0,0.0,0.0,0.0,0.0,0.0,0.0,0.0,0.0,0.0
0.486019433816475,0.6868695565520943,0.4926926395436829,0.25615380798656245,0.17054371138356864,0.25434401404256396,0.3759566006133154,0.12431036496866128,0.0,0.03157781337866705,0.3754644191762302,0.1509101409664019,0.0,0.0,0.42477734450574,0.27081771516108516,0.0934880935291677,0.03755744125206048,0.39830325514020337,0.2722875192873908,0.17545401855217863,0.1690151382692845,0.2902096254670147,0.1197877500935453,0.04279069534652114,0.10815946756554128,0.39973984296961024,0.0,0.23310684059959985,0.0,1.0,0.0,0.0,0.0,0.0,0.0,0.0,0.0,0.0,0.0,0.0,0.0,0.0,0.16687484158258795,0.13614345966147678,0.3370586656931628,0.410686434255356,0.25767850215451843,0.08934980083909497,0.0385804636481987,0.0,0.0,0.0,0.0,0.0,0.0,0.0,0.0,0.0,0.0,0.0,0.0,0.0,0.0,0.0,0.0,0.0,0.0,0.0,0.0,0.42771694057681425,0.0,0.29165368348226633,0.0,0.16843245304662247,0.026791939514173066,0.0,0.0,0.0,0.0,0.0,0.0,0.0,0.0,0.0,0.0,0.0,0.0
0.15870519761222918,0.2547253509697602,0.4850327222360376,0.686255243709067,0.489469776009662,0.2529408944583841,0.0,0.0,0.0,0.03310483661194541,0.0,0.0,0.0,0.0,0.0,0.0,0.0,0.0,0.0,0.0,0.0,0.0,0.0,0.0,0.0,0.0,0.38932535903605553,0.0,0.223263210718559,0.0,0.0,1.0,0.4067032656924367,0.0,0.0,0.0,0.0,0.0,0.0,0.0,0.0,0.0,0.0,0.0,0.1397512365345016,0.10102362639967476,0.0,0.0,0.0,0.0,0.25791282908097746,0.19042330356212597,0.0,0.0,0.28017691007467815,0.34411252520316693,0.2927533082472435,0.19813059338583394,0.06989091781545288,0.023774475198410777,0.11634150734341474,0.25125364887621,0.0,0.0,0.0,0.0,0.0,0.0,0.0,0.0,0.0,0.0,0.0,0.0,0.02679200841844249,0.0,0.0,0.0,0.0,0.0,0.04536795414325233,0.03230161119581387,0.0,0.0,0.0,0.0,0.0,0.0
0.2501477633559083,0.16941924650343457,0.2581121210841515,0.4914728011494378,0.6859252007635338,0.48746299652485026,0.02547365416273687,0.0,0.14187331965682473,0.39210083148353786,0.0,0.0,0.0,0.0,0.0,0.0,0.0,0.0,0.0,0.0,0.0,0.0,0.0,0.0,0.0,0.0,0.035507270519507916,0.0,0.0,0.0,0.0,0.4067032656924367,1.0,0.4191038250815968,0.0,0.0,0.0,0.0,0.0,0.0,0.0,0.0,0.0,0.0,0.13721315217797714,0.0,0.0,0.0,0.0,0.09192149647156032,0.22331243306733803,0.3402193478064919,0.28005940927921763,0.14713971762965153,0.05959461560894998,0.09530263800098245,0.22109891476577284,0.32451978718310726,0.0,0.0,0.0,0.0,0.0,0.0,0.0,0.0,0.0,0.0,0.0,0.0,0.0,0.0,0.0,0.0,0.0,0.0,0.0,0.0,0.06902185510857434,0.12972141593717193,0.0,0.0,0.0,0.0,0.0,0.0,0.0,0.0
0.24826687906525527,0.03585015702568273,0.0,0.13646656987411926,0.39003136686533874,0.48482660400602795,0.1564179994600018,0.2524078289939419,0.4919247665368737,0.6859446433700798,0.0,0.0,0.0,0.035647739986040226,0.0,0.0,0.0,0.0,0.0,0.0,0.0,0.0,0.0,0.0,0.0,0.0,0.0,0.0,0.0,0.0,0.0,0.0,0.4191038250815968,1.0,0.40867964676849633,0.0,0.0,0.0,0.0,0.0,0.0,0.0,0.0,0.0,0.0,0.0,0.0,0.0,0.0030907152156596476,0.13534806550561684,0.0,0.131040911254806,0.2888574878285135,0.2769857856006751,0.0,0.0,0.0,0.014135713099108388,0.0,0.0,0.0,0.0,0.0,0.0,0.0,0.0,0.0,0.0,0.0,0.0,0.0,0.0,0.0,0.0,0.0,0.0,0.0,0.11463211577554669,0.14211420164281918,0.0,0.0,0.0,0.0,0.0,0.0,0.0,0.0,0.0
0.16324620175210786,0.0,0.0,0.0,0.037840714964351194,0.25591157607730103,0.2499219676173499,0.4859540986686243,0.6858569595704083,0.4926202643799174,0.03130691006594178,0.0,0.1425361562505614,0.39421030816246627,0.0,0.0,0.0,0.0,0.0,0.0,0.0,0.0,0.0,0.0,0.0,0.0,0.0,0.0,0.0,0.0,0.0,0.0,0.0,0.40867964676849633,1.0,0.425638201962898,0.0,0.0,0.0,0.0,0.0,0.0,0.0,0.0,0.0,0.0,0.0,0.0,0.103702327387803,0.06584515081171341,0.0,0.0,0.010622978460616469,0.16943082610102528,0.0,0.0,0.0,0.0,0.0,0.0,0.0,0.0,0.0,0.0,0.0,0.0,0.0,0.0,0.0,0.0,0.0,0.0,0.0,0.0,0.0,0.0,0.06902190427190452,0.14211421742298244,0.0,0.0,0.0,0.0,0.0,0.0,0.0,0.0,0.0,0.0
0.03455809849713671,0.0,0.0,0.0,0.0,0.0,0.24982056424238516,0.48571522039662945,0.3931571237450585,0.14237835949933347,0.1610953042172114,0.25466022229331836,0.4913808521616964,0.6859133197605871,0.0,0.0,0.0,0.035353653623649305,0.0,0.0,0.0,0.0,0.0,0.0,0.0,0.0,0.0,0.0,0.0,0.0,0.0,0.0,0.0,0.0,0.425638201962898,1.0,0.4065315344255399,0.0,0.0,0.0,0.0,0.0,0.0,0.0,0.0,0.0,0.0,0.0,0.10247911012356077,0.0,0.0,0.0,0.0,0.0,0.0,0.0,0.0,0.0,0.0,0.0,0.0,0.0,0.0,0.0,0.0,0.0,0.0,0.0,0.0,0.0,0.0,0.0,0.0,0.0,0.0,0.0,0.1297215042758086,0.0,0.0,0.0,0.0,0.0,0.0,0.0,0.0,0.0,0.0,0.0
0.0,0.0,0.0,0.0,0.0,0.0,0.1628452243004255,0.2557700506303974,0.03658122132703437,0.0,0.24914215593363082,0.4862236816925189,0.685886586833007,0.4914722490078181,0.03538965340204217,0.0,0.14154226545321597,0.393348541446588,0.0,0.0,0.0,0.0,0.0,0.0,0.0,0.0,0.0,0.0,0.0,0.0,0.0,0.0,0.0,0.0,0.0,0.4065315344255399,1.0,0.42405353715334126,0.0,0.0,0.0,0.0,0.0,0.0,0.0,0.0,0.0,0.020474742075541306,0.0,0.0,0.0,0.0,0.0,0.0,0.0,0.0,0.0,0.0,0.0,0.0,0.0,0.0,0.0,0.0,0.0,0.0,0.0,0.0,0.0,0.0,0.0,0.0,0.0,0.0,0.0,0.04536794959056736,0.0,0.0,0.0,0.0,0.0,0.0,0.0,0.0,0.0,0.0,0.0,0.0
0.0,0.0,0.0,0.0,0.0,0.0,0.035393815900458245,0.0,0.0,0.0,0.24914316845621198,0.4862227896014886,0.39334843870094266,0.14154388667043669,0.16284695604818458,0.25576555455432654,0.4914723422548897,0.6858862301544058,0.0,0.0,0.0,0.036571554485496094,0.0,0.0,0.0,0.0,0.0,0.0,0.0,0.0,0.0,0.0,0.0,0.0,0.0,0.0,0.42405353715334126,1.0,0.40652773410899634,0.0,0.0,0.0,0.0,0.0,0.0,0.0,0.0,0.0,0.0,0.0,0.0,0.0,0.0,0.0,0.0,0.0,0.0,0.0,0.0,0.0,0.0,0.0,0.0,0.0,0.0,0.0,0.0,0.0,0.0,0.0,0.0,0.0,0.0,0.0,0.0,0.03230160773334485,0.0,0.0,0.0,0.0,0.0,0.0,0.0,0.0,0.0,0.0,0.0,0.0
0.0,0.0,0.0,0.0,0.0,0.0,0.0,0.0,0.0,0.0,0.1611019460517619,0.25465966714241844,0.03535259068428693,0.0,0.24982348030125945,0.48571636177189764,0.6859139895973669,0.491378467171912,0.034565819594655905,0.0,0.14237817510617923,0.3931551900290932,0.0,0.0,0.0,0.0,0.0,0.0,0.0,0.0,0.0,0.0,0.0,0.0,0.0,0.0,0.0,0.40652773410899634,1.0,0.4256241005018048,0.0,0.0,0.0,0.0,0.0,0.0,0.0,0.0,0.0,0.0,0.0,0.0,0.0,0.0,0.0,0.0,0.0,0.0,0.0,0.0,0.0,0.0,0.0,0.0,0.0,0.0,0.0,0.0,0.0,0.0,0.0,0.0,0.0,0.0,0.0,0.0,0.0,0.0,0.0,0.0,0.0,0.0,0.0,0.0,0.0,0.0,0.0,0.0
0.0,0.0,0.0,0.0,0.0,0.0,0.0,0.0,0.0,0.0,0.03132027545715218,0.0,0.0,0.0,0.2499222894824784,0.48595268051652485,0.39419996784187805,0.14252335942762148,0.1632391330220785,0.25591119737028595,0.4926201985156259,0.685856739302807,0.0,0.0,0.0,0.037858826665975585,0.0,0.0,0.0,0.0,0.0,0.0,0.0,0.0,0.0,0.0,0.0,0.0,0.4256241005018048,1.0,0.4086735454596453,0.0,0.0,0.0,0.0,0.0,0.0,0.0,0.0,0.0,0.0,0.0,0.0,0.0,0.0,0.0,0.0,0.0,0.0,0.0,0.0,0.0,0.0,0.0,0.0,0.0,0.0,0.0,0.0,0.0,0.0,0.0,0.0031871440315683606,0.0,0.0,0.0,0.0,0.0,0.0,0.0,0.0,0.0,0.0,0.0,0.0,0.0,0.0,0.0
0.0,0.0,0.0,0.0,0.0,0.0,0.0,0.0,0.0,0.0,0.0,0.0,0.0,0.0,0.15643148315526254,0.2524127838685415,0.03564146109509889,0.0,0.2482650826735536,0.48482976651715504,0.6859449287271386,0.49192359983994094,0.035856934451081734,0.0,0.1365011053660395,0.39005960046367344,0.0,0.0,0.0,0.0,0.0,0.0,0.0,0.0,0.0,0.0,0.0,0.0,0.0,0.4086735454596453,1.0,0.4191650414710232,0.0,0.0,0.0,0.0,0.0,0.0,0.0,0.0,0.0,0.0,0.0,0.0,0.0,0.0,0.0,0.0,0.0,0.0,0.0,0.0,0.0,0.0,0.0,0.0,0.0,0.0,0.0,0.0,0.0,0.0,0.0,0.0,0.0,0.0,0.0,0.0,0.0,0.0,0.0,0.0,0.0,0.0,0.0,0.0,0.0,0.0
0.0,0.0,0.0,0.0,0.0,0.0,0.0,0.0,0.0,0.0,0.0,0.0,0.0,0.0,0.02549021446509246,0.0,0.0,0.0,0.2501420100756804,0.487467778097652,0.39212966177136893,0.1419047606949717,0.16941104340011376,0.25811338227663516,0.4914724183829325,0.685926018175282,0.0,0.03550660953822471,0.0,0.0,0.0,0.0,0.0,0.0,0.0,0.0,0.0,0.0,0.0,0.0,0.4191650414710232,1.0,0.40669005071661846,0.0,0.0,0.0,0.0,0.0,0.0,0.0,0.0,0.0,0.0,0.0,0.0,0.0,0.0,0.0,0.0,0.0,0.0,0.0,0.0,0.0,0.0,0.0,0.0,0.0,0.0,0.0,0.0,0.0,0.0,0.0,0.0,0.0,0.0,0.0,0.0,0.0,0.0,0.0,0.0,0.0,0.0,0.0,0.0,0.0
0.0,0.0,0.0,0.0,0.0,0.0,0.0,0.0,0.0,0.0,0.0,0.0,0.0,0.0,0.0,0.0,0.0,0.0,0.15869305303836517,0.25294464161537245,0.033122104735536534,0.0,0.25471527710527886,0.48503190444784733,0.6862556172836751,0.4894701472826487,0.0,0.3893290570398153,0.0,0.22327011283352086,0.0,0.0,0.0,0.0,0.0,0.0,0.0,0.0,0.0,0.0,0.0,0.40669005071661846,1.0,0.0,0.0,0.0,0.0,0.0,0.0,0.0,0.0,0.0,0.0,0.0,0.0,0.0,0.0,0.0,0.0,0.0,0.0,0.0,0.0,0.0,0.0,0.0,0.0,0.0,0.0,0.0,0.0,0.0,0.0,0.0,0.0,0.0,0.0,0.0,0.0,0.0,0.0,0.0,0.0,0.0,0.0,0.0,0.0,0.0
0.3980662647339956,0.2901041981756526,0.11968583539409874,0.042609234294848905,0.10786924763633549,0.27194997653292524,0.4245815623369945,0.2706011992805221,0.1687276943524499,0.1750984458337552,0.37536301852907733,0.1508327143885272,0.03746343376184353,0.09334697614382806,0.3758972900938846,0.12426123847421666,0.0,0.0,0.4859951038272704,0.25432807714840555,0.03154997888507376,0.0,0.6868640044900591,0.4926986488292254,0.2561464247025726,0.17052878838075688,0.0,0.39976639283950943,0.0,0.23314170670454962,0.16687484158258795,0.0,0.0,0.0,0.0,0.0,0.0,0.0,0.0,0.0,0.0,0.0,0.0,1.0,0.0,0.0,0.0,0.0,0.0,0.0,0.0,0.0,0.0,0.0,0.0,0.0,0.0,0.0,0.0,0.0,0.0,0.0,0.0,0.0,0.0,0.0,0.0,0.0,0.0,0.0,0.0,0.0,0.0,0.0,0.0,0.0,0.0,0.0,0.0,0.0,0.0,0.0,0.0,0.0,0.0,0.0,0.0,0.0
0.2917431046428464,0.3090179117608379,0.32055882895660975,0.3155919006877417,0.31291646727536976,0.3073016716764232,0.14447218169096468,0.08294946093568589,0.09722439623211439,0.1888058567265546,0.0,0.0,0.0,0.0,0.0,0.0,0.0,0.0,0.0,0.0,0.0,0.0,0.0,0.0,0.0,0.0,0.1964059107535838,0.0,0.025282398348787923,0.0,0.13614345966147678,0.1397512365345016,0.13721315217797714,0.0,0.0,0.0,0.0,0.0,0.0,0.0,0.0,0.0,0.0,0.0,1.0,0.7383167322232317,0.5469799148707406,0.4724004058318214,0.5435446016081942,0.7350218315500773,0.7298237470380221,0.5455506944087538,0.4771860170549895,0.5420708448240592,0.5221653460866901,0.29886037462207127,0.21486766273093627,0.3048916541780381,0.4078023902218785,0.17143635530825438,0.03830812244416952,0.08381840582000487,0.38386544534499883,0.16164438021059613,0.0,0.0,0.43145160644938596,0.24900196985074255,0.06563668576028948,0.031975685472098066,0.3056127491453693,0.15765121185517286,0.07161697531172202,0.006675709730189781,0.48601936411601326,0.15870523200763478,0.2501477401915133,0.24826696465193934,0.16324616006248024,0.03455803592148505,0.0,0.0,0.0,0.0,0.0,0.0,0.0,0.39806626011720564
0.3090179613176977,0.4039303138011064,0.3959060409180421,0.2943954605069813,0.22561931843276617,0.23544649300115533,0.17264619753315658,0.04933029061929935,0.0,0.06806323070899802,0.07186154846637928,0.0,0.0,0.0,0.0,0.0,0.0,0.0,0.0,0.0,0.0,0.0,0.0,0.0,0.0,0.0,0.3314941695088832,0.0,0.19711769329048032,0.0,0.3370586656931628,0.10102362639967476,0.0,0.0,0.0,0.0,0.0,0.0,0.0,0.0,0.0,0.0,0.0,0.0,0.7383167322232317,1.0,0.7425843477657349,0.5485877833685998,0.4834497286891724,0.550072673929414,0.5328179505457167,0.3053630155659076,0.21894204294387182,0.3080448002149505,0.43177584031327887,0.19358806795304576,0.05028343427372112,0.08937231910336059,0.4207786613490837,0.22150209871344012,0.051080515487095204,0.032817814214124975,0.4315854423117404,0.27462558956972855,0.13026134648086718,0.10350223413835373,0.41272709972895655,0.26243083524590377,0.14582800007586946,0.1524827320300983,0.5479707745501372,0.12098218033925111,0.3237536870488144,0.0,0.6868695097213742,0.25472532502125256,0.1694191590000848,0.035850199437353944,0.0,0.0,0.0,0.0,0.0,0.0,0.0,0.0,0.0,0.2901042037871584
0.3205588252733804,0.3959059504830419,0.2939892323832627,0.1417826511504057,0.09655385269086314,0.17792958520004548,0.2652130551076559,0.1356122995892414,0.02123314781960167,0.03047320752452768,0.22480906941674103,0.14415220946976354,0.04722507761970856,0.028942815888878794,0.13389558502044066,0.06315759038257461,0.031505297930639484,0.052364409885180006,0.0,0.0,0.0,0.0,0.0,0.0,0.0,0.0,0.2242535310564664,0.0,0.08793799074247577,0.0,0.410686434255356,0.0,0.0,0.0,0.0,0.0,0.0,0.0,0.0,0.0,0.0,0.0,0.0,0.0,0.5469799148707406,0.7425843477657349,1.0,0.7375074472759992,0.5545992223423587,0.4813115265494459,0.29710636868251994,0.09638809284765631,0.06676583508172343,0.2178858029585101,0.1751037664895838,0.0,0.0,0.0,0.18618709036407552,0.0002490368712384752,0.0,0.0,0.24914982424470658,0.1458959793305235,0.0,0.0,0.2624358591572307,0.18639948029448208,0.10357303700999705,0.08577121487824589,0.7344826361957656,0.07702694873221629,0.4912081218981292,0.0,0.49269249697603157,0.48503280543839233,0.25811205879995475,0.0,0.0,0.0,0.0,0.0,0.0,0.0,0.0,0.0,0.0,0.11968581544027562
0.31559193543678693,0.29439536291662616,0.14178268255180865,0.021285916713612615,0.043569337121071146,0.18446017533149495,0.34110863345007636,0.2810293092309359,0.15509818721499175,0.10492220366613766,0.29161692445645654,0.2750233600888655,0.23843332006637968,0.22443208795956332,0.13002220040785178,0.0519165350295308,0.0734503248188885,0.1608171620497801,0.0,0.0,0.0,0.0,0.0,0.0,0.0,0.0,0.01717563869965462,0.0,0.0,0.0,0.25767850215451843,0.0,0.0,0.0,0.0,0.0,0.020474742075541306,0.0,0.0,0.0,0.0,0.0,0.0,0.0,0.4724004058318214,0.5485877833685998,0.7375074472759992,1.0,0.7454800093466507,0.5489890582734939,0.20230654518372695,0.0577525601009233,0.10367460497508847,0.3090552613780248,0.019950197149737378,0.0,0.0,0.0,0.0,0.0,0.0,0.0,0.06570221292023501,0.0,0.0,0.0,0.1457348901845256,0.10343728650904961,0.0,0.0,0.5430364430336152,0.06812885344520764,0.31987757895772445,0.0,0.25615366487271823,0.6862552521980883,0.4914728565723048,0.13646665447826797,0.0,0.0,0.0,0.0,0.0,0.0,0.0,0.0,0.0,0.04260927049782631
0.31291643657673923,0.22561920725866333,0.09655386404640681,0.04356926878072114,0.12038538385177025,0.2626049687321977,0.323499910914506,0.3424892646346011,0.2889863737357762,0.24172913711272898,0.1950920865744142,0.17415431453924998,0.2088801913816895,0.2714880128107743,0.0,0.0,0.0,0.009259604824619256,0.0,0.0,0.0,0.0,0.0,0.0,0.0,0.0,0.0,0.0,0.0,0.0,0.08934980083909497,0.0,0.0,0.0030907152156596476,0.103702327387803,0.10247911012356077,0.0,0.0,0.0,0.0,0.0,0.0,0.0,0.0,0.5435446016081942,0.4834497286891724,0.5545992223423587,0.7454800093466507,1.0,0.7375436778792346,0.2973097597748967,0.21493741258173937,0.31419492858902603,0.5428809277897487,0.06691480797214801,0.0,0.0,0.0,0.0,0.0,0.0,0.0,0.0319453918923286,0.0,0.0,0.0,0.1522743750671865,0.08548902624952189,0.0,0.0,0.312065381014695,0.09408581705647766,0.07804989792964179,0.017178190701270902,0.17054359875300004,0.48946978306957417,0.6859251789107388,0.3900313632501701,0.03784063500981421,0.0,0.0,0.0,0.0,0.0,0.0,0.0,0.0,0.10786926250174514
