1.0,0.7383167221778678,0.5469799904428163,0.47240038207516594,0.5435446093885202,0.7350217686595221,0.729823809769903,0.5455506030344344,0.4771859709813138,0.5420707419456563,0.5221653699460381,0.29886037975962565,0.21486759797531368,0.30489161159040834,0.4078023934209726,0.17143641982112579,0.03830812831151185,0.08381845650895042,0.3838655209440473,0.16164446290819073,0.0,0.0,0.4314515857851616,0.24900197578082467,0.06563673072654111,0.03197575023526425,0.3056127306229557,0.1576512020631851,0.07161701789869088,0.00667569833428515,0.486019433816475,0.15870519761222918,0.2501477633559083,0.24826687906525527,0.16324620175210786,0.03455809849713671,0.0,0.0,0.0,0.0,0.0,0.0,0.0,0.3980662647339956,0.0,0.0,0.0,0.0,0.0,0.0,0.0,0.0,0.0,0.0,0.0,0.0,0.0,0.0,0.0,0.0,0.0,0.0,0.0,0.0,0.0,0.0,0.0,0.0,0.0,0.0,0.0,0.0,0.0,0.0,0.0,0.0,0.0,0.0,0.0,0.0,0.0,0.0,0.0,0.0,0.0,0.0,0.0,0.0
0.7383167221778678,1.0,0.7425844784952603,0.5485878771094439,0.4834497949146363,0.550072660187864,0.5328179530893509,0.30536286736444523,0.21894198602650833,0.3080447292932033,0.43177581360485556,0.1935879650061503,0.05028330002733888,0.08937220969711604,0.42077860605723977,0.22150205499272171,0.05108043691634217,0.03281779057537295,0.43158544520188047,0.2746256355855338,0.13026136420797735,0.10350217781444868,0.4127271059702553,0.26243085040941516,0.14582805887923805,0.1524827893908962,0.5479708094767747,0.1209822122372065,0.32375376580354054,0.0,0.6868695565520943,0.2547253509697602,0.16941924650343457,0.03585015702568273,0.0,0.0,0.0,0.0,0.0,0.0,0.0,0.0,0.0,0.2901041981756526,0.0,0.0,0.0,0.0,0.0,0.0,0.0,0.0,0.0,0.0,0.0,0.0,0.0,0.0,0.0,0.0,0.0,0.0,0.0,0.0,0.0,0.0,0.0,0.0,0.0,0.0,0.0,0.0,0.0,0.0,0.0,0.0,0.0,0.0,0.0,0.0,0.0,0.0,0.0,0.0,0.0,0.0,0.0,0.0
0.5469799904428163,0.7425844784952603,1.0,0.7375075098743596,0.5545992688229022,0.4813115859202337,0.2971064964128536,0.09638808143335882,0.06676586178609695,0.21788582855019623,0.17510386550865345,0.0,0.0,0.0,0.1861871315953517,0.000249067479890549,0.0,0.0,0.24914984877990234,0.1458960266438213,0.0,0.0,0.26243588491395853,0.18639947649835636,0.10357303278142779,0.08577122606594835,0.7344825314888533,0.07702694569948781,0.4912080841636379,0.0,0.4926926395436829,0.4850327222360376,0.2581121210841515,0.0,0.0,0.0,0.0,0.0,0.0,0.0,0.0,0.0,0.0,0.11968583539409874,0.0,0.0,0.0,0.0,0.0,0.0,0.0,0.0,0.0,0.0,0.0,0.0,0.0,0.0,0.0,0.0,0.0,0.0,0.0,0.0,0.0,0.0,0.0,0.0,0.0,0.0,0.0,0.0,0.0,0.0,0.0,0.0,0.0,0.0,0.0,0.0,0.0,0.0,0.0,0.0,0.0,0.0,0.0,0.0
0.47240038207516594,0.5485878771094439,0.7375075098743596,1.0,0.7454799258349482,0.5489890225217746,0.20230658346868585,0.057752465819023484,0.10367448846676877,0.3090551909847577,0.019950223773741775,0.0,0.0,0.0,0.0,0.0,0.0,0.0,0.0657022592132826,0.0,0.0,0.0,0.1457348874296879,0.10343732126180437,0.0,0.0,0.5430364680153846,0.06812885083147027,0.3198776731659461,0.0,0.25615380798656245,0.686255243709067,0.4914728011494378,0.13646656987411926,0.0,0.0,0.0,0.0,0.0,0.0,0.0,0.0,0.0,0.042609234294848905,0.0,0.0,0.0,0.0,0.0,0.0,0.0,0.0,0.0,0.0,0.0,0.0,0.0,0.0,0.0,0.0,0.0,0.0,0.0,0.0,0.0,0.0,0.0,0.0,0.0,0.0,0.0,0.0,0.0,0.0,0.0,0.0,0.0,0.0,0.0,0.0,0.0,0.0,0.0,0.0,0.0,0.0,0.0,0.0
0.5435446093885202,0.4834497949146363,0.5545992688229022,0.7454799258349482,1.0,0.7375437386046761,0.2973098316743554,0.21493740590372204,0.3141948812730757,0.5428809603465975,0.06691483927022572,0.0,0.0,0.0,0.0,0.0,0.0,0.0,0.031945450802212484,0.0,0.0,0.0,0.1522743523213607,0.08548906123334414,0.0,0.0,0.3120653327977658,0.0940858154868677,0.07804991620312558,0.017178190286947184,0.17054371138356864,0.489469776009662,0.6859252007635338,0.39003136686533874,0.037840714964351194,0.0,0.0,0.0,0.0,0.0,0.0,0.0,0.0,0.10786924763633549,0.0,0.0,0.0,0.0,0.0,0.0,0.0,0.0,0.0,0.0,0.0,0.0,0.0,0.0,0.0,0.0,0.0,0.0,0.0,0.0,0.0,0.0,0.0,0.0,0.0,0.0,0.0,0.0,0.0,0.0,0.0,0.0,0.0,0.0,0.0,0.0,0.0,0.0,0.0,0.0,0.0,0.0,0.0,0.0
0.7350217686595221,0.550072660187864,0.4813115859202337,0.5489890225217746,0.7375437386046761,1.0,0.5375620986800927,0.47659925868654335,0.5524514328758537,0.7354867447487082,0.285861351579062,0.08634912511079888,0.06058718384941274,0.21506259756155688,0.1534819557848812,0.0,0.0,0.0,0.16157518396349305,0.0,0.0,0.0,0.27438532317182013,0.14560051124513862,0.0,0.0,0.2159624328920696,0.13201693638896167,0.0,0.035748142312443366,0.25434401404256396,0.2529408944583841,0.48746299652485026,0.48482660400602795,0.25591157607730103,0.0,0.0,0.0,0.0,0.0,0.0,0.0,0.0,0.27194997653292524,0.0,0.0,0.0,0.0,0.0,0.0,0.0,0.0,0.0,0.0,0.0,0.0,0.0,0.0,0.0,0.0,0.0,0.0,0.0,0.0,0.0,0.0,0.0,0.0,0.0,0.0,0.0,0.0,0.0,0.0,0.0,0.0,0.0,0.0,0.0,0.0,0.0,0.0,0.0,0.0,0.0,0.0,0.0,0.0
0.729823809769903,0.5328179530893509,0.2971064964128536,0.20230658346868585,0.2973098316743554,0.5375620986800927,1.0,0.7368537299389354,0.5418866738763002,0.4701910861574364,0.730825276567278,0.5451782091290067,0.4764137823465629,0.5430547923619642,0.5198515187745779,0.2935241097332798,0.2118407102705066,0.304805073817136,0.40778848566339043,0.15350256404161408,0.017364484405144678,0.07142797824233474,0.42067289579265027,0.18607196666092563,0.0,0.0,0.08086082123643083,0.08009717682543532,0.0,0.0,0.3759566006133154,0.0,0.02547365416273687,0.1564179994600018,0.2499219676173499,0.24982056424238516,0.1628452243004255,0.035393815900458245,0.0,0.0,0.0,0.0,0.0,0.4245815623369945,0.0,0.0,0.0,0.0,0.0,0.0,0.0,0.0,0.0,0.0,0.0,0.0,0.0,0.0,0.0,0.0,0.0,0.0,0.0,0.0,0.0,0.0,0.0,0.0,0.0,0.0,0.0,0.0,0.0,0.0,0.0,0.0,0.0,0.0,0.0,0.0,0.0,0.0,0.0,0.0,0.0,0.0,0.0,0.0
0.5455506030344344,0.30536286736444523,0.09638808143335882,0.057752465819023484,0.21493740590372204,0.47659925868654335,0.7368537299389354,1.0,0.7348698683091293,0.5487900325762542,0.5433922082494149,0.4790052902745228,0.552339717299096,0.7361476895285586,0.29350624152920074,0.08718075710262457,0.05937990090260451,0.21597662371702092,0.17139044869842562,0.0,0.0,0.0,0.22136181062963936,8.033879886879288e-05,0.0,0.0,0.0,0.0,0.0,0.0,0.12431036496866128,0.0,0.0,0.2524078289939419,0.4859540986686243,0.48571522039662945,0.2557700506303974,0.0,0.0,0.0,0.0,0.0,0.0,0.2706011992805221,0.0,0.0,0.0,0.0,0.0,0.0,0.0,0.0,0.0,0.0,0.0,0.0,0.0,0.0,0.0,0.0,0.0,0.0,0.0,0.0,0.0,0.0,0.0,0.0,0.0,0.0,0.0,0.0,0.0,0.0,0.0,0.0,0.0,0.0,0.0,0.0,0.0,0.0,0.0,0.0,0.0,0.0,0.0,0.0
0.4771859709813138,0.21894198602650833,0.06676586178609695,0.10367448846676877,0.3141948812730757,0.5524514328758537,0.5418866738763002,0.7348698683091293,1.0,0.7479069525119668,0.2998761660420389,0.2139645204476303,0.3124293794116651,0.5431632120614718,0.07139504472509352,0.0,0.0,0.0,0.0,0.0,0.0,0.0,0.10329275490438773,0.0,0.0,0.0,0.0,0.0,0.0,0.0,0.0,0.0,0.14187331965682473,0.4919247665368737,0.6858569595704083,0.3931571237450585,0.03658122132703437,0.0,0.0,0.0,0.0,0.0,0.0,0.1687276943524499,0.0,0.0,0.0,0.0,0.0,0.0,0.0,0.0,0.0,0.0,0.0,0.0,0.0,0.0,0.0,0.0,0.0,0.0,0.0,0.0,0.0,0.0,0.0,0.0,0.0,0.0,0.0,0.0,0.0,0.0,0.0,0.0,0.0,0.0,0.0,0.0,0.0,0.0,0.0,0.0,0.0,0.0,0.0,0.0
0.5420707419456563,0.3080447292932033,0.21788582855019623,0.3090551909847577,0.5428809603465975,0.7354867447487082,0.4701910861574364,0.5487900325762542,0.7479069525119668,1.0,0.20243817256083516,0.05572124137335153,0.10311290237118552,0.31146897373590204,0.017321050776772106,0.0,0.0,0.0,0.0,0.0,0.0,0.0,0.12999282094525755,0.0,0.0,0.0,0.0,0.02028767022280662,0.0,0.0,0.03157781337866705,0.03310483661194541,0.39210083148353786,0.6859446433700798,0.4926202643799174,0.14237835949933347,0.0,0.0,0.0,0.0,0.0,0.0,0.0,0.1750984458337552,0.0,0.0,0.0,0.0,0.0,0.0,0.0,0.0,0.0,0.0,0.0,0.0,0.0,0.0,0.0,0.0,0.0,0.0,0.0,0.0,0.0,0.0,0.0,0.0,0.0,0.0,0.0,0.0,0.0,0.0,0.0,0.0,0.0,0.0,0.0,0.0,0.0,0.0,0.0,0.0,0.0,0.0,0.0,0.0
0.5221653699460381,0.43177581360485556,0.17510386550865345,0.019950223773741775,0.06691483927022572,0.285861351579062,0.730825276567278,0.5433922082494149,0.2998761660420389,0.20243817256083516,1.0,0.7354309222874809,0.5421403683652304,0.47464869457482634,0.7308282619006472,0.5434001017412317,0.4746543793467578,0.5421433083430719,0.5221678084604723,0.28587788861185903,0.2024618624914392,0.2998904894697467,0.4317336636439793,0.17506034002394666,0.019921521917742713,0.06691282073389915,0.012246130969716919,0.012187115463921927,0.0,0.0,0.3754644191762302,0.0,0.0,0.0,0.03130691006594178,0.1610953042172114,0.24914215593363082,0.24914316845621198,0.1611019460517619,0.03132027545715218,0.0,0.0,0.0,0.37536301852907733,0.0,0.0,0.0,0.0,0.0,0.0,0.0,0.0,0.0,0.0,0.0,0.0,0.0,0.0,0.0,0.0,0.0,0.0,0.0,0.0,0.0,0.0,0.0,0.0,0.0,0.0,0.0,0.0,0.0,0.0,0.0,0.0,0.0,0.0,0.0,0.0,0.0,0.0,0.0,0.0,0.0,0.0,0.0,0.0
0.29886037975962565,0.1935879650061503,0.0,0.0,0.0,0.08634912511079888,0.5451782091290067,0.4790052902745228,0.2139645204476303,0.05572124137335153,0.7354309222874809,1.0,0.7361612479739207,0.5512984594409839,0.5451759941340295,0.4790010977287974,0.5512982175655234,0.7361611773465414,0.2988588921378304,0.08634818313754261,0.05572215471274428,0.21396089692824258,0.19355849831090002,0.0,0.0,0.0,0.0,0.0,0.0,0.0,0.1509101409664019,0.0,0.0,0.0,0.0,0.25466022229331836,0.4862236816925189,0.4862227896014886,0.25465966714241844,0.0,0.0,0.0,0.0,0.1508327143885272,0.0,0.0,0.0,0.0,0.0,0.0,0.0,0.0,0.0,0.0,0.0,0.0,0.0,0.0,0.0,0.0,0.0,0.0,0.0,0.0,0.0,0.0,0.0,0.0,0.0,0.0,0.0,0.0,0.0,0.0,0.0,0.0,0.0,0.0,0.0,0.0,0.0,0.0,0.0,0.0,0.0,0.0,0.0,0.0
0.21486759797531368,0.05028330002733888,0.0,0.0,0.0,0.06058718384941274,0.4764137823465629,0.552339717299096,0.3124293794116651,0.10311290237118552,0.5421403683652304,0.7361612479739207,1.0,0.7473483321854943,0.3047981033815185,0.21596823485601,0.31196459716063885,0.5435050713665347,0.0838057620895472,0.0,0.0,0.0,0.032768285963192686,0.0,0.0,0.0,0.0,0.0,0.0,0.0,0.0,0.0,0.0,0.0,0.1425361562505614,0.4913808521616964,0.685886586833007,0.39334843870094266,0.03535259068428693,0.0,0.0,0.0,0.0,0.03746343376184353,0.0,0.0,0.0,0.0,0.0,0.0,0.0,0.0,0.0,0.0,0.0,0.0,0.0,0.0,0.0,0.0,0.0,0.0,0.0,0.0,0.0,0.0,0.0,0.0,0.0,0.0,0.0,0.0,0.0,0.0,0.0,0.0,0.0,0.0,0.0,0.0,0.0,0.0,0.0,0.0,0.0,0.0,0.0,0.0
0.30489161159040834,0.08937220969711604,0.0,0.0,0.0,0.21506259756155688,0.5430547923619642,0.7361476895285586,0.5431632120614718,0.31146897373590204,0.47464869457482634,0.5512984594409839,0.7473483321854943,1.0,0.21182581825982338,0.05936963301822358,0.10276962528404758,0.31196536844200345,0.03827633151933286,0.0,0.0,0.0,0.050988891545993696,0.0,0.0,0.0,0.0,0.0,0.0,0.0,0.0,0.0,0.0,0.035647739986040226,0.39421030816246627,0.6859133197605871,0.4914722490078181,0.14154388667043669,0.0,0.0,0.0,0.0,0.0,0.09334697614382806,0.0,0.0,0.0,0.0,0.0,0.0,0.0,0.0,0.0,0.0,0.0,0.0,0.0,0.0,0.0,0.0,0.0,0.0,0.0,0.0,0.0,0.0,0.0,0.0,0.0,0.0,0.0,0.0,0.0,0.0,0.0,0.0,0.0,0.0,0.0,0.0,0.0,0.0,0.0,0.0,0.0,0.0,0.0,0.0
0.4078023934209726,0.42077860605723977,0.1861871315953517,0.0,0.0,0.1534819557848812,0.5198515187745779,0.29350624152920074,0.07139504472509352,0.017321050776772106,0.7308282619006472,0.5451759941340295,0.3047981033815185,0.21182581825982338,1.0,0.7368540398980638,0.5430556032080404,0.47641558349132096,0.7298281425056234,0.5375755014218497,0.47020360706962433,0.5418892344981885,0.532802260183833,0.29709708321129036,0.2022993083304434,0.29731338157220466,0.08025621074333984,0.08084779548162553,0.0,0.0,0.42477734450574,0.0,0.0,0.0,0.0,0.0,0.03538965340204217,0.16284695604818458,0.24982348030125945,0.2499222894824784,0.15643148315526254,0.02549021446509246,0.0,0.3758972900938846,0.0,0.0,0.0,0.0,0.0,0.0,0.0,0.0,0.0,0.0,0.0,0.0,0.0,0.0,0.0,0.0,0.0,0.0,0.0,0.0,0.0,0.0,0.0,0.0,0.0,0.0,0.0,0.0,0.0,0.0,0.0,0.0,0.0,0.0,0.0,0.0,0.0,0.0,0.0,0.0,0.0,0.0,0.0,0.0
0.17143641982112579,0.22150205499272171,0.000249067479890549,0.0,0.0,0.0,0.2935241097332798,0.08718075710262457,0.0,0.0,0.5434001017412317,0.4790010977287974,0.21596823485601,0.05936963301822358,0.7368540398980638,1.0,0.7361450886071056,0.5523356849045138,0.5455510680778625,0.4766070166331476,0.5487976571396813,0.7348717972007743,0.3053570259522798,0.09639542096274259,0.05776084667882436,0.2149477835280087,0.0,0.0,0.0,0.0,0.27081771516108516,0.0,0.0,0.0,0.0,0.0,0.0,0.25576555455432654,0.48571636177189764,0.48595268051652485,0.2524127838685415,0.0,0.0,0.12426123847421666,0.0,0.0,0.0,0.0,0.0,0.0,0.0,0.0,0.0,0.0,0.0,0.0,0.0,0.0,0.0,0.0,0.0,0.0,0.0,0.0,0.0,0.0,0.0,0.0,0.0,0.0,0.0,0.0,0.0,0.0,0.0,0.0,0.0,0.0,0.0,0.0,0.0,0.0,0.0,0.0,0.0,0.0,0.0,0.0
0.03830812831151185,0.05108043691634217,0.0,0.0,0.0,0.0,0.2118407102705066,0.05937990090260451,0.0,0.0,0.4746543793467578,0.5512982175655234,0.31196459716063885,0.10276962528404758,0.5430556032080404,0.7361450886071056,1.0,0.7473478489678083,0.3048964467942054,0.2150670532643631,0.311468620504184,0.5431589425628933,0.0893719817119878,0.0,0.0,0.0,0.0,0.0,0.0,0.0,0.0934880935291677,0.0,0.0,0.0,0.0,0.0,0.14154226545321597,0.4914723422548897,0.6859139895973669,0.39419996784187805,0.03564146109509889,0.0,0.0,0.0,0.0,0.0,0.0,0.0,0.0,0.0,0.0,0.0,0.0,0.0,0.0,0.0,0.0,0.0,0.0,0.0,0.0,0.0,0.0,0.0,0.0,0.0,0.0,0.0,0.0,0.0,0.0,0.0,0.0,0.0,0.0,0.0,0.0,0.0,0.0,0.0,0.0,0.0,0.0,0.0,0.0,0.0,0.0,0.0
0.08381845650895042,0.03281779057537295,0.0,0.0,0.0,0.0,0.304805073817136,0.21597662371702092,0.0,0.0,0.5421433083430719,0.7361611773465414,0.5435050713665347,0.31196536844200345,0.47641558349132096,0.5523356849045138,0.7473478489678083,1.0,0.2148739076731028,0.06058894986065747,0.10310985686059038,0.31242260968484464,0.05027776932530261,0.0,0.0,0.0,0.0,0.0,0.0,0.0,0.03755744125206048,0.0,0.0,0.0,0.0,0.035353653623649305,0.393348541446588,0.6858862301544058,0.491378467171912,0.14252335942762148,0.0,0.0,0.0,0.0,0.0,0.0,0.0,0.0,0.0,0.0,0.0,0.0,0.0,0.0,0.0,0.0,0.0,0.0,0.0,0.0,0.0,0.0,0.0,0.0,0.0,0.0,0.0,0.0,0.0,0.0,0.0,0.0,0.0,0.0,0.0,0.0,0.0,0.0,0.0,0.0,0.0,0.0,0.0,0.0,0.0,0.0,0.0,0.0
0.3838655209440473,0.43158544520188047,0.24914984877990234,0.0657022592132826,0.031945450802212484,0.16157518396349305,0.40778848566339043,0.17139044869842562,0.0,0.0,0.5221678084604723,0.2988588921378304,0.0838057620895472,0.03827633151933286,0.7298281425056234,0.5455510680778625,0.3048964467942054,0.2148739076731028,1.0,0.7350200172742553,0.5420654539821317,0.47717882271019063,0.7383145031087308,0.5469792762064254,0.47238793815907315,0.5435326099247326,0.15787645211281237,0.30561491960771564,0.0069455415350933225,0.07162001064637791,0.39830325514020337,0.0,0.0,0.0,0.0,0.0,0.0,0.0,0.034565819594655905,0.1632391330220785,0.2482650826735536,0.2501420100756804,0.15869305303836517,0.4859951038272704,0.0,0.0,0.0,0.0,0.0,0.0,0.0,0.0,0.0,0.0,0.0,0.0,0.0,0.0,0.0,0.0,0.0,0.0,0.0,0.0,0.0,0.0,0.0,0.0,0.0,0.0,0.0,0.0,0.0,0.0,0.0,0.0,0.0,0.0,0.0,0.0,0.0,0.0,0.0,0.0,0.0,0.0,0.0,0.0
0.16164446290819073,0.2746256355855338,0.1458960266438213,0.0,0.0,0.0,0.15350256404161408,0.0,0.0,0.0,0.28587788861185903,0.08634818313754261,0.0,0.0,0.5375755014218497,0.4766070166331476,0.2150670532643631,0.06058894986065747,0.7350200172742553,1.0,0.7354857348635706,0.552451652567792,0.550075883679774,0.48132719034539684,0.5489964152732425,0.7375440987742832,0.1324468840380865,0.21597792952653033,0.03626062494158504,0.0,0.2722875192873908,0.0,0.0,0.0,0.0,0.0,0.0,0.0,0.0,0.25591119737028595,0.48482976651715504,0.487467778097652,0.25294464161537245,0.25432807714840555,0.0,0.0,0.0,0.0,0.0,0.0,0.0,0.0,0.0,0.0,0.0,0.0,0.0,0.0,0.0,0.0,0.0,0.0,0.0,0.0,0.0,0.0,0.0,0.0,0.0,0.0,0.0,0.0,0.0,0.0,0.0,0.0,0.0,0.0,0.0,0.0,0.0,0.0,0.0,0.0,0.0,0.0,0.0,0.0
0.0,0.13026136420797735,0.0,0.0,0.0,0.0,0.017364484405144678,0.0,0.0,0.0,0.2024618624914392,0.05572215471274428,0.0,0.0,0.47020360706962433,0.5487976571396813,0.311468620504184,0.10310985686059038,0.5420654539821317,0.7354857348635706,1.0,0.7479084769226826,0.30804444539114606,0.21790400826760276,0.3090735417106494,0.5428952270075385,0.020771881427072897,0.0,0.0,0.0,0.17545401855217863,0.0,0.0,0.0,0.0,0.0,0.0,0.0,0.14237817510617923,0.4926201985156259,0.6859449287271386,0.39212966177136893,0.033122104735536534,0.03154997888507376,0.0,0.0,0.0,0.0,0.0,0.0,0.0,0.0,0.0,0.0,0.0,0.0,0.0,0.0,0.0,0.0,0.0,0.0,0.0,0.0,0.0,0.0,0.0,0.0,0.0,0.0,0.0,0.0,0.0,0.0,0.0,0.0,0.0,0.0,0.0,0.0,0.0,0.0,0.0,0.0,0.0,0.0,0.0,0.0
0.0,0.10350217781444868,0.0,0.0,0.0,0.0,0.07142797824233474,0.0,0.0,0.0,0.2998904894697467,0.21396089692824258,0.0,0.0,0.5418892344981885,0.7348717972007743,0.5431589425628933,0.31242260968484464,0.47717882271019063,0.552451652567792,0.7479084769226826,1.0,0.2189375053387683,0.06678073954168545,0.10369125346424579,0.3142086426194279,0.0,0.0,0.0,0.0,0.1690151382692845,0.0,0.0,0.0,0.0,0.0,0.0,0.036571554485496094,0.3931551900290932,0.685856739302807,0.49192359983994094,0.1419047606949717,0.0,0.0,0.0,0.0,0.0,0.0,0.0,0.0,0.0,0.0,0.0,0.0,0.0,0.0,0.0,0.0,0.0,0.0,0.0,0.0,0.0,0.0,0.0,0.0,0.0,0.0,0.0,0.0,0.0,0.0,0.0,0.0,0.0,0.0,0.0,0.0,0.0,0.0,0.0,0.0,0.0,0.0,0.0,0.0,0.0,0.0
0.4314515857851616,0.4127271059702553,0.26243588491395853,0.1457348874296879,0.1522743523213607,0.27438532317182013,0.42067289579265027,0.22136181062963936,0.10329275490438773,0.12999282094525755,0.4317336636439793,0.19355849831090002,0.032768285963192686,0.050988891545993696,0.532802260183833,0.3053570259522798,0.0893719817119878,0.05027776932530261,0.7383145031087308,0.550075883679774,0.30804444539114606,0.2189375053387683,1.0,0.7425807807214503,0.5485742727667989,0.48344066756699844,0.12107767616630044,0.5479737980072804,0.0,0.32375827263912,0.2902096254670147,0.0,0.0,0.0,0.0,0.0,0.0,0.0,0.0,0.0,0.035856934451081734,0.16941104340011376,0.25471527710527886,0.6868640044900591,0.0,0.0,0.0,0.0,0.0,0.0,0.0,0.0,0.0,0.0,0.0,0.0,0.0,0.0,0.0,0.0,0.0,0.0,0.0,0.0,0.0,0.0,0.0,0.0,0.0,0.0,0.0,0.0,0.0,0.0,0.0,0.0,0.0,0.0,0.0,0.0,0.0,0.0,0.0,0.0,0.0,0.0,0.0,0.0
0.24900197578082467,0.26243085040941516,0.18639947649835636,0.10343732126180437,0.08548906123334414,0.14560051124513862,0.18607196666092563,8.033879886879288e-05,0.0,0.0,0.17506034002394666,0.0,0.0,0.0,0.29709708321129036,0.09639542096274259,0.0,0.0,0.5469792762064254,0.48132719034539684,0.21790400826760276,0.06678073954168545,0.7425807807214503,1.0,0.7375047619015761,0.5546051558567351,0.07715122790378036,0.734482867969799,0.0,0.49120855172820593,0.1197877500935453,0.0,0.0,0.0,0.0,0.0,0.0,0.0,0.0,0.0,0.0,0.25811338227663516,0.48503190444784733,0.4926986488292254,0.0,0.0,0.0,0.0,0.0,0.0,0.0,0.0,0.0,0.0,0.0,0.0,0.0,0.0,0.0,0.0,0.0,0.0,0.0,0.0,0.0,0.0,0.0,0.0,0.0,0.0,0.0,0.0,0.0,0.0,0.0,0.0,0.0,0.0,0.0,0.0,0.0,0.0,0.0,0.0,0.0,0.0,0.0,0.0
0.06563673072654111,0.14582805887923805,0.10357303278142779,0.0,0.0,0.0,0.0,0.0,0.0,0.0,0.019921521917742713,0.0,0.0,0.0,0.2022993083304434,0.05776084667882436,0.0,0.0,0.47238793815907315,0.5489964152732425,0.3090735417106494,0.10369125346424579,0.5485742727667989,0.7375047619015761,1.0,0.7454850882253221,0.068420293207512,0.5430366113415152,0.0,0.31987939390609293,0.04279069534652114,0.0,0.0,0.0,0.0,0.0,0.0,0.0,0.0,0.0,0.1365011053660395,0.4914724183829325,0.6862556172836751,0.2561464247025726,0.0,0.0,0.0,0.0,0.0,0.0,0.0,0.0,0.0,0.0,0.0,0.0,0.0,0.0,0.0,0.0,0.0,0.0,0.0,0.0,0.0,0.0,0.0,0.0,0.0,0.0,0.0,0.0,0.0,0.0,0.0,0.0,0.0,0.0,0.0,0.0,0.0,0.0,0.0,0.0,0.0,0.0,0.0,0.0
0.03197575023526425,0.1524827893908962,0.08577122606594835,0.0,0.0,0.0,0.0,0.0,0.0,0.0,0.06691282073389915,0.0,0.0,0.0,0.29731338157220466,0.2149477835280087,0.0,0.0,0.5435326099247326,0.7375440987742832,0.5428952270075385,0.3142086426194279,0.48344066756699844,0.5546051558567351,0.7454850882253221,1.0,0.09454173711521183,0.3120717757771724,0.017754382694762413,0.07805716441496059,0.10815946756554128,0.0,0.0,0.0,0.0,0.0,0.0,0.0,0.0,0.037858826665975585,0.39005960046367344,0.685926018175282,0.4894701472826487,0.17052878838075688,0.0,0.0,0.0,0.0,0.0,0.0,0.0,0.0,0.0,0.0,0.0,0.0,0.0,0.0,0.0,0.0,0.0,0.0,0.0,0.0,0.0,0.0,0.0,0.0,0.0,0.0,0.0,0.0,0.0,0.0,0.0,0.0,0.0,0.0,0.0,0.0,0.0,0.0,0.0,0.0,0.0,0.0,0.0,0.0
0.3056127306229557,0.5479708094767747,0.7344825314888533,0.5430364680153846,0.3120653327977658,0.2159624328920696,0.08086082123643083,0.0,0.0,0.0,0.012246130969716919,0.0,0.0,0.0,0.08025621074333984,0.0,0.0,0.0,0.15787645211281237,0.1324468840380865,0.020771881427072897,0.0,0.12107767616630044,0.07715122790378036,0.068420293207512,0.09454173711521183,1.0,0.0,0.7567239486861761,0.0,0.39973984296961024,0.38932535903605553,0.035507270519507916,0.0,0.0,0.0,0.0,0.0,0.0,0.0,0.0,0.0,0.0,0.0,0.0,0.0,0.0,0.0,0.0,0.0,0.0,0.0,0.0,0.0,0.0,0.0,0.0,0.0,0.0,0.0,0.0,0.0,0.0,0.0,0.0,0.0,0.0,0.0,0.0,0.0,0.0,0.0,0.0,0.0,0.0,0.0,0.0,0.0,0.0,0.0,0.0,0.0,0.0,0.0,0.0,0.0,0.0,0.0
0.1576512020631851,0.1209822122372065,0.07702694569948781,0.06812885083147027,0.0940858154868677,0.13201693638896167,0.08009717682543532,0.0,0.0,0.02028767022280662,0.012187115463921927,0.0,0.0,0.0,0.08084779548162553,0.0,0.0,0.0,0.30561491960771564,0.21597792952653033,0.0,0.0,0.5479737980072804,0.734482867969799,0.5430366113415152,0.3120717757771724,0.0,1.0,0.0,0.7567240907228227,0.0,0.0,0.0,0.0,0.0,0.0,0.0,0.0,0.0,0.0,0.0,0.03550660953822471,0.3893290570398153,0.39976639283950943,0.0,0.0,0.0,0.0,0.0,0.0,0.0,0.0,0.0,0.0,0.0,0.0,0.0,0.0,0.0,0.0,0.039225404865784616,0.0,0.0,0.0,0.0,0.08121588671845635,0.0,0.0,0.0,0.0,0.0,0.0,0.0,0.0,0.0,0.0,0.0,0.0,0.0,0.0,0.0,0.0,0.09244910644041117,0.13205577563790802,0.0,0.0,0.0,0.0
0.07161701789869088,0.32375376580354054,0.4912080841636379,0.3198776731659461,0.07804991620312558,0.0,0.0,0.0,0.0,0.0,0.0,0.0,0.0,0.0,0.0,0.0,0.0,0.0,0.0069455415350933225,0.03626062494158504,0.0,0.0,0.0,0.0,0.0,0.017754382694762413,0.7567239486861761,0.0,1.0,0.0,0.23310684059959985,0.223263210718559,0.0,0.0,0.0,0.0,0.0,0.0,0.0,0.0,0.0,0.0,0.0,0.0,0.0,0.0,0.0,0.0,0.0,0.0,0.0,0.0,0.0,0.0,0.0,0.0,0.0,0.0,0.0,0.0,0.0,0.0,0.0,0.0,0.0,0.0,0.0,0.0,0.0,0.0,0.0,0.0,0.0,0.0,0.0,0.0,0.0,0.0,0.0,0.0,0.0,0.0,0.0,0.0,0.0,0.0,0.0,0.0
0.00667569833428515,0.0,0.0,0.0,0.017178190286947184,0.035748142312443366,0.0,0.0,0.0,0.0,0.0,0.0,0.0,0.0,0.0,0.0,0.0,0.0,0.07162001064637791,0.0,0.0,0.0,0.32375827263912,0.49120855172820593,0.31987939390609293,0.07805716441496059,0.0,0.7567240907228227,0.0,1.0,0.0,0.0,0.0,0.0,0.0,0.0,0.0,0.0,0.0,0.0,0.0,0.0,0.22327011283352086,0.23314170670454962,0.0,0.0,0.0,0.0,0.0,0.0,0.0,0.0,0.0,0.0,0.0,0.0,0.0,0.0,0.0,0.13422508649758835,0.22171904662836486,0.034663013464316036,0.0,0.0,0.04024468001408056,0.2223699267149267,0.0,0.0,0.0,0.0,0.0,0.0,0.0,0.0,0.0,0.0,0.0,0.0,0.0,0.0,0.0,0.0,0.2653050416538676,0.2535767749437155,0.0,0.0,0.0,0.0
0.486019433816475,0.6868695565520943,0.4926926395436829,0.25615380798656245,0.17054371138356864,0.25434401404256396,0.3759566006133154,0.12431036496866128,0.0,0.03157781337866705,0.3754644191762302,0.1509101409664019,0.0,0.0,0.42477734450574,0.27081771516108516,0.0934880935291677,0.03755744125206048,0.39830325514020337,0.2722875192873908,0.17545401855217863,0.1690151382692845,0.2902096254670147,0.1197877500935453,0.04279069534652114,0.10815946756554128,0.39973984296961024,0.0,0.23310684059959985,0.0,1.0,0.0,0.0,0.0,0.0,0.0,0.0,0.0,0.0,0.0,0.0,0.0,0.0,0.16687484158258795,0.0,0.0,0.0,0.0,0.0,0.0,0.0,0.0,0.0,0.0,0.0,0.0,0.0,0.0,0.0,0.0,0.0,0.0,0.0,0.0,0.0,0.0,0.0,0.0,0.0,0.0,0.0,0.0,0.0,0.0,0.0,0.0,0.0,0.0,0.0,0.0,0.0,0.0,0.0,0.0,0.0,0.0,0.0,0.0
0.15870519761222918,0.2547253509697602,0.4850327222360376,0.686255243709067,0.489469776009662,0.2529408944583841,0.0,0.0,0.0,0.03310483661194541,0.0,0.0,0.0,0.0,0.0,0.0,0.0,0.0,0.0,0.0,0.0,0.0,0.0,0.0,0.0,0.0,0.38932535903605553,0.0,0.223263210718559,0.0,0.0,1.0,0.4067032656924367,0.0,0.0,0.0,0.0,0.0,0.0,0.0,0.0,0.0,0.0,0.0,0.0,0.0,0.0,0.0,0.0,0.0,0.0,0.0,0.0,0.0,0.0,0.0,0.0,0.0,0.0,0.0,0.0,0.0,0.0,0.0,0.0,0.0,0.0,0.0,0.0,0.0,0.0,0.0,0.0,0.0,0.0,0.0,0.0,0.0,0.0,0.0,0.0,0.0,0.0,0.0,0.0,0.0,0.0,0.0
0.2501477633559083,0.16941924650343457,0.2581121210841515,0.4914728011494378,0.6859252007635338,0.48746299652485026,0.02547365416273687,0.0,0.14187331965682473,0.39210083148353786,0.0,0.0,0.0,0.0,0.0,0.0,0.0,0.0,0.0,0.0,0.0,0.0,0.0,0.0,0.0,0.0,0.035507270519507916,0.0,0.0,0.0,0.0,0.4067032656924367,1.0,0.4191038250815968,0.0,0.0,0.0,0.0,0.0,0.0,0.0,0.0,0.0,0.0,0.0,0.0,0.0,0.0,0.0,0.0,0.0,0.0,0.0,0.0,0.0,0.0,0.0,0.0,0.0,0.0,0.0,0.0,0.0,0.0,0.0,0.0,0.0,0.0,0.0,0.0,0.0,0.0,0.0,0.0,0.0,0.0,0.0,0.0,0.0,0.0,0.0,0.0,0.0,0.0,0.0,0.0,0.0,0.0
0.24826687906525527,0.03585015702568273,0.0,0.13646656987411926,0.39003136686533874,0.48482660400602795,0.1564179994600018,0.2524078289939419,0.4919247665368737,0.6859446433700798,0.0,0.0,0.0,0.035647739986040226,0.0,0.0,0.0,0.0,0.0,0.0,0.0,0.0,0.0,0.0,0.0,0.0,0.0,0.0,0.0,0.0,0.0,0.0,0.4191038250815968,1.0,0.40867964676849633,0.0,0.0,0.0,0.0,0.0,0.0,0.0,0.0,0.0,0.0,0.0,0.0,0.0,0.0,0.0,0.0,0.0,0.0,0.0,0.0,0.0,0.0,0.0,0.0,0.0,0.0,0.0,0.0,0.0,0.0,0.0,0.0,0.0,0.0,0.0,0.0,0.0,0.0,0.0,0.0,0.0,0.0,0.0,0.0,0.0,0.0,0.0,0.0,0.0,0.0,0.0,0.0,0.0
0.16324620175210786,0.0,0.0,0.0,0.037840714964351194,0.25591157607730103,0.2499219676173499,0.4859540986686243,0.6858569595704083,0.4926202643799174,0.03130691006594178,0.0,0.1425361562505614,0.39421030816246627,0.0,0.0,0.0,0.0,0.0,0.0,0.0,0.0,0.0,0.0,0.0,0.0,0.0,0.0,0.0,0.0,0.0,0.0,0.0,0.40867964676849633,1.0,0.425638201962898,0.0,0.0,0.0,0.0,0.0,0.0,0.0,0.0,0.0,0.0,0.0,0.0,0.0,0.0,0.0,0.0,0.0,0.0,0.0,0.0,0.0,0.0,0.0,0.0,0.0,0.0,0.0,0.0,0.0,0.0,0.0,0.0,0.0,0.0,0.0,0.0,0.0,0.0,0.0,0.0,0.0,0.0,0.0,0.0,0.0,0.0,0.0,0.0,0.0,0.0,0.0,0.0
0.03455809849713671,0.0,0.0,0.0,0.0,0.0,0.24982056424238516,0.48571522039662945,0.3931571237450585,0.14237835949933347,0.1610953042172114,0.25466022229331836,0.4913808521616964,0.6859133197605871,0.0,0.0,0.0,0.035353653623649305,0.0,0.0,0.0,0.0,0.0,0.0,0.0,0.0,0.0,0.0,0.0,0.0,0.0,0.0,0.0,0.0,0.425638201962898,1.0,0.4065315344255399,0.0,0.0,0.0,0.0,0.0,0.0,0.0,0.0,0.0,0.0,0.0,0.0,0.0,0.0,0.0,0.0,0.0,0.0,0.0,0.0,0.0,0.0,0.0,0.0,0.0,0.0,0.0,0.0,0.0,0.0,0.0,0.0,0.0,0.0,0.0,0.0,0.0,0.0,0.0,0.0,0.0,0.0,0.0,0.0,0.0,0.0,0.0,0.0,0.0,0.0,0.0
0.0,0.0,0.0,0.0,0.0,0.0,0.1628452243004255,0.2557700506303974,0.03658122132703437,0.0,0.24914215593363082,0.4862236816925189,0.685886586833007,0.4914722490078181,0.03538965340204217,0.0,0.14154226545321597,0.393348541446588,0.0,0.0,0.0,0.0,0.0,0.0,0.0,0.0,0.0,0.0,0.0,0.0,0.0,0.0,0.0,0.0,0.0,0.4065315344255399,1.0,0.42405353715334126,0.0,0.0,0.0,0.0,0.0,0.0,0.0,0.0,0.0,0.0,0.0,0.0,0.0,0.0,0.0,0.0,0.0,0.0,0.0,0.0,0.0,0.0,0.0,0.0,0.0,0.0,0.0,0.0,0.0,0.0,0.0,0.0,0.0,0.0,0.0,0.0,0.0,0.0,0.0,0.0,0.0,0.0,0.0,0.0,0.0,0.0,0.0,0.0,0.0,0.0
0.0,0.0,0.0,0.0,0.0,0.0,0.035393815900458245,0.0,0.0,0.0,0.24914316845621198,0.4862227896014886,0.39334843870094266,0.14154388667043669,0.16284695604818458,0.25576555455432654,0.4914723422548897,0.6858862301544058,0.0,0.0,0.0,0.036571554485496094,0.0,0.0,0.0,0.0,0.0,0.0,0.0,0.0,0.0,0.0,0.0,0.0,0.0,0.0,0.42405353715334126,1.0,0.40652773410899634,0.0,0.0,0.0,0.0,0.0,0.0,0.0,0.0,0.0,0.0,0.0,0.0,0.0,0.0,0.0,0.0,0.0,0.0,0.0,0.0,0.0,0.0,0.0,0.0,0.0,0.0,0.0,0.0,0.0,0.0,0.0,0.0,0.0,0.0,0.0,0.0,0.0,0.0,0.0,0.0,0.0,0.0,0.0,0.0,0.0,0.0,0.0,0.0,0.0
0.0,0.0,0.0,0.0,0.0,0.0,0.0,0.0,0.0,0.0,0.1611019460517619,0.25465966714241844,0.03535259068428693,0.0,0.24982348030125945,0.48571636177189764,0.6859139895973669,0.491378467171912,0.034565819594655905,0.0,0.14237817510617923,0.3931551900290932,0.0,0.0,0.0,0.0,0.0,0.0,0.0,0.0,0.0,0.0,0.0,0.0,0.0,0.0,0.0,0.40652773410899634,1.0,0.4256241005018048,0.0,0.0,0.0,0.0,0.0,0.0,0.0,0.0,0.0,0.0,0.0,0.0,0.0,0.0,0.0,0.0,0.0,0.0,0.0,0.0,0.0,0.0,0.0,0.0,0.0,0.0,0.0,0.0,0.0,0.0,0.0,0.0,0.0,0.0,0.0,0.0,0.0,0.0,0.0,0.0,0.0,0.0,0.0,0.0,0.0,0.0,0.0,0.0
0.0,0.0,0.0,0.0,0.0,0.0,0.0,0.0,0.0,0.0,0.03132027545715218,0.0,0.0,0.0,0.2499222894824784,0.48595268051652485,0.39419996784187805,0.14252335942762148,0.1632391330220785,0.25591119737028595,0.4926201985156259,0.685856739302807,0.0,0.0,0.0,0.037858826665975585,0.0,0.0,0.0,0.0,0.0,0.0,0.0,0.0,0.0,0.0,0.0,0.0,0.4256241005018048,1.0,0.4086735454596453,0.0,0.0,0.0,0.0,0.0,0.0,0.0,0.0,0.0,0.0,0.0,0.0,0.0,0.0,0.0,0.0,0.0,0.0,0.0,0.0,0.0,0.0,0.0,0.0,0.0,0.0,0.0,0.0,0.0,0.0,0.0,0.0,0.0,0.0,0.0,0.0,0.0,0.0,0.0,0.0,0.0,0.0,0.0,0.0,0.0,0.0,0.0
0.0,0.0,0.0,0.0,0.0,0.0,0.0,0.0,0.0,0.0,0.0,0.0,0.0,0.0,0.15643148315526254,0.2524127838685415,0.03564146109509889,0.0,0.2482650826735536,0.48482976651715504,0.6859449287271386,0.49192359983994094,0.035856934451081734,0.0,0.1365011053660395,0.39005960046367344,0.0,0.0,0.0,0.0,0.0,0.0,0.0,0.0,0.0,0.0,0.0,0.0,0.0,0.4086735454596453,1.0,0.4191650414710232,0.0,0.0,0.0,0.0,0.0,0.0,0.0,0.0,0.0,0.0,0.0,0.0,0.0,0.0,0.0,0.0,0.0,0.0,0.0,0.0,0.0,0.0,0.0,0.0,0.0,0.0,0.0,0.0,0.0,0.0,0.0,0.0,0.0,0.0,0.0,0.0,0.0,0.0,0.0,0.0,0.0,0.0,0.0,0.0,0.0,0.0
0.0,0.0,0.0,0.0,0.0,0.0,0.0,0.0,0.0,0.0,0.0,0.0,0.0,0.0,0.02549021446509246,0.0,0.0,0.0,0.2501420100756804,0.487467778097652,0.39212966177136893,0.1419047606949717,0.16941104340011376,0.25811338227663516,0.4914724183829325,0.685926018175282,0.0,0.03550660953822471,0.0,0.0,0.0,0.0,0.0,0.0,0.0,0.0,0.0,0.0,0.0,0.0,0.4191650414710232,1.0,0.40669005071661846,0.0,0.0,0.0,0.0,0.0,0.0,0.0,0.0,0.0,0.0,0.0,0.0,0.0,0.0,0.0,0.0,0.0,0.0,0.0,0.0,0.0,0.0,0.0,0.0,0.0,0.0,0.0,0.0,0.0,0.0,0.0,0.0,0.0,0.0,0.0,0.0,0.0,0.0,0.0,0.0,0.0,0.0,0.0,0.0,0.0
0.0,0.0,0.0,0.0,0.0,0.0,0.0,0.0,0.0,0.0,0.0,0.0,0.0,0.0,0.0,0.0,0.0,0.0,0.15869305303836517,0.25294464161537245,0.033122104735536534,0.0,0.25471527710527886,0.48503190444784733,0.6862556172836751,0.4894701472826487,0.0,0.3893290570398153,0.0,0.22327011283352086,0.0,0.0,0.0,0.0,0.0,0.0,0.0,0.0,0.0,0.0,0.0,0.40669005071661846,1.0,0.0,0.0,0.0,0.0,0.0,0.0,0.0,0.0,0.0,0.0,0.0,0.0,0.0,0.0,0.0,0.0,0.0,0.0,0.0,0.0,0.0,0.0,0.0,0.0,0.0,0.0,0.0,0.0,0.0,0.0,0.0,0.0,0.0,0.0,0.0,0.0,0.0,0.0,0.0,0.0,0.0,0.0,0.0,0.0,0.0
0.3980662647339956,0.2901041981756526,0.11968583539409874,0.042609234294848905,0.10786924763633549,0.27194997653292524,0.4245815623369945,0.2706011992805221,0.1687276943524499,0.1750984458337552,0.37536301852907733,0.1508327143885272,0.03746343376184353,0.09334697614382806,0.3758972900938846,0.12426123847421666,0.0,0.0,0.4859951038272704,0.25432807714840555,0.03154997888507376,0.0,0.6868640044900591,0.4926986488292254,0.2561464247025726,0.17052878838075688,0.0,0.39976639283950943,0.0,0.23314170670454962,0.16687484158258795,0.0,0.0,0.0,0.0,0.0,0.0,0.0,0.0,0.0,0.0,0.0,0.0,1.0,0.0,0.0,0.0,0.0,0.0,0.0,0.0,0.0,0.0,0.0,0.0,0.0,0.0,0.0,0.0,0.0,0.0,0.0,0.0,0.0,0.0,0.0,0.0,0.0,0.0,0.0,0.0,0.0,0.0,0.0,0.0,0.0,0.0,0.0,0.0,0.0,0.0,0.0,0.0,0.0,0.0,0.0,0.0,0.0
0.0,0.0,0.0,0.0,0.0,0.0,0.0,0.0,0.0,0.0,0.0,0.0,0.0,0.0,0.0,0.0,0.0,0.0,0.0,0.0,0.0,0.0,0.0,0.0,0.0,0.0,0.0,0.0,0.0,0.0,0.0,0.0,0.0,0.0,0.0,0.0,0.0,0.0,0.0,0.0,0.0,0.0,0.0,0.0,1.0,0.7383168096688553,0.5469800915500258,0.4724003556135699,0.5435445695315377,0.735021785657645,0.7298237783547752,0.5455504432270866,0.4771858763378873,0.5420707284358035,0.5221654088190341,0.2988603341187888,0.21486760156524318,0.3048914888699472,0.40780241352349245,0.17143644941984104,0.03830814275445466,0.08381849400861388,0.3838655926835575,0.16164446164502158,0.0,0.0,0.43145159188192744,0.24900202450154463,0.06563683311224103,0.03197588060993054,0.3056127282400188,0.15765122639393303,0.07161715436508116,0.006675744117080976,0.4860195033316351,0.15870528411046714,0.25014768396002063,0.24826687099053937,0.16324615199692608,0.03455807763882015,0.0,0.0,0.0,0.0,0.0,0.0,0.0,0.3980662712854025
0.0,0.0,0.0,0.0,0.0,0.0,0.0,0.0,0.0,0.0,0.0,0.0,0.0,0.0,0.0,0.0,0.0,0.0,0.0,0.0,0.0,0.0,0.0,0.0,0.0,0.0,0.0,0.0,0.0,0.0,0.0,0.0,0.0,0.0,0.0,0.0,0.0,0.0,0.0,0.0,0.0,0.0,0.0,0.0,0.7383168096688553,1.0,0.7425844697075686,0.54858780022714,0.48344970202419923,0.5500727076728621,0.5328179868283258,0.30536280595751114,0.2189419821213513,0.3080447703764638,0.43177588762092145,0.1935879497155323,0.050283361246466915,0.08937216863451448,0.4207786408627271,0.22150205688664723,0.05108048081174586,0.03281786141117832,0.431585451290429,0.2746255859739553,0.13026133893094305,0.10350216074757912,0.4127271038860653,0.2624308628561336,0.1458280777291069,0.15248283452070113,0.5479707130902439,0.1209822169192351,0.3237538046148379,0.0,0.6868695349152928,0.25472539276801925,0.16941914390288684,0.03585019597412292,0.0,0.0,0.0,0.0,0.0,0.0,0.0,0.0,0.0,0.2901041792560921
0.0,0.0,0.0,0.0,0.0,0.0,0.0,0.0,0.0,0.0,0.0,0.0,0.0,0.0,0.0,0.0,0.0,0.0,0.0,0.0,0.0,0.0,0.0,0.0,0.0,0.0,0.0,0.0,0.0,0.0,0.0,0.0,0.0,0.0,0.0,0.0,0.0,0.0,0.0,0.0,0.0,0.0,0.0,0.0,0.5469800915500258,0.7425844697075686,1.0,0.7375075087126566,0.5545992169999578,0.4813116611120708,0.2971065374647252,0.09638803051440648,0.06676589828817717,0.2178858791912025,0.17510393319059941,0.0,0.0,0.0,0.18618716068320448,0.00024903852955689604,0.0,0.0,0.2491498260637695,0.14589595237662611,0.0,0.0,0.26243591587711457,0.1863994813106429,0.10357304149493901,0.08577124096676472,0.7344824217730002,0.07702697133502166,0.4912081162906557,0.0,0.49269257600470656,0.485032805802267,0.2581120638092372,0.0,0.0,0.0,0.0,0.0,0.0,0.0,0.0,0.0,0.0,0.1196858451639597
0.0,0.0,0.0,0.0,0.0,0.0,0.0,0.0,0.0,0.0,0.0,0.0,0.0,0.0,0.0,0.0,0.0,0.0,0.0,0.0,0.0,0.0,0.0,0.0,0.0,0.0,0.0,0.0,0.0,0.0,0.0,0.0,0.0,0.0,0.0,0.0,0.0,0.0,0.0,0.0,0.0,0.0,0.0,0.0,0.4724003556135699,0.54858780022714,0.7375075087126566,1.0,0.7454798037388757,0.5489889648559496,0.2023065273212696,0.05775230597153745,0.10367443265082892,0.3090551069937141,0.019950212556348178,0.0,0.0,0.0,0.0,0.0,0.0,0.0,0.0657022100962306,0.0,0.0,0.0,0.14573488635334905,0.10343729237088492,0.0,0.0,0.5430364350328617,0.06812885414287492,0.31987777556638064,0.0,0.2561537079268575,0.6862553564241064,0.4914726953077342,0.1364665239939062,0.0,0.0,0.0,0.0,0.0,0.0,0.0,0.0,0.0,0.04260921318380924
0.0,0.0,0.0,0.0,0.0,0.0,0.0,0.0,0.0,0.0,0.0,0.0,0.0,0.0,0.0,0.0,0.0,0.0,0.0,0.0,0.0,0.0,0.0,0.0,0.0,0.0,0.0,0.0,0.0,0.0,0.0,0.0,0.0,0.0,0.0,0.0,0.0,0.0,0.0,0.0,0.0,0.0,0.0,0.0,0.5435445695315377,0.48344970202419923,0.5545992169999578,0.7454798037388757,1.0,0.7375437208799264,0.29730981289213876,0.21493731975472924,0.3141949322212011,0.5428809658581699,0.06691484430514832,0.0,0.0,0.0,0.0,0.0,0.0,0.0,0.03194539204205344,0.0,0.0,0.0,0.1522743170128349,0.08548898671631817,0.0,0.0,0.3120651898631593,0.09408578197982218,0.0780499097529229,0.01717820812753545,0.1705435963194998,0.48946972499863467,0.685925191405065,0.39003144039105586,0.03784079192346714,0.0,0.0,0.0,0.0,0.0,0.0,0.0,0.0,0.10786925406010762
0.0,0.0,0.0,0.0,0.0,0.0,0.0,0.0,0.0,0.0,0.0,0.0,0.0,0.0,0.0,0.0,0.0,0.0,0.0,0.0,0.0,0.0,0.0,0.0,0.0,0.0,0.0,0.0,0.0,0.0,0.0,0.0,0.0,0.0,0.0,0.0,0.0,0.0,0.0,0.0,0.0,0.0,0.0,0.0,0.735021785657645,0.5500727076728621,0.4813116611120708,0.5489889648559496,0.7375437208799264,1.0,0.5375621467140166,0.47659919083566366,0.5524514372575962,0.7354867184546512,0.2858614379178622,0.08634915715494383,0.0605872774540247,0.2150625767195065,0.15348199445035268,0.0,0.0,0.0,0.16157524559574263,0.0,0.0,0.0,0.27438533567722934,0.14560050929398924,0.0,0.0,0.21596239711309917,0.13201692101175663,0.0,0.03574816886647691,0.2543440523391893,0.2529409114369872,0.4874629018886324,0.48482659344952367,0.2559115951251042,0.0,0.0,0.0,0.0,0.0,0.0,0.0,0.0,0.27195003140136914
0.0,0.0,0.0,0.0,0.0,0.0,0.0,0.0,0.0,0.0,0.0,0.0,0.0,0.0,0.0,0.0,0.0,0.0,0.0,0.0,0.0,0.0,0.0,0.0,0.0,0.0,0.0,0.0,0.0,0.0,0.0,0.0,0.0,0.0,0.0,0.0,0.0,0.0,0.0,0.0,0.0,0.0,0.0,0.0,0.7298237783547752,0.5328179868283258,0.2971065374647252,0.2023065273212696,0.29730981289213876,0.5375621467140166,1.0,0.736853652479575,0.5418866308559137,0.4701911705527284,0.7308253041881576,0.5451781893973986,0.4764138208960932,0.54305471322116,0.5198514907855516,0.29352413174384223,0.2118406937749213,0.30480511280845624,0.40778855207001613,0.15350253389187934,0.01736446974200484,0.07142791881254461,0.4206728457699461,0.18607200232170645,0.0,0.0,0.08086075793931843,0.08009718506486586,0.0,0.0,0.375956648148746,0.0,0.025473604186756316,0.15641806434456973,0.24992198124444884,0.24982059801097514,0.16284523591033556,0.03539378876669963,0.0,0.0,0.0,0.0,0.0,0.4245815560210712
0.0,0.0,0.0,0.0,0.0,0.0,0.0,0.0,0.0,0.0,0.0,0.0,0.0,0.0,0.0,0.0,0.0,0.0,0.0,0.0,0.0,0.0,0.0,0.0,0.0,0.0,0.0,0.0,0.0,0.0,0.0,0.0,0.0,0.0,0.0,0.0,0.0,0.0,0.0,0.0,0.0,0.0,0.0,0.0,0.5455504432270866,0.30536280595751114,0.09638803051440648,0.05775230597153745,0.21493731975472924,0.47659919083566366,0.736853652479575,1.0,0.7348697926862867,0.5487900640077074,0.5433921862370628,0.47900534315098175,0.5523398596896658,0.7361477391926273,0.2935061604455458,0.08718076758611322,0.05937987513191128,0.2159766897101114,0.1713904510115791,0.0,0.0,0.0,0.2213616720436317,8.027074115722774e-05,0.0,0.0,0.0,0.0,0.0,0.0,0.12431033418107974,0.0,0.0,0.25240784687918455,0.4859541300427468,0.4857153652547715,0.25577012778776037,0.0,0.0,0.0,0.0,0.0,0.0,0.2706011362045291
0.0,0.0,0.0,0.0,0.0,0.0,0.0,0.0,0.0,0.0,0.0,0.0,0.0,0.0,0.0,0.0,0.0,0.0,0.0,0.0,0.0,0.0,0.0,0.0,0.0,0.0,0.0,0.0,0.0,0.0,0.0,0.0,0.0,0.0,0.0,0.0,0.0,0.0,0.0,0.0,0.0,0.0,0.0,0.0,0.4771858763378873,0.2189419821213513,0.06676589828817717,0.10367443265082892,0.3141949322212011,0.5524514372575962,0.5418866308559137,0.7348697926862867,1.0,0.7479070705060871,0.2998761355115549,0.2139644955655966,0.3124294013482575,0.5431631531258296,0.07139497310300946,0.0,0.0,0.0,0.0,0.0,0.0,0.0,0.10329269135130527,0.0,0.0,0.0,0.0,0.0,0.0,0.0,0.0,0.0,0.14187333987639444,0.49192488713591637,0.6858570030256868,0.3931571340637132,0.036581152536846503,0.0,0.0,0.0,0.0,0.0,0.0,0.1687277206288571
0.0,0.0,0.0,0.0,0.0,0.0,0.0,0.0,0.0,0.0,0.0,0.0,0.0,0.0,0.0,0.0,0.0,0.0,0.0,0.0,0.0,0.0,0.0,0.0,0.0,0.0,0.0,0.0,0.0,0.0,0.0,0.0,0.0,0.0,0.0,0.0,0.0,0.0,0.0,0.0,0.0,0.0,0.0,0.0,0.5420707284358035,0.3080447703764638,0.2178858791912025,0.3090551069937141,0.5428809658581699,0.7354867184546512,0.4701911705527284,0.5487900640077074,0.7479070705060871,1.0,0.20243828418593807,0.055721346007998974,0.1031130719390475,0.3114690483012988,0.01732109735024393,0.0,0.0,0.0,0.0,0.0,0.0,0.0,0.12999281630449125,0.0,0.0,0.0,0.0,0.020287618831728724,0.0,0.0,0.03157786421453902,0.0331048019430699,0.39210075140290457,0.6859446224763146,0.4926203501073806,0.14237849676982078,0.0,0.0,0.0,0.0,0.0,0.0,0.0,0.1750985217951116
0.0,0.0,0.0,0.0,0.0,0.0,0.0,0.0,0.0,0.0,0.0,0.0,0.0,0.0,0.0,0.0,0.0,0.0,0.0,0.0,0.0,0.0,0.0,0.0,0.0,0.0,0.0,0.0,0.0,0.0,0.0,0.0,0.0,0.0,0.0,0.0,0.0,0.0,0.0,0.0,0.0,0.0,0.0,0.0,0.5221654088190341,0.43177588762092145,0.17510393319059941,0.019950212556348178,0.06691484430514832,0.2858614379178622,0.7308253041881576,0.5433921862370628,0.2998761355115549,0.20243828418593807,1.0,0.7354308186848224,0.5421403375650107,0.4746485966454274,0.7308282356154223,0.5434001264147207,0.4746543317684078,0.542143303228475,0.5221679239061024,0.285877916685217,0.2024618726802225,0.2998904230082682,0.4317336455516558,0.17506044439821639,0.019921618110738504,0.06691294673568708,0.012246109446244366,0.012187179191904488,0.0,0.0,0.3754645182202294,0.0,0.0,0.0,0.03130692893847363,0.16109531214154732,0.24914214866803266,0.24914307253686438,0.16110185842692876,0.03132025774003223,0.0,0.0,0.0,0.375363016016513
0.0,0.0,0.0,0.0,0.0,0.0,0.0,0.0,0.0,0.0,0.0,0.0,0.0,0.0,0.0,0.0,0.0,0.0,0.0,0.0,0.0,0.0,0.0,0.0,0.0,0.0,0.0,0.0,0.0,0.0,0.0,0.0,0.0,0.0,0.0,0.0,0.0,0.0,0.0,0.0,0.0,0.0,0.0,0.0,0.2988603341187888,0.1935879497155323,0.0,0.0,0.0,0.08634915715494383,0.5451781893973986,0.47900534315098175,0.2139644955655966,0.055721346007998974,0.7354308186848224,1.0,0.7361612969196768,0.5512984585663372,0.5451758724958883,0.4790010833966622,0.5512981157719438,0.7361611909475626,0.2988589101587183,0.08634813047246932,0.055722084991442794,0.2139607481075092,0.19355838186417815,0.0,0.0,0.0,0.0,0.0,0.0,0.0,0.15091015234477478,0.0,0.0,0.0,0.0,0.254660302340008,0.4862238083218838,0.48622278093642846,0.2546595969100586,0.0,0.0,0.0,0.0,0.15083264259515247
