1.0,0.7383171292028815,0.5469827119677392,0.47239662734603655,0.54354036226552,0.7350218079928024,0.729824604189733,0.5455511226470773,0.47718346914523285,0.5420696455826756,0.522151627229017,0.29883363976817356,0.21485116554381373,0.30488561448307544,0.407778572091973,0.17137470630594814,0.03824373094128933,0.08377159178370555,0.383907321509575,0.161661365995024,0.0,0.0,0.4316655173426174,0.2492936233157171,0.06585275638804922,0.032072214215125336,0.3056215373350328,0.15806662037701108,0.07163071665923094,0.007169394751914158,0.4860123101108268,0.15870361585487988,0.25014530211435326,0.2482683016768691,0.16324695381361715,0.034560125265764366,0.0,0.0,0.0,0.0,0.0,0.0,0.0,0.3983686775721062,0.0,0.0,0.0,0.0,0.0,0.0,0.0,0.0,0.0,0.0,0.0,0.0,0.0,0.0,0.0,0.0,0.0,0.0,0.0,0.0,0.0,0.0,0.0,0.0,0.0,0.0,0.0,0.0,0.0,0.0,0.0,0.0,0.0,0.0,0.0,0.0,0.0,0.0,0.0,0.0,0.0,0.0,0.0,0.0
0.7383171292028815,1.0,0.7425853295412499,0.5485839650719931,0.4834478306536241,0.5500750849245798,0.5328089936695526,0.3053565531008804,0.21893935160009814,0.3080459435699656,0.4317299960509642,0.19352588073794585,0.050241377458908165,0.08935209894367802,0.42069435444613856,0.22136114634934687,0.05094853894637621,0.03271941014084333,0.4315913016002524,0.2745967431396657,0.13014061299595472,0.1033435276388777,0.4129368135586622,0.2627527867550707,0.1460714240495319,0.1525670890117646,0.5479821698154299,0.12143411948514919,0.3237704002876755,0.0,0.6868664945524683,0.25472492091666177,0.16941788053465945,0.03585590094583064,0.0,0.0,0.0,0.0,0.0,0.0,0.0,0.0,0.0,0.29037103369832484,0.0,0.0,0.0,0.0,0.0,0.0,0.0,0.0,0.0,0.0,0.0,0.0,0.0,0.0,0.0,0.0,0.0,0.0,0.0,0.0,0.0,0.0,0.0,0.0,0.0,0.0,0.0,0.0,0.0,0.0,0.0,0.0,0.0,0.0,0.0,0.0,0.0,0.0,0.0,0.0,0.0,0.0,0.0,0.0
0.5469827119677392,0.7425853295412499,1.0,0.7375071259820846,0.5546028283334453,0.4813180220317725,0.2971026861902905,0.09638329643184068,0.06676694945022263,0.21789180424508428,0.1750668543919214,0.0,0.0,0.0,0.18612597597847558,0.0001052649675001602,0.0,0.0,0.24921425830513766,0.1459215302129396,0.0,0.0,0.2627484286868068,0.18690436476770236,0.103989974184171,0.08595798885685668,0.7344819133232744,0.07772720364215732,0.49120903794776766,0.0,0.49269373234476244,0.48503452933930197,0.25811437427322104,0.0,0.0,0.0,0.0,0.0,0.0,0.0,0.0,0.0,0.0,0.12003859556781162,0.0,0.0,0.0,0.0,0.0,0.0,0.0,0.0,0.0,0.0,0.0,0.0,0.0,0.0,0.0,0.0,0.0,0.0,0.0,0.0,0.0,0.0,0.0,0.0,0.0,0.0,0.0,0.0,0.0,0.0,0.0,0.0,0.0,0.0,0.0,0.0,0.0,0.0,0.0,0.0,0.0,0.0,0.0,0.0
0.47239662734603655,0.5485839650719931,0.7375071259820846,1.0,0.7454816576644155,0.5489900946061445,0.20230370008747323,0.05774805781891173,0.10367508164456125,0.30905907538989763,0.019927063529266615,0.0,0.0,0.0,0.0,0.0,0.0,0.0,0.06580959605278659,0.0,0.0,0.0,0.1461084831594411,0.10404546824450038,0.0,0.0,0.5430286953492846,0.06901601273259293,0.3198685223812854,0.0,0.256149963748677,0.6862573244689854,0.49147348192524243,0.13647905499889626,0.0,0.0,0.0,0.0,0.0,0.0,0.0,0.0,0.0,0.04302949833085512,0.0,0.0,0.0,0.0,0.0,0.0,0.0,0.0,0.0,0.0,0.0,0.0,0.0,0.0,0.0,0.0,0.0,0.0,0.0,0.0,0.0,0.0,0.0,0.0,0.0,0.0,0.0,0.0,0.0,0.0,0.0,0.0,0.0,0.0,0.0,0.0,0.0,0.0,0.0,0.0,0.0,0.0,0.0,0.0
0.54354036226552,0.4834478306536241,0.5546028283334453,0.7454816576644155,1.0,0.7375422843811599,0.2973114944834504,0.21493753128275941,0.31419731499603915,0.5428844900386532,0.06690754865749458,0.0,0.0,0.0,0.0,0.0,0.0,0.0,0.032065275902935855,0.0,0.0,0.0,0.15264442231303593,0.08606209414275705,0.0,0.0,0.3120622221727464,0.09494721421906656,0.07804535109129183,0.01824374249179053,0.1705380814366536,0.4894705616100509,0.6859257543337643,0.39004295203781775,0.037846619307328196,0.0,0.0,0.0,0.0,0.0,0.0,0.0,0.0,0.10830755452266251,0.0,0.0,0.0,0.0,0.0,0.0,0.0,0.0,0.0,0.0,0.0,0.0,0.0,0.0,0.0,0.0,0.0,0.0,0.0,0.0,0.0,0.0,0.0,0.0,0.0,0.0,0.0,0.0,0.0,0.0,0.0,0.0,0.0,0.0,0.0,0.0,0.0,0.0,0.0,0.0,0.0,0.0,0.0,0.0
0.7350218079928024,0.5500750849245798,0.4813180220317725,0.5489900946061445,0.7375422843811599,1.0,0.5375684576119721,0.4766026865802026,0.5524521125477598,0.735487034363762,0.2858635360894051,0.08632763350702835,0.06057023050313069,0.21505769929337207,0.1534930003028431,0.0,0.0,0.0,0.1616754696139759,0.0,0.0,0.0,0.2746934856767193,0.14603799188435573,0.0,0.0,0.2159668043714188,0.13266040310917476,0.0,0.03653042208212436,0.25433887492581103,0.25294181036090924,0.48746254314642884,0.4848300728674155,0.2559148190380005,0.0,0.0,0.0,0.0,0.0,0.0,0.0,0.0,0.2723504055449273,0.0,0.0,0.0,0.0,0.0,0.0,0.0,0.0,0.0,0.0,0.0,0.0,0.0,0.0,0.0,0.0,0.0,0.0,0.0,0.0,0.0,0.0,0.0,0.0,0.0,0.0,0.0,0.0,0.0,0.0,0.0,0.0,0.0,0.0,0.0,0.0,0.0,0.0,0.0,0.0,0.0,0.0,0.0,0.0
0.729824604189733,0.5328089936695526,0.2971026861902905,0.20230370008747323,0.2973114944834504,0.5375684576119721,1.0,0.7368532463739481,0.5418850434078853,0.4701966395243779,0.7308212728799867,0.5451699455178299,0.476409616624268,0.5430513395375929,0.519845036577839,0.29350336322772097,0.21181807553277476,0.30479014870763627,0.4078022467365301,0.1535075874213299,0.017345380359269563,0.07140190445188309,0.4207668366608613,0.18619692756048015,0.0,0.0,0.08086240351223932,0.08028093189100508,0.0,0.0,0.3759314877956268,0.0,0.02547981699813213,0.1564248662539333,0.24992236467276147,0.2498225339593223,0.16283835292487472,0.03537994441031603,0.0,0.0,0.0,0.0,0.0,0.4247418742277941,0.0,0.0,0.0,0.0,0.0,0.0,0.0,0.0,0.0,0.0,0.0,0.0,0.0,0.0,0.0,0.0,0.0,0.0,0.0,0.0,0.0,0.0,0.0,0.0,0.0,0.0,0.0,0.0,0.0,0.0,0.0,0.0,0.0,0.0,0.0,0.0,0.0,0.0,0.0,0.0,0.0,0.0,0.0,0.0
0.5455511226470773,0.3053565531008804,0.09638329643184068,0.05774805781891173,0.21493753128275941,0.4766026865802026,0.7368532463739481,1.0,0.7348698219281387,0.5487945876204534,0.5433948066369919,0.4790033986359202,0.5523398312039106,0.7361469525141726,0.29351628742049307,0.08717947594535837,0.059370013790027626,0.21597125544157403,0.17141497794925237,0.0,0.0,0.0,0.22145023004418615,0.00020058638886618257,0.0,0.0,0.0,0.0,0.0,0.0,0.12428749998591049,0.0,0.0,0.25241074037020633,0.48595466860475395,0.48572006786498845,0.255766768277977,0.0,0.0,0.0,0.0,0.0,0.0,0.27074191028690026,0.0,0.0,0.0,0.0,0.0,0.0,0.0,0.0,0.0,0.0,0.0,0.0,0.0,0.0,0.0,0.0,0.0,0.0,0.0,0.0,0.0,0.0,0.0,0.0,0.0,0.0,0.0,0.0,0.0,0.0,0.0,0.0,0.0,0.0,0.0,0.0,0.0,0.0,0.0,0.0,0.0,0.0,0.0,0.0
0.47718346914523285,0.21893935160009814,0.06676694945022263,0.10367508164456125,0.31419731499603915,0.5524521125477598,0.5418850434078853,0.7348698219281387,1.0,0.7479087784788923,0.29988154302091297,0.21396107907571218,0.3124281875490945,0.5431651406592887,0.07141475028041912,0.0,0.0,0.0,0.0,0.0,0.0,0.0,0.10345060325221722,0.0,0.0,0.0,0.0,0.0,0.0,0.0,0.0,0.0,0.1418807978565484,0.4919246852929355,0.685860205862555,0.39316746995533103,0.03657535274674252,0.0,0.0,0.0,0.0,0.0,0.0,0.16894776925626834,0.0,0.0,0.0,0.0,0.0,0.0,0.0,0.0,0.0,0.0,0.0,0.0,0.0,0.0,0.0,0.0,0.0,0.0,0.0,0.0,0.0,0.0,0.0,0.0,0.0,0.0,0.0,0.0,0.0,0.0,0.0,0.0,0.0,0.0,0.0,0.0,0.0,0.0,0.0,0.0,0.0,0.0,0.0,0.0
0.5420696455826756,0.3080459435699656,0.21789180424508428,0.30905907538989763,0.5428844900386532,0.735487034363762,0.4701966395243779,0.5487945876204534,0.7479087784788923,1.0,0.2024495131456881,0.05571385944833278,0.10310645536795138,0.31146974076441303,0.017349990251560834,0.0,0.0,0.0,0.0,0.0,0.0,0.0,0.13025368035311566,0.0,0.0,0.0,0.0,0.020840692256809977,0.0,0.0,0.031568351307681056,0.03310840913345629,0.3921076682096101,0.6859449942143753,0.49262386274714415,0.1423863581911148,0.0,0.0,0.0,0.0,0.0,0.0,0.0,0.17544058988971217,0.0,0.0,0.0,0.0,0.0,0.0,0.0,0.0,0.0,0.0,0.0,0.0,0.0,0.0,0.0,0.0,0.0,0.0,0.0,0.0,0.0,0.0,0.0,0.0,0.0,0.0,0.0,0.0,0.0,0.0,0.0,0.0,0.0,0.0,0.0,0.0,0.0,0.0,0.0,0.0,0.0,0.0,0.0,0.0
0.522151627229017,0.4317299960509642,0.1750668543919214,0.019927063529266615,0.06690754865749458,0.2858635360894051,0.7308212728799867,0.5433948066369919,0.29988154302091297,0.2024495131456881,1.0,0.735427962461856,0.5421377368014672,0.4746475723555403,0.7308271929703812,0.5433957883185108,0.4746477659516276,0.5421376249021472,0.5221650610910581,0.2858739981028824,0.20245234383095714,0.2998824082275225,0.43175852316229457,0.1750923696131557,0.019948870464098992,0.06692258175046274,0.012211666931404996,0.012237977054117574,0.0,0.0,0.3753862611781818,0.0,0.0,0.0,0.03131655568520755,0.16109794573578548,0.24913793380926177,0.24913770903582066,0.16109676116013935,0.03131372613978046,0.0,0.0,0.0,0.37542545677958017,0.0,0.0,0.0,0.0,0.0,0.0,0.0,0.0,0.0,0.0,0.0,0.0,0.0,0.0,0.0,0.0,0.0,0.0,0.0,0.0,0.0,0.0,0.0,0.0,0.0,0.0,0.0,0.0,0.0,0.0,0.0,0.0,0.0,0.0,0.0,0.0,0.0,0.0,0.0,0.0,0.0,0.0,0.0,0.0
0.29883363976817356,0.19352588073794585,0.0,0.0,0.0,0.08632763350702835,0.5451699455178299,0.4790033986359202,0.21396107907571218,0.05571385944833278,0.735427962461856,1.0,0.7361598409755248,0.5512980662455996,0.54517713942445,0.479006272008796,0.5512982716225976,0.7361616823086502,0.29884763460993874,0.08633868635312236,0.0557168841845893,0.21396171984384227,0.1935507557694277,0.0,0.0,0.0,0.0,0.0,0.0,0.0,0.1508213198995105,0.0,0.0,0.0,0.0,0.2546607238667207,0.48622204716707434,0.48622160194914255,0.25466099470898224,0.0,0.0,0.0,0.0,0.15085336140026084,0.0,0.0,0.0,0.0,0.0,0.0,0.0,0.0,0.0,0.0,0.0,0.0,0.0,0.0,0.0,0.0,0.0,0.0,0.0,0.0,0.0,0.0,0.0,0.0,0.0,0.0,0.0,0.0,0.0,0.0,0.0,0.0,0.0,0.0,0.0,0.0,0.0,0.0,0.0,0.0,0.0,0.0,0.0,0.0
0.21485116554381373,0.050241377458908165,0.0,0.0,0.0,0.06057023050313069,0.476409616624268,0.5523398312039106,0.3124281875490945,0.10310645536795138,0.5421377368014672,0.7361598409755248,1.0,0.7473502283762977,0.3048018378131133,0.21597559088604382,0.31196487492557506,0.5435067016369494,0.08379768781010741,0.0,0.0,0.0,0.032765331876811084,0.0,0.0,0.0,0.0,0.0,0.0,0.0,0.0,0.0,0.0,0.0,0.14253941378254711,0.4913808826929701,0.6858843579918972,0.3933478180342641,0.035353786937202585,0.0,0.0,0.0,0.0,0.03748587135514933,0.0,0.0,0.0,0.0,0.0,0.0,0.0,0.0,0.0,0.0,0.0,0.0,0.0,0.0,0.0,0.0,0.0,0.0,0.0,0.0,0.0,0.0,0.0,0.0,0.0,0.0,0.0,0.0,0.0,0.0,0.0,0.0,0.0,0.0,0.0,0.0,0.0,0.0,0.0,0.0,0.0,0.0,0.0,0.0
0.30488561448307544,0.08935209894367802,0.0,0.0,0.0,0.21505769929337207,0.5430513395375929,0.7361469525141726,0.5431651406592887,0.31146974076441303,0.4746475723555403,0.5512980662455996,0.7473502283762977,1.0,0.2118342002515761,0.05937753893855399,0.10276945531140799,0.3119672520956681,0.03828166821321703,0.0,0.0,0.0,0.051018651591944554,0.0,0.0,0.0,0.0,0.0,0.0,0.0,0.0,0.0,0.0,0.03564603848959345,0.39421421004792206,0.6859160023174253,0.4914719462982564,0.14154389902460143,0.0,0.0,0.0,0.0,0.0,0.09340620647353201,0.0,0.0,0.0,0.0,0.0,0.0,0.0,0.0,0.0,0.0,0.0,0.0,0.0,0.0,0.0,0.0,0.0,0.0,0.0,0.0,0.0,0.0,0.0,0.0,0.0,0.0,0.0,0.0,0.0,0.0,0.0,0.0,0.0,0.0,0.0,0.0,0.0,0.0,0.0,0.0,0.0,0.0,0.0,0.0
0.407778572091973,0.42069435444613856,0.18612597597847558,0.0,0.0,0.1534930003028431,0.519845036577839,0.29351628742049307,0.07141475028041912,0.017349990251560834,0.7308271929703812,0.54517713942445,0.3048018378131133,0.2118342002515761,1.0,0.7368531540586604,0.5430539774250298,0.4764123302620546,0.7298279299407707,0.5375704102780496,0.47019500322914975,0.5418846782352759,0.5328178172951527,0.29710931569314675,0.2023102469240868,0.2973152944201577,0.08019315471249237,0.08086770291861707,0.0,0.0,0.4246272441432287,0.0,0.0,0.0,0.0,0.0,0.03539295286698179,0.1628441168736927,0.2498220140514528,0.24991967548476884,0.15642423888787962,0.025481824600234963,0.0,0.37594274752406376,0.0,0.0,0.0,0.0,0.0,0.0,0.0,0.0,0.0,0.0,0.0,0.0,0.0,0.0,0.0,0.0,0.0,0.0,0.0,0.0,0.0,0.0,0.0,0.0,0.0,0.0,0.0,0.0,0.0,0.0,0.0,0.0,0.0,0.0,0.0,0.0,0.0,0.0,0.0,0.0,0.0,0.0,0.0,0.0
0.17137470630594814,0.22136114634934687,0.0001052649675001602,0.0,0.0,0.0,0.29350336322772097,0.08717947594535837,0.0,0.0,0.5433957883185108,0.479006272008796,0.21597559088604382,0.05937753893855399,0.7368531540586604,1.0,0.7361487836022972,0.552338889190985,0.5455526977578992,0.476601592174961,0.5487908540089258,0.7348674698656169,0.3053587665517681,0.09638294017019235,0.05774837972175636,0.21493638609203394,0.0,0.0,0.0,0.0,0.2706143158813108,0.0,0.0,0.0,0.0,0.0,0.0,0.255770380858977,0.4857182724612732,0.48595151864994507,0.25240761831607644,0.0,0.0,0.12429091287954008,0.0,0.0,0.0,0.0,0.0,0.0,0.0,0.0,0.0,0.0,0.0,0.0,0.0,0.0,0.0,0.0,0.0,0.0,0.0,0.0,0.0,0.0,0.0,0.0,0.0,0.0,0.0,0.0,0.0,0.0,0.0,0.0,0.0,0.0,0.0,0.0,0.0,0.0,0.0,0.0,0.0,0.0,0.0,0.0
0.03824373094128933,0.05094853894637621,0.0,0.0,0.0,0.0,0.21181807553277476,0.059370013790027626,0.0,0.0,0.4746477659516276,0.5512982716225976,0.31196487492557506,0.10276945531140799,0.5430539774250298,0.7361487836022972,1.0,0.7473463822070185,0.3048897626282291,0.21505817725904405,0.31146628077816496,0.5431617228738761,0.0893571898837656,0.0,0.0,0.0,0.0,0.0,0.0,0.0,0.09331585186829934,0.0,0.0,0.0,0.0,0.0,0.14154673271343235,0.4914725713464519,0.6859149881146901,0.39420970333558886,0.035642119404886645,0.0,0.0,0.0,0.0,0.0,0.0,0.0,0.0,0.0,0.0,0.0,0.0,0.0,0.0,0.0,0.0,0.0,0.0,0.0,0.0,0.0,0.0,0.0,0.0,0.0,0.0,0.0,0.0,0.0,0.0,0.0,0.0,0.0,0.0,0.0,0.0,0.0,0.0,0.0,0.0,0.0,0.0,0.0,0.0,0.0,0.0,0.0
0.08377159178370555,0.03271941014084333,0.0,0.0,0.0,0.0,0.30479014870763627,0.21597125544157403,0.0,0.0,0.5421376249021472,0.7361616823086502,0.5435067016369494,0.3119672520956681,0.4764123302620546,0.552338889190985,0.7473463822070185,1.0,0.21485743119141135,0.060572516048052735,0.10310225083446885,0.3124226991245394,0.05025278002422448,0.0,0.0,0.0,0.0,0.0,0.0,0.0,0.03742838864821666,0.0,0.0,0.0,0.0,0.035356521352684446,0.3933535197836086,0.6858869130512625,0.4913788660612428,0.1425316223170868,0.0,0.0,0.0,0.0,0.0,0.0,0.0,0.0,0.0,0.0,0.0,0.0,0.0,0.0,0.0,0.0,0.0,0.0,0.0,0.0,0.0,0.0,0.0,0.0,0.0,0.0,0.0,0.0,0.0,0.0,0.0,0.0,0.0,0.0,0.0,0.0,0.0,0.0,0.0,0.0,0.0,0.0,0.0,0.0,0.0,0.0,0.0,0.0
0.383907321509575,0.4315913016002524,0.24921425830513766,0.06580959605278659,0.032065275902935855,0.1616754696139759,0.4078022467365301,0.17141497794925237,0.0,0.0,0.5221650610910581,0.29884763460993874,0.08379768781010741,0.03828166821321703,0.7298279299407707,0.5455526977578992,0.3048897626282291,0.21485743119141135,1.0,0.7350233558272916,0.5420690878815579,0.47718515604662626,0.7383183526283802,0.5469841394642859,0.47240001290473677,0.5435429453924558,0.15795011442261223,0.30562141980664176,0.007019115729236195,0.07163199452031833,0.398236170950129,0.0,0.0,0.0,0.0,0.0,0.0,0.0,0.03455959190489795,0.16324533823249313,0.24826853869867632,0.25014734985810594,0.15870501364873296,0.486011801922851,0.0,0.0,0.0,0.0,0.0,0.0,0.0,0.0,0.0,0.0,0.0,0.0,0.0,0.0,0.0,0.0,0.0,0.0,0.0,0.0,0.0,0.0,0.0,0.0,0.0,0.0,0.0,0.0,0.0,0.0,0.0,0.0,0.0,0.0,0.0,0.0,0.0,0.0,0.0,0.0,0.0,0.0,0.0,0.0
0.161661365995024,0.2745967431396657,0.1459215302129396,0.0,0.0,0.0,0.1535075874213299,0.0,0.0,0.0,0.2858739981028824,0.08633868635312236,0.0,0.0,0.5375704102780496,0.476601592174961,0.21505817725904405,0.060572516048052735,0.7350233558272916,1.0,0.7354849197434528,0.5524517009078218,0.5500734747544741,0.4813168182016904,0.5489904197144343,0.7375426942184818,0.13248274912419603,0.21596537467498364,0.03629777625441296,0.0,0.27219199643104447,0.0,0.0,0.0,0.0,0.0,0.0,0.0,0.0,0.25591018542991917,0.484828208219972,0.48746237730865677,0.25294050632894716,0.2543352418502533,0.0,0.0,0.0,0.0,0.0,0.0,0.0,0.0,0.0,0.0,0.0,0.0,0.0,0.0,0.0,0.0,0.0,0.0,0.0,0.0,0.0,0.0,0.0,0.0,0.0,0.0,0.0,0.0,0.0,0.0,0.0,0.0,0.0,0.0,0.0,0.0,0.0,0.0,0.0,0.0,0.0,0.0,0.0,0.0
0.0,0.13014061299595472,0.0,0.0,0.0,0.0,0.017345380359269563,0.0,0.0,0.0,0.20245234383095714,0.0557168841845893,0.0,0.0,0.47019500322914975,0.5487908540089258,0.31146628077816496,0.10310225083446885,0.5420690878815579,0.7354849197434528,1.0,0.7479080508198911,0.3080418575299342,0.2178869596579974,0.3090558321524987,0.5428819051873531,0.020644394556634884,0.0,0.0,0.0,0.17527318430515867,0.0,0.0,0.0,0.0,0.0,0.0,0.0,0.14237690849379092,0.4926197400489247,0.6859460718809139,0.3921045715159141,0.03310356545589257,0.03156260073089034,0.0,0.0,0.0,0.0,0.0,0.0,0.0,0.0,0.0,0.0,0.0,0.0,0.0,0.0,0.0,0.0,0.0,0.0,0.0,0.0,0.0,0.0,0.0,0.0,0.0,0.0,0.0,0.0,0.0,0.0,0.0,0.0,0.0,0.0,0.0,0.0,0.0,0.0,0.0,0.0,0.0,0.0,0.0,0.0
0.0,0.1033435276388777,0.0,0.0,0.0,0.0,0.07140190445188309,0.0,0.0,0.0,0.2998824082275225,0.21396171984384227,0.0,0.0,0.5418846782352759,0.7348674698656169,0.5431617228738761,0.3124226991245394,0.47718515604662626,0.5524517009078218,0.7479080508198911,1.0,0.21893825424354452,0.06676378414973622,0.10367327844850574,0.31419557610530147,0.0,0.0,0.0,0.0,0.16879535636802967,0.0,0.0,0.0,0.0,0.0,0.0,0.036574456485237015,0.39315856004760413,0.6858568574320922,0.49192398220900185,0.14187734111818287,0.0,0.0,0.0,0.0,0.0,0.0,0.0,0.0,0.0,0.0,0.0,0.0,0.0,0.0,0.0,0.0,0.0,0.0,0.0,0.0,0.0,0.0,0.0,0.0,0.0,0.0,0.0,0.0,0.0,0.0,0.0,0.0,0.0,0.0,0.0,0.0,0.0,0.0,0.0,0.0,0.0,0.0,0.0,0.0,0.0,0.0
0.4316655173426174,0.4129368135586622,0.2627484286868068,0.1461084831594411,0.15264442231303593,0.2746934856767193,0.4207668366608613,0.22145023004418615,0.10345060325221722,0.13025368035311566,0.43175852316229457,0.1935507557694277,0.032765331876811084,0.051018651591944554,0.5328178172951527,0.3053587665517681,0.0893571898837656,0.05025278002422448,0.7383183526283802,0.5500734747544741,0.3080418575299342,0.21893825424354452,1.0,0.7425831127534326,0.548583133038239,0.48344589221291856,0.12138505906054388,0.5479787141395673,0.0,0.32376915344860574,0.2903136868661532,0.0,0.0,0.0,0.0,0.0,0.0,0.0,0.0,0.0,0.035851520229846105,0.1694160503123672,0.2547222165857753,0.6868637378461844,0.0,0.0,0.0,0.0,0.0,0.0,0.0,0.0,0.0,0.0,0.0,0.0,0.0,0.0,0.0,0.0,0.0,0.0,0.0,0.0,0.0,0.0,0.0,0.0,0.0,0.0,0.0,0.0,0.0,0.0,0.0,0.0,0.0,0.0,0.0,0.0,0.0,0.0,0.0,0.0,0.0,0.0,0.0,0.0
0.2492936233157171,0.2627527867550707,0.18690436476770236,0.10404546824450038,0.08606209414275705,0.14603799188435573,0.18619692756048015,0.00020058638886618257,0.0,0.0,0.1750923696131557,0.0,0.0,0.0,0.29710931569314675,0.09638294017019235,0.0,0.0,0.5469841394642859,0.4813168182016904,0.2178869596579974,0.06676378414973622,0.7425831127534326,1.0,0.7375080810090944,0.5546018799101244,0.0776671520604923,0.734481927509377,0.0,0.49121016424393465,0.11998149654344269,0.0,0.0,0.0,0.0,0.0,0.0,0.0,0.0,0.0,0.0,0.2581140779886254,0.48503418651785396,0.4926866191493814,0.0,0.0,0.0,0.0,0.0,0.0,0.0,0.0,0.0,0.0,0.0,0.0,0.0,0.0,0.0,0.0,0.0,0.0,0.0,0.0,0.0,0.0,0.0,0.0,0.0,0.0,0.0,0.0,0.0,0.0,0.0,0.0,0.0,0.0,0.0,0.0,0.0,0.0,0.0,0.0,0.0,0.0,0.0,0.0
0.06585275638804922,0.1460714240495319,0.103989974184171,0.0,0.0,0.0,0.0,0.0,0.0,0.0,0.019948870464098992,0.0,0.0,0.0,0.2023102469240868,0.05774837972175636,0.0,0.0,0.47240001290473677,0.5489904197144343,0.3090558321524987,0.10367327844850574,0.548583133038239,0.7375080810090944,1.0,0.7454810812774647,0.06888640333650356,0.5430308360641042,0.0,0.3198705241336004,0.042934220993635475,0.0,0.0,0.0,0.0,0.0,0.0,0.0,0.0,0.0,0.13647387671641031,0.49147333809139343,0.6862553365266515,0.2561448059198251,0.0,0.0,0.0,0.0,0.0,0.0,0.0,0.0,0.0,0.0,0.0,0.0,0.0,0.0,0.0,0.0,0.0,0.0,0.0,0.0,0.0,0.0,0.0,0.0,0.0,0.0,0.0,0.0,0.0,0.0,0.0,0.0,0.0,0.0,0.0,0.0,0.0,0.0,0.0,0.0,0.0,0.0,0.0,0.0
0.032072214215125336,0.1525670890117646,0.08595798885685668,0.0,0.0,0.0,0.0,0.0,0.0,0.0,0.06692258175046274,0.0,0.0,0.0,0.2973152944201577,0.21493638609203394,0.0,0.0,0.5435429453924558,0.7375426942184818,0.5428819051873531,0.31419557610530147,0.48344589221291856,0.5546018799101244,0.7454810812774647,1.0,0.09476486863698967,0.31206216477605114,0.017985474289035568,0.07804526229736522,0.10817270511728805,0.0,0.0,0.0,0.0,0.0,0.0,0.0,0.0,0.0378397165919406,0.39003866065186976,0.6859259145373783,0.4894688631481192,0.17053279088944392,0.0,0.0,0.0,0.0,0.0,0.0,0.0,0.0,0.0,0.0,0.0,0.0,0.0,0.0,0.0,0.0,0.0,0.0,0.0,0.0,0.0,0.0,0.0,0.0,0.0,0.0,0.0,0.0,0.0,0.0,0.0,0.0,0.0,0.0,0.0,0.0,0.0,0.0,0.0,0.0,0.0,0.0,0.0,0.0
0.3056215373350328,0.5479821698154299,0.7344819133232744,0.5430286953492846,0.3120622221727464,0.2159668043714188,0.08086240351223932,0.0,0.0,0.0,0.012211666931404996,0.0,0.0,0.0,0.08019315471249237,0.0,0.0,0.0,0.15795011442261223,0.13248274912419603,0.020644394556634884,0.0,0.12138505906054388,0.0776671520604923,0.06888640333650356,0.09476486863698967,1.0,0.0,0.7567255409589281,0.0,0.3997619655829034,0.3893154356309484,0.03549951488208724,0.0,0.0,0.0,0.0,0.0,0.0,0.0,0.0,0.0,0.0,0.0,0.0,0.0,0.0,0.0,0.0,0.0,0.0,0.0,0.0,0.0,0.0,0.0,0.0,0.0,0.0,0.0,0.0,0.0,0.0,0.0,0.0,0.0,0.0,0.0,0.0,0.0,0.0,0.0,0.0,0.0,0.0,0.0,0.0,0.0,0.0,0.0,0.0,0.0,0.0,0.0,0.0,0.0,0.0,0.0
0.15806662037701108,0.12143411948514919,0.07772720364215732,0.06901601273259293,0.09494721421906656,0.13266040310917476,0.08028093189100508,0.0,0.0,0.020840692256809977,0.012237977054117574,0.0,0.0,0.0,0.08086770291861707,0.0,0.0,0.0,0.30562141980664176,0.21596537467498364,0.0,0.0,0.5479787141395673,0.734481927509377,0.5430308360641042,0.31206216477605114,0.0,1.0,0.0,0.7567266323103454,0.0,0.0,0.0,0.0,0.0,0.0,0.0,0.0,0.0,0.0,0.0,0.03550069846298309,0.38931841201276063,0.39975162833006866,0.0,0.0,0.0,0.0,0.0,0.0,0.0,0.0,0.0,0.0,0.0,0.0,0.0,0.0,0.0,0.0,0.0,0.0,0.0,0.0,0.0,0.0,0.0,0.0,0.0,0.0,0.0,0.0,0.0,0.0,0.0,0.0,0.0,0.0,0.0,0.0,0.0,0.0,0.0,0.0,0.0,0.0,0.0,0.0
0.07163071665923094,0.3237704002876755,0.49120903794776766,0.3198685223812854,0.07804535109129183,0.0,0.0,0.0,0.0,0.0,0.0,0.0,0.0,0.0,0.0,0.0,0.0,0.0,0.007019115729236195,0.03629777625441296,0.0,0.0,0.0,0.0,0.0,0.017985474289035568,0.7567255409589281,0.0,1.0,0.0,0.23314190992348438,0.2232470098947263,0.0,0.0,0.0,0.0,0.0,0.0,0.0,0.0,0.0,0.0,0.0,0.0,0.0,0.0,0.0,0.0,0.0,0.0,0.0,0.0,0.0,0.0,0.0,0.0,0.0,0.0,0.0,0.0,0.0,0.0,0.0,0.0,0.0,0.0,0.0,0.0,0.0,0.0,0.0,0.0,0.0,0.0,0.0,0.0,0.0,0.0,0.0,0.0,0.0,0.0,0.0,0.0,0.0,0.0,0.0,0.0
0.007169394751914158,0.0,0.0,0.0,0.01824374249179053,0.03653042208212436,0.0,0.0,0.0,0.0,0.0,0.0,0.0,0.0,0.0,0.0,0.0,0.0,0.07163199452031833,0.0,0.0,0.0,0.32376915344860574,0.49121016424393465,0.3198705241336004,0.07804526229736522,0.0,0.7567266323103454,0.0,1.0,0.0,0.0,0.0,0.0,0.0,0.0,0.0,0.0,0.0,0.0,0.0,0.0,0.223250046819147,0.23313389993147127,0.0,0.0,0.0,0.0,0.0,0.0,0.0,0.0,0.0,0.0,0.0,0.0,0.0,0.0,0.0,0.0,0.0,0.0,0.0,0.0,0.0,0.0,0.0,0.0,0.0,0.0,0.0,0.0,0.0,0.0,0.0,0.0,0.0,0.0,0.0,0.0,0.0,0.0,0.0,0.0,0.0,0.0,0.0,0.0
0.4860123101108268,0.6868664945524683,0.49269373234476244,0.256149963748677,0.1705380814366536,0.25433887492581103,0.3759314877956268,0.12428749998591049,0.0,0.031568351307681056,0.3753862611781818,0.1508213198995105,0.0,0.0,0.4246272441432287,0.2706143158813108,0.09331585186829934,0.03742838864821666,0.398236170950129,0.27219199643104447,0.17527318430515867,0.16879535636802967,0.2903136868661532,0.11998149654344269,0.042934220993635475,0.10817270511728805,0.3997619655829034,0.0,0.23314190992348438,0.0,1.0,0.0,0.0,0.0,0.0,0.0,0.0,0.0,0.0,0.0,0.0,0.0,0.0,0.16707260144277078,0.0,0.0,0.0,0.0,0.0,0.0,0.0,0.0,0.0,0.0,0.0,0.0,0.0,0.0,0.0,0.0,0.0,0.0,0.0,0.0,0.0,0.0,0.0,0.0,0.0,0.0,0.0,0.0,0.0,0.0,0.0,0.0,0.0,0.0,0.0,0.0,0.0,0.0,0.0,0.0,0.0,0.0,0.0,0.0
0.15870361585487988,0.25472492091666177,0.48503452933930197,0.6862573244689854,0.4894705616100509,0.25294181036090924,0.0,0.0,0.0,0.03310840913345629,0.0,0.0,0.0,0.0,0.0,0.0,0.0,0.0,0.0,0.0,0.0,0.0,0.0,0.0,0.0,0.0,0.3893154356309484,0.0,0.2232470098947263,0.0,0.0,1.0,0.40669951332679277,0.0,0.0,0.0,0.0,0.0,0.0,0.0,0.0,0.0,0.0,0.0,0.0,0.0,0.0,0.0,0.0,0.0,0.0,0.0,0.0,0.0,0.0,0.0,0.0,0.0,0.0,0.0,0.0,0.0,0.0,0.0,0.0,0.0,0.0,0.0,0.0,0.0,0.0,0.0,0.0,0.0,0.0,0.0,0.0,0.0,0.0,0.0,0.0,0.0,0.0,0.0,0.0,0.0,0.0,0.0
0.25014530211435326,0.16941788053465945,0.25811437427322104,0.49147348192524243,0.6859257543337643,0.48746254314642884,0.02547981699813213,0.0,0.1418807978565484,0.3921076682096101,0.0,0.0,0.0,0.0,0.0,0.0,0.0,0.0,0.0,0.0,0.0,0.0,0.0,0.0,0.0,0.0,0.03549951488208724,0.0,0.0,0.0,0.0,0.40669951332679277,1.0,0.4191246523026067,0.0,0.0,0.0,0.0,0.0,0.0,0.0,0.0,0.0,0.0,0.0,0.0,0.0,0.0,0.0,0.0,0.0,0.0,0.0,0.0,0.0,0.0,0.0,0.0,0.0,0.0,0.0,0.0,0.0,0.0,0.0,0.0,0.0,0.0,0.0,0.0,0.0,0.0,0.0,0.0,0.0,0.0,0.0,0.0,0.0,0.0,0.0,0.0,0.0,0.0,0.0,0.0,0.0,0.0
0.2482683016768691,0.03585590094583064,0.0,0.13647905499889626,0.39004295203781775,0.4848300728674155,0.1564248662539333,0.25241074037020633,0.4919246852929355,0.6859449942143753,0.0,0.0,0.0,0.03564603848959345,0.0,0.0,0.0,0.0,0.0,0.0,0.0,0.0,0.0,0.0,0.0,0.0,0.0,0.0,0.0,0.0,0.0,0.0,0.4191246523026067,1.0,0.4086787722256975,0.0,0.0,0.0,0.0,0.0,0.0,0.0,0.0,0.0,0.0,0.0,0.0,0.0,0.0,0.0,0.0,0.0,0.0,0.0,0.0,0.0,0.0,0.0,0.0,0.0,0.0,0.0,0.0,0.0,0.0,0.0,0.0,0.0,0.0,0.0,0.0,0.0,0.0,0.0,0.0,0.0,0.0,0.0,0.0,0.0,0.0,0.0,0.0,0.0,0.0,0.0,0.0,0.0
0.16324695381361715,0.0,0.0,0.0,0.037846619307328196,0.2559148190380005,0.24992236467276147,0.48595466860475395,0.685860205862555,0.49262386274714415,0.03131655568520755,0.0,0.14253941378254711,0.39421421004792206,0.0,0.0,0.0,0.0,0.0,0.0,0.0,0.0,0.0,0.0,0.0,0.0,0.0,0.0,0.0,0.0,0.0,0.0,0.0,0.4086787722256975,1.0,0.4256519456942219,0.0,0.0,0.0,0.0,0.0,0.0,0.0,0.0,0.0,0.0,0.0,0.0,0.0,0.0,0.0,0.0,0.0,0.0,0.0,0.0,0.0,0.0,0.0,0.0,0.0,0.0,0.0,0.0,0.0,0.0,0.0,0.0,0.0,0.0,0.0,0.0,0.0,0.0,0.0,0.0,0.0,0.0,0.0,0.0,0.0,0.0,0.0,0.0,0.0,0.0,0.0,0.0
0.034560125265764366,0.0,0.0,0.0,0.0,0.0,0.2498225339593223,0.48572006786498845,0.39316746995533103,0.1423863581911148,0.16109794573578548,0.2546607238667207,0.4913808826929701,0.6859160023174253,0.0,0.0,0.0,0.035356521352684446,0.0,0.0,0.0,0.0,0.0,0.0,0.0,0.0,0.0,0.0,0.0,0.0,0.0,0.0,0.0,0.0,0.4256519456942219,1.0,0.4065259754191321,0.0,0.0,0.0,0.0,0.0,0.0,0.0,0.0,0.0,0.0,0.0,0.0,0.0,0.0,0.0,0.0,0.0,0.0,0.0,0.0,0.0,0.0,0.0,0.0,0.0,0.0,0.0,0.0,0.0,0.0,0.0,0.0,0.0,0.0,0.0,0.0,0.0,0.0,0.0,0.0,0.0,0.0,0.0,0.0,0.0,0.0,0.0,0.0,0.0,0.0,0.0
0.0,0.0,0.0,0.0,0.0,0.0,0.16283835292487472,0.255766768277977,0.03657535274674252,0.0,0.24913793380926177,0.48622204716707434,0.6858843579918972,0.4914719462982564,0.03539295286698179,0.0,0.14154673271343235,0.3933535197836086,0.0,0.0,0.0,0.0,0.0,0.0,0.0,0.0,0.0,0.0,0.0,0.0,0.0,0.0,0.0,0.0,0.0,0.4065259754191321,1.0,0.424057975561369,0.0,0.0,0.0,0.0,0.0,0.0,0.0,0.0,0.0,0.0,0.0,0.0,0.0,0.0,0.0,0.0,0.0,0.0,0.0,0.0,0.0,0.0,0.0,0.0,0.0,0.0,0.0,0.0,0.0,0.0,0.0,0.0,0.0,0.0,0.0,0.0,0.0,0.0,0.0,0.0,0.0,0.0,0.0,0.0,0.0,0.0,0.0,0.0,0.0,0.0
0.0,0.0,0.0,0.0,0.0,0.0,0.03537994441031603,0.0,0.0,0.0,0.24913770903582066,0.48622160194914255,0.3933478180342641,0.14154389902460143,0.1628441168736927,0.255770380858977,0.4914725713464519,0.6858869130512625,0.0,0.0,0.0,0.036574456485237015,0.0,0.0,0.0,0.0,0.0,0.0,0.0,0.0,0.0,0.0,0.0,0.0,0.0,0.0,0.424057975561369,1.0,0.406530495508647,0.0,0.0,0.0,0.0,0.0,0.0,0.0,0.0,0.0,0.0,0.0,0.0,0.0,0.0,0.0,0.0,0.0,0.0,0.0,0.0,0.0,0.0,0.0,0.0,0.0,0.0,0.0,0.0,0.0,0.0,0.0,0.0,0.0,0.0,0.0,0.0,0.0,0.0,0.0,0.0,0.0,0.0,0.0,0.0,0.0,0.0,0.0,0.0,0.0
0.0,0.0,0.0,0.0,0.0,0.0,0.0,0.0,0.0,0.0,0.16109676116013935,0.25466099470898224,0.035353786937202585,0.0,0.2498220140514528,0.4857182724612732,0.6859149881146901,0.4913788660612428,0.03455959190489795,0.0,0.14237690849379092,0.39315856004760413,0.0,0.0,0.0,0.0,0.0,0.0,0.0,0.0,0.0,0.0,0.0,0.0,0.0,0.0,0.0,0.406530495508647,1.0,0.42564008497140454,0.0,0.0,0.0,0.0,0.0,0.0,0.0,0.0,0.0,0.0,0.0,0.0,0.0,0.0,0.0,0.0,0.0,0.0,0.0,0.0,0.0,0.0,0.0,0.0,0.0,0.0,0.0,0.0,0.0,0.0,0.0,0.0,0.0,0.0,0.0,0.0,0.0,0.0,0.0,0.0,0.0,0.0,0.0,0.0,0.0,0.0,0.0,0.0
0.0,0.0,0.0,0.0,0.0,0.0,0.0,0.0,0.0,0.0,0.03131372613978046,0.0,0.0,0.0,0.24991967548476884,0.48595151864994507,0.39420970333558886,0.1425316223170868,0.16324533823249313,0.25591018542991917,0.4926197400489247,0.6858568574320922,0.0,0.0,0.0,0.0378397165919406,0.0,0.0,0.0,0.0,0.0,0.0,0.0,0.0,0.0,0.0,0.0,0.0,0.42564008497140454,1.0,0.4086730575876992,0.0,0.0,0.0,0.0,0.0,0.0,0.0,0.0,0.0,0.0,0.0,0.0,0.0,0.0,0.0,0.0,0.0,0.0,0.0,0.0,0.0,0.0,0.0,0.0,0.0,0.0,0.0,0.0,0.0,0.0,0.0,0.0,0.0,0.0,0.0,0.0,0.0,0.0,0.0,0.0,0.0,0.0,0.0,0.0,0.0,0.0,0.0
0.0,0.0,0.0,0.0,0.0,0.0,0.0,0.0,0.0,0.0,0.0,0.0,0.0,0.0,0.15642423888787962,0.25240761831607644,0.035642119404886645,0.0,0.24826853869867632,0.484828208219972,0.6859460718809139,0.49192398220900185,0.035851520229846105,0.0,0.13647387671641031,0.39003866065186976,0.0,0.0,0.0,0.0,0.0,0.0,0.0,0.0,0.0,0.0,0.0,0.0,0.0,0.4086730575876992,1.0,0.4191168901959092,0.0,0.0,0.0,0.0,0.0,0.0,0.0,0.0,0.0,0.0,0.0,0.0,0.0,0.0,0.0,0.0,0.0,0.0,0.0,0.0,0.0,0.0,0.0,0.0,0.0,0.0,0.0,0.0,0.0,0.0,0.0,0.0,0.0,0.0,0.0,0.0,0.0,0.0,0.0,0.0,0.0,0.0,0.0,0.0,0.0,0.0
0.0,0.0,0.0,0.0,0.0,0.0,0.0,0.0,0.0,0.0,0.0,0.0,0.0,0.0,0.025481824600234963,0.0,0.0,0.0,0.25014734985810594,0.48746237730865677,0.3921045715159141,0.14187734111818287,0.1694160503123672,0.2581140779886254,0.49147333809139343,0.6859259145373783,0.0,0.03550069846298309,0.0,0.0,0.0,0.0,0.0,0.0,0.0,0.0,0.0,0.0,0.0,0.0,0.4191168901959092,1.0,0.4066989886026556,0.0,0.0,0.0,0.0,0.0,0.0,0.0,0.0,0.0,0.0,0.0,0.0,0.0,0.0,0.0,0.0,0.0,0.0,0.0,0.0,0.0,0.0,0.0,0.0,0.0,0.0,0.0,0.0,0.0,0.0,0.0,0.0,0.0,0.0,0.0,0.0,0.0,0.0,0.0,0.0,0.0,0.0,0.0,0.0,0.0
0.0,0.0,0.0,0.0,0.0,0.0,0.0,0.0,0.0,0.0,0.0,0.0,0.0,0.0,0.0,0.0,0.0,0.0,0.15870501364873296,0.25294050632894716,0.03310356545589257,0.0,0.2547222165857753,0.48503418651785396,0.6862553365266515,0.4894688631481192,0.0,0.38931841201276063,0.0,0.223250046819147,0.0,0.0,0.0,0.0,0.0,0.0,0.0,0.0,0.0,0.0,0.0,0.4066989886026556,1.0,0.0,0.0,0.0,0.0,0.0,0.0,0.0,0.0,0.0,0.0,0.0,0.0,0.0,0.0,0.0,0.0,0.0,0.0,0.0,0.0,0.0,0.0,0.0,0.0,0.0,0.0,0.0,0.0,0.0,0.0,0.0,0.0,0.0,0.0,0.0,0.0,0.0,0.0,0.0,0.0,0.0,0.0,0.0,0.0,0.0
0.3983686775721062,0.29037103369832484,0.12003859556781162,0.04302949833085512,0.10830755452266251,0.2723504055449273,0.4247418742277941,0.27074191028690026,0.16894776925626834,0.17544058988971217,0.37542545677958017,0.15085336140026084,0.03748587135514933,0.09340620647353201,0.37594274752406376,0.12429091287954008,0.0,0.0,0.486011801922851,0.2543352418502533,0.03156260073089034,0.0,0.6868637378461844,0.4926866191493814,0.2561448059198251,0.17053279088944392,0.0,0.39975162833006866,0.0,0.23313389993147127,0.16707260144277078,0.0,0.0,0.0,0.0,0.0,0.0,0.0,0.0,0.0,0.0,0.0,0.0,1.0,0.0,0.0,0.0,0.0,0.0,0.0,0.0,0.0,0.0,0.0,0.0,0.0,0.0,0.0,0.0,0.0,0.0,0.0,0.0,0.0,0.0,0.0,0.0,0.0,0.0,0.0,0.0,0.0,0.0,0.0,0.0,0.0,0.0,0.0,0.0,0.0,0.0,0.0,0.0,0.0,0.0,0.0,0.0,0.0
0.0,0.0,0.0,0.0,0.0,0.0,0.0,0.0,0.0,0.0,0.0,0.0,0.0,0.0,0.0,0.0,0.0,0.0,0.0,0.0,0.0,0.0,0.0,0.0,0.0,0.0,0.0,0.0,0.0,0.0,0.0,0.0,0.0,0.0,0.0,0.0,0.0,0.0,0.0,0.0,0.0,0.0,0.0,0.0,1.0,0.7383171292028815,0.5469827119677394,0.4723966273460368,0.54354036226552,0.7350218079928027,0.7298246041897327,0.5455511226470772,0.47718346914523285,0.5420696455826759,0.5221516272290168,0.2988336397681734,0.21485116554381356,0.3048856144830752,0.407778572091973,0.1713747063059478,0.03824373094128917,0.08377159178370538,0.383907321509575,0.16166136599502384,0.0,0.0,0.4316655173426174,0.2492936233157171,0.06585275638804938,0.032072214215125336,0.3056215373350331,0.15806662037701108,0.07163071665923078,0.007169394751914158,0.48601231011082663,0.15870361585488013,0.25014530211435376,0.2482683016768692,0.1632469538136173,0.034560125265764366,0.0,0.0,0.0,0.0,0.0,0.0,0.0,0.39836867757210626
0.0,0.0,0.0,0.0,0.0,0.0,0.0,0.0,0.0,0.0,0.0,0.0,0.0,0.0,0.0,0.0,0.0,0.0,0.0,0.0,0.0,0.0,0.0,0.0,0.0,0.0,0.0,0.0,0.0,0.0,0.0,0.0,0.0,0.0,0.0,0.0,0.0,0.0,0.0,0.0,0.0,0.0,0.0,0.0,0.7383171292028815,1.0,0.7425853295412501,0.5485839650719931,0.48344783065362384,0.5500750849245799,0.5328089936695525,0.3053565531008802,0.21893935160009814,0.3080459435699657,0.4317299960509641,0.19352588073794585,0.050241377458908165,0.08935209894367768,0.4206943544461387,0.22136114634934687,0.050948538946376375,0.03271941014084333,0.43159130160025255,0.27459674313966564,0.13014061299595472,0.10334352763887787,0.4129368135586623,0.2627527867550708,0.14607142404953208,0.1525670890117646,0.54798216981543,0.12143411948514919,0.32377040028767534,0.0,0.6868664945524682,0.25472492091666177,0.1694178805346596,0.03585590094583031,0.0,0.0,0.0,0.0,0.0,0.0,0.0,0.0,0.0,0.2903710336983249
0.0,0.0,0.0,0.0,0.0,0.0,0.0,0.0,0.0,0.0,0.0,0.0,0.0,0.0,0.0,0.0,0.0,0.0,0.0,0.0,0.0,0.0,0.0,0.0,0.0,0.0,0.0,0.0,0.0,0.0,0.0,0.0,0.0,0.0,0.0,0.0,0.0,0.0,0.0,0.0,0.0,0.0,0.0,0.0,0.5469827119677394,0.7425853295412501,1.0,0.7375071259820847,0.5546028283334453,0.4813180220317727,0.2971026861902905,0.09638329643184068,0.0667669494502228,0.2178918042450846,0.1750668543919214,0.0,0.0,0.0,0.18612597597847558,0.0001052649675001602,0.0,0.0,0.24921425830513766,0.1459215302129396,0.0,0.0,0.262748428686807,0.1869043647677027,0.103989974184171,0.08595798885685668,0.7344819133232745,0.07772720364215764,0.4912090379477673,0.0,0.4926937323447623,0.48503452933930197,0.2581143742732212,0.0,0.0,0.0,0.0,0.0,0.0,0.0,0.0,0.0,0.0,0.12003859556781162
0.0,0.0,0.0,0.0,0.0,0.0,0.0,0.0,0.0,0.0,0.0,0.0,0.0,0.0,0.0,0.0,0.0,0.0,0.0,0.0,0.0,0.0,0.0,0.0,0.0,0.0,0.0,0.0,0.0,0.0,0.0,0.0,0.0,0.0,0.0,0.0,0.0,0.0,0.0,0.0,0.0,0.0,0.0,0.0,0.4723966273460368,0.5485839650719931,0.7375071259820847,1.0,0.7454816576644157,0.5489900946061447,0.20230370008747323,0.05774805781891173,0.10367508164456159,0.3090590753898979,0.019927063529266615,0.0,0.0,0.0,0.0,0.0,0.0,0.0,0.06580959605278659,0.0,0.0,0.0,0.14610848315944144,0.10404546824450038,0.0,0.0,0.5430286953492846,0.06901601273259293,0.3198685223812852,0.0,0.2561499637486769,0.6862573244689854,0.4914734819252427,0.13647905499889626,0.0,0.0,0.0,0.0,0.0,0.0,0.0,0.0,0.0,0.04302949833085529
0.0,0.0,0.0,0.0,0.0,0.0,0.0,0.0,0.0,0.0,0.0,0.0,0.0,0.0,0.0,0.0,0.0,0.0,0.0,0.0,0.0,0.0,0.0,0.0,0.0,0.0,0.0,0.0,0.0,0.0,0.0,0.0,0.0,0.0,0.0,0.0,0.0,0.0,0.0,0.0,0.0,0.0,0.0,0.0,0.54354036226552,0.48344783065362384,0.5546028283334453,0.7454816576644157,1.0,0.7375422843811595,0.2973114944834502,0.21493753128275908,0.31419731499603915,0.5428844900386532,0.06690754865749425,0.0,0.0,0.0,0.0,0.0,0.0,0.0,0.03206527590293569,0.0,0.0,0.0,0.15264442231303593,0.08606209414275705,0.0,0.0,0.3120622221727464,0.09494721421906656,0.07804535109129168,0.01824374249179053,0.17053808143665344,0.4894705616100511,0.6859257543337648,0.3900429520378176,0.037846619307328196,0.0,0.0,0.0,0.0,0.0,0.0,0.0,0.0,0.10830755452266234
0.0,0.0,0.0,0.0,0.0,0.0,0.0,0.0,0.0,0.0,0.0,0.0,0.0,0.0,0.0,0.0,0.0,0.0,0.0,0.0,0.0,0.0,0.0,0.0,0.0,0.0,0.0,0.0,0.0,0.0,0.0,0.0,0.0,0.0,0.0,0.0,0.0,0.0,0.0,0.0,0.0,0.0,0.0,0.0,0.7350218079928027,0.5500750849245799,0.4813180220317727,0.5489900946061447,0.7375422843811595,1.0,0.5375684576119724,0.4766026865802026,0.5524521125477598,0.7354870343637621,0.28586353608940523,0.08632763350702852,0.06057023050313069,0.21505769929337207,0.15349300030284327,0.0,0.0,0.0,0.16167546961397605,0.0,0.0,0.0,0.2746934856767194,0.14603799188435573,0.0,0.0,0.21596680437141896,0.13266040310917476,0.0,0.03653042208212436,0.2543388749258111,0.25294181036090935,0.48746254314642895,0.48483007286741525,0.25591481903800056,0.0,0.0,0.0,0.0,0.0,0.0,0.0,0.0,0.27235040554492745
0.0,0.0,0.0,0.0,0.0,0.0,0.0,0.0,0.0,0.0,0.0,0.0,0.0,0.0,0.0,0.0,0.0,0.0,0.0,0.0,0.0,0.0,0.0,0.0,0.0,0.0,0.0,0.0,0.0,0.0,0.0,0.0,0.0,0.0,0.0,0.0,0.0,0.0,0.0,0.0,0.0,0.0,0.0,0.0,0.7298246041897327,0.5328089936695525,0.2971026861902905,0.20230370008747323,0.2973114944834502,0.5375684576119724,1.0,0.7368532463739482,0.5418850434078853,0.47019663952437807,0.7308212728799865,0.5451699455178299,0.4764096166242682,0.543051339537593,0.5198450365778389,0.2935033632277208,0.21181807553277476,0.3047901487076364,0.4078022467365299,0.1535075874213294,0.0173453803592694,0.07140190445188292,0.42076683666086095,0.1861969275604798,0.0,0.0,0.08086240351223932,0.08028093189100491,0.0,0.0,0.37593148779562674,0.0,0.025479816998132294,0.1564248662539333,0.2499223646727618,0.24982253395932247,0.1628383529248748,0.035379944410316194,0.0,0.0,0.0,0.0,0.0,0.4247418742277939
0.0,0.0,0.0,0.0,0.0,0.0,0.0,0.0,0.0,0.0,0.0,0.0,0.0,0.0,0.0,0.0,0.0,0.0,0.0,0.0,0.0,0.0,0.0,0.0,0.0,0.0,0.0,0.0,0.0,0.0,0.0,0.0,0.0,0.0,0.0,0.0,0.0,0.0,0.0,0.0,0.0,0.0,0.0,0.0,0.5455511226470772,0.3053565531008802,0.09638329643184068,0.05774805781891173,0.21493753128275908,0.4766026865802026,0.7368532463739482,1.0,0.7348698219281384,0.5487945876204534,0.5433948066369919,0.4790033986359202,0.5523398312039106,0.7361469525141726,0.29351628742049307,0.08717947594535821,0.05937001379002746,0.2159712554415742,0.1714149779492522,0.0,0.0,0.0,0.22145023004418582,0.0002005863888660181,0.0,0.0,0.0,0.0,0.0,0.0,0.12428749998591049,0.0,0.0,0.2524107403702062,0.4859546686047541,0.4857200678649886,0.255766768277977,0.0,0.0,0.0,0.0,0.0,0.0,0.2707419102869002
0.0,0.0,0.0,0.0,0.0,0.0,0.0,0.0,0.0,0.0,0.0,0.0,0.0,0.0,0.0,0.0,0.0,0.0,0.0,0.0,0.0,0.0,0.0,0.0,0.0,0.0,0.0,0.0,0.0,0.0,0.0,0.0,0.0,0.0,0.0,0.0,0.0,0.0,0.0,0.0,0.0,0.0,0.0,0.0,0.47718346914523285,0.21893935160009814,0.0667669494502228,0.10367508164456159,0.31419731499603915,0.5524521125477598,0.5418850434078853,0.7348698219281384,1.0,0.7479087784788925,0.2998815430209128,0.21396107907571185,0.31242818754909435,0.5431651406592883,0.07141475028041912,0.0,0.0,0.0,0.0,0.0,0.0,0.0,0.10345060325221705,0.0,0.0,0.0,0.0,0.0,0.0,0.0,0.0,0.0,0.14188079785654872,0.49192468529293565,0.6858602058625553,0.39316746995533086,0.036575352746742194,0.0,0.0,0.0,0.0,0.0,0.0,0.16894776925626825
0.0,0.0,0.0,0.0,0.0,0.0,0.0,0.0,0.0,0.0,0.0,0.0,0.0,0.0,0.0,0.0,0.0,0.0,0.0,0.0,0.0,0.0,0.0,0.0,0.0,0.0,0.0,0.0,0.0,0.0,0.0,0.0,0.0,0.0,0.0,0.0,0.0,0.0,0.0,0.0,0.0,0.0,0.0,0.0,0.5420696455826759,0.3080459435699657,0.2178918042450846,0.3090590753898979,0.5428844900386532,0.7354870343637621,0.47019663952437807,0.5487945876204534,0.7479087784788925,1.0,0.2024495131456881,0.05571385944833278,0.10310645536795138,0.3114697407644129,0.017349990251560997,0.0,0.0,0.0,0.0,0.0,0.0,0.0,0.13025368035311566,0.0,0.0,0.0,0.0,0.02084069225681014,0.0,0.0,0.031568351307681056,0.03310840913345646,0.3921076682096104,0.6859449942143752,0.49262386274714415,0.1423863581911148,0.0,0.0,0.0,0.0,0.0,0.0,0.0,0.17544058988971226
0.0,0.0,0.0,0.0,0.0,0.0,0.0,0.0,0.0,0.0,0.0,0.0,0.0,0.0,0.0,0.0,0.0,0.0,0.0,0.0,0.0,0.0,0.0,0.0,0.0,0.0,0.0,0.0,0.0,0.0,0.0,0.0,0.0,0.0,0.0,0.0,0.0,0.0,0.0,0.0,0.0,0.0,0.0,0.0,0.5221516272290168,0.4317299960509641,0.1750668543919214,0.019927063529266615,0.06690754865749425,0.28586353608940523,0.7308212728799865,0.5433948066369919,0.2998815430209128,0.2024495131456881,1.0,0.7354279624618562,0.5421377368014673,0.4746475723555403,0.7308271929703813,0.5433957883185108,0.47464776595162766,0.5421376249021473,0.5221650610910579,0.2858739981028821,0.20245234383095714,0.2998824082275226,0.43175852316229424,0.17509236961315536,0.019948870464098992,0.06692258175046258,0.012211666931405159,0.012237977054117081,0.0,0.0,0.3753862611781818,0.0,0.0,0.0,0.03131655568520755,0.16109794573578556,0.24913793380926194,0.24913770903582091,0.16109676116013952,0.03131372613978046,0.0,0.0,0.0,0.37542545677958
0.0,0.0,0.0,0.0,0.0,0.0,0.0,0.0,0.0,0.0,0.0,0.0,0.0,0.0,0.0,0.0,0.0,0.0,0.0,0.0,0.0,0.0,0.0,0.0,0.0,0.0,0.0,0.0,0.0,0.0,0.0,0.0,0.0,0.0,0.0,0.0,0.0,0.0,0.0,0.0,0.0,0.0,0.0,0.0,0.2988336397681734,0.19352588073794585,0.0,0.0,0.0,0.08632763350702852,0.5451699455178299,0.4790033986359202,0.21396107907571185,0.05571385944833278,0.7354279624618562,1.0,0.7361598409755248,0.5512980662455996,0.5451771394244502,0.479006272008796,0.5512982716225976,0.7361616823086504,0.29884763460993874,0.08633868635312253,0.0557168841845893,0.21396171984384244,0.19355075576942754,0.0,0.0,0.0,0.0,0.0,0.0,0.0,0.15082131989951056,0.0,0.0,0.0,0.0,0.2546607238667205,0.48622204716707434,0.48622160194914255,0.2546609947089824,0.0,0.0,0.0,0.0,0.15085336140026084
0.0,0.0,0.0,0.0,0.0,0.0,0.0,0.0,0.0,0.0,0.0,0.0,0.0,0.0,0.0,0.0,0.0,0.0,0.0,0.0,0.0,0.0,0.0,0.0,0.0,0.0,0.0,0.0,0.0,0.0,0.0,0.0,0.0,0.0,0.0,0.0,0.0,0.0,0.0,0.0,0.0,0.0,0.0,0.0,0.21485116554381356,0.050241377458908165,0.0,0.0,0.0,0.06057023050313069,0.4764096166242682,0.5523398312039106,0.31242818754909435,0.10310645536795138,0.5421377368014673,0.7361598409755248,1.0,0.7473502283762977,0.3048018378131136,0.21597559088604382,0.31196487492557506,0.5435067016369495,0.08379768781010741,0.0,0.0,0.0,0.03276533187681092,0.0,0.0,0.0,0.0,0.0,0.0,0.0,0.0,0.0,0.0,0.0,0.14253941378254728,0.49138088269297,0.6858843579918972,0.3933478180342641,0.035353786937202585,0.0,0.0,0.0,0.0,0.03748587135514933
