1.0,0.7383171292028817,0.5469827119677395,0.47239662734603693,0.5435403622655202,0.7350218079928026,0.7298246041897327,0.5455511226470771,0.47718346914523285,0.5420696455826757,0.5221516272290166,0.29883363976817356,0.2148511655438134,0.30488561448307544,0.4077785720919729,0.1713747063059478,0.03824373094128933,0.08377159178370522,0.383907321509575,0.161661365995024,0.0,0.0,0.4316655173426174,0.24929362331571694,0.06585275638804922,0.032072214215125495,0.3056215373350331,0.1580666203770109,0.07163071665923094,0.007169394751913994,0.4860123101108268,0.15870361585488021,0.2501453021143535,0.2482683016768692,0.16324695381361715,0.034560125265764366,0.0,0.0,0.0,0.0,0.0,0.0,0.0,0.3983686775721061,0.0,0.0,0.0,0.0,0.0,0.0,0.0,0.0,0.0,0.0,0.0,0.0,0.0,0.0,0.0,0.0,0.0,0.0,0.0,0.0,0.0,0.0,0.0,0.0,0.0,0.0,0.0,0.0,0.0,0.0,0.0,0.0,0.0,0.0,0.0,0.0,0.0,0.0,0.0,0.0,0.0,0.0,0.0,0.0
0.7383171292028817,1.0,0.7425853295412499,0.5485839650719931,0.48344783065362396,0.5500750849245798,0.5328089936695527,0.3053565531008804,0.21893935160009828,0.3080459435699656,0.4317299960509643,0.19352588073794616,0.050241377458908165,0.08935209894367817,0.42069435444613873,0.22136114634934687,0.05094853894637654,0.03271941014084333,0.4315913016002526,0.2745967431396658,0.1301406129959549,0.10334352763887787,0.41293681355866235,0.26275278675507063,0.1460714240495319,0.15256708901176477,0.5479821698154299,0.12143411948514903,0.3237704002876753,0.0,0.6868664945524683,0.25472492091666177,0.16941788053465945,0.03585590094583064,0.0,0.0,0.0,0.0,0.0,0.0,0.0,0.0,0.0,0.2903710336983249,0.0,0.0,0.0,0.0,0.0,0.0,0.0,0.0,0.10409876437409607,0.16702955150747903,0.0,0.0,0.0,0.0,0.0,0.0,0.0,0.0,0.0,0.0,0.0,0.0,0.0,0.0,0.0,0.0,0.0,0.0,0.0,0.0,0.0,0.0,0.0,0.21832462145745893,0.08332485477076282,0.0,0.0,0.0,0.0,0.0,0.0,0.0,0.0,0.0
0.5469827119677395,0.7425853295412499,1.0,0.7375071259820846,0.5546028283334453,0.4813180220317725,0.2971026861902906,0.09638329643184085,0.06676694945022296,0.21789180424508428,0.1750668543919214,0.0,0.0,0.0,0.18612597597847558,0.0001052649675001602,0.0,0.0,0.24921425830513783,0.14592153021293994,0.0,0.0,0.2627484286868071,0.18690436476770236,0.103989974184171,0.08595798885685685,0.7344819133232744,0.07772720364215732,0.4912090379477675,0.0,0.49269373234476244,0.48503452933930197,0.2581143742732209,0.0,0.0,0.0,0.0,0.0,0.0,0.0,0.0,0.0,0.0,0.12003859556781162,0.0,0.0,0.0,0.0,0.0,0.0,0.0,0.0,0.0,0.11121898318663137,0.0,0.0,0.0,0.0,0.0,0.0,0.0,0.0,0.0,0.0,0.0,0.0,0.0,0.0,0.0,0.0,0.0,0.0,0.0,0.0,0.0,0.0,0.0,0.18778654370031242,0.0,0.0,0.0,0.0,0.0,0.0,0.0,0.0,0.0,0.0
0.47239662734603693,0.5485839650719931,0.7375071259820846,1.0,0.7454816576644157,0.5489900946061445,0.20230370008747323,0.05774805781891173,0.10367508164456159,0.30905907538989763,0.019927063529266615,0.0,0.0,0.0,0.0,0.0,0.0,0.0,0.06580959605278676,0.0,0.0,0.0,0.14610848315944144,0.10404546824450038,0.0,0.0,0.5430286953492846,0.06901601273259293,0.3198685223812854,0.0,0.256149963748677,0.6862573244689854,0.49147348192524243,0.13647905499889626,0.0,0.0,0.0,0.0,0.0,0.0,0.0,0.0,0.0,0.04302949833085512,0.0,0.0,0.0,0.0,0.0,0.0,0.0,0.0,0.0,0.0,0.0,0.0,0.0,0.0,0.0,0.0,0.0,0.0,0.0,0.0,0.0,0.0,0.0,0.0,0.0,0.0,0.0,0.0,0.0,0.0,0.0,0.0,0.0,0.0,0.0,0.0,0.0,0.0,0.0,0.0,0.0,0.0,0.0,0.0
0.5435403622655202,0.48344783065362396,0.5546028283334453,0.7454816576644157,1.0,0.7375422843811595,0.2973114944834502,0.21493753128275908,0.31419731499603915,0.542884490038653,0.06690754865749442,0.0,0.0,0.0,0.0,0.0,0.0,0.0,0.032065275902935855,0.0,0.0,0.0,0.1526444223130361,0.08606209414275688,0.0,0.0,0.3120622221727464,0.09494721421906639,0.07804535109129183,0.018243742491790362,0.17053808143665353,0.4894705616100512,0.6859257543337645,0.3900429520378176,0.037846619307328196,0.0,0.0,0.0,0.0,0.0,0.0,0.0,0.0,0.10830755452266234,0.0,0.0,0.0,0.0,0.0,0.0,0.0,0.0,0.0,0.0,0.0,0.0,0.0,0.0,0.0,0.0,0.0,0.0,0.0,0.0,0.0,0.0,0.0,0.0,0.0,0.0,0.0,0.0,0.0,0.0,0.0,0.0,0.0,0.0,0.0,0.0,0.0,0.0,0.0,0.0,0.0,0.0,0.0,0.0
0.7350218079928026,0.5500750849245798,0.4813180220317725,0.5489900946061445,0.7375422843811595,1.0,0.5375684576119723,0.4766026865802026,0.55245211254776,0.735487034363762,0.28586353608940523,0.08632763350702867,0.06057023050313069,0.2150576992933724,0.1534930003028431,0.0,0.0,0.0,0.16167546961397605,0.0,0.0,0.0,0.2746934856767195,0.14603799188435557,0.0,0.0,0.2159668043714188,0.1326604031091746,0.0,0.036530422082124196,0.25433887492581103,0.25294181036090924,0.4874625431464288,0.4848300728674155,0.25591481903800073,0.0,0.0,0.0,0.0,0.0,0.0,0.0,0.0,0.2723504055449274,0.0,0.0,0.0,0.0,0.0,0.0,0.0,0.0,0.0,0.0,0.0,0.0,0.0,0.0,0.0,0.0,0.0,0.0,0.0,0.0,0.0,0.0,0.0,0.0,0.0,0.0,0.0,0.0,0.0,0.0,0.0,0.0,0.0,0.0,0.0,0.0,0.0,0.0,0.0,0.0,0.0,0.0,0.0,0.0
0.7298246041897327,0.5328089936695527,0.2971026861902906,0.20230370008747323,0.2973114944834502,0.5375684576119723,1.0,0.7368532463739481,0.5418850434078853,0.4701966395243779,0.7308212728799867,0.5451699455178302,0.476409616624268,0.5430513395375932,0.5198450365778389,0.29350336322772086,0.21181807553277493,0.30479014870763627,0.4078022467365299,0.15350758742132972,0.017345380359269563,0.07140190445188292,0.42076683666086107,0.1861969275604798,0.0,0.0,0.08086240351223932,0.08028093189100476,0.0,0.0,0.3759314877956269,0.0,0.02547981699813213,0.1564248662539333,0.24992236467276155,0.24982253395932255,0.16283835292487464,0.03537994441031636,0.0,0.0,0.0,0.0,0.0,0.4247418742277941,0.0,0.0,0.0,0.0,0.0,0.0,0.0,0.0,0.0,0.0,0.0,0.0,0.0,0.0,0.0,0.0,0.0,0.0,0.0,0.0,0.0,0.0,0.0,0.0,0.0,0.0,0.0,0.0,0.0,0.0,0.0,0.0,0.0,0.0,0.0,0.0,0.0,0.0,0.0,0.0,0.0,0.0,0.0,0.0
0.5455511226470771,0.3053565531008804,0.09638329643184085,0.05774805781891173,0.21493753128275908,0.4766026865802026,0.7368532463739481,1.0,0.7348698219281384,0.5487945876204535,0.5433948066369919,0.47900339863592034,0.5523398312039106,0.736146952514173,0.29351628742049307,0.08717947594535837,0.059370013790027626,0.21597125544157403,0.1714149779492522,0.0,0.0,0.0,0.22145023004418599,0.00020058638886585363,0.0,0.0,0.0,0.0,0.0,0.0,0.12428749998591049,0.0,0.0,0.25241074037020633,0.48595466860475395,0.4857200678649888,0.25576676827797695,0.0,0.0,0.0,0.0,0.0,0.0,0.27074191028690026,0.0,0.0,0.0,0.0,0.0,0.0,0.0,0.0,0.0,0.0,0.0,0.0,0.0,0.0,0.0,0.0,0.0,0.0,0.0,0.0,0.0,0.0,0.0,0.0,0.0,0.0,0.0,0.0,0.0,0.0,0.0,0.0,0.0,0.0,0.0,0.0,0.0,0.0,0.0,0.0,0.0,0.0,0.0,0.0
0.47718346914523285,0.21893935160009828,0.06676694945022296,0.10367508164456159,0.31419731499603915,0.55245211254776,0.5418850434078853,0.7348698219281384,1.0,0.7479087784788926,0.29988154302091297,0.21396107907571218,0.31242818754909435,0.5431651406592887,0.07141475028041912,0.0,0.0,0.0,0.0,0.0,0.0,0.0,0.10345060325221722,0.0,0.0,0.0,0.0,0.0,0.0,0.0,0.0,0.0,0.14188079785654872,0.49192468529293576,0.685860205862555,0.39316746995533103,0.036575352746742194,0.0,0.0,0.0,0.0,0.0,0.0,0.16894776925626842,0.0,0.0,0.0,0.0,0.0,0.0,0.0,0.0,0.0,0.0,0.0,0.0,0.0,0.0,0.0,0.0,0.0,0.0,0.0,0.0,0.0,0.0,0.0,0.0,0.0,0.0,0.0,0.0,0.0,0.0,0.0,0.0,0.0,0.0,0.0,0.0,0.0,0.0,0.0,0.0,0.0,0.0,0.0,0.0
0.5420696455826757,0.3080459435699656,0.21789180424508428,0.30905907538989763,0.542884490038653,0.735487034363762,0.4701966395243779,0.5487945876204535,0.7479087784788926,1.0,0.2024495131456881,0.055713859448333104,0.10310645536795138,0.31146974076441336,0.017349990251560834,0.0,0.0,0.0,0.0,0.0,0.0,0.0,0.13025368035311566,0.0,0.0,0.0,0.0,0.02084069225680981,0.0,0.0,0.031568351307681056,0.03310840913345629,0.3921076682096101,0.6859449942143752,0.4926238627471444,0.14238635819111514,0.0,0.0,0.0,0.0,0.0,0.0,0.0,0.17544058988971217,0.0,0.0,0.0,0.0,0.0,0.0,0.0,0.0,0.0,0.0,0.0,0.0,0.0,0.0,0.0,0.0,0.0,0.0,0.0,0.0,0.0,0.0,0.0,0.0,0.0,0.0,0.0,0.0,0.0,0.0,0.0,0.0,0.0,0.0,0.0,0.0,0.0,0.0,0.0,0.0,0.0,0.0,0.0,0.0
0.5221516272290166,0.4317299960509643,0.1750668543919214,0.019927063529266615,0.06690754865749442,0.28586353608940523,0.7308212728799867,0.5433948066369919,0.29988154302091297,0.2024495131456881,1.0,0.7354279624618563,0.5421377368014672,0.4746475723555405,0.7308271929703812,0.5433957883185108,0.4746477659516278,0.5421376249021472,0.5221650610910578,0.28587399810288217,0.20245234383095714,0.29988240822752243,0.43175852316229424,0.1750923696131552,0.019948870464098992,0.06692258175046274,0.012211666931405159,0.012237977054117081,0.0,0.0,0.3753862611781818,0.0,0.0,0.0,0.03131655568520755,0.16109794573578565,0.24913793380926177,0.24913770903582108,0.16109676116013935,0.03131372613978046,0.0,0.0,0.0,0.37542545677958006,0.0,0.0,0.0,0.0,0.0,0.0,0.0,0.0,0.08910546715775085,0.0009475291180261325,0.0,0.0,0.0,0.0,0.0,0.0,0.0,0.0,0.0,0.0,0.0,0.0,0.0,0.0,0.0,0.0,0.0,0.0,0.0,0.0,0.0,0.0,0.0,0.0,0.1371937518394576,0.0,0.0,0.0,0.0,0.0,0.0,0.0,0.0,0.0
0.29883363976817356,0.19352588073794616,0.0,0.0,0.0,0.08632763350702867,0.5451699455178302,0.47900339863592034,0.21396107907571218,0.055713859448333104,0.7354279624618563,1.0,0.7361598409755246,0.5512980662455997,0.5451771394244503,0.47900627200879614,0.5512982716225976,0.7361616823086501,0.2988476346099387,0.08633868635312236,0.05571688418458963,0.21396171984384227,0.1935507557694277,0.0,0.0,0.0,0.0,0.0,0.0,0.0,0.1508213198995108,0.0,0.0,0.0,0.0,0.2546607238667207,0.4862220471670741,0.48622160194914255,0.25466099470898207,0.0,0.0,0.0,0.0,0.15085336140026107,0.0,0.0,0.0,0.0,0.0,0.0,0.0,0.0,0.0215288577815284,0.0,0.0,0.0,0.0,0.0,0.0,0.0,0.0,0.0,0.0,0.0,0.0,0.0,0.0,0.0,0.0,0.0,0.0,0.0,0.0,0.0,0.0,0.0,0.0,0.0,0.0908639499903303,0.0,0.0,0.0,0.0,0.0,0.0,0.0,0.0,0.0
0.2148511655438134,0.050241377458908165,0.0,0.0,0.0,0.06057023050313069,0.476409616624268,0.5523398312039106,0.31242818754909435,0.10310645536795138,0.5421377368014672,0.7361598409755246,1.0,0.7473502283762975,0.3048018378131133,0.21597559088604382,0.31196487492557506,0.5435067016369495,0.08379768781010707,0.0,0.0,0.0,0.03276533187681076,0.0,0.0,0.0,0.0,0.0,0.0,0.0,0.0,0.0,0.0,0.0,0.14253941378254695,0.4913808826929701,0.6858843579918972,0.3933478180342643,0.03535378693720242,0.0,0.0,0.0,0.0,0.03748587135514933,0.0,0.0,0.0,0.0,0.0,0.0,0.0,0.0,0.0,0.0,0.0,0.0,0.0,0.0,0.0,0.0,0.0,0.0,0.0,0.0,0.0,0.0,0.0,0.0,0.0,0.0,0.0,0.0,0.0,0.0,0.0,0.0,0.0,0.0,0.0,0.0,0.0,0.0,0.0,0.0,0.0,0.0,0.0,0.0
0.30488561448307544,0.08935209894367817,0.0,0.0,0.0,0.2150576992933724,0.5430513395375932,0.736146952514173,0.5431651406592887,0.31146974076441336,0.4746475723555405,0.5512980662455997,0.7473502283762975,1.0,0.21183420025157626,0.05937753893855399,0.10276945531140799,0.3119672520956681,0.03828166821321719,0.0,0.0,0.0,0.05101865159194472,0.0,0.0,0.0,0.0,0.0,0.0,0.0,0.0,0.0,0.0,0.03564603848959361,0.39421421004792206,0.6859160023174253,0.49147194629825613,0.14154389902460143,0.0,0.0,0.0,0.0,0.0,0.09340620647353216,0.0,0.0,0.0,0.0,0.0,0.0,0.0,0.0,0.0,0.0,0.0,0.0,0.0,0.0,0.0,0.0,0.0,0.0,0.0,0.0,0.0,0.0,0.0,0.0,0.0,0.0,0.0,0.0,0.0,0.0,0.0,0.0,0.0,0.0,0.0,0.0,0.0,0.0,0.0,0.0,0.0,0.0,0.0,0.0
0.4077785720919729,0.42069435444613873,0.18612597597847558,0.0,0.0,0.1534930003028431,0.5198450365778389,0.29351628742049307,0.07141475028041912,0.017349990251560834,0.7308271929703812,0.5451771394244503,0.3048018378131133,0.21183420025157626,1.0,0.7368531540586604,0.5430539774250301,0.4764123302620546,0.7298279299407705,0.5375704102780495,0.47019500322914975,0.5418846782352759,0.5328178172951524,0.2971093156931465,0.2023102469240868,0.29731529442015775,0.08019315471249237,0.08086770291861675,0.0,0.0,0.4246272441432287,0.0,0.0,0.0,0.0,0.0,0.03539295286698179,0.16284411687369305,0.2498220140514528,0.24991967548476884,0.15642423888787962,0.025481824600234963,0.0,0.37594274752406376,0.0,0.0,0.0,0.0,0.0,0.0,0.0,0.05874073451338444,0.2202459701503717,0.14337704498229123,0.0,0.0,0.0,0.007730669600136028,0.0,0.0,0.0,0.0,0.0,0.0,0.0,0.0,0.0,0.0,0.0,0.0,0.0,0.0,0.0,0.0,0.0,0.0,0.0,0.07304785244691107,0.2250931440207609,0.0,0.0,0.0,0.0,0.0,0.0,0.0,0.0,0.0
0.1713747063059478,0.22136114634934687,0.0001052649675001602,0.0,0.0,0.0,0.29350336322772086,0.08717947594535837,0.0,0.0,0.5433957883185108,0.47900627200879614,0.21597559088604382,0.05937753893855399,0.7368531540586604,1.0,0.7361487836022975,0.552338889190985,0.5455526977578989,0.4766015921749608,0.5487908540089259,0.7348674698656168,0.3053587665517679,0.0963829401701922,0.057748379721756525,0.21493638609203394,0.0,0.0,0.0,0.0,0.2706143158813108,0.0,0.0,0.0,0.0,0.0,0.0,0.2557703808589773,0.4857182724612732,0.4859515186499451,0.25240761831607644,0.0,0.0,0.12429091287954008,0.0,0.0,0.0,0.0,0.0,0.009293152615331084,0.05873044530904947,0.25376901456654344,0.3555321008616852,0.21946457894596919,0.0,0.0,0.029517023985504914,0.23519066678437364,0.0,0.0,0.0,0.0,0.0,0.0,0.0,0.0,0.0,0.0,0.0,0.0,0.0,0.0,0.0,0.0,0.0,0.0,0.0,0.08581797659049493,0.3450583750399832,0.1954641610130975,0.0,0.0,0.0,0.0,0.0,0.0,0.0,0.0
0.03824373094128933,0.05094853894637654,0.0,0.0,0.0,0.0,0.21181807553277493,0.059370013790027626,0.0,0.0,0.4746477659516278,0.5512982716225976,0.31196487492557506,0.10276945531140799,0.5430539774250301,0.7361487836022975,1.0,0.7473463822070183,0.304889762628229,0.21505817725904405,0.3114662807781653,0.543161722873876,0.0893571898837656,0.0,0.0,0.0,0.0,0.0,0.0,0.0,0.09331585186829967,0.0,0.0,0.0,0.0,0.0,0.14154673271343218,0.4914725713464519,0.6859149881146899,0.394209703335589,0.03564211940488681,0.0,0.0,0.0,0.0,0.0,0.0,0.0,0.0,0.0,0.0077482924518073116,0.23522161791741453,0.2915807089129637,0.0971685924375053,0.0,0.0,0.11851426883838341,0.30597753602602007,0.0,0.0,0.0,0.0,0.0,0.0,0.0,0.0,0.0,0.0,0.0,0.0,0.0,0.0,0.0,0.0,0.0,0.0,0.0,0.0,0.3156607925660688,0.3187652962995176,0.0,0.0,0.0,0.0,0.0,0.0,0.0,0.0
0.08377159178370522,0.03271941014084333,0.0,0.0,0.0,0.0,0.30479014870763627,0.21597125544157403,0.0,0.0,0.5421376249021472,0.7361616823086501,0.5435067016369495,0.3119672520956681,0.4764123302620546,0.552338889190985,0.7473463822070183,1.0,0.214857431191411,0.06057251604805224,0.10310225083446885,0.3124226991245392,0.050252780024224154,0.0,0.0,0.0,0.0,0.0,0.0,0.0,0.03742838864821666,0.0,0.0,0.0,0.0,0.035356521352684446,0.3933535197836086,0.6858869130512628,0.4913788660612427,0.1425316223170868,0.0,0.0,0.0,0.0,0.0,0.0,0.0,0.0,0.0,0.0,0.0,0.02956319070941207,0.11349149754353399,0.0,0.0,0.0,0.0,0.11853592350234482,0.0,0.0,0.0,0.0,0.0,0.0,0.0,0.0,0.0,0.0,0.0,0.0,0.0,0.0,0.0,0.0,0.0,0.0,0.0,0.0,0.17231610974926934,0.16799146861610936,0.0,0.0,0.0,0.0,0.0,0.0,0.0,0.0
0.383907321509575,0.4315913016002526,0.24921425830513783,0.06580959605278676,0.032065275902935855,0.16167546961397605,0.4078022467365299,0.1714149779492522,0.0,0.0,0.5221650610910578,0.2988476346099387,0.08379768781010707,0.03828166821321719,0.7298279299407705,0.5455526977578989,0.304889762628229,0.214857431191411,1.0,0.7350233558272916,0.5420690878815579,0.47718515604662626,0.7383183526283802,0.5469841394642859,0.472400012904737,0.5435429453924562,0.15795011442261256,0.30562141980664176,0.007019115729236195,0.07163199452031818,0.398236170950129,0.0,0.0,0.0,0.0,0.0,0.0,0.0,0.034559591904897616,0.16324533823249304,0.24826853869867632,0.25014734985810616,0.15870501364873305,0.4860118019228511,0.0,0.0,0.0,0.0,0.0,0.0,0.0,0.0,0.10157438588511833,0.08789801156448253,0.0,0.0,0.0,0.0,0.0,0.0,0.0,0.0,0.0,0.0,0.0,0.0,0.0,0.0,0.0,0.0,0.0,0.0,0.0,0.0,0.0,0.0,0.0,0.03538977437756576,0.0587719135431372,0.0,0.0,0.0,0.0,0.0,0.0,0.0,0.0,0.0
0.161661365995024,0.2745967431396658,0.14592153021293994,0.0,0.0,0.0,0.15350758742132972,0.0,0.0,0.0,0.28587399810288217,0.08633868635312236,0.0,0.0,0.5375704102780495,0.4766015921749608,0.21505817725904405,0.06057251604805224,0.7350233558272916,1.0,0.7354849197434526,0.5524517009078218,0.5500734747544741,0.4813168182016904,0.5489904197144344,0.7375426942184822,0.13248274912419636,0.21596537467498364,0.03629777625441296,0.0,0.2721919964310446,0.0,0.0,0.0,0.0,0.0,0.0,0.0,0.0,0.2559101854299189,0.48482820821997197,0.48746237730865694,0.25294050632894727,0.2543352418502533,0.0,0.0,0.0,0.0,0.0,0.012793234850471659,0.0,0.009233732642902243,0.13870678257169744,0.15094302178653315,0.0,0.0,0.0,0.0,0.0,0.0,0.0,0.0,0.0,0.0,0.0,0.0,0.0,0.0,0.0,0.0,0.0,0.12033636516916706,0.0,0.2068369955292746,0.0,0.0,0.0,0.06377866500011983,0.03706807122051954,0.0,0.0,0.0,0.0,0.0,0.0,0.0,0.0,0.0
0.0,0.1301406129959549,0.0,0.0,0.0,0.0,0.017345380359269563,0.0,0.0,0.0,0.20245234383095714,0.05571688418458963,0.0,0.0,0.47019500322914975,0.5487908540089259,0.3114662807781653,0.10310225083446885,0.5420690878815579,0.7354849197434526,1.0,0.7479080508198914,0.30804185752993407,0.21788695965799723,0.3090558321524987,0.5428819051873531,0.02064439455663505,0.0,0.0,0.0,0.17527318430515876,0.0,0.0,0.0,0.0,0.0,0.0,0.0,0.14237690849379092,0.49261974004892484,0.6859460718809138,0.3921045715159141,0.033103565455892235,0.03156260073089034,0.08782761096918494,0.0,0.0,0.0,0.0,0.1509209895129161,0.14327991960531578,0.2193832291528848,0.29290064341267175,0.2660032914915295,0.0008316717274942714,0.0,0.0,0.09707345820558758,0.0,0.0,0.0,0.0,0.0,0.0,0.0,0.0,0.16702316406623333,0.11127799487913956,0.0,0.0,0.0,0.24673730105221756,0.0,0.2707321436907532,0.0,0.0,0.0,0.11541080510007318,0.15820517402179973,0.0,0.0,0.0,0.0,0.0,0.0,0.0,0.0,0.22701314136312853
0.0,0.10334352763887787,0.0,0.0,0.0,0.0,0.07140190445188292,0.0,0.0,0.0,0.29988240822752243,0.21396171984384227,0.0,0.0,0.5418846782352759,0.7348674698656168,0.543161722873876,0.3124226991245392,0.47718515604662626,0.5524517009078218,0.7479080508198914,1.0,0.21893825424354452,0.06676378414973622,0.10367327844850607,0.3141955761053018,0.0,0.0,0.0,0.0,0.16879535636802992,0.0,0.0,0.0,0.0,0.0,0.0,0.036574456485237015,0.39315856004760386,0.6858568574320921,0.49192398220900213,0.1418773411181832,0.0,0.0,0.10154149948623752,0.0,0.0,0.0,0.0,0.1387185129820194,0.22018342392036427,0.35547743930344455,0.40452205448584544,0.2929333604664101,0.08902250231182753,0.021436797100779482,0.11339990408960987,0.2915001560237272,0.0,0.0,0.0,0.0,0.0,0.0,0.0,0.0,0.1041417167997508,0.0,0.0,0.0,0.0,0.06797330983517695,0.0,0.052301100808649685,0.0,0.0,0.0,0.11634773643088954,0.30830224601338824,0.17991166887595356,0.0,0.0,0.0,0.0,0.0,0.0,0.0,0.18270050658017647
0.4316655173426174,0.41293681355866235,0.2627484286868071,0.14610848315944144,0.1526444223130361,0.2746934856767195,0.42076683666086107,0.22145023004418599,0.10345060325221722,0.13025368035311566,0.43175852316229424,0.1935507557694277,0.03276533187681076,0.05101865159194472,0.5328178172951524,0.3053587665517679,0.0893571898837656,0.050252780024224154,0.7383183526283802,0.5500734747544741,0.30804185752993407,0.21893825424354452,1.0,0.7425831127534326,0.5485831330382392,0.4834458922129187,0.12138505906054405,0.5479787141395672,0.0,0.32376915344860574,0.2903136868661532,0.0,0.0,0.0,0.0,0.0,0.0,0.0,0.0,0.0,0.035851520229846105,0.16941605031236737,0.2547222165857753,0.6868637378461843,0.0,0.0,0.0,0.0,0.0,0.0,0.0,0.0,0.0,0.0,0.0,0.0,0.0,0.0,0.0,0.0,0.0,0.0,0.0,0.0,0.0,0.0,0.0,0.0,0.0,0.0,0.0,0.0,0.0,0.0,0.0,0.0,0.0,0.0,0.0,0.0,0.0,0.0,0.0,0.0,0.0,0.0,0.0,0.0
0.24929362331571694,0.26275278675507063,0.18690436476770236,0.10404546824450038,0.08606209414275688,0.14603799188435557,0.1861969275604798,0.00020058638886585363,0.0,0.0,0.1750923696131552,0.0,0.0,0.0,0.2971093156931465,0.0963829401701922,0.0,0.0,0.5469841394642859,0.4813168182016904,0.21788695965799723,0.06676378414973622,0.7425831127534326,1.0,0.7375080810090945,0.5546018799101244,0.0776671520604923,0.734481927509377,0.0,0.49121016424393465,0.11998149654344235,0.0,0.0,0.0,0.0,0.0,0.0,0.0,0.0,0.0,0.0,0.2581140779886255,0.48503418651785407,0.49268661914938106,0.0,0.0,0.0,0.0,0.0,0.0,0.0,0.0,0.0,0.0,0.0,0.0,0.0,0.0,0.0,0.0,0.0,0.0,0.0,0.0,0.0,0.0,0.0,0.0,0.0,0.0,0.0,0.0,0.0,0.0,0.0,0.0,0.0,0.0,0.0,0.0,0.0,0.0,0.0,0.0,0.0,0.0,0.0,0.0
0.06585275638804922,0.1460714240495319,0.103989974184171,0.0,0.0,0.0,0.0,0.0,0.0,0.0,0.019948870464098992,0.0,0.0,0.0,0.2023102469240868,0.057748379721756525,0.0,0.0,0.472400012904737,0.5489904197144344,0.3090558321524987,0.10367327844850607,0.5485831330382392,0.7375080810090945,1.0,0.7454810812774647,0.06888640333650356,0.5430308360641042,0.0,0.3198705241336004,0.042934220993635475,0.0,0.0,0.0,0.0,0.0,0.0,0.0,0.0,0.0,0.13647387671641031,0.49147333809139343,0.6862553365266514,0.2561448059198251,0.0,0.0,0.0,0.0,0.0,0.0,0.0,0.0,0.0,0.0,0.0,0.0,0.0,0.0,0.0,0.0,0.0,0.0,0.0,0.0,0.0,0.0,0.0,0.0,0.0,0.0,0.0,0.0,0.0,0.1180635914449268,0.0,0.0,0.0,0.0,0.0,0.0,0.0,0.0,0.0,0.0,0.0,0.0,0.0,0.0
0.032072214215125495,0.15256708901176477,0.08595798885685685,0.0,0.0,0.0,0.0,0.0,0.0,0.0,0.06692258175046274,0.0,0.0,0.0,0.29731529442015775,0.21493638609203394,0.0,0.0,0.5435429453924562,0.7375426942184822,0.5428819051873531,0.3141955761053018,0.4834458922129187,0.5546018799101244,0.7454810812774647,1.0,0.09476486863698984,0.31206216477605114,0.017985474289035568,0.07804526229736522,0.10817270511728805,0.0,0.0,0.0,0.0,0.0,0.0,0.0,0.0,0.03783971659194077,0.39003866065186976,0.6859259145373782,0.48946886314811894,0.17053279088944392,0.0,0.0,0.0,0.0,0.0,0.0,0.0,0.0,0.0,0.0,0.0,0.0,0.0,0.0,0.0,0.0,0.0,0.0,0.0,0.0,0.0,0.0,0.0,0.0,0.0,0.0,0.0,0.17478220974908384,0.0,0.312634715824483,0.0,0.0,0.0,0.0,0.0,0.0,0.0,0.0,0.0,0.0,0.0,0.0,0.0,0.0
0.3056215373350331,0.5479821698154299,0.7344819133232744,0.5430286953492846,0.3120622221727464,0.2159668043714188,0.08086240351223932,0.0,0.0,0.0,0.012211666931405159,0.0,0.0,0.0,0.08019315471249237,0.0,0.0,0.0,0.15795011442261256,0.13248274912419636,0.02064439455663505,0.0,0.12138505906054405,0.0776671520604923,0.06888640333650356,0.09476486863698984,1.0,0.0,0.756725540958928,0.0,0.39976196558290344,0.3893154356309484,0.03549951488208724,0.0,0.0,0.0,0.0,0.0,0.0,0.0,0.0,0.0,0.0,0.0,0.0,0.0,0.0,0.0,0.174782593294802,0.12027182361230546,0.0,0.0,0.06785414536312996,0.24664525342252647,0.0,0.0,0.0,0.0,0.0,0.0,0.0,0.0,0.0,0.0,0.0,0.0,0.0,0.0,0.0,0.0,0.0,0.0,0.0,0.0,0.0,0.0,0.23281037931343085,0.3233204959539263,0.0,0.0,0.0,0.0,0.0,0.0,0.0,0.0,0.0,0.0
0.1580666203770109,0.12143411948514903,0.07772720364215732,0.06901601273259293,0.09494721421906639,0.1326604031091746,0.08028093189100476,0.0,0.0,0.02084069225680981,0.012237977054117081,0.0,0.0,0.0,0.08086770291861675,0.0,0.0,0.0,0.30562141980664176,0.21596537467498364,0.0,0.0,0.5479787141395672,0.734481927509377,0.5430308360641042,0.31206216477605114,0.0,1.0,0.0,0.7567266323103454,0.0,0.0,0.0,0.0,0.0,0.0,0.0,0.0,0.0,0.0,0.0,0.03550069846298309,0.38931841201276063,0.39975162833006833,0.0,0.0,0.0,0.0,0.0,0.0,0.0,0.0,0.0,0.0,0.0,0.0,0.0,0.0,0.0,0.0,0.0,0.0,0.0,0.0,0.0,0.0,0.0,0.0,0.0,0.0,0.0,0.0,0.0,0.0,0.0,0.0,0.0,0.0,0.0,0.0,0.0,0.0,0.0,0.0,0.0,0.0,0.0,0.0
0.07163071665923094,0.3237704002876753,0.4912090379477675,0.3198685223812854,0.07804535109129183,0.0,0.0,0.0,0.0,0.0,0.0,0.0,0.0,0.0,0.0,0.0,0.0,0.0,0.007019115729236195,0.03629777625441296,0.0,0.0,0.0,0.0,0.0,0.017985474289035568,0.756725540958928,0.0,1.0,0.0,0.2331419099234841,0.22324700989472637,0.0,0.0,0.0,0.0,0.0,0.0,0.0,0.0,0.0,0.0,0.0,0.0,0.0,0.0,0.0,0.12501581829785194,0.33100377538570624,0.2189064797939781,0.0,0.0,0.05523796034041918,0.2865358344475841,0.0,0.0,0.0,0.0,0.0,0.0,0.0,0.0,0.0,0.0,0.0,0.0,0.0,0.0,0.0,0.0,0.0,0.0,0.0,0.0,0.0,0.0,0.40628051301158924,0.34584939703561773,0.0,0.0,0.0,0.0,0.0,0.0,0.0,0.0,0.0,0.0
0.007169394751913994,0.0,0.0,0.0,0.018243742491790362,0.036530422082124196,0.0,0.0,0.0,0.0,0.0,0.0,0.0,0.0,0.0,0.0,0.0,0.0,0.07163199452031818,0.0,0.0,0.0,0.32376915344860574,0.49121016424393465,0.3198705241336004,0.07804526229736522,0.0,0.7567266323103454,0.0,1.0,0.0,0.0,0.0,0.0,0.0,0.0,0.0,0.0,0.0,0.0,0.0,0.0,0.223250046819147,0.233133899931471,0.0,0.0,0.0,0.0,0.0,0.0,0.0,0.0,0.0,0.0,0.0,0.0,0.0,0.0,0.0,0.0,0.0,0.0,0.0,0.0,0.0,0.0,0.0,0.0,0.0,0.0,0.0,0.0,0.0,0.0,0.0,0.0,0.0,0.0,0.0,0.0,0.0,0.0,0.0,0.0,0.0,0.0,0.0,0.0
0.4860123101108268,0.6868664945524683,0.49269373234476244,0.256149963748677,0.17053808143665353,0.25433887492581103,0.3759314877956269,0.12428749998591049,0.0,0.031568351307681056,0.3753862611781818,0.1508213198995108,0.0,0.0,0.4246272441432287,0.2706143158813108,0.09331585186829967,0.03742838864821666,0.398236170950129,0.2721919964310446,0.17527318430515876,0.16879535636802992,0.2903136868661532,0.11998149654344235,0.042934220993635475,0.10817270511728805,0.39976196558290344,0.0,0.2331419099234841,0.0,1.0,0.0,0.0,0.0,0.0,0.0,0.0,0.0,0.0,0.0,0.0,0.0,0.0,0.16707260144277078,0.0,0.0,0.0,0.0,0.0,0.0,0.0,0.0,0.236007387869628,0.2933403833423485,0.0,0.0,0.0,0.0,0.0,0.0,0.0,0.0,0.0,0.0,0.0,0.0,0.0,0.0,0.0,0.0,0.0,0.0,0.0,0.0,0.0,0.0,0.0,0.3298288983289114,0.203219328016362,0.0,0.0,0.0,0.0,0.0,0.0,0.0,0.0,0.0
0.15870361585488021,0.25472492091666177,0.48503452933930197,0.6862573244689854,0.4894705616100512,0.25294181036090924,0.0,0.0,0.0,0.03310840913345629,0.0,0.0,0.0,0.0,0.0,0.0,0.0,0.0,0.0,0.0,0.0,0.0,0.0,0.0,0.0,0.0,0.3893154356309484,0.0,0.22324700989472637,0.0,0.0,1.0,0.40669951332679277,0.0,0.0,0.0,0.0,0.0,0.0,0.0,0.0,0.0,0.0,0.0,0.0,0.0,0.0,0.0,0.0,0.0,0.0,0.0,0.0,0.0,0.0,0.0,0.0,0.0,0.0,0.0,0.0,0.0,0.0,0.0,0.0,0.0,0.0,0.0,0.0,0.0,0.0,0.0,0.0,0.0,0.0,0.0,0.0,0.0,0.0,0.0,0.0,0.0,0.0,0.0,0.0,0.0,0.0,0.0
0.2501453021143535,0.16941788053465945,0.2581143742732209,0.49147348192524243,0.6859257543337645,0.4874625431464288,0.02547981699813213,0.0,0.14188079785654872,0.3921076682096101,0.0,0.0,0.0,0.0,0.0,0.0,0.0,0.0,0.0,0.0,0.0,0.0,0.0,0.0,0.0,0.0,0.03549951488208724,0.0,0.0,0.0,0.0,0.40669951332679277,1.0,0.4191246523026067,0.0,0.0,0.0,0.0,0.0,0.0,0.0,0.0,0.0,0.0,0.0,0.0,0.0,0.0,0.0,0.0,0.0,0.0,0.0,0.0,0.0,0.0,0.0,0.0,0.0,0.0,0.0,0.0,0.0,0.0,0.0,0.0,0.0,0.0,0.0,0.0,0.0,0.0,0.0,0.0,0.0,0.0,0.0,0.0,0.0,0.0,0.0,0.0,0.0,0.0,0.0,0.0,0.0,0.0
0.2482683016768692,0.03585590094583064,0.0,0.13647905499889626,0.3900429520378176,0.4848300728674155,0.1564248662539333,0.25241074037020633,0.49192468529293576,0.6859449942143752,0.0,0.0,0.0,0.03564603848959361,0.0,0.0,0.0,0.0,0.0,0.0,0.0,0.0,0.0,0.0,0.0,0.0,0.0,0.0,0.0,0.0,0.0,0.0,0.4191246523026067,1.0,0.40867877222569793,0.0,0.0,0.0,0.0,0.0,0.0,0.0,0.0,0.0,0.0,0.0,0.0,0.0,0.0,0.0,0.0,0.0,0.0,0.0,0.0,0.0,0.0,0.0,0.0,0.0,0.0,0.0,0.0,0.0,0.0,0.0,0.0,0.0,0.0,0.0,0.0,0.0,0.0,0.0,0.0,0.0,0.0,0.0,0.0,0.0,0.0,0.0,0.0,0.0,0.0,0.0,0.0,0.0
0.16324695381361715,0.0,0.0,0.0,0.037846619307328196,0.25591481903800073,0.24992236467276155,0.48595466860475395,0.685860205862555,0.4926238627471444,0.03131655568520755,0.0,0.14253941378254695,0.39421421004792206,0.0,0.0,0.0,0.0,0.0,0.0,0.0,0.0,0.0,0.0,0.0,0.0,0.0,0.0,0.0,0.0,0.0,0.0,0.0,0.40867877222569793,1.0,0.4256519456942219,0.0,0.0,0.0,0.0,0.0,0.0,0.0,0.0,0.0,0.0,0.0,0.0,0.0,0.0,0.0,0.0,0.0,0.0,0.0,0.0,0.0,0.0,0.0,0.0,0.0,0.0,0.0,0.0,0.0,0.0,0.0,0.0,0.0,0.0,0.0,0.0,0.0,0.0,0.0,0.0,0.0,0.0,0.0,0.0,0.0,0.0,0.0,0.0,0.0,0.0,0.0,0.0
0.034560125265764366,0.0,0.0,0.0,0.0,0.0,0.24982253395932255,0.4857200678649888,0.39316746995533103,0.14238635819111514,0.16109794573578565,0.2546607238667207,0.4913808826929701,0.6859160023174253,0.0,0.0,0.0,0.035356521352684446,0.0,0.0,0.0,0.0,0.0,0.0,0.0,0.0,0.0,0.0,0.0,0.0,0.0,0.0,0.0,0.0,0.4256519456942219,1.0,0.4065259754191319,0.0,0.0,0.0,0.0,0.0,0.0,0.0,0.0,0.0,0.0,0.0,0.0,0.0,0.0,0.0,0.0,0.0,0.0,0.0,0.0,0.0,0.0,0.0,0.0,0.0,0.0,0.0,0.0,0.0,0.0,0.0,0.0,0.0,0.0,0.0,0.0,0.0,0.0,0.0,0.0,0.0,0.0,0.0,0.0,0.0,0.0,0.0,0.0,0.0,0.0,0.0
0.0,0.0,0.0,0.0,0.0,0.0,0.16283835292487464,0.25576676827797695,0.036575352746742194,0.0,0.24913793380926177,0.4862220471670741,0.6858843579918972,0.49147194629825613,0.03539295286698179,0.0,0.14154673271343218,0.3933535197836086,0.0,0.0,0.0,0.0,0.0,0.0,0.0,0.0,0.0,0.0,0.0,0.0,0.0,0.0,0.0,0.0,0.0,0.4065259754191319,1.0,0.4240579755613691,0.0,0.0,0.0,0.0,0.0,0.0,0.0,0.0,0.0,0.0,0.0,0.0,0.0,0.0,0.0,0.0,0.0,0.0,0.0,0.0,0.0,0.0,0.0,0.0,0.0,0.0,0.0,0.0,0.0,0.0,0.0,0.0,0.0,0.0,0.0,0.0,0.0,0.0,0.0,0.0,0.0,0.0,0.0,0.0,0.0,0.0,0.0,0.0,0.0,0.0
0.0,0.0,0.0,0.0,0.0,0.0,0.03537994441031636,0.0,0.0,0.0,0.24913770903582108,0.48622160194914255,0.3933478180342643,0.14154389902460143,0.16284411687369305,0.2557703808589773,0.4914725713464519,0.6858869130512628,0.0,0.0,0.0,0.036574456485237015,0.0,0.0,0.0,0.0,0.0,0.0,0.0,0.0,0.0,0.0,0.0,0.0,0.0,0.0,0.4240579755613691,1.0,0.4065304955086471,0.0,0.0,0.0,0.0,0.0,0.0,0.0,0.0,0.0,0.0,0.0,0.0,0.0,0.0,0.0,0.0,0.0,0.0,0.0,0.0,0.0,0.0,0.0,0.0,0.0,0.0,0.0,0.0,0.0,0.0,0.0,0.0,0.0,0.0,0.0,0.0,0.0,0.0,0.0,0.0,0.02942647499098086,0.0,0.0,0.0,0.0,0.0,0.0,0.0,0.0
0.0,0.0,0.0,0.0,0.0,0.0,0.0,0.0,0.0,0.0,0.16109676116013935,0.25466099470898207,0.03535378693720242,0.0,0.2498220140514528,0.4857182724612732,0.6859149881146899,0.4913788660612427,0.034559591904897616,0.0,0.14237690849379092,0.39315856004760386,0.0,0.0,0.0,0.0,0.0,0.0,0.0,0.0,0.0,0.0,0.0,0.0,0.0,0.0,0.0,0.4065304955086471,1.0,0.42564008497140454,0.0,0.0,0.0,0.0,0.0,0.0,0.0,0.0,0.0,0.0,0.0,0.25253988138154027,0.23250344287772284,0.0,0.0,0.0,0.2169794668327625,0.41178955047971094,0.0,0.0,0.0,0.0,0.0,0.0,0.0,0.0,0.0,0.0,0.0,0.0,0.0,0.0,0.0,0.0,0.0,0.0,0.0,0.0,0.22166484905354583,0.4138820255006743,0.029366467068590234,0.0,0.0,0.0,0.0,0.0,0.0,0.0
0.0,0.0,0.0,0.0,0.0,0.0,0.0,0.0,0.0,0.0,0.03131372613978046,0.0,0.0,0.0,0.24991967548476884,0.4859515186499451,0.394209703335589,0.1425316223170868,0.16324533823249304,0.2559101854299189,0.49261974004892484,0.6858568574320921,0.0,0.0,0.0,0.03783971659194077,0.0,0.0,0.0,0.0,0.0,0.0,0.0,0.0,0.0,0.0,0.0,0.0,0.42564008497140454,1.0,0.4086730575876992,0.0,0.0,0.0,0.07586233821722654,0.0,0.0,0.0,0.0,0.04787639054729373,0.2906896975082247,0.44567461773762296,0.3982636468409725,0.20439449102502172,0.1771148524576355,0.11724626947414321,0.22246519733850104,0.40765966709146656,0.0,0.0,0.0,0.0,0.0,0.0,0.0,0.0,0.10771311295621253,0.0,0.0,0.0,0.0,0.0,0.0,0.0,0.0,0.0,0.0,0.0,0.23424107412586007,0.2215610778999826,0.0,0.0,0.0,0.0,0.0,0.0,0.0,0.20324718165871863
0.0,0.0,0.0,0.0,0.0,0.0,0.0,0.0,0.0,0.0,0.0,0.0,0.0,0.0,0.15642423888787962,0.25240761831607644,0.03564211940488681,0.0,0.24826853869867632,0.48482820821997197,0.6859460718809138,0.49192398220900213,0.035851520229846105,0.0,0.13647387671641031,0.39003866065186976,0.0,0.0,0.0,0.0,0.0,0.0,0.0,0.0,0.0,0.0,0.0,0.0,0.0,0.4086730575876992,1.0,0.4191168901959093,0.0,0.0,0.045561337064022975,0.0,0.0,0.0,0.0,0.08230110863367388,0.09418528147270604,0.11071690571748642,0.1502187995888463,0.149039663915751,0.0,0.0,0.0,0.0,0.0,0.0,0.0,0.0,0.0,0.0,0.0,0.0,0.28197474030502045,0.2426327043516721,0.0,0.0,0.0,0.41777212700677196,0.0,0.42208498482687534,0.0,0.0,0.0,0.0,0.0,0.0,0.0,0.0,0.0,0.0,0.0,0.0,0.0,0.3296594758537617
0.0,0.0,0.0,0.0,0.0,0.0,0.0,0.0,0.0,0.0,0.0,0.0,0.0,0.0,0.025481824600234963,0.0,0.0,0.0,0.25014734985810616,0.48746237730865694,0.3921045715159141,0.1418773411181832,0.16941605031236737,0.2581140779886255,0.49147333809139343,0.6859259145373782,0.0,0.03550069846298309,0.0,0.0,0.0,0.0,0.0,0.0,0.0,0.0,0.0,0.0,0.0,0.0,0.4191168901959093,1.0,0.40669898860265546,0.0,0.0,0.0,0.0,0.0,0.0,0.0,0.0,0.0,0.0,0.0,0.0,0.0,0.0,0.0,0.0,0.0,0.0,0.0,0.0,0.0,0.0,0.0,0.0,0.0,0.0,0.0,0.0,0.30069726394143115,0.0,0.4956512981986321,0.0,0.0,0.0,0.0,0.0,0.0,0.0,0.0,0.0,0.0,0.0,0.0,0.0,0.0
0.0,0.0,0.0,0.0,0.0,0.0,0.0,0.0,0.0,0.0,0.0,0.0,0.0,0.0,0.0,0.0,0.0,0.0,0.15870501364873305,0.25294050632894727,0.033103565455892235,0.0,0.2547222165857753,0.48503418651785407,0.6862553365266514,0.48946886314811894,0.0,0.38931841201276063,0.0,0.223250046819147,0.0,0.0,0.0,0.0,0.0,0.0,0.0,0.0,0.0,0.0,0.0,0.40669898860265546,1.0,0.0,0.0,0.0,0.0,0.0,0.0,0.0,0.0,0.0,0.0,0.0,0.0,0.0,0.0,0.0,0.0,0.0,0.0,0.0,0.0,0.0,0.0,0.0,0.0,0.0,0.0,0.0,0.0,0.0,0.0,0.0,0.0,0.0,0.0,0.0,0.0,0.0,0.0,0.0,0.0,0.0,0.0,0.0,0.0,0.0
0.3983686775721061,0.2903710336983249,0.12003859556781162,0.04302949833085512,0.10830755452266234,0.2723504055449274,0.4247418742277941,0.27074191028690026,0.16894776925626842,0.17544058988971217,0.37542545677958006,0.15085336140026107,0.03748587135514933,0.09340620647353216,0.37594274752406376,0.12429091287954008,0.0,0.0,0.4860118019228511,0.2543352418502533,0.03156260073089034,0.0,0.6868637378461843,0.49268661914938106,0.2561448059198251,0.17053279088944392,0.0,0.39975162833006833,0.0,0.233133899931471,0.16707260144277078,0.0,0.0,0.0,0.0,0.0,0.0,0.0,0.0,0.0,0.0,0.0,0.0,1.0,0.0,0.0,0.0,0.0,0.0,0.0,0.0,0.0,0.0,0.0,0.0,0.0,0.0,0.0,0.0,0.0,0.0,0.0,0.0,0.0,0.0,0.0,0.0,0.0,0.0,0.0,0.0,0.0,0.0,0.0,0.0,0.0,0.0,0.0,0.0,0.0,0.0,0.0,0.0,0.0,0.0,0.0,0.0,0.0
0.0,0.0,0.0,0.0,0.0,0.0,0.0,0.0,0.0,0.0,0.0,0.0,0.0,0.0,0.0,0.0,0.0,0.0,0.0,0.0,0.08782761096918494,0.10154149948623752,0.0,0.0,0.0,0.0,0.0,0.0,0.0,0.0,0.0,0.0,0.0,0.0,0.0,0.0,0.0,0.0,0.0,0.07586233821722654,0.045561337064022975,0.0,0.0,0.0,1.0,0.7383171292028815,0.5469827119677395,0.47239662734603693,0.5435403622655202,0.7350218079928027,0.7298246041897327,0.5455511226470771,0.47718346914523285,0.5420696455826759,0.5221516272290166,0.29883363976817356,0.2148511655438134,0.30488561448307544,0.4077785720919729,0.1713747063059478,0.03824373094128933,0.08377159178370522,0.38390732150957496,0.16166136599502368,0.0,0.0,0.43166551734261727,0.24929362331571694,0.06585275638804922,0.032072214215125495,0.3056215373350331,0.1580666203770109,0.07163071665923094,0.007169394751913994,0.48601231011082663,0.15870361585488021,0.25014530211435365,0.2482683016768692,0.1632469538136174,0.03456012526576453,0.0,0.0,0.0,0.0,0.0,0.0,0.0,0.3983686775721062
0.0,0.0,0.0,0.0,0.0,0.0,0.0,0.0,0.0,0.0,0.0,0.0,0.0,0.0,0.0,0.0,0.0,0.0,0.0,0.0,0.0,0.0,0.0,0.0,0.0,0.0,0.0,0.0,0.0,0.0,0.0,0.0,0.0,0.0,0.0,0.0,0.0,0.0,0.0,0.0,0.0,0.0,0.0,0.0,0.7383171292028815,1.0,0.7425853295412499,0.548583965071993,0.4834478306536238,0.5500750849245799,0.5328089936695526,0.3053565531008804,0.21893935160009814,0.3080459435699657,0.4317299960509643,0.19352588073794616,0.050241377458908165,0.08935209894367817,0.42069435444613873,0.22136114634934703,0.0509485389463767,0.03271941014084333,0.4315913016002526,0.2745967431396657,0.13014061299595472,0.1033435276388777,0.41293681355866235,0.26275278675507063,0.1460714240495319,0.15256708901176477,0.5479821698154299,0.12143411948514903,0.32377040028767545,0.0,0.6868664945524683,0.25472492091666177,0.1694178805346595,0.03585590094583031,0.0,0.0,0.0,0.0,0.0,0.0,0.0,0.0,0.0,0.2903710336983249
0.0,0.0,0.0,0.0,0.0,0.0,0.0,0.0,0.0,0.0,0.0,0.0,0.0,0.0,0.0,0.0,0.0,0.0,0.0,0.0,0.0,0.0,0.0,0.0,0.0,0.0,0.0,0.0,0.0,0.0,0.0,0.0,0.0,0.0,0.0,0.0,0.0,0.0,0.0,0.0,0.0,0.0,0.0,0.0,0.5469827119677395,0.7425853295412499,1.0,0.7375071259820846,0.5546028283334453,0.4813180220317727,0.2971026861902906,0.09638329643184085,0.06676694945022296,0.2178918042450846,0.17506685439192157,0.0,0.0,0.0,0.18612597597847558,0.0001052649675001602,0.0,0.0,0.24921425830513783,0.14592153021293977,0.0,0.0,0.26274842868680715,0.18690436476770253,0.103989974184171,0.08595798885685685,0.7344819133232744,0.07772720364215747,0.4912090379477675,0.0,0.49269373234476244,0.48503452933930197,0.2581143742732212,0.0,0.0,0.0,0.0,0.0,0.0,0.0,0.0,0.0,0.0,0.12003859556781162
0.0,0.0,0.0,0.0,0.0,0.0,0.0,0.0,0.0,0.0,0.0,0.0,0.0,0.0,0.0,0.0,0.0,0.0,0.0,0.0,0.0,0.0,0.0,0.0,0.0,0.0,0.0,0.0,0.12501581829785194,0.0,0.0,0.0,0.0,0.0,0.0,0.0,0.0,0.0,0.0,0.0,0.0,0.0,0.0,0.0,0.47239662734603693,0.548583965071993,0.7375071259820846,1.0,0.7454816576644157,0.5489900946061446,0.20230370008747323,0.05774805781891173,0.10367508164456159,0.30905907538989785,0.019927063529266615,0.0,0.0,0.0,0.0,0.0,0.0,0.0,0.06580959605278676,0.0,0.0,0.0,0.14610848315944144,0.10404546824450038,0.0,0.0,0.5430286953492846,0.06901601273259293,0.3198685223812854,0.0,0.2561499637486769,0.6862573244689854,0.4914734819252427,0.13647905499889626,0.0,0.0,0.0,0.0,0.0,0.0,0.0,0.0,0.0,0.04302949833085512
0.0,0.0,0.0,0.0,0.0,0.0,0.0,0.0,0.0,0.0,0.0,0.0,0.0,0.0,0.0,0.0,0.0,0.0,0.0,0.0,0.0,0.0,0.0,0.0,0.0,0.0,0.174782593294802,0.0,0.33100377538570624,0.0,0.0,0.0,0.0,0.0,0.0,0.0,0.0,0.0,0.0,0.0,0.0,0.0,0.0,0.0,0.5435403622655202,0.4834478306536238,0.5546028283334453,0.7454816576644157,1.0,0.7375422843811595,0.2973114944834502,0.21493753128275908,0.31419731499603915,0.5428844900386531,0.06690754865749425,0.0,0.0,0.0,0.0,0.0,0.0,0.0,0.03206527590293569,0.0,0.0,0.0,0.1526444223130361,0.08606209414275688,0.0,0.0,0.3120622221727464,0.09494721421906639,0.07804535109129183,0.018243742491790362,0.17053808143665344,0.4894705616100512,0.6859257543337647,0.3900429520378176,0.03784661930732836,0.0,0.0,0.0,0.0,0.0,0.0,0.0,0.0,0.10830755452266234
0.0,0.0,0.0,0.0,0.0,0.0,0.0,0.0,0.0,0.0,0.0,0.0,0.0,0.0,0.0,0.009293152615331084,0.0,0.0,0.0,0.012793234850471659,0.1509209895129161,0.1387185129820194,0.0,0.0,0.0,0.0,0.12027182361230546,0.0,0.2189064797939781,0.0,0.0,0.0,0.0,0.0,0.0,0.0,0.0,0.0,0.0,0.04787639054729373,0.08230110863367388,0.0,0.0,0.0,0.7350218079928027,0.5500750849245799,0.4813180220317727,0.5489900946061446,0.7375422843811595,1.0,0.5375684576119724,0.4766026865802026,0.5524521125477598,0.735487034363762,0.28586353608940523,0.08632763350702884,0.06057023050313069,0.2150576992933724,0.15349300030284327,0.0,0.0,0.0,0.16167546961397605,0.0,0.0,0.0,0.2746934856767195,0.14603799188435557,0.0,0.0,0.21596680437141896,0.1326604031091746,0.0,0.036530422082124196,0.2543388749258111,0.25294181036090935,0.4874625431464288,0.48483007286741525,0.25591481903800073,0.0,0.0,0.0,0.0,0.0,0.0,0.0,0.0,0.27235040554492745
0.0,0.0,0.0,0.0,0.0,0.0,0.0,0.0,0.0,0.0,0.0,0.0,0.0,0.0,0.0,0.05873044530904947,0.0077482924518073116,0.0,0.0,0.0,0.14327991960531578,0.22018342392036427,0.0,0.0,0.0,0.0,0.0,0.0,0.0,0.0,0.0,0.0,0.0,0.0,0.0,0.0,0.0,0.0,0.0,0.2906896975082247,0.09418528147270604,0.0,0.0,0.0,0.7298246041897327,0.5328089936695526,0.2971026861902906,0.20230370008747323,0.2973114944834502,0.5375684576119724,1.0,0.7368532463739482,0.5418850434078853,0.4701966395243781,0.7308212728799865,0.5451699455178302,0.476409616624268,0.5430513395375933,0.5198450365778389,0.29350336322772086,0.21181807553277493,0.30479014870763627,0.40780224673652976,0.15350758742132956,0.017345380359269233,0.07140190445188276,0.42076683666086107,0.1861969275604798,0.0,0.0,0.08086240351223932,0.08028093189100476,0.0,0.0,0.37593148779562674,0.0,0.02547981699813213,0.1564248662539333,0.2499223646727618,0.24982253395932255,0.16283835292487464,0.03537994441031636,0.0,0.0,0.0,0.0,0.0,0.4247418742277941
0.0,0.0,0.0,0.0,0.0,0.0,0.0,0.0,0.0,0.0,0.0,0.0,0.0,0.0,0.05874073451338444,0.25376901456654344,0.23522161791741453,0.02956319070941207,0.0,0.009233732642902243,0.2193832291528848,0.35547743930344455,0.0,0.0,0.0,0.0,0.0,0.0,0.0,0.0,0.0,0.0,0.0,0.0,0.0,0.0,0.0,0.0,0.25253988138154027,0.44567461773762296,0.11071690571748642,0.0,0.0,0.0,0.5455511226470771,0.3053565531008804,0.09638329643184085,0.05774805781891173,0.21493753128275908,0.4766026865802026,0.7368532463739482,1.0,0.7348698219281384,0.5487945876204536,0.5433948066369919,0.47900339863592034,0.5523398312039106,0.736146952514173,0.29351628742049307,0.08717947594535837,0.059370013790027626,0.2159712554415742,0.1714149779492522,0.0,0.0,0.0,0.22145023004418582,0.00020058638886585363,0.0,0.0,0.0,0.0,0.0,0.0,0.12428749998591049,0.0,0.0,0.2524107403702062,0.4859546686047541,0.4857200678649888,0.25576676827797684,0.0,0.0,0.0,0.0,0.0,0.0,0.27074191028690026
0.0,0.10409876437409607,0.0,0.0,0.0,0.0,0.0,0.0,0.0,0.0,0.08910546715775085,0.0215288577815284,0.0,0.0,0.2202459701503717,0.3555321008616852,0.2915807089129637,0.11349149754353399,0.10157438588511833,0.13870678257169744,0.29290064341267175,0.40452205448584544,0.0,0.0,0.0,0.0,0.06785414536312996,0.0,0.05523796034041918,0.0,0.236007387869628,0.0,0.0,0.0,0.0,0.0,0.0,0.0,0.23250344287772284,0.3982636468409725,0.1502187995888463,0.0,0.0,0.0,0.47718346914523285,0.21893935160009814,0.06676694945022296,0.10367508164456159,0.31419731499603915,0.5524521125477598,0.5418850434078853,0.7348698219281384,1.0,0.7479087784788926,0.2998815430209128,0.21396107907571202,0.31242818754909424,0.5431651406592886,0.07141475028041912,0.0,0.0,0.0,0.0,0.0,0.0,0.0,0.10345060325221705,0.0,0.0,0.0,0.0,0.0,0.0,0.0,0.0,0.0,0.14188079785654856,0.49192468529293576,0.6858602058625554,0.39316746995533103,0.036575352746742194,0.0,0.0,0.0,0.0,0.0,0.0,0.16894776925626834
