1.0,0.7383165638069311,0.5469829179440747,0.4723965910498659,0.5435408677298117,0.7350219645647315,0.7298261286603946,0.5455521686402962,0.47718564108120864,0.5420703616131993,0.5221554473113408,0.29883831762918717,0.21485398457969368,0.30488882279984364,0.40778336910935736,0.17138264629620042,0.038253147505902,0.08377800481715995,0.3839047023279757,0.16165888992099953,0.0,0.0,0.43165130642297905,0.24927611916604814,0.06583756271782257,0.03206369175485598,0.30562125064763096,0.1580430285035903,0.0716293748101938,0.007135649140177749,0.486011218219557,0.1587009102263269,0.25014422581372864,0.24826702154770816,0.16324593071054633,0.034559224796941075,0.0,0.0,0.0,0.0,0.0,0.0,0.0,0.39834839712541653,0.0,0.0,0.0,0.0,0.0,0.0,0.0,0.0,0.0,0.0,0.0,0.0,0.0,0.0,0.0,0.0,0.0,0.0,0.0,0.0,0.0,0.0,0.0,0.0,0.0,0.0,0.0,0.0,0.0,0.0,0.0,0.0,0.0,0.0,0.0,0.0,0.0,0.0,0.0,0.0,0.0,0.0,0.0,0.0
0.7383165638069311,1.0,0.7425851775082147,0.5485832460548001,0.48344730016500315,0.5500742807325109,0.5328109920764159,0.3053568602071649,0.21894012589207024,0.3080454094247401,0.4317362416386425,0.19353231858373268,0.05024491102579121,0.08935493594329333,0.4207084116889589,0.22137925790204413,0.05096482174942596,0.03273024881050569,0.43160060367723013,0.2746066398438654,0.1301547174352374,0.10336102655136037,0.41293418197583087,0.2627455886012479,0.14606698875724242,0.1525696629020063,0.547981437246358,0.12141965867788627,0.3237689355106949,0.0,0.6868651840528419,0.25472200446349136,0.1694155469293558,0.035852997348413324,0.0,0.0,0.0,0.0,0.0,0.0,0.0,0.0,0.0,0.29036290926541714,0.0,0.0,0.0,0.0,0.0,0.0,0.0,0.0,0.0,0.0,0.0,0.0,0.0,0.0,0.0,0.0,0.0,0.0,0.0,0.0,0.0,0.0,0.0,0.0,0.0,0.0,0.0,0.0,0.0,0.0,0.0,0.0,0.0,0.0,0.0,0.0,0.0,0.0,0.0,0.0,0.0,0.0,0.0,0.0
0.5469829179440747,0.7425851775082147,1.0,0.7375071621860878,0.554603110153489,0.48131820244467205,0.2971048461971685,0.09638377038938352,0.06676787434820931,0.217891959207451,0.17507291232131147,0.0,0.0,0.0,0.1861403395446305,0.00012505123533255744,0.0,0.0,0.24922510988198235,0.145934789936842,0.0,0.0,0.26274767949696787,0.18689757687791714,0.10398745858924308,0.08596380289147043,0.7344826235078523,0.07771026105845753,0.49120882005251915,0.0,0.4926911768826735,0.485032558107609,0.2581128864590194,0.0,0.0,0.0,0.0,0.0,0.0,0.0,0.0,0.0,0.0,0.12003125568158868,0.0,0.0,0.0,0.0,0.0,0.0,0.0,0.0,0.0,0.0,0.0,0.0,0.0,0.0,0.0,0.0,0.0,0.0,0.0,0.0,0.0,0.0,0.0,0.0,0.0,0.0,0.0,0.0,0.0,0.0,0.0,0.0,0.0,0.0,0.0,0.0,0.0,0.0,0.0,0.0,0.0,0.0,0.0,0.0
0.4723965910498659,0.5485832460548001,0.7375071621860878,1.0,0.745481560309831,0.5489900205763985,0.20230514699065996,0.057748132479619636,0.10367544965237956,0.30905894853445814,0.01993194901297753,0.0,0.0,0.0,0.0,0.0,0.0,0.0,0.06581429279809187,0.0,0.0,0.0,0.14610095932143335,0.10402972103504135,0.0,0.0,0.5430312063964662,0.06898709708434281,0.3198703043319339,0.0,0.2561473147760645,0.6862546611536854,0.49147190476810104,0.13647603018444368,0.0,0.0,0.0,0.0,0.0,0.0,0.0,0.0,0.0,0.04301504855058272,0.0,0.0,0.0,0.0,0.0,0.0,0.0,0.0,0.0,0.0,0.0,0.0,0.0,0.0,0.0,0.0,0.0,0.0,0.0,0.0,0.0,0.0,0.0,0.0,0.0,0.0,0.0,0.0,0.0,0.0,0.0,0.0,0.0,0.0,0.0,0.0,0.0,0.0,0.0,0.0,0.0,0.0,0.0,0.0
0.5435408677298117,0.48344730016500315,0.554603110153489,0.745481560309831,1.0,0.7375426305489141,0.29731284004540487,0.21493786125956216,0.314197867218835,0.5428846399751164,0.0669117226152725,0.0,0.0,0.0,0.0,0.0,0.0,0.0,0.0320646077391569,0.0,0.0,0.0,0.15263097492637956,0.08604009715785482,0.0,0.0,0.31206423109474396,0.09491122294219054,0.07804652869020504,0.018187126189100036,0.17053600366568009,0.48946776744889275,0.6859239267125835,0.3900400606942615,0.03784516676163328,0.0,0.0,0.0,0.0,0.0,0.0,0.0,0.0,0.1082867851665104,0.0,0.0,0.0,0.0,0.0,0.0,0.0,0.0,0.0,0.0,0.0,0.0,0.0,0.0,0.0,0.0,0.0,0.0,0.0,0.0,0.0,0.0,0.0,0.0,0.0,0.0,0.0,0.0,0.0,0.0,0.0,0.0,0.0,0.0,0.0,0.0,0.0,0.0,0.0,0.0,0.0,0.0,0.0,0.0
0.7350219645647315,0.5500742807325109,0.48131820244467205,0.5489900205763985,0.7375426305489141,1.0,0.5375690103899667,0.4766029047037608,0.5524531964252384,0.7354873985349404,0.28586635398615146,0.08633119339521061,0.060571540036640795,0.21505931299391004,0.15349592178872135,0.0,0.0,0.0,0.161670497269774,0.0,0.0,0.0,0.274675685729847,0.14601408691740214,0.0,0.0,0.2159676739590643,0.13262579736464078,0.0,0.036480932183499244,0.25433706465949985,0.252939056288854,0.48746164610454407,0.4848280501709507,0.2559135001057786,0.0,0.0,0.0,0.0,0.0,0.0,0.0,0.0,0.2723247128634903,0.0,0.0,0.0,0.0,0.0,0.0,0.0,0.0,0.0,0.0,0.0,0.0,0.0,0.0,0.0,0.0,0.0,0.0,0.0,0.0,0.0,0.0,0.0,0.0,0.0,0.0,0.0,0.0,0.0,0.0,0.0,0.0,0.0,0.0,0.0,0.0,0.0,0.0,0.0,0.0,0.0,0.0,0.0,0.0
0.7298261286603946,0.5328109920764159,0.2971048461971685,0.20230514699065996,0.29731284004540487,0.5375690103899667,1.0,0.7368531091112215,0.5418863816046731,0.47019674297206565,0.7308230703929446,0.5451727976598739,0.4764111389643097,0.5430537429591658,0.5198445853276636,0.2935050370489256,0.21182238736099004,0.30479290335464576,0.4077965354065883,0.15350201452088574,0.01734410342558764,0.07140330957510267,0.42075336808271635,0.1861833393309792,0.0,0.0,0.08086361183803874,0.08026475591997165,0.0,0.0,0.3759340885785661,0.0,0.02547948095327336,0.15642391331166944,0.24992006427797225,0.24982128747092955,0.1628418292642218,0.03538256756521525,0.0,0.0,0.0,0.0,0.0,0.4247242423231782,0.0,0.0,0.0,0.0,0.0,0.0,0.0,0.0,0.0,0.0,0.0,0.0,0.0,0.0,0.0,0.0,0.0,0.0,0.0,0.0,0.0,0.0,0.0,0.0,0.0,0.0,0.0,0.0,0.0,0.0,0.0,0.0,0.0,0.0,0.0,0.0,0.0,0.0,0.0,0.0,0.0,0.0,0.0,0.0
0.5455521686402962,0.3053568602071649,0.09638377038938352,0.057748132479619636,0.21493786125956216,0.4766029047037608,0.7368531091112215,1.0,0.7348707470798854,0.5487943928744042,0.543395340292692,0.47900441293386486,0.5523395381435845,0.7361483550766221,0.2935134124819728,0.08717801065323846,0.05937143162253499,0.21597093428386044,0.17140769793325197,0.0,0.0,0.0,0.22143587713182564,0.00018550755061013606,0.0,0.0,0.0,0.0,0.0,0.0,0.124287768977286,0.0,0.0,0.2524106147367303,0.48595255215981686,0.48571803319774903,0.2557693139552996,0.0,0.0,0.0,0.0,0.0,0.0,0.27072324226539385,0.0,0.0,0.0,0.0,0.0,0.0,0.0,0.0,0.0,0.0,0.0,0.0,0.0,0.0,0.0,0.0,0.0,0.0,0.0,0.0,0.0,0.0,0.0,0.0,0.0,0.0,0.0,0.0,0.0,0.0,0.0,0.0,0.0,0.0,0.0,0.0,0.0,0.0,0.0,0.0,0.0,0.0,0.0,0.0
0.47718564108120864,0.21894012589207024,0.06676787434820931,0.10367544965237956,0.314197867218835,0.5524531964252384,0.5418863816046731,0.7348707470798854,1.0,0.7479088404345168,0.29988376917575627,0.21396300089015163,0.3124276512167239,0.5431651729219333,0.07141388979884868,0.0,0.0,0.0,0.0,0.0,0.0,0.0,0.10343515193428116,0.0,0.0,0.0,0.0,0.0,0.0,0.0,0.0,0.0,0.14188058959311292,0.49192492014971645,0.6858569279791196,0.39316324560004734,0.036577506655811234,0.0,0.0,0.0,0.0,0.0,0.0,0.168926257588739,0.0,0.0,0.0,0.0,0.0,0.0,0.0,0.0,0.0,0.0,0.0,0.0,0.0,0.0,0.0,0.0,0.0,0.0,0.0,0.0,0.0,0.0,0.0,0.0,0.0,0.0,0.0,0.0,0.0,0.0,0.0,0.0,0.0,0.0,0.0,0.0,0.0,0.0,0.0,0.0,0.0,0.0,0.0,0.0
0.5420703616131993,0.3080454094247401,0.217891959207451,0.30905894853445814,0.5428846399751164,0.7354873985349404,0.47019674297206565,0.5487943928744042,0.7479088404345168,1.0,0.20245122506530783,0.05571583946400798,0.10310609599660964,0.31146987871896087,0.017349771685372148,0.0,0.0,0.0,0.0,0.0,0.0,0.0,0.13023497095677006,0.0,0.0,0.0,0.0,0.020806429199141045,0.0,0.0,0.03156691106114504,0.03310566631332939,0.3921074690738727,0.6859440728295036,0.49262238273939857,0.1423823250193502,0.0,0.0,0.0,0.0,0.0,0.0,0.0,0.17541426531176194,0.0,0.0,0.0,0.0,0.0,0.0,0.0,0.0,0.0,0.0,0.0,0.0,0.0,0.0,0.0,0.0,0.0,0.0,0.0,0.0,0.0,0.0,0.0,0.0,0.0,0.0,0.0,0.0,0.0,0.0,0.0,0.0,0.0,0.0,0.0,0.0,0.0,0.0,0.0,0.0,0.0,0.0,0.0,0.0
0.5221554473113408,0.4317362416386425,0.17507291232131147,0.01993194901297753,0.0669117226152725,0.28586635398615146,0.7308230703929446,0.543395340292692,0.29988376917575627,0.20245122506530783,1.0,0.7354291736553156,0.5421387977815619,0.47464976138318354,0.7308249519718307,0.543393846094925,0.4746481818943614,0.5421380826466907,0.522162330518353,0.28587030174519945,0.20245041388521434,0.29988123332258143,0.431753357008758,0.17508820937986647,0.01994269232106808,0.06691766463555325,0.01221634255282458,0.012234090721064836,0.0,0.0,0.3753952013338084,0.0,0.0,0.0,0.031314704038221695,0.16109754237303167,0.24913962060432457,0.24913805368892894,0.16109683080119785,0.031311826273369765,0.0,0.0,0.0,0.3754214619065984,0.0,0.0,0.0,0.0,0.0,0.0,0.0,0.0,0.0,0.0,0.0,0.0,0.0,0.0,0.0,0.0,0.0,0.0,0.0,0.0,0.0,0.0,0.0,0.0,0.0,0.0,0.0,0.0,0.0,0.0,0.0,0.0,0.0,0.0,0.0,0.0,0.0,0.0,0.0,0.0,0.0,0.0,0.0,0.0
0.29883831762918717,0.19353231858373268,0.0,0.0,0.0,0.08633119339521061,0.5451727976598739,0.47900441293386486,0.21396300089015163,0.05571583946400798,0.7354291736553156,1.0,0.7361606892679725,0.5512995889127779,0.5451760287297469,0.47900424075391884,0.5512975492304756,0.7361597180247142,0.2988472462085394,0.0863374938812051,0.05571699435212514,0.21396196756959807,0.19354826872532174,0.0,0.0,0.0,0.0,0.0,0.0,0.0,0.15082957639017178,0.0,0.0,0.0,0.0,0.2546609586119974,0.48622228116097965,0.4862202679956368,0.2546593516855366,0.0,0.0,0.0,0.0,0.1508519075967917,0.0,0.0,0.0,0.0,0.0,0.0,0.0,0.0,0.0,0.0,0.0,0.0,0.0,0.0,0.0,0.0,0.0,0.0,0.0,0.0,0.0,0.0,0.0,0.0,0.0,0.0,0.0,0.0,0.0,0.0,0.0,0.0,0.0,0.0,0.0,0.0,0.0,0.0,0.0,0.0,0.0,0.0,0.0,0.0
0.21485398457969368,0.05024491102579121,0.0,0.0,0.0,0.060571540036640795,0.4764111389643097,0.5523395381435845,0.3124276512167239,0.10310609599660964,0.5421387977815619,0.7361606892679725,1.0,0.7473496153390191,0.3047998648157109,0.2159737145918698,0.311965219336497,0.5435053492145684,0.08379494777023619,0.0,0.0,0.0,0.03275909675235056,0.0,0.0,0.0,0.0,0.0,0.0,0.0,0.0,0.0,0.0,0.0,0.1425359276467733,0.49138041463279614,0.685886280545956,0.39334739637950994,0.03535317895671918,0.0,0.0,0.0,0.0,0.03747934954245697,0.0,0.0,0.0,0.0,0.0,0.0,0.0,0.0,0.0,0.0,0.0,0.0,0.0,0.0,0.0,0.0,0.0,0.0,0.0,0.0,0.0,0.0,0.0,0.0,0.0,0.0,0.0,0.0,0.0,0.0,0.0,0.0,0.0,0.0,0.0,0.0,0.0,0.0,0.0,0.0,0.0,0.0,0.0,0.0
0.30488882279984364,0.08935493594329333,0.0,0.0,0.0,0.21505931299391004,0.5430537429591658,0.7361483550766221,0.5431651729219333,0.31146987871896087,0.47464976138318354,0.5512995889127779,0.7473496153390191,1.0,0.21183243411292416,0.059375973452253566,0.10277022894082646,0.3119661149554883,0.038277478492705595,0.0,0.0,0.0,0.051009579245548775,0.0,0.0,0.0,0.0,0.0,0.0,0.0,0.0,0.0,0.0,0.035646396803263536,0.39421130894524553,0.6859135226894466,0.49147383317236965,0.14154311346606568,0.0,0.0,0.0,0.0,0.0,0.0933952665948535,0.0,0.0,0.0,0.0,0.0,0.0,0.0,0.0,0.0,0.0,0.0,0.0,0.0,0.0,0.0,0.0,0.0,0.0,0.0,0.0,0.0,0.0,0.0,0.0,0.0,0.0,0.0,0.0,0.0,0.0,0.0,0.0,0.0,0.0,0.0,0.0,0.0,0.0,0.0,0.0,0.0,0.0,0.0,0.0
0.40778336910935736,0.4207084116889589,0.1861403395446305,0.0,0.0,0.15349592178872135,0.5198445853276636,0.2935134124819728,0.07141388979884868,0.017349771685372148,0.7308249519718307,0.5451760287297469,0.3047998648157109,0.21183243411292416,1.0,0.7368524383391999,0.5430545278772861,0.47641300604324394,0.7298283513717051,0.5375697131769724,0.4701955428395703,0.5418848382502497,0.5328159106351928,0.29710847277212743,0.20230776024185235,0.2973136364981599,0.08020880201213436,0.08086709149571761,0.0,0.0,0.4246509512658706,0.0,0.0,0.0,0.0,0.0,0.03539111260595707,0.16284399791224427,0.24982338417587846,0.24991943055314048,0.15642340959978734,0.025480200991161273,0.0,0.3759426518826062,0.0,0.0,0.0,0.0,0.0,0.0,0.0,0.0,0.0,0.0,0.0,0.0,0.0,0.0,0.0,0.0,0.0,0.0,0.0,0.0,0.0,0.0,0.0,0.0,0.0,0.0,0.0,0.0,0.0,0.0,0.0,0.0,0.0,0.0,0.0,0.0,0.0,0.0,0.0,0.0,0.0,0.0,0.0,0.0
0.17138264629620042,0.22137925790204413,0.00012505123533255744,0.0,0.0,0.0,0.2935050370489256,0.08717801065323846,0.0,0.0,0.543393846094925,0.47900424075391884,0.2159737145918698,0.059375973452253566,0.7368524383391999,1.0,0.736149140760609,0.5523397918205021,0.5455531279903123,0.47660213065474677,0.5487926170998064,0.7348696144580558,0.30535689237781294,0.09638244986333616,0.057747102099229244,0.2149359558857801,0.0,0.0,0.0,0.0,0.2706416789421152,0.0,0.0,0.0,0.0,0.0,0.0,0.2557703535027342,0.48572047407198526,0.4859523817972825,0.2524088120479129,0.0,0.0,0.12429063262695994,0.0,0.0,0.0,0.0,0.0,0.0,0.0,0.0,0.0,0.0,0.0,0.0,0.0,0.0,0.0,0.0,0.0,0.0,0.0,0.0,0.0,0.0,0.0,0.0,0.0,0.0,0.0,0.0,0.0,0.0,0.0,0.0,0.0,0.0,0.0,0.0,0.0,0.0,0.0,0.0,0.0,0.0,0.0,0.0
0.038253147505902,0.05096482174942596,0.0,0.0,0.0,0.0,0.21182238736099004,0.05937143162253499,0.0,0.0,0.4746481818943614,0.5512975492304756,0.311965219336497,0.10277022894082646,0.5430545278772861,0.736149140760609,1.0,0.7473482805714305,0.30489153924629475,0.21505976697990006,0.3114685099921913,0.5431643200133687,0.08935689204684291,0.0,0.0,0.0,0.0,0.0,0.0,0.0,0.09333736681150528,0.0,0.0,0.0,0.0,0.0,0.14154479311238188,0.4914731457987041,0.6859147803493424,0.3942099894229888,0.03564411984386013,0.0,0.0,0.0,0.0,0.0,0.0,0.0,0.0,0.0,0.0,0.0,0.0,0.0,0.0,0.0,0.0,0.0,0.0,0.0,0.0,0.0,0.0,0.0,0.0,0.0,0.0,0.0,0.0,0.0,0.0,0.0,0.0,0.0,0.0,0.0,0.0,0.0,0.0,0.0,0.0,0.0,0.0,0.0,0.0,0.0,0.0,0.0
0.08377800481715995,0.03273024881050569,0.0,0.0,0.0,0.0,0.30479290335464576,0.21597093428386044,0.0,0.0,0.5421380826466907,0.7361597180247142,0.5435053492145684,0.3119661149554883,0.47641300604324394,0.5523397918205021,0.7473482805714305,1.0,0.21485944956999792,0.06057468610441121,0.10310589357764706,0.31242668137473767,0.0502522852487045,0.0,0.0,0.0,0.0,0.0,0.0,0.0,0.03744260474103005,0.0,0.0,0.0,0.0,0.03535454250932564,0.3933497841434507,0.6858860893949458,0.49137949352021026,0.1425339122126214,0.0,0.0,0.0,0.0,0.0,0.0,0.0,0.0,0.0,0.0,0.0,0.0,0.0,0.0,0.0,0.0,0.0,0.0,0.0,0.0,0.0,0.0,0.0,0.0,0.0,0.0,0.0,0.0,0.0,0.0,0.0,0.0,0.0,0.0,0.0,0.0,0.0,0.0,0.0,0.0,0.0,0.0,0.0,0.0,0.0,0.0,0.0,0.0
0.3839047023279757,0.43160060367723013,0.24922510988198235,0.06581429279809187,0.0320646077391569,0.161670497269774,0.4077965354065883,0.17140769793325197,0.0,0.0,0.522162330518353,0.2988472462085394,0.08379494777023619,0.038277478492705595,0.7298283513717051,0.5455531279903123,0.30489153924629475,0.21485944956999792,1.0,0.7350225016335633,0.5420704743059997,0.47718554253951795,0.7383167833413273,0.5469829358161334,0.47239708293421045,0.5435410463908741,0.15796552830321392,0.30562055153577206,0.007038844312346244,0.07162935016597198,0.39825822433525965,0.0,0.0,0.0,0.0,0.0,0.0,0.0,0.03456309172059429,0.16324685775006292,0.24826817360988215,0.25014518479348846,0.1587019807270289,0.48601272241572907,0.0,0.0,0.0,0.0,0.0,0.0,0.0,0.0,0.0,0.0,0.0,0.0,0.0,0.0,0.0,0.0,0.0,0.0,0.0,0.0,0.0,0.0,0.0,0.0,0.0,0.0,0.0,0.0,0.0,0.0,0.0,0.0,0.0,0.0,0.0,0.0,0.0,0.0,0.0,0.0,0.0,0.0,0.0,0.0
0.16165888992099953,0.2746066398438654,0.145934789936842,0.0,0.0,0.0,0.15350201452088574,0.0,0.0,0.0,0.28587030174519945,0.0863374938812051,0.0,0.0,0.5375697131769724,0.47660213065474677,0.21505976697990006,0.06057468610441121,0.7350225016335633,1.0,0.7354867485422016,0.5524515942758201,0.5500728256335615,0.4813163095739449,0.5489893622031375,0.7375416022825572,0.13250350728374713,0.2159651978005191,0.03632617769489339,0.0,0.27221460871018177,0.0,0.0,0.0,0.0,0.0,0.0,0.0,0.0,0.2559124808599115,0.4848285907653761,0.4874615046807818,0.25293896706736274,0.25433636092463835,0.0,0.0,0.0,0.0,0.0,0.0,0.0,0.0,0.0,0.0,0.0,0.0,0.0,0.0,0.0,0.0,0.0,0.0,0.0,0.0,0.0,0.0,0.0,0.0,0.0,0.0,0.0,0.0,0.0,0.0,0.0,0.0,0.0,0.0,0.0,0.0,0.0,0.0,0.0,0.0,0.0,0.0,0.0,0.0
0.0,0.1301547174352374,0.0,0.0,0.0,0.0,0.01734410342558764,0.0,0.0,0.0,0.20245041388521434,0.05571699435212514,0.0,0.0,0.4701955428395703,0.5487926170998064,0.3114685099921913,0.10310589357764706,0.5420704743059997,0.7354867485422016,1.0,0.7479072815711604,0.30804307099295747,0.21788864024534815,0.3090570035625514,0.5428823838772796,0.02066841250528555,0.0,0.0,0.0,0.1752980353133072,0.0,0.0,0.0,0.0,0.0,0.0,0.0,0.14238196646136886,0.4926212811046155,0.6859447608869346,0.3921052800207901,0.03310403983041873,0.031565759630267476,0.0,0.0,0.0,0.0,0.0,0.0,0.0,0.0,0.0,0.0,0.0,0.0,0.0,0.0,0.0,0.0,0.0,0.0,0.0,0.0,0.0,0.0,0.0,0.0,0.0,0.0,0.0,0.0,0.0,0.0,0.0,0.0,0.0,0.0,0.0,0.0,0.0,0.0,0.0,0.0,0.0,0.0,0.0,0.0
0.0,0.10336102655136037,0.0,0.0,0.0,0.0,0.07140330957510267,0.0,0.0,0.0,0.29988123332258143,0.21396196756959807,0.0,0.0,0.5418848382502497,0.7348696144580558,0.5431643200133687,0.31242668137473767,0.47718554253951795,0.5524515942758201,0.7479072815711604,1.0,0.21893748699762045,0.06676373948652531,0.1036723493277876,0.3141944437287511,0.0,0.0,0.0,0.0,0.16882254249555348,0.0,0.0,0.0,0.0,0.0,0.0,0.036577878571444344,0.39316404216068096,0.6858579235148015,0.49192318324390655,0.14187684550877044,0.0,0.0,0.0,0.0,0.0,0.0,0.0,0.0,0.0,0.0,0.0,0.0,0.0,0.0,0.0,0.0,0.0,0.0,0.0,0.0,0.0,0.0,0.0,0.0,0.0,0.0,0.0,0.0,0.0,0.0,0.0,0.0,0.0,0.0,0.0,0.0,0.0,0.0,0.0,0.0,0.0,0.0,0.0,0.0,0.0,0.0
0.43165130642297905,0.41293418197583087,0.26274767949696787,0.14610095932143335,0.15263097492637956,0.274675685729847,0.42075336808271635,0.22143587713182564,0.10343515193428116,0.13023497095677006,0.431753357008758,0.19354826872532174,0.03275909675235056,0.051009579245548775,0.5328159106351928,0.30535689237781294,0.08935689204684291,0.0502522852487045,0.7383167833413273,0.5500728256335615,0.30804307099295747,0.21893748699762045,1.0,0.7425842915566435,0.5485818425011191,0.4834458235679738,0.12139059508871672,0.5479799760219017,0.0,0.32376854332603033,0.29032321498586283,0.0,0.0,0.0,0.0,0.0,0.0,0.0,0.0,0.0,0.03585146186015612,0.1694148179448169,0.2547211551530564,0.6868648797653257,0.0,0.0,0.0,0.0,0.0,0.0,0.0,0.0,0.0,0.0,0.0,0.0,0.0,0.0,0.0,0.0,0.0,0.0,0.0,0.0,0.0,0.0,0.0,0.0,0.0,0.0,0.0,0.0,0.0,0.0,0.0,0.0,0.0,0.0,0.0,0.0,0.0,0.0,0.0,0.0,0.0,0.0,0.0,0.0
0.24927611916604814,0.2627455886012479,0.18689757687791714,0.10402972103504135,0.08604009715785482,0.14601408691740214,0.1861833393309792,0.00018550755061013606,0.0,0.0,0.17508820937986647,0.0,0.0,0.0,0.29710847277212743,0.09638244986333616,0.0,0.0,0.5469829358161334,0.4813163095739449,0.21788864024534815,0.06676373948652531,0.7425842915566435,1.0,0.7375058444697264,0.5546018065322429,0.07766898840378815,0.7344821999241884,0.0,0.49120844531831187,0.11998766941269169,0.0,0.0,0.0,0.0,0.0,0.0,0.0,0.0,0.0,0.0,0.2581122040948225,0.48503198106690526,0.492688030622042,0.0,0.0,0.0,0.0,0.0,0.0,0.0,0.0,0.0,0.0,0.0,0.0,0.0,0.0,0.0,0.0,0.0,0.0,0.0,0.0,0.0,0.0,0.0,0.0,0.0,0.0,0.0,0.0,0.0,0.0,0.0,0.0,0.0,0.0,0.0,0.0,0.0,0.0,0.0,0.0,0.0,0.0,0.0,0.0
0.06583756271782257,0.14606698875724242,0.10398745858924308,0.0,0.0,0.0,0.0,0.0,0.0,0.0,0.01994269232106808,0.0,0.0,0.0,0.20230776024185235,0.057747102099229244,0.0,0.0,0.47239708293421045,0.5489893622031375,0.3090570035625514,0.1036723493277876,0.5485818425011191,0.7375058444697264,1.0,0.7454819980686377,0.06889398924136997,0.5430295029583847,0.0,0.3198675985241759,0.042942751359374684,0.0,0.0,0.0,0.0,0.0,0.0,0.0,0.0,0.0,0.13647477049419923,0.4914729239988816,0.6862552242586067,0.25614406701326853,0.0,0.0,0.0,0.0,0.0,0.0,0.0,0.0,0.0,0.0,0.0,0.0,0.0,0.0,0.0,0.0,0.0,0.0,0.0,0.0,0.0,0.0,0.0,0.0,0.0,0.0,0.0,0.0,0.0,0.0,0.0,0.0,0.0,0.0,0.0,0.0,0.0,0.0,0.0,0.0,0.0,0.0,0.0,0.0
0.03206369175485598,0.1525696629020063,0.08596380289147043,0.0,0.0,0.0,0.0,0.0,0.0,0.0,0.06691766463555325,0.0,0.0,0.0,0.2973136364981599,0.2149359558857801,0.0,0.0,0.5435410463908741,0.7375416022825572,0.5428823838772796,0.3141944437287511,0.4834458235679738,0.5546018065322429,0.7454819980686377,1.0,0.09477999240000906,0.3120626298674443,0.018011240763930354,0.07804408748309681,0.10818738823605416,0.0,0.0,0.0,0.0,0.0,0.0,0.0,0.0,0.03784171158583332,0.3900386655190514,0.6859247587444345,0.4894688254874042,0.1705339676930732,0.0,0.0,0.0,0.0,0.0,0.0,0.0,0.0,0.0,0.0,0.0,0.0,0.0,0.0,0.0,0.0,0.0,0.0,0.0,0.0,0.0,0.0,0.0,0.0,0.0,0.0,0.0,0.0,0.0,0.0,0.0,0.0,0.0,0.0,0.0,0.0,0.0,0.0,0.0,0.0,0.0,0.0,0.0,0.0
0.30562125064763096,0.547981437246358,0.7344826235078523,0.5430312063964662,0.31206423109474396,0.2159676739590643,0.08086361183803874,0.0,0.0,0.0,0.01221634255282458,0.0,0.0,0.0,0.08020880201213436,0.0,0.0,0.0,0.15796552830321392,0.13250350728374713,0.02066841250528555,0.0,0.12139059508871672,0.07766898840378815,0.06889398924136997,0.09477999240000906,1.0,0.0,0.7567246108702107,0.0,0.39975762457301484,0.3893181675842484,0.035500313985721864,0.0,0.0,0.0,0.0,0.0,0.0,0.0,0.0,0.0,0.0,0.0,0.0,0.0,0.0,0.0,0.0,0.0,0.0,0.0,0.0,0.0,0.0,0.0,0.0,0.0,0.0,0.0,0.0,0.0,0.0,0.0,0.0,0.0,0.0,0.0,0.0,0.0,0.0,0.0,0.0,0.0,0.0,0.0,0.0,0.0,0.0,0.0,0.0,0.0,0.0,0.0,0.0,0.0,0.0,0.0
0.1580430285035903,0.12141965867788627,0.07771026105845753,0.06898709708434281,0.09491122294219054,0.13262579736464078,0.08026475591997165,0.0,0.0,0.020806429199141045,0.012234090721064836,0.0,0.0,0.0,0.08086709149571761,0.0,0.0,0.0,0.30562055153577206,0.2159651978005191,0.0,0.0,0.5479799760219017,0.7344821999241884,0.5430295029583847,0.3120626298674443,0.0,1.0,0.0,0.7567246570834786,0.0,0.0,0.0,0.0,0.0,0.0,0.0,0.0,0.0,0.0,0.0,0.03549918164083043,0.38931672298537556,0.3997524536286667,0.0,0.0,0.0,0.0,0.0,0.0,0.0,0.0,0.0,0.0,0.0,0.0,0.0,0.0,0.0,0.0,0.0,0.0,0.0,0.0,0.0,0.0,0.0,0.0,0.0,0.0,0.0,0.0,0.0,0.0,0.0,0.0,0.0,0.0,0.0,0.0,0.0,0.0,0.0,0.0,0.0,0.0,0.0,0.0
0.0716293748101938,0.3237689355106949,0.49120882005251915,0.3198703043319339,0.07804652869020504,0.0,0.0,0.0,0.0,0.0,0.0,0.0,0.0,0.0,0.0,0.0,0.0,0.0,0.007038844312346244,0.03632617769489339,0.0,0.0,0.0,0.0,0.0,0.018011240763930354,0.7567246108702107,0.0,1.0,0.0,0.23313683960964682,0.2232505590884533,0.0,0.0,0.0,0.0,0.0,0.0,0.0,0.0,0.0,0.0,0.0,0.0,0.0,0.0,0.0,0.0,0.0,0.0,0.0,0.0,0.0,0.0,0.0,0.0,0.0,0.0,0.0,0.0,0.0,0.0,0.0,0.0,0.0,0.0,0.0,0.0,0.0,0.0,0.0,0.0,0.0,0.0,0.0,0.0,0.0,0.0,0.0,0.0,0.0,0.0,0.0,0.0,0.0,0.0,0.0,0.0
0.007135649140177749,0.0,0.0,0.0,0.018187126189100036,0.036480932183499244,0.0,0.0,0.0,0.0,0.0,0.0,0.0,0.0,0.0,0.0,0.0,0.0,0.07162935016597198,0.0,0.0,0.0,0.32376854332603033,0.49120844531831187,0.3198675985241759,0.07804408748309681,0.0,0.7567246570834786,0.0,1.0,0.0,0.0,0.0,0.0,0.0,0.0,0.0,0.0,0.0,0.0,0.0,0.0,0.22324684201702172,0.23313293440641047,0.0,0.0,0.0,0.0,0.0,0.0,0.0,0.0,0.0,0.0,0.0,0.0,0.0,0.0,0.0,0.0,0.0,0.0,0.0,0.0,0.0,0.0,0.0,0.0,0.0,0.0,0.0,0.0,0.0,0.0,0.0,0.0,0.0,0.0,0.0,0.0,0.0,0.0,0.0,0.0,0.0,0.0,0.0,0.0
0.486011218219557,0.6868651840528419,0.4926911768826735,0.2561473147760645,0.17053600366568009,0.25433706465949985,0.3759340885785661,0.124287768977286,0.0,0.03156691106114504,0.3753952013338084,0.15082957639017178,0.0,0.0,0.4246509512658706,0.2706416789421152,0.09333736681150528,0.03744260474103005,0.39825822433525965,0.27221460871018177,0.1752980353133072,0.16882254249555348,0.29032321498586283,0.11998766941269169,0.042942751359374684,0.10818738823605416,0.39975762457301484,0.0,0.23313683960964682,0.0,1.0,0.0,0.0,0.0,0.0,0.0,0.0,0.0,0.0,0.0,0.0,0.0,0.0,0.16707747052706506,0.0,0.0,0.0,0.0,0.0,0.0,0.0,0.0,0.0,0.0,0.0,0.0,0.0,0.0,0.0,0.0,0.0,0.0,0.0,0.0,0.0,0.0,0.0,0.0,0.0,0.0,0.0,0.0,0.0,0.0,0.0,0.0,0.0,0.0,0.0,0.0,0.0,0.0,0.0,0.0,0.0,0.0,0.0,0.0
0.1587009102263269,0.25472200446349136,0.485032558107609,0.6862546611536854,0.48946776744889275,0.252939056288854,0.0,0.0,0.0,0.03310566631332939,0.0,0.0,0.0,0.0,0.0,0.0,0.0,0.0,0.0,0.0,0.0,0.0,0.0,0.0,0.0,0.0,0.3893181675842484,0.0,0.2232505590884533,0.0,0.0,1.0,0.4066955036057701,0.0,0.0,0.0,0.0,0.0,0.0,0.0,0.0,0.0,0.0,0.0,0.0,0.0,0.0,0.0,0.0,0.0,0.0,0.0,0.0,0.0,0.0,0.0,0.0,0.0,0.0,0.0,0.0,0.0,0.0,0.0,0.0,0.0,0.0,0.0,0.0,0.0,0.0,0.0,0.0,0.0,0.0,0.0,0.0,0.0,0.0,0.0,0.0,0.0,0.0,0.0,0.0,0.0,0.0,0.0
0.25014422581372864,0.1694155469293558,0.2581128864590194,0.49147190476810104,0.6859239267125835,0.48746164610454407,0.02547948095327336,0.0,0.14188058959311292,0.3921074690738727,0.0,0.0,0.0,0.0,0.0,0.0,0.0,0.0,0.0,0.0,0.0,0.0,0.0,0.0,0.0,0.0,0.035500313985721864,0.0,0.0,0.0,0.0,0.4066955036057701,1.0,0.4191216858673461,0.0,0.0,0.0,0.0,0.0,0.0,0.0,0.0,0.0,0.0,0.0,0.0,0.0,0.0,0.0,0.0,0.0,0.0,0.0,0.0,0.0,0.0,0.0,0.0,0.0,0.0,0.0,0.0,0.0,0.0,0.0,0.0,0.0,0.0,0.0,0.0,0.0,0.0,0.0,0.0,0.0,0.0,0.0,0.0,0.0,0.0,0.0,0.0,0.0,0.0,0.0,0.0,0.0,0.0
0.24826702154770816,0.035852997348413324,0.0,0.13647603018444368,0.3900400606942615,0.4848280501709507,0.15642391331166944,0.2524106147367303,0.49192492014971645,0.6859440728295036,0.0,0.0,0.0,0.035646396803263536,0.0,0.0,0.0,0.0,0.0,0.0,0.0,0.0,0.0,0.0,0.0,0.0,0.0,0.0,0.0,0.0,0.0,0.0,0.4191216858673461,1.0,0.40868040498248964,0.0,0.0,0.0,0.0,0.0,0.0,0.0,0.0,0.0,0.0,0.0,0.0,0.0,0.0,0.0,0.0,0.0,0.0,0.0,0.0,0.0,0.0,0.0,0.0,0.0,0.0,0.0,0.0,0.0,0.0,0.0,0.0,0.0,0.0,0.0,0.0,0.0,0.0,0.0,0.0,0.0,0.0,0.0,0.0,0.0,0.0,0.0,0.0,0.0,0.0,0.0,0.0,0.0
0.16324593071054633,0.0,0.0,0.0,0.03784516676163328,0.2559135001057786,0.24992006427797225,0.48595255215981686,0.6858569279791196,0.49262238273939857,0.031314704038221695,0.0,0.1425359276467733,0.39421130894524553,0.0,0.0,0.0,0.0,0.0,0.0,0.0,0.0,0.0,0.0,0.0,0.0,0.0,0.0,0.0,0.0,0.0,0.0,0.0,0.40868040498248964,1.0,0.42564538620695125,0.0,0.0,0.0,0.0,0.0,0.0,0.0,0.0,0.0,0.0,0.0,0.0,0.0,0.0,0.0,0.0,0.0,0.0,0.0,0.0,0.0,0.0,0.0,0.0,0.0,0.0,0.0,0.0,0.0,0.0,0.0,0.0,0.0,0.0,0.0,0.0,0.0,0.0,0.0,0.0,0.0,0.0,0.0,0.0,0.0,0.0,0.0,0.0,0.0,0.0,0.0,0.0
0.034559224796941075,0.0,0.0,0.0,0.0,0.0,0.24982128747092955,0.48571803319774903,0.39316324560004734,0.1423823250193502,0.16109754237303167,0.2546609586119974,0.49138041463279614,0.6859135226894466,0.0,0.0,0.0,0.03535454250932564,0.0,0.0,0.0,0.0,0.0,0.0,0.0,0.0,0.0,0.0,0.0,0.0,0.0,0.0,0.0,0.0,0.42564538620695125,1.0,0.4065308568882893,0.0,0.0,0.0,0.0,0.0,0.0,0.0,0.0,0.0,0.0,0.0,0.0,0.0,0.0,0.0,0.0,0.0,0.0,0.0,0.0,0.0,0.0,0.0,0.0,0.0,0.0,0.0,0.0,0.0,0.0,0.0,0.0,0.0,0.0,0.0,0.0,0.0,0.0,0.0,0.0,0.0,0.0,0.0,0.0,0.0,0.0,0.0,0.0,0.0,0.0,0.0
0.0,0.0,0.0,0.0,0.0,0.0,0.1628418292642218,0.2557693139552996,0.036577506655811234,0.0,0.24913962060432457,0.48622228116097965,0.685886280545956,0.49147383317236965,0.03539111260595707,0.0,0.14154479311238188,0.3933497841434507,0.0,0.0,0.0,0.0,0.0,0.0,0.0,0.0,0.0,0.0,0.0,0.0,0.0,0.0,0.0,0.0,0.0,0.4065308568882893,1.0,0.4240533117276815,0.0,0.0,0.0,0.0,0.0,0.0,0.0,0.0,0.0,0.0,0.0,0.0,0.0,0.0,0.0,0.0,0.0,0.0,0.0,0.0,0.0,0.0,0.0,0.0,0.0,0.0,0.0,0.0,0.0,0.0,0.0,0.0,0.0,0.0,0.0,0.0,0.0,0.0,0.0,0.0,0.0,0.0,0.0,0.0,0.0,0.0,0.0,0.0,0.0,0.0
0.0,0.0,0.0,0.0,0.0,0.0,0.03538256756521525,0.0,0.0,0.0,0.24913805368892894,0.4862202679956368,0.39334739637950994,0.14154311346606568,0.16284399791224427,0.2557703535027342,0.4914731457987041,0.6858860893949458,0.0,0.0,0.0,0.036577878571444344,0.0,0.0,0.0,0.0,0.0,0.0,0.0,0.0,0.0,0.0,0.0,0.0,0.0,0.0,0.4240533117276815,1.0,0.4065296053676514,0.0,0.0,0.0,0.0,0.0,0.0,0.0,0.0,0.0,0.0,0.0,0.0,0.0,0.0,0.0,0.0,0.0,0.0,0.0,0.0,0.0,0.0,0.0,0.0,0.0,0.0,0.0,0.0,0.0,0.0,0.0,0.0,0.0,0.0,0.0,0.0,0.0,0.0,0.0,0.0,0.0,0.0,0.0,0.0,0.0,0.0,0.0,0.0,0.0
0.0,0.0,0.0,0.0,0.0,0.0,0.0,0.0,0.0,0.0,0.16109683080119785,0.2546593516855366,0.03535317895671918,0.0,0.24982338417587846,0.48572047407198526,0.6859147803493424,0.49137949352021026,0.03456309172059429,0.0,0.14238196646136886,0.39316404216068096,0.0,0.0,0.0,0.0,0.0,0.0,0.0,0.0,0.0,0.0,0.0,0.0,0.0,0.0,0.0,0.4065296053676514,1.0,0.42564446556548685,0.0,0.0,0.0,0.0,0.0,0.0,0.0,0.0,0.0,0.0,0.0,0.0,0.0,0.0,0.0,0.0,0.0,0.0,0.0,0.0,0.0,0.0,0.0,0.0,0.0,0.0,0.0,0.0,0.0,0.0,0.0,0.0,0.0,0.0,0.0,0.0,0.0,0.0,0.0,0.0,0.0,0.0,0.0,0.0,0.0,0.0,0.0,0.0
0.0,0.0,0.0,0.0,0.0,0.0,0.0,0.0,0.0,0.0,0.031311826273369765,0.0,0.0,0.0,0.24991943055314048,0.4859523817972825,0.3942099894229888,0.1425339122126214,0.16324685775006292,0.2559124808599115,0.4926212811046155,0.6858579235148015,0.0,0.0,0.0,0.03784171158583332,0.0,0.0,0.0,0.0,0.0,0.0,0.0,0.0,0.0,0.0,0.0,0.0,0.42564446556548685,1.0,0.40867655739421765,0.0,0.0,0.0,0.0,0.0,0.0,0.0,0.0,0.0,0.0,0.0,0.0,0.0,0.0,0.0,0.0,0.0,0.0,0.0,0.0,0.0,0.0,0.0,0.0,0.0,0.0,0.0,0.0,0.0,0.0,0.0,0.0,0.0,0.0,0.0,0.0,0.0,0.0,0.0,0.0,0.0,0.0,0.0,0.0,0.0,0.0,0.0
0.0,0.0,0.0,0.0,0.0,0.0,0.0,0.0,0.0,0.0,0.0,0.0,0.0,0.0,0.15642340959978734,0.2524088120479129,0.03564411984386013,0.0,0.24826817360988215,0.4848285907653761,0.6859447608869346,0.49192318324390655,0.03585146186015612,0.0,0.13647477049419923,0.3900386655190514,0.0,0.0,0.0,0.0,0.0,0.0,0.0,0.0,0.0,0.0,0.0,0.0,0.0,0.40867655739421765,1.0,0.4191186708813623,0.0,0.0,0.0,0.0,0.0,0.0,0.0,0.0,0.0,0.0,0.0,0.0,0.0,0.0,0.0,0.0,0.0,0.0,0.0,0.0,0.0,0.0,0.0,0.0,0.0,0.0,0.0,0.0,0.0,0.0,0.0,0.0,0.0,0.0,0.0,0.0,0.0,0.0,0.0,0.0,0.0,0.0,0.0,0.0,0.0,0.0
0.0,0.0,0.0,0.0,0.0,0.0,0.0,0.0,0.0,0.0,0.0,0.0,0.0,0.0,0.025480200991161273,0.0,0.0,0.0,0.25014518479348846,0.4874615046807818,0.3921052800207901,0.14187684550877044,0.1694148179448169,0.2581122040948225,0.4914729239988816,0.6859247587444345,0.0,0.03549918164083043,0.0,0.0,0.0,0.0,0.0,0.0,0.0,0.0,0.0,0.0,0.0,0.0,0.4191186708813623,1.0,0.40669725430843867,0.0,0.0,0.0,0.0,0.0,0.0,0.0,0.0,0.0,0.0,0.0,0.0,0.0,0.0,0.0,0.0,0.0,0.0,0.0,0.0,0.0,0.0,0.0,0.0,0.0,0.0,0.0,0.0,0.0,0.0,0.0,0.0,0.0,0.0,0.0,0.0,0.0,0.0,0.0,0.0,0.0,0.0,0.0,0.0,0.0
0.0,0.0,0.0,0.0,0.0,0.0,0.0,0.0,0.0,0.0,0.0,0.0,0.0,0.0,0.0,0.0,0.0,0.0,0.1587019807270289,0.25293896706736274,0.03310403983041873,0.0,0.2547211551530564,0.48503198106690526,0.6862552242586067,0.4894688254874042,0.0,0.38931672298537556,0.0,0.22324684201702172,0.0,0.0,0.0,0.0,0.0,0.0,0.0,0.0,0.0,0.0,0.0,0.40669725430843867,1.0,0.0,0.0,0.0,0.0,0.0,0.0,0.0,0.0,0.0,0.0,0.0,0.0,0.0,0.0,0.0,0.0,0.0,0.0,0.0,0.0,0.0,0.0,0.0,0.0,0.0,0.0,0.0,0.0,0.0,0.0,0.0,0.0,0.0,0.0,0.0,0.0,0.0,0.0,0.0,0.0,0.0,0.0,0.0,0.0,0.0
0.39834839712541653,0.29036290926541714,0.12003125568158868,0.04301504855058272,0.1082867851665104,0.2723247128634903,0.4247242423231782,0.27072324226539385,0.168926257588739,0.17541426531176194,0.3754214619065984,0.1508519075967917,0.03747934954245697,0.0933952665948535,0.3759426518826062,0.12429063262695994,0.0,0.0,0.48601272241572907,0.25433636092463835,0.031565759630267476,0.0,0.6868648797653257,0.492688030622042,0.25614406701326853,0.1705339676930732,0.0,0.3997524536286667,0.0,0.23313293440641047,0.16707747052706506,0.0,0.0,0.0,0.0,0.0,0.0,0.0,0.0,0.0,0.0,0.0,0.0,1.0,0.0,0.0,0.0,0.0,0.0,0.0,0.0,0.0,0.0,0.0,0.0,0.0,0.0,0.0,0.0,0.0,0.0,0.0,0.0,0.0,0.0,0.0,0.0,0.0,0.0,0.0,0.0,0.0,0.0,0.0,0.0,0.0,0.0,0.0,0.0,0.0,0.0,0.0,0.0,0.0,0.0,0.0,0.0,0.0
0.0,0.0,0.0,0.0,0.0,0.0,0.0,0.0,0.0,0.0,0.0,0.0,0.0,0.0,0.0,0.0,0.0,0.0,0.0,0.0,0.0,0.0,0.0,0.0,0.0,0.0,0.0,0.0,0.0,0.0,0.0,0.0,0.0,0.0,0.0,0.0,0.0,0.0,0.0,0.0,0.0,0.0,0.0,0.0,1.0,0.7383165638069311,0.5469829179440746,0.4723965910498657,0.5435408677298121,0.7350219645647312,0.7298261286603946,0.5455521686402963,0.47718564108120853,0.5420703616131992,0.5221554473113407,0.29883831762918717,0.2148539845796935,0.30488882279984375,0.40778336910935736,0.17138264629620042,0.038253147505902,0.08377800481715979,0.3839047023279757,0.16165888992099936,0.0,0.0,0.43165130642297905,0.2492761191660483,0.06583756271782257,0.03206369175485615,0.3056212506476306,0.15804302850359048,0.0716293748101938,0.007135649140177749,0.486011218219557,0.15870091022632674,0.2501442258137289,0.248267021547708,0.1632459307105465,0.0345592247969414,0.0,0.0,0.0,0.0,0.0,0.0,0.0,0.39834839712541653
0.0,0.0,0.0,0.0,0.0,0.0,0.0,0.0,0.0,0.0,0.0,0.0,0.0,0.0,0.0,0.0,0.0,0.0,0.0,0.0,0.0,0.0,0.0,0.0,0.0,0.0,0.0,0.0,0.0,0.0,0.0,0.0,0.0,0.0,0.0,0.0,0.0,0.0,0.0,0.0,0.0,0.0,0.0,0.0,0.7383165638069311,1.0,0.7425851775082144,0.5485832460548001,0.48344730016500365,0.5500742807325107,0.5328109920764159,0.30535686020716507,0.21894012589207024,0.30804540942473985,0.4317362416386425,0.19353231858373268,0.05024491102579121,0.08935493594329348,0.4207084116889589,0.22137925790204413,0.05096482174942596,0.03273024881050552,0.43160060367723,0.27460663984386524,0.1301547174352374,0.10336102655136037,0.41293418197583087,0.262745588601248,0.14606698875724242,0.15256966290200646,0.5479814372463576,0.12141965867788644,0.3237689355106949,0.0,0.6868651840528418,0.2547220044634912,0.16941554692935612,0.03585299734841316,0.0,0.0,0.0,0.0,0.0,0.0,0.0,0.0,0.0,0.29036290926541725
0.0,0.0,0.0,0.0,0.0,0.0,0.0,0.0,0.0,0.0,0.0,0.0,0.0,0.0,0.0,0.0,0.0,0.0,0.0,0.0,0.0,0.0,0.0,0.0,0.0,0.0,0.0,0.0,0.0,0.0,0.0,0.0,0.0,0.0,0.0,0.0,0.0,0.0,0.0,0.0,0.0,0.0,0.0,0.0,0.5469829179440746,0.7425851775082144,1.0,0.737507162186088,0.5546031101534894,0.4813182024446717,0.2971048461971683,0.09638377038938352,0.06676787434820915,0.21789195920745066,0.1750729123213113,0.0,0.0,0.0,0.18614033954463016,0.000125051235332064,0.0,0.0,0.24922510988198218,0.1459347899368417,0.0,0.0,0.26274767949696787,0.18689757687791714,0.10398745858924308,0.08596380289147043,0.734482623507852,0.07771026105845753,0.4912088200525192,0.0,0.4926911768826731,0.48503255810760904,0.25811288645901975,0.0,0.0,0.0,0.0,0.0,0.0,0.0,0.0,0.0,0.0,0.12003125568158868
0.0,0.0,0.0,0.0,0.0,0.0,0.0,0.0,0.0,0.0,0.0,0.0,0.0,0.0,0.0,0.0,0.0,0.0,0.0,0.0,0.0,0.0,0.0,0.0,0.0,0.0,0.0,0.0,0.0,0.0,0.0,0.0,0.0,0.0,0.0,0.0,0.0,0.0,0.0,0.0,0.0,0.0,0.0,0.0,0.4723965910498657,0.5485832460548001,0.737507162186088,1.0,0.7454815603098307,0.548990020576398,0.2023051469906598,0.0577481324796193,0.10367544965237906,0.30905894853445753,0.019931949012977367,0.0,0.0,0.0,0.0,0.0,0.0,0.0,0.0658142927980917,0.0,0.0,0.0,0.14610095932143335,0.10402972103504135,0.0,0.0,0.5430312063964662,0.06898709708434281,0.31987030433193425,0.0,0.2561473147760645,0.6862546611536854,0.49147190476810093,0.13647603018444318,0.0,0.0,0.0,0.0,0.0,0.0,0.0,0.0,0.0,0.04301504855058256
0.0,0.0,0.0,0.0,0.0,0.0,0.0,0.0,0.0,0.0,0.0,0.0,0.0,0.0,0.0,0.0,0.0,0.0,0.0,0.0,0.0,0.0,0.0,0.0,0.0,0.0,0.0,0.0,0.0,0.0,0.0,0.0,0.0,0.0,0.0,0.0,0.0,0.0,0.0,0.0,0.0,0.0,0.0,0.0,0.5435408677298121,0.48344730016500365,0.5546031101534894,0.7454815603098307,1.0,0.7375426305489144,0.29731284004540526,0.2149378612595625,0.3141978672188351,0.5428846399751163,0.06691172261527284,0.0,0.0,0.0,0.0,0.0,0.0,0.0,0.03206460773915723,0.0,0.0,0.0,0.1526309749263799,0.08604009715785499,0.0,0.0,0.3120642310947438,0.09491122294219054,0.07804652869020537,0.018187126189100036,0.17053600366568047,0.48946776744889253,0.6859239267125833,0.39004006069426134,0.03784516676163361,0.0,0.0,0.0,0.0,0.0,0.0,0.0,0.0,0.1082867851665104
0.0,0.0,0.0,0.0,0.0,0.0,0.0,0.0,0.0,0.0,0.0,0.0,0.0,0.0,0.0,0.0,0.0,0.0,0.0,0.0,0.0,0.0,0.0,0.0,0.0,0.0,0.0,0.0,0.0,0.0,0.0,0.0,0.0,0.0,0.0,0.0,0.0,0.0,0.0,0.0,0.0,0.0,0.0,0.0,0.7350219645647312,0.5500742807325107,0.4813182024446717,0.548990020576398,0.7375426305489144,1.0,0.5375690103899666,0.4766029047037609,0.5524531964252383,0.7354873985349403,0.28586635398615123,0.08633119339521061,0.060571540036640635,0.21505931299391004,0.15349592178872118,0.0,0.0,0.0,0.16167049726977384,0.0,0.0,0.0,0.2746756857298469,0.14601408691740214,0.0,0.0,0.2159676739590638,0.13262579736464095,0.0,0.03648093218349941,0.2543370646594997,0.2529390562888537,0.4874616461045444,0.4848280501709507,0.2559135001057788,0.0,0.0,0.0,0.0,0.0,0.0,0.0,0.0,0.2723247128634902
0.0,0.0,0.0,0.0,0.0,0.0,0.0,0.0,0.0,0.0,0.0,0.0,0.0,0.0,0.0,0.0,0.0,0.0,0.0,0.0,0.0,0.0,0.0,0.0,0.0,0.0,0.0,0.0,0.0,0.0,0.0,0.0,0.0,0.0,0.0,0.0,0.0,0.0,0.0,0.0,0.0,0.0,0.0,0.0,0.7298261286603946,0.5328109920764159,0.2971048461971683,0.2023051469906598,0.29731284004540526,0.5375690103899666,1.0,0.7368531091112216,0.5418863816046731,0.47019674297206565,0.7308230703929443,0.5451727976598739,0.4764111389643095,0.5430537429591659,0.5198445853276636,0.29350503704892555,0.21182238736099004,0.30479290335464565,0.4077965354065883,0.15350201452088558,0.01734410342558764,0.07140330957510267,0.42075336808271624,0.18618333933097936,0.0,0.0,0.08086361183803857,0.08026475591997198,0.0,0.0,0.3759340885785662,0.0,0.025479480953273688,0.15642391331166927,0.24992006427797234,0.24982128747092996,0.16284182926422164,0.03538256756521509,0.0,0.0,0.0,0.0,0.0,0.42472424232317824
0.0,0.0,0.0,0.0,0.0,0.0,0.0,0.0,0.0,0.0,0.0,0.0,0.0,0.0,0.0,0.0,0.0,0.0,0.0,0.0,0.0,0.0,0.0,0.0,0.0,0.0,0.0,0.0,0.0,0.0,0.0,0.0,0.0,0.0,0.0,0.0,0.0,0.0,0.0,0.0,0.0,0.0,0.0,0.0,0.5455521686402963,0.30535686020716507,0.09638377038938352,0.0577481324796193,0.2149378612595625,0.4766029047037609,0.7368531091112216,1.0,0.7348707470798854,0.5487943928744042,0.5433953402926919,0.4790044129338649,0.5523395381435845,0.7361483550766221,0.293513412481973,0.08717801065323863,0.05937143162253516,0.21597093428386044,0.17140769793325214,0.0,0.0,0.0,0.22143587713182564,0.00018550755061030053,0.0,0.0,0.0,0.0,0.0,0.0,0.12428776897728616,0.0,0.0,0.25241061473673015,0.48595255215981686,0.4857180331977493,0.25576931395529956,0.0,0.0,0.0,0.0,0.0,0.0,0.27072324226539385
0.0,0.0,0.0,0.0,0.0,0.0,0.0,0.0,0.0,0.0,0.0,0.0,0.0,0.0,0.0,0.0,0.0,0.0,0.0,0.0,0.0,0.0,0.0,0.0,0.0,0.0,0.0,0.0,0.0,0.0,0.0,0.0,0.0,0.0,0.0,0.0,0.0,0.0,0.0,0.0,0.0,0.0,0.0,0.0,0.47718564108120853,0.21894012589207024,0.06676787434820915,0.10367544965237906,0.3141978672188351,0.5524531964252383,0.5418863816046731,0.7348707470798854,1.0,0.7479088404345168,0.29988376917575604,0.21396300089015163,0.3124276512167239,0.5431651729219333,0.07141388979884868,0.0,0.0,0.0,0.0,0.0,0.0,0.0,0.10343515193428099,0.0,0.0,0.0,0.0,0.0,0.0,0.0,0.0,0.0,0.14188058959311275,0.4919249201497163,0.6858569279791198,0.3931632456000476,0.036577506655811234,0.0,0.0,0.0,0.0,0.0,0.0,0.16892625758873883
0.0,0.0,0.0,0.0,0.0,0.0,0.0,0.0,0.0,0.0,0.0,0.0,0.0,0.0,0.0,0.0,0.0,0.0,0.0,0.0,0.0,0.0,0.0,0.0,0.0,0.0,0.0,0.0,0.0,0.0,0.0,0.0,0.0,0.0,0.0,0.0,0.0,0.0,0.0,0.0,0.0,0.0,0.0,0.0,0.5420703616131992,0.30804540942473985,0.21789195920745066,0.30905894853445753,0.5428846399751163,0.7354873985349403,0.47019674297206565,0.5487943928744042,0.7479088404345168,1.0,0.2024512250653075,0.05571583946400798,0.10310609599660964,0.311469878718961,0.01734977168537198,0.0,0.0,0.0,0.0,0.0,0.0,0.0,0.1302349709567699,0.0,0.0,0.0,0.0,0.02080642919914121,0.0,0.0,0.03156691106114487,0.033105666313329056,0.3921074690738726,0.6859440728295036,0.49262238273939885,0.14238232501935036,0.0,0.0,0.0,0.0,0.0,0.0,0.0,0.17541426531176169
0.0,0.0,0.0,0.0,0.0,0.0,0.0,0.0,0.0,0.0,0.0,0.0,0.0,0.0,0.0,0.0,0.0,0.0,0.0,0.0,0.0,0.0,0.0,0.0,0.0,0.0,0.0,0.0,0.0,0.0,0.0,0.0,0.0,0.0,0.0,0.0,0.0,0.0,0.0,0.0,0.0,0.0,0.0,0.0,0.5221554473113407,0.4317362416386425,0.1750729123213113,0.019931949012977367,0.06691172261527284,0.28586635398615123,0.7308230703929443,0.5433953402926919,0.29988376917575604,0.2024512250653075,1.0,0.7354291736553156,0.5421387977815617,0.4746497613831835,0.7308249519718311,0.5433938460949254,0.4746481818943616,0.5421380826466908,0.5221623305183534,0.2858703017451996,0.20245041388521468,0.2998812333225817,0.4317533570087579,0.17508820937986647,0.019942692321068246,0.06691766463555358,0.01221634255282458,0.012234090721064836,0.0,0.0,0.3753952013338087,0.0,0.0,0.0,0.03131470403822153,0.16109754237303175,0.24913962060432432,0.24913805368892886,0.16109683080119802,0.031311826273369765,0.0,0.0,0.0,0.3754214619065986
0.0,0.0,0.0,0.0,0.0,0.0,0.0,0.0,0.0,0.0,0.0,0.0,0.0,0.0,0.0,0.0,0.0,0.0,0.0,0.0,0.0,0.0,0.0,0.0,0.0,0.0,0.0,0.0,0.0,0.0,0.0,0.0,0.0,0.0,0.0,0.0,0.0,0.0,0.0,0.0,0.0,0.0,0.0,0.0,0.29883831762918717,0.19353231858373268,0.0,0.0,0.0,0.08633119339521061,0.5451727976598739,0.4790044129338649,0.21396300089015163,0.05571583946400798,0.7354291736553156,1.0,0.7361606892679724,0.551299588912778,0.5451760287297469,0.4790042407539189,0.5512975492304756,0.7361597180247141,0.2988472462085396,0.0863374938812051,0.0557169943521253,0.21396196756959807,0.19354826872532174,0.0,0.0,0.0,0.0,0.0,0.0,0.0,0.15082957639017194,0.0,0.0,0.0,0.0,0.2546609586119978,0.48622228116097954,0.4862202679956366,0.25465935168553655,0.0,0.0,0.0,0.0,0.15085190759679196
0.0,0.0,0.0,0.0,0.0,0.0,0.0,0.0,0.0,0.0,0.0,0.0,0.0,0.0,0.0,0.0,0.0,0.0,0.0,0.0,0.0,0.0,0.0,0.0,0.0,0.0,0.0,0.0,0.0,0.0,0.0,0.0,0.0,0.0,0.0,0.0,0.0,0.0,0.0,0.0,0.0,0.0,0.0,0.0,0.2148539845796935,0.05024491102579121,0.0,0.0,0.0,0.060571540036640635,0.4764111389643095,0.5523395381435845,0.3124276512167239,0.10310609599660964,0.5421387977815617,0.7361606892679724,1.0,0.7473496153390193,0.30479986481571086,0.2159737145918698,0.311965219336497,0.5435053492145684,0.08379494777023619,0.0,0.0,0.0,0.032759096752350225,0.0,0.0,0.0,0.0,0.0,0.0,0.0,0.0,0.0,0.0,0.0,0.14253592764677347,0.49138041463279647,0.685886280545956,0.39334739637950994,0.03535317895671918,0.0,0.0,0.0,0.0,0.03747934954245697
