1.0,0.7383166801283008,0.5469819032007213,0.47239606343452134,0.5435399703376855,0.735023811424428,0.7298229345345313,0.5455531163351027,0.4771884510350094,0.5420743353750281,0.5221553710170644,0.2988438049890287,0.21485835711042064,0.3048904159434598,0.4077800147404605,0.17138388879014074,0.03826216324089629,0.08378650222499477,0.38387097223122707,0.1615891232797742,0.0,0.0,0.43160248046743904,0.24916747000702985,0.06569687224930827,0.03194060688136895,0.3056207679107978,0.15793578015827425,0.07162922115494477,0.007037028930726071,0.48600716103091507,0.15870273717220001,0.2501455910154782,0.24827169966445878,0.16324994448749186,0.0345603552407269,0.0,0.0,0.0,0.0,0.0,0.0,0.0,0.3983503897780198,0.0,0.0,0.0,0.0,0.0,0.0,0.0,0.0,0.0,0.0,0.0,0.0,0.0,0.0,0.0,0.083211260455352,0.0,0.0,0.059821001225041776,0.235436551498751,0.34233127811280917,0.2634984650441999,0.0,0.0,0.026914908242772862,0.20461609864577304,0.0,0.0,0.0,0.0,0.0,0.0,0.0,0.0,0.0,0.0,0.0,0.0,0.0,0.14442729399942378,0.2886430158073948,0.1420768201018978,0.0,0.0
0.7383166801283008,1.0,0.7425848190720138,0.548583948311672,0.48344875675561,0.5500790121558288,0.5328079906858321,0.3053586612293993,0.21894314143164548,0.3080502684057208,0.4317395848571601,0.19354338026940054,0.05025253127721581,0.08935781284741105,0.42070208160484324,0.22138176029764894,0.05098103525842916,0.03274583189562065,0.4315313553115138,0.2744777449585065,0.13007715671992276,0.1033398247086782,0.4128363916840348,0.26255334433917454,0.14582177321924802,0.15235276290080454,0.5479811432983256,0.12123362540453902,0.3237689808568086,0.0,0.6868673375467472,0.25472597609101466,0.1694188267175096,0.03585875346641976,0.0,0.0,0.0,0.0,0.0,0.0,0.0,0.0,0.0,0.29033171045437667,0.0,0.0,0.0,0.0,0.0,0.0,0.0,0.0,0.0,0.0,0.0,0.0,0.0,0.0,0.10517369063587947,0.1892494374718499,0.06520471499889995,0.0,0.17196582196706872,0.2799247503575759,0.33657103907184105,0.29893790726650565,0.045110735568080824,0.0,0.07085858271948976,0.2115092144568499,0.0,0.0,0.0,0.0,0.0,0.0,0.0,0.0,0.0,0.0,0.0,0.0,0.0,0.1431016603354069,0.20387746385601577,0.08361662331973847,0.0,0.0
0.5469819032007213,0.7425848190720138,1.0,0.7375077091927642,0.5546050492462206,0.48132295916581036,0.29710087732796214,0.09638543989916004,0.06677027739948858,0.2178963828932726,0.17507467121854495,0.0,0.0,0.0,0.18613031297871388,0.0001260428662932769,0.0,0.0,0.249140923119173,0.1457724537637931,0.0,0.0,0.2626172908177928,0.18662665296795863,0.10363936609997294,0.08566957574973429,0.7344828023083487,0.07743026406061754,0.4912086307757063,0.0,0.4926996226245556,0.4850369806989611,0.2581162568132277,0.0,0.0,0.0,0.0,0.0,0.0,0.0,0.0,0.0,0.0,0.11997303641876204,0.0,0.0,0.0,0.0,0.0,0.0,0.0,0.0,0.0,0.0,0.0,0.0,0.0,0.0,0.17193679117936161,0.2967524652617701,0.23896770489690558,0.09431138804907527,0.15852607741582542,0.2107178550744664,0.29948456526569356,0.3568888843673481,0.004488824000873894,0.0,0.0,0.07263934116807792,0.0,0.0,0.0,0.0,0.0,0.0,0.0,0.0,0.0,0.0,0.0,0.0,0.1303611066393926,0.22790652593842978,0.12495269036940171,0.0,0.0,0.0
0.47239606343452134,0.548583948311672,0.7375077091927642,1.0,0.7454834550141458,0.5489939025337743,0.20230142829495154,0.05774855581102956,0.10367609527311947,0.30906199828407765,0.019932504382278695,0.0,0.0,0.0,0.0,0.0,0.0,0.0,0.06574885555845901,0.0,0.0,0.0,0.1459881948138593,0.1037756111451452,0.0,0.0,0.5430314722767056,0.06869986327568753,0.3198694290706055,0.0,0.25615448500588545,0.6862570519431527,0.4914745698890266,0.13648098505398815,0.0,0.0,0.0,0.0,0.0,0.0,0.0,0.0,0.0,0.04296422184196322,0.0,0.0,0.0,0.0,0.0,0.0,0.0,0.0,0.0,0.0,0.0,0.0,0.0,0.0,0.09423391198652542,0.2877619295963571,0.2822222763248214,0.10373059342092011,0.03457218472251707,0.10589239887507447,0.268271031660304,0.3820801633053908,0.0,0.0,0.0,0.0,0.0,0.0,0.0,0.0,0.0,0.0,0.0,0.0,0.0,0.0,0.0,0.0,0.2418047786680966,0.3343357947628589,0.11887771318609547,0.0,0.0,0.0
0.5435399703376855,0.48344875675561,0.5546050492462206,0.7454834550141458,1.0,0.7375436119286911,0.29730839763904915,0.2149363273065105,0.3141963666806118,0.5428853673924561,0.0669094345806023,0.0,0.0,0.0,0.0,0.0,0.0,0.0,0.032017859345679786,0.0,0.0,0.0,0.15254825263108865,0.08584995781756187,0.0,0.0,0.3120669324512322,0.09468870383973223,0.07804882717134955,0.017956999447769278,0.17054021909979206,0.4894699663350609,0.6859257191315605,0.3900433028847588,0.037845253989004776,0.0,0.0,0.0,0.0,0.0,0.0,0.0,0.0,0.10825393894147556,0.0,0.0,0.0,0.0,0.0,0.0,0.0,0.0,0.0,0.0,0.0,0.0,0.0,0.0,0.0,0.1855884515109417,0.1452610300573144,0.0,0.0,0.08065280728488912,0.2862530846000075,0.35871873464955195,0.0,0.0,0.0,0.0,0.0,0.0,0.0,0.0,0.0,0.0,0.0,0.0,0.0,0.0,0.0,0.0,0.1265686496076462,0.3543759089599367,0.20346458782916454,0.0,0.0,0.0
0.735023811424428,0.5500790121558288,0.48132295916581036,0.5489939025337743,0.7375436119286911,1.0,0.5375654503898808,0.4766003421706852,0.5524505425474752,0.735486863294439,0.28586406470247927,0.08633427590004437,0.060573765343601225,0.21505824230231077,0.1534926064758099,0.0,0.0,0.0,0.16164144965803484,0.0,0.0,0.0,0.2746264961226307,0.14589533546130154,0.0,0.0,0.21597346564485304,0.13249423855225748,0.0,0.036350313861772184,0.2543400221242424,0.2529437523628531,0.48746328387918236,0.4848294349472623,0.25591236962324015,0.0,0.0,0.0,0.0,0.0,0.0,0.0,0.0,0.27231918765813096,0.0,0.0,0.0,0.0,0.0,0.0,0.0,0.0,0.0,0.0,0.0,0.0,0.0,0.0,0.0,0.09346908932415984,0.0,0.0,0.0,0.14481329270827442,0.3293892343035569,0.3052424764521283,0.0,0.0,0.0,0.06901357742674855,0.0,0.0,0.0,0.0,0.0,0.0,0.0,0.0,0.0,0.0,0.0,0.0,0.0,0.2571320598027888,0.3019498630449664,0.019604901998035912,0.0,0.0
0.7298229345345313,0.5328079906858321,0.29710087732796214,0.20230142829495154,0.29730839763904915,0.5375654503898808,1.0,0.7368556441552222,0.5418899757557142,0.4701977828050505,0.7308224609221027,0.5451754688569153,0.47641507673772915,0.5430568378109102,0.5198449848397151,0.29350584559334947,0.2118261090068523,0.30479670730734215,0.4077942344628351,0.1534804242998553,0.017329618568779327,0.07139913627585674,0.4207630301342173,0.18617180054726187,0.0,0.0,0.08086058380867141,0.08026183415639308,0.0,0.0,0.3759229533439903,0.0,0.0254773440844981,0.15642542680989535,0.24992520566323917,0.24982479087827214,0.16284482263114855,0.03538167116279218,0.0,0.0,0.0,0.0,0.0,0.4247718921627953,0.0,0.0,0.0,0.0,0.0,0.0,0.0,0.0,0.0,0.0,0.0,0.0,0.0,0.0,0.0,0.0,0.0,0.0,0.0,0.16846870965474137,0.2296781662175291,0.08459765145784397,0.0,0.0,0.07240402957429821,0.225667203049426,0.0,0.0,0.0,0.0,0.0,0.0,0.0,0.0,0.0,0.0,0.0,0.0,0.0,0.0,0.21573334823110016,0.2111761365899188,0.0,0.0
0.5455531163351027,0.3053586612293993,0.09638543989916004,0.05774855581102956,0.2149363273065105,0.4766003421706852,0.7368556441552222,1.0,0.7348722843267663,0.5487943144758923,0.5433931727868255,0.4790028047363409,0.5523401256617657,0.7361489869998338,0.2935152593811159,0.08717852334317128,0.05937182477986045,0.21597070538689536,0.17142006720850408,0.0,0.0,0.0,0.2214699762954349,0.00021476121355567266,0.0,0.0,0.0,0.0,0.0,0.0,0.12428231395954363,0.0,0.0,0.2524101522983523,0.4859552344781378,0.48571879951055114,0.25576842155821744,0.0,0.0,0.0,0.0,0.0,0.0,0.2707879332321198,0.0,0.0,0.0,0.0,0.0,0.0,0.0,0.0,0.0,0.0,0.0,0.0,0.0,0.0,0.0,0.0,0.0,0.0,0.0,0.08224895615047113,0.17655474221038808,0.01321654423980278,0.0,0.0,0.0,0.1582499162001073,0.0,0.0,0.0,0.0,0.0,0.0,0.0,0.0,0.0,0.0,0.0,0.0,0.0,0.0,0.21772833373403422,0.19584101831502937,0.0,0.0
0.4771884510350094,0.21894314143164548,0.06677027739948858,0.10367609527311947,0.3141963666806118,0.5524505425474752,0.5418899757557142,0.7348722843267663,1.0,0.747907514793004,0.2998833766545977,0.2139630782879552,0.31242898156253696,0.5431664985113954,0.07141783607378085,0.0,0.0,0.0,0.0,0.0,0.0,0.0,0.10346303096729335,0.0,0.0,0.0,0.0,0.0,0.0,0.0,0.0,0.0,0.14187982756007458,0.4919225749910354,0.6858581575406585,0.3931633067449717,0.0365765531980325,0.0,0.0,0.0,0.0,0.0,0.0,0.1689848717880022,0.0,0.0,0.0,0.0,0.0,0.0,0.0,0.0,0.0,0.0,0.0,0.0,0.0,0.0,0.0,0.0,0.0,0.0,0.0,0.006876658078769689,0.16787956910750557,0.04695003542160105,0.0,0.0,0.0,0.029107205683133637,0.0,0.0,0.0,0.0,0.0,0.0,0.0,0.0,0.0,0.0,0.0,0.0,0.0,0.0,0.23008680762811207,0.06401841642585249,0.0,0.0
0.5420743353750281,0.3080502684057208,0.2178963828932726,0.30906199828407765,0.5428853673924561,0.735486863294439,0.4701977828050505,0.5487943144758923,0.747907514793004,1.0,0.20244974386757741,0.05571732736184864,0.10310819131572801,0.3114704722707417,0.017350238627841363,0.0,0.0,0.0,0.0,0.0,0.0,0.0,0.13022664014583513,0.0,0.0,0.0,0.0,0.0207575896894463,0.0,0.0,0.03156859959845978,0.03310892072951827,0.3921083795438337,0.6859441755499883,0.49262218282381154,0.14238169346930418,0.0,0.0,0.0,0.0,0.0,0.0,0.0,0.17544004591562615,0.0,0.0,0.0,0.0,0.0,0.0,0.0,0.0,0.0,0.0,0.0,0.0,0.0,0.0,0.0,0.0,0.0,0.0,0.0,0.02431121934478109,0.22610887858065332,0.1703513394656713,0.0,0.0,0.0,0.0,0.0,0.0,0.0,0.0,0.0,0.0,0.0,0.0,0.0,0.0,0.0,0.0,0.0,0.14371974778424004,0.2586427045974876,0.0,0.0,0.0
0.5221553710170644,0.4317395848571601,0.17507467121854495,0.019932504382278695,0.0669094345806023,0.28586406470247927,0.7308224609221027,0.5433931727868255,0.2998833766545977,0.20244974386757741,1.0,0.7354302293607389,0.5421393123956081,0.47464801090599507,0.730825666316625,0.5433967338870273,0.47465279629459955,0.5421416722215069,0.5221658294983802,0.2858663428725817,0.20244900815655298,0.2998827192277184,0.43177016534859525,0.17510137275194015,0.019943214301387954,0.0669105029399197,0.012219027288371213,0.012252570223920019,0.0,0.0,0.3753899325334411,0.0,0.0,0.0,0.03131502186337044,0.16109702862915468,0.24914128009416445,0.24913729748452762,0.16110024519973223,0.03131443160526073,0.0,0.0,0.0,0.375455374440295,0.0,0.0,0.0,0.0,0.0,0.0,0.0,0.0,0.0,0.0,0.0,0.0,0.0,0.0,0.0,0.0,0.0,0.0,0.0,0.08953732155071867,0.07652150094578165,0.0,0.0,0.0,0.11896486340940898,0.20074833547692778,0.0,0.0,0.0,0.0,0.0,0.0,0.0,0.0,0.0,0.0,0.0,0.0,0.0,0.0,0.03295694444746085,0.16649611026198308,0.007407576369119525,0.0
0.2988438049890287,0.19354338026940054,0.0,0.0,0.0,0.08633427590004437,0.5451754688569153,0.4790028047363409,0.2139630782879552,0.05571732736184864,0.7354302293607389,1.0,0.7361585565748059,0.5512951119910618,0.5451748905927409,0.479003862658141,0.5512983038379313,0.7361612924637286,0.298858412925455,0.08634909942038661,0.0557233528252312,0.21396281199918193,0.19358045167494717,0.0,0.0,0.0,0.0,0.0,0.0,0.0,0.15083323483492114,0.0,0.0,0.0,0.0,0.2546570266784189,0.48622212433654016,0.4862174894841762,0.25466145112178384,0.0,0.0,0.0,0.0,0.1508944000247752,0.0,0.0,0.0,0.0,0.0,0.0,0.0,0.0,0.0,0.0,0.0,0.0,0.0,0.0,0.0,0.0,0.0,0.0,0.0,0.022957231510419385,0.0,0.0,0.0,0.0,0.15312815177674893,0.1987776128344469,0.0,0.0,0.0,0.0,0.0,0.0,0.0,0.0,0.0,0.0,0.0,0.0,0.0,0.0,0.0,0.19501575685125214,0.09872766131767495,0.0
0.21485835711042064,0.05025253127721581,0.0,0.0,0.0,0.060573765343601225,0.47641507673772915,0.5523401256617657,0.31242898156253696,0.10310819131572801,0.5421393123956081,0.7361585565748059,1.0,0.7473476311242555,0.30480140309482573,0.21597268914600182,0.31196174478131244,0.5435021002972846,0.08381654706432973,0.0,0.0,0.0,0.032810028748361045,0.0,0.0,0.0,0.0,0.0,0.0,0.0,0.0,0.0,0.0,0.0,0.14253649954154946,0.49137839147551404,0.6858858203803065,0.3933386876211749,0.035351250416980576,0.0,0.0,0.0,0.0,0.03754334816204418,0.0,0.0,0.0,0.0,0.0,0.0,0.0,0.0,0.0,0.0,0.0,0.0,0.0,0.0,0.0,0.0,0.0,0.0,0.0,0.0,0.0,0.0,0.0,0.0,0.07055981196073996,0.15219396876406088,0.0,0.0,0.0,0.0,0.0,0.0,0.0,0.0,0.0,0.0,0.0,0.0,0.0,0.0,0.0,0.19930830672520072,0.02601472164560472,0.0
0.3048904159434598,0.08935781284741105,0.0,0.0,0.0,0.21505824230231077,0.5430568378109102,0.7361489869998338,0.5431664985113954,0.3114704722707417,0.47464801090599507,0.5512951119910618,0.7473476311242555,1.0,0.21183493306027493,0.059375177766128016,0.10276631409225062,0.3119616242596695,0.038301093897935276,0.0,0.0,0.0,0.05106418013161358,0.0,0.0,0.0,0.0,0.0,0.0,0.0,0.0,0.0,0.0,0.03564585120928926,0.3942131767303839,0.6859143613540888,0.4914705259783288,0.14153258457480314,0.0,0.0,0.0,0.0,0.0,0.09346968418541278,0.0,0.0,0.0,0.0,0.0,0.0,0.0,0.0,0.0,0.0,0.0,0.0,0.0,0.0,0.0,0.0,0.0,0.0,0.0,0.0,0.027891335642513917,0.0,0.0,0.0,0.0,0.11644744813047044,0.0,0.0,0.0,0.0,0.0,0.0,0.0,0.0,0.0,0.0,0.0,0.0,0.0,0.0,0.07500549912379768,0.18176016044942545,0.0,0.0
0.4077800147404605,0.42070208160484324,0.18613031297871388,0.0,0.0,0.1534926064758099,0.5198449848397151,0.2935152593811159,0.07141783607378085,0.017350238627841363,0.730825666316625,0.5451748905927409,0.30480140309482573,0.21183493306027493,1.0,0.736852061170034,0.5430531078289509,0.47641149271696,0.7298280934166304,0.537568406340381,0.47019805058453795,0.5418871074690362,0.5328220694008664,0.2971145499456933,0.2023091777549408,0.2973111627529837,0.08019171047870778,0.08087317187569473,0.0,0.0,0.42463161792277665,0.0,0.0,0.0,0.0,0.0,0.035394270942561666,0.16284043465611692,0.249819457102867,0.24992240782076688,0.1564244068234565,0.025477455077242805,0.0,0.37595422087384645,0.0,0.0,0.0,0.0,0.0,0.0,0.0,0.0,0.0,0.0,0.0,0.0,0.0,0.0,0.0,0.0,0.0,0.0,0.0,0.0,0.0,0.0,0.0,0.0,0.022391097538393124,0.05952758246311745,0.0,0.0,0.0,0.0,0.0,0.0,0.0,0.0,0.0,0.0,0.0,0.0,0.0,0.0,0.0,0.0,0.0,0.0
0.17138388879014074,0.22138176029764894,0.0001260428662932769,0.0,0.0,0.0,0.29350584559334947,0.08717852334317128,0.0,0.0,0.5433967338870273,0.479003862658141,0.21597268914600182,0.059375177766128016,0.736852061170034,1.0,0.736147807562035,0.5523381799052911,0.5455494554251219,0.47660130101769926,0.5487945390858183,0.7348700795297398,0.3053611843410057,0.09639170472455068,0.057755359233810095,0.21493985830225962,0.0,0.0,0.0,0.0,0.27063548520181513,0.0,0.0,0.0,0.0,0.0,0.0,0.25576786005304397,0.48571564616410096,0.48595399774725,0.2524096055057574,0.0,0.0,0.1242979310701995,0.0,0.0,0.0,0.0,0.0,0.0,0.0,0.0,0.0,0.0,0.0,0.0,0.0,0.0,0.0,0.0,0.0,0.0,0.0,0.0,0.0,0.0,0.0,0.0,0.04217113134581001,0.010352086325185986,0.0,0.0,0.0,0.0,0.0,0.0,0.0,0.0,0.0,0.0,0.0,0.0,0.0,0.0,0.0,0.0,0.0,0.0
0.03826216324089629,0.05098103525842916,0.0,0.0,0.0,0.0,0.2118261090068523,0.05937182477986045,0.0,0.0,0.47465279629459955,0.5512983038379313,0.31196174478131244,0.10276631409225062,0.5430531078289509,0.736147807562035,1.0,0.7473469747335907,0.30489227672201813,0.21506521698913378,0.31147183668007816,0.5431620367729506,0.08937098093903655,0.0,0.0,0.0,0.0,0.0,0.0,0.0,0.0933482152547509,0.0,0.0,0.0,0.0,0.0,0.14154163030614456,0.4914712510788128,0.6859141376000278,0.39420605732079333,0.03564624828770188,0.0,0.0,0.0,0.0,0.0,0.0,0.0,0.0,0.0,0.0,0.0,0.0,0.0,0.0,0.0,0.0,0.0,0.0,0.0,0.0,0.0,0.0,0.0,0.0,0.0,0.0,0.0,0.11340484075950283,0.04560428224057008,0.0,0.0,0.0,0.0,0.0,0.0,0.0,0.0,0.0,0.0,0.0,0.0,0.0,0.0,0.0,0.0,0.08253377498325397,0.0
0.08378650222499477,0.03274583189562065,0.0,0.0,0.0,0.0,0.30479670730734215,0.21597070538689536,0.0,0.0,0.5421416722215069,0.7361612924637286,0.5435021002972846,0.3119616242596695,0.47641149271696,0.5523381799052911,0.7473469747335907,1.0,0.2148683478419873,0.06058905404114459,0.10311408976374495,0.31242632682189336,0.05028075227149291,0.0,0.0,0.0,0.0,0.0,0.0,0.0,0.03745191169882017,0.0,0.0,0.0,0.0,0.03534953741028244,0.3933473177013908,0.68588350366898,0.4913811294603794,0.14253004555244103,0.0,0.0,0.0,0.0,0.0,0.0,0.0,0.0,0.0,0.0,0.0,0.0,0.0,0.0,0.0,0.0,0.0,0.0,0.0,0.0,0.0,0.0,0.0,0.0,0.0,0.0,0.0,0.0,0.15101981747125404,0.11818955288863847,0.0,0.0,0.0,0.0,0.0,0.0,0.0,0.0,0.0,0.0,0.0,0.0,0.0,0.0,0.0,0.078457909837543,0.13976384502424027,0.0
0.38387097223122707,0.4315313553115138,0.249140923119173,0.06574885555845901,0.032017859345679786,0.16164144965803484,0.4077942344628351,0.17142006720850408,0.0,0.0,0.5221658294983802,0.298858412925455,0.08381654706432973,0.038301093897935276,0.7298280934166304,0.5455494554251219,0.30489227672201813,0.2148683478419873,1.0,0.735022413766164,0.5420697510561187,0.4771826710314707,0.7383203001934547,0.5469856044851444,0.4723984762929794,0.5435401827392725,0.15785304518013005,0.3056210900413447,0.006908436857683399,0.07163054717238745,0.39816716456449763,0.0,0.0,0.0,0.0,0.0,0.0,0.0,0.03455907810677834,0.16324446448095886,0.24826699362912188,0.25014481350807405,0.15870093766934348,0.4860179248394981,0.0,0.0,0.0,0.0,0.0,0.0,0.0,0.0,0.0,0.0,0.0,0.0,0.0,0.0,0.0,0.0,0.0,0.0,0.0,0.0,0.0,0.0,0.0,0.0,0.0,0.0,0.0,0.0,0.0,0.0,0.0,0.0,0.0,0.0,0.0,0.0,0.0,0.0,0.0,0.0,0.0,0.0,0.0,0.0
0.1615891232797742,0.2744777449585065,0.1457724537637931,0.0,0.0,0.0,0.1534804242998553,0.0,0.0,0.0,0.2858663428725817,0.08634909942038661,0.0,0.0,0.537568406340381,0.47660130101769926,0.21506521698913378,0.06058905404114459,0.735022413766164,1.0,0.7354843421182612,0.5524505934766646,0.5500763393181864,0.481317320972133,0.5489899212734883,0.7375412754697143,0.13228399233699162,0.21596428558562256,0.03607004175183974,0.0,0.27205949997010176,0.0,0.0,0.0,0.0,0.0,0.0,0.0,0.0,0.2559125741643663,0.48482634822594184,0.4874617053323722,0.25293799979757103,0.25434119452582926,0.0,0.0,0.0,0.0,0.0,0.0,0.0,0.0,0.0,0.0,0.0,0.0,0.0,0.0,0.0,0.0,0.0,0.0,0.0,0.0,0.0,0.0,0.0,0.0,0.0,0.0,0.0,0.0,0.0,0.0,0.0,0.0,0.0,0.0,0.0,0.0,0.0,0.0,0.0,0.0,0.0,0.0,0.0,0.0
0.0,0.13007715671992276,0.0,0.0,0.0,0.0,0.017329618568779327,0.0,0.0,0.0,0.20244900815655298,0.0557233528252312,0.0,0.0,0.47019805058453795,0.5487945390858183,0.31147183668007816,0.10311408976374495,0.5420697510561187,0.7354843421182612,1.0,0.7479097614702852,0.3080442557528662,0.2178870818136963,0.30905461677178164,0.5428796925500227,0.020526497834504123,0.0,0.0,0.0,0.17519886782896812,0.0,0.0,0.0,0.0,0.0,0.0,0.0,0.14237956793802561,0.4926241303036137,0.6859434865205477,0.39210324995513535,0.033100461828726925,0.031568915908104095,0.0,0.0,0.0,0.0,0.0,0.0,0.0,0.0,0.0,0.0,0.0,0.0,0.0,0.0,0.0,0.0,0.0,0.0,0.0,0.0,0.0,0.0,0.0,0.0,0.0,0.0,0.0,0.0,0.0,0.0,0.0,0.0,0.0,0.0,0.0,0.0,0.0,0.0,0.0,0.0,0.0,0.0,0.0,0.0
0.0,0.1033398247086782,0.0,0.0,0.0,0.0,0.07139913627585674,0.0,0.0,0.0,0.2998827192277184,0.21396281199918193,0.0,0.0,0.5418871074690362,0.7348700795297398,0.5431620367729506,0.31242632682189336,0.4771826710314707,0.5524505934766646,0.7479097614702852,1.0,0.21893896240645325,0.06676746834114315,0.1036769165032307,0.31419746451936065,0.0,0.0,0.0,0.0,0.16878844148754787,0.0,0.0,0.0,0.0,0.0,0.0,0.036578076269583516,0.39315499681129185,0.6858586646018637,0.49192478207034684,0.14188154767737357,0.0,0.0,0.0,0.0,0.0,0.0,0.0,0.0,0.0,0.0,0.0,0.0,0.0,0.0,0.0,0.0,0.0,0.0,0.0,0.0,0.0,0.0,0.0,0.0,0.0,0.0,0.0,0.0,0.0,0.0,0.0,0.0,0.0,0.0,0.0,0.0,0.0,0.0,0.0,0.0,0.0,0.0,0.0,0.0,0.0,0.0
0.43160248046743904,0.4128363916840348,0.2626172908177928,0.1459881948138593,0.15254825263108865,0.2746264961226307,0.4207630301342173,0.2214699762954349,0.10346303096729335,0.13022664014583513,0.43177016534859525,0.19358045167494717,0.032810028748361045,0.05106418013161358,0.5328220694008664,0.3053611843410057,0.08937098093903655,0.05028075227149291,0.7383203001934547,0.5500763393181864,0.3080442557528662,0.21893896240645325,1.0,0.7425880717278831,0.5485871546457848,0.483449274630623,0.12122879517493393,0.5479790959344817,0.0,0.32376700413947374,0.29022047966604664,0.0,0.0,0.0,0.0,0.0,0.0,0.0,0.0,0.0,0.03585105509479876,0.1694185034114421,0.254723339045421,0.6868658822196682,0.0,0.0,0.0,0.0,0.0,0.0,0.0,0.0,0.0,0.0,0.0,0.0,0.0,0.0,0.0,0.0,0.0,0.0,0.0,0.0,0.0,0.0,0.0,0.0,0.0,0.0,0.0,0.0,0.0,0.0,0.0,0.0,0.0,0.0,0.0,0.0,0.0,0.0,0.0,0.0,0.0,0.0,0.0,0.0
0.24916747000702985,0.26255334433917454,0.18662665296795863,0.1037756111451452,0.08584995781756187,0.14589533546130154,0.18617180054726187,0.00021476121355567266,0.0,0.0,0.17510137275194015,0.0,0.0,0.0,0.2971145499456933,0.09639170472455068,0.0,0.0,0.5469856044851444,0.481317320972133,0.2178870818136963,0.06676746834114315,0.7425880717278831,1.0,0.7375070620265383,0.5546015198363009,0.07734008354035239,0.7344805035667255,0.0,0.49120893231530266,0.11980481488405156,0.0,0.0,0.0,0.0,0.0,0.0,0.0,0.0,0.0,0.0,0.2581114129734773,0.4850299126666506,0.4926948384021751,0.0,0.0,0.0,0.0,0.0,0.0,0.0,0.0,0.0,0.0,0.0,0.0,0.0,0.0,0.0,0.0,0.0,0.0,0.0,0.0,0.0,0.0,0.0,0.0,0.0,0.0,0.0,0.0,0.0,0.0,0.0,0.0,0.0,0.0,0.0,0.0,0.0,0.0,0.0,0.0,0.0,0.0,0.0,0.0
0.06569687224930827,0.14582177321924802,0.10363936609997294,0.0,0.0,0.0,0.0,0.0,0.0,0.0,0.019943214301387954,0.0,0.0,0.0,0.2023091777549408,0.057755359233810095,0.0,0.0,0.4723984762929794,0.5489899212734883,0.30905461677178164,0.1036769165032307,0.5485871546457848,0.7375070620265383,1.0,0.7454813410875302,0.06844702378827484,0.5430307554739648,0.0,0.31987265354694283,0.0427017751563001,0.0,0.0,0.0,0.0,0.0,0.0,0.0,0.0,0.0,0.13646948851367796,0.49147101789775055,0.6862528676821151,0.25615162851851364,0.0,0.0,0.0,0.0,0.0,0.0,0.0,0.0,0.0,0.0,0.0,0.0,0.0,0.0,0.0,0.0,0.0,0.0,0.0,0.0,0.0,0.0,0.0,0.0,0.0,0.0,0.0,0.0,0.0,0.0,0.0,0.0,0.0,0.0,0.0,0.0,0.0,0.0,0.0,0.0,0.0,0.0,0.0,0.0
0.03194060688136895,0.15235276290080454,0.08566957574973429,0.0,0.0,0.0,0.0,0.0,0.0,0.0,0.0669105029399197,0.0,0.0,0.0,0.2973111627529837,0.21493985830225962,0.0,0.0,0.5435401827392725,0.7375412754697143,0.5428796925500227,0.31419746451936065,0.483449274630623,0.5546015198363009,0.7454813410875302,1.0,0.09438574837315131,0.31206168543158286,0.017551226630095194,0.07804658397873089,0.10795693817111354,0.0,0.0,0.0,0.0,0.0,0.0,0.0,0.0,0.0378471985757629,0.3900348105746809,0.6859250623420765,0.4894679615819276,0.17053903660930325,0.0,0.0,0.0,0.0,0.0,0.0,0.0,0.0,0.0,0.0,0.0,0.0,0.0,0.0,0.0,0.0,0.0,0.0,0.0,0.0,0.0,0.0,0.0,0.0,0.0,0.0,0.0,0.0,0.0,0.0,0.0,0.0,0.0,0.0,0.0,0.0,0.0,0.0,0.0,0.0,0.0,0.0,0.0,0.0
0.3056207679107978,0.5479811432983256,0.7344828023083487,0.5430314722767056,0.3120669324512322,0.21597346564485304,0.08086058380867141,0.0,0.0,0.0,0.012219027288371213,0.0,0.0,0.0,0.08019171047870778,0.0,0.0,0.0,0.15785304518013005,0.13228399233699162,0.020526497834504123,0.0,0.12122879517493393,0.07734008354035239,0.06844702378827484,0.09438574837315131,1.0,0.0,0.7567242633694322,0.0,0.3997693416312046,0.3893221944489928,0.0355044442684928,0.0,0.0,0.0,0.0,0.0,0.0,0.0,0.0,0.0,0.0,0.0,0.0,0.0,0.0,0.0,0.0,0.0,0.0,0.0,0.0,0.0,0.07870681114056524,0.10291727967324708,0.0,0.0,0.20267615358074687,0.27892188889189073,0.26102072412973537,0.18983963513115273,0.15752106801418955,0.12905452754616967,0.16029044262955658,0.2432046446346691,0.044171500970351794,0.0,0.0,0.0,0.0,0.0,0.0,0.0,0.0,0.0,0.0,0.0,0.0,0.0,0.0,0.0,0.11310877918329619,0.08055596825094544,0.0,0.0,0.0,0.0
0.15793578015827425,0.12123362540453902,0.07743026406061754,0.06869986327568753,0.09468870383973223,0.13249423855225748,0.08026183415639308,0.0,0.0,0.0207575896894463,0.012252570223920019,0.0,0.0,0.0,0.08087317187569473,0.0,0.0,0.0,0.3056210900413447,0.21596428558562256,0.0,0.0,0.5479790959344817,0.7344805035667255,0.5430307554739648,0.31206168543158286,0.0,1.0,0.0,0.7567268193701492,0.0,0.0,0.0,0.0,0.0,0.0,0.0,0.0,0.0,0.0,0.0,0.03549778743377692,0.38931671965799636,0.3997552763451872,0.0,0.0,0.0,0.0,0.0,0.0,0.0,0.0,0.0,0.0,0.0,0.0,0.0,0.0,0.0,0.0,0.0,0.0,0.0,0.0,0.0,0.0,0.0,0.0,0.0,0.0,0.0,0.0,0.0,0.0,0.0,0.0,0.0,0.0,0.0,0.0,0.0,0.0,0.0,0.0,0.0,0.0,0.0,0.0
0.07162922115494477,0.3237689808568086,0.4912086307757063,0.3198694290706055,0.07804882717134955,0.0,0.0,0.0,0.0,0.0,0.0,0.0,0.0,0.0,0.0,0.0,0.0,0.0,0.006908436857683399,0.03607004175183974,0.0,0.0,0.0,0.0,0.0,0.017551226630095194,0.7567242633694322,0.0,1.0,0.0,0.23315056628027087,0.22325245494818174,0.0,0.0,0.0,0.0,0.0,0.0,0.0,0.0,0.0,0.0,0.0,0.0,0.0,0.0,0.0,0.0,0.0,0.0,0.0,0.0,0.0,0.0,0.07700627109607983,0.13447993994200605,0.015671327372948816,0.0,0.14386628285709605,0.17945228561758972,0.19398712943483506,0.19128224777229716,0.0729692288291604,0.0,0.0,0.07896012466127943,0.0,0.0,0.0,0.0,0.0,0.0,0.0,0.0,0.0,0.0,0.0,0.0,0.0,0.0,0.0,0.011547055682947392,0.00928393949716026,0.0,0.0,0.0,0.0,0.0
0.007037028930726071,0.0,0.0,0.0,0.017956999447769278,0.036350313861772184,0.0,0.0,0.0,0.0,0.0,0.0,0.0,0.0,0.0,0.0,0.0,0.0,0.07163054717238745,0.0,0.0,0.0,0.32376700413947374,0.49120893231530266,0.31987265354694283,0.07804658397873089,0.0,0.7567268193701492,0.0,1.0,0.0,0.0,0.0,0.0,0.0,0.0,0.0,0.0,0.0,0.0,0.0,0.0,0.22325278599511061,0.2331323609138009,0.0,0.0,0.0,0.0,0.0,0.0,0.0,0.0,0.0,0.0,0.0,0.0,0.0,0.0,0.0,0.0,0.0,0.0,0.0,0.0,0.0,0.0,0.0,0.0,0.0,0.0,0.0,0.0,0.0,0.0,0.0,0.0,0.0,0.0,0.0,0.0,0.0,0.0,0.0,0.0,0.0,0.0,0.0,0.0
0.48600716103091507,0.6868673375467472,0.4926996226245556,0.25615448500588545,0.17054021909979206,0.2543400221242424,0.3759229533439903,0.12428231395954363,0.0,0.03156859959845978,0.3753899325334411,0.15083323483492114,0.0,0.0,0.42463161792277665,0.27063548520181513,0.0933482152547509,0.03745191169882017,0.39816716456449763,0.27205949997010176,0.17519886782896812,0.16878844148754787,0.29022047966604664,0.11980481488405156,0.0427017751563001,0.10795693817111354,0.3997693416312046,0.0,0.23315056628027087,0.0,1.0,0.0,0.0,0.0,0.0,0.0,0.0,0.0,0.0,0.0,0.0,0.0,0.0,0.16702835518119324,0.0,0.0,0.0,0.0,0.0,0.0,0.0,0.0,0.0,0.0,0.0,0.0,0.0,0.0,0.0,0.00403337314876026,0.0,0.0,0.10419930296449023,0.21142086240516103,0.191036346677763,0.10170532041566858,0.010299087741986622,0.0,0.060624496557664775,0.17553930403330595,0.0,0.0,0.0,0.0,0.0,0.0,0.0,0.0,0.0,0.0,0.0,0.0,0.0,0.0,0.0,0.0,0.0,0.0
0.15870273717220001,0.25472597609101466,0.4850369806989611,0.6862570519431527,0.4894699663350609,0.2529437523628531,0.0,0.0,0.0,0.03310892072951827,0.0,0.0,0.0,0.0,0.0,0.0,0.0,0.0,0.0,0.0,0.0,0.0,0.0,0.0,0.0,0.0,0.3893221944489928,0.0,0.22325245494818174,0.0,0.0,1.0,0.4066966509274187,0.0,0.0,0.0,0.0,0.0,0.0,0.0,0.0,0.0,0.0,0.0,0.0,0.0,0.0,0.0,0.0,0.0,0.0,0.0,0.0,0.0,0.0,0.0,0.0,0.0,0.0,0.20519294277900052,0.29394306523061997,0.09618680979894983,0.0,0.0,0.04572417857368842,0.25896482706011814,0.0,0.0,0.0,0.0,0.0,0.0,0.0,0.0,0.0,0.0,0.0,0.0,0.0,0.0,0.0,0.0,0.28091430846096493,0.2214346007938811,0.0,0.0,0.0,0.0
0.2501455910154782,0.1694188267175096,0.2581162568132277,0.4914745698890266,0.6859257191315605,0.48746328387918236,0.0254773440844981,0.0,0.14187982756007458,0.3921083795438337,0.0,0.0,0.0,0.0,0.0,0.0,0.0,0.0,0.0,0.0,0.0,0.0,0.0,0.0,0.0,0.0,0.0355044442684928,0.0,0.0,0.0,0.0,0.4066966509274187,1.0,0.41912553704508676,0.0,0.0,0.0,0.0,0.0,0.0,0.0,0.0,0.0,0.0,0.0,0.0,0.0,0.0,0.0,0.0,0.0,0.0,0.0,0.0,0.0,0.0,0.0,0.0,0.0,0.0,0.0,0.0,0.0,0.0,0.08419948699693104,0.21381455142264388,0.0,0.0,0.0,0.0,0.0,0.0,0.0,0.0,0.0,0.0,0.0,0.0,0.0,0.0,0.0,0.0,0.0020453266903074628,0.2693697785730942,0.0,0.0,0.0,0.0
0.24827169966445878,0.03585875346641976,0.0,0.13648098505398815,0.3900433028847588,0.4848294349472623,0.15642542680989535,0.2524101522983523,0.4919225749910354,0.6859441755499883,0.0,0.0,0.0,0.03564585120928926,0.0,0.0,0.0,0.0,0.0,0.0,0.0,0.0,0.0,0.0,0.0,0.0,0.0,0.0,0.0,0.0,0.0,0.0,0.41912553704508676,1.0,0.4086768458840032,0.0,0.0,0.0,0.0,0.0,0.0,0.0,0.0,0.0,0.0,0.0,0.0,0.0,0.0,0.0,0.0,0.0,0.0,0.0,0.0,0.0,0.0,0.0,0.0,0.0,0.0,0.0,0.0,0.0,0.017241326675653892,0.0,0.0,0.0,0.0,0.0,0.0,0.0,0.0,0.0,0.0,0.0,0.0,0.0,0.0,0.0,0.0,0.0,0.0,0.01250611812183242,0.05548124500661173,0.0,0.0,0.0
0.16324994448749186,0.0,0.0,0.0,0.037845253989004776,0.25591236962324015,0.24992520566323917,0.4859552344781378,0.6858581575406585,0.49262218282381154,0.03131502186337044,0.0,0.14253649954154946,0.3942131767303839,0.0,0.0,0.0,0.0,0.0,0.0,0.0,0.0,0.0,0.0,0.0,0.0,0.0,0.0,0.0,0.0,0.0,0.0,0.0,0.4086768458840032,1.0,0.42564564078104783,0.0,0.0,0.0,0.0,0.0,0.0,0.0,0.0,0.0,0.0,0.0,0.0,0.0,0.0,0.0,0.0,0.0,0.0,0.0,0.0,0.0,0.0,0.0,0.0,0.0,0.0,0.0,0.0,0.0,0.0,0.0,0.0,0.0,0.0,0.0,0.0,0.0,0.0,0.0,0.0,0.0,0.0,0.0,0.0,0.0,0.0,0.0,0.0,0.0026959051747402992,0.0,0.0,0.0
0.0345603552407269,0.0,0.0,0.0,0.0,0.0,0.24982479087827214,0.48571879951055114,0.3931633067449717,0.14238169346930418,0.16109702862915468,0.2546570266784189,0.49137839147551404,0.6859143613540888,0.0,0.0,0.0,0.03534953741028244,0.0,0.0,0.0,0.0,0.0,0.0,0.0,0.0,0.0,0.0,0.0,0.0,0.0,0.0,0.0,0.0,0.42564564078104783,1.0,0.4065244110003328,0.0,0.0,0.0,0.0,0.0,0.0,0.0,0.0,0.0,0.0,0.0,0.0,0.0,0.0,0.0,0.0,0.0,0.0,0.0,0.0,0.0,0.0,0.0,0.0,0.0,0.0,0.0,0.0,0.0,0.0,0.0,0.0,0.0,0.0,0.0,0.0,0.0,0.0,0.0,0.0,0.0,0.0,0.0,0.0,0.0,0.0,0.0,0.0,0.0,0.0,0.0
0.0,0.0,0.0,0.0,0.0,0.0,0.16284482263114855,0.25576842155821744,0.0365765531980325,0.0,0.24914128009416445,0.48622212433654016,0.6858858203803065,0.4914705259783288,0.035394270942561666,0.0,0.14154163030614456,0.3933473177013908,0.0,0.0,0.0,0.0,0.0,0.0,0.0,0.0,0.0,0.0,0.0,0.0,0.0,0.0,0.0,0.0,0.0,0.4065244110003328,1.0,0.42404291608049854,0.0,0.0,0.0,0.0,0.0,0.0,0.0,0.0,0.0,0.0,0.0,0.0,0.0,0.0,0.0,0.0,0.0,0.0,0.0,0.0,0.0,0.0,0.0,0.0,0.0,0.0,0.0,0.0,0.0,0.0,0.0,0.0,0.0,0.0,0.0,0.0,0.0,0.0,0.0,0.0,0.0,0.0,0.0,0.0,0.0,0.0,0.0,0.0,0.0,0.0
0.0,0.0,0.0,0.0,0.0,0.0,0.03538167116279218,0.0,0.0,0.0,0.24913729748452762,0.4862174894841762,0.3933386876211749,0.14153258457480314,0.16284043465611692,0.25576786005304397,0.4914712510788128,0.68588350366898,0.0,0.0,0.0,0.036578076269583516,0.0,0.0,0.0,0.0,0.0,0.0,0.0,0.0,0.0,0.0,0.0,0.0,0.0,0.0,0.42404291608049854,1.0,0.4065355178370775,0.0,0.0,0.0,0.0,0.0,0.0,0.0,0.0,0.0,0.0,0.0,0.0,0.0,0.0,0.0,0.0,0.0,0.0,0.0,0.0,0.0,0.0,0.0,0.0,0.0,0.0,0.0,0.0,0.0,0.0,0.0,0.0,0.0,0.0,0.0,0.0,0.0,0.0,0.0,0.0,0.0,0.0,0.0,0.0,0.0,0.0,0.0,0.022310984753222216,0.0
0.0,0.0,0.0,0.0,0.0,0.0,0.0,0.0,0.0,0.0,0.16110024519973223,0.25466145112178384,0.035351250416980576,0.0,0.249819457102867,0.48571564616410096,0.6859141376000278,0.4913811294603794,0.03455907810677834,0.0,0.14237956793802561,0.39315499681129185,0.0,0.0,0.0,0.0,0.0,0.0,0.0,0.0,0.0,0.0,0.0,0.0,0.0,0.0,0.0,0.4065355178370775,1.0,0.425628283670228,0.0,0.0,0.0,0.0,0.0,0.0,0.0,0.0,0.0,0.0,0.0,0.0,0.0,0.0,0.0,0.0,0.0,0.0,0.0,0.0,0.0,0.0,0.0,0.0,0.0,0.0,0.0,0.0,0.0,0.0,0.0,0.0,0.0,0.0,0.0,0.0,0.0,0.0,0.0,0.0,0.0,0.0,0.0,0.0,0.0,0.0,0.0,0.0
0.0,0.0,0.0,0.0,0.0,0.0,0.0,0.0,0.0,0.0,0.03131443160526073,0.0,0.0,0.0,0.24992240782076688,0.48595399774725,0.39420605732079333,0.14253004555244103,0.16324446448095886,0.2559125741643663,0.4926241303036137,0.6858586646018637,0.0,0.0,0.0,0.0378471985757629,0.0,0.0,0.0,0.0,0.0,0.0,0.0,0.0,0.0,0.0,0.0,0.0,0.425628283670228,1.0,0.40868027443839844,0.0,0.0,0.0,0.0,0.0,0.0,0.0,0.0,0.0,0.0,0.0,0.0,0.0,0.0,0.0,0.0,0.0,0.0,0.0,0.0,0.0,0.0,0.0,0.0,0.0,0.0,0.0,0.0,0.0,0.0,0.0,0.0,0.0,0.0,0.0,0.0,0.0,0.0,0.0,0.0,0.0,0.0,0.0,0.0,0.0,0.0,0.0
0.0,0.0,0.0,0.0,0.0,0.0,0.0,0.0,0.0,0.0,0.0,0.0,0.0,0.0,0.1564244068234565,0.2524096055057574,0.03564624828770188,0.0,0.24826699362912188,0.48482634822594184,0.6859434865205477,0.49192478207034684,0.03585105509479876,0.0,0.13646948851367796,0.3900348105746809,0.0,0.0,0.0,0.0,0.0,0.0,0.0,0.0,0.0,0.0,0.0,0.0,0.0,0.40868027443839844,1.0,0.41911449037027615,0.0,0.0,0.0,0.0,0.0,0.0,0.0,0.0,0.0,0.0,0.0,0.0,0.0,0.0,0.0,0.0,0.0,0.0,0.0,0.0,0.0,0.0,0.0,0.0,0.0,0.0,0.0,0.0,0.0,0.0,0.0,0.0,0.0,0.0,0.0,0.0,0.0,0.0,0.0,0.0,0.0,0.0,0.0,0.0,0.0,0.0
0.0,0.0,0.0,0.0,0.0,0.0,0.0,0.0,0.0,0.0,0.0,0.0,0.0,0.0,0.025477455077242805,0.0,0.0,0.0,0.25014481350807405,0.4874617053323722,0.39210324995513535,0.14188154767737357,0.1694185034114421,0.2581114129734773,0.49147101789775055,0.6859250623420765,0.0,0.03549778743377692,0.0,0.0,0.0,0.0,0.0,0.0,0.0,0.0,0.0,0.0,0.0,0.0,0.41911449037027615,1.0,0.40669536210782886,0.0,0.0,0.0,0.0,0.0,0.0,0.0,0.0,0.0,0.0,0.0,0.0,0.0,0.0,0.0,0.0,0.0,0.0,0.0,0.0,0.0,0.0,0.0,0.0,0.0,0.0,0.0,0.0,0.0,0.0,0.0,0.0,0.0,0.0,0.0,0.0,0.0,0.0,0.0,0.0,0.0,0.0,0.0,0.0,0.0
0.0,0.0,0.0,0.0,0.0,0.0,0.0,0.0,0.0,0.0,0.0,0.0,0.0,0.0,0.0,0.0,0.0,0.0,0.15870093766934348,0.25293799979757103,0.033100461828726925,0.0,0.254723339045421,0.4850299126666506,0.6862528676821151,0.4894679615819276,0.0,0.38931671965799636,0.0,0.22325278599511061,0.0,0.0,0.0,0.0,0.0,0.0,0.0,0.0,0.0,0.0,0.0,0.40669536210782886,1.0,0.0,0.0,0.0,0.0,0.0,0.0,0.0,0.0,0.0,0.0,0.0,0.0,0.0,0.0,0.0,0.0,0.0,0.0,0.0,0.0,0.0,0.0,0.0,0.0,0.0,0.0,0.0,0.0,0.0,0.0,0.0,0.0,0.0,0.0,0.0,0.0,0.0,0.0,0.0,0.0,0.0,0.0,0.0,0.0,0.0
0.3983503897780198,0.29033171045437667,0.11997303641876204,0.04296422184196322,0.10825393894147556,0.27231918765813096,0.4247718921627953,0.2707879332321198,0.1689848717880022,0.17544004591562615,0.375455374440295,0.1508944000247752,0.03754334816204418,0.09346968418541278,0.37595422087384645,0.1242979310701995,0.0,0.0,0.4860179248394981,0.25434119452582926,0.031568915908104095,0.0,0.6868658822196682,0.4926948384021751,0.25615162851851364,0.17053903660930325,0.0,0.3997552763451872,0.0,0.2331323609138009,0.16702835518119324,0.0,0.0,0.0,0.0,0.0,0.0,0.0,0.0,0.0,0.0,0.0,0.0,1.0,0.0,0.0,0.0,0.0,0.0,0.0,0.0,0.0,0.0,0.0,0.0,0.0,0.0,0.0,0.0,0.0,0.0,0.0,0.0,0.0,0.0,0.0,0.0,0.0,0.0,0.0,0.0,0.0,0.0,0.0,0.0,0.0,0.0,0.0,0.0,0.0,0.0,0.0,0.0,0.0,0.0,0.0,0.0,0.0
0.0,0.0,0.0,0.0,0.0,0.0,0.0,0.0,0.0,0.0,0.0,0.0,0.0,0.0,0.0,0.0,0.0,0.0,0.0,0.0,0.0,0.0,0.0,0.0,0.0,0.0,0.0,0.0,0.0,0.0,0.0,0.0,0.0,0.0,0.0,0.0,0.0,0.0,0.0,0.0,0.0,0.0,0.0,0.0,1.0,0.7383166801283008,0.5469819032007213,0.472396063434521,0.5435399703376854,0.735023811424428,0.7298229345345313,0.545553116335103,0.4771884510350094,0.542074335375028,0.5221553710170644,0.2988438049890287,0.2148583571104203,0.3048904159434598,0.40778001474046066,0.17138388879014074,0.03826216324089629,0.08378650222499477,0.38387097223122707,0.1615891232797742,0.0,0.0,0.43160248046743904,0.24916747000703002,0.06569687224930827,0.03194060688136912,0.30562076791079784,0.15793578015827425,0.0716292211549451,0.0070370289307262355,0.48600716103091496,0.15870273717219985,0.25014559101547806,0.24827169966445878,0.16324994448749194,0.034560355240727224,0.0,0.0,0.0,0.0,0.0,0.0,0.0,0.3983503897780198
0.0,0.0,0.0,0.0,0.0,0.0,0.0,0.0,0.0,0.0,0.0,0.0,0.0,0.0,0.0,0.0,0.0,0.0,0.0,0.0,0.0,0.0,0.0,0.0,0.0,0.0,0.0,0.0,0.0,0.0,0.0,0.0,0.0,0.0,0.0,0.0,0.0,0.0,0.0,0.0,0.0,0.0,0.0,0.0,0.7383166801283008,1.0,0.7425848190720137,0.5485839483116717,0.4834487567556099,0.5500790121558288,0.532807990685832,0.30535866122939936,0.21894314143164548,0.3080502684057208,0.4317395848571601,0.1935433802694007,0.05025253127721565,0.08935781284741105,0.4207020816048434,0.22138176029764894,0.050981035258428994,0.03274583189562065,0.4315313553115138,0.2744777449585065,0.13007715671992276,0.1033398247086782,0.4128363916840348,0.26255334433917477,0.14582177321924786,0.15235276290080454,0.5479811432983256,0.12123362540453886,0.3237689808568088,0.0,0.6868673375467472,0.2547259760910145,0.16941882671750952,0.03585875346641976,0.0,0.0,0.0,0.0,0.0,0.0,0.0,0.0,0.0,0.2903317104543766
0.0,0.0,0.0,0.0,0.0,0.0,0.0,0.0,0.0,0.0,0.0,0.0,0.0,0.0,0.0,0.0,0.0,0.0,0.0,0.0,0.0,0.0,0.0,0.0,0.0,0.0,0.0,0.0,0.0,0.0,0.0,0.0,0.0,0.0,0.0,0.0,0.0,0.0,0.0,0.0,0.0,0.0,0.0,0.0,0.5469819032007213,0.7425848190720137,1.0,0.7375077091927641,0.5546050492462207,0.48132295916581036,0.29710087732796187,0.09638543989916004,0.06677027739948875,0.2178963828932726,0.17507467121854478,0.0,0.0,0.0,0.18613031297871388,0.00012604286629294795,0.0,0.0,0.24914092311917266,0.14577245376379278,0.0,0.0,0.2626172908177925,0.1866266529679585,0.10363936609997246,0.08566957574973429,0.7344828023083487,0.07743026406061722,0.49120863077570637,0.0,0.49269962262455524,0.4850369806989611,0.2581162568132277,0.0,0.0,0.0,0.0,0.0,0.0,0.0,0.0,0.0,0.0,0.11997303641876171
0.0,0.0,0.0,0.0,0.0,0.0,0.0,0.0,0.0,0.0,0.0,0.0,0.0,0.0,0.0,0.0,0.0,0.0,0.0,0.0,0.0,0.0,0.0,0.0,0.0,0.0,0.0,0.0,0.0,0.0,0.0,0.0,0.0,0.0,0.0,0.0,0.0,0.0,0.0,0.0,0.0,0.0,0.0,0.0,0.472396063434521,0.5485839483116717,0.7375077091927641,1.0,0.7454834550141458,0.5489939025337742,0.2023014282949512,0.05774855581102956,0.1036760952731193,0.30906199828407754,0.019932504382278365,0.0,0.0,0.0,0.0,0.0,0.0,0.0,0.06574885555845869,0.0,0.0,0.0,0.14598819481385897,0.10377561114514504,0.0,0.0,0.5430314722767056,0.0686998632756872,0.3198694290706055,0.0,0.2561544850058851,0.6862570519431529,0.4914745698890266,0.13648098505398798,0.0,0.0,0.0,0.0,0.0,0.0,0.0,0.0,0.0,0.042964221841962726
0.0,0.0,0.0,0.0,0.0,0.0,0.0,0.0,0.0,0.0,0.0,0.0,0.0,0.0,0.0,0.0,0.0,0.0,0.0,0.0,0.0,0.0,0.0,0.0,0.0,0.0,0.0,0.0,0.0,0.0,0.0,0.0,0.0,0.0,0.0,0.0,0.0,0.0,0.0,0.0,0.0,0.0,0.0,0.0,0.5435399703376854,0.4834487567556099,0.5546050492462207,0.7454834550141458,1.0,0.7375436119286909,0.2973083976390489,0.2149363273065105,0.3141963666806117,0.542885367392456,0.0669094345806023,0.0,0.0,0.0,0.0,0.0,0.0,0.0,0.032017859345679786,0.0,0.0,0.0,0.15254825263108848,0.08584995781756204,0.0,0.0,0.3120669324512322,0.09468870383973223,0.07804882717134955,0.017956999447769278,0.17054021909979206,0.4894699663350609,0.6859257191315605,0.39004330288475875,0.03784525398900462,0.0,0.0,0.0,0.0,0.0,0.0,0.0,0.0,0.10825393894147556
0.0,0.0,0.0,0.0,0.0,0.0,0.0,0.0,0.0,0.0,0.0,0.0,0.0,0.0,0.0,0.0,0.0,0.0,0.0,0.0,0.0,0.0,0.0,0.0,0.0,0.0,0.0,0.0,0.0,0.0,0.0,0.0,0.0,0.0,0.0,0.0,0.0,0.0,0.0,0.0,0.0,0.0,0.0,0.0,0.735023811424428,0.5500790121558288,0.48132295916581036,0.5489939025337742,0.7375436119286909,1.0,0.5375654503898806,0.47660034217068536,0.5524505425474753,0.7354868632944389,0.28586406470247927,0.08633427590004437,0.0605737653436009,0.21505824230231094,0.15349260647581006,0.0,0.0,0.0,0.16164144965803484,0.0,0.0,0.0,0.2746264961226307,0.1458953354613017,0.0,0.0,0.2159734656448532,0.13249423855225748,0.0,0.036350313861772184,0.2543400221242424,0.25294375236285294,0.4874632838791822,0.4848294349472623,0.25591236962324027,0.0,0.0,0.0,0.0,0.0,0.0,0.0,0.0,0.27231918765813096
0.0,0.0,0.0,0.0,0.0,0.0,0.0,0.0,0.0,0.0,0.0,0.0,0.0,0.0,0.0,0.0,0.0,0.0,0.0,0.0,0.0,0.0,0.0,0.0,0.0,0.0,0.0,0.0,0.0,0.0,0.0,0.0,0.0,0.0,0.0,0.0,0.0,0.0,0.0,0.0,0.0,0.0,0.0,0.0,0.7298229345345313,0.532807990685832,0.29710087732796187,0.2023014282949512,0.2973083976390489,0.5375654503898806,1.0,0.7368556441552224,0.5418899757557141,0.47019778280505026,0.7308224609221029,0.5451754688569155,0.47641507673772887,0.5430568378109101,0.5198449848397155,0.29350584559334963,0.2118261090068523,0.30479670730734226,0.4077942344628353,0.15348042429985548,0.017329618568779327,0.07139913627585691,0.4207630301342175,0.18617180054726237,0.0,0.0,0.08086058380867141,0.08026183415639325,0.0,0.0,0.3759229533439903,0.0,0.025477344084497935,0.15642542680989527,0.24992520566323917,0.24982479087827222,0.16284482263114855,0.03538167116279218,0.0,0.0,0.0,0.0,0.0,0.42477189216279554
0.0,0.0,0.0,0.0,0.0,0.0,0.0,0.0,0.0,0.0,0.0,0.0,0.0,0.0,0.0,0.0,0.0,0.0,0.0,0.0,0.0,0.0,0.0,0.0,0.0,0.0,0.0,0.0,0.0,0.0,0.0,0.0,0.0,0.0,0.0,0.0,0.0,0.0,0.0,0.0,0.0,0.0,0.0,0.0,0.545553116335103,0.30535866122939936,0.09638543989916004,0.05774855581102956,0.2149363273065105,0.47660034217068536,0.7368556441552224,1.0,0.7348722843267662,0.5487943144758923,0.5433931727868258,0.4790028047363408,0.5523401256617654,0.7361489869998337,0.29351525938111617,0.08717852334317128,0.05937182477986045,0.21597070538689536,0.17142006720850408,0.0,0.0,0.0,0.2214699762954349,0.0002147612135560016,0.0,0.0,0.0,0.0,0.0,0.0,0.1242823139595438,0.0,0.0,0.2524101522983524,0.4859552344781378,0.48571879951055125,0.2557684215582173,0.0,0.0,0.0,0.0,0.0,0.0,0.27078793323211986
0.0,0.0,0.0,0.0,0.0,0.0,0.0,0.0,0.0,0.0,0.0,0.0,0.0,0.0,0.0,0.0,0.0,0.0,0.0,0.0,0.0,0.0,0.0,0.0,0.0,0.0,0.0,0.0,0.0,0.0,0.0,0.0,0.0,0.0,0.0,0.0,0.0,0.0,0.0,0.0,0.0,0.0,0.0,0.0,0.4771884510350094,0.21894314143164548,0.06677027739948875,0.1036760952731193,0.3141963666806117,0.5524505425474753,0.5418899757557141,0.7348722843267662,1.0,0.747907514793004,0.29988337665459774,0.21396307828795502,0.3124289815625367,0.5431664985113954,0.07141783607378085,0.0,0.0,0.0,0.0,0.0,0.0,0.0,0.10346303096729319,0.0,0.0,0.0,0.0,0.0,0.0,0.0,0.0,0.0,0.14187982756007458,0.49192257499103553,0.6858581575406585,0.3931633067449718,0.0365765531980325,0.0,0.0,0.0,0.0,0.0,0.0,0.16898487178800203
