1.0,0.7383166801283008,0.5469819032007213,0.47239606343452134,0.5435399703376855,0.735023811424428,0.7298229345345313,0.5455531163351027,0.4771884510350094,0.5420743353750281,0.5221553710170644,0.2988438049890287,0.21485835711042064,0.3048904159434598,0.4077800147404605,0.17138388879014074,0.03826216324089629,0.08378650222499477,0.38387097223122707,0.1615891232797742,0.0,0.0,0.43160248046743904,0.24916747000702985,0.06569687224930827,0.03194060688136895,0.3056207679107978,0.15793578015827425,0.07162922115494477,0.007037028930726071,0.48600716103091507,0.15870273717220001,0.2501455910154782,0.24827169966445878,0.16324994448749186,0.0345603552407269,0.0,0.0,0.0,0.0,0.0,0.0,0.0,0.3983503897780198,0.0,0.0,0.0,0.0,0.0,0.0,0.0,0.0,0.0,0.0,0.0,0.0,0.0,0.0,0.0,0.0,0.0,0.0,0.0,0.0,0.0,0.0,0.0,0.0,0.0,0.0,0.0,0.0,0.0,0.0,0.0,0.0,0.0,0.0,0.0,0.0,0.0,0.0,0.0,0.0,0.0,0.0,0.0,0.0
0.7383166801283008,1.0,0.7425848190720138,0.548583948311672,0.48344875675561,0.5500790121558288,0.5328079906858321,0.3053586612293993,0.21894314143164548,0.3080502684057208,0.4317395848571601,0.19354338026940054,0.05025253127721581,0.08935781284741105,0.42070208160484324,0.22138176029764894,0.05098103525842916,0.03274583189562065,0.4315313553115138,0.2744777449585065,0.13007715671992276,0.1033398247086782,0.4128363916840348,0.26255334433917454,0.14582177321924802,0.15235276290080454,0.5479811432983256,0.12123362540453902,0.3237689808568086,0.0,0.6868673375467472,0.25472597609101466,0.1694188267175096,0.03585875346641976,0.0,0.0,0.0,0.0,0.0,0.0,0.0,0.0,0.0,0.29033171045437667,0.0,0.0,0.0,0.0,0.0,0.0,0.0,0.0,0.12174154945921745,0.18498829959678753,0.0,0.0,0.0,0.0,0.0,0.0,0.0,0.0,0.0,0.0,0.0,0.0,0.0,0.0,0.0,0.0,0.0,0.0,0.0,0.0,0.0,0.0,0.0,0.23143747934053285,0.09590832487038083,0.0,0.0,0.0,0.0,0.0,0.0,0.0,0.0,0.0
0.5469819032007213,0.7425848190720138,1.0,0.7375077091927642,0.5546050492462206,0.48132295916581036,0.29710087732796214,0.09638543989916004,0.06677027739948858,0.2178963828932726,0.17507467121854495,0.0,0.0,0.0,0.18613031297871388,0.0001260428662932769,0.0,0.0,0.249140923119173,0.1457724537637931,0.0,0.0,0.2626172908177928,0.18662665296795863,0.10363936609997294,0.08566957574973429,0.7344828023083487,0.07743026406061754,0.4912086307757063,0.0,0.4926996226245556,0.4850369806989611,0.2581162568132277,0.0,0.0,0.0,0.0,0.0,0.0,0.0,0.0,0.0,0.0,0.11997303641876204,0.0,0.0,0.0,0.0,0.0,0.0,0.0,0.0,0.0048967685119967515,0.13100037676913978,0.0,0.0,0.0,0.0,0.0,0.0,0.0,0.0,0.0,0.0,0.0,0.0,0.0,0.0,0.0,0.0,0.0,0.0,0.0,0.0,0.0,0.0,0.007181706254773154,0.20409465033333418,0.0,0.0,0.0,0.0,0.0,0.0,0.0,0.0,0.0,0.0
0.47239606343452134,0.548583948311672,0.7375077091927642,1.0,0.7454834550141458,0.5489939025337743,0.20230142829495154,0.05774855581102956,0.10367609527311947,0.30906199828407765,0.019932504382278695,0.0,0.0,0.0,0.0,0.0,0.0,0.0,0.06574885555845901,0.0,0.0,0.0,0.1459881948138593,0.1037756111451452,0.0,0.0,0.5430314722767056,0.06869986327568753,0.3198694290706055,0.0,0.25615448500588545,0.6862570519431527,0.4914745698890266,0.13648098505398815,0.0,0.0,0.0,0.0,0.0,0.0,0.0,0.0,0.0,0.04296422184196322,0.0,0.0,0.0,0.0,0.0,0.0,0.0,0.0,0.0,0.0,0.0,0.0,0.0,0.0,0.0,0.0,0.0,0.0,0.0,0.0,0.0,0.0,0.0,0.0,0.0,0.0,0.0,0.0,0.0,0.0,0.0,0.0,0.0,0.0,0.0,0.0,0.0,0.0,0.0,0.0,0.0,0.0,0.0,0.0
0.5435399703376855,0.48344875675561,0.5546050492462206,0.7454834550141458,1.0,0.7375436119286911,0.29730839763904915,0.2149363273065105,0.3141963666806118,0.5428853673924561,0.0669094345806023,0.0,0.0,0.0,0.0,0.0,0.0,0.0,0.032017859345679786,0.0,0.0,0.0,0.15254825263108865,0.08584995781756187,0.0,0.0,0.3120669324512322,0.09468870383973223,0.07804882717134955,0.017956999447769278,0.17054021909979206,0.4894699663350609,0.6859257191315605,0.3900433028847588,0.037845253989004776,0.0,0.0,0.0,0.0,0.0,0.0,0.0,0.0,0.10825393894147556,0.0,0.0,0.0,0.0,0.0,0.0,0.0,0.0,0.0,0.0,0.0,0.0,0.0,0.0,0.0,0.0,0.0,0.0,0.0,0.0,0.0,0.0,0.0,0.0,0.0,0.0,0.0,0.0,0.0,0.0,0.0,0.0,0.0,0.0,0.0,0.0,0.0,0.0,0.0,0.0,0.0,0.0,0.0,0.0
0.735023811424428,0.5500790121558288,0.48132295916581036,0.5489939025337743,0.7375436119286911,1.0,0.5375654503898808,0.4766003421706852,0.5524505425474752,0.735486863294439,0.28586406470247927,0.08633427590004437,0.060573765343601225,0.21505824230231077,0.1534926064758099,0.0,0.0,0.0,0.16164144965803484,0.0,0.0,0.0,0.2746264961226307,0.14589533546130154,0.0,0.0,0.21597346564485304,0.13249423855225748,0.0,0.036350313861772184,0.2543400221242424,0.2529437523628531,0.48746328387918236,0.4848294349472623,0.25591236962324015,0.0,0.0,0.0,0.0,0.0,0.0,0.0,0.0,0.27231918765813096,0.0,0.0,0.0,0.0,0.0,0.0,0.0,0.0,0.0,0.0,0.0,0.0,0.0,0.0,0.0,0.0,0.0,0.0,0.0,0.0,0.0,0.0,0.0,0.0,0.0,0.0,0.0,0.0,0.0,0.0,0.0,0.0,0.0,0.0,0.0,0.0,0.0,0.0,0.0,0.0,0.0,0.0,0.0,0.0
0.7298229345345313,0.5328079906858321,0.29710087732796214,0.20230142829495154,0.29730839763904915,0.5375654503898808,1.0,0.7368556441552222,0.5418899757557142,0.4701977828050505,0.7308224609221027,0.5451754688569153,0.47641507673772915,0.5430568378109102,0.5198449848397151,0.29350584559334947,0.2118261090068523,0.30479670730734215,0.4077942344628351,0.1534804242998553,0.017329618568779327,0.07139913627585674,0.4207630301342173,0.18617180054726187,0.0,0.0,0.08086058380867141,0.08026183415639308,0.0,0.0,0.3759229533439903,0.0,0.0254773440844981,0.15642542680989535,0.24992520566323917,0.24982479087827214,0.16284482263114855,0.03538167116279218,0.0,0.0,0.0,0.0,0.0,0.4247718921627953,0.0,0.0,0.0,0.0,0.0,0.0,0.0,0.0,0.0,0.0,0.0,0.0,0.0,0.0,0.0,0.0,0.0,0.0,0.0,0.0,0.0,0.0,0.0,0.0,0.0,0.0,0.0,0.0,0.0,0.0,0.0,0.0,0.0,0.0,0.0,0.0,0.0,0.0,0.0,0.0,0.0,0.0,0.0,0.0
0.5455531163351027,0.3053586612293993,0.09638543989916004,0.05774855581102956,0.2149363273065105,0.4766003421706852,0.7368556441552222,1.0,0.7348722843267663,0.5487943144758923,0.5433931727868255,0.4790028047363409,0.5523401256617657,0.7361489869998338,0.2935152593811159,0.08717852334317128,0.05937182477986045,0.21597070538689536,0.17142006720850408,0.0,0.0,0.0,0.2214699762954349,0.00021476121355567266,0.0,0.0,0.0,0.0,0.0,0.0,0.12428231395954363,0.0,0.0,0.2524101522983523,0.4859552344781378,0.48571879951055114,0.25576842155821744,0.0,0.0,0.0,0.0,0.0,0.0,0.2707879332321198,0.0,0.0,0.0,0.0,0.0,0.0,0.0,0.0,0.0,0.0,0.0,0.0,0.0,0.0,0.0,0.0,0.0,0.0,0.0,0.0,0.0,0.0,0.0,0.0,0.0,0.0,0.0,0.0,0.0,0.0,0.0,0.0,0.0,0.0,0.0,0.0,0.0,0.0,0.0,0.0,0.0,0.0,0.0,0.0
0.4771884510350094,0.21894314143164548,0.06677027739948858,0.10367609527311947,0.3141963666806118,0.5524505425474752,0.5418899757557142,0.7348722843267663,1.0,0.747907514793004,0.2998833766545977,0.2139630782879552,0.31242898156253696,0.5431664985113954,0.07141783607378085,0.0,0.0,0.0,0.0,0.0,0.0,0.0,0.10346303096729335,0.0,0.0,0.0,0.0,0.0,0.0,0.0,0.0,0.0,0.14187982756007458,0.4919225749910354,0.6858581575406585,0.3931633067449717,0.0365765531980325,0.0,0.0,0.0,0.0,0.0,0.0,0.1689848717880022,0.0,0.0,0.0,0.0,0.0,0.0,0.0,0.0,0.0,0.0,0.0,0.0,0.0,0.0,0.0,0.0,0.0,0.0,0.0,0.0,0.0,0.0,0.0,0.0,0.0,0.0,0.0,0.0,0.0,0.0,0.0,0.0,0.0,0.0,0.0,0.0,0.0,0.0,0.0,0.0,0.0,0.0,0.0,0.0
0.5420743353750281,0.3080502684057208,0.2178963828932726,0.30906199828407765,0.5428853673924561,0.735486863294439,0.4701977828050505,0.5487943144758923,0.747907514793004,1.0,0.20244974386757741,0.05571732736184864,0.10310819131572801,0.3114704722707417,0.017350238627841363,0.0,0.0,0.0,0.0,0.0,0.0,0.0,0.13022664014583513,0.0,0.0,0.0,0.0,0.0207575896894463,0.0,0.0,0.03156859959845978,0.03310892072951827,0.3921083795438337,0.6859441755499883,0.49262218282381154,0.14238169346930418,0.0,0.0,0.0,0.0,0.0,0.0,0.0,0.17544004591562615,0.0,0.0,0.0,0.0,0.0,0.0,0.0,0.0,0.0,0.0,0.0,0.0,0.0,0.0,0.0,0.0,0.0,0.0,0.0,0.0,0.0,0.0,0.0,0.0,0.0,0.0,0.0,0.0,0.0,0.0,0.0,0.0,0.0,0.0,0.0,0.0,0.0,0.0,0.0,0.0,0.0,0.0,0.0,0.0
0.5221553710170644,0.4317395848571601,0.17507467121854495,0.019932504382278695,0.0669094345806023,0.28586406470247927,0.7308224609221027,0.5433931727868255,0.2998833766545977,0.20244974386757741,1.0,0.7354302293607389,0.5421393123956081,0.47464801090599507,0.730825666316625,0.5433967338870273,0.47465279629459955,0.5421416722215069,0.5221658294983802,0.2858663428725817,0.20244900815655298,0.2998827192277184,0.43177016534859525,0.17510137275194015,0.019943214301387954,0.0669105029399197,0.012219027288371213,0.012252570223920019,0.0,0.0,0.3753899325334411,0.0,0.0,0.0,0.03131502186337044,0.16109702862915468,0.24914128009416445,0.24913729748452762,0.16110024519973223,0.03131443160526073,0.0,0.0,0.0,0.375455374440295,0.0,0.0,0.0,0.0,0.0,0.0,0.0,0.0,0.09852443396334302,0.008666114750157826,0.0,0.0,0.0,0.0,0.0,0.0,0.0,0.0,0.0,0.0,0.0,0.0,0.0,0.0,0.0,0.0,0.0,0.0,0.0,0.0,0.0,0.0,0.0,0.0,0.14109483618903107,0.0,0.0,0.0,0.0,0.0,0.0,0.0,0.0,0.0
0.2988438049890287,0.19354338026940054,0.0,0.0,0.0,0.08633427590004437,0.5451754688569153,0.4790028047363409,0.2139630782879552,0.05571732736184864,0.7354302293607389,1.0,0.7361585565748059,0.5512951119910618,0.5451748905927409,0.479003862658141,0.5512983038379313,0.7361612924637286,0.298858412925455,0.08634909942038661,0.0557233528252312,0.21396281199918193,0.19358045167494717,0.0,0.0,0.0,0.0,0.0,0.0,0.0,0.15083323483492114,0.0,0.0,0.0,0.0,0.2546570266784189,0.48622212433654016,0.4862174894841762,0.25466145112178384,0.0,0.0,0.0,0.0,0.1508944000247752,0.0,0.0,0.0,0.0,0.0,0.0,0.0,0.0,0.03257828666586691,0.0,0.0,0.0,0.0,0.0,0.0,0.0,0.0,0.0,0.0,0.0,0.0,0.0,0.0,0.0,0.0,0.0,0.0,0.0,0.0,0.0,0.0,0.0,0.0,0.0,0.09733526204718727,0.0,0.0,0.0,0.0,0.0,0.0,0.0,0.0,0.0
0.21485835711042064,0.05025253127721581,0.0,0.0,0.0,0.060573765343601225,0.47641507673772915,0.5523401256617657,0.31242898156253696,0.10310819131572801,0.5421393123956081,0.7361585565748059,1.0,0.7473476311242555,0.30480140309482573,0.21597268914600182,0.31196174478131244,0.5435021002972846,0.08381654706432973,0.0,0.0,0.0,0.032810028748361045,0.0,0.0,0.0,0.0,0.0,0.0,0.0,0.0,0.0,0.0,0.0,0.14253649954154946,0.49137839147551404,0.6858858203803065,0.3933386876211749,0.035351250416980576,0.0,0.0,0.0,0.0,0.03754334816204418,0.0,0.0,0.0,0.0,0.0,0.0,0.0,0.0,0.0,0.0,0.0,0.0,0.0,0.0,0.0,0.0,0.0,0.0,0.0,0.0,0.0,0.0,0.0,0.0,0.0,0.0,0.0,0.0,0.0,0.0,0.0,0.0,0.0,0.0,0.0,0.0,0.0,0.0,0.0,0.0,0.0,0.0,0.0,0.0
0.3048904159434598,0.08935781284741105,0.0,0.0,0.0,0.21505824230231077,0.5430568378109102,0.7361489869998338,0.5431664985113954,0.3114704722707417,0.47464801090599507,0.5512951119910618,0.7473476311242555,1.0,0.21183493306027493,0.059375177766128016,0.10276631409225062,0.3119616242596695,0.038301093897935276,0.0,0.0,0.0,0.05106418013161358,0.0,0.0,0.0,0.0,0.0,0.0,0.0,0.0,0.0,0.0,0.03564585120928926,0.3942131767303839,0.6859143613540888,0.4914705259783288,0.14153258457480314,0.0,0.0,0.0,0.0,0.0,0.09346968418541278,0.0,0.0,0.0,0.0,0.0,0.0,0.0,0.0,0.0,0.0,0.0,0.0,0.0,0.0,0.0,0.0,0.0,0.0,0.0,0.0,0.0,0.0,0.0,0.0,0.0,0.0,0.0,0.0,0.0,0.0,0.0,0.0,0.0,0.0,0.0,0.0,0.0,0.0,0.0,0.0,0.0,0.0,0.0,0.0
0.4077800147404605,0.42070208160484324,0.18613031297871388,0.0,0.0,0.1534926064758099,0.5198449848397151,0.2935152593811159,0.07141783607378085,0.017350238627841363,0.730825666316625,0.5451748905927409,0.30480140309482573,0.21183493306027493,1.0,0.736852061170034,0.5430531078289509,0.47641149271696,0.7298280934166304,0.537568406340381,0.47019805058453795,0.5418871074690362,0.5328220694008664,0.2971145499456933,0.2023091777549408,0.2973111627529837,0.08019171047870778,0.08087317187569473,0.0,0.0,0.42463161792277665,0.0,0.0,0.0,0.0,0.0,0.035394270942561666,0.16284043465611692,0.249819457102867,0.24992240782076688,0.1564244068234565,0.025477455077242805,0.0,0.37595422087384645,0.0,0.0,0.0,0.0,0.0,0.0,0.0,0.06434003797864642,0.2164261605767033,0.13890463286431645,0.0,0.0,0.0,0.012551326339200834,0.0,0.0,0.0,0.0,0.0,0.0,0.0,0.0,0.0,0.0,0.0,0.0,0.0,0.0,0.0,0.0,0.0,0.0,0.0,0.06090701283638594,0.2122202164897221,0.0,0.0,0.0,0.0,0.0,0.0,0.0,0.0,0.0
0.17138388879014074,0.22138176029764894,0.0001260428662932769,0.0,0.0,0.0,0.29350584559334947,0.08717852334317128,0.0,0.0,0.5433967338870273,0.479003862658141,0.21597268914600182,0.059375177766128016,0.736852061170034,1.0,0.736147807562035,0.5523381799052911,0.5455494554251219,0.47660130101769926,0.5487945390858183,0.7348700795297398,0.3053611843410057,0.09639170472455068,0.057755359233810095,0.21493985830225962,0.0,0.0,0.0,0.0,0.27063548520181513,0.0,0.0,0.0,0.0,0.0,0.0,0.25576786005304397,0.48571564616410096,0.48595399774725,0.2524096055057574,0.0,0.0,0.1242979310701995,0.0,0.0,0.0,0.0,0.0,0.0059876349861236544,0.06675757911639377,0.25276911373943095,0.34173689136361884,0.20696178824506606,0.0,0.0,0.035353287228299356,0.23358115895666615,0.0,0.0,0.0,0.0,0.0,0.0,0.0,0.0,0.0,0.0,0.0,0.0,0.0,0.0,0.0,0.0,0.0,0.0,0.0,0.06615016390485763,0.31874650746539024,0.1843976205159151,0.0,0.0,0.0,0.0,0.0,0.0,0.0,0.0
0.03826216324089629,0.05098103525842916,0.0,0.0,0.0,0.0,0.2118261090068523,0.05937182477986045,0.0,0.0,0.47465279629459955,0.5512983038379313,0.31196174478131244,0.10276631409225062,0.5430531078289509,0.736147807562035,1.0,0.7473469747335907,0.30489227672201813,0.21506521698913378,0.31147183668007816,0.5431620367729506,0.08937098093903655,0.0,0.0,0.0,0.0,0.0,0.0,0.0,0.0933482152547509,0.0,0.0,0.0,0.0,0.0,0.14154163030614456,0.4914712510788128,0.6859141376000278,0.39420605732079333,0.03564624828770188,0.0,0.0,0.0,0.0,0.0,0.0,0.0,0.0,0.0,0.01929845431826854,0.23931456798022926,0.2843946092636729,0.09058791413651512,0.0,0.0,0.12937315095730867,0.3097818575518003,0.0,0.0,0.0,0.0,0.0,0.0,0.0,0.0,0.0,0.0,0.0,0.0,0.0,0.0,0.0,0.0,0.0,0.0,0.0,0.0,0.2971644495558691,0.3120300789927466,0.0,0.0,0.0,0.0,0.0,0.0,0.0,0.0
0.08378650222499477,0.03274583189562065,0.0,0.0,0.0,0.0,0.30479670730734215,0.21597070538689536,0.0,0.0,0.5421416722215069,0.7361612924637286,0.5435021002972846,0.3119616242596695,0.47641149271696,0.5523381799052911,0.7473469747335907,1.0,0.2148683478419873,0.06058905404114459,0.10311408976374495,0.31242632682189336,0.05028075227149291,0.0,0.0,0.0,0.0,0.0,0.0,0.0,0.03745191169882017,0.0,0.0,0.0,0.0,0.03534953741028244,0.3933473177013908,0.68588350366898,0.4913811294603794,0.14253004555244103,0.0,0.0,0.0,0.0,0.0,0.0,0.0,0.0,0.0,0.0,0.0,0.04208103592991615,0.11782046929521602,0.0,0.0,0.0,0.0,0.13177454081737874,0.0,0.0,0.0,0.0,0.0,0.0,0.0,0.0,0.0,0.0,0.0,0.0,0.0,0.0,0.0,0.0,0.0,0.0,0.0,0.0,0.16981088194908334,0.17511783196434244,0.0,0.0,0.0,0.0,0.0,0.0,0.0,0.0
0.38387097223122707,0.4315313553115138,0.249140923119173,0.06574885555845901,0.032017859345679786,0.16164144965803484,0.4077942344628351,0.17142006720850408,0.0,0.0,0.5221658294983802,0.298858412925455,0.08381654706432973,0.038301093897935276,0.7298280934166304,0.5455494554251219,0.30489227672201813,0.2148683478419873,1.0,0.735022413766164,0.5420697510561187,0.4771826710314707,0.7383203001934547,0.5469856044851444,0.4723984762929794,0.5435401827392725,0.15785304518013005,0.3056210900413447,0.006908436857683399,0.07163054717238745,0.39816716456449763,0.0,0.0,0.0,0.0,0.0,0.0,0.0,0.03455907810677834,0.16324446448095886,0.24826699362912188,0.25014481350807405,0.15870093766934348,0.4860179248394981,0.0,0.0,0.0,0.0,0.0,0.0,0.0,0.0,0.09102891366459943,0.07656411762034641,0.0,0.0,0.0,0.0,0.0,0.0,0.0,0.0,0.0,0.0,0.0,0.0,0.0,0.0,0.0,0.0,0.0,0.0,0.0,0.0,0.0,0.0,0.0,0.016208987636484637,0.04069079111522791,0.0,0.0,0.0,0.0,0.0,0.0,0.0,0.0,0.0
0.1615891232797742,0.2744777449585065,0.1457724537637931,0.0,0.0,0.0,0.1534804242998553,0.0,0.0,0.0,0.2858663428725817,0.08634909942038661,0.0,0.0,0.537568406340381,0.47660130101769926,0.21506521698913378,0.06058905404114459,0.735022413766164,1.0,0.7354843421182612,0.5524505934766646,0.5500763393181864,0.481317320972133,0.5489899212734883,0.7375412754697143,0.13228399233699162,0.21596428558562256,0.03607004175183974,0.0,0.27205949997010176,0.0,0.0,0.0,0.0,0.0,0.0,0.0,0.0,0.2559125741643663,0.48482634822594184,0.4874617053323722,0.25293799979757103,0.25434119452582926,0.0,0.0,0.0,0.0,0.0,0.0,0.0,0.0,0.11591419826662583,0.12681348960694117,0.0,0.0,0.0,0.0,0.0,0.0,0.0,0.0,0.0,0.0,0.0,0.0,0.0,0.0,0.0,0.0,0.0,0.14910194340812424,0.0,0.23674332372951085,0.0,0.0,0.0,0.0317266741847745,0.007584903981067765,0.0,0.0,0.0,0.0,0.0,0.0,0.0,0.0,0.013278284986284718
0.0,0.13007715671992276,0.0,0.0,0.0,0.0,0.017329618568779327,0.0,0.0,0.0,0.20244900815655298,0.0557233528252312,0.0,0.0,0.47019805058453795,0.5487945390858183,0.31147183668007816,0.10311408976374495,0.5420697510561187,0.7354843421182612,1.0,0.7479097614702852,0.3080442557528662,0.2178870818136963,0.30905461677178164,0.5428796925500227,0.020526497834504123,0.0,0.0,0.0,0.17519886782896812,0.0,0.0,0.0,0.0,0.0,0.0,0.0,0.14237956793802561,0.4926241303036137,0.6859434865205477,0.39210324995513535,0.033100461828726925,0.031568915908104095,0.07671348791379588,0.0,0.0,0.0,0.0,0.1293185169805734,0.13429893163012155,0.19915881216764475,0.25941715931415715,0.23255231274600754,0.002590945933577239,0.0,0.0,0.07902593265757502,0.0,0.0,0.0,0.0,0.0,0.0,0.0,0.0,0.18776691820814234,0.13821678028546527,0.0,0.0,0.0,0.2745131540291619,0.0,0.2970112059636853,0.0,0.0,0.0,0.07594492540796101,0.11834441430941445,0.0,0.0,0.0,0.0,0.0,0.0,0.0,0.0,0.24219908526493122
0.0,0.1033398247086782,0.0,0.0,0.0,0.0,0.07139913627585674,0.0,0.0,0.0,0.2998827192277184,0.21396281199918193,0.0,0.0,0.5418871074690362,0.7348700795297398,0.5431620367729506,0.31242632682189336,0.4771826710314707,0.5524505934766646,0.7479097614702852,1.0,0.21893896240645325,0.06676746834114315,0.1036769165032307,0.31419746451936065,0.0,0.0,0.0,0.0,0.16878844148754787,0.0,0.0,0.0,0.0,0.0,0.0,0.036578076269583516,0.39315499681129185,0.6858586646018637,0.49192478207034684,0.14188154767737357,0.0,0.0,0.09573388082209319,0.0,0.0,0.0,0.0,0.12306591872786404,0.21661215073194426,0.33854375395890074,0.37295338182756443,0.26498139954608135,0.09639547344193723,0.026020752150631748,0.1081604999356283,0.2753978859517953,0.0,0.0,0.0,0.0,0.0,0.0,0.0,0.0,0.12903738964049746,0.015371970655369568,0.0,0.0,0.0,0.0957158391019462,0.0,0.07768067071971858,0.0,0.0,0.0,0.08298369755355862,0.2667440508085679,0.1548746207892654,0.0,0.0,0.0,0.0,0.0,0.0,0.0,0.20409036390821728
0.43160248046743904,0.4128363916840348,0.2626172908177928,0.1459881948138593,0.15254825263108865,0.2746264961226307,0.4207630301342173,0.2214699762954349,0.10346303096729335,0.13022664014583513,0.43177016534859525,0.19358045167494717,0.032810028748361045,0.05106418013161358,0.5328220694008664,0.3053611843410057,0.08937098093903655,0.05028075227149291,0.7383203001934547,0.5500763393181864,0.3080442557528662,0.21893896240645325,1.0,0.7425880717278831,0.5485871546457848,0.483449274630623,0.12122879517493393,0.5479790959344817,0.0,0.32376700413947374,0.29022047966604664,0.0,0.0,0.0,0.0,0.0,0.0,0.0,0.0,0.0,0.03585105509479876,0.1694185034114421,0.254723339045421,0.6868658822196682,0.0,0.0,0.0,0.0,0.0,0.0,0.0,0.0,0.0,0.0,0.0,0.0,0.0,0.0,0.0,0.0,0.0,0.0,0.0,0.0,0.0,0.0,0.0,0.0,0.0,0.0,0.0,0.0,0.0,0.0,0.0,0.0,0.0,0.0,0.0,0.0,0.0,0.0,0.0,0.0,0.0,0.0,0.0,0.0
0.24916747000702985,0.26255334433917454,0.18662665296795863,0.1037756111451452,0.08584995781756187,0.14589533546130154,0.18617180054726187,0.00021476121355567266,0.0,0.0,0.17510137275194015,0.0,0.0,0.0,0.2971145499456933,0.09639170472455068,0.0,0.0,0.5469856044851444,0.481317320972133,0.2178870818136963,0.06676746834114315,0.7425880717278831,1.0,0.7375070620265383,0.5546015198363009,0.07734008354035239,0.7344805035667255,0.0,0.49120893231530266,0.11980481488405156,0.0,0.0,0.0,0.0,0.0,0.0,0.0,0.0,0.0,0.0,0.2581114129734773,0.4850299126666506,0.4926948384021751,0.0,0.0,0.0,0.0,0.0,0.0,0.0,0.0,0.0,0.0,0.0,0.0,0.0,0.0,0.0,0.0,0.0,0.0,0.0,0.0,0.0,0.0,0.0,0.0,0.0,0.0,0.0,0.0,0.0,0.0,0.0,0.0,0.0,0.0,0.0,0.0,0.0,0.0,0.0,0.0,0.0,0.0,0.0,0.0
0.06569687224930827,0.14582177321924802,0.10363936609997294,0.0,0.0,0.0,0.0,0.0,0.0,0.0,0.019943214301387954,0.0,0.0,0.0,0.2023091777549408,0.057755359233810095,0.0,0.0,0.4723984762929794,0.5489899212734883,0.30905461677178164,0.1036769165032307,0.5485871546457848,0.7375070620265383,1.0,0.7454813410875302,0.06844702378827484,0.5430307554739648,0.0,0.31987265354694283,0.0427017751563001,0.0,0.0,0.0,0.0,0.0,0.0,0.0,0.0,0.0,0.13646948851367796,0.49147101789775055,0.6862528676821151,0.25615162851851364,0.0,0.0,0.0,0.0,0.0,0.0,0.0,0.0,0.0,0.0,0.0,0.0,0.0,0.0,0.0,0.0,0.0,0.0,0.0,0.0,0.0,0.0,0.0,0.0,0.0,0.0,0.0,0.0,0.0,0.14106413234514772,0.0,0.0,0.0,0.0,0.0,0.0,0.0,0.0,0.0,0.0,0.0,0.0,0.0,0.0
0.03194060688136895,0.15235276290080454,0.08566957574973429,0.0,0.0,0.0,0.0,0.0,0.0,0.0,0.0669105029399197,0.0,0.0,0.0,0.2973111627529837,0.21493985830225962,0.0,0.0,0.5435401827392725,0.7375412754697143,0.5428796925500227,0.31419746451936065,0.483449274630623,0.5546015198363009,0.7454813410875302,1.0,0.09438574837315131,0.31206168543158286,0.017551226630095194,0.07804658397873089,0.10795693817111354,0.0,0.0,0.0,0.0,0.0,0.0,0.0,0.0,0.0378471985757629,0.3900348105746809,0.6859250623420765,0.4894679615819276,0.17053903660930325,0.0,0.0,0.0,0.0,0.0,0.0,0.0,0.0,0.0,0.0,0.0,0.0,0.0,0.0,0.0,0.0,0.0,0.0,0.0,0.0,0.0,0.0,0.0,0.0,0.0,0.0,0.0,0.197666630377834,0.0,0.33763384864450935,0.0,0.0,0.0,0.0,0.0,0.0,0.0,0.0,0.0,0.0,0.0,0.0,0.0,0.0
0.3056207679107978,0.5479811432983256,0.7344828023083487,0.5430314722767056,0.3120669324512322,0.21597346564485304,0.08086058380867141,0.0,0.0,0.0,0.012219027288371213,0.0,0.0,0.0,0.08019171047870778,0.0,0.0,0.0,0.15785304518013005,0.13228399233699162,0.020526497834504123,0.0,0.12122879517493393,0.07734008354035239,0.06844702378827484,0.09438574837315131,1.0,0.0,0.7567242633694322,0.0,0.3997693416312046,0.3893221944489928,0.0355044442684928,0.0,0.0,0.0,0.0,0.0,0.0,0.0,0.0,0.0,0.0,0.0,0.0,0.0,0.0,0.0,0.19533292691108753,0.14209235732331554,0.0,0.0,0.08218881872514322,0.2632976998395292,0.0,0.0,0.0,0.0,0.0,0.0,0.0,0.0,0.0,0.0,0.0,0.0,0.0,0.0,0.0,0.0,0.0,0.0,0.0,0.0,0.0,0.0,0.24921065657849276,0.33459425489033573,0.0,0.0,0.0,0.0,0.0,0.0,0.0,0.0,0.0,0.0
0.15793578015827425,0.12123362540453902,0.07743026406061754,0.06869986327568753,0.09468870383973223,0.13249423855225748,0.08026183415639308,0.0,0.0,0.0207575896894463,0.012252570223920019,0.0,0.0,0.0,0.08087317187569473,0.0,0.0,0.0,0.3056210900413447,0.21596428558562256,0.0,0.0,0.5479790959344817,0.7344805035667255,0.5430307554739648,0.31206168543158286,0.0,1.0,0.0,0.7567268193701492,0.0,0.0,0.0,0.0,0.0,0.0,0.0,0.0,0.0,0.0,0.0,0.03549778743377692,0.38931671965799636,0.3997552763451872,0.0,0.0,0.0,0.0,0.0,0.0,0.0,0.0,0.0,0.0,0.0,0.0,0.0,0.0,0.0,0.0,0.0,0.0,0.0,0.0,0.0,0.0,0.0,0.0,0.0,0.0,0.0,0.0,0.0,0.0,0.0,0.0,0.0,0.0,0.0,0.0,0.0,0.0,0.0,0.0,0.0,0.0,0.0,0.0
0.07162922115494477,0.3237689808568086,0.4912086307757063,0.3198694290706055,0.07804882717134955,0.0,0.0,0.0,0.0,0.0,0.0,0.0,0.0,0.0,0.0,0.0,0.0,0.0,0.006908436857683399,0.03607004175183974,0.0,0.0,0.0,0.0,0.0,0.017551226630095194,0.7567242633694322,0.0,1.0,0.0,0.23315056628027087,0.22325245494818174,0.0,0.0,0.0,0.0,0.0,0.0,0.0,0.0,0.0,0.0,0.0,0.0,0.0,0.0,0.0,0.14752516272172173,0.35172431172516694,0.23982544649490997,0.0,0.0,0.06592047703109447,0.29928833031259433,0.0,0.0,0.0,0.0,0.0,0.0,0.0,0.0,0.0,0.0,0.0,0.0,0.0,0.0,0.0,0.0,0.0,0.0,0.0,0.0,0.0,0.006853343774880152,0.421114566415377,0.35036485392923733,0.0,0.0,0.0,0.0,0.0,0.0,0.0,0.0,0.0,0.0
0.007037028930726071,0.0,0.0,0.0,0.017956999447769278,0.036350313861772184,0.0,0.0,0.0,0.0,0.0,0.0,0.0,0.0,0.0,0.0,0.0,0.0,0.07163054717238745,0.0,0.0,0.0,0.32376700413947374,0.49120893231530266,0.31987265354694283,0.07804658397873089,0.0,0.7567268193701492,0.0,1.0,0.0,0.0,0.0,0.0,0.0,0.0,0.0,0.0,0.0,0.0,0.0,0.0,0.22325278599511061,0.2331323609138009,0.0,0.0,0.0,0.0,0.0,0.0,0.0,0.0,0.0,0.0,0.0,0.0,0.0,0.0,0.0,0.0,0.0,0.0,0.0,0.0,0.0,0.0,0.0,0.0,0.0,0.0,0.0,0.0,0.0,0.0,0.0,0.0,0.0,0.0,0.0,0.0,0.0,0.0,0.0,0.0,0.0,0.0,0.0,0.0
0.48600716103091507,0.6868673375467472,0.4926996226245556,0.25615448500588545,0.17054021909979206,0.2543400221242424,0.3759229533439903,0.12428231395954363,0.0,0.03156859959845978,0.3753899325334411,0.15083323483492114,0.0,0.0,0.42463161792277665,0.27063548520181513,0.0933482152547509,0.03745191169882017,0.39816716456449763,0.27205949997010176,0.17519886782896812,0.16878844148754787,0.29022047966604664,0.11980481488405156,0.0427017751563001,0.10795693817111354,0.3997693416312046,0.0,0.23315056628027087,0.0,1.0,0.0,0.0,0.0,0.0,0.0,0.0,0.0,0.0,0.0,0.0,0.0,0.0,0.16702835518119324,0.0,0.0,0.0,0.0,0.0,0.01938828794999987,0.0,0.0,0.25456477887271894,0.31147108836718335,0.0,0.0,0.0,0.0,0.0,0.0,0.0,0.0,0.0,0.0,0.0,0.0,0.0,0.0,0.0,0.0,0.0,0.0,0.0,0.0,0.0,0.0,0.0,0.3374648519069948,0.21248228400905927,0.0,0.0,0.0,0.0,0.0,0.0,0.0,0.0,0.0
0.15870273717220001,0.25472597609101466,0.4850369806989611,0.6862570519431527,0.4894699663350609,0.2529437523628531,0.0,0.0,0.0,0.03310892072951827,0.0,0.0,0.0,0.0,0.0,0.0,0.0,0.0,0.0,0.0,0.0,0.0,0.0,0.0,0.0,0.0,0.3893221944489928,0.0,0.22325245494818174,0.0,0.0,1.0,0.4066966509274187,0.0,0.0,0.0,0.0,0.0,0.0,0.0,0.0,0.0,0.0,0.0,0.0,0.0,0.0,0.0,0.0,0.0,0.0,0.0,0.0,0.0,0.0,0.0,0.0,0.0,0.0,0.0,0.0,0.0,0.0,0.0,0.0,0.0,0.0,0.0,0.0,0.0,0.0,0.0,0.0,0.0,0.0,0.0,0.0,0.0,0.0,0.0,0.0,0.0,0.0,0.0,0.0,0.0,0.0,0.0
0.2501455910154782,0.1694188267175096,0.2581162568132277,0.4914745698890266,0.6859257191315605,0.48746328387918236,0.0254773440844981,0.0,0.14187982756007458,0.3921083795438337,0.0,0.0,0.0,0.0,0.0,0.0,0.0,0.0,0.0,0.0,0.0,0.0,0.0,0.0,0.0,0.0,0.0355044442684928,0.0,0.0,0.0,0.0,0.4066966509274187,1.0,0.41912553704508676,0.0,0.0,0.0,0.0,0.0,0.0,0.0,0.0,0.0,0.0,0.0,0.0,0.0,0.0,0.0,0.0,0.0,0.0,0.0,0.0,0.0,0.0,0.0,0.0,0.0,0.0,0.0,0.0,0.0,0.0,0.0,0.0,0.0,0.0,0.0,0.0,0.0,0.0,0.0,0.0,0.0,0.0,0.0,0.0,0.0,0.0,0.0,0.0,0.0,0.0,0.0,0.0,0.0,0.0
0.24827169966445878,0.03585875346641976,0.0,0.13648098505398815,0.3900433028847588,0.4848294349472623,0.15642542680989535,0.2524101522983523,0.4919225749910354,0.6859441755499883,0.0,0.0,0.0,0.03564585120928926,0.0,0.0,0.0,0.0,0.0,0.0,0.0,0.0,0.0,0.0,0.0,0.0,0.0,0.0,0.0,0.0,0.0,0.0,0.41912553704508676,1.0,0.4086768458840032,0.0,0.0,0.0,0.0,0.0,0.0,0.0,0.0,0.0,0.0,0.0,0.0,0.0,0.0,0.0,0.0,0.0,0.0,0.0,0.0,0.0,0.0,0.0,0.0,0.0,0.0,0.0,0.0,0.0,0.0,0.0,0.0,0.0,0.0,0.0,0.0,0.0,0.0,0.0,0.0,0.0,0.0,0.0,0.0,0.0,0.0,0.0,0.0,0.0,0.0,0.0,0.0,0.0
0.16324994448749186,0.0,0.0,0.0,0.037845253989004776,0.25591236962324015,0.24992520566323917,0.4859552344781378,0.6858581575406585,0.49262218282381154,0.03131502186337044,0.0,0.14253649954154946,0.3942131767303839,0.0,0.0,0.0,0.0,0.0,0.0,0.0,0.0,0.0,0.0,0.0,0.0,0.0,0.0,0.0,0.0,0.0,0.0,0.0,0.4086768458840032,1.0,0.42564564078104783,0.0,0.0,0.0,0.0,0.0,0.0,0.0,0.0,0.0,0.0,0.0,0.0,0.0,0.0,0.0,0.0,0.0,0.0,0.0,0.0,0.0,0.0,0.0,0.0,0.0,0.0,0.0,0.0,0.0,0.0,0.0,0.0,0.0,0.0,0.0,0.0,0.0,0.0,0.0,0.0,0.0,0.0,0.0,0.0,0.0,0.0,0.0,0.0,0.0,0.0,0.0,0.0
0.0345603552407269,0.0,0.0,0.0,0.0,0.0,0.24982479087827214,0.48571879951055114,0.3931633067449717,0.14238169346930418,0.16109702862915468,0.2546570266784189,0.49137839147551404,0.6859143613540888,0.0,0.0,0.0,0.03534953741028244,0.0,0.0,0.0,0.0,0.0,0.0,0.0,0.0,0.0,0.0,0.0,0.0,0.0,0.0,0.0,0.0,0.42564564078104783,1.0,0.4065244110003328,0.0,0.0,0.0,0.0,0.0,0.0,0.0,0.0,0.0,0.0,0.0,0.0,0.0,0.0,0.0,0.0,0.0,0.0,0.0,0.0,0.0,0.0,0.0,0.0,0.0,0.0,0.0,0.0,0.0,0.0,0.0,0.0,0.0,0.0,0.0,0.0,0.0,0.0,0.0,0.0,0.0,0.0,0.0,0.0,0.0,0.0,0.0,0.0,0.0,0.0,0.0
0.0,0.0,0.0,0.0,0.0,0.0,0.16284482263114855,0.25576842155821744,0.0365765531980325,0.0,0.24914128009416445,0.48622212433654016,0.6858858203803065,0.4914705259783288,0.035394270942561666,0.0,0.14154163030614456,0.3933473177013908,0.0,0.0,0.0,0.0,0.0,0.0,0.0,0.0,0.0,0.0,0.0,0.0,0.0,0.0,0.0,0.0,0.0,0.4065244110003328,1.0,0.42404291608049854,0.0,0.0,0.0,0.0,0.0,0.0,0.0,0.0,0.0,0.0,0.0,0.0,0.0,0.0,0.0,0.0,0.0,0.0,0.0,0.0,0.0,0.0,0.0,0.0,0.0,0.0,0.0,0.0,0.0,0.0,0.0,0.0,0.0,0.0,0.0,0.0,0.0,0.0,0.0,0.0,0.0,0.0,0.0,0.0,0.0,0.0,0.0,0.0,0.0,0.0
0.0,0.0,0.0,0.0,0.0,0.0,0.03538167116279218,0.0,0.0,0.0,0.24913729748452762,0.4862174894841762,0.3933386876211749,0.14153258457480314,0.16284043465611692,0.25576786005304397,0.4914712510788128,0.68588350366898,0.0,0.0,0.0,0.036578076269583516,0.0,0.0,0.0,0.0,0.0,0.0,0.0,0.0,0.0,0.0,0.0,0.0,0.0,0.0,0.42404291608049854,1.0,0.4065355178370775,0.0,0.0,0.0,0.0,0.0,0.0,0.0,0.0,0.0,0.0,0.0,0.0,0.0,0.0,0.0,0.0,0.0,0.0,0.0,0.0,0.0,0.0,0.0,0.0,0.0,0.0,0.0,0.0,0.0,0.0,0.0,0.0,0.0,0.0,0.0,0.0,0.0,0.0,0.0,0.0,0.0421484983345247,0.0,0.0,0.0,0.0,0.0,0.0,0.0,0.0
0.0,0.0,0.0,0.0,0.0,0.0,0.0,0.0,0.0,0.0,0.16110024519973223,0.25466145112178384,0.035351250416980576,0.0,0.249819457102867,0.48571564616410096,0.6859141376000278,0.4913811294603794,0.03455907810677834,0.0,0.14237956793802561,0.39315499681129185,0.0,0.0,0.0,0.0,0.0,0.0,0.0,0.0,0.0,0.0,0.0,0.0,0.0,0.0,0.0,0.4065355178370775,1.0,0.425628283670228,0.0,0.0,0.0,0.0,0.0,0.0,0.0,0.0,0.0,0.0,0.0,0.24935155490906105,0.21450567903999487,0.0,0.0,0.0,0.22542908238950488,0.4068076353263768,0.0,0.0,0.0,0.0,0.0,0.0,0.0,0.0,0.0,0.0,0.0,0.0,0.0,0.0,0.0,0.0,0.0,0.0,0.0,0.0,0.18896350262899947,0.38966109098565127,0.035539898607868936,0.0,0.0,0.0,0.0,0.0,0.0,0.0
0.0,0.0,0.0,0.0,0.0,0.0,0.0,0.0,0.0,0.0,0.03131443160526073,0.0,0.0,0.0,0.24992240782076688,0.48595399774725,0.39420605732079333,0.14253004555244103,0.16324446448095886,0.2559125741643663,0.4926241303036137,0.6858586646018637,0.0,0.0,0.0,0.0378471985757629,0.0,0.0,0.0,0.0,0.0,0.0,0.0,0.0,0.0,0.0,0.0,0.0,0.425628283670228,1.0,0.40868027443839844,0.0,0.0,0.0,0.06181464919062929,0.0,0.0,0.0,0.0,0.021693771047049105,0.27784849920277976,0.4110224720985483,0.34828994239483735,0.1627943707362459,0.18203484983109056,0.11827073831049527,0.20721830989626633,0.3736632980477801,0.0,0.0,0.0,0.0,0.0,0.0,0.0,0.0,0.13731729234966666,0.0,0.0,0.0,0.0,0.0,0.0,0.0,0.0,0.0,0.0,0.0,0.17393977722913562,0.17601200300560316,0.0,0.0,0.0,0.0,0.0,0.0,0.0,0.22662660160550782
0.0,0.0,0.0,0.0,0.0,0.0,0.0,0.0,0.0,0.0,0.0,0.0,0.0,0.0,0.1564244068234565,0.2524096055057574,0.03564624828770188,0.0,0.24826699362912188,0.48482634822594184,0.6859434865205477,0.49192478207034684,0.03585105509479876,0.0,0.13646948851367796,0.3900348105746809,0.0,0.0,0.0,0.0,0.0,0.0,0.0,0.0,0.0,0.0,0.0,0.0,0.0,0.40868027443839844,1.0,0.41911449037027615,0.0,0.0,0.018734939315478986,0.0,0.0,0.0,0.0,0.041832621632646075,0.06998222581473217,0.0732156640828275,0.09806586095732849,0.09554121115813304,0.0,0.0,0.0,0.0,0.0,0.0,0.0,0.0,0.0,0.0,0.0,0.0,0.3002882242916984,0.2724886760533952,0.0,0.0,0.0,0.44784274932659196,0.0,0.44779708431683624,0.0,0.0,0.0,0.0,0.0,0.0,0.0,0.0,0.0,0.0,0.0,0.0,0.0,0.33521809004067116
0.0,0.0,0.0,0.0,0.0,0.0,0.0,0.0,0.0,0.0,0.0,0.0,0.0,0.0,0.025477455077242805,0.0,0.0,0.0,0.25014481350807405,0.4874617053323722,0.39210324995513535,0.14188154767737357,0.1694185034114421,0.2581114129734773,0.49147101789775055,0.6859250623420765,0.0,0.03549778743377692,0.0,0.0,0.0,0.0,0.0,0.0,0.0,0.0,0.0,0.0,0.0,0.0,0.41911449037027615,1.0,0.40669536210782886,0.0,0.0,0.0,0.0,0.0,0.0,0.0,0.0,0.0,0.0,0.0,0.0,0.0,0.0,0.0,0.0,0.0,0.0,0.0,0.0,0.0,0.0,0.0,0.0,0.006934083372683891,0.0,0.0,0.0,0.3226802137217923,0.0,0.5193124780836552,0.0,0.0,0.0,0.0,0.0,0.0,0.0,0.0,0.0,0.0,0.0,0.0,0.0,0.0
0.0,0.0,0.0,0.0,0.0,0.0,0.0,0.0,0.0,0.0,0.0,0.0,0.0,0.0,0.0,0.0,0.0,0.0,0.15870093766934348,0.25293799979757103,0.033100461828726925,0.0,0.254723339045421,0.4850299126666506,0.6862528676821151,0.4894679615819276,0.0,0.38931671965799636,0.0,0.22325278599511061,0.0,0.0,0.0,0.0,0.0,0.0,0.0,0.0,0.0,0.0,0.0,0.40669536210782886,1.0,0.0,0.0,0.0,0.0,0.0,0.0,0.0,0.0,0.0,0.0,0.0,0.0,0.0,0.0,0.0,0.0,0.0,0.0,0.0,0.0,0.0,0.0,0.0,0.0,0.0,0.0,0.0,0.0,0.0,0.0,0.005812255874446819,0.0,0.0,0.0,0.0,0.0,0.0,0.0,0.0,0.0,0.0,0.0,0.0,0.0,0.0
0.3983503897780198,0.29033171045437667,0.11997303641876204,0.04296422184196322,0.10825393894147556,0.27231918765813096,0.4247718921627953,0.2707879332321198,0.1689848717880022,0.17544004591562615,0.375455374440295,0.1508944000247752,0.03754334816204418,0.09346968418541278,0.37595422087384645,0.1242979310701995,0.0,0.0,0.4860179248394981,0.25434119452582926,0.031568915908104095,0.0,0.6868658822196682,0.4926948384021751,0.25615162851851364,0.17053903660930325,0.0,0.3997552763451872,0.0,0.2331323609138009,0.16702835518119324,0.0,0.0,0.0,0.0,0.0,0.0,0.0,0.0,0.0,0.0,0.0,0.0,1.0,0.0,0.0,0.0,0.0,0.0,0.0,0.0,0.0,0.0,0.0,0.0,0.0,0.0,0.0,0.0,0.0,0.0,0.0,0.0,0.0,0.0,0.0,0.0,0.0,0.0,0.0,0.0,0.0,0.0,0.0,0.0,0.0,0.0,0.0,0.0,0.0,0.0,0.0,0.0,0.0,0.0,0.0,0.0,0.0
0.0,0.0,0.0,0.0,0.0,0.0,0.0,0.0,0.0,0.0,0.0,0.0,0.0,0.0,0.0,0.0,0.0,0.0,0.0,0.0,0.07671348791379588,0.09573388082209319,0.0,0.0,0.0,0.0,0.0,0.0,0.0,0.0,0.0,0.0,0.0,0.0,0.0,0.0,0.0,0.0,0.0,0.06181464919062929,0.018734939315478986,0.0,0.0,0.0,1.0,0.7383166801283008,0.5469819032007213,0.47239606343452134,0.5435399703376855,0.735023811424428,0.7298229345345313,0.5455531163351027,0.4771884510350094,0.5420743353750281,0.5221553710170644,0.29884380498902857,0.21485835711042064,0.3048904159434598,0.4077800147404605,0.17138388879014074,0.03826216324089629,0.08378650222499477,0.38387097223122707,0.1615891232797742,0.0,0.0,0.43160248046743904,0.24916747000702985,0.06569687224930827,0.03194060688136895,0.3056207679107978,0.15793578015827425,0.07162922115494477,0.0070370289307262355,0.48600716103091507,0.15870273717220001,0.2501455910154782,0.24827169966445878,0.16324994448749194,0.034560355240727064,0.0,0.0,0.0,0.0,0.0,0.0,0.0,0.39835038977801973
0.0,0.0,0.0,0.0,0.0,0.0,0.0,0.0,0.0,0.0,0.0,0.0,0.0,0.0,0.0,0.0,0.0,0.0,0.0,0.0,0.0,0.0,0.0,0.0,0.0,0.0,0.0,0.0,0.0,0.0,0.0,0.0,0.0,0.0,0.0,0.0,0.0,0.0,0.0,0.0,0.0,0.0,0.0,0.0,0.7383166801283008,1.0,0.7425848190720138,0.548583948311672,0.48344875675561,0.5500790121558288,0.5328079906858321,0.3053586612293993,0.21894314143164548,0.3080502684057208,0.4317395848571601,0.19354338026940054,0.05025253127721581,0.08935781284741105,0.42070208160484324,0.22138176029764894,0.05098103525842916,0.03274583189562065,0.4315313553115138,0.27447774495850646,0.1300771567199226,0.1033398247086782,0.4128363916840348,0.26255334433917454,0.14582177321924802,0.15235276290080454,0.5479811432983256,0.12123362540453902,0.3237689808568086,0.0,0.6868673375467472,0.25472597609101466,0.1694188267175096,0.03585875346641976,0.0,0.0,0.0,0.0,0.0,0.0,0.0,0.0,0.0,0.2903317104543766
0.0,0.0,0.0,0.0,0.0,0.0,0.0,0.0,0.0,0.0,0.0,0.0,0.0,0.0,0.0,0.0,0.0,0.0,0.0,0.0,0.0,0.0,0.0,0.0,0.0,0.0,0.0,0.0,0.0,0.0,0.0,0.0,0.0,0.0,0.0,0.0,0.0,0.0,0.0,0.0,0.0,0.0,0.0,0.0,0.5469819032007213,0.7425848190720138,1.0,0.7375077091927642,0.5546050492462206,0.48132295916581036,0.29710087732796214,0.09638543989916004,0.06677027739948875,0.2178963828932726,0.17507467121854495,0.0,0.0,0.0,0.18613031297871388,0.0001260428662932769,0.0,0.0,0.249140923119173,0.1457724537637931,0.0,0.0,0.2626172908177928,0.18662665296795863,0.10363936609997294,0.08566957574973429,0.7344828023083487,0.07743026406061754,0.4912086307757063,0.0,0.4926996226245556,0.4850369806989611,0.2581162568132277,0.0,0.0,0.0,0.0,0.0,0.0,0.0,0.0,0.0,0.0,0.11997303641876204
0.0,0.0,0.0,0.0,0.0,0.0,0.0,0.0,0.0,0.0,0.0,0.0,0.0,0.0,0.0,0.0,0.0,0.0,0.0,0.0,0.0,0.0,0.0,0.0,0.0,0.0,0.0,0.0,0.14752516272172173,0.0,0.0,0.0,0.0,0.0,0.0,0.0,0.0,0.0,0.0,0.0,0.0,0.0,0.0,0.0,0.47239606343452134,0.548583948311672,0.7375077091927642,1.0,0.7454834550141458,0.5489939025337743,0.20230142829495154,0.05774855581102956,0.10367609527311947,0.30906199828407765,0.019932504382278695,0.0,0.0,0.0,0.0,0.0,0.0,0.0,0.06574885555845901,0.0,0.0,0.0,0.1459881948138593,0.1037756111451452,0.0,0.0,0.5430314722767056,0.06869986327568753,0.3198694290706055,0.0,0.25615448500588545,0.6862570519431527,0.4914745698890266,0.13648098505398815,0.0,0.0,0.0,0.0,0.0,0.0,0.0,0.0,0.0,0.04296422184196322
0.0,0.0,0.0,0.0,0.0,0.0,0.0,0.0,0.0,0.0,0.0,0.0,0.0,0.0,0.0,0.0,0.0,0.0,0.0,0.0,0.0,0.0,0.0,0.0,0.0,0.0,0.19533292691108753,0.0,0.35172431172516694,0.0,0.0,0.0,0.0,0.0,0.0,0.0,0.0,0.0,0.0,0.0,0.0,0.0,0.0,0.0,0.5435399703376855,0.48344875675561,0.5546050492462206,0.7454834550141458,1.0,0.7375436119286911,0.29730839763904915,0.2149363273065105,0.3141963666806118,0.5428853673924561,0.0669094345806023,0.0,0.0,0.0,0.0,0.0,0.0,0.0,0.032017859345679786,0.0,0.0,0.0,0.15254825263108865,0.08584995781756187,0.0,0.0,0.3120669324512322,0.09468870383973223,0.07804882717134955,0.017956999447769278,0.17054021909979214,0.4894699663350609,0.6859257191315605,0.3900433028847588,0.037845253989004776,0.0,0.0,0.0,0.0,0.0,0.0,0.0,0.0,0.10825393894147556
0.0,0.0,0.0,0.0,0.0,0.0,0.0,0.0,0.0,0.0,0.0,0.0,0.0,0.0,0.0,0.0059876349861236544,0.0,0.0,0.0,0.0,0.1293185169805734,0.12306591872786404,0.0,0.0,0.0,0.0,0.14209235732331554,0.0,0.23982544649490997,0.0,0.01938828794999987,0.0,0.0,0.0,0.0,0.0,0.0,0.0,0.0,0.021693771047049105,0.041832621632646075,0.0,0.0,0.0,0.735023811424428,0.5500790121558288,0.48132295916581036,0.5489939025337743,0.7375436119286911,1.0,0.5375654503898808,0.4766003421706852,0.5524505425474752,0.735486863294439,0.28586406470247927,0.08633427590004437,0.060573765343601225,0.21505824230231077,0.1534926064758099,0.0,0.0,0.0,0.16164144965803484,0.0,0.0,0.0,0.2746264961226307,0.14589533546130154,0.0,0.0,0.21597346564485304,0.13249423855225748,0.0,0.036350313861772184,0.2543400221242425,0.2529437523628531,0.48746328387918236,0.4848294349472623,0.25591236962324027,0.0,0.0,0.0,0.0,0.0,0.0,0.0,0.0,0.27231918765813096
0.0,0.0,0.0,0.0,0.0,0.0,0.0,0.0,0.0,0.0,0.0,0.0,0.0,0.0,0.0,0.06675757911639377,0.01929845431826854,0.0,0.0,0.0,0.13429893163012155,0.21661215073194426,0.0,0.0,0.0,0.0,0.0,0.0,0.0,0.0,0.0,0.0,0.0,0.0,0.0,0.0,0.0,0.0,0.0,0.27784849920277976,0.06998222581473217,0.0,0.0,0.0,0.7298229345345313,0.5328079906858321,0.29710087732796214,0.20230142829495154,0.29730839763904915,0.5375654503898808,1.0,0.7368556441552222,0.5418899757557142,0.4701977828050505,0.7308224609221027,0.5451754688569153,0.47641507673772915,0.5430568378109102,0.519844984839715,0.29350584559334947,0.2118261090068523,0.30479670730734215,0.4077942344628351,0.1534804242998553,0.01732961856877916,0.07139913627585674,0.4207630301342173,0.18617180054726187,0.0,0.0,0.08086058380867141,0.08026183415639308,0.0,0.0,0.3759229533439904,0.0,0.0254773440844981,0.15642542680989535,0.24992520566323925,0.24982479087827214,0.16284482263114855,0.03538167116279218,0.0,0.0,0.0,0.0,0.0,0.4247718921627953
0.0,0.0,0.0,0.0,0.0,0.0,0.0,0.0,0.0,0.0,0.0,0.0,0.0,0.0,0.06434003797864642,0.25276911373943095,0.23931456798022926,0.04208103592991615,0.0,0.0,0.19915881216764475,0.33854375395890074,0.0,0.0,0.0,0.0,0.0,0.0,0.0,0.0,0.0,0.0,0.0,0.0,0.0,0.0,0.0,0.0,0.24935155490906105,0.4110224720985483,0.0732156640828275,0.0,0.0,0.0,0.5455531163351027,0.3053586612293993,0.09638543989916004,0.05774855581102956,0.2149363273065105,0.4766003421706852,0.7368556441552222,1.0,0.7348722843267663,0.5487943144758923,0.5433931727868255,0.4790028047363408,0.5523401256617657,0.7361489869998338,0.29351525938111583,0.08717852334317128,0.05937182477986045,0.21597070538689536,0.17142006720850408,0.0,0.0,0.0,0.2214699762954349,0.00021476121355567266,0.0,0.0,0.0,0.0,0.0,0.0,0.1242823139595438,0.0,0.0,0.2524101522983523,0.48595523447813793,0.48571879951055125,0.25576842155821744,0.0,0.0,0.0,0.0,0.0,0.0,0.2707879332321198
0.0,0.12174154945921745,0.0048967685119967515,0.0,0.0,0.0,0.0,0.0,0.0,0.0,0.09852443396334302,0.03257828666586691,0.0,0.0,0.2164261605767033,0.34173689136361884,0.2843946092636729,0.11782046929521602,0.09102891366459943,0.11591419826662583,0.25941715931415715,0.37295338182756443,0.0,0.0,0.0,0.0,0.08218881872514322,0.0,0.06592047703109447,0.0,0.25456477887271894,0.0,0.0,0.0,0.0,0.0,0.0,0.0,0.21450567903999487,0.34828994239483735,0.09806586095732849,0.0,0.0,0.0,0.4771884510350094,0.21894314143164548,0.06677027739948875,0.10367609527311947,0.3141963666806118,0.5524505425474752,0.5418899757557142,0.7348722843267663,1.0,0.747907514793004,0.29988337665459774,0.2139630782879552,0.31242898156253707,0.5431664985113954,0.07141783607378085,0.0,0.0,0.0,0.0,0.0,0.0,0.0,0.10346303096729352,0.0,0.0,0.0,0.0,0.0,0.0,0.0,0.0,0.0,0.14187982756007458,0.4919225749910354,0.6858581575406585,0.3931633067449717,0.0365765531980325,0.0,0.0,0.0,0.0,0.0,0.0,0.16898487178800228
