1.0,0.7383166801283008,0.5469819032007214,0.4723960634345212,0.5435399703376855,0.7350238114244281,0.7298229345345313,0.5455531163351028,0.4771884510350094,0.5420743353750281,0.5221553710170643,0.2988438049890287,0.2148583571104203,0.3048904159434598,0.4077800147404604,0.17138388879014074,0.038262163240896124,0.0837865022249946,0.3838709722312269,0.1615891232797742,0.0,0.0,0.4316024804674389,0.24916747000702968,0.06569687224930827,0.031940606881368794,0.30562076791079784,0.15793578015827409,0.0716292211549451,0.007037028930726071,0.48600716103091496,0.15870273717220001,0.25014559101547806,0.24827169966445878,0.16324994448749194,0.034560355240727224,0.0,0.0,0.0,0.0,0.0,0.0,0.0,0.3983503897780196,0.0,0.0,0.0,0.0,0.0,0.0,0.0,0.0,0.0,0.0,0.0,0.0,0.0,0.0,0.0,0.0,0.0,0.0,0.0,0.0,0.07671348791379572,0.09573388082209303,0.0,0.0,0.0,0.0,0.0,0.0,0.0,0.0,0.0,0.0,0.0,0.0,0.0,0.0,0.0,0.0,0.0,0.04784911733644975,0.01450223080346303,0.0,0.0,0.0
0.7383166801283008,1.0,0.7425848190720138,0.5485839483116719,0.4834487567556099,0.5500790121558288,0.532807990685832,0.30535866122939936,0.21894314143164548,0.3080502684057208,0.43173958485716,0.1935433802694007,0.05025253127721565,0.08935781284741105,0.4207020816048433,0.22138176029764878,0.050981035258428994,0.03274583189562065,0.4315313553115138,0.27447774495850663,0.13007715671992276,0.1033398247086782,0.4128363916840348,0.26255334433917465,0.14582177321924786,0.15235276290080454,0.5479811432983256,0.12123362540453886,0.32376898085680866,0.0,0.6868673375467472,0.25472597609101466,0.16941882671750944,0.03585875346641976,0.0,0.0,0.0,0.0,0.0,0.0,0.0,0.0,0.0,0.2903317104543766,0.0,0.0,0.0,0.0,0.0,0.0,0.0,0.0,0.0,0.0,0.0,0.0,0.0,0.0,0.0,0.0,0.0,0.0,0.0,0.0,0.0,0.0,0.0,0.0,0.0,0.0,0.0,0.0,0.0,0.0,0.0,0.0,0.0,0.0,0.0,0.0,0.0,0.0,0.0,0.0,0.0,0.0,0.0,0.0
0.5469819032007214,0.7425848190720138,1.0,0.7375077091927641,0.5546050492462206,0.48132295916581036,0.29710087732796203,0.09638543989916021,0.06677027739948892,0.2178963828932726,0.17507467121854478,0.0,0.0,0.0,0.18613031297871388,0.00012604286629311242,0.0,0.0,0.249140923119173,0.1457724537637931,0.0,0.0,0.2626172908177928,0.18662665296795863,0.10363936609997278,0.08566957574973429,0.7344828023083487,0.07743026406061754,0.4912086307757063,0.0,0.49269962262455547,0.4850369806989611,0.25811625681322764,0.0,0.0,0.0,0.0,0.0,0.0,0.0,0.0,0.0,0.0,0.11997303641876204,0.0,0.0,0.0,0.0,0.0,0.0,0.0,0.0,0.0,0.0,0.0,0.0,0.0,0.0,0.0,0.0,0.0,0.0,0.0,0.0,0.0,0.0,0.0,0.0,0.0,0.0,0.0,0.0,0.0,0.0,0.0,0.0,0.0,0.0,0.0,0.0,0.0,0.0,0.0,0.0,0.0,0.0,0.0,0.0
0.4723960634345212,0.5485839483116719,0.7375077091927641,1.0,0.7454834550141458,0.5489939025337742,0.20230142829495137,0.05774855581102956,0.1036760952731193,0.30906199828407754,0.01993250438227853,0.0,0.0,0.0,0.0,0.0,0.0,0.0,0.06574885555845884,0.0,0.0,0.0,0.1459881948138593,0.1037756111451452,0.0,0.0,0.5430314722767056,0.06869986327568753,0.31986942907060556,0.0,0.2561544850058853,0.6862570519431528,0.49147456988902655,0.13648098505398798,0.0,0.0,0.0,0.0,0.0,0.0,0.0,0.0,0.0,0.04296422184196305,0.0,0.0,0.0,0.0,0.0,0.0,0.0,0.0,0.0,0.0,0.0,0.0,0.0,0.0,0.0,0.0,0.0,0.0,0.0,0.0,0.0,0.0,0.0,0.0,0.0,0.0,0.0,0.0,0.13932932034829254,0.0,0.0,0.0,0.0,0.0,0.0,0.0,0.0,0.0,0.0,0.0,0.0,0.0,0.0,0.0
0.5435399703376855,0.4834487567556099,0.5546050492462206,0.7454834550141458,1.0,0.7375436119286909,0.297308397639049,0.2149363273065105,0.3141963666806117,0.5428853673924559,0.0669094345806023,0.0,0.0,0.0,0.0,0.0,0.0,0.0,0.032017859345679786,0.0,0.0,0.0,0.15254825263108848,0.08584995781756187,0.0,0.0,0.3120669324512322,0.09468870383973223,0.07804882717134955,0.017956999447769278,0.17054021909979206,0.4894699663350609,0.6859257191315605,0.39004330288475875,0.037845253989004776,0.0,0.0,0.0,0.0,0.0,0.0,0.0,0.0,0.10825393894147556,0.0,0.0,0.0,0.0,0.0,0.0,0.0,0.0,0.0,0.0,0.0,0.0,0.0,0.0,0.0,0.0,0.0,0.0,0.0,0.0,0.0,0.0,0.0,0.0,0.0,0.0,0.19533292691108753,0.0,0.33218407218487983,0.0,0.0,0.0,0.0,0.0,0.0,0.0,0.0,0.0,0.0,0.0,0.0,0.0,0.0,0.0
0.7350238114244281,0.5500790121558288,0.48132295916581036,0.5489939025337742,0.7375436119286909,1.0,0.5375654503898807,0.47660034217068536,0.5524505425474753,0.735486863294439,0.2858640647024792,0.08633427590004454,0.060573765343601066,0.21505824230231077,0.1534926064758099,0.0,0.0,0.0,0.16164144965803484,0.0,0.0,0.0,0.2746264961226307,0.14589533546130154,0.0,0.0,0.21597346564485304,0.13249423855225748,0.0,0.036350313861772184,0.2543400221242425,0.25294375236285305,0.4874632838791821,0.4848294349472623,0.25591236962324027,0.0,0.0,0.0,0.0,0.0,0.0,0.0,0.0,0.27231918765813096,0.0,0.0,0.0,0.0,0.0,0.0,0.0,0.0,0.0,0.0,0.0,0.0,0.0,0.0,0.0,0.00598763498612349,0.0,0.0,0.0,0.0,0.1293185169805734,0.12306591872786404,0.0,0.0,0.0,0.0,0.14209235732331554,0.0,0.22650181057852603,0.0,0.015007971042777676,0.0,0.0,0.0,0.0,0.0,0.0,0.0,0.0,0.016792585736419327,0.03238154785638142,0.0,0.0,0.0
0.7298229345345313,0.532807990685832,0.29710087732796203,0.20230142829495137,0.297308397639049,0.5375654503898807,1.0,0.7368556441552224,0.5418899757557142,0.4701977828050504,0.7308224609221028,0.5451754688569155,0.47641507673772887,0.5430568378109101,0.5198449848397153,0.29350584559334947,0.21182610900685214,0.30479670730734215,0.40779423446283514,0.15348042429985548,0.017329618568779327,0.07139913627585674,0.42076303013421745,0.1861718005472622,0.0,0.0,0.08086058380867141,0.08026183415639325,0.0,0.0,0.3759229533439903,0.0,0.025477344084497935,0.15642542680989527,0.24992520566323917,0.24982479087827222,0.16284482263114855,0.03538167116279218,0.0,0.0,0.0,0.0,0.0,0.4247718921627954,0.0,0.0,0.0,0.0,0.0,0.0,0.0,0.0,0.0,0.0,0.0,0.0,0.0,0.0,0.0,0.06675757911639377,0.019298454318268377,0.0,0.0,0.0,0.13429893163012172,0.21661215073194426,0.0,0.0,0.0,0.0,0.0,0.0,0.0,0.0,0.0,0.0,0.0,0.0,0.0,0.0,0.0,0.0,0.0,0.2150753197532629,0.05417142664918156,0.0,0.0,0.0
0.5455531163351028,0.30535866122939936,0.09638543989916021,0.05774855581102956,0.2149363273065105,0.47660034217068536,0.7368556441552224,1.0,0.7348722843267663,0.5487943144758924,0.5433931727868256,0.4790028047363409,0.5523401256617654,0.7361489869998336,0.29351525938111606,0.08717852334317128,0.059371824779860284,0.21597070538689536,0.17142006720850408,0.0,0.0,0.0,0.2214699762954349,0.0002147612135560016,0.0,0.0,0.0,0.0,0.0,0.0,0.1242823139595438,0.0,0.0,0.2524101522983524,0.4859552344781378,0.48571879951055125,0.2557684215582173,0.0,0.0,0.0,0.0,0.0,0.0,0.27078793323211986,0.0,0.0,0.0,0.0,0.0,0.0,0.0,0.0,0.0,0.0,0.0,0.0,0.0,0.0,0.06434003797864642,0.2527691137394308,0.23931456798022893,0.04208103592991598,0.0,0.0,0.19915881216764475,0.3385437539589007,0.0,0.0,0.0,0.0,0.0,0.0,0.0,0.0,0.0,0.0,0.0,0.0,0.0,0.0,0.0,0.0,0.1930165739851617,0.3181618395133206,0.056674347382633126,0.0,0.0,0.0
0.4771884510350094,0.21894314143164548,0.06677027739948892,0.1036760952731193,0.3141963666806117,0.5524505425474753,0.5418899757557142,0.7348722843267663,1.0,0.7479075147930041,0.2998833766545977,0.2139630782879552,0.3124289815625368,0.5431664985113954,0.07141783607378085,0.0,0.0,0.0,0.0,0.0,0.0,0.0,0.10346303096729319,0.0,0.0,0.0,0.0,0.0,0.0,0.0,0.0,0.0,0.14187982756007445,0.49192257499103553,0.6858581575406585,0.3931633067449718,0.0365765531980325,0.0,0.0,0.0,0.0,0.0,0.0,0.1689848717880022,0.0,0.12174154945921761,0.0048967685119967515,0.0,0.0,0.0,0.0,0.0,0.0,0.0,0.09852443396334302,0.03257828666586674,0.0,0.0,0.21642616057670314,0.3417368913636187,0.2843946092636726,0.11782046929521585,0.09102891366459928,0.11591419826662566,0.259417159314157,0.37295338182756416,0.0,0.0,0.0,0.0,0.08218881872514339,0.0,0.062258228307144926,0.0,0.19705199549777122,0.0,0.0,0.0,0.0,0.0,0.0,0.0,0.1660432848865143,0.269602214668596,0.0759102405188206,0.0,0.0,0.0
0.5420743353750281,0.3080502684057208,0.2178963828932726,0.30906199828407754,0.5428853673924559,0.735486863294439,0.4701977828050504,0.5487943144758924,0.7479075147930041,1.0,0.20244974386757741,0.05571732736184864,0.10310819131572785,0.3114704722707417,0.01735023862784153,0.0,0.0,0.0,0.0,0.0,0.0,0.0,0.13022664014583513,0.0,0.0,0.0,0.0,0.0207575896894463,0.0,0.0,0.031568599598459944,0.033108920729518106,0.39210837954383354,0.6859441755499883,0.49262218282381165,0.14238169346930435,0.0,0.0,0.0,0.0,0.0,0.0,0.0,0.17544004591562615,0.0,0.18498829959678753,0.13100037676913964,0.0,0.0,0.0,0.0,0.0,0.0,0.0,0.008666114750157826,0.0,0.0,0.0,0.13890463286431645,0.20696178824506606,0.09058791413651496,0.0,0.07656411762034641,0.12681348960694117,0.23255231274600754,0.26498139954608124,0.0,0.0,0.0,0.0,0.26329769983952933,0.0,0.2826612008507837,0.0,0.2411016943286715,0.0,0.0,0.0,0.0,0.0,0.0,0.0,0.0,0.1260149017921309,0.07395597456314724,0.0,0.0,0.0
0.5221553710170643,0.43173958485716,0.17507467121854478,0.01993250438227853,0.0669094345806023,0.2858640647024792,0.7308224609221028,0.5433931727868256,0.2998833766545977,0.20244974386757741,1.0,0.7354302293607392,0.5421393123956081,0.4746480109059952,0.730825666316625,0.5433967338870271,0.47465279629459955,0.542141672221507,0.52216582949838,0.2858663428725816,0.2024490081565528,0.2998827192277183,0.431770165348595,0.17510137275194,0.01994321430138779,0.06691050293991953,0.012219027288371213,0.012252570223919856,0.0,0.0,0.37538993253344105,0.0,0.0,0.0,0.03131502186337061,0.16109702862915493,0.2491412800941646,0.2491372974845278,0.16110024519973223,0.0313144316052604,0.0,0.0,0.0,0.37545537444029475,0.0,0.0,0.0,0.0,0.0,0.0,0.0,0.0,0.0,0.0,0.0,0.0,0.0,0.0,0.0,0.0,0.0,0.0,0.0,0.0,0.002590945933577403,0.09639547344193723,0.0,0.0,0.0,0.0,0.0,0.0,0.0,0.0,0.0,0.0,0.0,0.0,0.0,0.0,0.0,0.0,0.0,0.1409084578322145,0.0,0.0,0.0,0.0
0.2988438049890287,0.1935433802694007,0.0,0.0,0.0,0.08633427590004454,0.5451754688569155,0.4790028047363409,0.2139630782879552,0.05571732736184864,0.7354302293607392,1.0,0.7361585565748057,0.5512951119910617,0.5451748905927412,0.479003862658141,0.5512983038379313,0.7361612924637286,0.29885841292545523,0.08634909942038678,0.055723352825231366,0.2139628119991821,0.19358045167494733,0.0,0.0,0.0,0.0,0.0,0.0,0.0,0.1508332348349214,0.0,0.0,0.0,0.0,0.2546570266784189,0.48622212433654005,0.4862174894841761,0.25466145112178384,0.0,0.0,0.0,0.0,0.15089440002477536,0.0,0.0,0.0,0.0,0.0,0.0,0.0,0.0,0.0,0.0,0.0,0.0,0.0,0.0,0.0,0.0,0.0,0.0,0.0,0.0,0.0,0.026020752150631914,0.0,0.0,0.0,0.0,0.0,0.0,0.0,0.0,0.0,0.0,0.0,0.0,0.0,0.0,0.0,0.0,0.0,0.0915503122477539,0.0,0.0,0.0,0.0
0.2148583571104203,0.05025253127721565,0.0,0.0,0.0,0.060573765343601066,0.47641507673772887,0.5523401256617654,0.3124289815625368,0.10310819131572785,0.5421393123956081,0.7361585565748057,1.0,0.7473476311242553,0.30480140309482573,0.21597268914600165,0.31196174478131244,0.5435021002972846,0.08381654706432973,0.0,0.0,0.0,0.03281002874836088,0.0,0.0,0.0,0.0,0.0,0.0,0.0,0.0,0.0,0.0,0.0,0.1425364995415493,0.49137839147551404,0.6858858203803067,0.3933386876211751,0.035351250416980576,0.0,0.0,0.0,0.0,0.03754334816204418,0.0,0.0,0.0,0.0,0.0,0.0,0.0,0.0,0.0,0.0,0.0,0.0,0.0,0.0,0.0,0.035353287228299196,0.1293731509573085,0.0,0.0,0.0,0.0,0.10816049993562814,0.0,0.0,0.0,0.0,0.0,0.0,0.0,0.0,0.0,0.0,0.0,0.0,0.0,0.0,0.0,0.0,0.17449880822002403,0.16040232136414678,0.0,0.0,0.0,0.0
0.3048904159434598,0.08935781284741105,0.0,0.0,0.0,0.21505824230231077,0.5430568378109101,0.7361489869998336,0.5431664985113954,0.3114704722707417,0.4746480109059952,0.5512951119910617,0.7473476311242553,1.0,0.21183493306027493,0.059375177766128016,0.10276631409225045,0.3119616242596695,0.038301093897935276,0.0,0.0,0.0,0.05106418013161358,0.0,0.0,0.0,0.0,0.0,0.0,0.0,0.0,0.0,0.0,0.03564585120928926,0.39421317673038403,0.685914361354089,0.4914705259783288,0.14153258457480314,0.0,0.0,0.0,0.0,0.0,0.09346968418541278,0.0,0.0,0.0,0.0,0.0,0.0,0.0,0.0,0.0,0.0,0.0,0.0,0.0,0.0,0.012551326339200834,0.23358115895666615,0.30978185755180027,0.13177454081737858,0.0,0.0,0.07902593265757502,0.2753978859517953,0.0,0.0,0.0,0.0,0.0,0.0,0.0,0.0,0.0,0.0,0.0,0.0,0.0,0.0,0.0,0.0,0.3148992436415286,0.2892430714518001,0.0,0.0,0.0,0.0
0.4077800147404604,0.4207020816048433,0.18613031297871388,0.0,0.0,0.1534926064758099,0.5198449848397153,0.29351525938111606,0.07141783607378085,0.01735023862784153,0.730825666316625,0.5451748905927412,0.30480140309482573,0.21183493306027493,1.0,0.736852061170034,0.5430531078289509,0.47641149271696,0.7298280934166302,0.537568406340381,0.47019805058453795,0.5418871074690362,0.5328220694008663,0.2971145499456935,0.20230917775494098,0.29731116275298375,0.08019171047870795,0.08087317187569457,0.0,0.0,0.42463161792277687,0.0,0.0,0.0,0.0,0.0,0.035394270942561666,0.16284043465611692,0.2498194571028669,0.2499224078207668,0.15642440682345643,0.025477455077242805,0.0,0.3759542208738463,0.0,0.0,0.0,0.0,0.0,0.0,0.0,0.0,0.0,0.0,0.0,0.0,0.0,0.0,0.0,0.0,0.0,0.0,0.0,0.0,0.0,0.0,0.0,0.0,0.0,0.0,0.0,0.0,0.0,0.0,0.0,0.0,0.0,0.0,0.0,0.0,0.0,0.0,0.0,0.0,0.0,0.0,0.0,0.0
0.17138388879014074,0.22138176029764878,0.00012604286629311242,0.0,0.0,0.0,0.29350584559334947,0.08717852334317128,0.0,0.0,0.5433967338870271,0.479003862658141,0.21597268914600165,0.059375177766128016,0.736852061170034,1.0,0.7361478075620349,0.552338179905291,0.5455494554251219,0.4766013010176993,0.5487945390858183,0.7348700795297398,0.3053611843410057,0.09639170472455084,0.05775535923381026,0.21493985830225995,0.0,0.0,0.0,0.0,0.27063548520181513,0.0,0.0,0.0,0.0,0.0,0.0,0.2557678600530439,0.48571564616410096,0.4859539977472501,0.2524096055057575,0.0,0.0,0.1242979310701995,0.0,0.0,0.0,0.0,0.0,0.0,0.0,0.0,0.0,0.0,0.0,0.0,0.0,0.0,0.0,0.0,0.0,0.0,0.0,0.0,0.0,0.0,0.0,0.0,0.0,0.0,0.0,0.0,0.0,0.0,0.0,0.0,0.0,0.0,0.0,0.0,0.0,0.0,0.0,0.0,0.0,0.0,0.0,0.0
0.038262163240896124,0.050981035258428994,0.0,0.0,0.0,0.0,0.21182610900685214,0.059371824779860284,0.0,0.0,0.47465279629459955,0.5512983038379313,0.31196174478131244,0.10276631409225045,0.5430531078289509,0.7361478075620349,1.0,0.7473469747335907,0.304892276722018,0.21506521698913378,0.3114718366800781,0.5431620367729506,0.08937098093903639,0.0,0.0,0.0,0.0,0.0,0.0,0.0,0.09334821525475073,0.0,0.0,0.0,0.0,0.0,0.14154163030614472,0.4914712510788129,0.685914137600028,0.39420605732079317,0.035646248287701715,0.0,0.0,0.0,0.0,0.0,0.0,0.0,0.0,0.0,0.0,0.0,0.0,0.0,0.0,0.0,0.0,0.0,0.0,0.0,0.0,0.0,0.0,0.0,0.0,0.0,0.0,0.0,0.0,0.0,0.0,0.0,0.0,0.0,0.0,0.0,0.0,0.0,0.0,0.0,0.0,0.0,0.0,0.0,0.0,0.0,0.0,0.0
0.0837865022249946,0.03274583189562065,0.0,0.0,0.0,0.0,0.30479670730734215,0.21597070538689536,0.0,0.0,0.542141672221507,0.7361612924637286,0.5435021002972846,0.3119616242596695,0.47641149271696,0.552338179905291,0.7473469747335907,1.0,0.21486834784198747,0.06058905404114459,0.10311408976374511,0.3124263268218935,0.05028075227149291,0.0,0.0,0.0,0.0,0.0,0.0,0.0,0.03745191169882017,0.0,0.0,0.0,0.0,0.03534953741028244,0.3933473177013907,0.68588350366898,0.4913811294603794,0.14253004555244086,0.0,0.0,0.0,0.0,0.0,0.0,0.0,0.0,0.0,0.0,0.0,0.0,0.0,0.0,0.0,0.0,0.0,0.0,0.0,0.0,0.0,0.0,0.0,0.0,0.0,0.0,0.0,0.0,0.0,0.0,0.0,0.0,0.0,0.0,0.0,0.0,0.0,0.0,0.0,0.0,0.0,0.0,0.0,0.0,0.0,0.0,0.0,0.0
0.3838709722312269,0.4315313553115138,0.249140923119173,0.06574885555845884,0.032017859345679786,0.16164144965803484,0.40779423446283514,0.17142006720850408,0.0,0.0,0.52216582949838,0.29885841292545523,0.08381654706432973,0.038301093897935276,0.7298280934166302,0.5455494554251219,0.304892276722018,0.21486834784198747,1.0,0.735022413766164,0.5420697510561185,0.4771826710314707,0.7383203001934547,0.5469856044851447,0.47239847629297965,0.5435401827392725,0.1578530451801302,0.3056210900413447,0.006908436857683563,0.07163054717238745,0.3981671645644977,0.0,0.0,0.0,0.0,0.0,0.0,0.0,0.03455907810677834,0.16324446448095878,0.24826699362912188,0.25014481350807394,0.15870093766934348,0.4860179248394981,0.0,0.0,0.0,0.0,0.0,0.0,0.0,0.0,0.0,0.0,0.0,0.0,0.0,0.0,0.0,0.0,0.0,0.0,0.0,0.0,0.0,0.0,0.0,0.0,0.0,0.0,0.0,0.0,0.0,0.0,0.0,0.0,0.0,0.0,0.0,0.0,0.0,0.0,0.0,0.0,0.0,0.0,0.0,0.0
0.1615891232797742,0.27447774495850663,0.1457724537637931,0.0,0.0,0.0,0.15348042429985548,0.0,0.0,0.0,0.2858663428725816,0.08634909942038678,0.0,0.0,0.537568406340381,0.4766013010176993,0.21506521698913378,0.06058905404114459,0.735022413766164,1.0,0.7354843421182612,0.5524505934766646,0.5500763393181866,0.4813173209721331,0.5489899212734884,0.7375412754697144,0.13228399233699195,0.21596428558562256,0.03607004175184023,0.0,0.272059499970102,0.0,0.0,0.0,0.0,0.0,0.0,0.0,0.0,0.2559125741643663,0.48482634822594173,0.48746170533237215,0.25293799979757103,0.25434119452582926,0.0,0.0,0.0,0.0,0.0,0.0,0.0,0.0,0.0,0.0,0.0,0.0,0.0,0.0,0.0,0.0,0.0,0.0,0.0,0.0,0.0,0.0,0.0,0.0,0.0,0.0,0.0,0.0,0.0,0.0,0.0,0.0,0.0,0.0,0.0,0.0,0.0,0.0,0.0,0.0,0.0,0.0,0.0,0.0
0.0,0.13007715671992276,0.0,0.0,0.0,0.0,0.017329618568779327,0.0,0.0,0.0,0.2024490081565528,0.055723352825231366,0.0,0.0,0.47019805058453795,0.5487945390858183,0.3114718366800781,0.10311408976374511,0.5420697510561185,0.7354843421182612,1.0,0.7479097614702852,0.3080442557528662,0.21788708181369645,0.30905461677178175,0.5428796925500227,0.02052649783450429,0.0,0.0,0.0,0.1751988678289683,0.0,0.0,0.0,0.0,0.0,0.0,0.0,0.14237956793802561,0.49262413030361357,0.6859434865205477,0.39210324995513535,0.033100461828726925,0.031568915908103935,0.0,0.0,0.0,0.0,0.0,0.0,0.0,0.0,0.0,0.0,0.0,0.0,0.0,0.0,0.0,0.0,0.0,0.0,0.0,0.0,0.0,0.0,0.0,0.0,0.0,0.0,0.0,0.0,0.0,0.0,0.0,0.0,0.0,0.0,0.0,0.0,0.0,0.0,0.0,0.0,0.0,0.0,0.0,0.0
0.0,0.1033398247086782,0.0,0.0,0.0,0.0,0.07139913627585674,0.0,0.0,0.0,0.2998827192277183,0.2139628119991821,0.0,0.0,0.5418871074690362,0.7348700795297398,0.5431620367729506,0.3124263268218935,0.4771826710314707,0.5524505934766646,0.7479097614702852,1.0,0.21893896240645325,0.06676746834114332,0.10367691650323087,0.3141974645193608,0.0,0.0,0.0,0.0,0.16878844148754796,0.0,0.0,0.0,0.0,0.0,0.0,0.036578076269583516,0.39315499681129185,0.6858586646018636,0.4919247820703468,0.14188154767737357,0.0,0.0,0.0,0.0,0.0,0.0,0.0,0.0,0.0,0.0,0.0,0.0,0.0,0.0,0.0,0.0,0.0,0.0,0.0,0.0,0.0,0.0,0.0,0.0,0.0,0.0,0.0,0.0,0.0,0.0,0.0,0.0,0.0,0.0,0.0,0.0,0.0,0.0,0.0,0.0,0.0,0.0,0.0,0.0,0.0,0.0
0.4316024804674389,0.4128363916840348,0.2626172908177928,0.1459881948138593,0.15254825263108848,0.2746264961226307,0.42076303013421745,0.2214699762954349,0.10346303096729319,0.13022664014583513,0.431770165348595,0.19358045167494733,0.03281002874836088,0.05106418013161358,0.5328220694008663,0.3053611843410057,0.08937098093903639,0.05028075227149291,0.7383203001934547,0.5500763393181866,0.3080442557528662,0.21893896240645325,1.0,0.7425880717278831,0.5485871546457849,0.48344927463062315,0.1212287951749341,0.5479790959344818,0.0,0.32376700413947385,0.2902204796660468,0.0,0.0,0.0,0.0,0.0,0.0,0.0,0.0,0.0,0.03585105509479876,0.1694185034114421,0.254723339045421,0.6868658822196682,0.0,0.0,0.0,0.0,0.0,0.0,0.0,0.0,0.0,0.0,0.0,0.0,0.0,0.0,0.0,0.0,0.0,0.0,0.0,0.0,0.18776691820814234,0.1290373896404973,0.0,0.0,0.0,0.0,0.0,0.0,0.0,0.0,0.0,0.0,0.0,0.0,0.0,0.0,0.0,0.0,0.0,0.10629375592992699,0.23244532917394412,0.0,0.0,0.0
0.24916747000702968,0.26255334433917465,0.18662665296795863,0.1037756111451452,0.08584995781756187,0.14589533546130154,0.1861718005472622,0.0002147612135560016,0.0,0.0,0.17510137275194,0.0,0.0,0.0,0.2971145499456935,0.09639170472455084,0.0,0.0,0.5469856044851447,0.4813173209721331,0.21788708181369645,0.06676746834114332,0.7425880717278831,1.0,0.7375070620265383,0.554601519836301,0.07734008354035256,0.7344805035667255,0.0,0.4912089323153027,0.11980481488405173,0.0,0.0,0.0,0.0,0.0,0.0,0.0,0.0,0.0,0.0,0.2581114129734773,0.48502991266665046,0.49269483840217515,0.0,0.0,0.0,0.0,0.0,0.0,0.0,0.0,0.0,0.0,0.0,0.0,0.0,0.0,0.0,0.0,0.0,0.0,0.0,0.0,0.13821678028546544,0.015371970655369733,0.0,0.0,0.0,0.0,0.0,0.0,0.0,0.0,0.0,0.0,0.0,0.0,0.0,0.0,0.0,0.0,0.0,0.0,0.21092641961170225,0.00536749416626255,0.0,0.0
0.06569687224930827,0.14582177321924786,0.10363936609997278,0.0,0.0,0.0,0.0,0.0,0.0,0.0,0.01994321430138779,0.0,0.0,0.0,0.20230917775494098,0.05775535923381026,0.0,0.0,0.47239847629297965,0.5489899212734884,0.30905461677178175,0.10367691650323087,0.5485871546457849,0.7375070620265383,1.0,0.7454813410875302,0.06844702378827484,0.5430307554739646,0.0,0.31987265354694283,0.04270177515630027,0.0,0.0,0.0,0.0,0.0,0.0,0.0,0.0,0.0,0.1364694885136781,0.4914710178977506,0.6862528676821149,0.2561516285185137,0.0,0.0,0.0,0.0,0.0,0.0,0.0,0.0,0.0,0.0,0.0,0.0,0.0,0.0,0.0,0.0,0.0,0.0,0.0,0.0,0.0,0.0,0.0,0.0,0.0,0.0,0.0,0.0,0.0,0.0,0.0,0.0,0.0,0.0,0.0,0.0,0.0,0.0,0.0,0.0,0.0,0.0,0.0,0.0
0.031940606881368794,0.15235276290080454,0.08566957574973429,0.0,0.0,0.0,0.0,0.0,0.0,0.0,0.06691050293991953,0.0,0.0,0.0,0.29731116275298375,0.21493985830225995,0.0,0.0,0.5435401827392725,0.7375412754697144,0.5428796925500227,0.3141974645193608,0.48344927463062315,0.554601519836301,0.7454813410875302,1.0,0.09438574837315147,0.31206168543158275,0.01755122663009536,0.07804658397873089,0.10795693817111371,0.0,0.0,0.0,0.0,0.0,0.0,0.0,0.0,0.0378471985757629,0.39003481057468103,0.6859250623420763,0.4894679615819275,0.17053903660930325,0.0,0.0,0.0,0.0,0.0,0.0,0.0,0.0,0.0,0.0,0.0,0.0,0.0,0.0,0.0,0.0,0.0,0.0,0.0,0.0,0.0,0.0,0.0,0.0,0.0,0.0,0.0,0.0,0.0,0.0,0.0,0.0,0.0,0.0,0.0,0.0,0.0,0.0,0.0,0.0,0.0,0.0,0.0,0.0
0.30562076791079784,0.5479811432983256,0.7344828023083487,0.5430314722767056,0.3120669324512322,0.21597346564485304,0.08086058380867141,0.0,0.0,0.0,0.012219027288371213,0.0,0.0,0.0,0.08019171047870795,0.0,0.0,0.0,0.1578530451801302,0.13228399233699195,0.02052649783450429,0.0,0.1212287951749341,0.07734008354035256,0.06844702378827484,0.09438574837315147,1.0,0.0,0.7567242633694322,0.0,0.3997693416312046,0.3893221944489928,0.0355044442684928,0.0,0.0,0.0,0.0,0.0,0.0,0.0,0.0,0.0,0.0,0.0,0.0,0.0,0.0,0.0,0.0,0.0,0.0,0.0,0.0,0.0,0.0,0.0,0.0,0.0,0.0,0.0,0.0,0.0,0.0,0.0,0.0,0.0,0.0,0.0,0.0,0.0,0.0,0.0,0.0,0.0,0.0,0.0,0.0,0.0,0.0,0.0,0.0,0.0,0.0,0.0,0.0,0.0,0.0,0.0
0.15793578015827409,0.12123362540453886,0.07743026406061754,0.06869986327568753,0.09468870383973223,0.13249423855225748,0.08026183415639325,0.0,0.0,0.0207575896894463,0.012252570223919856,0.0,0.0,0.0,0.08087317187569457,0.0,0.0,0.0,0.3056210900413447,0.21596428558562256,0.0,0.0,0.5479790959344818,0.7344805035667255,0.5430307554739646,0.31206168543158275,0.0,1.0,0.0,0.7567268193701493,0.0,0.0,0.0,0.0,0.0,0.0,0.0,0.0,0.0,0.0,0.0,0.03549778743377692,0.38931671965799625,0.3997552763451872,0.0,0.0,0.0,0.0,0.0,0.0,0.0,0.0,0.0,0.0,0.0,0.0,0.0,0.0,0.0,0.0,0.0,0.0,0.0,0.14910194340812424,0.2745131540291619,0.0957158391019462,0.0,0.0,0.0,0.19766663037783416,0.0,0.0,0.0,0.0,0.0,0.0,0.0,0.0,0.0,0.0,0.0,0.0,0.0,0.0,0.34666346151576927,0.2497783876587206,0.0,0.0
0.0716292211549451,0.32376898085680866,0.4912086307757063,0.31986942907060556,0.07804882717134955,0.0,0.0,0.0,0.0,0.0,0.0,0.0,0.0,0.0,0.0,0.0,0.0,0.0,0.006908436857683563,0.03607004175184023,0.0,0.0,0.0,0.0,0.0,0.01755122663009536,0.7567242633694322,0.0,1.0,0.0,0.23315056628027103,0.22325245494818174,0.0,0.0,0.0,0.0,0.0,0.0,0.0,0.0,0.0,0.0,0.0,0.0,0.0,0.0,0.0,0.0,0.0,0.0,0.0,0.0,0.0,0.0,0.0,0.0,0.0,0.0,0.0,0.0,0.0,0.0,0.0,0.0,0.0,0.0,0.0,0.0,0.0,0.0,0.0,0.0,0.0,0.0,0.0,0.0,0.0,0.0,0.0,0.0,0.0,0.0,0.0,0.0,0.0,0.0,0.0,0.0
0.007037028930726071,0.0,0.0,0.0,0.017956999447769278,0.036350313861772184,0.0,0.0,0.0,0.0,0.0,0.0,0.0,0.0,0.0,0.0,0.0,0.0,0.07163054717238745,0.0,0.0,0.0,0.32376700413947385,0.4912089323153027,0.31987265354694283,0.07804658397873089,0.0,0.7567268193701493,0.0,1.0,0.0,0.0,0.0,0.0,0.0,0.0,0.0,0.0,0.0,0.0,0.0,0.0,0.2232527859951107,0.233132360913801,0.0,0.0,0.0,0.0,0.0,0.0,0.0,0.0,0.0,0.0,0.0,0.0,0.0,0.0,0.0,0.0,0.0,0.0,0.0,0.2506694015959527,0.3144824533733139,0.08225012193852557,0.0,0.0,0.1493620224830976,0.35749466327065693,0.0,0.0,0.0,0.0,0.0,0.0,0.0,0.0,0.0,0.0,0.0,0.0,0.0,0.0,0.36701800244007365,0.4256325800764075,0.004763770501017197,0.0
0.48600716103091496,0.6868673375467472,0.49269962262455547,0.2561544850058853,0.17054021909979206,0.2543400221242425,0.3759229533439903,0.1242823139595438,0.0,0.031568599598459944,0.37538993253344105,0.1508332348349214,0.0,0.0,0.42463161792277687,0.27063548520181513,0.09334821525475073,0.03745191169882017,0.3981671645644977,0.272059499970102,0.1751988678289683,0.16878844148754796,0.2902204796660468,0.11980481488405173,0.04270177515630027,0.10795693817111371,0.3997693416312046,0.0,0.23315056628027103,0.0,1.0,0.0,0.0,0.0,0.0,0.0,0.0,0.0,0.0,0.0,0.0,0.0,0.0,0.16702835518119347,0.0,0.0,0.0,0.0,0.0,0.0,0.0,0.0,0.0,0.0,0.0,0.0,0.0,0.0,0.0,0.0,0.0,0.0,0.0,0.0,0.0,0.0,0.0,0.0,0.0,0.0,0.0,0.0,0.0,0.0,0.0,0.0,0.0,0.0,0.0,0.0,0.0,0.0,0.0,0.0,0.0,0.0,0.0,0.0
0.15870273717220001,0.25472597609101466,0.4850369806989611,0.6862570519431528,0.4894699663350609,0.25294375236285305,0.0,0.0,0.0,0.033108920729518106,0.0,0.0,0.0,0.0,0.0,0.0,0.0,0.0,0.0,0.0,0.0,0.0,0.0,0.0,0.0,0.0,0.3893221944489928,0.0,0.22325245494818174,0.0,0.0,1.0,0.4066966509274187,0.0,0.0,0.0,0.0,0.0,0.0,0.0,0.0,0.0,0.0,0.0,0.0,0.0,0.0,0.0,0.0,0.0,0.0,0.0,0.0,0.0,0.0,0.0,0.0,0.0,0.0,0.0,0.0,0.0,0.0,0.0,0.0,0.0,0.0,0.0,0.0,0.0,0.0,0.0,0.008361735227724588,0.0,0.0,0.0,0.0,0.0,0.0,0.0,0.0,0.0,0.0,0.0,0.0,0.0,0.0,0.0
0.25014559101547806,0.16941882671750944,0.25811625681322764,0.49147456988902655,0.6859257191315605,0.4874632838791821,0.025477344084497935,0.0,0.14187982756007445,0.39210837954383354,0.0,0.0,0.0,0.0,0.0,0.0,0.0,0.0,0.0,0.0,0.0,0.0,0.0,0.0,0.0,0.0,0.0355044442684928,0.0,0.0,0.0,0.0,0.4066966509274187,1.0,0.41912553704508654,0.0,0.0,0.0,0.0,0.0,0.0,0.0,0.0,0.0,0.0,0.0,0.0,0.00927780233870195,0.0,0.0,0.0,0.0,0.0,0.0,0.0,0.0,0.0,0.0,0.0,0.0,0.0,0.0,0.0,0.0,0.0,0.0,0.0,0.0,0.0,0.0,0.0,0.3219467812258041,0.0,0.5138000690713929,0.0,0.0,0.0,0.0,0.0,0.0,0.0,0.0,0.0,0.0,0.0,0.0,0.0,0.0,0.0
0.24827169966445878,0.03585875346641976,0.0,0.13648098505398798,0.39004330288475875,0.4848294349472623,0.15642542680989527,0.2524101522983524,0.49192257499103553,0.6859441755499883,0.0,0.0,0.0,0.03564585120928926,0.0,0.0,0.0,0.0,0.0,0.0,0.0,0.0,0.0,0.0,0.0,0.0,0.0,0.0,0.0,0.0,0.0,0.0,0.41912553704508654,1.0,0.4086768458840033,0.0,0.0,0.0,0.0,0.0,0.0,0.0,0.0,0.0,0.0,0.2989862173298751,0.2636629454066997,0.0,0.0,0.0,0.0,0.0,0.0,0.0,0.0,0.0,0.0,0.0,0.07868370079341748,0.08545714954216038,0.0,0.0,0.02093984048732465,0.04098661258320151,0.09811066918731806,0.10720381980603269,0.0,0.0,0.0,0.0,0.4322509512937353,0.0,0.4274786495308879,0.0,0.3374648519069947,0.0,0.0,0.0,0.0,0.0,0.0,0.0,0.0,0.0,0.0,0.0,0.0,0.0
0.16324994448749194,0.0,0.0,0.0,0.037845253989004776,0.25591236962324027,0.24992520566323917,0.4859552344781378,0.6858581575406585,0.49262218282381165,0.03131502186337061,0.0,0.1425364995415493,0.39421317673038403,0.0,0.0,0.0,0.0,0.0,0.0,0.0,0.0,0.0,0.0,0.0,0.0,0.0,0.0,0.0,0.0,0.0,0.0,0.0,0.4086768458840033,1.0,0.42564564078104805,0.0,0.0,0.0,0.0,0.0,0.0,0.0,0.0,0.0,0.12390070677034866,0.0,0.0,0.0,0.0,0.0,0.0,0.0,0.0,0.18227562569874808,0.12574411843416541,0.0,0.0,0.2741600882881577,0.41177778476390087,0.3838966573209789,0.21937290969498777,0.052567050723021494,0.00979867978415453,0.15288512853369332,0.34459757759958526,0.0,0.0,0.0,0.0,0.0,0.0,0.0,0.0,0.21248228400905916,0.0,0.0,0.0,0.0,0.0,0.0,0.0,0.18896350262899914,0.17393977722913528,0.0,0.0,0.0,0.0
0.034560355240727224,0.0,0.0,0.0,0.0,0.0,0.24982479087827222,0.48571879951055125,0.3931633067449718,0.14238169346930435,0.16109702862915493,0.2546570266784189,0.49137839147551404,0.685914361354089,0.0,0.0,0.0,0.03534953741028244,0.0,0.0,0.0,0.0,0.0,0.0,0.0,0.0,0.0,0.0,0.0,0.0,0.0,0.0,0.0,0.0,0.42564564078104805,1.0,0.4065244110003328,0.0,0.0,0.0,0.0,0.0,0.0,0.0,0.0,0.0,0.0,0.0,0.0,0.0,0.0,0.0,0.0,0.0,0.0,0.0,0.0,0.0,0.0,0.23821702171912482,0.4031010589858448,0.22622877813575334,0.0,0.0,0.0,0.20007726130670664,0.0,0.0,0.0,0.0,0.0,0.0,0.0,0.0,0.0,0.0,0.0,0.0,0.0,0.0,0.0,0.0421484983345247,0.38966109098565105,0.17601200300560316,0.0,0.0,0.0,0.0
0.0,0.0,0.0,0.0,0.0,0.0,0.16284482263114855,0.2557684215582173,0.0365765531980325,0.0,0.2491412800941646,0.48622212433654005,0.6858858203803067,0.4914705259783288,0.035394270942561666,0.0,0.14154163030614472,0.3933473177013907,0.0,0.0,0.0,0.0,0.0,0.0,0.0,0.0,0.0,0.0,0.0,0.0,0.0,0.0,0.0,0.0,0.0,0.4065244110003328,1.0,0.42404291608049866,0.0,0.0,0.0,0.0,0.0,0.0,0.0,0.0,0.0,0.0,0.0,0.0,0.0,0.0,0.0,0.0,0.0,0.0,0.0,0.0,0.0,0.0,0.0,0.0,0.0,0.0,0.0,0.0,0.0,0.0,0.0,0.0,0.0,0.0,0.0,0.0,0.0,0.0,0.0,0.0,0.0,0.0,0.0,0.0,0.035539898607868936,0.0,0.0,0.0,0.0,0.0
0.0,0.0,0.0,0.0,0.0,0.0,0.03538167116279218,0.0,0.0,0.0,0.2491372974845278,0.4862174894841761,0.3933386876211751,0.14153258457480314,0.16284043465611692,0.2557678600530439,0.4914712510788129,0.68588350366898,0.0,0.0,0.0,0.036578076269583516,0.0,0.0,0.0,0.0,0.0,0.0,0.0,0.0,0.0,0.0,0.0,0.0,0.0,0.0,0.42404291608049866,1.0,0.40653551783707736,0.0,0.0,0.0,0.0,0.0,0.0,0.0,0.0,0.0,0.0,0.0,0.0,0.0,0.0,0.0,0.0,0.0,0.0,0.0,0.0,0.0,0.0,0.0,0.0,0.0,0.0,0.0,0.0,0.0,0.0,0.0,0.0,0.0,0.0,0.0,0.0,0.0,0.0,0.0,0.0,0.0,0.0,0.0,0.0,0.0,0.0,0.0,0.0,0.0
0.0,0.0,0.0,0.0,0.0,0.0,0.0,0.0,0.0,0.0,0.16110024519973223,0.25466145112178384,0.035351250416980576,0.0,0.2498194571028669,0.48571564616410096,0.685914137600028,0.4913811294603794,0.03455907810677834,0.0,0.14237956793802561,0.39315499681129185,0.0,0.0,0.0,0.0,0.0,0.0,0.0,0.0,0.0,0.0,0.0,0.0,0.0,0.0,0.0,0.40653551783707736,1.0,0.425628283670228,0.0,0.0,0.0,0.0,0.0,0.0,0.0,0.0,0.0,0.0,0.0,0.0,0.0,0.0,0.0,0.0,0.0,0.0,0.0,0.0,0.0,0.0,0.0,0.0,0.0,0.0,0.0,0.0,0.0,0.0,0.0,0.0,0.0,0.0,0.0,0.0,0.0,0.0,0.0,0.0,0.0,0.0,0.0,0.0,0.0,0.0,0.0,0.0
0.0,0.0,0.0,0.0,0.0,0.0,0.0,0.0,0.0,0.0,0.0313144316052604,0.0,0.0,0.0,0.2499224078207668,0.4859539977472501,0.39420605732079317,0.14253004555244086,0.16324446448095878,0.2559125741643663,0.49262413030361357,0.6858586646018636,0.0,0.0,0.0,0.0378471985757629,0.0,0.0,0.0,0.0,0.0,0.0,0.0,0.0,0.0,0.0,0.0,0.0,0.425628283670228,1.0,0.40868027443839844,0.0,0.0,0.0,0.0,0.0,0.0,0.0,0.0,0.0,0.0,0.0,0.0,0.0,0.0,0.0,0.0,0.0,0.0,0.0,0.0,0.0,0.0,0.0,0.0,0.0,0.0,0.0,0.0,0.0,0.0,0.0,0.0,0.0,0.0,0.0,0.0,0.0,0.0,0.0,0.0,0.0,0.0,0.0,0.0,0.0,0.0,0.0
0.0,0.0,0.0,0.0,0.0,0.0,0.0,0.0,0.0,0.0,0.0,0.0,0.0,0.0,0.15642440682345643,0.2524096055057575,0.035646248287701715,0.0,0.24826699362912188,0.48482634822594173,0.6859434865205477,0.4919247820703468,0.03585105509479876,0.0,0.1364694885136781,0.39003481057468103,0.0,0.0,0.0,0.0,0.0,0.0,0.0,0.0,0.0,0.0,0.0,0.0,0.0,0.40868027443839844,1.0,0.41911449037027626,0.0,0.0,0.0,0.0,0.0,0.0,0.0,0.0,0.0,0.0,0.0,0.0,0.0,0.0,0.0,0.0,0.0,0.0,0.0,0.0,0.0,0.0,0.0,0.0,0.0,0.0,0.0,0.0,0.0,0.0,0.0,0.0,0.0,0.0,0.0,0.0,0.0,0.0,0.0,0.0,0.0,0.0,0.0,0.0,0.0,0.0
0.0,0.0,0.0,0.0,0.0,0.0,0.0,0.0,0.0,0.0,0.0,0.0,0.0,0.0,0.025477455077242805,0.0,0.0,0.0,0.25014481350807394,0.48746170533237215,0.39210324995513535,0.14188154767737357,0.1694185034114421,0.2581114129734773,0.4914710178977506,0.6859250623420763,0.0,0.03549778743377692,0.0,0.0,0.0,0.0,0.0,0.0,0.0,0.0,0.0,0.0,0.0,0.0,0.41911449037027626,1.0,0.40669536210782886,0.0,0.0,0.0,0.0,0.0,0.0,0.0,0.0,0.0,0.0,0.0,0.0,0.0,0.0,0.0,0.0,0.0,0.0,0.0,0.0,0.0,0.0,0.0,0.0,0.0,0.0,0.0,0.0,0.0,0.0,0.0,0.0,0.0,0.0,0.0,0.0,0.0,0.0,0.0,0.0,0.0,0.0,0.0,0.0,0.0
0.0,0.0,0.0,0.0,0.0,0.0,0.0,0.0,0.0,0.0,0.0,0.0,0.0,0.0,0.0,0.0,0.0,0.0,0.15870093766934348,0.25293799979757103,0.033100461828726925,0.0,0.254723339045421,0.48502991266665046,0.6862528676821149,0.4894679615819275,0.0,0.38931671965799625,0.0,0.2232527859951107,0.0,0.0,0.0,0.0,0.0,0.0,0.0,0.0,0.0,0.0,0.0,0.40669536210782886,1.0,0.0,0.0,0.0,0.0,0.0,0.0,0.0,0.0,0.0,0.0,0.0,0.0,0.0,0.0,0.0,0.0,0.0,0.0,0.0,0.0,0.0,0.0,0.0,0.0,0.0,0.0,0.0,0.0,0.0,0.0,0.0,0.0,0.0,0.0,0.0,0.0,0.0,0.0,0.0,0.0,0.0,0.0,0.0,0.0,0.0
0.3983503897780196,0.2903317104543766,0.11997303641876204,0.04296422184196305,0.10825393894147556,0.27231918765813096,0.4247718921627954,0.27078793323211986,0.1689848717880022,0.17544004591562615,0.37545537444029475,0.15089440002477536,0.03754334816204418,0.09346968418541278,0.3759542208738463,0.1242979310701995,0.0,0.0,0.4860179248394981,0.25434119452582926,0.031568915908103935,0.0,0.6868658822196682,0.49269483840217515,0.2561516285185137,0.17053903660930325,0.0,0.3997552763451872,0.0,0.233132360913801,0.16702835518119347,0.0,0.0,0.0,0.0,0.0,0.0,0.0,0.0,0.0,0.0,0.0,0.0,1.0,0.0,0.0,0.0,0.0,0.0,0.0,0.0,0.0,0.0,0.0,0.0,0.0,0.0,0.0,0.0,0.0,0.0,0.0,0.0,0.01715376529328648,0.3128887704379495,0.2636574079197066,0.0,0.0,0.0,0.0,0.0,0.0,0.0,0.0,0.0,0.0,0.0,0.0,0.0,0.0,0.0,0.0,0.0,0.2266266016055077,0.33521809004067116,0.0,0.0,0.0
0.0,0.0,0.0,0.0,0.0,0.0,0.0,0.0,0.0,0.0,0.0,0.0,0.0,0.0,0.0,0.0,0.0,0.0,0.0,0.0,0.0,0.0,0.0,0.0,0.0,0.0,0.0,0.0,0.0,0.0,0.0,0.0,0.0,0.0,0.0,0.0,0.0,0.0,0.0,0.0,0.0,0.0,0.0,0.0,1.0,0.7383166801283008,0.5469819032007215,0.4723960634345212,0.5435399703376853,0.7350238114244281,0.7298229345345312,0.5455531163351028,0.47718845103500923,0.5420743353750281,0.5221553710170644,0.2988438049890287,0.2148583571104203,0.3048904159434597,0.4077800147404605,0.17138388879014074,0.03826216324089629,0.08378650222499477,0.383870972231227,0.1615891232797742,0.0,0.0,0.4316024804674389,0.24916747000702968,0.06569687224930827,0.03194060688136895,0.30562076791079784,0.15793578015827409,0.07162922115494527,0.007037028930726071,0.48600716103091507,0.15870273717220001,0.25014559101547806,0.2482716996644586,0.16324994448749178,0.034560355240727064,0.0,0.0,0.0,0.0,0.0,0.0,0.0,0.3983503897780196
0.0,0.0,0.0,0.0,0.0,0.0,0.0,0.0,0.12174154945921761,0.18498829959678753,0.0,0.0,0.0,0.0,0.0,0.0,0.0,0.0,0.0,0.0,0.0,0.0,0.0,0.0,0.0,0.0,0.0,0.0,0.0,0.0,0.0,0.0,0.0,0.2989862173298751,0.12390070677034866,0.0,0.0,0.0,0.0,0.0,0.0,0.0,0.0,0.0,0.7383166801283008,1.0,0.7425848190720138,0.548583948311672,0.4834487567556097,0.5500790121558288,0.532807990685832,0.30535866122939936,0.2189431414316453,0.3080502684057208,0.43173958485716,0.1935433802694007,0.05025253127721565,0.08935781284741105,0.4207020816048433,0.22138176029764894,0.050981035258428994,0.03274583189562065,0.4315313553115138,0.27447774495850663,0.13007715671992276,0.10333982470867836,0.4128363916840348,0.26255334433917465,0.14582177321924786,0.15235276290080454,0.5479811432983256,0.12123362540453886,0.3237689808568088,0.0,0.6868673375467472,0.25472597609101466,0.16941882671750944,0.03585875346641976,0.0,0.0,0.0,0.0,0.0,0.0,0.0,0.0,0.0,0.29033171045437667
0.0,0.0,0.0,0.0,0.0,0.0,0.0,0.0,0.0048967685119967515,0.13100037676913964,0.0,0.0,0.0,0.0,0.0,0.0,0.0,0.0,0.0,0.0,0.0,0.0,0.0,0.0,0.0,0.0,0.0,0.0,0.0,0.0,0.0,0.0,0.00927780233870195,0.2636629454066997,0.0,0.0,0.0,0.0,0.0,0.0,0.0,0.0,0.0,0.0,0.5469819032007215,0.7425848190720138,1.0,0.7375077091927643,0.5546050492462206,0.4813229591658105,0.29710087732796203,0.09638543989916021,0.06677027739948875,0.21789638289327276,0.17507467121854478,0.0,0.0,0.0,0.18613031297871388,0.00012604286629311242,0.0,0.0,0.249140923119173,0.1457724537637931,0.0,0.0,0.2626172908177928,0.18662665296795863,0.10363936609997278,0.08566957574973429,0.7344828023083486,0.07743026406061754,0.4912086307757063,0.0,0.49269962262455547,0.4850369806989611,0.2581162568132278,0.0,0.0,0.0,0.0,0.0,0.0,0.0,0.0,0.0,0.0,0.11997303641876204
0.0,0.0,0.0,0.0,0.0,0.0,0.0,0.0,0.0,0.0,0.0,0.0,0.0,0.0,0.0,0.0,0.0,0.0,0.0,0.0,0.0,0.0,0.0,0.0,0.0,0.0,0.0,0.0,0.0,0.0,0.0,0.0,0.0,0.0,0.0,0.0,0.0,0.0,0.0,0.0,0.0,0.0,0.0,0.0,0.4723960634345212,0.548583948311672,0.7375077091927643,1.0,0.7454834550141456,0.5489939025337742,0.20230142829495137,0.05774855581102956,0.10367609527311913,0.30906199828407754,0.01993250438227853,0.0,0.0,0.0,0.0,0.0,0.0,0.0,0.06574885555845901,0.0,0.0,0.0,0.1459881948138593,0.1037756111451452,0.0,0.0,0.5430314722767056,0.06869986327568753,0.31986942907060567,0.0,0.2561544850058853,0.6862570519431528,0.49147456988902655,0.1364809850539878,0.0,0.0,0.0,0.0,0.0,0.0,0.0,0.0,0.0,0.04296422184196305
0.0,0.0,0.0,0.0,0.0,0.0,0.0,0.0,0.0,0.0,0.0,0.0,0.0,0.0,0.0,0.0,0.0,0.0,0.0,0.0,0.0,0.0,0.0,0.0,0.0,0.0,0.0,0.0,0.0,0.0,0.0,0.0,0.0,0.0,0.0,0.0,0.0,0.0,0.0,0.0,0.0,0.0,0.0,0.0,0.5435399703376853,0.4834487567556097,0.5546050492462206,0.7454834550141456,1.0,0.7375436119286909,0.297308397639049,0.2149363273065105,0.3141963666806117,0.5428853673924561,0.06690943458060214,0.0,0.0,0.0,0.0,0.0,0.0,0.0,0.032017859345679786,0.0,0.0,0.0,0.15254825263108848,0.08584995781756187,0.0,0.0,0.31206693245123207,0.09468870383973223,0.07804882717134955,0.017956999447769278,0.17054021909979197,0.48946996633506085,0.6859257191315606,0.39004330288475875,0.037845253989004776,0.0,0.0,0.0,0.0,0.0,0.0,0.0,0.0,0.10825393894147556
0.0,0.0,0.0,0.0,0.0,0.0,0.0,0.0,0.0,0.0,0.0,0.0,0.0,0.0,0.0,0.0,0.0,0.0,0.0,0.0,0.0,0.0,0.0,0.0,0.0,0.0,0.0,0.0,0.0,0.0,0.0,0.0,0.0,0.0,0.0,0.0,0.0,0.0,0.0,0.0,0.0,0.0,0.0,0.0,0.7350238114244281,0.5500790121558288,0.4813229591658105,0.5489939025337742,0.7375436119286909,1.0,0.5375654503898808,0.47660034217068536,0.5524505425474752,0.735486863294439,0.28586406470247927,0.08633427590004454,0.060573765343601066,0.21505824230231077,0.1534926064758099,0.0,0.0,0.0,0.16164144965803484,0.0,0.0,0.0,0.2746264961226307,0.1458953354613017,0.0,0.0,0.21597346564485304,0.13249423855225748,0.0,0.036350313861772184,0.2543400221242425,0.25294375236285305,0.4874632838791821,0.48482943494726216,0.2559123696232401,0.0,0.0,0.0,0.0,0.0,0.0,0.0,0.0,0.27231918765813096
0.0,0.0,0.0,0.0,0.0,0.0,0.0,0.0,0.0,0.0,0.0,0.0,0.0,0.0,0.0,0.0,0.0,0.0,0.0,0.0,0.0,0.0,0.0,0.0,0.0,0.0,0.0,0.0,0.0,0.0,0.0,0.0,0.0,0.0,0.0,0.0,0.0,0.0,0.0,0.0,0.0,0.0,0.0,0.0,0.7298229345345312,0.532807990685832,0.29710087732796203,0.20230142829495137,0.297308397639049,0.5375654503898808,1.0,0.7368556441552225,0.5418899757557141,0.4701977828050506,0.7308224609221028,0.5451754688569155,0.47641507673772887,0.5430568378109101,0.5198449848397152,0.29350584559334947,0.21182610900685214,0.30479670730734215,0.40779423446283514,0.15348042429985548,0.017329618568779327,0.07139913627585674,0.42076303013421745,0.1861718005472622,0.0,0.0,0.08086058380867141,0.08026183415639325,0.0,0.0,0.37592295334399023,0.0,0.025477344084497935,0.15642542680989527,0.249925205663239,0.2498247908782723,0.16284482263114855,0.03538167116279218,0.0,0.0,0.0,0.0,0.0,0.4247718921627955
0.0,0.0,0.0,0.0,0.0,0.0,0.0,0.0,0.0,0.0,0.0,0.0,0.0,0.0,0.0,0.0,0.0,0.0,0.0,0.0,0.0,0.0,0.0,0.0,0.0,0.0,0.0,0.0,0.0,0.0,0.0,0.0,0.0,0.0,0.0,0.0,0.0,0.0,0.0,0.0,0.0,0.0,0.0,0.0,0.5455531163351028,0.30535866122939936,0.09638543989916021,0.05774855581102956,0.2149363273065105,0.47660034217068536,0.7368556441552225,1.0,0.7348722843267662,0.5487943144758924,0.5433931727868258,0.4790028047363409,0.5523401256617655,0.7361489869998336,0.29351525938111606,0.08717852334317144,0.05937182477986045,0.21597070538689536,0.17142006720850425,0.0,0.0,0.0,0.2214699762954349,0.0002147612135560016,0.0,0.0,0.0,0.0,0.0,0.0,0.1242823139595438,0.0,0.0,0.2524101522983524,0.4859552344781376,0.48571879951055114,0.2557684215582173,0.0,0.0,0.0,0.0,0.0,0.0,0.27078793323211986
0.0,0.0,0.0,0.0,0.0,0.0,0.0,0.0,0.0,0.0,0.0,0.0,0.0,0.0,0.0,0.0,0.0,0.0,0.0,0.0,0.0,0.0,0.0,0.0,0.0,0.0,0.0,0.0,0.0,0.0,0.0,0.0,0.0,0.0,0.0,0.0,0.0,0.0,0.0,0.0,0.0,0.0,0.0,0.0,0.47718845103500923,0.2189431414316453,0.06677027739948875,0.10367609527311913,0.3141963666806117,0.5524505425474752,0.5418899757557141,0.7348722843267662,1.0,0.7479075147930041,0.2998833766545976,0.21396307828795502,0.31242898156253673,0.5431664985113953,0.0714178360737807,0.0,0.0,0.0,0.0,0.0,0.0,0.0,0.10346303096729319,0.0,0.0,0.0,0.0,0.0,0.0,0.0,0.0,0.0,0.14187982756007445,0.49192257499103553,0.6858581575406585,0.3931633067449718,0.03657655319803233,0.0,0.0,0.0,0.0,0.0,0.0,0.16898487178800203
