1.0,0.7383166801283008,0.5469819032007214,0.4723960634345212,0.5435399703376855,0.7350238114244281,0.7298229345345313,0.5455531163351028,0.4771884510350094,0.5420743353750281,0.5221553710170643,0.2988438049890287,0.2148583571104203,0.3048904159434598,0.4077800147404604,0.17138388879014074,0.038262163240896124,0.0837865022249946,0.3838709722312269,0.1615891232797742,0.0,0.0,0.4316024804674389,0.24916747000702968,0.06569687224930827,0.031940606881368794,0.30562076791079784,0.15793578015827409,0.0716292211549451,0.007037028930726071,0.48600716103091496,0.15870273717220001,0.25014559101547806,0.24827169966445878,0.16324994448749194,0.034560355240727224,0.0,0.0,0.0,0.0,0.0,0.0,0.0,0.3983503897780196,0.0,0.0,0.0,0.0,0.0,0.0,0.0,0.0,0.0,0.0,0.0,0.0,0.0,0.0,0.0,0.0,0.0,0.0,0.0,0.0,0.0,0.0,0.0,0.0,0.0,0.0,0.0,0.0,0.0,0.0,0.0,0.0,0.0,0.0,0.0,0.0,0.0,0.0,0.0,0.0,0.0,0.0,0.0,0.0
0.7383166801283008,1.0,0.7425848190720138,0.5485839483116719,0.4834487567556099,0.5500790121558288,0.532807990685832,0.30535866122939936,0.21894314143164548,0.3080502684057208,0.43173958485716,0.1935433802694007,0.05025253127721565,0.08935781284741105,0.4207020816048433,0.22138176029764878,0.050981035258428994,0.03274583189562065,0.4315313553115138,0.27447774495850663,0.13007715671992276,0.1033398247086782,0.4128363916840348,0.26255334433917465,0.14582177321924786,0.15235276290080454,0.5479811432983256,0.12123362540453886,0.32376898085680866,0.0,0.6868673375467472,0.25472597609101466,0.16941882671750944,0.03585875346641976,0.0,0.0,0.0,0.0,0.0,0.0,0.0,0.0,0.0,0.2903317104543766,0.0,0.0,0.0,0.0,0.0,0.0,0.0,0.0,0.0,0.0,0.0,0.0,0.0,0.0,0.0,0.0,0.0,0.0,0.0,0.0,0.0,0.0,0.0,0.0,0.0,0.0,0.0,0.0,0.0,0.0,0.0,0.0,0.0,0.0,0.0,0.0,0.0,0.0,0.0,0.0,0.0,0.0,0.0,0.0
0.5469819032007214,0.7425848190720138,1.0,0.7375077091927641,0.5546050492462206,0.48132295916581036,0.29710087732796203,0.09638543989916021,0.06677027739948892,0.2178963828932726,0.17507467121854478,0.0,0.0,0.0,0.18613031297871388,0.00012604286629311242,0.0,0.0,0.249140923119173,0.1457724537637931,0.0,0.0,0.2626172908177928,0.18662665296795863,0.10363936609997278,0.08566957574973429,0.7344828023083487,0.07743026406061754,0.4912086307757063,0.0,0.49269962262455547,0.4850369806989611,0.25811625681322764,0.0,0.0,0.0,0.0,0.0,0.0,0.0,0.0,0.0,0.0,0.11997303641876204,0.0,0.0,0.0,0.0,0.0,0.0,0.0,0.0,0.0,0.0,0.0,0.0,0.0,0.0,0.0,0.0,0.0,0.0,0.0,0.0,0.0,0.0,0.0,0.0,0.0,0.0,0.0,0.0,0.0,0.0,0.0,0.0,0.0,0.0,0.0,0.0,0.0,0.0,0.0,0.0,0.0,0.0,0.0,0.0
0.4723960634345212,0.5485839483116719,0.7375077091927641,1.0,0.7454834550141458,0.5489939025337742,0.20230142829495137,0.05774855581102956,0.1036760952731193,0.30906199828407754,0.01993250438227853,0.0,0.0,0.0,0.0,0.0,0.0,0.0,0.06574885555845884,0.0,0.0,0.0,0.1459881948138593,0.1037756111451452,0.0,0.0,0.5430314722767056,0.06869986327568753,0.31986942907060556,0.0,0.2561544850058853,0.6862570519431528,0.49147456988902655,0.13648098505398798,0.0,0.0,0.0,0.0,0.0,0.0,0.0,0.0,0.0,0.04296422184196305,0.0,0.0,0.0,0.0,0.0,0.0,0.0,0.0,0.0,0.0,0.0,0.0,0.0,0.0,0.0,0.0,0.0,0.0,0.0,0.0,0.0,0.0,0.0,0.0,0.0,0.0,0.0,0.0,0.0,0.0,0.0,0.0,0.0,0.0,0.0,0.0,0.0,0.0,0.0,0.0,0.0,0.0,0.0,0.0
0.5435399703376855,0.4834487567556099,0.5546050492462206,0.7454834550141458,1.0,0.7375436119286909,0.297308397639049,0.2149363273065105,0.3141963666806117,0.5428853673924559,0.0669094345806023,0.0,0.0,0.0,0.0,0.0,0.0,0.0,0.032017859345679786,0.0,0.0,0.0,0.15254825263108848,0.08584995781756187,0.0,0.0,0.3120669324512322,0.09468870383973223,0.07804882717134955,0.017956999447769278,0.17054021909979206,0.4894699663350609,0.6859257191315605,0.39004330288475875,0.037845253989004776,0.0,0.0,0.0,0.0,0.0,0.0,0.0,0.0,0.10825393894147556,0.0,0.0,0.0,0.0,0.0,0.0,0.0,0.0,0.0,0.0,0.0,0.0,0.0,0.0,0.0,0.0,0.0,0.0,0.0,0.0,0.0,0.0,0.0,0.0,0.0,0.0,0.0,0.0,0.0,0.0,0.0,0.0,0.0,0.0,0.0,0.0,0.0,0.0,0.0,0.0,0.0,0.0,0.0,0.0
0.7350238114244281,0.5500790121558288,0.48132295916581036,0.5489939025337742,0.7375436119286909,1.0,0.5375654503898807,0.47660034217068536,0.5524505425474753,0.735486863294439,0.2858640647024792,0.08633427590004454,0.060573765343601066,0.21505824230231077,0.1534926064758099,0.0,0.0,0.0,0.16164144965803484,0.0,0.0,0.0,0.2746264961226307,0.14589533546130154,0.0,0.0,0.21597346564485304,0.13249423855225748,0.0,0.036350313861772184,0.2543400221242425,0.25294375236285305,0.4874632838791821,0.4848294349472623,0.25591236962324027,0.0,0.0,0.0,0.0,0.0,0.0,0.0,0.0,0.27231918765813096,0.0,0.0,0.0,0.0,0.0,0.0,0.0,0.0,0.0,0.0,0.0,0.0,0.0,0.0,0.0,0.0,0.0,0.0,0.0,0.0,0.0,0.0,0.0,0.0,0.0,0.0,0.0,0.0,0.0,0.0,0.0,0.0,0.0,0.0,0.0,0.0,0.0,0.0,0.0,0.0,0.0,0.0,0.0,0.0
0.7298229345345313,0.532807990685832,0.29710087732796203,0.20230142829495137,0.297308397639049,0.5375654503898807,1.0,0.7368556441552224,0.5418899757557142,0.4701977828050504,0.7308224609221028,0.5451754688569155,0.47641507673772887,0.5430568378109101,0.5198449848397153,0.29350584559334947,0.21182610900685214,0.30479670730734215,0.40779423446283514,0.15348042429985548,0.017329618568779327,0.07139913627585674,0.42076303013421745,0.1861718005472622,0.0,0.0,0.08086058380867141,0.08026183415639325,0.0,0.0,0.3759229533439903,0.0,0.025477344084497935,0.15642542680989527,0.24992520566323917,0.24982479087827222,0.16284482263114855,0.03538167116279218,0.0,0.0,0.0,0.0,0.0,0.4247718921627954,0.0,0.0,0.0,0.0,0.0,0.0,0.0,0.0,0.0,0.0,0.0,0.0,0.0,0.0,0.0,0.0,0.0,0.0,0.0,0.0,0.0,0.0,0.0,0.0,0.0,0.0,0.0,0.0,0.0,0.0,0.0,0.0,0.0,0.0,0.0,0.0,0.0,0.0,0.0,0.0,0.0,0.0,0.0,0.0
0.5455531163351028,0.30535866122939936,0.09638543989916021,0.05774855581102956,0.2149363273065105,0.47660034217068536,0.7368556441552224,1.0,0.7348722843267663,0.5487943144758924,0.5433931727868256,0.4790028047363409,0.5523401256617654,0.7361489869998336,0.29351525938111606,0.08717852334317128,0.059371824779860284,0.21597070538689536,0.17142006720850408,0.0,0.0,0.0,0.2214699762954349,0.0002147612135560016,0.0,0.0,0.0,0.0,0.0,0.0,0.1242823139595438,0.0,0.0,0.2524101522983524,0.4859552344781378,0.48571879951055125,0.2557684215582173,0.0,0.0,0.0,0.0,0.0,0.0,0.27078793323211986,0.0,0.0,0.0,0.0,0.0,0.0,0.0,0.0,0.0,0.0,0.0,0.0,0.0,0.0,0.0,0.0,0.0,0.0,0.0,0.0,0.0,0.0,0.0,0.0,0.0,0.0,0.0,0.0,0.0,0.0,0.0,0.0,0.0,0.0,0.0,0.0,0.0,0.0,0.0,0.0,0.0,0.0,0.0,0.0
0.4771884510350094,0.21894314143164548,0.06677027739948892,0.1036760952731193,0.3141963666806117,0.5524505425474753,0.5418899757557142,0.7348722843267663,1.0,0.7479075147930041,0.2998833766545977,0.2139630782879552,0.3124289815625368,0.5431664985113954,0.07141783607378085,0.0,0.0,0.0,0.0,0.0,0.0,0.0,0.10346303096729319,0.0,0.0,0.0,0.0,0.0,0.0,0.0,0.0,0.0,0.14187982756007445,0.49192257499103553,0.6858581575406585,0.3931633067449718,0.0365765531980325,0.0,0.0,0.0,0.0,0.0,0.0,0.1689848717880022,0.0,0.0,0.0,0.0,0.0,0.0,0.0,0.0,0.0,0.0,0.0,0.0,0.0,0.0,0.0,0.0,0.0,0.0,0.0,0.0,0.0,0.0,0.0,0.0,0.0,0.0,0.0,0.0,0.0,0.0,0.0,0.0,0.0,0.0,0.0,0.0,0.0,0.0,0.0,0.0,0.0,0.0,0.0,0.0
0.5420743353750281,0.3080502684057208,0.2178963828932726,0.30906199828407754,0.5428853673924559,0.735486863294439,0.4701977828050504,0.5487943144758924,0.7479075147930041,1.0,0.20244974386757741,0.05571732736184864,0.10310819131572785,0.3114704722707417,0.01735023862784153,0.0,0.0,0.0,0.0,0.0,0.0,0.0,0.13022664014583513,0.0,0.0,0.0,0.0,0.0207575896894463,0.0,0.0,0.031568599598459944,0.033108920729518106,0.39210837954383354,0.6859441755499883,0.49262218282381165,0.14238169346930435,0.0,0.0,0.0,0.0,0.0,0.0,0.0,0.17544004591562615,0.0,0.0,0.0,0.0,0.0,0.0,0.0,0.0,0.0,0.0,0.0,0.0,0.0,0.0,0.0,0.0,0.0,0.0,0.0,0.0,0.0,0.0,0.0,0.0,0.0,0.0,0.0,0.0,0.0,0.0,0.0,0.0,0.0,0.0,0.0,0.0,0.0,0.0,0.0,0.0,0.0,0.0,0.0,0.0
0.5221553710170643,0.43173958485716,0.17507467121854478,0.01993250438227853,0.0669094345806023,0.2858640647024792,0.7308224609221028,0.5433931727868256,0.2998833766545977,0.20244974386757741,1.0,0.7354302293607392,0.5421393123956081,0.4746480109059952,0.730825666316625,0.5433967338870271,0.47465279629459955,0.542141672221507,0.52216582949838,0.2858663428725816,0.2024490081565528,0.2998827192277183,0.431770165348595,0.17510137275194,0.01994321430138779,0.06691050293991953,0.012219027288371213,0.012252570223919856,0.0,0.0,0.37538993253344105,0.0,0.0,0.0,0.03131502186337061,0.16109702862915493,0.2491412800941646,0.2491372974845278,0.16110024519973223,0.0313144316052604,0.0,0.0,0.0,0.37545537444029475,0.0,0.0,0.0,0.0,0.0,0.0,0.0,0.0,0.0,0.0,0.0,0.0,0.0,0.0,0.0,0.0,0.0,0.0,0.0,0.0,0.0,0.0,0.0,0.0,0.0,0.0,0.07870681114056524,0.0,0.07272814492407555,0.0,0.0,0.0,0.0,0.0,0.0,0.0,0.0,0.0,0.0,0.0,0.0,0.0,0.0,0.0
0.2988438049890287,0.1935433802694007,0.0,0.0,0.0,0.08633427590004454,0.5451754688569155,0.4790028047363409,0.2139630782879552,0.05571732736184864,0.7354302293607392,1.0,0.7361585565748057,0.5512951119910617,0.5451748905927412,0.479003862658141,0.5512983038379313,0.7361612924637286,0.29885841292545523,0.08634909942038678,0.055723352825231366,0.2139628119991821,0.19358045167494733,0.0,0.0,0.0,0.0,0.0,0.0,0.0,0.1508332348349214,0.0,0.0,0.0,0.0,0.2546570266784189,0.48622212433654005,0.4862174894841761,0.25466145112178384,0.0,0.0,0.0,0.0,0.15089440002477536,0.0,0.0,0.0,0.0,0.0,0.0,0.0,0.0,0.0,0.0,0.0,0.0,0.0,0.0,0.0,0.0,0.0,0.0,0.0,0.0,0.0,0.0,0.0,0.0,0.0,0.0,0.10291727967324676,0.0,0.12700883216744982,0.0,0.0,0.0,0.0,0.0,0.0,0.0,0.0,0.0,0.0,0.0,0.0,0.0,0.0,0.0
0.2148583571104203,0.05025253127721565,0.0,0.0,0.0,0.060573765343601066,0.47641507673772887,0.5523401256617654,0.3124289815625368,0.10310819131572785,0.5421393123956081,0.7361585565748057,1.0,0.7473476311242553,0.30480140309482573,0.21597268914600165,0.31196174478131244,0.5435021002972846,0.08381654706432973,0.0,0.0,0.0,0.03281002874836088,0.0,0.0,0.0,0.0,0.0,0.0,0.0,0.0,0.0,0.0,0.0,0.1425364995415493,0.49137839147551404,0.6858858203803067,0.3933386876211751,0.035351250416980576,0.0,0.0,0.0,0.0,0.03754334816204418,0.0,0.0,0.0,0.0,0.0,0.0,0.0,0.0,0.0,0.0,0.0,0.0,0.0,0.0,0.0,0.0,0.0,0.0,0.0,0.0,0.0,0.0,0.0,0.0,0.0,0.0,0.0,0.0,0.014800698074451328,0.0,0.0,0.0,0.0,0.0,0.0,0.0,0.0,0.0,0.0,0.0,0.0,0.0,0.0,0.0
0.3048904159434598,0.08935781284741105,0.0,0.0,0.0,0.21505824230231077,0.5430568378109101,0.7361489869998336,0.5431664985113954,0.3114704722707417,0.4746480109059952,0.5512951119910617,0.7473476311242553,1.0,0.21183493306027493,0.059375177766128016,0.10276631409225045,0.3119616242596695,0.038301093897935276,0.0,0.0,0.0,0.05106418013161358,0.0,0.0,0.0,0.0,0.0,0.0,0.0,0.0,0.0,0.0,0.03564585120928926,0.39421317673038403,0.685914361354089,0.4914705259783288,0.14153258457480314,0.0,0.0,0.0,0.0,0.0,0.09346968418541278,0.0,0.0,0.0,0.0,0.0,0.0,0.0,0.0,0.0,0.0,0.0,0.0,0.0,0.0,0.0,0.0,0.0,0.0,0.0,0.0,0.0,0.0,0.0,0.0,0.0,0.0,0.0,0.0,0.0,0.0,0.0,0.0,0.0,0.0,0.0,0.0,0.0,0.0,0.0,0.0,0.0,0.0,0.0,0.0
0.4077800147404604,0.4207020816048433,0.18613031297871388,0.0,0.0,0.1534926064758099,0.5198449848397153,0.29351525938111606,0.07141783607378085,0.01735023862784153,0.730825666316625,0.5451748905927412,0.30480140309482573,0.21183493306027493,1.0,0.736852061170034,0.5430531078289509,0.47641149271696,0.7298280934166302,0.537568406340381,0.47019805058453795,0.5418871074690362,0.5328220694008663,0.2971145499456935,0.20230917775494098,0.29731116275298375,0.08019171047870795,0.08087317187569457,0.0,0.0,0.42463161792277687,0.0,0.0,0.0,0.0,0.0,0.035394270942561666,0.16284043465611692,0.2498194571028669,0.2499224078207668,0.15642440682345643,0.025477455077242805,0.0,0.3759542208738463,0.0,0.10517369063587964,0.17193679117936178,0.09423391198652557,0.0,0.0,0.0,0.0,0.0,0.0,0.0,0.0,0.0,0.0,0.0,0.0,0.0,0.0,0.0,0.0,0.0,0.0,0.0,0.0,0.0,0.0,0.20267615358074687,0.0,0.13587371158725736,0.0,0.0,0.0,0.0,0.0,0.0,0.0,0.0,0.0,0.0,0.0,0.0,0.0,0.0,0.0
0.17138388879014074,0.22138176029764878,0.00012604286629311242,0.0,0.0,0.0,0.29350584559334947,0.08717852334317128,0.0,0.0,0.5433967338870271,0.479003862658141,0.21597268914600165,0.059375177766128016,0.736852061170034,1.0,0.7361478075620349,0.552338179905291,0.5455494554251219,0.4766013010176993,0.5487945390858183,0.7348700795297398,0.3053611843410057,0.09639170472455084,0.05775535923381026,0.21493985830225995,0.0,0.0,0.0,0.0,0.27063548520181513,0.0,0.0,0.0,0.0,0.0,0.0,0.2557678600530439,0.48571564616410096,0.4859539977472501,0.2524096055057575,0.0,0.0,0.1242979310701995,0.08321126045535217,0.1892494374718499,0.2967524652617702,0.2877619295963572,0.18558845151094186,0.09346908932415984,0.0,0.0,0.0,0.0,0.0,0.0,0.0,0.0,0.0,0.0,0.0,0.0,0.0,0.0,0.0,0.0,0.0,0.0,0.0,0.0,0.27892188889189073,0.0,0.16948271419439026,0.0,0.0031221295855218306,0.15883453718818927,0.0,0.0,0.0,0.0,0.0,0.0,0.0,0.0,0.0,0.0,0.0,0.0
0.038262163240896124,0.050981035258428994,0.0,0.0,0.0,0.0,0.21182610900685214,0.059371824779860284,0.0,0.0,0.47465279629459955,0.5512983038379313,0.31196174478131244,0.10276631409225045,0.5430531078289509,0.7361478075620349,1.0,0.7473469747335907,0.304892276722018,0.21506521698913378,0.3114718366800781,0.5431620367729506,0.08937098093903639,0.0,0.0,0.0,0.0,0.0,0.0,0.0,0.09334821525475073,0.0,0.0,0.0,0.0,0.0,0.14154163030614472,0.4914712510788129,0.685914137600028,0.39420605732079317,0.035646248287701715,0.0,0.0,0.0,0.0,0.06520471499889995,0.23896770489690558,0.2822222763248215,0.14526103005731456,0.0,0.0,0.0,0.0,0.0,0.0,0.0,0.0,0.0,0.0,0.0,0.0,0.0,0.0,0.0,0.0,0.0,0.0,0.0,0.0,0.0,0.26102072412973537,0.0,0.18321006668845533,0.0,0.0,0.22753370604888726,0.0,0.0,0.0,0.0,0.0,0.0,0.0,0.0,0.0,0.0,0.0,0.0
0.0837865022249946,0.03274583189562065,0.0,0.0,0.0,0.0,0.30479670730734215,0.21597070538689536,0.0,0.0,0.542141672221507,0.7361612924637286,0.5435021002972846,0.3119616242596695,0.47641149271696,0.552338179905291,0.7473469747335907,1.0,0.21486834784198747,0.06058905404114459,0.10311408976374511,0.3124263268218935,0.05028075227149291,0.0,0.0,0.0,0.0,0.0,0.0,0.0,0.03745191169882017,0.0,0.0,0.0,0.0,0.03534953741028244,0.3933473177013907,0.68588350366898,0.4913811294603794,0.14253004555244086,0.0,0.0,0.0,0.0,0.0,0.0,0.09431138804907527,0.10373059342092011,0.0,0.0,0.0,0.0,0.0,0.0,0.0,0.0,0.0,0.0,0.0,0.0,0.0,0.0,0.0,0.0,0.0,0.0,0.0,0.0,0.0,0.0,0.18983963513115273,0.0,0.18065545622939172,0.0,0.0,0.07445571573326115,0.0,0.0,0.0,0.0,0.0,0.0,0.0,0.0,0.0,0.0,0.0,0.0
0.3838709722312269,0.4315313553115138,0.249140923119173,0.06574885555845884,0.032017859345679786,0.16164144965803484,0.40779423446283514,0.17142006720850408,0.0,0.0,0.52216582949838,0.29885841292545523,0.08381654706432973,0.038301093897935276,0.7298280934166302,0.5455494554251219,0.304892276722018,0.21486834784198747,1.0,0.735022413766164,0.5420697510561185,0.4771826710314707,0.7383203001934547,0.5469856044851447,0.47239847629297965,0.5435401827392725,0.1578530451801302,0.3056210900413447,0.006908436857683563,0.07163054717238745,0.3981671645644977,0.0,0.0,0.0,0.0,0.0,0.0,0.0,0.03455907810677834,0.16324446448095878,0.24826699362912188,0.25014481350807394,0.15870093766934348,0.4860179248394981,0.059821001225041776,0.17196582196706872,0.15852607741582542,0.034572184722516906,0.0,0.0,0.0,0.0,0.0,0.0,0.0,0.0,0.0,0.0,0.0,0.0,0.0,0.0,0.0,0.0,0.0,0.0,0.0,0.0,0.0,0.0,0.15752106801418955,0.0,0.06891538278309593,0.0,0.08065797896140152,0.0,0.0,0.0,0.0,0.0,0.0,0.0,0.0,0.0,0.0,0.0,0.0,0.0
0.1615891232797742,0.27447774495850663,0.1457724537637931,0.0,0.0,0.0,0.15348042429985548,0.0,0.0,0.0,0.2858663428725816,0.08634909942038678,0.0,0.0,0.537568406340381,0.4766013010176993,0.21506521698913378,0.06058905404114459,0.735022413766164,1.0,0.7354843421182612,0.5524505934766646,0.5500763393181866,0.4813173209721331,0.5489899212734884,0.7375412754697144,0.13228399233699195,0.21596428558562256,0.03607004175184023,0.0,0.272059499970102,0.0,0.0,0.0,0.0,0.0,0.0,0.0,0.0,0.2559125741643663,0.48482634822594173,0.48746170533237215,0.25293799979757103,0.25434119452582926,0.235436551498751,0.27992475035757575,0.2107178550744664,0.1058923988750743,0.08065280728488912,0.14481329270827425,0.16846870965474137,0.08224895615047113,0.006876658078769689,0.02431121934478109,0.08953732155071867,0.022957231510419222,0.0,0.0,0.0,0.0,0.0,0.0,0.0,0.0,0.0,0.0,0.0,0.0,0.0,0.0,0.1290545275461695,0.0,0.0,0.0,0.16365540830621697,0.0,0.0,0.0,0.0,0.0,0.0,0.0,0.0,0.0,0.0,0.0,0.0,0.0
0.0,0.13007715671992276,0.0,0.0,0.0,0.0,0.017329618568779327,0.0,0.0,0.0,0.2024490081565528,0.055723352825231366,0.0,0.0,0.47019805058453795,0.5487945390858183,0.3114718366800781,0.10311408976374511,0.5420697510561185,0.7354843421182612,1.0,0.7479097614702852,0.3080442557528662,0.21788708181369645,0.30905461677178175,0.5428796925500227,0.02052649783450429,0.0,0.0,0.0,0.1751988678289683,0.0,0.0,0.0,0.0,0.0,0.0,0.0,0.14237956793802561,0.49262413030361357,0.6859434865205477,0.39210324995513535,0.033100461828726925,0.031568915908103935,0.3423312781128092,0.33657103907184105,0.2994845652656935,0.2682710316603039,0.2862530846000075,0.3293892343035569,0.2296781662175291,0.17655474221038825,0.16787956910750557,0.22610887858065332,0.07652150094578165,0.0,0.0,0.027891335642513917,0.0,0.0,0.0,0.0,0.0,0.0,0.0,0.0,0.0,0.0,0.0,0.0,0.16029044262955658,0.0,0.0,0.0,0.14787628316908302,0.03539390119222531,0.06517663993466159,0.013346063982265417,0.0,0.0,0.0,0.0,0.0,0.0,0.0,0.0,0.0,0.0
0.0,0.1033398247086782,0.0,0.0,0.0,0.0,0.07139913627585674,0.0,0.0,0.0,0.2998827192277183,0.2139628119991821,0.0,0.0,0.5418871074690362,0.7348700795297398,0.5431620367729506,0.3124263268218935,0.4771826710314707,0.5524505934766646,0.7479097614702852,1.0,0.21893896240645325,0.06676746834114332,0.10367691650323087,0.3141974645193608,0.0,0.0,0.0,0.0,0.16878844148754796,0.0,0.0,0.0,0.0,0.0,0.0,0.036578076269583516,0.39315499681129185,0.6858586646018636,0.4919247820703468,0.14188154767737357,0.0,0.0,0.2634984650441999,0.2989379072665055,0.35688888436734806,0.38208016330539063,0.35871873464955195,0.30524247645212815,0.08459765145784397,0.01321654423980278,0.04695003542160105,0.17035133946567116,0.0,0.0,0.0,0.0,0.0,0.0,0.0,0.0,0.0,0.0,0.0,0.0,0.0,0.0,0.0,0.0,0.2432046446346691,0.0,0.07457345106898594,0.0,0.07872745172916568,0.20045795872431357,0.16550830091604654,0.0,0.0,0.0,0.0,0.0,0.0,0.0,0.0,0.0,0.0,0.0
0.4316024804674389,0.4128363916840348,0.2626172908177928,0.1459881948138593,0.15254825263108848,0.2746264961226307,0.42076303013421745,0.2214699762954349,0.10346303096729319,0.13022664014583513,0.431770165348595,0.19358045167494733,0.03281002874836088,0.05106418013161358,0.5328220694008663,0.3053611843410057,0.08937098093903639,0.05028075227149291,0.7383203001934547,0.5500763393181866,0.3080442557528662,0.21893896240645325,1.0,0.7425880717278831,0.5485871546457849,0.48344927463062315,0.1212287951749341,0.5479790959344818,0.0,0.32376700413947385,0.2902204796660468,0.0,0.0,0.0,0.0,0.0,0.0,0.0,0.0,0.0,0.03585105509479876,0.1694185034114421,0.254723339045421,0.6868658822196682,0.0,0.04511073556808066,0.004488824000873894,0.0,0.0,0.0,0.0,0.0,0.0,0.0,0.0,0.0,0.0,0.0,0.0,0.0,0.0,0.0,0.0,0.0,0.0,0.0,0.0,0.0,0.0,0.0,0.044171500970351794,0.0,0.0,0.0,0.007972256807685775,0.0,0.0,0.0,0.0,0.0,0.0,0.0,0.0,0.0,0.0,0.0,0.0,0.0
0.24916747000702968,0.26255334433917465,0.18662665296795863,0.1037756111451452,0.08584995781756187,0.14589533546130154,0.1861718005472622,0.0002147612135560016,0.0,0.0,0.17510137275194,0.0,0.0,0.0,0.2971145499456935,0.09639170472455084,0.0,0.0,0.5469856044851447,0.4813173209721331,0.21788708181369645,0.06676746834114332,0.7425880717278831,1.0,0.7375070620265383,0.554601519836301,0.07734008354035256,0.7344805035667255,0.0,0.4912089323153027,0.11980481488405173,0.0,0.0,0.0,0.0,0.0,0.0,0.0,0.0,0.0,0.0,0.2581114129734773,0.48502991266665046,0.49269483840217515,0.0,0.0,0.0,0.0,0.0,0.0,0.0,0.0,0.0,0.0,0.0,0.0,0.0,0.0,0.0,0.0,0.0,0.0,0.0,0.0,0.0,0.0,0.0,0.0,0.0,0.0,0.0,0.0,0.0,0.0,0.0,0.0,0.0,0.0,0.0,0.0,0.0,0.0,0.0,0.0,0.0,0.0,0.0,0.0
0.06569687224930827,0.14582177321924786,0.10363936609997278,0.0,0.0,0.0,0.0,0.0,0.0,0.0,0.01994321430138779,0.0,0.0,0.0,0.20230917775494098,0.05775535923381026,0.0,0.0,0.47239847629297965,0.5489899212734884,0.30905461677178175,0.10367691650323087,0.5485871546457849,0.7375070620265383,1.0,0.7454813410875302,0.06844702378827484,0.5430307554739646,0.0,0.31987265354694283,0.04270177515630027,0.0,0.0,0.0,0.0,0.0,0.0,0.0,0.0,0.0,0.1364694885136781,0.4914710178977506,0.6862528676821149,0.2561516285185137,0.026914908242772862,0.07085858271948976,0.0,0.0,0.0,0.0,0.07240402957429805,0.0,0.0,0.0,0.11896486340940898,0.1531281517767486,0.0705598119607398,0.0,0.022391097538393124,0.04217113134580968,0.1134048407595025,0.15101981747125387,0.0,0.0,0.0,0.0,0.0,0.0,0.0,0.0,0.0,0.0,0.0,0.0,0.04692785103908108,0.0,0.0,0.0,0.0,0.0,0.0,0.0,0.0,0.0,0.0,0.0,0.0,0.0
0.031940606881368794,0.15235276290080454,0.08566957574973429,0.0,0.0,0.0,0.0,0.0,0.0,0.0,0.06691050293991953,0.0,0.0,0.0,0.29731116275298375,0.21493985830225995,0.0,0.0,0.5435401827392725,0.7375412754697144,0.5428796925500227,0.3141974645193608,0.48344927463062315,0.554601519836301,0.7454813410875302,1.0,0.09438574837315147,0.31206168543158275,0.01755122663009536,0.07804658397873089,0.10795693817111371,0.0,0.0,0.0,0.0,0.0,0.0,0.0,0.0,0.0378471985757629,0.39003481057468103,0.6859250623420763,0.4894679615819275,0.17053903660930325,0.2046160986457732,0.2115092144568499,0.07263934116807792,0.0,0.0,0.06901357742674855,0.225667203049426,0.15824991620010748,0.029107205683133637,0.0,0.2007483354769281,0.1987776128344469,0.15219396876406088,0.11644744813047044,0.05952758246311761,0.010352086325185986,0.04560428224057008,0.11818955288863847,0.0,0.0,0.0,0.0,0.0,0.0,0.0,0.0,0.0,0.0,0.0,0.0,0.13588042423318863,0.0,0.0,0.0,0.0,0.0,0.0,0.0,0.0,0.0,0.0,0.0,0.0,0.0
0.30562076791079784,0.5479811432983256,0.7344828023083487,0.5430314722767056,0.3120669324512322,0.21597346564485304,0.08086058380867141,0.0,0.0,0.0,0.012219027288371213,0.0,0.0,0.0,0.08019171047870795,0.0,0.0,0.0,0.1578530451801302,0.13228399233699195,0.02052649783450429,0.0,0.1212287951749341,0.07734008354035256,0.06844702378827484,0.09438574837315147,1.0,0.0,0.7567242633694322,0.0,0.3997693416312046,0.3893221944489928,0.0355044442684928,0.0,0.0,0.0,0.0,0.0,0.0,0.0,0.0,0.0,0.0,0.0,0.0,0.0,0.0,0.0,0.0,0.0,0.0,0.0,0.0,0.0,0.0,0.0,0.0,0.0,0.0,0.0,0.0,0.0,0.0,0.0,0.0,0.0,0.0,0.0,0.0,0.0,0.0,0.0,0.0,0.0,0.0,0.0,0.0,0.0,0.0,0.0,0.0,0.0,0.0,0.0,0.0,0.0,0.0,0.0
0.15793578015827409,0.12123362540453886,0.07743026406061754,0.06869986327568753,0.09468870383973223,0.13249423855225748,0.08026183415639325,0.0,0.0,0.0207575896894463,0.012252570223919856,0.0,0.0,0.0,0.08087317187569457,0.0,0.0,0.0,0.3056210900413447,0.21596428558562256,0.0,0.0,0.5479790959344818,0.7344805035667255,0.5430307554739646,0.31206168543158275,0.0,1.0,0.0,0.7567268193701493,0.0,0.0,0.0,0.0,0.0,0.0,0.0,0.0,0.0,0.0,0.0,0.03549778743377692,0.38931671965799625,0.3997552763451872,0.0,0.0,0.0,0.0,0.0,0.0,0.0,0.0,0.0,0.0,0.0,0.0,0.0,0.0,0.0,0.0,0.0,0.0,0.0,0.0,0.0,0.0,0.0,0.0,0.0,0.0,0.0,0.0,0.0,0.0,0.0,0.0,0.0,0.0,0.0,0.0,0.0,0.0,0.0,0.0,0.0,0.0,0.0,0.0
0.0716292211549451,0.32376898085680866,0.4912086307757063,0.31986942907060556,0.07804882717134955,0.0,0.0,0.0,0.0,0.0,0.0,0.0,0.0,0.0,0.0,0.0,0.0,0.0,0.006908436857683563,0.03607004175184023,0.0,0.0,0.0,0.0,0.0,0.01755122663009536,0.7567242633694322,0.0,1.0,0.0,0.23315056628027103,0.22325245494818174,0.0,0.0,0.0,0.0,0.0,0.0,0.0,0.0,0.0,0.0,0.0,0.0,0.0,0.0,0.0,0.0,0.0,0.0,0.0,0.0,0.0,0.0,0.0,0.0,0.0,0.0,0.0,0.0,0.0,0.0,0.0,0.0,0.0,0.0,0.0,0.0,0.0,0.0,0.0,0.0,0.0,0.0,0.0,0.0,0.0,0.0,0.0,0.0,0.0,0.0,0.0,0.0,0.0,0.0,0.0,0.0
0.007037028930726071,0.0,0.0,0.0,0.017956999447769278,0.036350313861772184,0.0,0.0,0.0,0.0,0.0,0.0,0.0,0.0,0.0,0.0,0.0,0.0,0.07163054717238745,0.0,0.0,0.0,0.32376700413947385,0.4912089323153027,0.31987265354694283,0.07804658397873089,0.0,0.7567268193701493,0.0,1.0,0.0,0.0,0.0,0.0,0.0,0.0,0.0,0.0,0.0,0.0,0.0,0.0,0.2232527859951107,0.233132360913801,0.0,0.0,0.0,0.0,0.0,0.0,0.0,0.0,0.0,0.0,0.0,0.0,0.0,0.0,0.0,0.0,0.0,0.0,0.0,0.0,0.0,0.0,0.0,0.0,0.0,0.0,0.0,0.0,0.0,0.0,0.0,0.0,0.0,0.0,0.0,0.0,0.0,0.0,0.0,0.0,0.0,0.0,0.0,0.0
0.48600716103091496,0.6868673375467472,0.49269962262455547,0.2561544850058853,0.17054021909979206,0.2543400221242425,0.3759229533439903,0.1242823139595438,0.0,0.031568599598459944,0.37538993253344105,0.1508332348349214,0.0,0.0,0.42463161792277687,0.27063548520181513,0.09334821525475073,0.03745191169882017,0.3981671645644977,0.272059499970102,0.1751988678289683,0.16878844148754796,0.2902204796660468,0.11980481488405173,0.04270177515630027,0.10795693817111371,0.3997693416312046,0.0,0.23315056628027103,0.0,1.0,0.0,0.0,0.0,0.0,0.0,0.0,0.0,0.0,0.0,0.0,0.0,0.0,0.16702835518119347,0.0,0.0,0.0,0.0,0.0,0.0,0.0,0.0,0.0,0.0,0.0,0.0,0.0,0.0,0.0,0.0,0.0,0.0,0.0,0.0,0.0,0.0,0.0,0.0,0.0,0.0,0.0,0.0,0.0,0.0,0.0,0.0,0.0,0.0,0.0,0.0,0.0,0.0,0.0,0.0,0.0,0.0,0.0,0.0
0.15870273717220001,0.25472597609101466,0.4850369806989611,0.6862570519431528,0.4894699663350609,0.25294375236285305,0.0,0.0,0.0,0.033108920729518106,0.0,0.0,0.0,0.0,0.0,0.0,0.0,0.0,0.0,0.0,0.0,0.0,0.0,0.0,0.0,0.0,0.3893221944489928,0.0,0.22325245494818174,0.0,0.0,1.0,0.4066966509274187,0.0,0.0,0.0,0.0,0.0,0.0,0.0,0.0,0.0,0.0,0.0,0.0,0.0,0.0,0.0,0.0,0.0,0.0,0.0,0.0,0.0,0.0,0.0,0.0,0.0,0.0,0.0,0.0,0.0,0.0,0.0,0.0,0.0,0.0,0.0,0.0,0.0,0.0,0.0,0.0,0.0,0.0,0.0,0.0,0.0,0.0,0.0,0.0,0.0,0.0,0.0,0.0,0.0,0.0,0.0
0.25014559101547806,0.16941882671750944,0.25811625681322764,0.49147456988902655,0.6859257191315605,0.4874632838791821,0.025477344084497935,0.0,0.14187982756007445,0.39210837954383354,0.0,0.0,0.0,0.0,0.0,0.0,0.0,0.0,0.0,0.0,0.0,0.0,0.0,0.0,0.0,0.0,0.0355044442684928,0.0,0.0,0.0,0.0,0.4066966509274187,1.0,0.41912553704508654,0.0,0.0,0.0,0.0,0.0,0.0,0.0,0.0,0.0,0.0,0.0,0.0,0.0,0.0,0.0,0.0,0.0,0.0,0.0,0.0,0.0,0.0,0.0,0.0,0.0,0.0,0.0,0.0,0.0,0.0,0.0,0.0,0.0,0.0,0.0,0.0,0.0,0.0,0.0,0.0,0.0,0.0,0.0,0.0,0.0,0.0,0.0,0.0,0.0,0.0,0.0,0.0,0.0,0.0
0.24827169966445878,0.03585875346641976,0.0,0.13648098505398798,0.39004330288475875,0.4848294349472623,0.15642542680989527,0.2524101522983524,0.49192257499103553,0.6859441755499883,0.0,0.0,0.0,0.03564585120928926,0.0,0.0,0.0,0.0,0.0,0.0,0.0,0.0,0.0,0.0,0.0,0.0,0.0,0.0,0.0,0.0,0.0,0.0,0.41912553704508654,1.0,0.4086768458840033,0.0,0.0,0.0,0.0,0.0,0.0,0.0,0.0,0.0,0.0,0.0,0.0,0.0,0.0,0.0,0.0,0.0,0.0,0.0,0.0,0.0,0.0,0.0,0.0,0.0,0.0,0.0,0.0,0.0,0.0,0.0,0.0,0.0,0.0,0.0,0.0,0.0,0.0,0.0,0.0,0.0,0.0,0.0,0.0,0.0,0.0,0.0,0.0,0.0,0.0,0.0,0.0,0.0
0.16324994448749194,0.0,0.0,0.0,0.037845253989004776,0.25591236962324027,0.24992520566323917,0.4859552344781378,0.6858581575406585,0.49262218282381165,0.03131502186337061,0.0,0.1425364995415493,0.39421317673038403,0.0,0.0,0.0,0.0,0.0,0.0,0.0,0.0,0.0,0.0,0.0,0.0,0.0,0.0,0.0,0.0,0.0,0.0,0.0,0.4086768458840033,1.0,0.42564564078104805,0.0,0.0,0.0,0.0,0.0,0.0,0.0,0.0,0.0,0.0,0.0,0.0,0.0,0.0,0.0,0.0,0.0,0.0,0.0,0.0,0.0,0.0,0.0,0.0,0.0,0.0,0.0,0.0,0.0,0.0,0.0,0.0,0.0,0.0,0.0,0.0,0.0,0.0,0.0,0.0,0.0,0.0,0.0,0.0,0.0,0.0,0.0,0.0,0.0,0.0,0.0,0.0
0.034560355240727224,0.0,0.0,0.0,0.0,0.0,0.24982479087827222,0.48571879951055125,0.3931633067449718,0.14238169346930435,0.16109702862915493,0.2546570266784189,0.49137839147551404,0.685914361354089,0.0,0.0,0.0,0.03534953741028244,0.0,0.0,0.0,0.0,0.0,0.0,0.0,0.0,0.0,0.0,0.0,0.0,0.0,0.0,0.0,0.0,0.42564564078104805,1.0,0.4065244110003328,0.0,0.0,0.0,0.0,0.0,0.0,0.0,0.0,0.0,0.0,0.0,0.0,0.0,0.0,0.0,0.0,0.0,0.0,0.0,0.0,0.0,0.0,0.0,0.0,0.0,0.0,0.0,0.0,0.0,0.0,0.0,0.0,0.0,0.0,0.0,0.0,0.0,0.0,0.0,0.0,0.0,0.0,0.0,0.0,0.0,0.0,0.0,0.0,0.0,0.0,0.0
0.0,0.0,0.0,0.0,0.0,0.0,0.16284482263114855,0.2557684215582173,0.0365765531980325,0.0,0.2491412800941646,0.48622212433654005,0.6858858203803067,0.4914705259783288,0.035394270942561666,0.0,0.14154163030614472,0.3933473177013907,0.0,0.0,0.0,0.0,0.0,0.0,0.0,0.0,0.0,0.0,0.0,0.0,0.0,0.0,0.0,0.0,0.0,0.4065244110003328,1.0,0.42404291608049866,0.0,0.0,0.0,0.0,0.0,0.0,0.0,0.0,0.0,0.0,0.0,0.0,0.0,0.0,0.0,0.0,0.0,0.0,0.0,0.0,0.0,0.0,0.0,0.0,0.0,0.0,0.0,0.0,0.0,0.0,0.0,0.0,0.0,0.0,0.0,0.0,0.0,0.0,0.0,0.0,0.0,0.0,0.0,0.0,0.0,0.0,0.0,0.0,0.0,0.0
0.0,0.0,0.0,0.0,0.0,0.0,0.03538167116279218,0.0,0.0,0.0,0.2491372974845278,0.4862174894841761,0.3933386876211751,0.14153258457480314,0.16284043465611692,0.2557678600530439,0.4914712510788129,0.68588350366898,0.0,0.0,0.0,0.036578076269583516,0.0,0.0,0.0,0.0,0.0,0.0,0.0,0.0,0.0,0.0,0.0,0.0,0.0,0.0,0.42404291608049866,1.0,0.40653551783707736,0.0,0.0,0.0,0.0,0.0,0.0,0.0,0.0,0.0,0.0,0.0,0.0,0.0,0.0,0.0,0.0,0.0,0.0,0.0,0.0,0.0,0.0,0.0,0.0,0.0,0.0,0.0,0.0,0.0,0.0,0.0,0.0,0.0,0.014088512914600884,0.0,0.0,0.0,0.0,0.0,0.0,0.0,0.0,0.0,0.0,0.0,0.0,0.0,0.0,0.0
0.0,0.0,0.0,0.0,0.0,0.0,0.0,0.0,0.0,0.0,0.16110024519973223,0.25466145112178384,0.035351250416980576,0.0,0.2498194571028669,0.48571564616410096,0.685914137600028,0.4913811294603794,0.03455907810677834,0.0,0.14237956793802561,0.39315499681129185,0.0,0.0,0.0,0.0,0.0,0.0,0.0,0.0,0.0,0.0,0.0,0.0,0.0,0.0,0.0,0.40653551783707736,1.0,0.425628283670228,0.0,0.0,0.0,0.0,0.0,0.0,0.1684090851322293,0.312379379140603,0.1635097387275812,0.0,0.0,0.0,0.0,0.0,0.0,0.0,0.0,0.0,0.0,0.0,0.0,0.0,0.0,0.0,0.0,0.0,0.0,0.0,0.0,0.0,0.14612138937554991,0.0,0.011327294601798193,0.0,0.0,0.2809143084609645,0.0020453266903074628,0.0,0.0,0.0,0.0,0.0,0.0,0.0,0.0,0.0,0.0,0.0
0.0,0.0,0.0,0.0,0.0,0.0,0.0,0.0,0.0,0.0,0.0313144316052604,0.0,0.0,0.0,0.2499224078207668,0.4859539977472501,0.39420605732079317,0.14253004555244086,0.16324446448095878,0.2559125741643663,0.49262413030361357,0.6858586646018636,0.0,0.0,0.0,0.0378471985757629,0.0,0.0,0.0,0.0,0.0,0.0,0.0,0.0,0.0,0.0,0.0,0.0,0.425628283670228,1.0,0.40868027443839844,0.0,0.0,0.0,0.18658071473609797,0.18486817363904243,0.29442469858074666,0.4319170554352723,0.45780619817790885,0.33218017295097124,0.0,0.0,0.0,0.18566665981696087,0.0,0.0,0.0,0.0,0.0,0.0,0.0,0.0,0.0,0.0,0.0,0.0,0.0,0.0,0.0,0.0,0.10406751879308743,0.0,0.0,0.0,0.0,0.22143460079388091,0.2693697785730944,0.012506118121832633,0.0,0.0,0.0,0.0,0.0,0.0,0.0,0.0,0.0,0.0
0.0,0.0,0.0,0.0,0.0,0.0,0.0,0.0,0.0,0.0,0.0,0.0,0.0,0.0,0.15642440682345643,0.2524096055057575,0.035646248287701715,0.0,0.24826699362912188,0.48482634822594173,0.6859434865205477,0.4919247820703468,0.03585105509479876,0.0,0.1364694885136781,0.39003481057468103,0.0,0.0,0.0,0.0,0.0,0.0,0.0,0.0,0.0,0.0,0.0,0.0,0.0,0.40868027443839844,1.0,0.41911449037027626,0.0,0.0,0.37288810654543847,0.26338236957475725,0.1614221358839161,0.15357407923562574,0.26284898906160015,0.3900787704408657,0.27869858383922036,0.2812758378382263,0.2972413304286617,0.3341317236426874,0.04257595694169605,0.0,0.0,0.09689705628433196,0.0,0.0,0.0,0.0,0.0,0.0,0.0,0.0,0.0,0.0,0.0,0.0,0.0,0.0,0.0,0.0,0.0,0.0,0.0,0.055481245006611835,0.0026959051747405117,0.0,0.0,0.0,0.0,0.0,0.0,0.0,0.0,0.0
0.0,0.0,0.0,0.0,0.0,0.0,0.0,0.0,0.0,0.0,0.0,0.0,0.0,0.0,0.025477455077242805,0.0,0.0,0.0,0.25014481350807394,0.48746170533237215,0.39210324995513535,0.14188154767737357,0.1694185034114421,0.2581114129734773,0.4914710178977506,0.6859250623420763,0.0,0.03549778743377692,0.0,0.0,0.0,0.0,0.0,0.0,0.0,0.0,0.0,0.0,0.0,0.0,0.41911449037027626,1.0,0.40669536210782886,0.0,0.1835442173565191,0.10802147510205472,0.0,0.0,0.0,0.02532690688741482,0.2728112769343451,0.2530003585887944,0.08270321739224964,0.0,0.21509066875950014,0.2519342313389382,0.25747963069762775,0.23480977665715275,0.0,0.0,0.0,0.10135710840256754,0.0,0.0,0.0,0.0,0.0,0.0,0.0,0.0,0.0,0.0,0.0,0.0,0.0,0.0,0.0,0.0,0.0,0.0,0.0,0.0,0.0,0.0,0.0,0.0,0.0,0.0
0.0,0.0,0.0,0.0,0.0,0.0,0.0,0.0,0.0,0.0,0.0,0.0,0.0,0.0,0.0,0.0,0.0,0.0,0.15870093766934348,0.25293799979757103,0.033100461828726925,0.0,0.254723339045421,0.48502991266665046,0.6862528676821149,0.4894679615819275,0.0,0.38931671965799625,0.0,0.2232527859951107,0.0,0.0,0.0,0.0,0.0,0.0,0.0,0.0,0.0,0.0,0.0,0.40669536210782886,1.0,0.0,0.0,0.0,0.0,0.0,0.0,0.0,0.0,0.0,0.0,0.0,0.00956959626632666,0.127542911750106,0.03360753514025469,0.0,0.0,0.0,0.10662258012190685,0.1805561634284442,0.0,0.0,0.0,0.0,0.0,0.0,0.0,0.0,0.0,0.0,0.0,0.0,0.0,0.0,0.0,0.0,0.0,0.0,0.0,0.022310984753222216,0.0,0.0,0.0,0.0,0.0,0.0
0.3983503897780196,0.2903317104543766,0.11997303641876204,0.04296422184196305,0.10825393894147556,0.27231918765813096,0.4247718921627954,0.27078793323211986,0.1689848717880022,0.17544004591562615,0.37545537444029475,0.15089440002477536,0.03754334816204418,0.09346968418541278,0.3759542208738463,0.1242979310701995,0.0,0.0,0.4860179248394981,0.25434119452582926,0.031568915908103935,0.0,0.6868658822196682,0.49269483840217515,0.2561516285185137,0.17053903660930325,0.0,0.3997552763451872,0.0,0.233132360913801,0.16702835518119347,0.0,0.0,0.0,0.0,0.0,0.0,0.0,0.0,0.0,0.0,0.0,0.0,1.0,0.0,0.0,0.0,0.0,0.0,0.0,0.0,0.0,0.0,0.0,0.0,0.0,0.0,0.0,0.0,0.0,0.0,0.0,0.0,0.0,0.0,0.0,0.0,0.0,0.0,0.0,0.0,0.0,0.0,0.0,0.0,0.0,0.0,0.0,0.0,0.0,0.0,0.0,0.0,0.0,0.0,0.0,0.0,0.0
0.0,0.0,0.0,0.0,0.0,0.0,0.0,0.0,0.0,0.0,0.0,0.0,0.0,0.0,0.0,0.08321126045535217,0.0,0.0,0.059821001225041776,0.235436551498751,0.3423312781128092,0.2634984650441999,0.0,0.0,0.026914908242772862,0.2046160986457732,0.0,0.0,0.0,0.0,0.0,0.0,0.0,0.0,0.0,0.0,0.0,0.0,0.0,0.18658071473609797,0.37288810654543847,0.1835442173565191,0.0,0.0,1.0,0.7383166801283008,0.5469819032007214,0.47239606343452145,0.5435399703376855,0.7350238114244281,0.7298229345345313,0.5455531163351027,0.4771884510350094,0.5420743353750281,0.5221553710170644,0.2988438049890285,0.21485835711042048,0.3048904159434598,0.4077800147404605,0.17138388879014074,0.03826216324089629,0.0837865022249946,0.383870972231227,0.1615891232797742,0.0,0.0,0.431602480467439,0.24916747000702968,0.06569687224930827,0.031940606881368794,0.30562076791079784,0.15793578015827425,0.07162922115494477,0.007037028930726071,0.48600716103091496,0.1587027371722001,0.2501455910154782,0.24827169966445878,0.16324994448749186,0.0345603552407269,0.0,0.0,0.0,0.0,0.0,0.0,0.0,0.39835038977801973
0.0,0.0,0.0,0.0,0.0,0.0,0.0,0.0,0.0,0.0,0.0,0.0,0.0,0.0,0.10517369063587964,0.1892494374718499,0.06520471499889995,0.0,0.17196582196706872,0.27992475035757575,0.33657103907184105,0.2989379072665055,0.04511073556808066,0.0,0.07085858271948976,0.2115092144568499,0.0,0.0,0.0,0.0,0.0,0.0,0.0,0.0,0.0,0.0,0.0,0.0,0.0,0.18486817363904243,0.26338236957475725,0.10802147510205472,0.0,0.0,0.7383166801283008,1.0,0.7425848190720138,0.548583948311672,0.48344875675561,0.5500790121558288,0.5328079906858321,0.3053586612293993,0.21894314143164548,0.3080502684057208,0.43173958485716024,0.19354338026940054,0.05025253127721581,0.08935781284741105,0.4207020816048433,0.22138176029764894,0.05098103525842916,0.032745831895620484,0.43153135531151393,0.27447774495850663,0.13007715671992276,0.10333982470867836,0.41283639168403496,0.26255334433917465,0.14582177321924786,0.15235276290080454,0.5479811432983256,0.12123362540453902,0.3237689808568086,0.0,0.6868673375467472,0.25472597609101477,0.1694188267175096,0.03585875346641976,0.0,0.0,0.0,0.0,0.0,0.0,0.0,0.0,0.0,0.2903317104543768
0.0,0.0,0.0,0.0,0.0,0.0,0.0,0.0,0.0,0.0,0.0,0.0,0.0,0.0,0.17193679117936178,0.2967524652617702,0.23896770489690558,0.09431138804907527,0.15852607741582542,0.2107178550744664,0.2994845652656935,0.35688888436734806,0.004488824000873894,0.0,0.0,0.07263934116807792,0.0,0.0,0.0,0.0,0.0,0.0,0.0,0.0,0.0,0.0,0.0,0.0,0.1684090851322293,0.29442469858074666,0.1614221358839161,0.0,0.0,0.0,0.5469819032007214,0.7425848190720138,1.0,0.7375077091927642,0.5546050492462206,0.48132295916581036,0.29710087732796214,0.09638543989916004,0.06677027739948875,0.2178963828932726,0.17507467121854495,0.0,0.0,0.0,0.18613031297871388,0.00012604286629311242,0.0,0.0,0.249140923119173,0.1457724537637931,0.0,0.0,0.26261729081779284,0.1866266529679588,0.10363936609997278,0.08566957574973445,0.7344828023083487,0.07743026406061754,0.4912086307757063,0.0,0.49269962262455547,0.4850369806989611,0.2581162568132277,0.0,0.0,0.0,0.0,0.0,0.0,0.0,0.0,0.0,0.0,0.11997303641876204
0.0,0.0,0.0,0.0,0.0,0.0,0.0,0.0,0.0,0.0,0.0,0.0,0.0,0.0,0.09423391198652557,0.2877619295963572,0.2822222763248215,0.10373059342092011,0.034572184722516906,0.1058923988750743,0.2682710316603039,0.38208016330539063,0.0,0.0,0.0,0.0,0.0,0.0,0.0,0.0,0.0,0.0,0.0,0.0,0.0,0.0,0.0,0.0,0.312379379140603,0.4319170554352723,0.15357407923562574,0.0,0.0,0.0,0.47239606343452145,0.548583948311672,0.7375077091927642,1.0,0.7454834550141458,0.5489939025337743,0.20230142829495154,0.05774855581102956,0.10367609527311947,0.30906199828407765,0.019932504382278858,0.0,0.0,0.0,0.0,0.0,0.0,0.0,0.06574885555845901,0.0,0.0,0.0,0.1459881948138593,0.10377561114514554,0.0,0.0,0.5430314722767056,0.06869986327568753,0.3198694290706055,0.0,0.25615448500588534,0.6862570519431527,0.49147456988902655,0.13648098505398815,0.0,0.0,0.0,0.0,0.0,0.0,0.0,0.0,0.0,0.04296422184196322
0.0,0.0,0.0,0.0,0.0,0.0,0.0,0.0,0.0,0.0,0.0,0.0,0.0,0.0,0.0,0.18558845151094186,0.14526103005731456,0.0,0.0,0.08065280728488912,0.2862530846000075,0.35871873464955195,0.0,0.0,0.0,0.0,0.0,0.0,0.0,0.0,0.0,0.0,0.0,0.0,0.0,0.0,0.0,0.0,0.1635097387275812,0.45780619817790885,0.26284898906160015,0.0,0.0,0.0,0.5435399703376855,0.48344875675561,0.5546050492462206,0.7454834550141458,1.0,0.7375436119286911,0.29730839763904915,0.2149363273065105,0.3141963666806118,0.5428853673924561,0.06690943458060246,0.0,0.0,0.0,0.0,0.0,0.0,0.0,0.032017859345679786,0.0,0.0,0.0,0.15254825263108865,0.08584995781756187,0.0,0.0,0.3120669324512322,0.09468870383973223,0.07804882717134955,0.017956999447769278,0.17054021909979206,0.4894699663350609,0.6859257191315605,0.3900433028847588,0.037845253989004776,0.0,0.0,0.0,0.0,0.0,0.0,0.0,0.0,0.10825393894147556
0.0,0.0,0.0,0.0,0.0,0.0,0.0,0.0,0.0,0.0,0.0,0.0,0.0,0.0,0.0,0.09346908932415984,0.0,0.0,0.0,0.14481329270827425,0.3293892343035569,0.30524247645212815,0.0,0.0,0.0,0.06901357742674855,0.0,0.0,0.0,0.0,0.0,0.0,0.0,0.0,0.0,0.0,0.0,0.0,0.0,0.33218017295097124,0.3900787704408657,0.02532690688741482,0.0,0.0,0.7350238114244281,0.5500790121558288,0.48132295916581036,0.5489939025337743,0.7375436119286911,1.0,0.5375654503898808,0.4766003421706853,0.5524505425474752,0.735486863294439,0.2858640647024794,0.08633427590004437,0.060573765343601225,0.21505824230231077,0.1534926064758099,0.0,0.0,0.0,0.16164144965803484,0.0,0.0,0.0,0.27462649612263074,0.1458953354613017,0.0,0.0,0.21597346564485304,0.13249423855225748,0.0,0.036350313861772184,0.25434002212424234,0.2529437523628531,0.48746328387918225,0.4848294349472623,0.25591236962324015,0.0,0.0,0.0,0.0,0.0,0.0,0.0,0.0,0.272319187658131
0.0,0.0,0.0,0.0,0.0,0.0,0.0,0.0,0.0,0.0,0.0,0.0,0.0,0.0,0.0,0.0,0.0,0.0,0.0,0.16846870965474137,0.2296781662175291,0.08459765145784397,0.0,0.0,0.07240402957429805,0.225667203049426,0.0,0.0,0.0,0.0,0.0,0.0,0.0,0.0,0.0,0.0,0.0,0.0,0.0,0.0,0.27869858383922036,0.2728112769343451,0.0,0.0,0.7298229345345313,0.5328079906858321,0.29710087732796214,0.20230142829495154,0.29730839763904915,0.5375654503898808,1.0,0.7368556441552222,0.5418899757557142,0.4701977828050505,0.7308224609221028,0.5451754688569153,0.47641507673772904,0.5430568378109102,0.5198449848397152,0.29350584559334947,0.2118261090068523,0.30479670730734215,0.40779423446283514,0.15348042429985548,0.017329618568779327,0.07139913627585674,0.42076303013421734,0.18617180054726204,0.0,0.0,0.08086058380867141,0.08026183415639308,0.0,0.0,0.3759229533439903,0.0,0.0254773440844981,0.15642542680989527,0.2499252056632391,0.24982479087827214,0.16284482263114855,0.03538167116279218,0.0,0.0,0.0,0.0,0.0,0.4247718921627954
