1.0,0.7383166801283009,0.5469819032007213,0.4723960634345215,0.5435399703376856,0.735023811424428,0.7298229345345311,0.5455531163351027,0.47718845103500923,0.5420743353750281,0.5221553710170642,0.29884380498902824,0.21485835711042015,0.30489041594345945,0.4077800147404602,0.17138388879014058,0.03826216324089629,0.08378650222499444,0.38387097223122707,0.1615891232797742,0.0,0.0,0.43160248046743904,0.24916747000702985,0.06569687224930827,0.031940606881368794,0.305620767910798,0.15793578015827442,0.07162922115494494,0.0070370289307263995,0.4860071610309151,0.15870273717220026,0.25014559101547834,0.24827169966445878,0.16324994448749178,0.034560355240727064,0.0,0.0,0.0,0.0,0.0,0.0,0.0,0.39835038977801973,0.0,0.0,0.0,0.0,0.0,0.0,0.0,0.0,0.0,0.0,0.0,0.0,0.0,0.0,0.0,0.0,0.0,0.0,0.0,0.0,0.0,0.0,0.0,0.0,0.0,0.0,0.0,0.0,0.0,0.0,0.0,0.0,0.0,0.0,0.0,0.0,0.0,0.0,0.0,0.0,0.0,0.0,0.0,0.0
0.7383166801283009,1.0,0.7425848190720135,0.548583948311672,0.4834487567556099,0.5500790121558288,0.5328079906858321,0.3053586612293995,0.21894314143164548,0.3080502684057208,0.4317395848571601,0.19354338026940054,0.05025253127721581,0.08935781284741105,0.42070208160484324,0.22138176029764878,0.05098103525842933,0.032745831895620484,0.43153135531151393,0.27447774495850646,0.1300771567199226,0.10333982470867853,0.4128363916840348,0.2625533443391745,0.1458217732192477,0.1523527629008042,0.5479811432983256,0.12123362540453902,0.32376898085680844,0.0,0.6868673375467472,0.25472597609101466,0.16941882671750952,0.03585875346641976,0.0,0.0,0.0,0.0,0.0,0.0,0.0,0.0,0.0,0.29033171045437667,0.0,0.0,0.0,0.0,0.0,0.0,0.0,0.0,0.0,0.0,0.0,0.0,0.0,0.0,0.0,0.0,0.0,0.0,0.0,0.0,0.0,0.0,0.0,0.0,0.0,0.0,0.0,0.0,0.0,0.0,0.0,0.0,0.0,0.0,0.0,0.0,0.0,0.0,0.0,0.0,0.0,0.0,0.0,0.0
0.5469819032007213,0.7425848190720135,1.0,0.7375077091927643,0.5546050492462206,0.48132295916581036,0.29710087732796187,0.09638543989916004,0.06677027739948843,0.21789638289327243,0.17507467121854461,0.0,0.0,0.0,0.1861303129787137,0.00012604286629278348,0.0,0.0,0.249140923119173,0.14577245376379294,0.0,0.0,0.26261729081779267,0.1866266529679585,0.10363936609997278,0.08566957574973429,0.7344828023083488,0.07743026406061754,0.4912086307757063,0.0,0.4926996226245553,0.4850369806989613,0.2581162568132277,0.0,0.0,0.0,0.0,0.0,0.0,0.0,0.0,0.0,0.0,0.11997303641876204,0.0,0.0,0.0,0.016924377825096367,0.007223178858451329,0.0,0.0,0.0,0.0,0.0,0.0,0.0,0.0,0.0,0.0,0.0,0.0,0.0,0.0,0.0,0.0,0.0,0.0,0.0,0.0,0.0,0.0,0.0,0.0,0.0,0.0,0.05673444272101607,0.03943490146605752,0.0,0.0,0.0,0.0,0.0,0.0,0.0,0.0,0.0,0.0,0.0
0.4723960634345215,0.548583948311672,0.7375077091927643,1.0,0.7454834550141458,0.5489939025337746,0.20230142829495154,0.05774855581102972,0.1036760952731193,0.30906199828407754,0.019932504382278695,0.0,0.0,0.0,0.0,0.0,0.0,0.0,0.06574885555845918,0.0,0.0,0.0,0.1459881948138593,0.1037756111451452,0.0,0.0,0.5430314722767056,0.06869986327568785,0.3198694290706055,0.0,0.25615448500588534,0.6862570519431527,0.49147456988902655,0.13648098505398798,0.0,0.0,0.0,0.0,0.0,0.0,0.0,0.0,0.0,0.042964221841963385,0.0,0.0,0.0,0.0,0.04889981246425943,0.0,0.0,0.0,0.0,0.0,0.0,0.0,0.0,0.0,0.0,0.0,0.0,0.0,0.0,0.0,0.0,0.0,0.0,0.0,0.0,0.0,0.0,0.0,0.0,0.0,0.0,0.0,0.11396466024278684,0.0,0.0,0.0,0.0,0.0,0.0,0.0,0.0,0.0,0.0,0.0
0.5435399703376856,0.4834487567556099,0.5546050492462206,0.7454834550141458,1.0,0.7375436119286912,0.297308397639049,0.21493632730651066,0.3141963666806117,0.5428853673924559,0.0669094345806023,0.0,0.0,0.0,0.0,0.0,0.0,0.0,0.03201785934567995,0.0,0.0,0.0,0.15254825263108848,0.0858499578175617,0.0,0.0,0.3120669324512322,0.09468870383973223,0.07804882717134955,0.017956999447769278,0.17054021909979214,0.4894699663350609,0.6859257191315605,0.39004330288475875,0.03784525398900462,0.0,0.0,0.0,0.0,0.0,0.0,0.0,0.0,0.10825393894147572,0.0,0.0,0.0,0.0,0.0,0.0,0.0,0.0,0.0,0.0,0.0,0.0,0.0,0.0,0.0,0.0,0.0,0.0,0.0,0.0,0.0,0.0,0.0,0.0,0.0,0.0,0.0,0.0,0.0,0.0,0.0,0.0,0.0,0.0,0.0,0.0,0.0,0.0,0.0,0.0,0.0,0.0,0.0,0.0
0.735023811424428,0.5500790121558288,0.48132295916581036,0.5489939025337746,0.7375436119286912,1.0,0.5375654503898805,0.4766003421706852,0.5524505425474749,0.7354868632944389,0.28586406470247905,0.08633427590004406,0.06057376534360073,0.21505824230231047,0.15349260647580973,0.0,0.0,0.0,0.16164144965803484,0.0,0.0,0.0,0.2746264961226307,0.14589533546130154,0.0,0.0,0.21597346564485337,0.13249423855225764,0.0,0.03635031386177234,0.2543400221242425,0.25294375236285327,0.4874632838791824,0.4848294349472623,0.25591236962323993,0.0,0.0,0.0,0.0,0.0,0.0,0.0,0.0,0.27231918765813096,0.0,0.0,0.0,0.0,0.0,0.0,0.0,0.0,0.0,0.0,0.0,0.0,0.0,0.0,0.0,0.0,0.0,0.0,0.0,0.0,0.0,0.0,0.0,0.0,0.0,0.0,0.0,0.0,0.0,0.0,0.0,0.0,0.0,0.0,0.0,0.0,0.0,0.0,0.0,0.0,0.0,0.0,0.0,0.0
0.7298229345345311,0.5328079906858321,0.29710087732796187,0.20230142829495154,0.297308397639049,0.5375654503898805,1.0,0.7368556441552224,0.5418899757557142,0.4701977828050505,0.7308224609221027,0.5451754688569153,0.47641507673772904,0.5430568378109102,0.519844984839715,0.2935058455933493,0.2118261090068523,0.3047967073073421,0.4077942344628349,0.1534804242998553,0.01732961856877916,0.07139913627585674,0.4207630301342173,0.18617180054726187,0.0,0.0,0.08086058380867157,0.08026183415639308,0.0,0.0,0.3759229533439904,0.0,0.0254773440844981,0.15642542680989535,0.24992520566323925,0.24982479087827247,0.16284482263114855,0.03538167116279251,0.0,0.0,0.0,0.0,0.0,0.42477189216279515,0.0,0.0,0.0,0.0,0.0,0.0,0.0,0.0,0.0,0.0,0.0,0.0,0.0,0.0,0.0,0.0,0.0,0.0,0.0,0.0,0.0,0.0,0.0,0.0,0.0,0.0,0.0,0.0,0.0,0.0,0.0,0.0,0.0,0.0,0.0,0.0,0.0,0.0,0.0,0.0,0.0,0.0,0.0,0.0
0.5455531163351027,0.3053586612293995,0.09638543989916004,0.05774855581102972,0.21493632730651066,0.4766003421706852,0.7368556441552224,1.0,0.7348722843267665,0.5487943144758926,0.5433931727868255,0.47900280473634055,0.5523401256617654,0.7361489869998334,0.2935152593811159,0.08717852334317128,0.05937182477986045,0.2159707053868952,0.17142006720850408,0.0,0.0,0.0,0.22146997629543508,0.0002147612135560016,0.0,0.0,0.0,0.0,0.0,0.0,0.12428231395954395,0.0,0.0,0.2524101522983526,0.48595523447813793,0.48571879951055125,0.2557684215582171,0.0,0.0,0.0,0.0,0.0,0.0,0.2707879332321198,0.0,0.0,0.0,0.0,0.0,0.0,0.0,0.0,0.0,0.0,0.0,0.0,0.0,0.0,0.0,0.0,0.0,0.0,0.0,0.0,0.0,0.0,0.0,0.0,0.0,0.0,0.0,0.0,0.0,0.0,0.0,0.0,0.0,0.0,0.0,0.0,0.0,0.0,0.0,0.0,0.0,0.0,0.0,0.0
0.47718845103500923,0.21894314143164548,0.06677027739948843,0.1036760952731193,0.3141963666806117,0.5524505425474749,0.5418899757557142,0.7348722843267665,1.0,0.747907514793004,0.29988337665459774,0.21396307828795502,0.3124289815625369,0.5431664985113954,0.07141783607378085,0.0,0.0,0.0,0.0,0.0,0.0,0.0,0.10346303096729352,0.0,0.0,0.0,0.0,0.0,0.0,0.0,0.0,0.0,0.14187982756007445,0.4919225749910354,0.6858581575406585,0.39316330674497196,0.0365765531980325,0.0,0.0,0.0,0.0,0.0,0.0,0.1689848717880022,0.0,0.0,0.0,0.0,0.0,0.0,0.0,0.0,0.0,0.0,0.0,0.0,0.0,0.0,0.0,0.0,0.0,0.0,0.0,0.0,0.0,0.0,0.0,0.0,0.0,0.0,0.0,0.0,0.0,0.0,0.0,0.0,0.0,0.0,0.0,0.0,0.0,0.0,0.0,0.0,0.0,0.0,0.0,0.0
0.5420743353750281,0.3080502684057208,0.21789638289327243,0.30906199828407754,0.5428853673924559,0.7354868632944389,0.4701977828050505,0.5487943144758926,0.747907514793004,1.0,0.20244974386757741,0.05571732736184847,0.10310819131572785,0.3114704722707417,0.017350238627841363,0.0,0.0,0.0,0.0,0.0,0.0,0.0,0.13022664014583513,0.0,0.0,0.0,0.0,0.0207575896894463,0.0,0.0,0.031568599598459944,0.033108920729518106,0.39210837954383354,0.6859441755499883,0.49262218282381165,0.14238169346930452,0.0,0.0,0.0,0.0,0.0,0.0,0.0,0.17544004591562615,0.0,0.0,0.0,0.0,0.0,0.0,0.0,0.0,0.0,0.0,0.0,0.0,0.0,0.0,0.0,0.0,0.0,0.0,0.0,0.0,0.0,0.0,0.0,0.0,0.0,0.0,0.0,0.0,0.0,0.0,0.0,0.0,0.0,0.0,0.0,0.0,0.0,0.0,0.0,0.0,0.0,0.0,0.0,0.0
0.5221553710170642,0.4317395848571601,0.17507467121854461,0.019932504382278695,0.0669094345806023,0.28586406470247905,0.7308224609221027,0.5433931727868255,0.29988337665459774,0.20244974386757741,1.0,0.7354302293607389,0.5421393123956081,0.47464801090599507,0.730825666316625,0.5433967338870271,0.4746527962945997,0.5421416722215069,0.52216582949838,0.2858663428725817,0.2024490081565528,0.2998827192277184,0.4317701653485952,0.17510137275194015,0.019943214301387624,0.06691050293991936,0.012219027288371377,0.012252570223920019,0.0,0.0,0.3753899325334411,0.0,0.0,0.0,0.03131502186337061,0.16109702862915493,0.24914128009416445,0.24913729748452795,0.16110024519973215,0.03131443160526073,0.0,0.0,0.0,0.37545537444029464,0.0,0.0,0.0,0.0,0.0,0.0,0.0,0.0,0.0,0.0,0.0,0.0,0.0,0.0,0.0,0.0,0.0,0.0,0.0,0.0,0.0,0.0,0.0,0.0,0.0,0.0,0.0,0.0,0.0,0.0,0.0,0.0,0.0,0.0,0.0,0.0,0.0,0.0,0.0,0.0,0.0,0.0,0.0,0.0
0.29884380498902824,0.19354338026940054,0.0,0.0,0.0,0.08633427590004406,0.5451754688569153,0.47900280473634055,0.21396307828795502,0.05571732736184847,0.7354302293607389,1.0,0.7361585565748058,0.5512951119910616,0.5451748905927409,0.479003862658141,0.5512983038379314,0.7361612924637287,0.29885841292545484,0.08634909942038661,0.055723352825231366,0.2139628119991821,0.19358045167494717,0.0,0.0,0.0,0.0,0.0,0.0,0.0,0.15083323483492106,0.0,0.0,0.0,0.0,0.25465702667841883,0.48622212433654005,0.48621748948417653,0.25466145112178384,0.0,0.0,0.0,0.0,0.15089440002477497,0.0,0.0,0.0,0.0,0.0,0.0,0.0,0.0,0.0,0.0,0.0,0.0,0.0,0.0,0.0,0.0,0.0,0.0,0.0,0.0,0.0,0.0,0.0,0.0,0.0,0.0,0.0,0.0,0.0,0.0,0.0,0.0,0.0,0.0,0.0,0.0,0.0,0.0,0.0,0.0,0.0,0.0,0.0,0.0
0.21485835711042015,0.05025253127721581,0.0,0.0,0.0,0.06057376534360073,0.47641507673772904,0.5523401256617654,0.3124289815625369,0.10310819131572785,0.5421393123956081,0.7361585565748058,1.0,0.7473476311242553,0.3048014030948258,0.21597268914600182,0.31196174478131233,0.5435021002972846,0.08381654706432956,0.0,0.0,0.0,0.03281002874836121,0.0,0.0,0.0,0.0,0.0,0.0,0.0,0.0,0.0,0.0,0.0,0.14253649954154946,0.49137839147551404,0.6858858203803065,0.3933386876211751,0.035351250416980576,0.0,0.0,0.0,0.0,0.037543348162044014,0.0,0.0,0.0,0.0,0.0,0.0,0.0,0.0,0.0,0.0,0.0,0.0,0.0,0.0,0.0,0.0,0.0,0.0,0.0,0.0,0.0,0.0,0.0,0.0,0.0,0.0,0.0,0.0,0.0,0.0,0.0,0.0,0.0,0.0,0.0,0.0,0.0,0.0,0.0,0.0,0.0,0.0,0.0,0.0
0.30489041594345945,0.08935781284741105,0.0,0.0,0.0,0.21505824230231047,0.5430568378109102,0.7361489869998334,0.5431664985113954,0.3114704722707417,0.47464801090599507,0.5512951119910616,0.7473476311242553,1.0,0.21183493306027493,0.05937517776612785,0.10276631409225045,0.3119616242596694,0.03830109389793495,0.0,0.0,0.0,0.05106418013161358,0.0,0.0,0.0,0.0,0.0,0.0,0.0,0.0,0.0,0.0,0.03564585120928926,0.39421317673038403,0.685914361354089,0.4914705259783288,0.1415325845748033,0.0,0.0,0.0,0.0,0.0,0.09346968418541245,0.0,0.0,0.0,0.0,0.0,0.0,0.0,0.0,0.0,0.0,0.0,0.0,0.0,0.0,0.0,0.0,0.0,0.0,0.0,0.0,0.0,0.0,0.0,0.0,0.0,0.0,0.0,0.0,0.0,0.0,0.0,0.0,0.0,0.0,0.0,0.0,0.0,0.0,0.0,0.0,0.0,0.0,0.0,0.0
0.4077800147404602,0.42070208160484324,0.1861303129787137,0.0,0.0,0.15349260647580973,0.519844984839715,0.2935152593811159,0.07141783607378085,0.017350238627841363,0.730825666316625,0.5451748905927409,0.3048014030948258,0.21183493306027493,1.0,0.736852061170034,0.5430531078289512,0.4764114927169601,0.72982809341663,0.537568406340381,0.47019805058453795,0.5418871074690362,0.5328220694008663,0.29711454994569336,0.20230917775494064,0.2973111627529835,0.08019171047870795,0.08087317187569457,0.0,0.0,0.42463161792277665,0.0,0.0,0.0,0.0,0.0,0.035394270942561666,0.16284043465611725,0.249819457102867,0.24992240782076697,0.15642440682345635,0.025477455077242805,0.0,0.3759542208738461,0.0,0.0,0.0,0.0,0.0,0.0,0.0,0.0,0.0,0.0,0.0,0.0,0.0,0.0,0.0,0.0,0.0,0.0,0.0,0.0,0.0,0.0,0.0,0.0,0.0,0.0,0.0,0.0,0.0,0.0,0.0,0.0,0.0,0.0,0.0,0.0,0.0,0.0,0.0,0.0,0.0,0.0,0.0,0.0
0.17138388879014058,0.22138176029764878,0.00012604286629278348,0.0,0.0,0.0,0.2935058455933493,0.08717852334317128,0.0,0.0,0.5433967338870271,0.479003862658141,0.21597268914600182,0.05937517776612785,0.736852061170034,1.0,0.7361478075620354,0.552338179905291,0.5455494554251216,0.47660130101769943,0.5487945390858183,0.7348700795297397,0.3053611843410056,0.09639170472455084,0.05775535923380993,0.21493985830225962,0.0,0.0,0.0,0.0,0.2706354852018149,0.0,0.0,0.0,0.0,0.0,0.0,0.25576786005304414,0.48571564616410096,0.4859539977472503,0.2524096055057573,0.0,0.0,0.12429793107019933,0.0,0.0,0.0,0.0,0.0,0.0,0.0,0.0,0.0,0.0,0.0,0.0,0.0,0.0,0.0,0.0,0.0,0.0,0.0,0.0,0.0,0.0,0.0,0.0,0.0,0.0,0.0,0.0,0.0,0.0,0.0,0.0,0.0,0.0,0.0,0.0,0.0,0.0,0.0,0.0,0.0,0.0,0.0,0.0
0.03826216324089629,0.05098103525842933,0.0,0.0,0.0,0.0,0.2118261090068523,0.05937182477986045,0.0,0.0,0.4746527962945997,0.5512983038379314,0.31196174478131233,0.10276631409225045,0.5430531078289512,0.7361478075620354,1.0,0.7473469747335905,0.3048922767220182,0.21506521698913428,0.31147183668007855,0.5431620367729508,0.08937098093903671,0.0,0.0,0.0,0.0,0.0,0.0,0.0,0.09334821525475107,0.0,0.0,0.0,0.0,0.0,0.1415416303061444,0.49147125107881273,0.6859141376000277,0.3942060573207936,0.03564624828770188,0.0,0.0,0.0,0.0,0.0,0.0,0.0,0.0,0.0,0.0,0.0,0.0,0.0,0.0,0.0,0.0,0.0,0.0,0.0,0.0,0.0,0.0,0.0,0.0,0.0,0.0,0.0,0.0,0.0,0.0,0.0,0.0,0.0,0.0,0.0,0.0,0.0,0.0,0.0,0.0,0.0,0.0,0.0,0.0,0.0,0.0,0.0
0.08378650222499444,0.032745831895620484,0.0,0.0,0.0,0.0,0.3047967073073421,0.2159707053868952,0.0,0.0,0.5421416722215069,0.7361612924637287,0.5435021002972846,0.3119616242596694,0.4764114927169601,0.552338179905291,0.7473469747335905,1.0,0.21486834784198713,0.06058905404114459,0.10311408976374511,0.3124263268218932,0.05028075227149291,0.0,0.0,0.0,0.0,0.0,0.0,0.0,0.03745191169882017,0.0,0.0,0.0,0.0,0.035349537410282274,0.3933473177013907,0.6858835036689803,0.4913811294603794,0.14253004555244103,0.0,0.0,0.0,0.0,0.0,0.0,0.0,0.0,0.0,0.0,0.0,0.0,0.0,0.0,0.0,0.0,0.0,0.0,0.0,0.0,0.0,0.0,0.0,0.0,0.0,0.0,0.0,0.0,0.0,0.0,0.0,0.0,0.0,0.0,0.0,0.0,0.0,0.0,0.0,0.0,0.0,0.0,0.0,0.0,0.0,0.0,0.0,0.0
0.38387097223122707,0.43153135531151393,0.249140923119173,0.06574885555845918,0.03201785934567995,0.16164144965803484,0.4077942344628349,0.17142006720850408,0.0,0.0,0.52216582949838,0.29885841292545484,0.08381654706432956,0.03830109389793495,0.72982809341663,0.5455494554251216,0.3048922767220182,0.21486834784198713,1.0,0.7350224137661641,0.5420697510561185,0.4771826710314707,0.7383203001934548,0.5469856044851448,0.47239847629297954,0.5435401827392725,0.15785304518013055,0.3056210900413449,0.006908436857683563,0.07163054717238762,0.39816716456449763,0.0,0.0,0.0,0.0,0.0,0.0,0.0,0.03455907810677801,0.1632444644809587,0.24826699362912188,0.2501448135080741,0.15870093766934382,0.486017924839498,0.0,0.0,0.0,0.0,0.0,0.0,0.0,0.0,0.0,0.0,0.0,0.0,0.0,0.0,0.0,0.0,0.0,0.0,0.0,0.0,0.0,0.0,0.0,0.0,0.0,0.0,0.0,0.0,0.0,0.0,0.0,0.0,0.0,0.0,0.0,0.0,0.0,0.0,0.0,0.0,0.0,0.0,0.0,0.0
0.1615891232797742,0.27447774495850646,0.14577245376379294,0.0,0.0,0.0,0.1534804242998553,0.0,0.0,0.0,0.2858663428725817,0.08634909942038661,0.0,0.0,0.537568406340381,0.47660130101769943,0.21506521698913428,0.06058905404114459,0.7350224137661641,1.0,0.7354843421182612,0.5524505934766649,0.5500763393181862,0.4813173209721331,0.5489899212734882,0.7375412754697142,0.13228399233699195,0.21596428558562256,0.03607004175183991,0.0,0.27205949997010165,0.0,0.0,0.0,0.0,0.0,0.0,0.0,0.0,0.2559125741643664,0.48482634822594184,0.48746170533237215,0.25293799979757103,0.25434119452582915,0.0,0.0,0.0,0.0,0.0,0.0,0.0,0.0,0.0,0.0,0.0,0.0,0.0,0.0,0.0,0.0,0.0,0.0,0.0,0.0,0.0,0.0,0.0,0.0,0.0,0.0,0.0,0.0,0.0,0.0,0.0,0.0,0.0,0.0,0.0,0.0,0.0,0.0,0.0,0.0,0.0,0.0,0.0,0.0
0.0,0.1300771567199226,0.0,0.0,0.0,0.0,0.01732961856877916,0.0,0.0,0.0,0.2024490081565528,0.055723352825231366,0.0,0.0,0.47019805058453795,0.5487945390858183,0.31147183668007855,0.10311408976374511,0.5420697510561185,0.7354843421182612,1.0,0.7479097614702855,0.30804425575286604,0.21788708181369645,0.3090546167717816,0.5428796925500224,0.02052649783450429,0.0,0.0,0.0,0.17519886782896804,0.0,0.0,0.0,0.0,0.0,0.0,0.0,0.14237956793802561,0.4926241303036137,0.6859434865205476,0.3921032499551353,0.033100461828726925,0.03156891590810377,0.0,0.0,0.0,0.0,0.0,0.0,0.0,0.0,0.0,0.0,0.0,0.0,0.0,0.0,0.0,0.0,0.0,0.0,0.0,0.0,0.0,0.0,0.0,0.0,0.0,0.0,0.0,0.0,0.0,0.0,0.0,0.0,0.0,0.0,0.0,0.0,0.0,0.0,0.0,0.0,0.0,0.0,0.0,0.0
0.0,0.10333982470867853,0.0,0.0,0.0,0.0,0.07139913627585674,0.0,0.0,0.0,0.2998827192277184,0.2139628119991821,0.0,0.0,0.5418871074690362,0.7348700795297397,0.5431620367729508,0.3124263268218932,0.4771826710314707,0.5524505934766649,0.7479097614702855,1.0,0.2189389624064534,0.06676746834114348,0.10367691650323087,0.31419746451936076,0.0,0.0,0.0,0.0,0.16878844148754796,0.0,0.0,0.0,0.0,0.0,0.0,0.036578076269583516,0.3931549968112916,0.6858586646018636,0.4919247820703468,0.14188154767737374,0.0,0.0,0.0,0.0,0.0,0.0,0.0,0.0,0.0,0.0,0.0,0.0,0.0,0.0,0.0,0.0,0.0,0.0,0.0,0.0,0.0,0.0,0.0,0.0,0.0,0.0,0.0,0.0,0.0,0.0,0.0,0.0,0.0,0.0,0.0,0.0,0.0,0.0,0.0,0.0,0.0,0.0,0.0,0.0,0.0,0.0
0.43160248046743904,0.4128363916840348,0.26261729081779267,0.1459881948138593,0.15254825263108848,0.2746264961226307,0.4207630301342173,0.22146997629543508,0.10346303096729352,0.13022664014583513,0.4317701653485952,0.19358045167494717,0.03281002874836121,0.05106418013161358,0.5328220694008663,0.3053611843410056,0.08937098093903671,0.05028075227149291,0.7383203001934548,0.5500763393181862,0.30804425575286604,0.2189389624064534,1.0,0.7425880717278831,0.5485871546457846,0.48344927463062276,0.1212287951749341,0.5479790959344818,0.0,0.32376700413947385,0.29022047966604664,0.0,0.0,0.0,0.0,0.0,0.0,0.0,0.0,0.0,0.03585105509479859,0.16941850341144193,0.25472333904542094,0.6868658822196683,0.0,0.0,0.0,0.0,0.0,0.0,0.0,0.0,0.0,0.0,0.0,0.0,0.0,0.0,0.0,0.0,0.0,0.0,0.0,0.0,0.0,0.0,0.0,0.0,0.0,0.0,0.0,0.0,0.0,0.0,0.0,0.0,0.0,0.0,0.0,0.0,0.0,0.0,0.0,0.0,0.0,0.0,0.0,0.0
0.24916747000702985,0.2625533443391745,0.1866266529679585,0.1037756111451452,0.0858499578175617,0.14589533546130154,0.18617180054726187,0.0002147612135560016,0.0,0.0,0.17510137275194015,0.0,0.0,0.0,0.29711454994569336,0.09639170472455084,0.0,0.0,0.5469856044851448,0.4813173209721331,0.21788708181369645,0.06676746834114348,0.7425880717278831,1.0,0.7375070620265382,0.5546015198363009,0.07734008354035256,0.7344805035667255,0.0,0.49120893231530266,0.11980481488405156,0.0,0.0,0.0,0.0,0.0,0.0,0.0,0.0,0.0,0.0,0.2581114129734774,0.4850299126666506,0.49269483840217543,0.0,0.0,0.0,0.0,0.0,0.0,0.0,0.0,0.0,0.0,0.0,0.0,0.0,0.0,0.0,0.0,0.0,0.0,0.0,0.0,0.0,0.0,0.0,0.0,0.0,0.0,0.0,0.0,0.0,0.0,0.0,0.0,0.0,0.0,0.0,0.0,0.0,0.0,0.0,0.0,0.0,0.0,0.0,0.0
0.06569687224930827,0.1458217732192477,0.10363936609997278,0.0,0.0,0.0,0.0,0.0,0.0,0.0,0.019943214301387624,0.0,0.0,0.0,0.20230917775494064,0.05775535923380993,0.0,0.0,0.47239847629297954,0.5489899212734882,0.3090546167717816,0.10367691650323087,0.5485871546457846,0.7375070620265382,1.0,0.7454813410875302,0.06844702378827484,0.5430307554739646,0.0,0.3198726535469428,0.042701775156299936,0.0,0.0,0.0,0.0,0.0,0.0,0.0,0.0,0.0,0.1364694885136781,0.4914710178977506,0.6862528676821152,0.25615162851851364,0.0,0.0,0.0,0.0,0.0,0.0,0.0,0.0,0.0,0.0,0.0,0.0,0.0,0.0,0.0,0.0,0.0,0.0,0.0,0.0,0.0,0.0,0.0,0.0,0.0,0.0,0.0,0.0,0.0,0.0,0.0,0.0,0.0,0.0,0.0,0.0,0.0,0.0,0.0,0.0,0.0,0.0,0.0,0.0
0.031940606881368794,0.1523527629008042,0.08566957574973429,0.0,0.0,0.0,0.0,0.0,0.0,0.0,0.06691050293991936,0.0,0.0,0.0,0.2973111627529835,0.21493985830225962,0.0,0.0,0.5435401827392725,0.7375412754697142,0.5428796925500224,0.31419746451936076,0.48344927463062276,0.5546015198363009,0.7454813410875302,1.0,0.09438574837315147,0.31206168543158286,0.017551226630095194,0.07804658397873089,0.10795693817111338,0.0,0.0,0.0,0.0,0.0,0.0,0.0,0.0,0.037847198575762735,0.3900348105746809,0.6859250623420766,0.48946796158192785,0.17053903660930309,0.0,0.0,0.0,0.0,0.0,0.0,0.0,0.0,0.0,0.0,0.0,0.0,0.0,0.0,0.0,0.0,0.0,0.0,0.0,0.0,0.0,0.0,0.0,0.0,0.0,0.0,0.0,0.0,0.0,0.0,0.0,0.0,0.0,0.0,0.0,0.0,0.0,0.0,0.0,0.0,0.0,0.0,0.0,0.0
0.305620767910798,0.5479811432983256,0.7344828023083488,0.5430314722767056,0.3120669324512322,0.21597346564485337,0.08086058380867157,0.0,0.0,0.0,0.012219027288371377,0.0,0.0,0.0,0.08019171047870795,0.0,0.0,0.0,0.15785304518013055,0.13228399233699195,0.02052649783450429,0.0,0.1212287951749341,0.07734008354035256,0.06844702378827484,0.09438574837315147,1.0,0.0,0.756724263369432,0.0,0.3997693416312047,0.3893221944489927,0.0355044442684928,0.0,0.0,0.0,0.0,0.0,0.0,0.0,0.0,0.0,0.0,0.0,0.0,0.0,0.0,0.22543864289681753,0.16596933453254295,0.0,0.0,0.0,0.0,0.0,0.0,0.0,0.0,0.0,0.0,0.0,0.0,0.0,0.0,0.0,0.0,0.0,0.0,0.0,0.0,0.0,0.0,0.0,0.0,0.0,0.0,0.28347413019276035,0.1576516038045599,0.0,0.0,0.0,0.0,0.0,0.0,0.0,0.0,0.0,0.0,0.0
0.15793578015827442,0.12123362540453902,0.07743026406061754,0.06869986327568785,0.09468870383973223,0.13249423855225764,0.08026183415639308,0.0,0.0,0.0207575896894463,0.012252570223920019,0.0,0.0,0.0,0.08087317187569457,0.0,0.0,0.0,0.3056210900413449,0.21596428558562256,0.0,0.0,0.5479790959344818,0.7344805035667255,0.5430307554739646,0.31206168543158286,0.0,1.0,0.0,0.7567268193701493,0.0,0.0,0.0,0.0,0.0,0.0,0.0,0.0,0.0,0.0,0.0,0.03549778743377692,0.38931671965799625,0.39975527634518754,0.0,0.0,0.0,0.0,0.0,0.0,0.0,0.0,0.0,0.0,0.0,0.0,0.0,0.0,0.0,0.0,0.0,0.0,0.0,0.0,0.0,0.0,0.0,0.0,0.0,0.0,0.0,0.0,0.0,0.0,0.0,0.0,0.0,0.0,0.0,0.0,0.0,0.0,0.0,0.0,0.0,0.0,0.0,0.0
0.07162922115494494,0.32376898085680844,0.4912086307757063,0.3198694290706055,0.07804882717134955,0.0,0.0,0.0,0.0,0.0,0.0,0.0,0.0,0.0,0.0,0.0,0.0,0.0,0.006908436857683563,0.03607004175183991,0.0,0.0,0.0,0.0,0.0,0.017551226630095194,0.756724263369432,0.0,1.0,0.0,0.23315056628027078,0.22325245494818174,0.0,0.0,0.0,0.0,0.0,0.0,0.0,0.0,0.0,0.0,0.0,0.0,0.0,0.0,0.14415965881393888,0.3554173862223718,0.23530955052435013,0.0,0.0,0.0,0.0,0.0,0.0,0.0,0.0,0.0,0.0,0.0,0.0,0.0,0.0,0.0,0.0,0.0,0.0,0.0,0.0,0.0,0.11640130428782403,0.0,0.005762753846029484,0.0,0.0,0.4321456518255604,0.17397708313428226,0.0,0.0,0.0,0.0,0.0,0.0,0.0,0.0,0.0,0.0,0.0
0.0070370289307263995,0.0,0.0,0.0,0.017956999447769278,0.03635031386177234,0.0,0.0,0.0,0.0,0.0,0.0,0.0,0.0,0.0,0.0,0.0,0.0,0.07163054717238762,0.0,0.0,0.0,0.32376700413947385,0.49120893231530266,0.3198726535469428,0.07804658397873089,0.0,0.7567268193701493,0.0,1.0,0.0,0.0,0.0,0.0,0.0,0.0,0.0,0.0,0.0,0.0,0.0,0.0,0.22325278599511061,0.23313236091380127,0.0,0.0,0.0,0.0,0.0,0.0,0.0,0.0,0.0,0.0,0.0,0.0,0.0,0.0,0.0,0.0,0.0,0.0,0.0,0.0,0.0,0.0,0.0,0.0,0.0,0.0,0.0,0.0,0.0,0.0,0.0,0.0,0.0,0.0,0.0,0.0,0.0,0.0,0.0,0.0,0.0,0.0,0.0,0.0
0.4860071610309151,0.6868673375467472,0.4926996226245553,0.25615448500588534,0.17054021909979214,0.2543400221242425,0.3759229533439904,0.12428231395954395,0.0,0.031568599598459944,0.3753899325334411,0.15083323483492106,0.0,0.0,0.42463161792277665,0.2706354852018149,0.09334821525475107,0.03745191169882017,0.39816716456449763,0.27205949997010165,0.17519886782896804,0.16878844148754796,0.29022047966604664,0.11980481488405156,0.042701775156299936,0.10795693817111338,0.3997693416312047,0.0,0.23315056628027078,0.0,1.0,0.0,0.0,0.0,0.0,0.0,0.0,0.0,0.0,0.0,0.0,0.0,0.0,0.16702835518119324,0.0,0.0,0.0,0.0,0.0,0.0,0.0,0.0,0.0,0.0,0.0,0.0,0.0,0.0,0.0,0.0,0.0,0.0,0.0,0.0,0.0,0.0,0.0,0.0,0.0,0.0,0.0,0.0,0.0,0.0,0.0,0.0,0.0,0.0,0.0,0.0,0.0,0.0,0.0,0.0,0.0,0.0,0.0,0.0
0.15870273717220026,0.25472597609101466,0.4850369806989613,0.6862570519431527,0.4894699663350609,0.25294375236285327,0.0,0.0,0.0,0.033108920729518106,0.0,0.0,0.0,0.0,0.0,0.0,0.0,0.0,0.0,0.0,0.0,0.0,0.0,0.0,0.0,0.0,0.3893221944489927,0.0,0.22325245494818174,0.0,0.0,1.0,0.4066966509274187,0.0,0.0,0.0,0.0,0.0,0.0,0.0,0.0,0.0,0.0,0.0,0.0,0.0,0.0,0.017577442986473808,0.13575725841791683,0.0,0.0,0.0,0.0,0.0,0.0,0.0,0.0,0.0,0.0,0.0,0.0,0.0,0.0,0.0,0.0,0.0,0.0,0.0,0.0,0.0,0.0,0.0,0.0,0.0,0.0,0.0,0.23342460803376455,0.0,0.0,0.0,0.0,0.0,0.0,0.0,0.0,0.0,0.0,0.0
0.25014559101547834,0.16941882671750952,0.2581162568132277,0.49147456988902655,0.6859257191315605,0.4874632838791824,0.0254773440844981,0.0,0.14187982756007445,0.39210837954383354,0.0,0.0,0.0,0.0,0.0,0.0,0.0,0.0,0.0,0.0,0.0,0.0,0.0,0.0,0.0,0.0,0.0355044442684928,0.0,0.0,0.0,0.0,0.4066966509274187,1.0,0.41912553704508654,0.0,0.0,0.0,0.0,0.0,0.0,0.0,0.0,0.0,0.0,0.0,0.0,0.0,0.0,0.0,0.0,0.0,0.0,0.0,0.0,0.0,0.0,0.0,0.0,0.0,0.0,0.0,0.0,0.0,0.0,0.0,0.0,0.0,0.0,0.0,0.0,0.0,0.0,0.0,0.0,0.0,0.0,0.0,0.0,0.0,0.0,0.0,0.0,0.0,0.0,0.0,0.0,0.0,0.0
0.24827169966445878,0.03585875346641976,0.0,0.13648098505398798,0.39004330288475875,0.4848294349472623,0.15642542680989535,0.2524101522983526,0.4919225749910354,0.6859441755499883,0.0,0.0,0.0,0.03564585120928926,0.0,0.0,0.0,0.0,0.0,0.0,0.0,0.0,0.0,0.0,0.0,0.0,0.0,0.0,0.0,0.0,0.0,0.0,0.41912553704508654,1.0,0.4086768458840032,0.0,0.0,0.0,0.0,0.0,0.0,0.0,0.0,0.0,0.0,0.0,0.0,0.0,0.0,0.0,0.0,0.0,0.0,0.0,0.0,0.0,0.0,0.0,0.0,0.0,0.0,0.0,0.0,0.0,0.0,0.0,0.0,0.0,0.0,0.0,0.0,0.0,0.0,0.0,0.0,0.0,0.0,0.0,0.0,0.0,0.0,0.0,0.0,0.0,0.0,0.0,0.0,0.0
0.16324994448749178,0.0,0.0,0.0,0.03784525398900462,0.25591236962323993,0.24992520566323925,0.48595523447813793,0.6858581575406585,0.49262218282381165,0.03131502186337061,0.0,0.14253649954154946,0.39421317673038403,0.0,0.0,0.0,0.0,0.0,0.0,0.0,0.0,0.0,0.0,0.0,0.0,0.0,0.0,0.0,0.0,0.0,0.0,0.0,0.4086768458840032,1.0,0.4256456407810483,0.0,0.0,0.0,0.0,0.0,0.0,0.0,0.0,0.0,0.0,0.0,0.0,0.0,0.0,0.0,0.0,0.0,0.0,0.0,0.0,0.0,0.0,0.0,0.0,0.0,0.0,0.0,0.0,0.0,0.0,0.0,0.0,0.0,0.0,0.0,0.0,0.0,0.0,0.0,0.0,0.0,0.0,0.0,0.0,0.0,0.0,0.0,0.0,0.0,0.0,0.0,0.0
0.034560355240727064,0.0,0.0,0.0,0.0,0.0,0.24982479087827247,0.48571879951055125,0.39316330674497196,0.14238169346930452,0.16109702862915493,0.25465702667841883,0.49137839147551404,0.685914361354089,0.0,0.0,0.0,0.035349537410282274,0.0,0.0,0.0,0.0,0.0,0.0,0.0,0.0,0.0,0.0,0.0,0.0,0.0,0.0,0.0,0.0,0.4256456407810483,1.0,0.4065244110003327,0.0,0.0,0.0,0.0,0.0,0.0,0.0,0.0,0.0,0.0,0.0,0.0,0.0,0.0,0.0,0.0,0.0,0.0,0.0,0.0,0.0,0.0,0.0,0.0,0.0,0.0,0.0,0.0,0.0,0.0,0.0,0.0,0.0,0.0,0.0,0.0,0.0,0.0,0.0,0.0,0.0,0.0,0.0,0.0,0.0,0.0,0.0,0.0,0.0,0.0,0.0
0.0,0.0,0.0,0.0,0.0,0.0,0.16284482263114855,0.2557684215582171,0.0365765531980325,0.0,0.24914128009416445,0.48622212433654005,0.6858858203803065,0.4914705259783288,0.035394270942561666,0.0,0.1415416303061444,0.3933473177013907,0.0,0.0,0.0,0.0,0.0,0.0,0.0,0.0,0.0,0.0,0.0,0.0,0.0,0.0,0.0,0.0,0.0,0.4065244110003327,1.0,0.42404291608049854,0.0,0.0,0.0,0.0,0.0,0.0,0.0,0.0,0.0,0.0,0.0,0.0,0.0,0.0,0.0,0.0,0.0,0.0,0.0,0.0,0.0,0.0,0.0,0.0,0.0,0.0,0.0,0.0,0.0,0.0,0.0,0.0,0.0,0.0,0.0,0.0,0.0,0.0,0.0,0.0,0.0,0.0,0.0,0.0,0.0,0.0,0.0,0.0,0.0,0.0
0.0,0.0,0.0,0.0,0.0,0.0,0.03538167116279251,0.0,0.0,0.0,0.24913729748452795,0.48621748948417653,0.3933386876211751,0.1415325845748033,0.16284043465611725,0.25576786005304414,0.49147125107881273,0.6858835036689803,0.0,0.0,0.0,0.036578076269583516,0.0,0.0,0.0,0.0,0.0,0.0,0.0,0.0,0.0,0.0,0.0,0.0,0.0,0.0,0.42404291608049854,1.0,0.4065355178370776,0.0,0.0,0.0,0.0,0.0,0.0,0.0,0.0,0.0,0.0,0.0,0.0,0.0,0.0,0.0,0.0,0.0,0.0,0.0,0.0,0.0,0.0,0.0,0.0,0.0,0.0,0.0,0.0,0.0,0.0,0.0,0.0,0.0,0.0,0.0,0.0,0.0,0.0,0.0,0.0,0.0,0.0,0.0,0.0,0.0,0.0,0.0,0.0,0.0
0.0,0.0,0.0,0.0,0.0,0.0,0.0,0.0,0.0,0.0,0.16110024519973215,0.25466145112178384,0.035351250416980576,0.0,0.249819457102867,0.48571564616410096,0.6859141376000277,0.4913811294603794,0.03455907810677801,0.0,0.14237956793802561,0.3931549968112916,0.0,0.0,0.0,0.0,0.0,0.0,0.0,0.0,0.0,0.0,0.0,0.0,0.0,0.0,0.0,0.4065355178370776,1.0,0.4256282836702282,0.0,0.0,0.0,0.0,0.0,0.0,0.0,0.0,0.0,0.0,0.0,0.0,0.0,0.0,0.0,0.0,0.0,0.0,0.0,0.0,0.0,0.0,0.0,0.0,0.0,0.0,0.0,0.0,0.0,0.0,0.0,0.0,0.0,0.0,0.0,0.0,0.0,0.0,0.0,0.0,0.0,0.0,0.0,0.0,0.0,0.0,0.0,0.0
0.0,0.0,0.0,0.0,0.0,0.0,0.0,0.0,0.0,0.0,0.03131443160526073,0.0,0.0,0.0,0.24992240782076697,0.4859539977472503,0.3942060573207936,0.14253004555244103,0.1632444644809587,0.2559125741643664,0.4926241303036137,0.6858586646018636,0.0,0.0,0.0,0.037847198575762735,0.0,0.0,0.0,0.0,0.0,0.0,0.0,0.0,0.0,0.0,0.0,0.0,0.4256282836702282,1.0,0.408680274438398,0.0,0.0,0.0,0.0,0.0,0.0,0.0,0.0,0.0,0.0,0.0,0.0,0.0,0.0,0.0,0.0,0.0,0.0,0.0,0.0,0.0,0.0,0.0,0.0,0.0,0.0,0.0,0.0,0.0,0.0,0.0,0.0,0.0,0.0,0.0,0.0,0.0,0.0,0.0,0.0,0.0,0.0,0.0,0.0,0.0,0.0,0.0
0.0,0.0,0.0,0.0,0.0,0.0,0.0,0.0,0.0,0.0,0.0,0.0,0.0,0.0,0.15642440682345635,0.2524096055057573,0.03564624828770188,0.0,0.24826699362912188,0.48482634822594184,0.6859434865205476,0.4919247820703468,0.03585105509479859,0.0,0.1364694885136781,0.3900348105746809,0.0,0.0,0.0,0.0,0.0,0.0,0.0,0.0,0.0,0.0,0.0,0.0,0.0,0.408680274438398,1.0,0.41911449037027637,0.0,0.0,0.0,0.0,0.0,0.0,0.0,0.0,0.0,0.0,0.0,0.0,0.0,0.0,0.0,0.0,0.0,0.0,0.0,0.0,0.0,0.0,0.0,0.0,0.0,0.0,0.0,0.0,0.0,0.0,0.0,0.0,0.0,0.0,0.0,0.0,0.0,0.0,0.0,0.0,0.0,0.0,0.0,0.0,0.0,0.0
0.0,0.0,0.0,0.0,0.0,0.0,0.0,0.0,0.0,0.0,0.0,0.0,0.0,0.0,0.025477455077242805,0.0,0.0,0.0,0.2501448135080741,0.48746170533237215,0.3921032499551353,0.14188154767737374,0.16941850341144193,0.2581114129734774,0.4914710178977506,0.6859250623420766,0.0,0.03549778743377692,0.0,0.0,0.0,0.0,0.0,0.0,0.0,0.0,0.0,0.0,0.0,0.0,0.41911449037027637,1.0,0.406695362107829,0.0,0.0,0.0,0.0,0.0,0.0,0.0,0.0,0.0,0.0,0.0,0.0,0.0,0.0,0.0,0.0,0.0,0.0,0.0,0.0,0.0,0.0,0.0,0.0,0.0,0.0,0.0,0.0,0.0,0.0,0.0,0.0,0.0,0.0,0.0,0.0,0.0,0.0,0.0,0.0,0.0,0.0,0.0,0.0,0.0
0.0,0.0,0.0,0.0,0.0,0.0,0.0,0.0,0.0,0.0,0.0,0.0,0.0,0.0,0.0,0.0,0.0,0.0,0.15870093766934382,0.25293799979757103,0.033100461828726925,0.0,0.25472333904542094,0.4850299126666506,0.6862528676821152,0.48946796158192785,0.0,0.38931671965799625,0.0,0.22325278599511061,0.0,0.0,0.0,0.0,0.0,0.0,0.0,0.0,0.0,0.0,0.0,0.406695362107829,1.0,0.0,0.0,0.0,0.0,0.0,0.0,0.0,0.0,0.0,0.0,0.0,0.0,0.0,0.0,0.0,0.0,0.0,0.0,0.0,0.0,0.0,0.0,0.0,0.0,0.0,0.0,0.0,0.0,0.0,0.0,0.0,0.0,0.0,0.0,0.0,0.0,0.0,0.0,0.0,0.0,0.0,0.0,0.0,0.0,0.0
0.39835038977801973,0.29033171045437667,0.11997303641876204,0.042964221841963385,0.10825393894147572,0.27231918765813096,0.42477189216279515,0.2707879332321198,0.1689848717880022,0.17544004591562615,0.37545537444029464,0.15089440002477497,0.037543348162044014,0.09346968418541245,0.3759542208738461,0.12429793107019933,0.0,0.0,0.486017924839498,0.25434119452582915,0.03156891590810377,0.0,0.6868658822196683,0.49269483840217543,0.25615162851851364,0.17053903660930309,0.0,0.39975527634518754,0.0,0.23313236091380127,0.16702835518119324,0.0,0.0,0.0,0.0,0.0,0.0,0.0,0.0,0.0,0.0,0.0,0.0,1.0,0.0,0.0,0.0,0.0,0.0,0.0,0.0,0.0,0.0,0.0,0.0,0.0,0.0,0.0,0.0,0.0,0.0,0.0,0.0,0.0,0.0,0.0,0.0,0.0,0.0,0.0,0.0,0.0,0.0,0.0,0.0,0.0,0.0,0.0,0.0,0.0,0.0,0.0,0.0,0.0,0.0,0.0,0.0,0.0
0.0,0.0,0.0,0.0,0.0,0.0,0.0,0.0,0.0,0.0,0.0,0.0,0.0,0.0,0.0,0.0,0.0,0.0,0.0,0.0,0.0,0.0,0.0,0.0,0.0,0.0,0.0,0.0,0.0,0.0,0.0,0.0,0.0,0.0,0.0,0.0,0.0,0.0,0.0,0.0,0.0,0.0,0.0,0.0,1.0,0.7383166801283008,0.5469819032007213,0.4723960634345212,0.5435399703376855,0.7350238114244282,0.7298229345345313,0.545553116335103,0.47718845103500956,0.5420743353750284,0.5221553710170643,0.2988438049890287,0.2148583571104203,0.3048904159434598,0.4077800147404602,0.17138388879014074,0.03826216324089596,0.0837865022249946,0.3838709722312269,0.16158912327977404,0.0,0.0,0.4316024804674389,0.24916747000702968,0.06569687224930812,0.031940606881368794,0.3056207679107977,0.15793578015827409,0.0716292211549451,0.007037028930726071,0.48600716103091507,0.15870273717220001,0.2501455910154782,0.24827169966445894,0.16324994448749203,0.034560355240727224,0.0,0.0,0.0,0.0,0.0,0.0,0.0,0.3983503897780196
0.0,0.0,0.0,0.0,0.0,0.0,0.0,0.0,0.0,0.0,0.0,0.0,0.0,0.0,0.0,0.0,0.0,0.0,0.0,0.0,0.0,0.0,0.0,0.0,0.0,0.0,0.0,0.0,0.0,0.0,0.0,0.0,0.0,0.0,0.0,0.0,0.0,0.0,0.0,0.0,0.0,0.0,0.0,0.0,0.7383166801283008,1.0,0.7425848190720138,0.548583948311672,0.48344875675561005,0.5500790121558289,0.5328079906858321,0.3053586612293995,0.21894314143164564,0.30805026840572103,0.43173958485716,0.1935433802694007,0.05025253127721581,0.08935781284741105,0.42070208160484324,0.22138176029764878,0.050981035258428835,0.032745831895620484,0.4315313553115138,0.27447774495850646,0.1300771567199226,0.1033398247086782,0.4128363916840348,0.26255334433917465,0.14582177321924786,0.15235276290080454,0.5479811432983256,0.12123362540453902,0.32376898085680866,0.0,0.6868673375467472,0.25472597609101466,0.1694188267175096,0.03585875346642009,0.0,0.0,0.0,0.0,0.0,0.0,0.0,0.0,0.0,0.29033171045437667
0.0,0.0,0.0,0.0,0.0,0.0,0.0,0.0,0.0,0.0,0.0,0.0,0.0,0.0,0.0,0.0,0.0,0.0,0.0,0.0,0.0,0.0,0.0,0.0,0.0,0.0,0.0,0.0,0.14415965881393888,0.0,0.0,0.0,0.0,0.0,0.0,0.0,0.0,0.0,0.0,0.0,0.0,0.0,0.0,0.0,0.5469819032007213,0.7425848190720138,1.0,0.737507709192764,0.5546050492462206,0.48132295916581036,0.29710087732796203,0.09638543989916021,0.06677027739948875,0.2178963828932726,0.17507467121854478,0.0,0.0,0.0,0.18613031297871388,0.00012604286629311242,0.0,0.0,0.249140923119173,0.1457724537637931,0.0,0.0,0.2626172908177928,0.18662665296795863,0.10363936609997278,0.08566957574973445,0.7344828023083487,0.07743026406061738,0.4912086307757065,0.0,0.4926996226245556,0.485036980698961,0.25811625681322764,0.0,0.0,0.0,0.0,0.0,0.0,0.0,0.0,0.0,0.0,0.11997303641876204
0.0,0.0,0.016924377825096367,0.0,0.0,0.0,0.0,0.0,0.0,0.0,0.0,0.0,0.0,0.0,0.0,0.0,0.0,0.0,0.0,0.0,0.0,0.0,0.0,0.0,0.0,0.0,0.22543864289681753,0.0,0.3554173862223718,0.0,0.0,0.017577442986473808,0.0,0.0,0.0,0.0,0.0,0.0,0.0,0.0,0.0,0.0,0.0,0.0,0.4723960634345212,0.548583948311672,0.737507709192764,1.0,0.7454834550141459,0.5489939025337742,0.20230142829495137,0.05774855581102956,0.10367609527311947,0.30906199828407765,0.01993250438227853,0.0,0.0,0.0,0.0,0.0,0.0,0.0,0.06574885555845884,0.0,0.0,0.0,0.1459881948138593,0.1037756111451452,0.0,0.0,0.5430314722767055,0.06869986327568753,0.31986942907060556,0.0,0.2561544850058853,0.6862570519431528,0.4914745698890267,0.13648098505398815,0.0,0.0,0.0,0.0,0.0,0.0,0.0,0.0,0.0,0.04296422184196305
0.0,0.0,0.007223178858451329,0.04889981246425943,0.0,0.0,0.0,0.0,0.0,0.0,0.0,0.0,0.0,0.0,0.0,0.0,0.0,0.0,0.0,0.0,0.0,0.0,0.0,0.0,0.0,0.0,0.16596933453254295,0.0,0.23530955052435013,0.0,0.0,0.13575725841791683,0.0,0.0,0.0,0.0,0.0,0.0,0.0,0.0,0.0,0.0,0.0,0.0,0.5435399703376855,0.48344875675561005,0.5546050492462206,0.7454834550141459,1.0,0.7375436119286909,0.297308397639049,0.2149363273065105,0.3141963666806117,0.5428853673924559,0.0669094345806023,0.0,0.0,0.0,0.0,0.0,0.0,0.0,0.03201785934567995,0.0,0.0,0.0,0.15254825263108865,0.08584995781756187,0.0,0.0,0.3120669324512322,0.09468870383973223,0.07804882717134988,0.017956999447769278,0.17054021909979222,0.4894699663350609,0.6859257191315605,0.39004330288475875,0.037845253989004776,0.0,0.0,0.0,0.0,0.0,0.0,0.0,0.0,0.10825393894147556
0.0,0.0,0.0,0.0,0.0,0.0,0.0,0.0,0.0,0.0,0.0,0.0,0.0,0.0,0.0,0.0,0.0,0.0,0.0,0.0,0.0,0.0,0.0,0.0,0.0,0.0,0.0,0.0,0.0,0.0,0.0,0.0,0.0,0.0,0.0,0.0,0.0,0.0,0.0,0.0,0.0,0.0,0.0,0.0,0.7350238114244282,0.5500790121558289,0.48132295916581036,0.5489939025337742,0.7375436119286909,1.0,0.5375654503898807,0.47660034217068536,0.5524505425474752,0.735486863294439,0.28586406470247927,0.08633427590004454,0.060573765343601066,0.21505824230231077,0.1534926064758099,0.0,0.0,0.0,0.16164144965803484,0.0,0.0,0.0,0.27462649612263074,0.1458953354613017,0.0,0.0,0.21597346564485304,0.13249423855225748,0.0,0.036350313861772184,0.25434002212424256,0.25294375236285305,0.4874632838791821,0.4848294349472623,0.25591236962324015,0.0,0.0,0.0,0.0,0.0,0.0,0.0,0.0,0.27231918765813096
0.0,0.0,0.0,0.0,0.0,0.0,0.0,0.0,0.0,0.0,0.0,0.0,0.0,0.0,0.0,0.0,0.0,0.0,0.0,0.0,0.0,0.0,0.0,0.0,0.0,0.0,0.0,0.0,0.0,0.0,0.0,0.0,0.0,0.0,0.0,0.0,0.0,0.0,0.0,0.0,0.0,0.0,0.0,0.0,0.7298229345345313,0.5328079906858321,0.29710087732796203,0.20230142829495137,0.297308397639049,0.5375654503898807,1.0,0.7368556441552223,0.5418899757557141,0.4701977828050504,0.7308224609221029,0.5451754688569155,0.47641507673772887,0.5430568378109101,0.5198449848397152,0.29350584559334975,0.21182610900685214,0.30479670730734226,0.40779423446283525,0.15348042429985548,0.017329618568779327,0.07139913627585691,0.42076303013421745,0.1861718005472622,0.0,0.0,0.08086058380867141,0.08026183415639325,0.0,0.0,0.37592295334399056,0.0,0.025477344084497935,0.15642542680989527,0.249925205663239,0.24982479087827222,0.16284482263114855,0.03538167116279218,0.0,0.0,0.0,0.0,0.0,0.4247718921627954
0.0,0.0,0.0,0.0,0.0,0.0,0.0,0.0,0.0,0.0,0.0,0.0,0.0,0.0,0.0,0.0,0.0,0.0,0.0,0.0,0.0,0.0,0.0,0.0,0.0,0.0,0.0,0.0,0.0,0.0,0.0,0.0,0.0,0.0,0.0,0.0,0.0,0.0,0.0,0.0,0.0,0.0,0.0,0.0,0.545553116335103,0.3053586612293995,0.09638543989916021,0.05774855581102956,0.2149363273065105,0.47660034217068536,0.7368556441552223,1.0,0.7348722843267663,0.5487943144758924,0.5433931727868258,0.4790028047363409,0.5523401256617654,0.7361489869998336,0.2935152593811159,0.08717852334317144,0.059371824779860284,0.21597070538689536,0.17142006720850425,0.0,0.0,0.0,0.22146997629543508,0.0002147612135560016,0.0,0.0,0.0,0.0,0.0,0.0,0.12428231395954395,0.0,0.0,0.25241015229835245,0.4859552344781378,0.48571879951055114,0.2557684215582173,0.0,0.0,0.0,0.0,0.0,0.0,0.27078793323211997
0.0,0.0,0.0,0.0,0.0,0.0,0.0,0.0,0.0,0.0,0.0,0.0,0.0,0.0,0.0,0.0,0.0,0.0,0.0,0.0,0.0,0.0,0.0,0.0,0.0,0.0,0.0,0.0,0.0,0.0,0.0,0.0,0.0,0.0,0.0,0.0,0.0,0.0,0.0,0.0,0.0,0.0,0.0,0.0,0.47718845103500956,0.21894314143164564,0.06677027739948875,0.10367609527311947,0.3141963666806117,0.5524505425474752,0.5418899757557141,0.7348722843267663,1.0,0.7479075147930041,0.29988337665459774,0.2139630782879552,0.31242898156253673,0.5431664985113954,0.0714178360737807,0.0,0.0,0.0,0.0,0.0,0.0,0.0,0.10346303096729335,0.0,0.0,0.0,0.0,0.0,0.0,0.0,0.0,0.0,0.14187982756007445,0.49192257499103553,0.6858581575406585,0.3931633067449718,0.0365765531980325,0.0,0.0,0.0,0.0,0.0,0.0,0.1689848717880022
0.0,0.0,0.0,0.0,0.0,0.0,0.0,0.0,0.0,0.0,0.0,0.0,0.0,0.0,0.0,0.0,0.0,0.0,0.0,0.0,0.0,0.0,0.0,0.0,0.0,0.0,0.0,0.0,0.0,0.0,0.0,0.0,0.0,0.0,0.0,0.0,0.0,0.0,0.0,0.0,0.0,0.0,0.0,0.0,0.5420743353750284,0.30805026840572103,0.2178963828932726,0.30906199828407765,0.5428853673924559,0.735486863294439,0.4701977828050504,0.5487943144758924,0.7479075147930041,1.0,0.20244974386757741,0.05571732736184864,0.10310819131572785,0.31147047227074176,0.01735023862784153,0.0,0.0,0.0,0.0,0.0,0.0,0.0,0.1302266401458353,0.0,0.0,0.0,0.0,0.0207575896894463,0.0,0.0,0.031568599598460104,0.033108920729518106,0.39210837954383354,0.6859441755499883,0.49262218282381165,0.14238169346930435,0.0,0.0,0.0,0.0,0.0,0.0,0.0,0.17544004591562623
0.0,0.0,0.0,0.0,0.0,0.0,0.0,0.0,0.0,0.0,0.0,0.0,0.0,0.0,0.0,0.0,0.0,0.0,0.0,0.0,0.0,0.0,0.0,0.0,0.0,0.0,0.0,0.0,0.0,0.0,0.0,0.0,0.0,0.0,0.0,0.0,0.0,0.0,0.0,0.0,0.0,0.0,0.0,0.0,0.5221553710170643,0.43173958485716,0.17507467121854478,0.01993250438227853,0.0669094345806023,0.28586406470247927,0.7308224609221029,0.5433931727868258,0.29988337665459774,0.20244974386757741,1.0,0.7354302293607392,0.5421393123956082,0.4746480109059952,0.7308256663166249,0.5433967338870271,0.4746527962945993,0.542141672221507,0.52216582949838,0.28586634287258145,0.2024490081565528,0.2998827192277183,0.431770165348595,0.17510137275194,0.01994321430138779,0.06691050293991953,0.012219027288371048,0.012252570223919856,0.0,0.0,0.3753899325334411,0.0,0.0,0.0,0.03131502186337061,0.161097028629155,0.2491412800941647,0.2491372974845277,0.16110024519973223,0.0313144316052604,0.0,0.0,0.0,0.37545537444029475
0.0,0.0,0.0,0.0,0.0,0.0,0.0,0.0,0.0,0.0,0.0,0.0,0.0,0.0,0.0,0.0,0.0,0.0,0.0,0.0,0.0,0.0,0.0,0.0,0.0,0.0,0.0,0.0,0.0,0.0,0.0,0.0,0.0,0.0,0.0,0.0,0.0,0.0,0.0,0.0,0.0,0.0,0.0,0.0,0.2988438049890287,0.1935433802694007,0.0,0.0,0.0,0.08633427590004454,0.5451754688569155,0.4790028047363409,0.2139630782879552,0.05571732736184864,0.7354302293607392,1.0,0.7361585565748058,0.5512951119910617,0.545174890592741,0.4790038626581411,0.5512983038379312,0.7361612924637286,0.29885841292545523,0.08634909942038661,0.055723352825231366,0.21396281199918224,0.19358045167494733,0.0,0.0,0.0,0.0,0.0,0.0,0.0,0.1508332348349214,0.0,0.0,0.0,0.0,0.2546570266784189,0.48622212433654005,0.48621748948417604,0.25466145112178384,0.0,0.0,0.0,0.0,0.15089440002477536
