1.0,0.7383166801283008,0.5469819032007215,0.47239606343452145,0.5435399703376854,0.7350238114244281,0.7298229345345312,0.5455531163351027,0.4771884510350091,0.5420743353750281,0.5221553710170644,0.29884380498902857,0.2148583571104203,0.3048904159434596,0.4077800147404605,0.17138388879014074,0.03826216324089629,0.08378650222499477,0.38387097223122707,0.1615891232797742,0.0,0.0,0.431602480467439,0.24916747000702985,0.06569687224930827,0.03194060688136895,0.3056207679107979,0.15793578015827425,0.0716292211549451,0.007037028930726071,0.48600716103091507,0.1587027371722001,0.25014559101547834,0.2482716996644586,0.1632499444874917,0.034560355240727064,0.0,0.0,0.0,0.0,0.0,0.0,0.0,0.39835038977801973,0.0,0.0,0.0,0.0,0.0,0.0,0.0,0.0,0.0,0.0,0.0,0.0,0.0,0.0,0.0,0.0,0.0,0.0,0.0,0.0,0.07671348791379556,0.09573388082209319,0.0,0.0,0.0,0.0,0.0,0.0,0.0,0.0,0.0,0.0,0.0,0.0,0.0,0.0,0.0,0.0,0.0,0.04784911733644958,0.01450223080346303,0.0,0.0,0.0
0.7383166801283008,1.0,0.7425848190720137,0.548583948311672,0.4834487567556097,0.5500790121558288,0.5328079906858321,0.3053586612293995,0.2189431414316453,0.3080502684057208,0.43173958485716024,0.1935433802694007,0.05025253127721581,0.08935781284741105,0.4207020816048434,0.22138176029764894,0.05098103525842916,0.03274583189562082,0.43153135531151393,0.27447774495850663,0.13007715671992276,0.10333982470867853,0.41283639168403496,0.26255334433917465,0.1458217732192477,0.15235276290080454,0.5479811432983256,0.12123362540453902,0.3237689808568086,0.0,0.6868673375467472,0.2547259760910146,0.16941882671750952,0.0358587534664196,0.0,0.0,0.0,0.0,0.0,0.0,0.0,0.0,0.0,0.29033171045437667,0.0,0.0,0.0,0.0,0.0,0.0,0.0,0.0,0.0,0.0,0.0,0.0,0.0,0.0,0.0,0.0,0.0,0.0,0.0,0.0,0.0,0.0,0.0,0.0,0.0,0.0,0.0,0.0,0.0,0.0,0.0,0.0,0.0,0.0,0.0,0.0,0.0,0.0,0.0,0.0,0.0,0.0,0.0,0.0
0.5469819032007215,0.7425848190720137,1.0,0.7375077091927644,0.5546050492462206,0.48132295916581047,0.29710087732796203,0.09638543989916021,0.06677027739948858,0.2178963828932726,0.17507467121854478,0.0,0.0,0.0,0.18613031297871388,0.00012604286629294795,0.0,0.0,0.249140923119173,0.14577245376379294,0.0,0.0,0.26261729081779284,0.1866266529679588,0.10363936609997278,0.08566957574973445,0.7344828023083487,0.07743026406061754,0.4912086307757063,0.0,0.4926996226245553,0.4850369806989612,0.2581162568132278,0.0,0.0,0.0,0.0,0.0,0.0,0.0,0.0,0.0,0.0,0.11997303641876204,0.0,0.0,0.0,0.0,0.0,0.0,0.0,0.0,0.0,0.0,0.0,0.0,0.0,0.0,0.0,0.0,0.0,0.0,0.0,0.0,0.0,0.0,0.0,0.0,0.0,0.0,0.0,0.0,0.0,0.0,0.0,0.0,0.0,0.0,0.0,0.0,0.0,0.0,0.0,0.0,0.0,0.0,0.0,0.0
0.47239606343452145,0.548583948311672,0.7375077091927644,1.0,0.7454834550141456,0.5489939025337743,0.20230142829495154,0.05774855581102972,0.10367609527311913,0.30906199828407754,0.019932504382278695,0.0,0.0,0.0,0.0,0.0,0.0,0.0,0.06574885555845901,0.0,0.0,0.0,0.1459881948138593,0.10377561114514554,0.0,0.0,0.5430314722767056,0.06869986327568753,0.31986942907060567,0.0,0.25615448500588534,0.6862570519431527,0.49147456988902655,0.13648098505398798,0.0,0.0,0.0,0.0,0.0,0.0,0.0,0.0,0.0,0.04296422184196322,0.0,0.0,0.0,0.0,0.0,0.0,0.0,0.0,0.0,0.0,0.0,0.0,0.0,0.0,0.0,0.0,0.0,0.0,0.0,0.0,0.0,0.0,0.0,0.0,0.0,0.0,0.0,0.0,0.13932932034829254,0.0,0.0,0.0,0.0,0.0,0.0,0.0,0.0,0.0,0.0,0.0,0.0,0.0,0.0,0.0
0.5435399703376854,0.4834487567556097,0.5546050492462206,0.7454834550141456,1.0,0.7375436119286909,0.2973083976390491,0.21493632730651066,0.3141963666806117,0.5428853673924561,0.0669094345806023,0.0,0.0,0.0,0.0,0.0,0.0,0.0,0.032017859345679786,0.0,0.0,0.0,0.15254825263108848,0.08584995781756187,0.0,0.0,0.31206693245123207,0.09468870383973223,0.07804882717134955,0.017956999447769278,0.17054021909979197,0.48946996633506085,0.6859257191315606,0.39004330288475875,0.03784525398900462,0.0,0.0,0.0,0.0,0.0,0.0,0.0,0.0,0.10825393894147556,0.0,0.0,0.0,0.0,0.0,0.0,0.0,0.0,0.0,0.0,0.0,0.0,0.0,0.0,0.0,0.0,0.0,0.0,0.0,0.0,0.0,0.0,0.0,0.0,0.0,0.0,0.19533292691108753,0.0,0.33218407218488,0.0,0.0,0.0,0.0,0.0,0.0,0.0,0.0,0.0,0.0,0.0,0.0,0.0,0.0,0.0
0.7350238114244281,0.5500790121558288,0.48132295916581047,0.5489939025337743,0.7375436119286909,1.0,0.5375654503898808,0.4766003421706855,0.552450542547475,0.735486863294439,0.2858640647024794,0.08633427590004454,0.060573765343601066,0.21505824230231077,0.1534926064758099,0.0,0.0,0.0,0.16164144965803484,0.0,0.0,0.0,0.27462649612263074,0.1458953354613017,0.0,0.0,0.21597346564485304,0.13249423855225748,0.0,0.036350313861772184,0.2543400221242425,0.25294375236285305,0.4874632838791822,0.48482943494726216,0.2559123696232401,0.0,0.0,0.0,0.0,0.0,0.0,0.0,0.0,0.27231918765813096,0.0,0.0,0.0,0.0,0.0,0.0,0.0,0.0,0.0,0.0,0.0,0.0,0.0,0.0,0.0,0.00598763498612349,0.0,0.0,0.0,0.0,0.1293185169805734,0.12306591872786421,0.0,0.0,0.0,0.0,0.14209235732331538,0.0,0.22650181057852603,0.0,0.015007971042777676,0.0,0.0,0.0,0.0,0.0,0.0,0.0,0.0,0.016792585736419327,0.03238154785638159,0.0,0.0,0.0
0.7298229345345312,0.5328079906858321,0.29710087732796203,0.20230142829495154,0.2973083976390491,0.5375654503898808,1.0,0.7368556441552225,0.5418899757557142,0.47019778280505065,0.7308224609221028,0.5451754688569154,0.47641507673772887,0.5430568378109102,0.519844984839715,0.29350584559334947,0.21182610900685214,0.30479670730734215,0.40779423446283514,0.1534804242998553,0.01732961856877916,0.07139913627585674,0.42076303013421745,0.18617180054726187,0.0,0.0,0.08086058380867141,0.08026183415639325,0.0,0.0,0.3759229533439903,0.0,0.0254773440844981,0.15642542680989527,0.2499252056632391,0.2498247908782724,0.16284482263114855,0.03538167116279218,0.0,0.0,0.0,0.0,0.0,0.4247718921627954,0.0,0.0,0.0,0.0,0.0,0.0,0.0,0.0,0.0,0.0,0.0,0.0,0.0,0.0,0.0,0.06675757911639393,0.019298454318268377,0.0,0.0,0.0,0.13429893163012155,0.21661215073194443,0.0,0.0,0.0,0.0,0.0,0.0,0.0,0.0,0.0,0.0,0.0,0.0,0.0,0.0,0.0,0.0,0.0,0.21507531975326274,0.05417142664918139,0.0,0.0,0.0
0.5455531163351027,0.3053586612293995,0.09638543989916021,0.05774855581102972,0.21493632730651066,0.4766003421706855,0.7368556441552225,1.0,0.7348722843267663,0.5487943144758926,0.5433931727868256,0.4790028047363409,0.5523401256617655,0.7361489869998336,0.293515259381116,0.08717852334317144,0.05937182477986045,0.2159707053868952,0.17142006720850425,0.0,0.0,0.0,0.22146997629543508,0.00021476121355567266,0.0,0.0,0.0,0.0,0.0,0.0,0.12428231395954395,0.0,0.0,0.25241015229835245,0.48595523447813765,0.48571879951055114,0.2557684215582172,0.0,0.0,0.0,0.0,0.0,0.0,0.27078793323211997,0.0,0.0,0.0,0.0,0.0,0.0,0.0,0.0,0.0,0.0,0.0,0.0,0.0,0.0,0.06434003797864642,0.2527691137394308,0.23931456798022893,0.04208103592991598,0.0,0.0,0.19915881216764458,0.33854375395890074,0.0,0.0,0.0,0.0,0.0,0.0,0.0,0.0,0.0,0.0,0.0,0.0,0.0,0.0,0.0,0.0,0.19301657398516178,0.31816183951332044,0.05667434738263296,0.0,0.0,0.0
0.4771884510350091,0.2189431414316453,0.06677027739948858,0.10367609527311913,0.3141963666806117,0.552450542547475,0.5418899757557142,0.7348722843267663,1.0,0.747907514793004,0.2998833766545977,0.2139630782879552,0.3124289815625369,0.5431664985113954,0.0714178360737807,0.0,0.0,0.0,0.0,0.0,0.0,0.0,0.10346303096729319,0.0,0.0,0.0,0.0,0.0,0.0,0.0,0.0,0.0,0.14187982756007445,0.4919225749910354,0.6858581575406585,0.39316330674497196,0.0365765531980325,0.0,0.0,0.0,0.0,0.0,0.0,0.16898487178800212,0.0,0.12174154945921761,0.0048967685119967515,0.0,0.0,0.0,0.0,0.0,0.0,0.0,0.09852443396334336,0.03257828666586691,0.0,0.0,0.2164261605767033,0.341736891363619,0.2843946092636729,0.11782046929521618,0.0910289136645996,0.11591419826662583,0.25941715931415704,0.3729533818275645,0.0,0.0,0.0,0.0,0.08218881872514339,0.0,0.06225822830714477,0.0,0.1970519954977713,0.0,0.0,0.0,0.0,0.0,0.0,0.0,0.16604328488651462,0.2696022146685962,0.07591024051882077,0.0,0.0,0.0
0.5420743353750281,0.3080502684057208,0.2178963828932726,0.30906199828407754,0.5428853673924561,0.735486863294439,0.47019778280505065,0.5487943144758926,0.747907514793004,1.0,0.20244974386757741,0.055717327361848805,0.10310819131572801,0.31147047227074187,0.017350238627841692,0.0,0.0,0.0,0.0,0.0,0.0,0.0,0.13022664014583513,0.0,0.0,0.0,0.0,0.0207575896894463,0.0,0.0,0.031568599598459944,0.033108920729518106,0.3921083795438336,0.6859441755499881,0.49262218282381165,0.14238169346930435,0.0,0.0,0.0,0.0,0.0,0.0,0.0,0.17544004591562615,0.0,0.18498829959678753,0.13100037676913948,0.0,0.0,0.0,0.0,0.0,0.0,0.0,0.008666114750157826,0.0,0.0,0.0,0.13890463286431645,0.20696178824506606,0.09058791413651496,0.0,0.07656411762034641,0.12681348960694117,0.23255231274600738,0.26498139954608135,0.0,0.0,0.0,0.0,0.26329769983952916,0.0,0.28266120085078356,0.0,0.24110169432867146,0.0,0.0,0.0,0.0,0.0,0.0,0.0,0.0,0.1260149017921309,0.07395597456314724,0.0,0.0,0.0
0.5221553710170644,0.43173958485716024,0.17507467121854478,0.019932504382278695,0.0669094345806023,0.2858640647024794,0.7308224609221028,0.5433931727868256,0.2998833766545977,0.20244974386757741,1.0,0.7354302293607392,0.5421393123956081,0.4746480109059952,0.7308256663166249,0.5433967338870271,0.47465279629459944,0.542141672221507,0.5221658294983801,0.2858663428725816,0.2024490081565528,0.2998827192277183,0.4317701653485952,0.17510137275194,0.019943214301387624,0.06691050293991953,0.012219027288371213,0.012252570223920019,0.0,0.0,0.3753899325334412,0.0,0.0,0.0,0.03131502186337044,0.161097028629155,0.2491412800941647,0.2491372974845278,0.16110024519973223,0.0313144316052604,0.0,0.0,0.0,0.375455374440295,0.0,0.0,0.0,0.0,0.0,0.0,0.0,0.0,0.0,0.0,0.0,0.0,0.0,0.0,0.0,0.0,0.0,0.0,0.0,0.0,0.002590945933577239,0.0963954734419374,0.0,0.0,0.0,0.0,0.0,0.0,0.0,0.0,0.0,0.0,0.0,0.0,0.0,0.0,0.0,0.0,0.0,0.1409084578322145,0.0,0.0,0.0,0.0
0.29884380498902857,0.1935433802694007,0.0,0.0,0.0,0.08633427590004454,0.5451754688569154,0.4790028047363409,0.2139630782879552,0.055717327361848805,0.7354302293607392,1.0,0.7361585565748057,0.5512951119910617,0.545174890592741,0.47900386265814116,0.5512983038379314,0.7361612924637287,0.29885841292545523,0.08634909942038695,0.055723352825231366,0.21396281199918224,0.1935804516749475,0.0,0.0,0.0,0.0,0.0,0.0,0.0,0.1508332348349214,0.0,0.0,0.0,0.0,0.2546570266784189,0.48622212433654005,0.4862174894841761,0.25466145112178384,0.0,0.0,0.0,0.0,0.1508944000247756,0.0,0.0,0.0,0.0,0.0,0.0,0.0,0.0,0.0,0.0,0.0,0.0,0.0,0.0,0.0,0.0,0.0,0.0,0.0,0.0,0.0,0.026020752150632077,0.0,0.0,0.0,0.0,0.0,0.0,0.0,0.0,0.0,0.0,0.0,0.0,0.0,0.0,0.0,0.0,0.0,0.09155031224775373,0.0,0.0,0.0,0.0
0.2148583571104203,0.05025253127721581,0.0,0.0,0.0,0.060573765343601066,0.47641507673772887,0.5523401256617655,0.3124289815625369,0.10310819131572801,0.5421393123956081,0.7361585565748057,1.0,0.7473476311242553,0.30480140309482545,0.21597268914600165,0.3119617447813125,0.5435021002972846,0.08381654706432973,0.0,0.0,0.0,0.03281002874836121,0.0,0.0,0.0,0.0,0.0,0.0,0.0,0.0,0.0,0.0,0.0,0.1425364995415493,0.49137839147551415,0.6858858203803067,0.39333868762117496,0.035351250416980735,0.0,0.0,0.0,0.0,0.03754334816204434,0.0,0.0,0.0,0.0,0.0,0.0,0.0,0.0,0.0,0.0,0.0,0.0,0.0,0.0,0.0,0.035353287228299356,0.12937315095730867,0.0,0.0,0.0,0.0,0.10816049993562847,0.0,0.0,0.0,0.0,0.0,0.0,0.0,0.0,0.0,0.0,0.0,0.0,0.0,0.0,0.0,0.0,0.17449880822002437,0.16040232136414678,0.0,0.0,0.0,0.0
0.3048904159434596,0.08935781284741105,0.0,0.0,0.0,0.21505824230231077,0.5430568378109102,0.7361489869998336,0.5431664985113954,0.31147047227074187,0.4746480109059952,0.5512951119910617,0.7473476311242553,1.0,0.21183493306027476,0.059375177766128016,0.10276631409225045,0.3119616242596695,0.038301093897935276,0.0,0.0,0.0,0.05106418013161358,0.0,0.0,0.0,0.0,0.0,0.0,0.0,0.0,0.0,0.0,0.035645851209289425,0.3942131767303839,0.685914361354089,0.4914705259783287,0.14153258457480314,0.0,0.0,0.0,0.0,0.0,0.09346968418541295,0.0,0.0,0.0,0.0,0.0,0.0,0.0,0.0,0.0,0.0,0.0,0.0,0.0,0.0,0.012551326339200834,0.2335811589566663,0.30978185755180027,0.13177454081737874,0.0,0.0,0.07902593265757502,0.2753978859517954,0.0,0.0,0.0,0.0,0.0,0.0,0.0,0.0,0.0,0.0,0.0,0.0,0.0,0.0,0.0,0.0,0.31489924364152866,0.2892430714518,0.0,0.0,0.0,0.0
0.4077800147404605,0.4207020816048434,0.18613031297871388,0.0,0.0,0.1534926064758099,0.519844984839715,0.293515259381116,0.0714178360737807,0.017350238627841692,0.7308256663166249,0.545174890592741,0.30480140309482545,0.21183493306027476,1.0,0.736852061170034,0.5430531078289508,0.47641149271696,0.7298280934166304,0.5375684063403813,0.47019805058453795,0.5418871074690362,0.5328220694008665,0.2971145499456933,0.2023091777549408,0.29731116275298386,0.08019171047870795,0.08087317187569473,0.0,0.0,0.424631617922777,0.0,0.0,0.0,0.0,0.0,0.035394270942561666,0.16284043465611683,0.249819457102867,0.24992240782076688,0.1564244068234565,0.025477455077243135,0.0,0.3759542208738466,0.0,0.0,0.0,0.0,0.0,0.0,0.0,0.0,0.0,0.0,0.0,0.0,0.0,0.0,0.0,0.0,0.0,0.0,0.0,0.0,0.0,0.0,0.0,0.0,0.0,0.0,0.0,0.0,0.0,0.0,0.0,0.0,0.0,0.0,0.0,0.0,0.0,0.0,0.0,0.0,0.0,0.0,0.0,0.0
0.17138388879014074,0.22138176029764894,0.00012604286629294795,0.0,0.0,0.0,0.29350584559334947,0.08717852334317144,0.0,0.0,0.5433967338870271,0.47900386265814116,0.21597268914600165,0.059375177766128016,0.736852061170034,1.0,0.7361478075620349,0.5523381799052912,0.5455494554251219,0.47660130101769943,0.5487945390858183,0.7348700795297398,0.3053611843410058,0.09639170472455068,0.057755359233810095,0.21493985830225978,0.0,0.0,0.0,0.0,0.27063548520181524,0.0,0.0,0.0,0.0,0.0,0.0,0.2557678600530439,0.48571564616410096,0.48595399774725,0.2524096055057574,0.0,0.0,0.12429793107019967,0.0,0.0,0.0,0.0,0.0,0.0,0.0,0.0,0.0,0.0,0.0,0.0,0.0,0.0,0.0,0.0,0.0,0.0,0.0,0.0,0.0,0.0,0.0,0.0,0.0,0.0,0.0,0.0,0.0,0.0,0.0,0.0,0.0,0.0,0.0,0.0,0.0,0.0,0.0,0.0,0.0,0.0,0.0,0.0
0.03826216324089629,0.05098103525842916,0.0,0.0,0.0,0.0,0.21182610900685214,0.05937182477986045,0.0,0.0,0.47465279629459944,0.5512983038379314,0.3119617447813125,0.10276631409225045,0.5430531078289508,0.7361478075620349,1.0,0.7473469747335907,0.304892276722018,0.21506521698913394,0.3114718366800781,0.5431620367729506,0.08937098093903655,0.0,0.0,0.0,0.0,0.0,0.0,0.0,0.0933482152547509,0.0,0.0,0.0,0.0,0.0,0.1415416303061449,0.4914712510788129,0.685914137600028,0.3942060573207931,0.03564624828770155,0.0,0.0,0.0,0.0,0.0,0.0,0.0,0.0,0.0,0.0,0.0,0.0,0.0,0.0,0.0,0.0,0.0,0.0,0.0,0.0,0.0,0.0,0.0,0.0,0.0,0.0,0.0,0.0,0.0,0.0,0.0,0.0,0.0,0.0,0.0,0.0,0.0,0.0,0.0,0.0,0.0,0.0,0.0,0.0,0.0,0.0,0.0
0.08378650222499477,0.03274583189562082,0.0,0.0,0.0,0.0,0.30479670730734215,0.2159707053868952,0.0,0.0,0.542141672221507,0.7361612924637287,0.5435021002972846,0.3119616242596695,0.47641149271696,0.5523381799052912,0.7473469747335907,1.0,0.21486834784198763,0.06058905404114459,0.10311408976374511,0.3124263268218935,0.050280752271493076,0.0,0.0,0.0,0.0,0.0,0.0,0.0,0.03745191169882034,0.0,0.0,0.0,0.0,0.03534953741028244,0.39334731770139086,0.6858835036689799,0.4913811294603794,0.14253004555244086,0.0,0.0,0.0,0.0,0.0,0.0,0.0,0.0,0.0,0.0,0.0,0.0,0.0,0.0,0.0,0.0,0.0,0.0,0.0,0.0,0.0,0.0,0.0,0.0,0.0,0.0,0.0,0.0,0.0,0.0,0.0,0.0,0.0,0.0,0.0,0.0,0.0,0.0,0.0,0.0,0.0,0.0,0.0,0.0,0.0,0.0,0.0,0.0
0.38387097223122707,0.43153135531151393,0.249140923119173,0.06574885555845901,0.032017859345679786,0.16164144965803484,0.40779423446283514,0.17142006720850425,0.0,0.0,0.5221658294983801,0.29885841292545523,0.08381654706432973,0.038301093897935276,0.7298280934166304,0.5455494554251219,0.304892276722018,0.21486834784198763,1.0,0.735022413766164,0.5420697510561185,0.47718267103147083,0.7383203001934548,0.5469856044851444,0.4723984762929794,0.5435401827392725,0.1578530451801302,0.3056210900413447,0.006908436857683563,0.07163054717238745,0.3981671645644977,0.0,0.0,0.0,0.0,0.0,0.0,0.0,0.03455907810677834,0.16324446448095886,0.2482669936291218,0.25014481350807405,0.15870093766934348,0.4860179248394983,0.0,0.0,0.0,0.0,0.0,0.0,0.0,0.0,0.0,0.0,0.0,0.0,0.0,0.0,0.0,0.0,0.0,0.0,0.0,0.0,0.0,0.0,0.0,0.0,0.0,0.0,0.0,0.0,0.0,0.0,0.0,0.0,0.0,0.0,0.0,0.0,0.0,0.0,0.0,0.0,0.0,0.0,0.0,0.0
0.1615891232797742,0.27447774495850663,0.14577245376379294,0.0,0.0,0.0,0.1534804242998553,0.0,0.0,0.0,0.2858663428725816,0.08634909942038695,0.0,0.0,0.5375684063403813,0.47660130101769943,0.21506521698913394,0.06058905404114459,0.735022413766164,1.0,0.7354843421182612,0.5524505934766649,0.5500763393181864,0.4813173209721329,0.5489899212734882,0.7375412754697143,0.13228399233699178,0.21596428558562256,0.03607004175183991,0.0,0.2720594999701019,0.0,0.0,0.0,0.0,0.0,0.0,0.0,0.0,0.2559125741643665,0.48482634822594173,0.48746170533237215,0.252937999797571,0.2543411945258293,0.0,0.0,0.0,0.0,0.0,0.0,0.0,0.0,0.0,0.0,0.0,0.0,0.0,0.0,0.0,0.0,0.0,0.0,0.0,0.0,0.0,0.0,0.0,0.0,0.0,0.0,0.0,0.0,0.0,0.0,0.0,0.0,0.0,0.0,0.0,0.0,0.0,0.0,0.0,0.0,0.0,0.0,0.0,0.0
0.0,0.13007715671992276,0.0,0.0,0.0,0.0,0.01732961856877916,0.0,0.0,0.0,0.2024490081565528,0.055723352825231366,0.0,0.0,0.47019805058453795,0.5487945390858183,0.3114718366800781,0.10311408976374511,0.5420697510561185,0.7354843421182612,1.0,0.7479097614702854,0.3080442557528662,0.2178870818136963,0.30905461677178164,0.5428796925500227,0.02052649783450429,0.0,0.0,0.0,0.1751988678289683,0.0,0.0,0.0,0.0,0.0,0.0,0.0,0.14237956793802561,0.49262413030361374,0.6859434865205477,0.39210324995513535,0.033100461828726925,0.031568915908104095,0.0,0.0,0.0,0.0,0.0,0.0,0.0,0.0,0.0,0.0,0.0,0.0,0.0,0.0,0.0,0.0,0.0,0.0,0.0,0.0,0.0,0.0,0.0,0.0,0.0,0.0,0.0,0.0,0.0,0.0,0.0,0.0,0.0,0.0,0.0,0.0,0.0,0.0,0.0,0.0,0.0,0.0,0.0,0.0
0.0,0.10333982470867853,0.0,0.0,0.0,0.0,0.07139913627585674,0.0,0.0,0.0,0.2998827192277183,0.21396281199918224,0.0,0.0,0.5418871074690362,0.7348700795297398,0.5431620367729506,0.3124263268218935,0.47718267103147083,0.5524505934766649,0.7479097614702854,1.0,0.2189389624064534,0.06676746834114332,0.1036769165032307,0.3141974645193608,0.0,0.0,0.0,0.0,0.16878844148754804,0.0,0.0,0.0,0.0,0.0,0.0,0.036578076269583516,0.39315499681129185,0.6858586646018636,0.4919247820703468,0.14188154767737374,0.0,0.0,0.0,0.0,0.0,0.0,0.0,0.0,0.0,0.0,0.0,0.0,0.0,0.0,0.0,0.0,0.0,0.0,0.0,0.0,0.0,0.0,0.0,0.0,0.0,0.0,0.0,0.0,0.0,0.0,0.0,0.0,0.0,0.0,0.0,0.0,0.0,0.0,0.0,0.0,0.0,0.0,0.0,0.0,0.0,0.0
0.431602480467439,0.41283639168403496,0.26261729081779284,0.1459881948138593,0.15254825263108848,0.27462649612263074,0.42076303013421745,0.22146997629543508,0.10346303096729319,0.13022664014583513,0.4317701653485952,0.1935804516749475,0.03281002874836121,0.05106418013161358,0.5328220694008665,0.3053611843410058,0.08937098093903655,0.050280752271493076,0.7383203001934548,0.5500763393181864,0.3080442557528662,0.2189389624064534,1.0,0.7425880717278829,0.5485871546457847,0.483449274630623,0.1212287951749341,0.5479790959344817,0.0,0.3237670041394737,0.2902204796660468,0.0,0.0,0.0,0.0,0.0,0.0,0.0,0.0,0.0,0.03585105509479876,0.1694185034114421,0.25472333904542094,0.6868658822196682,0.0,0.0,0.0,0.0,0.0,0.0,0.0,0.0,0.0,0.0,0.0,0.0,0.0,0.0,0.0,0.0,0.0,0.0,0.0,0.0,0.18776691820814218,0.12903738964049746,0.0,0.0,0.0,0.0,0.0,0.0,0.0,0.0,0.0,0.0,0.0,0.0,0.0,0.0,0.0,0.0,0.0,0.10629375592992682,0.23244532917394412,0.0,0.0,0.0
0.24916747000702985,0.26255334433917465,0.1866266529679588,0.10377561114514554,0.08584995781756187,0.1458953354613017,0.18617180054726187,0.00021476121355567266,0.0,0.0,0.17510137275194,0.0,0.0,0.0,0.2971145499456933,0.09639170472455068,0.0,0.0,0.5469856044851444,0.4813173209721329,0.2178870818136963,0.06676746834114332,0.7425880717278829,1.0,0.7375070620265383,0.5546015198363009,0.07734008354035256,0.7344805035667255,0.0,0.49120893231530266,0.11980481488405173,0.0,0.0,0.0,0.0,0.0,0.0,0.0,0.0,0.0,0.0,0.2581114129734774,0.4850299126666506,0.4926948384021751,0.0,0.0,0.0,0.0,0.0,0.0,0.0,0.0,0.0,0.0,0.0,0.0,0.0,0.0,0.0,0.0,0.0,0.0,0.0,0.0,0.1382167802854651,0.015371970655369733,0.0,0.0,0.0,0.0,0.0,0.0,0.0,0.0,0.0,0.0,0.0,0.0,0.0,0.0,0.0,0.0,0.0,0.0,0.21092641961170217,0.005367494166262879,0.0,0.0
0.06569687224930827,0.1458217732192477,0.10363936609997278,0.0,0.0,0.0,0.0,0.0,0.0,0.0,0.019943214301387624,0.0,0.0,0.0,0.2023091777549408,0.057755359233810095,0.0,0.0,0.4723984762929794,0.5489899212734882,0.30905461677178164,0.1036769165032307,0.5485871546457847,0.7375070620265383,1.0,0.7454813410875302,0.06844702378827468,0.5430307554739646,0.0,0.3198726535469427,0.0427017751563001,0.0,0.0,0.0,0.0,0.0,0.0,0.0,0.0,0.0,0.13646948851367796,0.4914710178977506,0.6862528676821151,0.2561516285185135,0.0,0.0,0.0,0.0,0.0,0.0,0.0,0.0,0.0,0.0,0.0,0.0,0.0,0.0,0.0,0.0,0.0,0.0,0.0,0.0,0.0,0.0,0.0,0.0,0.0,0.0,0.0,0.0,0.0,0.0,0.0,0.0,0.0,0.0,0.0,0.0,0.0,0.0,0.0,0.0,0.0,0.0,0.0,0.0
0.03194060688136895,0.15235276290080454,0.08566957574973445,0.0,0.0,0.0,0.0,0.0,0.0,0.0,0.06691050293991953,0.0,0.0,0.0,0.29731116275298386,0.21493985830225978,0.0,0.0,0.5435401827392725,0.7375412754697143,0.5428796925500227,0.3141974645193608,0.483449274630623,0.5546015198363009,0.7454813410875302,1.0,0.09438574837315147,0.31206168543158275,0.01755122663009536,0.07804658397873089,0.10795693817111371,0.0,0.0,0.0,0.0,0.0,0.0,0.0,0.0,0.0378471985757629,0.3900348105746809,0.6859250623420765,0.4894679615819275,0.17053903660930325,0.0,0.0,0.0,0.0,0.0,0.0,0.0,0.0,0.0,0.0,0.0,0.0,0.0,0.0,0.0,0.0,0.0,0.0,0.0,0.0,0.0,0.0,0.0,0.0,0.0,0.0,0.0,0.0,0.0,0.0,0.0,0.0,0.0,0.0,0.0,0.0,0.0,0.0,0.0,0.0,0.0,0.0,0.0,0.0
0.3056207679107979,0.5479811432983256,0.7344828023083487,0.5430314722767056,0.31206693245123207,0.21597346564485304,0.08086058380867141,0.0,0.0,0.0,0.012219027288371213,0.0,0.0,0.0,0.08019171047870795,0.0,0.0,0.0,0.1578530451801302,0.13228399233699178,0.02052649783450429,0.0,0.1212287951749341,0.07734008354035256,0.06844702378827468,0.09438574837315147,1.0,0.0,0.7567242633694322,0.0,0.3997693416312046,0.3893221944489928,0.0355044442684928,0.0,0.0,0.0,0.0,0.0,0.0,0.0,0.0,0.0,0.0,0.0,0.0,0.0,0.0,0.0,0.0,0.0,0.0,0.0,0.0,0.0,0.0,0.0,0.0,0.0,0.0,0.0,0.0,0.0,0.0,0.0,0.0,0.0,0.0,0.0,0.0,0.0,0.0,0.0,0.0,0.0,0.0,0.0,0.0,0.0,0.0,0.0,0.0,0.0,0.0,0.0,0.0,0.0,0.0,0.0
0.15793578015827425,0.12123362540453902,0.07743026406061754,0.06869986327568753,0.09468870383973223,0.13249423855225748,0.08026183415639325,0.0,0.0,0.0207575896894463,0.012252570223920019,0.0,0.0,0.0,0.08087317187569473,0.0,0.0,0.0,0.3056210900413447,0.21596428558562256,0.0,0.0,0.5479790959344817,0.7344805035667255,0.5430307554739646,0.31206168543158275,0.0,1.0,0.0,0.7567268193701492,0.0,0.0,0.0,0.0,0.0,0.0,0.0,0.0,0.0,0.0,0.0,0.03549778743377692,0.38931671965799625,0.3997552763451872,0.0,0.0,0.0,0.0,0.0,0.0,0.0,0.0,0.0,0.0,0.0,0.0,0.0,0.0,0.0,0.0,0.0,0.0,0.0,0.14910194340812408,0.27451315402916177,0.09571583910194637,0.0,0.0,0.0,0.197666630377834,0.0,0.0,0.0,0.0,0.0,0.0,0.0,0.0,0.0,0.0,0.0,0.0,0.0,0.0,0.3466634615157693,0.24977838765872085,0.0,0.0
0.0716292211549451,0.3237689808568086,0.4912086307757063,0.31986942907060567,0.07804882717134955,0.0,0.0,0.0,0.0,0.0,0.0,0.0,0.0,0.0,0.0,0.0,0.0,0.0,0.006908436857683563,0.03607004175183991,0.0,0.0,0.0,0.0,0.0,0.01755122663009536,0.7567242633694322,0.0,1.0,0.0,0.23315056628027087,0.2232524549481819,0.0,0.0,0.0,0.0,0.0,0.0,0.0,0.0,0.0,0.0,0.0,0.0,0.0,0.0,0.0,0.0,0.0,0.0,0.0,0.0,0.0,0.0,0.0,0.0,0.0,0.0,0.0,0.0,0.0,0.0,0.0,0.0,0.0,0.0,0.0,0.0,0.0,0.0,0.0,0.0,0.0,0.0,0.0,0.0,0.0,0.0,0.0,0.0,0.0,0.0,0.0,0.0,0.0,0.0,0.0,0.0
0.007037028930726071,0.0,0.0,0.0,0.017956999447769278,0.036350313861772184,0.0,0.0,0.0,0.0,0.0,0.0,0.0,0.0,0.0,0.0,0.0,0.0,0.07163054717238745,0.0,0.0,0.0,0.3237670041394737,0.49120893231530266,0.3198726535469427,0.07804658397873089,0.0,0.7567268193701492,0.0,1.0,0.0,0.0,0.0,0.0,0.0,0.0,0.0,0.0,0.0,0.0,0.0,0.0,0.22325278599511053,0.23313236091380074,0.0,0.0,0.0,0.0,0.0,0.0,0.0,0.0,0.0,0.0,0.0,0.0,0.0,0.0,0.0,0.0,0.0,0.0,0.0,0.2506694015959527,0.3144824533733139,0.08225012193852574,0.0,0.0,0.1493620224830978,0.35749466327065693,0.0,0.0,0.0,0.0,0.0,0.0,0.0,0.0,0.0,0.0,0.0,0.0,0.0,0.0,0.36701800244007365,0.42563258007640775,0.004763770501017371,0.0
0.48600716103091507,0.6868673375467472,0.4926996226245553,0.25615448500588534,0.17054021909979197,0.2543400221242425,0.3759229533439903,0.12428231395954395,0.0,0.031568599598459944,0.3753899325334412,0.1508332348349214,0.0,0.0,0.424631617922777,0.27063548520181524,0.0933482152547509,0.03745191169882034,0.3981671645644977,0.2720594999701019,0.1751988678289683,0.16878844148754804,0.2902204796660468,0.11980481488405173,0.0427017751563001,0.10795693817111371,0.3997693416312046,0.0,0.23315056628027087,0.0,1.0,0.0,0.0,0.0,0.0,0.0,0.0,0.0,0.0,0.0,0.0,0.0,0.0,0.16702835518119347,0.0,0.0,0.0,0.0,0.0,0.0,0.0,0.0,0.0,0.0,0.0,0.0,0.0,0.0,0.0,0.0,0.0,0.0,0.0,0.0,0.0,0.0,0.0,0.0,0.0,0.0,0.0,0.0,0.0,0.0,0.0,0.0,0.0,0.0,0.0,0.0,0.0,0.0,0.0,0.0,0.0,0.0,0.0,0.0
0.1587027371722001,0.2547259760910146,0.4850369806989612,0.6862570519431527,0.48946996633506085,0.25294375236285305,0.0,0.0,0.0,0.033108920729518106,0.0,0.0,0.0,0.0,0.0,0.0,0.0,0.0,0.0,0.0,0.0,0.0,0.0,0.0,0.0,0.0,0.3893221944489928,0.0,0.2232524549481819,0.0,0.0,1.0,0.4066966509274187,0.0,0.0,0.0,0.0,0.0,0.0,0.0,0.0,0.0,0.0,0.0,0.0,0.0,0.0,0.0,0.0,0.0,0.0,0.0,0.0,0.0,0.0,0.0,0.0,0.0,0.0,0.0,0.0,0.0,0.0,0.0,0.0,0.0,0.0,0.0,0.0,0.0,0.0,0.0,0.008361735227724588,0.0,0.0,0.0,0.0,0.0,0.0,0.0,0.0,0.0,0.0,0.0,0.0,0.0,0.0,0.0
0.25014559101547834,0.16941882671750952,0.2581162568132278,0.49147456988902655,0.6859257191315606,0.4874632838791822,0.0254773440844981,0.0,0.14187982756007445,0.3921083795438336,0.0,0.0,0.0,0.0,0.0,0.0,0.0,0.0,0.0,0.0,0.0,0.0,0.0,0.0,0.0,0.0,0.0355044442684928,0.0,0.0,0.0,0.0,0.4066966509274187,1.0,0.41912553704508654,0.0,0.0,0.0,0.0,0.0,0.0,0.0,0.0,0.0,0.0,0.0,0.0,0.00927780233870195,0.0,0.0,0.0,0.0,0.0,0.0,0.0,0.0,0.0,0.0,0.0,0.0,0.0,0.0,0.0,0.0,0.0,0.0,0.0,0.0,0.0,0.0,0.0,0.3219467812258038,0.0,0.5138000690713929,0.0,0.0,0.0,0.0,0.0,0.0,0.0,0.0,0.0,0.0,0.0,0.0,0.0,0.0,0.0
0.2482716996644586,0.0358587534664196,0.0,0.13648098505398798,0.39004330288475875,0.48482943494726216,0.15642542680989527,0.25241015229835245,0.4919225749910354,0.6859441755499881,0.0,0.0,0.0,0.035645851209289425,0.0,0.0,0.0,0.0,0.0,0.0,0.0,0.0,0.0,0.0,0.0,0.0,0.0,0.0,0.0,0.0,0.0,0.0,0.41912553704508654,1.0,0.4086768458840033,0.0,0.0,0.0,0.0,0.0,0.0,0.0,0.0,0.0,0.0,0.29898621732987524,0.2636629454066997,0.0,0.0,0.0,0.0,0.0,0.0,0.0,0.0,0.0,0.0,0.0,0.07868370079341748,0.08545714954216059,0.0,0.0,0.020939840487324866,0.04098661258320151,0.09811066918731806,0.10720381980603291,0.0,0.0,0.0,0.0,0.4322509512937352,0.0,0.42747864953088766,0.0,0.3374648519069948,0.0,0.0,0.0,0.0,0.0,0.0,0.0,0.0,0.0,0.0,0.0,0.0,0.0
0.1632499444874917,0.0,0.0,0.0,0.03784525398900462,0.2559123696232401,0.2499252056632391,0.48595523447813765,0.6858581575406585,0.49262218282381165,0.03131502186337044,0.0,0.1425364995415493,0.3942131767303839,0.0,0.0,0.0,0.0,0.0,0.0,0.0,0.0,0.0,0.0,0.0,0.0,0.0,0.0,0.0,0.0,0.0,0.0,0.0,0.4086768458840033,1.0,0.42564564078104794,0.0,0.0,0.0,0.0,0.0,0.0,0.0,0.0,0.0,0.12390070677034887,0.0,0.0,0.0,0.0,0.0,0.0,0.0,0.0,0.1822756256987485,0.12574411843416541,0.0,0.0,0.2741600882881579,0.4117777847639013,0.3838966573209791,0.21937290969498818,0.052567050723021924,0.009798679784154742,0.15288512853369332,0.3445975775995853,0.0,0.0,0.0,0.0,0.0,0.0,0.0,0.0,0.21248228400905947,0.0,0.0,0.0,0.0,0.0,0.0,0.0,0.18896350262899936,0.1739397772291355,0.0,0.0,0.0,0.0
0.034560355240727064,0.0,0.0,0.0,0.0,0.0,0.2498247908782724,0.48571879951055114,0.39316330674497196,0.14238169346930435,0.161097028629155,0.2546570266784189,0.49137839147551415,0.685914361354089,0.0,0.0,0.0,0.03534953741028244,0.0,0.0,0.0,0.0,0.0,0.0,0.0,0.0,0.0,0.0,0.0,0.0,0.0,0.0,0.0,0.0,0.42564564078104794,1.0,0.4065244110003326,0.0,0.0,0.0,0.0,0.0,0.0,0.0,0.0,0.0,0.0,0.0,0.0,0.0,0.0,0.0,0.0,0.0,0.0,0.0,0.0,0.0,0.0,0.23821702171912504,0.4031010589858448,0.22622877813575346,0.0,0.0,0.0,0.20007726130670675,0.0,0.0,0.0,0.0,0.0,0.0,0.0,0.0,0.0,0.0,0.0,0.0,0.0,0.0,0.0,0.0421484983345247,0.38966109098565116,0.17601200300560305,0.0,0.0,0.0,0.0
0.0,0.0,0.0,0.0,0.0,0.0,0.16284482263114855,0.2557684215582172,0.0365765531980325,0.0,0.2491412800941647,0.48622212433654005,0.6858858203803067,0.4914705259783287,0.035394270942561666,0.0,0.1415416303061449,0.39334731770139086,0.0,0.0,0.0,0.0,0.0,0.0,0.0,0.0,0.0,0.0,0.0,0.0,0.0,0.0,0.0,0.0,0.0,0.4065244110003326,1.0,0.4240429160804989,0.0,0.0,0.0,0.0,0.0,0.0,0.0,0.0,0.0,0.0,0.0,0.0,0.0,0.0,0.0,0.0,0.0,0.0,0.0,0.0,0.0,0.0,0.0,0.0,0.0,0.0,0.0,0.0,0.0,0.0,0.0,0.0,0.0,0.0,0.0,0.0,0.0,0.0,0.0,0.0,0.0,0.0,0.0,0.0,0.035539898607868936,0.0,0.0,0.0,0.0,0.0
0.0,0.0,0.0,0.0,0.0,0.0,0.03538167116279218,0.0,0.0,0.0,0.2491372974845278,0.4862174894841761,0.39333868762117496,0.14153258457480314,0.16284043465611683,0.2557678600530439,0.4914712510788129,0.6858835036689799,0.0,0.0,0.0,0.036578076269583516,0.0,0.0,0.0,0.0,0.0,0.0,0.0,0.0,0.0,0.0,0.0,0.0,0.0,0.0,0.4240429160804989,1.0,0.40653551783707736,0.0,0.0,0.0,0.0,0.0,0.0,0.0,0.0,0.0,0.0,0.0,0.0,0.0,0.0,0.0,0.0,0.0,0.0,0.0,0.0,0.0,0.0,0.0,0.0,0.0,0.0,0.0,0.0,0.0,0.0,0.0,0.0,0.0,0.0,0.0,0.0,0.0,0.0,0.0,0.0,0.0,0.0,0.0,0.0,0.0,0.0,0.0,0.0,0.0
0.0,0.0,0.0,0.0,0.0,0.0,0.0,0.0,0.0,0.0,0.16110024519973223,0.25466145112178384,0.035351250416980735,0.0,0.249819457102867,0.48571564616410096,0.685914137600028,0.4913811294603794,0.03455907810677834,0.0,0.14237956793802561,0.39315499681129185,0.0,0.0,0.0,0.0,0.0,0.0,0.0,0.0,0.0,0.0,0.0,0.0,0.0,0.0,0.0,0.40653551783707736,1.0,0.425628283670228,0.0,0.0,0.0,0.0,0.0,0.0,0.0,0.0,0.0,0.0,0.0,0.0,0.0,0.0,0.0,0.0,0.0,0.0,0.0,0.0,0.0,0.0,0.0,0.0,0.0,0.0,0.0,0.0,0.0,0.0,0.0,0.0,0.0,0.0,0.0,0.0,0.0,0.0,0.0,0.0,0.0,0.0,0.0,0.0,0.0,0.0,0.0,0.0
0.0,0.0,0.0,0.0,0.0,0.0,0.0,0.0,0.0,0.0,0.0313144316052604,0.0,0.0,0.0,0.24992240782076688,0.48595399774725,0.3942060573207931,0.14253004555244086,0.16324446448095886,0.2559125741643665,0.49262413030361374,0.6858586646018636,0.0,0.0,0.0,0.0378471985757629,0.0,0.0,0.0,0.0,0.0,0.0,0.0,0.0,0.0,0.0,0.0,0.0,0.425628283670228,1.0,0.40868027443839844,0.0,0.0,0.0,0.0,0.0,0.0,0.0,0.0,0.0,0.0,0.0,0.0,0.0,0.0,0.0,0.0,0.0,0.0,0.0,0.0,0.0,0.0,0.0,0.0,0.0,0.0,0.0,0.0,0.0,0.0,0.0,0.0,0.0,0.0,0.0,0.0,0.0,0.0,0.0,0.0,0.0,0.0,0.0,0.0,0.0,0.0,0.0
0.0,0.0,0.0,0.0,0.0,0.0,0.0,0.0,0.0,0.0,0.0,0.0,0.0,0.0,0.1564244068234565,0.2524096055057574,0.03564624828770155,0.0,0.2482669936291218,0.48482634822594173,0.6859434865205477,0.4919247820703468,0.03585105509479876,0.0,0.13646948851367796,0.3900348105746809,0.0,0.0,0.0,0.0,0.0,0.0,0.0,0.0,0.0,0.0,0.0,0.0,0.0,0.40868027443839844,1.0,0.41911449037027626,0.0,0.0,0.0,0.0,0.0,0.0,0.0,0.0,0.0,0.0,0.0,0.0,0.0,0.0,0.0,0.0,0.0,0.0,0.0,0.0,0.0,0.0,0.0,0.0,0.0,0.0,0.0,0.0,0.0,0.0,0.0,0.0,0.0,0.0,0.0,0.0,0.0,0.0,0.0,0.0,0.0,0.0,0.0,0.0,0.0,0.0
0.0,0.0,0.0,0.0,0.0,0.0,0.0,0.0,0.0,0.0,0.0,0.0,0.0,0.0,0.025477455077243135,0.0,0.0,0.0,0.25014481350807405,0.48746170533237215,0.39210324995513535,0.14188154767737374,0.1694185034114421,0.2581114129734774,0.4914710178977506,0.6859250623420765,0.0,0.03549778743377692,0.0,0.0,0.0,0.0,0.0,0.0,0.0,0.0,0.0,0.0,0.0,0.0,0.41911449037027626,1.0,0.406695362107829,0.0,0.0,0.0,0.0,0.0,0.0,0.0,0.0,0.0,0.0,0.0,0.0,0.0,0.0,0.0,0.0,0.0,0.0,0.0,0.0,0.0,0.0,0.0,0.0,0.0,0.0,0.0,0.0,0.0,0.0,0.0,0.0,0.0,0.0,0.0,0.0,0.0,0.0,0.0,0.0,0.0,0.0,0.0,0.0,0.0
0.0,0.0,0.0,0.0,0.0,0.0,0.0,0.0,0.0,0.0,0.0,0.0,0.0,0.0,0.0,0.0,0.0,0.0,0.15870093766934348,0.252937999797571,0.033100461828726925,0.0,0.25472333904542094,0.4850299126666506,0.6862528676821151,0.4894679615819275,0.0,0.38931671965799625,0.0,0.22325278599511053,0.0,0.0,0.0,0.0,0.0,0.0,0.0,0.0,0.0,0.0,0.0,0.406695362107829,1.0,0.0,0.0,0.0,0.0,0.0,0.0,0.0,0.0,0.0,0.0,0.0,0.0,0.0,0.0,0.0,0.0,0.0,0.0,0.0,0.0,0.0,0.0,0.0,0.0,0.0,0.0,0.0,0.0,0.0,0.0,0.0,0.0,0.0,0.0,0.0,0.0,0.0,0.0,0.0,0.0,0.0,0.0,0.0,0.0,0.0
0.39835038977801973,0.29033171045437667,0.11997303641876204,0.04296422184196322,0.10825393894147556,0.27231918765813096,0.4247718921627954,0.27078793323211997,0.16898487178800212,0.17544004591562615,0.375455374440295,0.1508944000247756,0.03754334816204434,0.09346968418541295,0.3759542208738466,0.12429793107019967,0.0,0.0,0.4860179248394983,0.2543411945258293,0.031568915908104095,0.0,0.6868658822196682,0.4926948384021751,0.2561516285185135,0.17053903660930325,0.0,0.3997552763451872,0.0,0.23313236091380074,0.16702835518119347,0.0,0.0,0.0,0.0,0.0,0.0,0.0,0.0,0.0,0.0,0.0,0.0,1.0,0.0,0.0,0.0,0.0,0.0,0.0,0.0,0.0,0.0,0.0,0.0,0.0,0.0,0.0,0.0,0.0,0.0,0.0,0.0,0.017153765293286268,0.31288877043794905,0.2636574079197066,0.0,0.0,0.0,0.0,0.0,0.0,0.0,0.0,0.0,0.0,0.0,0.0,0.0,0.0,0.0,0.0,0.0,0.2266266016055077,0.3352180900406708,0.0,0.0,0.0
0.0,0.0,0.0,0.0,0.0,0.0,0.0,0.0,0.0,0.0,0.0,0.0,0.0,0.0,0.0,0.0,0.0,0.0,0.0,0.0,0.0,0.0,0.0,0.0,0.0,0.0,0.0,0.0,0.0,0.0,0.0,0.0,0.0,0.0,0.0,0.0,0.0,0.0,0.0,0.0,0.0,0.0,0.0,0.0,1.0,0.7383166801283009,0.5469819032007216,0.47239606343452145,0.5435399703376854,0.7350238114244277,0.7298229345345312,0.5455531163351027,0.47718845103500884,0.5420743353750278,0.5221553710170644,0.2988438049890287,0.2148583571104203,0.30489041594345956,0.40778001474046055,0.17138388879014074,0.03826216324089629,0.08378650222499477,0.38387097223122707,0.16158912327977437,0.0,0.0,0.431602480467439,0.24916747000702985,0.06569687224930827,0.03194060688136912,0.3056207679107982,0.15793578015827425,0.0716292211549451,0.007037028930726071,0.48600716103091524,0.1587027371722001,0.25014559101547806,0.24827169966445828,0.1632499444874917,0.0345603552407269,0.0,0.0,0.0,0.0,0.0,0.0,0.0,0.3983503897780196
0.0,0.0,0.0,0.0,0.0,0.0,0.0,0.0,0.12174154945921761,0.18498829959678753,0.0,0.0,0.0,0.0,0.0,0.0,0.0,0.0,0.0,0.0,0.0,0.0,0.0,0.0,0.0,0.0,0.0,0.0,0.0,0.0,0.0,0.0,0.0,0.29898621732987524,0.12390070677034887,0.0,0.0,0.0,0.0,0.0,0.0,0.0,0.0,0.0,0.7383166801283009,1.0,0.7425848190720137,0.5485839483116719,0.48344875675560983,0.5500790121558286,0.532807990685832,0.30535866122939953,0.21894314143164514,0.3080502684057207,0.43173958485716024,0.1935433802694007,0.05025253127721581,0.08935781284741089,0.4207020816048434,0.22138176029764894,0.05098103525842916,0.03274583189562082,0.43153135531151393,0.27447774495850663,0.13007715671992293,0.10333982470867836,0.41283639168403496,0.26255334433917465,0.1458217732192477,0.1523527629008047,0.5479811432983257,0.12123362540453886,0.3237689808568085,0.0,0.6868673375467472,0.25472597609101466,0.16941882671750935,0.03585875346641943,0.0,0.0,0.0,0.0,0.0,0.0,0.0,0.0,0.0,0.2903317104543765
0.0,0.0,0.0,0.0,0.0,0.0,0.0,0.0,0.0048967685119967515,0.13100037676913948,0.0,0.0,0.0,0.0,0.0,0.0,0.0,0.0,0.0,0.0,0.0,0.0,0.0,0.0,0.0,0.0,0.0,0.0,0.0,0.0,0.0,0.0,0.00927780233870195,0.2636629454066997,0.0,0.0,0.0,0.0,0.0,0.0,0.0,0.0,0.0,0.0,0.5469819032007216,0.7425848190720137,1.0,0.7375077091927643,0.5546050492462208,0.4813229591658103,0.29710087732796203,0.09638543989916021,0.06677027739948858,0.21789638289327243,0.17507467121854478,0.0,0.0,0.0,0.18613031297871388,0.00012604286629294795,0.0,0.0,0.249140923119173,0.14577245376379294,0.0,0.0,0.26261729081779284,0.1866266529679588,0.10363936609997278,0.08566957574973462,0.7344828023083488,0.07743026406061738,0.49120863077570615,0.0,0.4926996226245553,0.4850369806989613,0.2581162568132277,0.0,0.0,0.0,0.0,0.0,0.0,0.0,0.0,0.0,0.0,0.11997303641876188
0.0,0.0,0.0,0.0,0.0,0.0,0.0,0.0,0.0,0.0,0.0,0.0,0.0,0.0,0.0,0.0,0.0,0.0,0.0,0.0,0.0,0.0,0.0,0.0,0.0,0.0,0.0,0.0,0.0,0.0,0.0,0.0,0.0,0.0,0.0,0.0,0.0,0.0,0.0,0.0,0.0,0.0,0.0,0.0,0.47239606343452145,0.5485839483116719,0.7375077091927643,1.0,0.7454834550141459,0.5489939025337743,0.20230142829495154,0.05774855581102989,0.10367609527311913,0.30906199828407754,0.019932504382278695,0.0,0.0,0.0,0.0,0.0,0.0,0.0,0.06574885555845901,0.0,0.0,0.0,0.1459881948138593,0.10377561114514554,0.0,0.0,0.5430314722767056,0.06869986327568753,0.31986942907060534,0.0,0.2561544850058853,0.6862570519431527,0.49147456988902655,0.13648098505398798,0.0,0.0,0.0,0.0,0.0,0.0,0.0,0.0,0.0,0.04296422184196305
0.0,0.0,0.0,0.0,0.0,0.0,0.0,0.0,0.0,0.0,0.0,0.0,0.0,0.0,0.0,0.0,0.0,0.0,0.0,0.0,0.0,0.0,0.0,0.0,0.0,0.0,0.0,0.0,0.0,0.0,0.0,0.0,0.0,0.0,0.0,0.0,0.0,0.0,0.0,0.0,0.0,0.0,0.0,0.0,0.5435399703376854,0.48344875675560983,0.5546050492462208,0.7454834550141459,1.0,0.7375436119286909,0.29730839763904915,0.21493632730651066,0.3141963666806115,0.5428853673924559,0.0669094345806023,0.0,0.0,0.0,0.0,0.0,0.0,0.0,0.032017859345679786,0.0,0.0,0.0,0.15254825263108848,0.08584995781756187,0.0,0.0,0.3120669324512324,0.09468870383973223,0.07804882717134955,0.017956999447769278,0.17054021909979206,0.48946996633506085,0.6859257191315604,0.3900433028847584,0.03784525398900462,0.0,0.0,0.0,0.0,0.0,0.0,0.0,0.0,0.10825393894147556
0.0,0.0,0.0,0.0,0.0,0.0,0.0,0.0,0.0,0.0,0.0,0.0,0.0,0.0,0.0,0.0,0.0,0.0,0.0,0.0,0.0,0.0,0.0,0.0,0.0,0.0,0.0,0.0,0.0,0.0,0.0,0.0,0.0,0.0,0.0,0.0,0.0,0.0,0.0,0.0,0.0,0.0,0.0,0.0,0.7350238114244277,0.5500790121558286,0.4813229591658103,0.5489939025337743,0.7375436119286909,1.0,0.5375654503898808,0.4766003421706855,0.552450542547475,0.735486863294439,0.2858640647024792,0.08633427590004454,0.060573765343601066,0.21505824230231077,0.1534926064758099,0.0,0.0,0.0,0.16164144965803467,0.0,0.0,0.0,0.2746264961226307,0.1458953354613017,0.0,0.0,0.21597346564485304,0.13249423855225748,0.0,0.036350313861772184,0.2543400221242422,0.2529437523628529,0.4874632838791822,0.48482943494726216,0.2559123696232403,0.0,0.0,0.0,0.0,0.0,0.0,0.0,0.0,0.272319187658131
0.0,0.0,0.0,0.0,0.0,0.0,0.0,0.0,0.0,0.0,0.0,0.0,0.0,0.0,0.0,0.0,0.0,0.0,0.0,0.0,0.0,0.0,0.0,0.0,0.0,0.0,0.0,0.0,0.0,0.0,0.0,0.0,0.0,0.0,0.0,0.0,0.0,0.0,0.0,0.0,0.0,0.0,0.0,0.0,0.7298229345345312,0.532807990685832,0.29710087732796203,0.20230142829495154,0.29730839763904915,0.5375654503898808,1.0,0.7368556441552228,0.5418899757557142,0.47019778280505065,0.7308224609221025,0.5451754688569154,0.47641507673772887,0.5430568378109102,0.519844984839715,0.29350584559334925,0.21182610900685214,0.304796707307342,0.4077942344628349,0.1534804242998553,0.01732961856877916,0.07139913627585658,0.42076303013421734,0.18617180054726187,0.0,0.0,0.08086058380867141,0.08026183415639325,0.0,0.0,0.3759229533439901,0.0,0.0254773440844981,0.15642542680989527,0.24992520566323942,0.2498247908782724,0.16284482263114855,0.03538167116279218,0.0,0.0,0.0,0.0,0.0,0.4247718921627954
0.0,0.0,0.0,0.0,0.0,0.0,0.0,0.0,0.0,0.0,0.0,0.0,0.0,0.0,0.0,0.0,0.0,0.0,0.0,0.0,0.0,0.0,0.0,0.0,0.0,0.0,0.0,0.0,0.0,0.0,0.0,0.0,0.0,0.0,0.0,0.0,0.0,0.0,0.0,0.0,0.0,0.0,0.0,0.0,0.5455531163351027,0.30535866122939953,0.09638543989916021,0.05774855581102989,0.21493632730651066,0.4766003421706855,0.7368556441552228,1.0,0.734872284326766,0.5487943144758924,0.5433931727868256,0.47900280473634116,0.5523401256617655,0.7361489869998336,0.29351525938111606,0.08717852334317144,0.05937182477986062,0.2159707053868952,0.17142006720850425,0.0,0.0,0.0,0.22146997629543508,0.00021476121355583713,0.0,0.0,0.0,0.0,0.0,0.0,0.12428231395954395,0.0,0.0,0.2524101522983523,0.48595523447813765,0.4857187995105511,0.2557684215582173,0.0,0.0,0.0,0.0,0.0,0.0,0.27078793323212014
0.0,0.0,0.0,0.0,0.0,0.0,0.0,0.0,0.0,0.0,0.0,0.0,0.0,0.0,0.0,0.0,0.0,0.0,0.0,0.0,0.0,0.0,0.0,0.0,0.0,0.0,0.0,0.0,0.0,0.0,0.0,0.0,0.0,0.0,0.0,0.0,0.0,0.0,0.0,0.0,0.0,0.0,0.0,0.0,0.47718845103500884,0.21894314143164514,0.06677027739948858,0.10367609527311913,0.3141963666806115,0.552450542547475,0.5418899757557142,0.734872284326766,1.0,0.747907514793004,0.2998833766545974,0.2139630782879552,0.3124289815625367,0.5431664985113954,0.07141783607378054,0.0,0.0,0.0,0.0,0.0,0.0,0.0,0.10346303096729319,0.0,0.0,0.0,0.0,0.0,0.0,0.0,0.0,0.0,0.14187982756007445,0.4919225749910354,0.6858581575406588,0.39316330674497196,0.0365765531980325,0.0,0.0,0.0,0.0,0.0,0.0,0.16898487178800228
0.0,0.0,0.0,0.0,0.0,0.0,0.0,0.0,0.0,0.0,0.0,0.0,0.0,0.0,0.0,0.0,0.0,0.0,0.0,0.0,0.0,0.0,0.0,0.0,0.0,0.0,0.0,0.0,0.0,0.0,0.0,0.0,0.0,0.0,0.0,0.0,0.0,0.0,0.0,0.0,0.0,0.0,0.0,0.0,0.5420743353750278,0.3080502684057207,0.21789638289327243,0.30906199828407754,0.5428853673924559,0.735486863294439,0.47019778280505065,0.5487943144758924,0.747907514793004,1.0,0.20244974386757725,0.055717327361848805,0.10310819131572768,0.31147047227074187,0.01735023862784153,0.0,0.0,0.0,0.0,0.0,0.0,0.0,0.13022664014583496,0.0,0.0,0.0,0.0,0.0207575896894463,0.0,0.0,0.03156859959845978,0.03310892072951794,0.3921083795438336,0.6859441755499881,0.4926221828238118,0.14238169346930435,0.0,0.0,0.0,0.0,0.0,0.0,0.0,0.1754400459156263
