1.0,0.7383166801283008,0.5469819032007215,0.47239606343452145,0.5435399703376854,0.7350238114244281,0.7298229345345312,0.5455531163351027,0.4771884510350091,0.5420743353750281,0.5221553710170644,0.29884380498902857,0.2148583571104203,0.3048904159434596,0.4077800147404605,0.17138388879014074,0.03826216324089629,0.08378650222499477,0.38387097223122707,0.1615891232797742,0.0,0.0,0.431602480467439,0.24916747000702985,0.06569687224930827,0.03194060688136895,0.3056207679107979,0.15793578015827425,0.0716292211549451,0.007037028930726071,0.48600716103091507,0.1587027371722001,0.25014559101547834,0.2482716996644586,0.1632499444874917,0.034560355240727064,0.0,0.0,0.0,0.0,0.0,0.0,0.0,0.39835038977801973,0.0,0.0,0.0,0.0,0.0,0.0,0.0,0.0,0.0,0.0,0.0,0.0,0.0,0.0,0.0,0.0,0.0,0.0,0.0,0.0,0.0,0.0,0.0,0.0,0.0,0.0,0.0,0.0,0.0,0.0,0.0,0.0,0.0,0.0,0.0,0.0,0.0,0.0,0.0,0.0,0.0,0.0,0.0,0.0
0.7383166801283008,1.0,0.7425848190720137,0.548583948311672,0.4834487567556097,0.5500790121558288,0.5328079906858321,0.3053586612293995,0.2189431414316453,0.3080502684057208,0.43173958485716024,0.1935433802694007,0.05025253127721581,0.08935781284741105,0.4207020816048434,0.22138176029764894,0.05098103525842916,0.03274583189562082,0.43153135531151393,0.27447774495850663,0.13007715671992276,0.10333982470867853,0.41283639168403496,0.26255334433917465,0.1458217732192477,0.15235276290080454,0.5479811432983256,0.12123362540453902,0.3237689808568086,0.0,0.6868673375467472,0.2547259760910146,0.16941882671750952,0.0358587534664196,0.0,0.0,0.0,0.0,0.0,0.0,0.0,0.0,0.0,0.29033171045437667,0.0,0.0,0.0,0.0,0.0,0.0,0.0,0.0,0.0,0.0,0.0,0.0,0.0,0.0,0.0,0.0,0.0,0.0,0.0,0.0,0.0,0.0,0.0,0.0,0.0,0.0,0.0,0.0,0.0,0.0,0.0,0.0,0.0,0.0,0.0,0.0,0.0,0.0,0.0,0.0,0.0,0.0,0.0,0.0
0.5469819032007215,0.7425848190720137,1.0,0.7375077091927644,0.5546050492462206,0.48132295916581047,0.29710087732796203,0.09638543989916021,0.06677027739948858,0.2178963828932726,0.17507467121854478,0.0,0.0,0.0,0.18613031297871388,0.00012604286629294795,0.0,0.0,0.249140923119173,0.14577245376379294,0.0,0.0,0.26261729081779284,0.1866266529679588,0.10363936609997278,0.08566957574973445,0.7344828023083487,0.07743026406061754,0.4912086307757063,0.0,0.4926996226245553,0.4850369806989612,0.2581162568132278,0.0,0.0,0.0,0.0,0.0,0.0,0.0,0.0,0.0,0.0,0.11997303641876204,0.0,0.0,0.0,0.0,0.0,0.0,0.0,0.0,0.0,0.0,0.0,0.0,0.0,0.0,0.0,0.0,0.0,0.0,0.0,0.0,0.0,0.0,0.0,0.0,0.0,0.0,0.0,0.0,0.0,0.0,0.0,0.0,0.0,0.0,0.0,0.0,0.0,0.0,0.0,0.0,0.0,0.0,0.0,0.0
0.47239606343452145,0.548583948311672,0.7375077091927644,1.0,0.7454834550141456,0.5489939025337743,0.20230142829495154,0.05774855581102972,0.10367609527311913,0.30906199828407754,0.019932504382278695,0.0,0.0,0.0,0.0,0.0,0.0,0.0,0.06574885555845901,0.0,0.0,0.0,0.1459881948138593,0.10377561114514554,0.0,0.0,0.5430314722767056,0.06869986327568753,0.31986942907060567,0.0,0.25615448500588534,0.6862570519431527,0.49147456988902655,0.13648098505398798,0.0,0.0,0.0,0.0,0.0,0.0,0.0,0.0,0.0,0.04296422184196322,0.0,0.0,0.0,0.0,0.0,0.0,0.0,0.0,0.0,0.0,0.0,0.0,0.0,0.0,0.0,0.0,0.0,0.0,0.0,0.0,0.0,0.0,0.0,0.0,0.0,0.0,0.0,0.0,0.0,0.0,0.0,0.0,0.0,0.0,0.0,0.0,0.0,0.0,0.0,0.0,0.0,0.0,0.0,0.0
0.5435399703376854,0.4834487567556097,0.5546050492462206,0.7454834550141456,1.0,0.7375436119286909,0.2973083976390491,0.21493632730651066,0.3141963666806117,0.5428853673924561,0.0669094345806023,0.0,0.0,0.0,0.0,0.0,0.0,0.0,0.032017859345679786,0.0,0.0,0.0,0.15254825263108848,0.08584995781756187,0.0,0.0,0.31206693245123207,0.09468870383973223,0.07804882717134955,0.017956999447769278,0.17054021909979197,0.48946996633506085,0.6859257191315606,0.39004330288475875,0.03784525398900462,0.0,0.0,0.0,0.0,0.0,0.0,0.0,0.0,0.10825393894147556,0.0,0.0,0.0,0.0,0.0,0.0,0.0,0.0,0.0,0.0,0.0,0.0,0.0,0.0,0.0,0.0,0.0,0.0,0.0,0.0,0.0,0.0,0.0,0.0,0.0,0.0,0.0,0.0,0.0,0.0,0.0,0.0,0.0,0.0,0.0,0.0,0.0,0.0,0.0,0.0,0.0,0.0,0.0,0.0
0.7350238114244281,0.5500790121558288,0.48132295916581047,0.5489939025337743,0.7375436119286909,1.0,0.5375654503898808,0.4766003421706855,0.552450542547475,0.735486863294439,0.2858640647024794,0.08633427590004454,0.060573765343601066,0.21505824230231077,0.1534926064758099,0.0,0.0,0.0,0.16164144965803484,0.0,0.0,0.0,0.27462649612263074,0.1458953354613017,0.0,0.0,0.21597346564485304,0.13249423855225748,0.0,0.036350313861772184,0.2543400221242425,0.25294375236285305,0.4874632838791822,0.48482943494726216,0.2559123696232401,0.0,0.0,0.0,0.0,0.0,0.0,0.0,0.0,0.27231918765813096,0.0,0.0,0.0,0.0,0.0,0.0,0.0,0.0,0.0,0.0,0.0,0.0,0.0,0.0,0.0,0.0,0.0,0.0,0.0,0.0,0.0,0.0,0.0,0.0,0.0,0.0,0.0,0.0,0.0,0.0,0.0,0.0,0.0,0.0,0.0,0.0,0.0,0.0,0.0,0.0,0.0,0.0,0.0,0.0
0.7298229345345312,0.5328079906858321,0.29710087732796203,0.20230142829495154,0.2973083976390491,0.5375654503898808,1.0,0.7368556441552225,0.5418899757557142,0.47019778280505065,0.7308224609221028,0.5451754688569154,0.47641507673772887,0.5430568378109102,0.519844984839715,0.29350584559334947,0.21182610900685214,0.30479670730734215,0.40779423446283514,0.1534804242998553,0.01732961856877916,0.07139913627585674,0.42076303013421745,0.18617180054726187,0.0,0.0,0.08086058380867141,0.08026183415639325,0.0,0.0,0.3759229533439903,0.0,0.0254773440844981,0.15642542680989527,0.2499252056632391,0.2498247908782724,0.16284482263114855,0.03538167116279218,0.0,0.0,0.0,0.0,0.0,0.4247718921627954,0.0,0.0,0.0,0.0,0.0,0.0,0.0,0.0,0.0,0.0,0.0,0.0,0.0,0.0,0.0,0.0,0.0,0.0,0.0,0.0,0.0,0.0,0.0,0.0,0.0,0.0,0.0,0.0,0.0,0.0,0.0,0.0,0.0,0.0,0.0,0.0,0.0,0.0,0.0,0.0,0.0,0.0,0.0,0.0
0.5455531163351027,0.3053586612293995,0.09638543989916021,0.05774855581102972,0.21493632730651066,0.4766003421706855,0.7368556441552225,1.0,0.7348722843267663,0.5487943144758926,0.5433931727868256,0.4790028047363409,0.5523401256617655,0.7361489869998336,0.293515259381116,0.08717852334317144,0.05937182477986045,0.2159707053868952,0.17142006720850425,0.0,0.0,0.0,0.22146997629543508,0.00021476121355567266,0.0,0.0,0.0,0.0,0.0,0.0,0.12428231395954395,0.0,0.0,0.25241015229835245,0.48595523447813765,0.48571879951055114,0.2557684215582172,0.0,0.0,0.0,0.0,0.0,0.0,0.27078793323211997,0.0,0.0,0.0,0.0,0.0,0.0,0.0,0.0,0.0,0.0,0.0,0.0,0.0,0.0,0.0,0.0,0.0,0.0,0.0,0.0,0.0,0.0,0.0,0.0,0.0,0.0,0.0,0.0,0.0,0.0,0.0,0.0,0.0,0.0,0.0,0.0,0.0,0.0,0.0,0.0,0.0,0.0,0.0,0.0
0.4771884510350091,0.2189431414316453,0.06677027739948858,0.10367609527311913,0.3141963666806117,0.552450542547475,0.5418899757557142,0.7348722843267663,1.0,0.747907514793004,0.2998833766545977,0.2139630782879552,0.3124289815625369,0.5431664985113954,0.0714178360737807,0.0,0.0,0.0,0.0,0.0,0.0,0.0,0.10346303096729319,0.0,0.0,0.0,0.0,0.0,0.0,0.0,0.0,0.0,0.14187982756007445,0.4919225749910354,0.6858581575406585,0.39316330674497196,0.0365765531980325,0.0,0.0,0.0,0.0,0.0,0.0,0.16898487178800212,0.0,0.0,0.0,0.0,0.0,0.0,0.0,0.0,0.0,0.0,0.0,0.0,0.0,0.0,0.0,0.0,0.0,0.0,0.0,0.0,0.0,0.0,0.0,0.0,0.0,0.0,0.0,0.0,0.0,0.0,0.0,0.0,0.0,0.0,0.0,0.0,0.0,0.0,0.0,0.0,0.0,0.0,0.0,0.0
0.5420743353750281,0.3080502684057208,0.2178963828932726,0.30906199828407754,0.5428853673924561,0.735486863294439,0.47019778280505065,0.5487943144758926,0.747907514793004,1.0,0.20244974386757741,0.055717327361848805,0.10310819131572801,0.31147047227074187,0.017350238627841692,0.0,0.0,0.0,0.0,0.0,0.0,0.0,0.13022664014583513,0.0,0.0,0.0,0.0,0.0207575896894463,0.0,0.0,0.031568599598459944,0.033108920729518106,0.3921083795438336,0.6859441755499881,0.49262218282381165,0.14238169346930435,0.0,0.0,0.0,0.0,0.0,0.0,0.0,0.17544004591562615,0.0,0.0,0.0,0.0,0.0,0.0,0.0,0.0,0.0,0.0,0.0,0.0,0.0,0.0,0.0,0.0,0.0,0.0,0.0,0.0,0.0,0.0,0.0,0.0,0.0,0.0,0.0,0.0,0.0,0.0,0.0,0.0,0.0,0.0,0.0,0.0,0.0,0.0,0.0,0.0,0.0,0.0,0.0,0.0
0.5221553710170644,0.43173958485716024,0.17507467121854478,0.019932504382278695,0.0669094345806023,0.2858640647024794,0.7308224609221028,0.5433931727868256,0.2998833766545977,0.20244974386757741,1.0,0.7354302293607392,0.5421393123956081,0.4746480109059952,0.7308256663166249,0.5433967338870271,0.47465279629459944,0.542141672221507,0.5221658294983801,0.2858663428725816,0.2024490081565528,0.2998827192277183,0.4317701653485952,0.17510137275194,0.019943214301387624,0.06691050293991953,0.012219027288371213,0.012252570223920019,0.0,0.0,0.3753899325334412,0.0,0.0,0.0,0.03131502186337044,0.161097028629155,0.2491412800941647,0.2491372974845278,0.16110024519973223,0.0313144316052604,0.0,0.0,0.0,0.375455374440295,0.0,0.0,0.0,0.0,0.0,0.0,0.0,0.0,0.0,0.0,0.0,0.0,0.0,0.0,0.0,0.0,0.0,0.0,0.0,0.0,0.0,0.0,0.0,0.0,0.0,0.0,0.0,0.0,0.0,0.0,0.0,0.0,0.0,0.0,0.0,0.0,0.0,0.0,0.0,0.0,0.0,0.0,0.0,0.0
0.29884380498902857,0.1935433802694007,0.0,0.0,0.0,0.08633427590004454,0.5451754688569154,0.4790028047363409,0.2139630782879552,0.055717327361848805,0.7354302293607392,1.0,0.7361585565748057,0.5512951119910617,0.545174890592741,0.47900386265814116,0.5512983038379314,0.7361612924637287,0.29885841292545523,0.08634909942038695,0.055723352825231366,0.21396281199918224,0.1935804516749475,0.0,0.0,0.0,0.0,0.0,0.0,0.0,0.1508332348349214,0.0,0.0,0.0,0.0,0.2546570266784189,0.48622212433654005,0.4862174894841761,0.25466145112178384,0.0,0.0,0.0,0.0,0.1508944000247756,0.0,0.0,0.0,0.0,0.0,0.0,0.0,0.0,0.0,0.0,0.0,0.0,0.0,0.0,0.0,0.0,0.0,0.0,0.0,0.0,0.0,0.0,0.0,0.0,0.0,0.0,0.0,0.0,0.0,0.0,0.0,0.0,0.0,0.0,0.0,0.0,0.0,0.0,0.0,0.0,0.0,0.0,0.0,0.0
0.2148583571104203,0.05025253127721581,0.0,0.0,0.0,0.060573765343601066,0.47641507673772887,0.5523401256617655,0.3124289815625369,0.10310819131572801,0.5421393123956081,0.7361585565748057,1.0,0.7473476311242553,0.30480140309482545,0.21597268914600165,0.3119617447813125,0.5435021002972846,0.08381654706432973,0.0,0.0,0.0,0.03281002874836121,0.0,0.0,0.0,0.0,0.0,0.0,0.0,0.0,0.0,0.0,0.0,0.1425364995415493,0.49137839147551415,0.6858858203803067,0.39333868762117496,0.035351250416980735,0.0,0.0,0.0,0.0,0.03754334816204434,0.0,0.0,0.0,0.0,0.0,0.0,0.0,0.0,0.0,0.0,0.0,0.0,0.0,0.0,0.0,0.0,0.0,0.0,0.0,0.0,0.0,0.0,0.0,0.0,0.0,0.0,0.0,0.0,0.0,0.0,0.0,0.0,0.0,0.0,0.0,0.0,0.0,0.0,0.0,0.0,0.0,0.0,0.0,0.0
0.3048904159434596,0.08935781284741105,0.0,0.0,0.0,0.21505824230231077,0.5430568378109102,0.7361489869998336,0.5431664985113954,0.31147047227074187,0.4746480109059952,0.5512951119910617,0.7473476311242553,1.0,0.21183493306027476,0.059375177766128016,0.10276631409225045,0.3119616242596695,0.038301093897935276,0.0,0.0,0.0,0.05106418013161358,0.0,0.0,0.0,0.0,0.0,0.0,0.0,0.0,0.0,0.0,0.035645851209289425,0.3942131767303839,0.685914361354089,0.4914705259783287,0.14153258457480314,0.0,0.0,0.0,0.0,0.0,0.09346968418541295,0.0,0.0,0.0,0.0,0.0,0.0,0.0,0.0,0.0,0.0,0.0,0.0,0.0,0.0,0.0,0.0,0.0,0.0,0.0,0.0,0.0,0.0,0.0,0.0,0.0,0.0,0.0,0.0,0.0,0.0,0.0,0.0,0.0,0.0,0.0,0.0,0.0,0.0,0.0,0.0,0.0,0.0,0.0,0.0
0.4077800147404605,0.4207020816048434,0.18613031297871388,0.0,0.0,0.1534926064758099,0.519844984839715,0.293515259381116,0.0714178360737807,0.017350238627841692,0.7308256663166249,0.545174890592741,0.30480140309482545,0.21183493306027476,1.0,0.736852061170034,0.5430531078289508,0.47641149271696,0.7298280934166304,0.5375684063403813,0.47019805058453795,0.5418871074690362,0.5328220694008665,0.2971145499456933,0.2023091777549408,0.29731116275298386,0.08019171047870795,0.08087317187569473,0.0,0.0,0.424631617922777,0.0,0.0,0.0,0.0,0.0,0.035394270942561666,0.16284043465611683,0.249819457102867,0.24992240782076688,0.1564244068234565,0.025477455077243135,0.0,0.3759542208738466,0.0,0.0,0.0,0.0,0.0,0.0,0.0,0.0,0.0,0.0,0.0,0.0,0.0,0.0,0.0,0.0,0.0,0.0,0.0,0.0,0.0,0.0,0.0,0.0,0.0,0.0,0.0,0.0,0.0,0.0,0.0,0.0,0.0,0.0,0.0,0.0,0.0,0.0,0.0,0.0,0.0,0.0,0.0,0.0
0.17138388879014074,0.22138176029764894,0.00012604286629294795,0.0,0.0,0.0,0.29350584559334947,0.08717852334317144,0.0,0.0,0.5433967338870271,0.47900386265814116,0.21597268914600165,0.059375177766128016,0.736852061170034,1.0,0.7361478075620349,0.5523381799052912,0.5455494554251219,0.47660130101769943,0.5487945390858183,0.7348700795297398,0.3053611843410058,0.09639170472455068,0.057755359233810095,0.21493985830225978,0.0,0.0,0.0,0.0,0.27063548520181524,0.0,0.0,0.0,0.0,0.0,0.0,0.2557678600530439,0.48571564616410096,0.48595399774725,0.2524096055057574,0.0,0.0,0.12429793107019967,0.0,0.0,0.0,0.0,0.0,0.0,0.0,0.0,0.0,0.0,0.0,0.0,0.0,0.0,0.0,0.0,0.0,0.0,0.0,0.0,0.0,0.0,0.0,0.0,0.0,0.0,0.0,0.0,0.0,0.0,0.0,0.0,0.0,0.0,0.0,0.0,0.0,0.0,0.0,0.0,0.0,0.0,0.0,0.0
0.03826216324089629,0.05098103525842916,0.0,0.0,0.0,0.0,0.21182610900685214,0.05937182477986045,0.0,0.0,0.47465279629459944,0.5512983038379314,0.3119617447813125,0.10276631409225045,0.5430531078289508,0.7361478075620349,1.0,0.7473469747335907,0.304892276722018,0.21506521698913394,0.3114718366800781,0.5431620367729506,0.08937098093903655,0.0,0.0,0.0,0.0,0.0,0.0,0.0,0.0933482152547509,0.0,0.0,0.0,0.0,0.0,0.1415416303061449,0.4914712510788129,0.685914137600028,0.3942060573207931,0.03564624828770155,0.0,0.0,0.0,0.0,0.0,0.0,0.0,0.0,0.0,0.0,0.0,0.0,0.0,0.0,0.0,0.0,0.0,0.0,0.0,0.0,0.0,0.0,0.0,0.0,0.0,0.0,0.0,0.0,0.0,0.0,0.0,0.0,0.0,0.0,0.0,0.0,0.0,0.0,0.0,0.0,0.0,0.0,0.0,0.0,0.0,0.0,0.0
0.08378650222499477,0.03274583189562082,0.0,0.0,0.0,0.0,0.30479670730734215,0.2159707053868952,0.0,0.0,0.542141672221507,0.7361612924637287,0.5435021002972846,0.3119616242596695,0.47641149271696,0.5523381799052912,0.7473469747335907,1.0,0.21486834784198763,0.06058905404114459,0.10311408976374511,0.3124263268218935,0.050280752271493076,0.0,0.0,0.0,0.0,0.0,0.0,0.0,0.03745191169882034,0.0,0.0,0.0,0.0,0.03534953741028244,0.39334731770139086,0.6858835036689799,0.4913811294603794,0.14253004555244086,0.0,0.0,0.0,0.0,0.0,0.0,0.0,0.0,0.0,0.0,0.0,0.0,0.0,0.0,0.0,0.0,0.0,0.0,0.0,0.0,0.0,0.0,0.0,0.0,0.0,0.0,0.0,0.0,0.0,0.0,0.0,0.0,0.0,0.0,0.0,0.0,0.0,0.0,0.0,0.0,0.0,0.0,0.0,0.0,0.0,0.0,0.0,0.0
0.38387097223122707,0.43153135531151393,0.249140923119173,0.06574885555845901,0.032017859345679786,0.16164144965803484,0.40779423446283514,0.17142006720850425,0.0,0.0,0.5221658294983801,0.29885841292545523,0.08381654706432973,0.038301093897935276,0.7298280934166304,0.5455494554251219,0.304892276722018,0.21486834784198763,1.0,0.735022413766164,0.5420697510561185,0.47718267103147083,0.7383203001934548,0.5469856044851444,0.4723984762929794,0.5435401827392725,0.1578530451801302,0.3056210900413447,0.006908436857683563,0.07163054717238745,0.3981671645644977,0.0,0.0,0.0,0.0,0.0,0.0,0.0,0.03455907810677834,0.16324446448095886,0.2482669936291218,0.25014481350807405,0.15870093766934348,0.4860179248394983,0.0,0.0,0.0,0.0,0.0,0.0,0.0,0.0,0.0,0.0,0.0,0.0,0.0,0.0,0.0,0.0,0.0,0.0,0.0,0.0,0.0,0.0,0.0,0.0,0.0,0.0,0.0,0.0,0.0,0.0,0.0,0.0,0.0,0.0,0.0,0.0,0.0,0.0,0.0,0.0,0.0,0.0,0.0,0.0
0.1615891232797742,0.27447774495850663,0.14577245376379294,0.0,0.0,0.0,0.1534804242998553,0.0,0.0,0.0,0.2858663428725816,0.08634909942038695,0.0,0.0,0.5375684063403813,0.47660130101769943,0.21506521698913394,0.06058905404114459,0.735022413766164,1.0,0.7354843421182612,0.5524505934766649,0.5500763393181864,0.4813173209721329,0.5489899212734882,0.7375412754697143,0.13228399233699178,0.21596428558562256,0.03607004175183991,0.0,0.2720594999701019,0.0,0.0,0.0,0.0,0.0,0.0,0.0,0.0,0.2559125741643665,0.48482634822594173,0.48746170533237215,0.252937999797571,0.2543411945258293,0.0,0.0,0.0,0.0,0.0,0.0,0.0,0.0,0.0,0.0,0.0,0.0,0.0,0.0,0.0,0.0,0.0,0.0,0.0,0.0,0.0,0.0,0.0,0.0,0.0,0.0,0.0,0.0,0.0,0.0,0.0,0.0,0.0,0.0,0.0,0.0,0.0,0.0,0.0,0.0,0.0,0.0,0.0,0.0
0.0,0.13007715671992276,0.0,0.0,0.0,0.0,0.01732961856877916,0.0,0.0,0.0,0.2024490081565528,0.055723352825231366,0.0,0.0,0.47019805058453795,0.5487945390858183,0.3114718366800781,0.10311408976374511,0.5420697510561185,0.7354843421182612,1.0,0.7479097614702854,0.3080442557528662,0.2178870818136963,0.30905461677178164,0.5428796925500227,0.02052649783450429,0.0,0.0,0.0,0.1751988678289683,0.0,0.0,0.0,0.0,0.0,0.0,0.0,0.14237956793802561,0.49262413030361374,0.6859434865205477,0.39210324995513535,0.033100461828726925,0.031568915908104095,0.0,0.0,0.0,0.0,0.0,0.0,0.0,0.0,0.0,0.0,0.0,0.0,0.0,0.0,0.0,0.0,0.0,0.0,0.0,0.0,0.0,0.0,0.0,0.0,0.0,0.0,0.0,0.0,0.0,0.0,0.0,0.0,0.0,0.0,0.0,0.0,0.0,0.0,0.0,0.0,0.0,0.0,0.0,0.0
0.0,0.10333982470867853,0.0,0.0,0.0,0.0,0.07139913627585674,0.0,0.0,0.0,0.2998827192277183,0.21396281199918224,0.0,0.0,0.5418871074690362,0.7348700795297398,0.5431620367729506,0.3124263268218935,0.47718267103147083,0.5524505934766649,0.7479097614702854,1.0,0.2189389624064534,0.06676746834114332,0.1036769165032307,0.3141974645193608,0.0,0.0,0.0,0.0,0.16878844148754804,0.0,0.0,0.0,0.0,0.0,0.0,0.036578076269583516,0.39315499681129185,0.6858586646018636,0.4919247820703468,0.14188154767737374,0.0,0.0,0.0,0.0,0.0,0.0,0.0,0.0,0.0,0.0,0.0,0.0,0.0,0.0,0.0,0.0,0.0,0.0,0.0,0.0,0.0,0.0,0.0,0.0,0.0,0.0,0.0,0.0,0.0,0.0,0.0,0.0,0.0,0.0,0.0,0.0,0.0,0.0,0.0,0.0,0.0,0.0,0.0,0.0,0.0,0.0
0.431602480467439,0.41283639168403496,0.26261729081779284,0.1459881948138593,0.15254825263108848,0.27462649612263074,0.42076303013421745,0.22146997629543508,0.10346303096729319,0.13022664014583513,0.4317701653485952,0.1935804516749475,0.03281002874836121,0.05106418013161358,0.5328220694008665,0.3053611843410058,0.08937098093903655,0.050280752271493076,0.7383203001934548,0.5500763393181864,0.3080442557528662,0.2189389624064534,1.0,0.7425880717278829,0.5485871546457847,0.483449274630623,0.1212287951749341,0.5479790959344817,0.0,0.3237670041394737,0.2902204796660468,0.0,0.0,0.0,0.0,0.0,0.0,0.0,0.0,0.0,0.03585105509479876,0.1694185034114421,0.25472333904542094,0.6868658822196682,0.0,0.0,0.0,0.0,0.0,0.0,0.0,0.0,0.0,0.0,0.0,0.0,0.0,0.0,0.0,0.0,0.0,0.0,0.0,0.0,0.0,0.0,0.0,0.0,0.0,0.0,0.0,0.0,0.0,0.0,0.0,0.0,0.0,0.0,0.0,0.0,0.0,0.0,0.0,0.0,0.0,0.0,0.0,0.0
0.24916747000702985,0.26255334433917465,0.1866266529679588,0.10377561114514554,0.08584995781756187,0.1458953354613017,0.18617180054726187,0.00021476121355567266,0.0,0.0,0.17510137275194,0.0,0.0,0.0,0.2971145499456933,0.09639170472455068,0.0,0.0,0.5469856044851444,0.4813173209721329,0.2178870818136963,0.06676746834114332,0.7425880717278829,1.0,0.7375070620265383,0.5546015198363009,0.07734008354035256,0.7344805035667255,0.0,0.49120893231530266,0.11980481488405173,0.0,0.0,0.0,0.0,0.0,0.0,0.0,0.0,0.0,0.0,0.2581114129734774,0.4850299126666506,0.4926948384021751,0.0,0.0,0.0,0.0,0.0,0.0,0.0,0.0,0.0,0.0,0.0,0.0,0.0,0.0,0.0,0.0,0.0,0.0,0.0,0.0,0.0,0.0,0.0,0.0,0.0,0.0,0.0,0.0,0.0,0.0,0.0,0.0,0.0,0.0,0.0,0.0,0.0,0.0,0.0,0.0,0.0,0.0,0.0,0.0
0.06569687224930827,0.1458217732192477,0.10363936609997278,0.0,0.0,0.0,0.0,0.0,0.0,0.0,0.019943214301387624,0.0,0.0,0.0,0.2023091777549408,0.057755359233810095,0.0,0.0,0.4723984762929794,0.5489899212734882,0.30905461677178164,0.1036769165032307,0.5485871546457847,0.7375070620265383,1.0,0.7454813410875302,0.06844702378827468,0.5430307554739646,0.0,0.3198726535469427,0.0427017751563001,0.0,0.0,0.0,0.0,0.0,0.0,0.0,0.0,0.0,0.13646948851367796,0.4914710178977506,0.6862528676821151,0.2561516285185135,0.0,0.0,0.0,0.0,0.0,0.0,0.0,0.0,0.0,0.0,0.0,0.0,0.0,0.0,0.0,0.0,0.0,0.0,0.0,0.0,0.0,0.0,0.0,0.0,0.0,0.0,0.0,0.0,0.0,0.0,0.0,0.0,0.0,0.0,0.0,0.0,0.0,0.0,0.0,0.0,0.0,0.0,0.0,0.0
0.03194060688136895,0.15235276290080454,0.08566957574973445,0.0,0.0,0.0,0.0,0.0,0.0,0.0,0.06691050293991953,0.0,0.0,0.0,0.29731116275298386,0.21493985830225978,0.0,0.0,0.5435401827392725,0.7375412754697143,0.5428796925500227,0.3141974645193608,0.483449274630623,0.5546015198363009,0.7454813410875302,1.0,0.09438574837315147,0.31206168543158275,0.01755122663009536,0.07804658397873089,0.10795693817111371,0.0,0.0,0.0,0.0,0.0,0.0,0.0,0.0,0.0378471985757629,0.3900348105746809,0.6859250623420765,0.4894679615819275,0.17053903660930325,0.0,0.0,0.0,0.0,0.0,0.0,0.0,0.0,0.0,0.0,0.0,0.0,0.0,0.0,0.0,0.0,0.0,0.0,0.0,0.0,0.0,0.0,0.0,0.0,0.0,0.0,0.0,0.0,0.0,0.0,0.0,0.0,0.0,0.0,0.0,0.0,0.0,0.0,0.0,0.0,0.0,0.0,0.0,0.0
0.3056207679107979,0.5479811432983256,0.7344828023083487,0.5430314722767056,0.31206693245123207,0.21597346564485304,0.08086058380867141,0.0,0.0,0.0,0.012219027288371213,0.0,0.0,0.0,0.08019171047870795,0.0,0.0,0.0,0.1578530451801302,0.13228399233699178,0.02052649783450429,0.0,0.1212287951749341,0.07734008354035256,0.06844702378827468,0.09438574837315147,1.0,0.0,0.7567242633694322,0.0,0.3997693416312046,0.3893221944489928,0.0355044442684928,0.0,0.0,0.0,0.0,0.0,0.0,0.0,0.0,0.0,0.0,0.0,0.0,0.0,0.0,0.0,0.0,0.0,0.0,0.0,0.0,0.0,0.0,0.0,0.0,0.0,0.0,0.0,0.0,0.0,0.0,0.0,0.0,0.0,0.0,0.0,0.0,0.0,0.0,0.0,0.0,0.0,0.0,0.0,0.0,0.0,0.0,0.0,0.0,0.0,0.0,0.0,0.0,0.0,0.0,0.0
0.15793578015827425,0.12123362540453902,0.07743026406061754,0.06869986327568753,0.09468870383973223,0.13249423855225748,0.08026183415639325,0.0,0.0,0.0207575896894463,0.012252570223920019,0.0,0.0,0.0,0.08087317187569473,0.0,0.0,0.0,0.3056210900413447,0.21596428558562256,0.0,0.0,0.5479790959344817,0.7344805035667255,0.5430307554739646,0.31206168543158275,0.0,1.0,0.0,0.7567268193701492,0.0,0.0,0.0,0.0,0.0,0.0,0.0,0.0,0.0,0.0,0.0,0.03549778743377692,0.38931671965799625,0.3997552763451872,0.0,0.0,0.0,0.0,0.0,0.0,0.0,0.0,0.0,0.0,0.0,0.0,0.0,0.0,0.0,0.0,0.0,0.0,0.0,0.0,0.0,0.0,0.0,0.0,0.0,0.0,0.0,0.0,0.0,0.0,0.0,0.0,0.0,0.0,0.0,0.0,0.0,0.0,0.0,0.0,0.0,0.0,0.0,0.0
0.0716292211549451,0.3237689808568086,0.4912086307757063,0.31986942907060567,0.07804882717134955,0.0,0.0,0.0,0.0,0.0,0.0,0.0,0.0,0.0,0.0,0.0,0.0,0.0,0.006908436857683563,0.03607004175183991,0.0,0.0,0.0,0.0,0.0,0.01755122663009536,0.7567242633694322,0.0,1.0,0.0,0.23315056628027087,0.2232524549481819,0.0,0.0,0.0,0.0,0.0,0.0,0.0,0.0,0.0,0.0,0.0,0.0,0.0,0.0,0.0,0.0,0.0,0.0,0.0,0.0,0.0,0.0,0.0,0.0,0.0,0.0,0.0,0.0,0.0,0.0,0.0,0.0,0.0,0.0,0.0,0.0,0.0,0.0,0.0,0.0,0.0,0.0,0.0,0.0,0.0,0.0,0.0,0.0,0.0,0.0,0.0,0.0,0.0,0.0,0.0,0.0
0.007037028930726071,0.0,0.0,0.0,0.017956999447769278,0.036350313861772184,0.0,0.0,0.0,0.0,0.0,0.0,0.0,0.0,0.0,0.0,0.0,0.0,0.07163054717238745,0.0,0.0,0.0,0.3237670041394737,0.49120893231530266,0.3198726535469427,0.07804658397873089,0.0,0.7567268193701492,0.0,1.0,0.0,0.0,0.0,0.0,0.0,0.0,0.0,0.0,0.0,0.0,0.0,0.0,0.22325278599511053,0.23313236091380074,0.0,0.0,0.0,0.0,0.0,0.0,0.0,0.0,0.0,0.0,0.0,0.0,0.0,0.0,0.0,0.0,0.0,0.0,0.0,0.0,0.0,0.0,0.0,0.0,0.0,0.0,0.0,0.0,0.0,0.0,0.0,0.0,0.0,0.0,0.0,0.0,0.0,0.0,0.0,0.0,0.0,0.0,0.0,0.0
0.48600716103091507,0.6868673375467472,0.4926996226245553,0.25615448500588534,0.17054021909979197,0.2543400221242425,0.3759229533439903,0.12428231395954395,0.0,0.031568599598459944,0.3753899325334412,0.1508332348349214,0.0,0.0,0.424631617922777,0.27063548520181524,0.0933482152547509,0.03745191169882034,0.3981671645644977,0.2720594999701019,0.1751988678289683,0.16878844148754804,0.2902204796660468,0.11980481488405173,0.0427017751563001,0.10795693817111371,0.3997693416312046,0.0,0.23315056628027087,0.0,1.0,0.0,0.0,0.0,0.0,0.0,0.0,0.0,0.0,0.0,0.0,0.0,0.0,0.16702835518119347,0.0,0.0,0.0,0.0,0.0,0.0,0.0,0.0,0.0,0.0,0.0,0.0,0.0,0.0,0.0,0.0,0.0,0.0,0.0,0.0,0.0,0.0,0.0,0.0,0.0,0.0,0.0,0.0,0.0,0.0,0.0,0.0,0.0,0.0,0.0,0.0,0.0,0.0,0.0,0.0,0.0,0.0,0.0,0.0
0.1587027371722001,0.2547259760910146,0.4850369806989612,0.6862570519431527,0.48946996633506085,0.25294375236285305,0.0,0.0,0.0,0.033108920729518106,0.0,0.0,0.0,0.0,0.0,0.0,0.0,0.0,0.0,0.0,0.0,0.0,0.0,0.0,0.0,0.0,0.3893221944489928,0.0,0.2232524549481819,0.0,0.0,1.0,0.4066966509274187,0.0,0.0,0.0,0.0,0.0,0.0,0.0,0.0,0.0,0.0,0.0,0.0,0.0,0.0,0.0,0.0,0.0,0.0,0.0,0.0,0.0,0.0,0.0,0.0,0.0,0.0,0.0,0.0,0.0,0.0,0.0,0.0,0.0,0.0,0.0,0.0,0.0,0.0,0.0,0.0,0.0,0.0,0.0,0.0,0.0,0.0,0.0,0.0,0.0,0.0,0.0,0.0,0.0,0.0,0.0
0.25014559101547834,0.16941882671750952,0.2581162568132278,0.49147456988902655,0.6859257191315606,0.4874632838791822,0.0254773440844981,0.0,0.14187982756007445,0.3921083795438336,0.0,0.0,0.0,0.0,0.0,0.0,0.0,0.0,0.0,0.0,0.0,0.0,0.0,0.0,0.0,0.0,0.0355044442684928,0.0,0.0,0.0,0.0,0.4066966509274187,1.0,0.41912553704508654,0.0,0.0,0.0,0.0,0.0,0.0,0.0,0.0,0.0,0.0,0.0,0.0,0.0,0.0,0.0,0.0,0.0,0.0,0.0,0.0,0.0,0.0,0.0,0.0,0.0,0.0,0.0,0.0,0.0,0.0,0.0,0.0,0.0,0.0,0.0,0.0,0.0,0.0,0.0,0.0,0.0,0.0,0.0,0.0,0.0,0.0,0.0,0.0,0.0,0.0,0.0,0.0,0.0,0.0
0.2482716996644586,0.0358587534664196,0.0,0.13648098505398798,0.39004330288475875,0.48482943494726216,0.15642542680989527,0.25241015229835245,0.4919225749910354,0.6859441755499881,0.0,0.0,0.0,0.035645851209289425,0.0,0.0,0.0,0.0,0.0,0.0,0.0,0.0,0.0,0.0,0.0,0.0,0.0,0.0,0.0,0.0,0.0,0.0,0.41912553704508654,1.0,0.4086768458840033,0.0,0.0,0.0,0.0,0.0,0.0,0.0,0.0,0.0,0.0,0.0,0.0,0.0,0.0,0.0,0.0,0.0,0.0,0.0,0.0,0.0,0.0,0.0,0.0,0.0,0.0,0.0,0.0,0.0,0.0,0.0,0.0,0.0,0.0,0.0,0.0,0.0,0.0,0.0,0.0,0.0,0.0,0.0,0.0,0.0,0.0,0.0,0.0,0.0,0.0,0.0,0.0,0.0
0.1632499444874917,0.0,0.0,0.0,0.03784525398900462,0.2559123696232401,0.2499252056632391,0.48595523447813765,0.6858581575406585,0.49262218282381165,0.03131502186337044,0.0,0.1425364995415493,0.3942131767303839,0.0,0.0,0.0,0.0,0.0,0.0,0.0,0.0,0.0,0.0,0.0,0.0,0.0,0.0,0.0,0.0,0.0,0.0,0.0,0.4086768458840033,1.0,0.42564564078104794,0.0,0.0,0.0,0.0,0.0,0.0,0.0,0.0,0.0,0.0,0.0,0.0,0.0,0.0,0.0,0.0,0.0,0.0,0.0,0.0,0.0,0.0,0.0,0.0,0.0,0.0,0.0,0.0,0.0,0.0,0.0,0.0,0.0,0.0,0.0,0.0,0.0,0.0,0.0,0.0,0.0,0.0,0.0,0.0,0.0,0.0,0.0,0.0,0.0,0.0,0.0,0.0
0.034560355240727064,0.0,0.0,0.0,0.0,0.0,0.2498247908782724,0.48571879951055114,0.39316330674497196,0.14238169346930435,0.161097028629155,0.2546570266784189,0.49137839147551415,0.685914361354089,0.0,0.0,0.0,0.03534953741028244,0.0,0.0,0.0,0.0,0.0,0.0,0.0,0.0,0.0,0.0,0.0,0.0,0.0,0.0,0.0,0.0,0.42564564078104794,1.0,0.4065244110003326,0.0,0.0,0.0,0.0,0.0,0.0,0.0,0.0,0.0,0.0,0.0,0.0,0.0,0.0,0.0,0.0,0.0,0.0,0.0,0.0,0.0,0.0,0.0,0.0,0.0,0.0,0.0,0.0,0.0,0.0,0.0,0.0,0.0,0.0,0.0,0.0,0.0,0.0,0.0,0.0,0.0,0.0,0.0,0.0,0.0,0.0,0.0,0.0,0.0,0.0,0.0
0.0,0.0,0.0,0.0,0.0,0.0,0.16284482263114855,0.2557684215582172,0.0365765531980325,0.0,0.2491412800941647,0.48622212433654005,0.6858858203803067,0.4914705259783287,0.035394270942561666,0.0,0.1415416303061449,0.39334731770139086,0.0,0.0,0.0,0.0,0.0,0.0,0.0,0.0,0.0,0.0,0.0,0.0,0.0,0.0,0.0,0.0,0.0,0.4065244110003326,1.0,0.4240429160804989,0.0,0.0,0.0,0.0,0.0,0.0,0.0,0.0,0.0,0.0,0.0,0.0,0.0,0.0,0.0,0.0,0.0,0.0,0.0,0.0,0.0,0.0,0.0,0.0,0.0,0.0,0.0,0.0,0.0,0.0,0.0,0.0,0.0,0.0,0.0,0.0,0.0,0.0,0.0,0.0,0.0,0.0,0.0,0.0,0.0,0.0,0.0,0.0,0.0,0.0
0.0,0.0,0.0,0.0,0.0,0.0,0.03538167116279218,0.0,0.0,0.0,0.2491372974845278,0.4862174894841761,0.39333868762117496,0.14153258457480314,0.16284043465611683,0.2557678600530439,0.4914712510788129,0.6858835036689799,0.0,0.0,0.0,0.036578076269583516,0.0,0.0,0.0,0.0,0.0,0.0,0.0,0.0,0.0,0.0,0.0,0.0,0.0,0.0,0.4240429160804989,1.0,0.40653551783707736,0.0,0.0,0.0,0.0,0.0,0.0,0.0,0.0,0.0,0.0,0.0,0.0,0.0,0.0,0.0,0.0,0.0,0.0,0.0,0.0,0.0,0.0,0.0,0.0,0.0,0.0,0.0,0.0,0.0,0.0,0.0,0.0,0.0,0.0,0.0,0.0,0.0,0.0,0.0,0.0,0.0,0.0,0.0,0.0,0.0,0.0,0.0,0.0,0.0
0.0,0.0,0.0,0.0,0.0,0.0,0.0,0.0,0.0,0.0,0.16110024519973223,0.25466145112178384,0.035351250416980735,0.0,0.249819457102867,0.48571564616410096,0.685914137600028,0.4913811294603794,0.03455907810677834,0.0,0.14237956793802561,0.39315499681129185,0.0,0.0,0.0,0.0,0.0,0.0,0.0,0.0,0.0,0.0,0.0,0.0,0.0,0.0,0.0,0.40653551783707736,1.0,0.425628283670228,0.0,0.0,0.0,0.0,0.0,0.0,0.0,0.0,0.0,0.0,0.0,0.0,0.0,0.0,0.0,0.0,0.0,0.0,0.0,0.0,0.0,0.0,0.0,0.0,0.0,0.0,0.0,0.0,0.0,0.0,0.0,0.0,0.0,0.0,0.0,0.0,0.0,0.0,0.0,0.0,0.0,0.0,0.0,0.0,0.0,0.0,0.0,0.0
0.0,0.0,0.0,0.0,0.0,0.0,0.0,0.0,0.0,0.0,0.0313144316052604,0.0,0.0,0.0,0.24992240782076688,0.48595399774725,0.3942060573207931,0.14253004555244086,0.16324446448095886,0.2559125741643665,0.49262413030361374,0.6858586646018636,0.0,0.0,0.0,0.0378471985757629,0.0,0.0,0.0,0.0,0.0,0.0,0.0,0.0,0.0,0.0,0.0,0.0,0.425628283670228,1.0,0.40868027443839844,0.0,0.0,0.0,0.0,0.0,0.0,0.0,0.0,0.0,0.0,0.0,0.0,0.0,0.0,0.0,0.0,0.0,0.0,0.0,0.0,0.0,0.0,0.0,0.0,0.0,0.0,0.0,0.0,0.0,0.0,0.0,0.0,0.0,0.0,0.0,0.0,0.0,0.0,0.0,0.0,0.0,0.0,0.0,0.0,0.0,0.0,0.0
0.0,0.0,0.0,0.0,0.0,0.0,0.0,0.0,0.0,0.0,0.0,0.0,0.0,0.0,0.1564244068234565,0.2524096055057574,0.03564624828770155,0.0,0.2482669936291218,0.48482634822594173,0.6859434865205477,0.4919247820703468,0.03585105509479876,0.0,0.13646948851367796,0.3900348105746809,0.0,0.0,0.0,0.0,0.0,0.0,0.0,0.0,0.0,0.0,0.0,0.0,0.0,0.40868027443839844,1.0,0.41911449037027626,0.0,0.0,0.0,0.0,0.0,0.0,0.0,0.0,0.0,0.0,0.0,0.0,0.0,0.0,0.0,0.0,0.0,0.0,0.0,0.0,0.0,0.0,0.0,0.0,0.0,0.0,0.0,0.0,0.0,0.0,0.0,0.0,0.0,0.0,0.0,0.0,0.0,0.0,0.0,0.0,0.0,0.0,0.0,0.0,0.0,0.0
0.0,0.0,0.0,0.0,0.0,0.0,0.0,0.0,0.0,0.0,0.0,0.0,0.0,0.0,0.025477455077243135,0.0,0.0,0.0,0.25014481350807405,0.48746170533237215,0.39210324995513535,0.14188154767737374,0.1694185034114421,0.2581114129734774,0.4914710178977506,0.6859250623420765,0.0,0.03549778743377692,0.0,0.0,0.0,0.0,0.0,0.0,0.0,0.0,0.0,0.0,0.0,0.0,0.41911449037027626,1.0,0.406695362107829,0.0,0.0,0.0,0.0,0.0,0.0,0.0,0.0,0.0,0.0,0.0,0.0,0.0,0.0,0.0,0.0,0.0,0.0,0.0,0.0,0.0,0.0,0.0,0.0,0.0,0.0,0.0,0.0,0.0,0.0,0.0,0.0,0.0,0.0,0.0,0.0,0.0,0.0,0.0,0.0,0.0,0.0,0.0,0.0,0.0
0.0,0.0,0.0,0.0,0.0,0.0,0.0,0.0,0.0,0.0,0.0,0.0,0.0,0.0,0.0,0.0,0.0,0.0,0.15870093766934348,0.252937999797571,0.033100461828726925,0.0,0.25472333904542094,0.4850299126666506,0.6862528676821151,0.4894679615819275,0.0,0.38931671965799625,0.0,0.22325278599511053,0.0,0.0,0.0,0.0,0.0,0.0,0.0,0.0,0.0,0.0,0.0,0.406695362107829,1.0,0.0,0.0,0.0,0.0,0.0,0.0,0.0,0.0,0.0,0.0,0.0,0.0,0.0,0.0,0.0,0.0,0.0,0.0,0.0,0.0,0.0,0.0,0.0,0.0,0.0,0.0,0.0,0.0,0.0,0.0,0.0,0.0,0.0,0.0,0.0,0.0,0.0,0.0,0.0,0.0,0.0,0.0,0.0,0.0,0.0
0.39835038977801973,0.29033171045437667,0.11997303641876204,0.04296422184196322,0.10825393894147556,0.27231918765813096,0.4247718921627954,0.27078793323211997,0.16898487178800212,0.17544004591562615,0.375455374440295,0.1508944000247756,0.03754334816204434,0.09346968418541295,0.3759542208738466,0.12429793107019967,0.0,0.0,0.4860179248394983,0.2543411945258293,0.031568915908104095,0.0,0.6868658822196682,0.4926948384021751,0.2561516285185135,0.17053903660930325,0.0,0.3997552763451872,0.0,0.23313236091380074,0.16702835518119347,0.0,0.0,0.0,0.0,0.0,0.0,0.0,0.0,0.0,0.0,0.0,0.0,1.0,0.0,0.0,0.0,0.0,0.0,0.0,0.0,0.0,0.0,0.0,0.0,0.0,0.0,0.0,0.0,0.0,0.0,0.0,0.0,0.0,0.0,0.0,0.0,0.0,0.0,0.0,0.0,0.0,0.0,0.0,0.0,0.0,0.0,0.0,0.0,0.0,0.0,0.0,0.0,0.0,0.0,0.0,0.0,0.0
0.0,0.0,0.0,0.0,0.0,0.0,0.0,0.0,0.0,0.0,0.0,0.0,0.0,0.0,0.0,0.0,0.0,0.0,0.0,0.0,0.0,0.0,0.0,0.0,0.0,0.0,0.0,0.0,0.0,0.0,0.0,0.0,0.0,0.0,0.0,0.0,0.0,0.0,0.0,0.0,0.0,0.0,0.0,0.0,1.0,0.7383166801283008,0.5469819032007214,0.47239606343452145,0.5435399703376854,0.735023811424428,0.7298229345345311,0.5455531163351027,0.4771884510350091,0.5420743353750281,0.5221553710170642,0.29884380498902857,0.2148583571104203,0.3048904159434596,0.40778001474046033,0.17138388879014074,0.03826216324089629,0.08378650222499494,0.38387097223122707,0.16158912327977404,0.0,0.0,0.4316024804674388,0.24916747000703002,0.06569687224930795,0.03194060688136895,0.3056207679107979,0.15793578015827425,0.0716292211549451,0.007037028930726071,0.48600716103091507,0.1587027371722001,0.25014559101547834,0.2482716996644586,0.1632499444874917,0.034560355240727064,0.0,0.0,0.0,0.0,0.0,0.0,0.0,0.3983503897780198
0.0,0.0,0.0,0.0,0.0,0.0,0.0,0.0,0.0,0.0,0.0,0.0,0.0,0.0,0.0,0.0,0.0,0.0,0.0,0.0,0.0,0.0,0.0,0.0,0.0,0.0,0.0,0.0,0.0,0.0,0.0,0.0,0.0,0.0,0.0,0.0,0.0,0.0,0.0,0.0,0.0,0.0,0.0,0.0,0.7383166801283008,1.0,0.7425848190720137,0.548583948311672,0.4834487567556097,0.5500790121558288,0.532807990685832,0.3053586612293995,0.2189431414316453,0.3080502684057208,0.4317395848571599,0.1935433802694007,0.05025253127721565,0.08935781284741089,0.4207020816048431,0.22138176029764878,0.05098103525842916,0.03274583189562082,0.43153135531151393,0.2744777449585063,0.1300771567199226,0.10333982470867853,0.4128363916840345,0.2625533443391747,0.14582177321924752,0.15235276290080438,0.5479811432983256,0.12123362540453886,0.32376898085680866,0.0,0.6868673375467472,0.25472597609101466,0.1694188267175096,0.03585875346641976,0.0,0.0,0.0,0.0,0.0,0.0,0.0,0.0,0.0,0.29033171045437667
0.0,0.0,0.0,0.0,0.0,0.0,0.0,0.0,0.0,0.0,0.0,0.0,0.0,0.0,0.0,0.0,0.0,0.0,0.0,0.0,0.0,0.0,0.0,0.0,0.0,0.0,0.0,0.0,0.0,0.0,0.0,0.0,0.0,0.0,0.0,0.0,0.0,0.0,0.0,0.0,0.0,0.0,0.0,0.0,0.5469819032007214,0.7425848190720137,1.0,0.7375077091927644,0.5546050492462206,0.48132295916581047,0.297100877327962,0.09638543989916021,0.06677027739948858,0.2178963828932726,0.17507467121854461,0.0,0.0,0.0,0.1861303129787137,0.00012604286629294795,0.0,0.0,0.24914092311917282,0.14577245376379278,0.0,0.0,0.26261729081779245,0.1866266529679588,0.10363936609997246,0.08566957574973429,0.7344828023083487,0.07743026406061754,0.4912086307757063,0.0,0.49269962262455524,0.48503698069896134,0.25811625681322786,0.0,0.0,0.0,0.0,0.0,0.0,0.0,0.0,0.0,0.0,0.11997303641876204
0.0,0.0,0.0,0.0,0.0,0.0,0.0,0.0,0.0,0.0,0.0,0.0,0.0,0.0,0.0,0.0,0.0,0.0,0.0,0.0,0.0,0.0,0.0,0.0,0.0,0.0,0.0,0.0,0.0,0.0,0.0,0.0,0.0,0.0,0.0,0.0,0.0,0.0,0.0,0.0,0.0,0.0,0.0,0.0,0.47239606343452145,0.548583948311672,0.7375077091927644,1.0,0.7454834550141456,0.5489939025337743,0.20230142829495154,0.05774855581102956,0.10367609527311913,0.30906199828407754,0.01993250438227853,0.0,0.0,0.0,0.0,0.0,0.0,0.0,0.06574885555845901,0.0,0.0,0.0,0.14598819481385897,0.10377561114514554,0.0,0.0,0.5430314722767056,0.06869986327568753,0.31986942907060567,0.0,0.25615448500588534,0.6862570519431527,0.4914745698890266,0.13648098505398798,0.0,0.0,0.0,0.0,0.0,0.0,0.0,0.0,0.0,0.04296422184196305
0.0,0.0,0.0,0.0,0.0,0.0,0.0,0.0,0.0,0.0,0.0,0.0,0.0,0.0,0.0,0.0,0.0,0.0,0.0,0.0,0.0,0.0,0.0,0.0,0.0,0.0,0.0,0.0,0.0,0.0,0.0,0.0,0.0,0.0,0.0,0.0,0.0,0.0,0.0,0.0,0.0,0.0,0.0,0.0,0.5435399703376854,0.4834487567556097,0.5546050492462206,0.7454834550141456,1.0,0.737543611928691,0.297308397639049,0.21493632730651066,0.3141963666806117,0.5428853673924561,0.06690943458060214,0.0,0.0,0.0,0.0,0.0,0.0,0.0,0.032017859345679786,0.0,0.0,0.0,0.15254825263108832,0.08584995781756204,0.0,0.0,0.31206693245123207,0.09468870383973223,0.07804882717134955,0.017956999447769278,0.1705402190997919,0.4894699663350609,0.6859257191315606,0.39004330288475875,0.03784525398900462,0.0,0.0,0.0,0.0,0.0,0.0,0.0,0.0,0.10825393894147556
0.0,0.0,0.0,0.0,0.0,0.0,0.0,0.0,0.0,0.0,0.0,0.0,0.0,0.0,0.0,0.0,0.0,0.0,0.0,0.0,0.0,0.0,0.0,0.0,0.0,0.0,0.0,0.0,0.0,0.0,0.0,0.0,0.0,0.0,0.0,0.0,0.0,0.0,0.0,0.0,0.0,0.0,0.0,0.0,0.735023811424428,0.5500790121558288,0.48132295916581047,0.5489939025337743,0.737543611928691,1.0,0.5375654503898807,0.47660034217068536,0.552450542547475,0.735486863294439,0.2858640647024791,0.08633427590004437,0.060573765343601066,0.21505824230231077,0.15349260647580973,0.0,0.0,0.0,0.16164144965803484,0.0,0.0,0.0,0.2746264961226304,0.1458953354613017,0.0,0.0,0.2159734656448532,0.13249423855225748,0.0,0.036350313861772184,0.2543400221242424,0.2529437523628531,0.48746328387918225,0.48482943494726216,0.2559123696232401,0.0,0.0,0.0,0.0,0.0,0.0,0.0,0.0,0.2723191876581309
0.0,0.0,0.0,0.0,0.0,0.0,0.0,0.0,0.0,0.0,0.0,0.0,0.0,0.0,0.0,0.0,0.0,0.0,0.0,0.0,0.0,0.0,0.0,0.0,0.0,0.0,0.0,0.0,0.0,0.0,0.0,0.0,0.0,0.0,0.0,0.0,0.0,0.0,0.0,0.0,0.0,0.0,0.0,0.0,0.7298229345345311,0.532807990685832,0.297100877327962,0.20230142829495154,0.297308397639049,0.5375654503898807,1.0,0.7368556441552224,0.5418899757557141,0.4701977828050506,0.7308224609221026,0.5451754688569155,0.47641507673772887,0.5430568378109102,0.519844984839715,0.29350584559334947,0.2118261090068523,0.30479670730734226,0.4077942344628353,0.1534804242998553,0.01732961856877916,0.07139913627585691,0.4207630301342173,0.1861718005472622,0.0,0.0,0.08086058380867141,0.08026183415639325,0.0,0.0,0.3759229533439903,0.0,0.0254773440844981,0.15642542680989527,0.249925205663239,0.2498247908782723,0.16284482263114863,0.03538167116279218,0.0,0.0,0.0,0.0,0.0,0.42477189216279565
0.0,0.0,0.0,0.0,0.0,0.0,0.0,0.0,0.0,0.0,0.0,0.0,0.0,0.0,0.0,0.0,0.0,0.0,0.0,0.0,0.0,0.0,0.0,0.0,0.0,0.0,0.0,0.0,0.0,0.0,0.0,0.0,0.0,0.0,0.0,0.0,0.0,0.0,0.0,0.0,0.0,0.0,0.0,0.0,0.5455531163351027,0.3053586612293995,0.09638543989916021,0.05774855581102956,0.21493632730651066,0.47660034217068536,0.7368556441552224,1.0,0.7348722843267663,0.5487943144758924,0.5433931727868255,0.4790028047363409,0.5523401256617655,0.7361489869998336,0.2935152593811159,0.08717852334317128,0.05937182477986062,0.21597070538689536,0.17142006720850425,0.0,0.0,0.0,0.2214699762954349,0.0002147612135560016,0.0,0.0,0.0,0.0,0.0,0.0,0.12428231395954395,0.0,0.0,0.2524101522983524,0.48595523447813765,0.48571879951055114,0.2557684215582173,0.0,0.0,0.0,0.0,0.0,0.0,0.27078793323211997
0.0,0.0,0.0,0.0,0.0,0.0,0.0,0.0,0.0,0.0,0.0,0.0,0.0,0.0,0.0,0.0,0.0,0.0,0.0,0.0,0.0,0.0,0.0,0.0,0.0,0.0,0.0,0.0,0.0,0.0,0.0,0.0,0.0,0.0,0.0,0.0,0.0,0.0,0.0,0.0,0.0,0.0,0.0,0.0,0.4771884510350091,0.2189431414316453,0.06677027739948858,0.10367609527311913,0.3141963666806117,0.552450542547475,0.5418899757557141,0.7348722843267663,1.0,0.747907514793004,0.2998833766545976,0.2139630782879552,0.3124289815625368,0.5431664985113954,0.0714178360737807,0.0,0.0,0.0,0.0,0.0,0.0,0.0,0.10346303096729302,0.0,0.0,0.0,0.0,0.0,0.0,0.0,0.0,0.0,0.14187982756007445,0.4919225749910354,0.6858581575406585,0.39316330674497196,0.0365765531980325,0.0,0.0,0.0,0.0,0.0,0.0,0.16898487178800212
0.0,0.0,0.0,0.0,0.0,0.0,0.0,0.0,0.0,0.0,0.0,0.0,0.0,0.0,0.0,0.0,0.0,0.0,0.0,0.0,0.0,0.0,0.0,0.0,0.0,0.0,0.0,0.0,0.0,0.0,0.0,0.0,0.0,0.0,0.0,0.0,0.0,0.0,0.0,0.0,0.0,0.0,0.0,0.0,0.5420743353750281,0.3080502684057208,0.2178963828932726,0.30906199828407754,0.5428853673924561,0.735486863294439,0.4701977828050506,0.5487943144758924,0.747907514793004,1.0,0.20244974386757741,0.05571732736184864,0.10310819131572785,0.3114704722707417,0.01735023862784153,0.0,0.0,0.0,0.0,0.0,0.0,0.0,0.1302266401458348,0.0,0.0,0.0,0.0,0.0207575896894463,0.0,0.0,0.03156859959845978,0.033108920729518106,0.3921083795438336,0.6859441755499881,0.49262218282381154,0.14238169346930435,0.0,0.0,0.0,0.0,0.0,0.0,0.0,0.17544004591562615
0.0,0.0,0.0,0.0,0.0,0.0,0.0,0.0,0.0,0.0,0.0,0.0,0.0,0.0,0.0,0.0,0.0,0.0,0.0,0.0,0.0,0.0,0.0,0.0,0.0,0.0,0.0,0.0,0.0,0.0,0.0,0.0,0.0,0.0,0.0,0.0,0.0,0.0,0.0,0.0,0.0,0.0,0.0,0.0,0.5221553710170642,0.4317395848571599,0.17507467121854461,0.01993250438227853,0.06690943458060214,0.2858640647024791,0.7308224609221026,0.5433931727868255,0.2998833766545976,0.20244974386757741,1.0,0.7354302293607392,0.5421393123956081,0.4746480109059952,0.730825666316625,0.5433967338870273,0.4746527962945996,0.5421416722215071,0.5221658294983803,0.2858663428725817,0.2024490081565528,0.2998827192277185,0.43177016534859525,0.17510137275194032,0.019943214301387624,0.0669105029399197,0.012219027288371048,0.012252570223920184,0.0,0.0,0.37538993253344105,0.0,0.0,0.0,0.03131502186337044,0.16109702862915484,0.2491412800941646,0.24913729748452787,0.16110024519973232,0.03131443160526057,0.0,0.0,0.0,0.37545537444029514
0.0,0.0,0.0,0.0,0.0,0.0,0.0,0.0,0.0,0.0,0.0,0.0,0.0,0.0,0.0,0.0,0.0,0.0,0.0,0.0,0.0,0.0,0.0,0.0,0.0,0.0,0.0,0.0,0.0,0.0,0.0,0.0,0.0,0.0,0.0,0.0,0.0,0.0,0.0,0.0,0.0,0.0,0.0,0.0,0.29884380498902857,0.1935433802694007,0.0,0.0,0.0,0.08633427590004437,0.5451754688569155,0.4790028047363409,0.2139630782879552,0.05571732736184864,0.7354302293607392,1.0,0.7361585565748057,0.5512951119910617,0.5451748905927409,0.4790038626581411,0.5512983038379314,0.7361612924637287,0.29885841292545523,0.08634909942038678,0.0557233528252312,0.21396281199918224,0.19358045167494733,0.0,0.0,0.0,0.0,0.0,0.0,0.0,0.1508332348349214,0.0,0.0,0.0,0.0,0.25465702667841883,0.48622212433654005,0.4862174894841761,0.25466145112178384,0.0,0.0,0.0,0.0,0.1508944000247756
0.0,0.0,0.0,0.0,0.0,0.0,0.0,0.0,0.0,0.0,0.0,0.0,0.0,0.0,0.0,0.0,0.0,0.0,0.0,0.0,0.0,0.0,0.0,0.0,0.0,0.0,0.0,0.0,0.0,0.0,0.0,0.0,0.0,0.0,0.0,0.0,0.0,0.0,0.0,0.0,0.0,0.0,0.0,0.0,0.2148583571104203,0.05025253127721565,0.0,0.0,0.0,0.060573765343601066,0.47641507673772887,0.5523401256617655,0.3124289815625368,0.10310819131572785,0.5421393123956081,0.7361585565748057,1.0,0.7473476311242553,0.30480140309482545,0.21597268914600165,0.3119617447813126,0.5435021002972846,0.08381654706432973,0.0,0.0,0.0,0.032810028748361045,0.0,0.0,0.0,0.0,0.0,0.0,0.0,0.0,0.0,0.0,0.0,0.1425364995415493,0.49137839147551415,0.6858858203803067,0.39333868762117496,0.035351250416980576,0.0,0.0,0.0,0.0,0.03754334816204434
