1.0,0.7383132921175148,0.5469836990119771,0.47240042506911584,0.5435426537245863,0.7350217716302996,0.7298262169509846,0.5455502432467368,0.4771830983098373,0.5420717632346116,0.5221699658044137,0.2988620180910343,0.21487373451716152,0.3048930977331036,0.4077918086145151,0.17139560484788777,0.038278047019862475,0.08380747388447604,0.3838630492119418,0.16157573904822037,0.0,0.0,0.43157836708133224,0.24913742699142238,0.06568143573602667,0.0319344047700761,0.30561643072621575,0.15785539691496756,0.07161884003962612,0.0069058624751158655,0.48600921983017936,0.1587067024079303,0.2501437386505684,0.24826728268870119,0.16324271652781533,0.034560296339046,0.0,0.0,0.0,0.0,0.0,0.0,0.0,0.3982874144189094,0.0,0.0,0.0,0.0,0.0,0.0,0.0,0.0,0.0,0.0,0.0,0.0,0.0,0.0,0.0,0.0,0.0,0.0,0.0,0.0,0.0,0.0,0.0,0.0,0.0,0.0,0.0,0.0,0.0,0.0,0.0,0.0,0.0,0.0,0.0,0.0,0.0,0.0,0.0,0.0,0.0,0.0,0.0,0.0
0.7383132921175148,1.0,0.7425840634889598,0.5485804547392955,0.4834405870370333,0.5500679894000841,0.5328118807582267,0.3053631656514717,0.2189408157750748,0.3080436268636298,0.4317587025178498,0.19358165737238536,0.050292506138888506,0.08937804920417533,0.42070858316287896,0.22139866780969894,0.05101625355486519,0.03279134293239721,0.4314855223256163,0.2744249494836831,0.13003285897297515,0.10332524941940507,0.41275751466624366,0.262460382021322,0.14574879420523057,0.15229968169251726,0.5479739828012238,0.12108834190344725,0.3237553412501924,0.0,0.686864652109909,0.25472284083958824,0.16940631152490143,0.03584855786868611,0.0,0.0,0.0,0.0,0.0,0.0,0.0,0.0,0.0,0.2902247135194719,0.0,0.0,0.0,0.0,0.0,0.0,0.0,0.0,0.0,0.0,0.0,0.0,0.0,0.0,0.0,0.0,0.0,0.0,0.0,0.0,0.0,0.0,0.0,0.0,0.0,0.0,0.0,0.0,0.0,0.0,0.0,0.0,0.0,0.0,0.0,0.0,0.0,0.0,0.0,0.0,0.0,0.0,0.0,0.0
0.5469836990119771,0.7425840634889598,1.0,0.7375054056582461,0.55460007905731,0.4813181230207135,0.29710717841152806,0.09639932637504083,0.06677942748970284,0.21789767999995607,0.17508810435993594,0.0,0.0,0.0,0.18611489637702397,0.00012851497704839213,0.0,0.0,0.24904701346696317,0.14565936548619723,0.0,0.0,0.26247385867473527,0.18643980864690027,0.1034692410296002,0.08553573603930295,0.7344838565181935,0.07717359329101871,0.4912107308414764,0.0,0.492684879775322,0.4850348708211272,0.25810739210041156,0.0,0.0,0.0,0.0,0.0,0.0,0.0,0.0,0.0,0.0,0.11981369236621214,0.0,0.0,0.0,0.0,0.0,0.0,0.0,0.0,0.0,0.0,0.0,0.0,0.0,0.0,0.0,0.0,0.0,0.0,0.0,0.0,0.0,0.0,0.0,0.0,0.0,0.0,0.0,0.0,0.0,0.0,0.0,0.0,0.0,0.0,0.0,0.0,0.0,0.0,0.0,0.0,0.0,0.0,0.0,0.0
0.47240042506911584,0.5485804547392955,0.7375054056582461,1.0,0.7454822151486101,0.548993942581527,0.20230949628930694,0.05776307579340453,0.10368828881387682,0.3090666210234518,0.019945047643599823,0.0,0.0,0.0,0.0,0.0,0.0,0.0,0.06566842755699397,0.0,0.0,0.0,0.14585663128378787,0.10359414375951936,0.0,0.0,0.5430386797114561,0.06842252773184924,0.3198858779963228,0.0,0.2561409243055741,0.6862566717614139,0.49146928606806206,0.13648177715961549,0.0,0.0,0.0,0.0,0.0,0.0,0.0,0.0,0.0,0.04280863613238087,0.0,0.0,0.0,0.0,0.0,0.0,0.0,0.0,0.0,0.0,0.0,0.0,0.0,0.0,0.0,0.0,0.0,0.0,0.0,0.0,0.0,0.0,0.0,0.0,0.0,0.0,0.0,0.0,0.0,0.0,0.0,0.0,0.0,0.0,0.0,0.0,0.0,0.0,0.0,0.0,0.0,0.0,0.0,0.0
0.5435426537245863,0.4834405870370333,0.55460007905731,0.7454822151486101,1.0,0.7375449178669831,0.29731632544690756,0.21494554772952326,0.31420449342191253,0.5428886481598775,0.06692240915544298,0.0,0.0,0.0,0.0,0.0,0.0,0.0,0.031975232465112066,0.0,0.0,0.0,0.15247086810659394,0.08574268488357414,0.0,0.0,0.31206911650918057,0.09449081826332072,0.07805851182810873,0.017671809994585896,0.17052892451087065,0.4894697184657626,0.6859214270848839,0.39004309779945545,0.0378535317884265,0.0,0.0,0.0,0.0,0.0,0.0,0.0,0.0,0.10814259645950544,0.0,0.0,0.0,0.0,0.0,0.0,0.0,0.0,0.0,0.0,0.0,0.0,0.0,0.0,0.0,0.0,0.0,0.0,0.0,0.0,0.0,0.0,0.0,0.0,0.0,0.0,0.0,0.0,0.0,0.0,0.0,0.0,0.0,0.0,0.0,0.0,0.0,0.0,0.0,0.0,0.0,0.0,0.0,0.0
0.7350217716302996,0.5500679894000841,0.4813181230207135,0.548993942581527,0.7375449178669831,1.0,0.5375718705669165,0.47660425085795866,0.5524535010368302,0.7354889944608404,0.285876428957626,0.08635190069555795,0.06059056330929241,0.2150648403124079,0.15349784980136522,0.0,0.0,0.0,0.16162446816016687,0.0,0.0,0.0,0.27459062728261185,0.1458464307372912,0.0,0.0,0.2159699625472973,0.13237934176587526,0.0,0.03616676273465061,0.254332829078248,0.2529444324172235,0.4874619674363432,0.48482883183135794,0.2559139086398602,0.0,0.0,0.0,0.0,0.0,0.0,0.0,0.0,0.27224657022528403,0.0,0.0,0.0,0.0,0.0,0.0,0.0,0.0,0.0,0.0,0.0,0.0,0.0,0.0,0.0,0.0,0.0,0.0,0.0,0.0,0.0,0.0,0.0,0.0,0.0,0.0,0.0,0.0,0.0,0.0,0.0,0.0,0.0,0.0,0.0,0.0,0.0,0.0,0.0,0.0,0.0,0.0,0.0,0.0
0.7298262169509846,0.5328118807582267,0.29710717841152806,0.20230949628930694,0.29731632544690756,0.5375718705669165,1.0,0.7368546667780944,0.5418908374910065,0.4702043022704732,0.7308283303202283,0.5451815667131441,0.4764194887771903,0.5430553626947385,0.5198473582850088,0.29350697574372975,0.2118282770338241,0.30480310868818683,0.40778820045117065,0.15346974094930133,0.01731514415434193,0.07139061396411105,0.4207507229936788,0.1861565931389166,0.0,0.0,0.08085768719118282,0.08021740893349566,0.0,0.0,0.3759393680559227,0.0,0.02548156939166842,0.1564296982777435,0.24992299923156466,0.24982197890018001,0.1628509449274144,0.03539487197491773,0.0,0.0,0.0,0.0,0.0,0.42473517333218513,0.0,0.0,0.0,0.0,0.0,0.0,0.0,0.0,0.0,0.0,0.0,0.0,0.0,0.0,0.0,0.0,0.0,0.0,0.0,0.0,0.0,0.0,0.0,0.0,0.0,0.0,0.0,0.0,0.0,0.0,0.0,0.0,0.0,0.0,0.0,0.0,0.0,0.0,0.0,0.0,0.0,0.0,0.0,0.0
0.5455502432467368,0.3053631656514717,0.09639932637504083,0.05776307579340453,0.21494554772952326,0.47660425085795866,0.7368546667780944,1.0,0.734871176678331,0.5487970824093844,0.5433963149824512,0.4790049707552512,0.5523398833635559,0.7361461257868072,0.2935153291553716,0.08717902448766657,0.05937340037498445,0.21597469445903678,0.17141437441443436,0.0,0.0,0.0,0.22145873942331357,0.00019822325902194734,0.0,0.0,0.0,0.0,0.0,0.0,0.12430146322565848,0.0,0.0,0.25241231426666483,0.48595169037548347,0.48571522333859646,0.2557682290628435,0.0,0.0,0.0,0.0,0.0,0.0,0.2707595363956372,0.0,0.0,0.0,0.0,0.0,0.0,0.0,0.0,0.0,0.0,0.0,0.0,0.0,0.0,0.0,0.0,0.0,0.0,0.0,0.0,0.0,0.0,0.0,0.0,0.0,0.0,0.0,0.0,0.0,0.0,0.0,0.0,0.0,0.0,0.0,0.0,0.0,0.0,0.0,0.0,0.0,0.0,0.0,0.0
0.4771830983098373,0.2189408157750748,0.06677942748970284,0.10368828881387682,0.31420449342191253,0.5524535010368302,0.5418908374910065,0.734871176678331,1.0,0.7479098557887749,0.29988758209373967,0.21396424517842585,0.3124251907388645,0.5431592371153547,0.07141914373401906,0.0,0.0,0.0,0.0,0.0,0.0,0.0,0.10345278594198672,0.0,0.0,0.0,0.0,0.0,0.0,0.0,0.0,0.0,0.1418866974978054,0.4919263082905982,0.6858562487673991,0.3931529070736087,0.03657141250953786,0.0,0.0,0.0,0.0,0.0,0.0,0.16895489221519694,0.0,0.0,0.0,0.0,0.0,0.0,0.0,0.0,0.0,0.0,0.0,0.0,0.0,0.0,0.0,0.0,0.0,0.0,0.0,0.0,0.0,0.0,0.0,0.0,0.0,0.0,0.0,0.0,0.0,0.0,0.0,0.0,0.0,0.0,0.0,0.0,0.0,0.0,0.0,0.0,0.0,0.0,0.0,0.0
0.5420717632346116,0.3080436268636298,0.21789767999995607,0.3090666210234518,0.5428886481598775,0.7354889944608404,0.4702043022704732,0.5487970824093844,0.7479098557887749,1.0,0.20246078823394273,0.05572771026817479,0.10311420092105826,0.31146967429542427,0.017357252162391364,0.0,0.0,0.0,0.0,0.0,0.0,0.0,0.13021182959074348,0.0,0.0,0.0,0.0,0.0206769061880259,0.0,0.0,0.03156923932960536,0.03311461229941069,0.3921101057825321,0.6859425465417007,0.4926221362380296,0.1423768170640715,0.0,0.0,0.0,0.0,0.0,0.0,0.0,0.1753972846059889,0.0,0.0,0.0,0.0,0.0,0.0,0.0,0.0,0.0,0.0,0.0,0.0,0.0,0.0,0.0,0.0,0.0,0.0,0.0,0.0,0.0,0.0,0.0,0.0,0.0,0.0,0.0,0.0,0.0,0.0,0.0,0.0,0.0,0.0,0.0,0.0,0.0,0.0,0.0,0.0,0.0,0.0,0.0,0.0
0.5221699658044137,0.4317587025178498,0.17508810435993594,0.019945047643599823,0.06692240915544298,0.285876428957626,0.7308283303202283,0.5433963149824512,0.29988758209373967,0.20246078823394273,1.0,0.7354317036671143,0.542140627593793,0.4746472843188822,0.7308238215811901,0.5433938687523993,0.47464914335104563,0.5421417683268048,0.522160282031542,0.2858573963937397,0.20243785101084064,0.2998751082904396,0.4317603427447731,0.175090656348747,0.0199350685171956,0.066904802724263,0.012217771529680765,0.01222780827828665,0.0,0.0,0.37542767233503244,0.0,0.0,0.0,0.031314673246906025,0.16109471337662284,0.24914379008391085,0.24914257695241387,0.161094881134474,0.031307947137388936,0.0,0.0,0.0,0.37543437224901055,0.0,0.0,0.0,0.0,0.0,0.0,0.0,0.0,0.0,0.0,0.0,0.0,0.0,0.0,0.0,0.0,0.0,0.0,0.0,0.0,0.0,0.0,0.0,0.0,0.0,0.0,0.0,0.0,0.0,0.0,0.0,0.0,0.0,0.0,0.0,0.0,0.0,0.0,0.0,0.0,0.0,0.0,0.0,0.0
0.2988620180910343,0.19358165737238536,0.0,0.0,0.0,0.08635190069555795,0.5451815667131441,0.4790049707552512,0.21396424517842585,0.05572771026817479,0.7354317036671143,1.0,0.7361604523871225,0.5512961646946127,0.5451761319909278,0.4790072431242024,0.5513017008077195,0.7361634517462669,0.2988560001361619,0.08634552788434226,0.055722475214323636,0.21396614352366636,0.19357064823416062,0.0,0.0,0.0,0.0,0.0,0.0,0.0,0.150894873989139,0.0,0.0,0.0,0.0,0.2546563228988502,0.48622523552972396,0.48622430305431746,0.25466234487716444,0.0,0.0,0.0,0.0,0.15087795163819437,0.0,0.0,0.0,0.0,0.0,0.0,0.0,0.0,0.0,0.0,0.0,0.0,0.0,0.0,0.0,0.0,0.0,0.0,0.0,0.0,0.0,0.0,0.0,0.0,0.0,0.0,0.0,0.0,0.0,0.0,0.0,0.0,0.0,0.0,0.0,0.0,0.0,0.0,0.0,0.0,0.0,0.0,0.0,0.0
0.21487373451716152,0.050292506138888506,0.0,0.0,0.0,0.06059056330929241,0.4764194887771903,0.5523398833635559,0.3124251907388645,0.10311420092105826,0.542140627593793,0.7361604523871225,1.0,0.7473474593608317,0.30479983152295326,0.21597714006421606,0.3119707468444097,0.5435102805039795,0.0838078420858493,0.0,0.0,0.0,0.032789955931557105,0.0,0.0,0.0,0.0,0.0,0.0,0.0,0.0,0.0,0.0,0.0,0.1425238987711538,0.4913756746613013,0.6858866558686076,0.39335500264949386,0.035359322785246096,0.0,0.0,0.0,0.0,0.03751512091299244,0.0,0.0,0.0,0.0,0.0,0.0,0.0,0.0,0.0,0.0,0.0,0.0,0.0,0.0,0.0,0.0,0.0,0.0,0.0,0.0,0.0,0.0,0.0,0.0,0.0,0.0,0.0,0.0,0.0,0.0,0.0,0.0,0.0,0.0,0.0,0.0,0.0,0.0,0.0,0.0,0.0,0.0,0.0,0.0
0.3048930977331036,0.08937804920417533,0.0,0.0,0.0,0.2150648403124079,0.5430553626947385,0.7361461257868072,0.5431592371153547,0.31146967429542427,0.4746472843188822,0.5512961646946127,0.7473474593608317,1.0,0.21183007033454979,0.059375484055523016,0.10277114330272756,0.311967716329154,0.038288377382114346,0.0,0.0,0.0,0.05104108691028808,0.0,0.0,0.0,0.0,0.0,0.0,0.0,0.0,0.0,0.0,0.03564436474822062,0.39420002202342835,0.6859132936079753,0.49147077207498435,0.14154793330297585,0.0,0.0,0.0,0.0,0.0,0.09343556365473488,0.0,0.0,0.0,0.0,0.0,0.0,0.0,0.0,0.0,0.0,0.0,0.0,0.0,0.0,0.0,0.0,0.0,0.0,0.0,0.0,0.0,0.0,0.0,0.0,0.0,0.0,0.0,0.0,0.0,0.0,0.0,0.0,0.0,0.0,0.0,0.0,0.0,0.0,0.0,0.0,0.0,0.0,0.0,0.0
0.4077918086145151,0.42070858316287896,0.18611489637702397,0.0,0.0,0.15349784980136522,0.5198473582850088,0.2935153291553716,0.07141914373401906,0.017357252162391364,0.7308238215811901,0.5451761319909278,0.30479983152295326,0.21183007033454979,1.0,0.7368523656354222,0.5430502402472829,0.47641223590960585,0.729824113882704,0.5375620788904265,0.47019093664335154,0.5418835023998189,0.5328133731695309,0.29710678744916447,0.2023032318532327,0.2973069677327705,0.08014936861223404,0.08085898116028045,0.0,0.0,0.4246550359317182,0.0,0.0,0.0,0.0,0.0,0.03539374518579926,0.16284309042420786,0.249816240156238,0.2499198294201579,0.15641827483339288,0.025474642610083066,0.0,0.37594006077750924,0.0,0.0,0.0,0.0,0.0,0.0,0.0,0.0,0.0,0.0,0.0,0.0,0.0,0.0,0.0,0.0,0.0,0.0,0.0,0.0,0.0,0.0,0.0,0.0,0.0,0.0,0.0,0.0,0.0,0.0,0.0,0.0,0.0,0.0,0.0,0.0,0.0,0.0,0.0,0.0,0.0,0.0,0.0,0.0
0.17139560484788777,0.22139866780969894,0.00012851497704839213,0.0,0.0,0.0,0.29350697574372975,0.08717902448766657,0.0,0.0,0.5433938687523993,0.4790072431242024,0.21597714006421606,0.059375484055523016,0.7368523656354222,1.0,0.7361449702315913,0.5523408288611767,0.5455497217645947,0.4766002064696695,0.5487926160929817,0.7348694238923504,0.3053574197512435,0.09638967707371973,0.05775378970885499,0.21493852828953744,0.0,0.0,0.0,0.0,0.27066905075488784,0.0,0.0,0.0,0.0,0.0,0.0,0.2557710045016596,0.4857127448077132,0.48595384890354465,0.2524102268420927,0.0,0.0,0.12429242623792668,0.0,0.0,0.0,0.0,0.0,0.0,0.0,0.0,0.0,0.0,0.0,0.0,0.0,0.0,0.0,0.0,0.0,0.0,0.0,0.0,0.0,0.0,0.0,0.0,0.0,0.0,0.0,0.0,0.0,0.0,0.0,0.0,0.0,0.0,0.0,0.0,0.0,0.0,0.0,0.0,0.0,0.0,0.0,0.0
0.038278047019862475,0.05101625355486519,0.0,0.0,0.0,0.0,0.2118282770338241,0.05937340037498445,0.0,0.0,0.47464914335104563,0.5513017008077195,0.3119707468444097,0.10277114330272756,0.5430502402472829,0.7361449702315913,1.0,0.7473509409928842,0.30488841652856474,0.2150610902073452,0.3114705016863011,0.5431634391780414,0.08936228731223489,0.0,0.0,0.0,0.0,0.0,0.0,0.0,0.09340475795957286,0.0,0.0,0.0,0.0,0.0,0.14155686923601743,0.4914761789278547,0.6859126623409816,0.39421138078082213,0.03564957351012505,0.0,0.0,0.0,0.0,0.0,0.0,0.0,0.0,0.0,0.0,0.0,0.0,0.0,0.0,0.0,0.0,0.0,0.0,0.0,0.0,0.0,0.0,0.0,0.0,0.0,0.0,0.0,0.0,0.0,0.0,0.0,0.0,0.0,0.0,0.0,0.0,0.0,0.0,0.0,0.0,0.0,0.0,0.0,0.0,0.0,0.0,0.0
0.08380747388447604,0.03279134293239721,0.0,0.0,0.0,0.0,0.30480310868818683,0.21597469445903678,0.0,0.0,0.5421417683268048,0.7361634517462669,0.5435102805039795,0.311967716329154,0.47641223590960585,0.5523408288611767,0.7473509409928842,1.0,0.21486716783474968,0.06058759779611599,0.10311668877481484,0.3124324290418939,0.05027305985282082,0.0,0.0,0.0,0.0,0.0,0.0,0.0,0.037521435474768945,0.0,0.0,0.0,0.0,0.035354929538915586,0.39335975149114777,0.6858860850874298,0.49138133717142735,0.14253998495066716,0.0,0.0,0.0,0.0,0.0,0.0,0.0,0.0,0.0,0.0,0.0,0.0,0.0,0.0,0.0,0.0,0.0,0.0,0.0,0.0,0.0,0.0,0.0,0.0,0.0,0.0,0.0,0.0,0.0,0.0,0.0,0.0,0.0,0.0,0.0,0.0,0.0,0.0,0.0,0.0,0.0,0.0,0.0,0.0,0.0,0.0,0.0,0.0
0.3838630492119418,0.4314855223256163,0.24904701346696317,0.06566842755699397,0.031975232465112066,0.16162446816016687,0.40778820045117065,0.17141437441443436,0.0,0.0,0.522160282031542,0.2988560001361619,0.0838078420858493,0.038288377382114346,0.729824113882704,0.5455497217645947,0.30488841652856474,0.21486716783474968,1.0,0.7350188114072534,0.5420669970990464,0.47718269580649564,0.7383169818602087,0.5469837594476511,0.47239649546127604,0.5435385184196111,0.15771358489224802,0.3056164515578692,0.006742327340325044,0.071617394530868,0.3981268501630926,0.0,0.0,0.0,0.0,0.0,0.0,0.0,0.03455616453931007,0.16324440218471903,0.24826425656985465,0.2501433921880944,0.15869851809049576,0.4860126858655951,0.0,0.0,0.0,0.0,0.0,0.0,0.0,0.0,0.0,0.0,0.0,0.0,0.0,0.0,0.0,0.0,0.0,0.0,0.0,0.0,0.0,0.0,0.0,0.0,0.0,0.0,0.0,0.0,0.0,0.0,0.0,0.0,0.0,0.0,0.0,0.0,0.0,0.0,0.0,0.0,0.0,0.0,0.0,0.0
0.16157573904822037,0.2744249494836831,0.14565936548619723,0.0,0.0,0.0,0.15346974094930133,0.0,0.0,0.0,0.2858573963937397,0.08634552788434226,0.0,0.0,0.5375620788904265,0.4766002064696695,0.2150610902073452,0.06058759779611599,0.7350188114072534,1.0,0.735485535787602,0.552451646864375,0.5500724754137064,0.48131876524824263,0.5489930314120975,0.7375434209674502,0.13210495122456015,0.21596985865909737,0.035848567375551366,0.0,0.27200447095644503,0.0,0.0,0.0,0.0,0.0,0.0,0.0,0.0,0.2559132362330895,0.4848271629233252,0.48746464107906906,0.25294036208814463,0.25433740873717087,0.0,0.0,0.0,0.0,0.0,0.0,0.0,0.0,0.0,0.0,0.0,0.0,0.0,0.0,0.0,0.0,0.0,0.0,0.0,0.0,0.0,0.0,0.0,0.0,0.0,0.0,0.0,0.0,0.0,0.0,0.0,0.0,0.0,0.0,0.0,0.0,0.0,0.0,0.0,0.0,0.0,0.0,0.0,0.0
0.0,0.13003285897297515,0.0,0.0,0.0,0.0,0.01731514415434193,0.0,0.0,0.0,0.20243785101084064,0.055722475214323636,0.0,0.0,0.47019093664335154,0.5487926160929817,0.3114705016863011,0.10311668877481484,0.5420669970990464,0.735485535787602,1.0,0.7479092642993451,0.3080423819576534,0.21789168869391218,0.3090609220904667,0.5428834221942553,0.020375647963999047,0.0,0.0,0.0,0.17515135680691674,0.0,0.0,0.0,0.0,0.0,0.0,0.0,0.142382235834692,0.4926237427219978,0.6859450833984699,0.392109375209668,0.033106797509718455,0.03156721693204944,0.0,0.0,0.0,0.0,0.0,0.0,0.0,0.0,0.0,0.0,0.0,0.0,0.0,0.0,0.0,0.0,0.0,0.0,0.0,0.0,0.0,0.0,0.0,0.0,0.0,0.0,0.0,0.0,0.0,0.0,0.0,0.0,0.0,0.0,0.0,0.0,0.0,0.0,0.0,0.0,0.0,0.0,0.0,0.0
0.0,0.10332524941940507,0.0,0.0,0.0,0.0,0.07139061396411105,0.0,0.0,0.0,0.2998751082904396,0.21396614352366636,0.0,0.0,0.5418835023998189,0.7348694238923504,0.5431634391780414,0.3124324290418939,0.47718269580649564,0.552451646864375,0.7479092642993451,1.0,0.21893817062647272,0.06677103327507837,0.10368056289388367,0.314198844210084,0.0,0.0,0.0,0.0,0.1687789890867644,0.0,0.0,0.0,0.0,0.0,0.0,0.03658542860651358,0.39315947556425346,0.6858584613501667,0.49192696239369044,0.14188467489646828,0.0,0.0,0.0,0.0,0.0,0.0,0.0,0.0,0.0,0.0,0.0,0.0,0.0,0.0,0.0,0.0,0.0,0.0,0.0,0.0,0.0,0.0,0.0,0.0,0.0,0.0,0.0,0.0,0.0,0.0,0.0,0.0,0.0,0.0,0.0,0.0,0.0,0.0,0.0,0.0,0.0,0.0,0.0,0.0,0.0,0.0
0.43157836708133224,0.41275751466624366,0.26247385867473527,0.14585663128378787,0.15247086810659394,0.27459062728261185,0.4207507229936788,0.22145873942331357,0.10345278594198672,0.13021182959074348,0.4317603427447731,0.19357064823416062,0.032789955931557105,0.05104108691028808,0.5328133731695309,0.3053574197512435,0.08936228731223489,0.05027305985282082,0.7383169818602087,0.5500724754137064,0.3080423819576534,0.21893817062647272,1.0,0.7425865059538568,0.5485830022189403,0.4834460135867464,0.1210448385448618,0.5479736399078307,0.0,0.32375212601505604,0.29015653598579205,0.0,0.0,0.0,0.0,0.0,0.0,0.0,0.0,0.0,0.0358502190313745,0.16941494224619547,0.2547200249055172,0.6868665218595177,0.0,0.0,0.0,0.0,0.0,0.0,0.0,0.0,0.0,0.0,0.0,0.0,0.0,0.0,0.0,0.0,0.0,0.0,0.0,0.0,0.0,0.0,0.0,0.0,0.0,0.0,0.0,0.0,0.0,0.0,0.0,0.0,0.0,0.0,0.0,0.0,0.0,0.0,0.0,0.0,0.0,0.0,0.0,0.0
0.24913742699142238,0.262460382021322,0.18643980864690027,0.10359414375951936,0.08574268488357414,0.1458464307372912,0.1861565931389166,0.00019822325902194734,0.0,0.0,0.175090656348747,0.0,0.0,0.0,0.29710678744916447,0.09638967707371973,0.0,0.0,0.5469837594476511,0.48131876524824263,0.21789168869391218,0.06677103327507837,0.7425865059538568,1.0,0.737505139912951,0.5546025077568715,0.0770974637524425,0.7344826464699202,0.0,0.4912086657885425,0.11972601510162036,0.0,0.0,0.0,0.0,0.0,0.0,0.0,0.0,0.0,0.0,0.25811183223595113,0.48502910524945353,0.49269509239506476,0.0,0.0,0.0,0.0,0.0,0.0,0.0,0.0,0.0,0.0,0.0,0.0,0.0,0.0,0.0,0.0,0.0,0.0,0.0,0.0,0.0,0.0,0.0,0.0,0.0,0.0,0.0,0.0,0.0,0.0,0.0,0.0,0.0,0.0,0.0,0.0,0.0,0.0,0.0,0.0,0.0,0.0,0.0,0.0
0.06568143573602667,0.14574879420523057,0.1034692410296002,0.0,0.0,0.0,0.0,0.0,0.0,0.0,0.0199350685171956,0.0,0.0,0.0,0.2023032318532327,0.05775378970885499,0.0,0.0,0.47239649546127604,0.5489930314120975,0.3090609220904667,0.10368056289388367,0.5485830022189403,0.737505139912951,1.0,0.7454840703281589,0.06819839242790701,0.5430382786749216,0.0,0.319886239149159,0.04263279055289432,0.0,0.0,0.0,0.0,0.0,0.0,0.0,0.0,0.0,0.136477274763436,0.49147312974133694,0.6862525089894504,0.25614933080719765,0.0,0.0,0.0,0.0,0.0,0.0,0.0,0.0,0.0,0.0,0.0,0.0,0.0,0.0,0.0,0.0,0.0,0.0,0.0,0.0,0.0,0.0,0.0,0.0,0.0,0.0,0.0,0.0,0.0,0.0,0.0,0.0,0.0,0.0,0.0,0.0,0.0,0.0,0.0,0.0,0.0,0.0,0.0,0.0
0.0319344047700761,0.15229968169251726,0.08553573603930295,0.0,0.0,0.0,0.0,0.0,0.0,0.0,0.066904802724263,0.0,0.0,0.0,0.2973069677327705,0.21493852828953744,0.0,0.0,0.5435385184196111,0.7375434209674502,0.5428834221942553,0.314198844210084,0.4834460135867464,0.5546025077568715,0.7454840703281589,1.0,0.09416992264493484,0.3120711241606086,0.017284780012298745,0.07806092594280108,0.10790145624295727,0.0,0.0,0.0,0.0,0.0,0.0,0.0,0.0,0.03784755990379196,0.3900380815959135,0.6859246358692731,0.48946897229161723,0.17053738403134974,0.0,0.0,0.0,0.0,0.0,0.0,0.0,0.0,0.0,0.0,0.0,0.0,0.0,0.0,0.0,0.0,0.0,0.0,0.0,0.0,0.0,0.0,0.0,0.0,0.0,0.0,0.0,0.0,0.0,0.0,0.0,0.0,0.0,0.0,0.0,0.0,0.0,0.0,0.0,0.0,0.0,0.0,0.0,0.0
0.30561643072621575,0.5479739828012238,0.7344838565181935,0.5430386797114561,0.31206911650918057,0.2159699625472973,0.08085768719118282,0.0,0.0,0.0,0.012217771529680765,0.0,0.0,0.0,0.08014936861223404,0.0,0.0,0.0,0.15771358489224802,0.13210495122456015,0.020375647963999047,0.0,0.1210448385448618,0.0770974637524425,0.06819839242790701,0.09416992264493484,1.0,0.0,0.7567252540343885,0.0,0.39973685035452683,0.38933413590377286,0.03550554942962052,0.0,0.0,0.0,0.0,0.0,0.0,0.0,0.0,0.0,0.0,0.0,0.0,0.0,0.0,0.0,0.0,0.0,0.0,0.0,0.0,0.0,0.0,0.0,0.0,0.0,0.0,0.0,0.0,0.0,0.0,0.0,0.0,0.0,0.0,0.0,0.0,0.0,0.0,0.0,0.0,0.0,0.0,0.0,0.0,0.0,0.0,0.0,0.0,0.0,0.0,0.0,0.0,0.0,0.0,0.0
0.15785539691496756,0.12108834190344725,0.07717359329101871,0.06842252773184924,0.09449081826332072,0.13237934176587526,0.08021740893349566,0.0,0.0,0.0206769061880259,0.01222780827828665,0.0,0.0,0.0,0.08085898116028045,0.0,0.0,0.0,0.3056164515578692,0.21596985865909737,0.0,0.0,0.5479736399078307,0.7344826464699202,0.5430382786749216,0.3120711241606086,0.0,1.0,0.0,0.756724389151296,0.0,0.0,0.0,0.0,0.0,0.0,0.0,0.0,0.0,0.0,0.0,0.03550919002903965,0.3893292908201359,0.3997474409830805,0.0,0.0,0.0,0.0,0.0,0.0,0.0,0.0,0.0,0.0,0.0,0.0,0.0,0.0,0.0,0.0,0.0,0.0,0.0,0.0,0.0,0.0,0.0,0.0,0.0,0.0,0.0,0.0,0.0,0.0,0.0,0.0,0.0,0.0,0.0,0.0,0.0,0.0,0.0,0.0,0.0,0.0,0.0,0.0
0.07161884003962612,0.3237553412501924,0.4912107308414764,0.3198858779963228,0.07805851182810873,0.0,0.0,0.0,0.0,0.0,0.0,0.0,0.0,0.0,0.0,0.0,0.0,0.0,0.006742327340325044,0.035848567375551366,0.0,0.0,0.0,0.0,0.0,0.017284780012298745,0.7567252540343885,0.0,1.0,0.0,0.23310089768044664,0.223282826047632,0.0,0.0,0.0,0.0,0.0,0.0,0.0,0.0,0.0,0.0,0.0,0.0,0.0,0.0,0.0,0.0,0.0,0.0,0.0,0.0,0.0,0.0,0.0,0.0,0.0,0.0,0.0,0.0,0.0,0.0,0.0,0.0,0.0,0.0,0.0,0.0,0.0,0.0,0.0,0.0,0.0,0.0,0.0,0.0,0.0,0.0,0.0,0.0,0.0,0.0,0.0,0.0,0.0,0.0,0.0,0.0
0.0069058624751158655,0.0,0.0,0.0,0.017671809994585896,0.03616676273465061,0.0,0.0,0.0,0.0,0.0,0.0,0.0,0.0,0.0,0.0,0.0,0.0,0.071617394530868,0.0,0.0,0.0,0.32375212601505604,0.4912086657885425,0.319886239149159,0.07806092594280108,0.0,0.756724389151296,0.0,1.0,0.0,0.0,0.0,0.0,0.0,0.0,0.0,0.0,0.0,0.0,0.0,0.0,0.22328071076494113,0.2331076802653645,0.0,0.0,0.0,0.0,0.0,0.0,0.0,0.0,0.0,0.0,0.0,0.0,0.0,0.0,0.0,0.0,0.0,0.0,0.0,0.0,0.0,0.0,0.0,0.0,0.0,0.0,0.0,0.0,0.0,0.0,0.0,0.0,0.0,0.0,0.0,0.0,0.0,0.0,0.0,0.0,0.0,0.0,0.0,0.0
0.48600921983017936,0.686864652109909,0.492684879775322,0.2561409243055741,0.17052892451087065,0.254332829078248,0.3759393680559227,0.12430146322565848,0.0,0.03156923932960536,0.37542767233503244,0.150894873989139,0.0,0.0,0.4246550359317182,0.27066905075488784,0.09340475795957286,0.037521435474768945,0.3981268501630926,0.27200447095644503,0.17515135680691674,0.1687789890867644,0.29015653598579205,0.11972601510162036,0.04263279055289432,0.10790145624295727,0.39973685035452683,0.0,0.23310089768044664,0.0,1.0,0.0,0.0,0.0,0.0,0.0,0.0,0.0,0.0,0.0,0.0,0.0,0.0,0.16692578458553298,0.0,0.0,0.0,0.0,0.0,0.0,0.0,0.0,0.0,0.0,0.0,0.0,0.0,0.0,0.0,0.0,0.0,0.0,0.0,0.0,0.0,0.0,0.0,0.0,0.0,0.0,0.0,0.0,0.0,0.0,0.0,0.0,0.0,0.0,0.0,0.0,0.0,0.0,0.0,0.0,0.0,0.0,0.0,0.0
0.1587067024079303,0.25472284083958824,0.4850348708211272,0.6862566717614139,0.4894697184657626,0.2529444324172235,0.0,0.0,0.0,0.03311461229941069,0.0,0.0,0.0,0.0,0.0,0.0,0.0,0.0,0.0,0.0,0.0,0.0,0.0,0.0,0.0,0.0,0.38933413590377286,0.0,0.223282826047632,0.0,0.0,1.0,0.40669310700819095,0.0,0.0,0.0,0.0,0.0,0.0,0.0,0.0,0.0,0.0,0.0,0.0,0.0,0.0,0.0,0.0,0.0,0.0,0.0,0.0,0.0,0.0,0.0,0.0,0.0,0.0,0.0,0.0,0.0,0.0,0.0,0.0,0.0,0.0,0.0,0.0,0.0,0.0,0.0,0.0,0.0,0.0,0.0,0.0,0.0,0.0,0.0,0.0,0.0,0.0,0.0,0.0,0.0,0.0,0.0
0.2501437386505684,0.16940631152490143,0.25810739210041156,0.49146928606806206,0.6859214270848839,0.4874619674363432,0.02548156939166842,0.0,0.1418866974978054,0.3921101057825321,0.0,0.0,0.0,0.0,0.0,0.0,0.0,0.0,0.0,0.0,0.0,0.0,0.0,0.0,0.0,0.0,0.03550554942962052,0.0,0.0,0.0,0.0,0.40669310700819095,1.0,0.41912684811541473,0.0,0.0,0.0,0.0,0.0,0.0,0.0,0.0,0.0,0.0,0.0,0.0,0.0,0.0,0.0,0.0,0.0,0.0,0.0,0.0,0.0,0.0,0.0,0.0,0.0,0.0,0.0,0.0,0.0,0.0,0.0,0.0,0.0,0.0,0.0,0.0,0.0,0.0,0.0,0.0,0.0,0.0,0.0,0.0,0.0,0.0,0.0,0.0,0.0,0.0,0.0,0.0,0.0,0.0
0.24826728268870119,0.03584855786868611,0.0,0.13648177715961549,0.39004309779945545,0.48482883183135794,0.1564296982777435,0.25241231426666483,0.4919263082905982,0.6859425465417007,0.0,0.0,0.0,0.03564436474822062,0.0,0.0,0.0,0.0,0.0,0.0,0.0,0.0,0.0,0.0,0.0,0.0,0.0,0.0,0.0,0.0,0.0,0.0,0.41912684811541473,1.0,0.4086826310840913,0.0,0.0,0.0,0.0,0.0,0.0,0.0,0.0,0.0,0.0,0.0,0.0,0.0,0.0,0.0,0.0,0.0,0.0,0.0,0.0,0.0,0.0,0.0,0.0,0.0,0.0,0.0,0.0,0.0,0.0,0.0,0.0,0.0,0.0,0.0,0.0,0.0,0.0,0.0,0.0,0.0,0.0,0.0,0.0,0.0,0.0,0.0,0.0,0.0,0.0,0.0,0.0,0.0
0.16324271652781533,0.0,0.0,0.0,0.0378535317884265,0.2559139086398602,0.24992299923156466,0.48595169037548347,0.6858562487673991,0.4926221362380296,0.031314673246906025,0.0,0.1425238987711538,0.39420002202342835,0.0,0.0,0.0,0.0,0.0,0.0,0.0,0.0,0.0,0.0,0.0,0.0,0.0,0.0,0.0,0.0,0.0,0.0,0.0,0.4086826310840913,1.0,0.42562235118873076,0.0,0.0,0.0,0.0,0.0,0.0,0.0,0.0,0.0,0.0,0.0,0.0,0.0,0.0,0.0,0.0,0.0,0.0,0.0,0.0,0.0,0.0,0.0,0.0,0.0,0.0,0.0,0.0,0.0,0.0,0.0,0.0,0.0,0.0,0.0,0.0,0.0,0.0,0.0,0.0,0.0,0.0,0.0,0.0,0.0,0.0,0.0,0.0,0.0,0.0,0.0,0.0
0.034560296339046,0.0,0.0,0.0,0.0,0.0,0.24982197890018001,0.48571522333859646,0.3931529070736087,0.1423768170640715,0.16109471337662284,0.2546563228988502,0.4913756746613013,0.6859132936079753,0.0,0.0,0.0,0.035354929538915586,0.0,0.0,0.0,0.0,0.0,0.0,0.0,0.0,0.0,0.0,0.0,0.0,0.0,0.0,0.0,0.0,0.42562235118873076,1.0,0.40652004063505315,0.0,0.0,0.0,0.0,0.0,0.0,0.0,0.0,0.0,0.0,0.0,0.0,0.0,0.0,0.0,0.0,0.0,0.0,0.0,0.0,0.0,0.0,0.0,0.0,0.0,0.0,0.0,0.0,0.0,0.0,0.0,0.0,0.0,0.0,0.0,0.0,0.0,0.0,0.0,0.0,0.0,0.0,0.0,0.0,0.0,0.0,0.0,0.0,0.0,0.0,0.0
0.0,0.0,0.0,0.0,0.0,0.0,0.1628509449274144,0.2557682290628435,0.03657141250953786,0.0,0.24914379008391085,0.48622523552972396,0.6858866558686076,0.49147077207498435,0.03539374518579926,0.0,0.14155686923601743,0.39335975149114777,0.0,0.0,0.0,0.0,0.0,0.0,0.0,0.0,0.0,0.0,0.0,0.0,0.0,0.0,0.0,0.0,0.0,0.40652004063505315,1.0,0.4240715954744751,0.0,0.0,0.0,0.0,0.0,0.0,0.0,0.0,0.0,0.0,0.0,0.0,0.0,0.0,0.0,0.0,0.0,0.0,0.0,0.0,0.0,0.0,0.0,0.0,0.0,0.0,0.0,0.0,0.0,0.0,0.0,0.0,0.0,0.0,0.0,0.0,0.0,0.0,0.0,0.0,0.0,0.0,0.0,0.0,0.0,0.0,0.0,0.0,0.0,0.0
0.0,0.0,0.0,0.0,0.0,0.0,0.03539487197491773,0.0,0.0,0.0,0.24914257695241387,0.48622430305431746,0.39335500264949386,0.14154793330297585,0.16284309042420786,0.2557710045016596,0.4914761789278547,0.6858860850874298,0.0,0.0,0.0,0.03658542860651358,0.0,0.0,0.0,0.0,0.0,0.0,0.0,0.0,0.0,0.0,0.0,0.0,0.0,0.0,0.4240715954744751,1.0,0.4065356967210361,0.0,0.0,0.0,0.0,0.0,0.0,0.0,0.0,0.0,0.0,0.0,0.0,0.0,0.0,0.0,0.0,0.0,0.0,0.0,0.0,0.0,0.0,0.0,0.0,0.0,0.0,0.0,0.0,0.0,0.0,0.0,0.0,0.0,0.0,0.0,0.0,0.0,0.0,0.0,0.0,0.0,0.0,0.0,0.0,0.0,0.0,0.0,0.0,0.0
0.0,0.0,0.0,0.0,0.0,0.0,0.0,0.0,0.0,0.0,0.161094881134474,0.25466234487716444,0.035359322785246096,0.0,0.249816240156238,0.4857127448077132,0.6859126623409816,0.49138133717142735,0.03455616453931007,0.0,0.142382235834692,0.39315947556425346,0.0,0.0,0.0,0.0,0.0,0.0,0.0,0.0,0.0,0.0,0.0,0.0,0.0,0.0,0.0,0.4065356967210361,1.0,0.42564182735900846,0.0,0.0,0.0,0.0,0.0,0.0,0.0,0.0,0.0,0.0,0.0,0.0,0.0,0.0,0.0,0.0,0.0,0.0,0.0,0.0,0.0,0.0,0.0,0.0,0.0,0.0,0.0,0.0,0.0,0.0,0.0,0.0,0.0,0.0,0.0,0.0,0.0,0.0,0.0,0.0,0.0,0.0,0.0,0.0,0.0,0.0,0.0,0.0
0.0,0.0,0.0,0.0,0.0,0.0,0.0,0.0,0.0,0.0,0.031307947137388936,0.0,0.0,0.0,0.2499198294201579,0.48595384890354465,0.39421138078082213,0.14253998495066716,0.16324440218471903,0.2559132362330895,0.4926237427219978,0.6858584613501667,0.0,0.0,0.0,0.03784755990379196,0.0,0.0,0.0,0.0,0.0,0.0,0.0,0.0,0.0,0.0,0.0,0.0,0.42564182735900846,1.0,0.40868380852053,0.0,0.0,0.0,0.0,0.0,0.0,0.0,0.0,0.0,0.0,0.0,0.0,0.0,0.0,0.0,0.0,0.0,0.0,0.0,0.0,0.0,0.0,0.0,0.0,0.0,0.0,0.0,0.0,0.0,0.0,0.0,0.0,0.0,0.0,0.0,0.0,0.0,0.0,0.0,0.0,0.0,0.0,0.0,0.0,0.0,0.0,0.0
0.0,0.0,0.0,0.0,0.0,0.0,0.0,0.0,0.0,0.0,0.0,0.0,0.0,0.0,0.15641827483339288,0.2524102268420927,0.03564957351012505,0.0,0.24826425656985465,0.4848271629233252,0.6859450833984699,0.49192696239369044,0.0358502190313745,0.0,0.136477274763436,0.3900380815959135,0.0,0.0,0.0,0.0,0.0,0.0,0.0,0.0,0.0,0.0,0.0,0.0,0.0,0.40868380852053,1.0,0.41912215402037206,0.0,0.0,0.0,0.0,0.0,0.0,0.0,0.0,0.0,0.0,0.0,0.0,0.0,0.0,0.0,0.0,0.0,0.0,0.0,0.0,0.0,0.0,0.0,0.0,0.0,0.0,0.0,0.0,0.0,0.0,0.0,0.0,0.0,0.0,0.0,0.0,0.0,0.0,0.0,0.0,0.0,0.0,0.0,0.0,0.0,0.0
0.0,0.0,0.0,0.0,0.0,0.0,0.0,0.0,0.0,0.0,0.0,0.0,0.0,0.0,0.025474642610083066,0.0,0.0,0.0,0.2501433921880944,0.48746464107906906,0.392109375209668,0.14188467489646828,0.16941494224619547,0.25811183223595113,0.49147312974133694,0.6859246358692731,0.0,0.03550919002903965,0.0,0.0,0.0,0.0,0.0,0.0,0.0,0.0,0.0,0.0,0.0,0.0,0.41912215402037206,1.0,0.4066960852999306,0.0,0.0,0.0,0.0,0.0,0.0,0.0,0.0,0.0,0.0,0.0,0.0,0.0,0.0,0.0,0.0,0.0,0.0,0.0,0.0,0.0,0.0,0.0,0.0,0.0,0.0,0.0,0.0,0.0,0.0,0.0,0.0,0.0,0.0,0.0,0.0,0.0,0.0,0.0,0.0,0.0,0.0,0.0,0.0,0.0
0.0,0.0,0.0,0.0,0.0,0.0,0.0,0.0,0.0,0.0,0.0,0.0,0.0,0.0,0.0,0.0,0.0,0.0,0.15869851809049576,0.25294036208814463,0.033106797509718455,0.0,0.2547200249055172,0.48502910524945353,0.6862525089894504,0.48946897229161723,0.0,0.3893292908201359,0.0,0.22328071076494113,0.0,0.0,0.0,0.0,0.0,0.0,0.0,0.0,0.0,0.0,0.0,0.4066960852999306,1.0,0.0,0.0,0.0,0.0,0.0,0.0,0.0,0.0,0.0,0.0,0.0,0.0,0.0,0.0,0.0,0.0,0.0,0.0,0.0,0.0,0.0,0.0,0.0,0.0,0.0,0.0,0.0,0.0,0.0,0.0,0.0,0.0,0.0,0.0,0.0,0.0,0.0,0.0,0.0,0.0,0.0,0.0,0.0,0.0,0.0
0.3982874144189094,0.2902247135194719,0.11981369236621214,0.04280863613238087,0.10814259645950544,0.27224657022528403,0.42473517333218513,0.2707595363956372,0.16895489221519694,0.1753972846059889,0.37543437224901055,0.15087795163819437,0.03751512091299244,0.09343556365473488,0.37594006077750924,0.12429242623792668,0.0,0.0,0.4860126858655951,0.25433740873717087,0.03156721693204944,0.0,0.6868665218595177,0.49269509239506476,0.25614933080719765,0.17053738403134974,0.0,0.3997474409830805,0.0,0.2331076802653645,0.16692578458553298,0.0,0.0,0.0,0.0,0.0,0.0,0.0,0.0,0.0,0.0,0.0,0.0,1.0,0.0,0.0,0.0,0.0,0.0,0.0,0.0,0.0,0.0,0.0,0.0,0.0,0.0,0.0,0.0,0.0,0.0,0.0,0.0,0.0,0.0,0.0,0.0,0.0,0.0,0.0,0.0,0.0,0.0,0.0,0.0,0.0,0.0,0.0,0.0,0.0,0.0,0.0,0.0,0.0,0.0,0.0,0.0,0.0
0.0,0.0,0.0,0.0,0.0,0.0,0.0,0.0,0.0,0.0,0.0,0.0,0.0,0.0,0.0,0.0,0.0,0.0,0.0,0.0,0.0,0.0,0.0,0.0,0.0,0.0,0.0,0.0,0.0,0.0,0.0,0.0,0.0,0.0,0.0,0.0,0.0,0.0,0.0,0.0,0.0,0.0,0.0,0.0,1.0,0.7383132921175147,0.5469836990119771,0.47240042506911584,0.5435426537245863,0.7350217716302996,0.7298262169509846,0.5455502432467368,0.4771830983098373,0.5420717632346117,0.5221699658044137,0.2988620180910343,0.21487373451716152,0.3048930977331036,0.4077918086145151,0.17139560484788777,0.038278047019862475,0.08380747388447604,0.38386304921194175,0.16157573904822037,0.0,0.0,0.43157836708133224,0.24913742699142238,0.06568143573602667,0.0319344047700761,0.30561643072621564,0.15785539691496756,0.07161884003962612,0.0069058624751158655,0.48600921983017936,0.1587067024079303,0.2501437386505684,0.24826728268870127,0.16324271652781533,0.034560296339046,0.0,0.0,0.0,0.0,0.0,0.0,0.0,0.3982874144189094
0.0,0.0,0.0,0.0,0.0,0.0,0.0,0.0,0.0,0.0,0.0,0.0,0.0,0.0,0.0,0.0,0.0,0.0,0.0,0.0,0.0,0.0,0.0,0.0,0.0,0.0,0.0,0.0,0.0,0.0,0.0,0.0,0.0,0.0,0.0,0.0,0.0,0.0,0.0,0.0,0.0,0.0,0.0,0.0,0.7383132921175147,1.0,0.7425840634889598,0.5485804547392955,0.4834405870370333,0.550067989400084,0.5328118807582267,0.3053631656514717,0.2189408157750748,0.3080436268636298,0.4317587025178498,0.19358165737238536,0.050292506138888506,0.08937804920417533,0.42070858316287907,0.22139866780969894,0.05101625355486519,0.03279134293239721,0.4314855223256163,0.2744249494836831,0.13003285897297515,0.10332524941940507,0.41275751466624355,0.262460382021322,0.14574879420523057,0.15229968169251726,0.5479739828012238,0.12108834190344725,0.3237553412501925,0.0,0.6868646521099091,0.25472284083958824,0.16940631152490143,0.03584855786868611,0.0,0.0,0.0,0.0,0.0,0.0,0.0,0.0,0.0,0.2902247135194718
0.0,0.0,0.0,0.0,0.0,0.0,0.0,0.0,0.0,0.0,0.0,0.0,0.0,0.0,0.0,0.0,0.0,0.0,0.0,0.0,0.0,0.0,0.0,0.0,0.0,0.0,0.0,0.0,0.0,0.0,0.0,0.0,0.0,0.0,0.0,0.0,0.0,0.0,0.0,0.0,0.0,0.0,0.0,0.0,0.5469836990119771,0.7425840634889598,1.0,0.7375054056582461,0.5546000790573101,0.48131812302071336,0.29710717841152817,0.09639932637504099,0.06677942748970284,0.21789767999995607,0.17508810435993594,0.0,0.0,0.0,0.18611489637702397,0.00012851497704839213,0.0,0.0,0.24904701346696317,0.14565936548619723,0.0,0.0,0.26247385867473527,0.18643980864690027,0.1034692410296002,0.08553573603930295,0.7344838565181934,0.07717359329101871,0.4912107308414764,0.0,0.492684879775322,0.4850348708211272,0.25810739210041167,0.0,0.0,0.0,0.0,0.0,0.0,0.0,0.0,0.0,0.0,0.11981369236621214
0.0,0.0,0.0,0.0,0.0,0.0,0.0,0.0,0.0,0.0,0.0,0.0,0.0,0.0,0.0,0.0,0.0,0.0,0.0,0.0,0.0,0.0,0.0,0.0,0.0,0.0,0.0,0.0,0.0,0.0,0.0,0.0,0.0,0.0,0.0,0.0,0.0,0.0,0.0,0.0,0.0,0.0,0.0,0.0,0.47240042506911584,0.5485804547392955,0.7375054056582461,1.0,0.7454822151486102,0.548993942581527,0.20230949628930694,0.05776307579340453,0.10368828881387682,0.3090666210234518,0.019945047643599823,0.0,0.0,0.0,0.0,0.0,0.0,0.0,0.06566842755699397,0.0,0.0,0.0,0.14585663128378787,0.10359414375951936,0.0,0.0,0.5430386797114561,0.06842252773184924,0.31988587799632284,0.0,0.2561409243055741,0.6862566717614139,0.4914692860680622,0.13648177715961549,0.0,0.0,0.0,0.0,0.0,0.0,0.0,0.0,0.0,0.04280863613238087
0.0,0.0,0.0,0.0,0.0,0.0,0.0,0.0,0.0,0.0,0.0,0.0,0.0,0.0,0.0,0.0,0.0,0.0,0.0,0.0,0.0,0.0,0.0,0.0,0.0,0.0,0.0,0.0,0.0,0.0,0.0,0.0,0.0,0.0,0.0,0.0,0.0,0.0,0.0,0.0,0.0,0.0,0.0,0.0,0.5435426537245863,0.4834405870370333,0.5546000790573101,0.7454822151486102,1.0,0.7375449178669831,0.29731632544690756,0.21494554772952326,0.3142044934219124,0.5428886481598775,0.06692240915544298,0.0,0.0,0.0,0.0,0.0,0.0,0.0,0.031975232465112066,0.0,0.0,0.0,0.15247086810659394,0.08574268488357414,0.0,0.0,0.31206911650918057,0.09449081826332072,0.07805851182810873,0.017671809994585896,0.17052892451087065,0.4894697184657626,0.6859214270848839,0.39004309779945545,0.0378535317884265,0.0,0.0,0.0,0.0,0.0,0.0,0.0,0.0,0.10814259645950544
0.0,0.0,0.0,0.0,0.0,0.0,0.0,0.0,0.0,0.0,0.0,0.0,0.0,0.0,0.0,0.0,0.0,0.0,0.0,0.0,0.0,0.0,0.0,0.0,0.0,0.0,0.0,0.0,0.0,0.0,0.0,0.0,0.0,0.0,0.0,0.0,0.0,0.0,0.0,0.0,0.0,0.0,0.0,0.0,0.7350217716302996,0.550067989400084,0.48131812302071336,0.548993942581527,0.7375449178669831,1.0,0.5375718705669164,0.47660425085795866,0.5524535010368302,0.7354889944608404,0.285876428957626,0.08635190069555779,0.06059056330929241,0.2150648403124079,0.15349784980136522,0.0,0.0,0.0,0.16162446816016687,0.0,0.0,0.0,0.27459062728261185,0.1458464307372912,0.0,0.0,0.2159699625472973,0.13237934176587526,0.0,0.03616676273465061,0.25433282907824795,0.2529444324172235,0.48746196743634324,0.48482883183135805,0.25591390863986024,0.0,0.0,0.0,0.0,0.0,0.0,0.0,0.0,0.27224657022528403
0.0,0.0,0.0,0.0,0.0,0.0,0.0,0.0,0.0,0.0,0.0,0.0,0.0,0.0,0.0,0.0,0.0,0.0,0.0,0.0,0.0,0.0,0.0,0.0,0.0,0.0,0.0,0.0,0.0,0.0,0.0,0.0,0.0,0.0,0.0,0.0,0.0,0.0,0.0,0.0,0.0,0.0,0.0,0.0,0.7298262169509846,0.5328118807582267,0.29710717841152817,0.20230949628930694,0.29731632544690756,0.5375718705669164,1.0,0.7368546667780944,0.5418908374910065,0.4702043022704732,0.7308283303202283,0.5451815667131441,0.4764194887771903,0.5430553626947385,0.5198473582850088,0.29350697574372975,0.2118282770338241,0.30480310868818683,0.40778820045117065,0.15346974094930133,0.01731514415434193,0.07139061396411105,0.4207507229936788,0.1861565931389166,0.0,0.0,0.08085768719118282,0.08021740893349566,0.0,0.0,0.3759393680559227,0.0,0.025481569391668582,0.1564296982777435,0.24992299923156466,0.24982197890018001,0.1628509449274144,0.03539487197491773,0.0,0.0,0.0,0.0,0.0,0.42473517333218513
0.0,0.0,0.0,0.0,0.0,0.0,0.0,0.0,0.0,0.0,0.0,0.0,0.0,0.0,0.0,0.0,0.0,0.0,0.0,0.0,0.0,0.0,0.0,0.0,0.0,0.0,0.0,0.0,0.0,0.0,0.0,0.0,0.0,0.0,0.0,0.0,0.0,0.0,0.0,0.0,0.0,0.0,0.0,0.0,0.5455502432467368,0.3053631656514717,0.09639932637504099,0.05776307579340453,0.21494554772952326,0.47660425085795866,0.7368546667780944,1.0,0.734871176678331,0.5487970824093844,0.5433963149824512,0.4790049707552512,0.5523398833635559,0.7361461257868072,0.2935153291553716,0.08717902448766657,0.05937340037498445,0.21597469445903678,0.17141437441443436,0.0,0.0,0.0,0.22145873942331357,0.00019822325902194734,0.0,0.0,0.0,0.0,0.0,0.0,0.12430146322565848,0.0,0.0,0.25241231426666483,0.48595169037548347,0.48571522333859646,0.2557682290628435,0.0,0.0,0.0,0.0,0.0,0.0,0.2707595363956372
0.0,0.0,0.0,0.0,0.0,0.0,0.0,0.0,0.0,0.0,0.0,0.0,0.0,0.0,0.0,0.0,0.0,0.0,0.0,0.0,0.0,0.0,0.0,0.0,0.0,0.0,0.0,0.0,0.0,0.0,0.0,0.0,0.0,0.0,0.0,0.0,0.0,0.0,0.0,0.0,0.0,0.0,0.0,0.0,0.4771830983098373,0.2189408157750748,0.06677942748970284,0.10368828881387682,0.3142044934219124,0.5524535010368302,0.5418908374910065,0.734871176678331,1.0,0.7479098557887749,0.29988758209373967,0.21396424517842585,0.3124251907388645,0.5431592371153547,0.07141914373401906,0.0,0.0,0.0,0.0,0.0,0.0,0.0,0.10345278594198672,0.0,0.0,0.0,0.0,0.0,0.0,0.0,0.0,0.0,0.1418866974978054,0.4919263082905982,0.6858562487673993,0.3931529070736087,0.03657141250953786,0.0,0.0,0.0,0.0,0.0,0.0,0.16895489221519694
0.0,0.0,0.0,0.0,0.0,0.0,0.0,0.0,0.0,0.0,0.0,0.0,0.0,0.0,0.0,0.0,0.0,0.0,0.0,0.0,0.0,0.0,0.0,0.0,0.0,0.0,0.0,0.0,0.0,0.0,0.0,0.0,0.0,0.0,0.0,0.0,0.0,0.0,0.0,0.0,0.0,0.0,0.0,0.0,0.5420717632346117,0.3080436268636298,0.21789767999995607,0.3090666210234518,0.5428886481598775,0.7354889944608404,0.4702043022704732,0.5487970824093844,0.7479098557887749,1.0,0.20246078823394273,0.05572771026817479,0.10311420092105826,0.31146967429542427,0.017357252162391364,0.0,0.0,0.0,0.0,0.0,0.0,0.0,0.13021182959074348,0.0,0.0,0.0,0.0,0.0206769061880259,0.0,0.0,0.03156923932960536,0.03311461229941069,0.3921101057825321,0.6859425465417007,0.4926221362380296,0.1423768170640715,0.0,0.0,0.0,0.0,0.0,0.0,0.0,0.175397284605989
0.0,0.0,0.0,0.0,0.0,0.0,0.0,0.0,0.0,0.0,0.0,0.0,0.0,0.0,0.0,0.0,0.0,0.0,0.0,0.0,0.0,0.0,0.0,0.0,0.0,0.0,0.0,0.0,0.0,0.0,0.0,0.0,0.0,0.0,0.0,0.0,0.0,0.0,0.0,0.0,0.0,0.0,0.0,0.0,0.5221699658044137,0.4317587025178498,0.17508810435993594,0.019945047643599823,0.06692240915544298,0.285876428957626,0.7308283303202283,0.5433963149824512,0.29988758209373967,0.20246078823394273,1.0,0.7354317036671143,0.542140627593793,0.4746472843188823,0.7308238215811901,0.5433938687523993,0.47464914335104563,0.5421417683268048,0.5221602820315419,0.28585739639373975,0.2024378510108408,0.2998751082904396,0.4317603427447731,0.175090656348747,0.0199350685171956,0.066904802724263,0.012217771529680765,0.01222780827828665,0.0,0.0,0.37542767233503244,0.0,0.0,0.0,0.031314673246906025,0.16109471337662284,0.24914379008391085,0.24914257695241387,0.16109488113447407,0.031307947137388936,0.0,0.0,0.0,0.37543437224901055
0.0,0.0,0.0,0.0,0.0,0.0,0.0,0.0,0.0,0.0,0.0,0.0,0.0,0.0,0.0,0.0,0.0,0.0,0.0,0.0,0.0,0.0,0.0,0.0,0.0,0.0,0.0,0.0,0.0,0.0,0.0,0.0,0.0,0.0,0.0,0.0,0.0,0.0,0.0,0.0,0.0,0.0,0.0,0.0,0.2988620180910343,0.19358165737238536,0.0,0.0,0.0,0.08635190069555779,0.5451815667131441,0.4790049707552512,0.21396424517842585,0.05572771026817479,0.7354317036671143,1.0,0.7361604523871225,0.5512961646946128,0.5451761319909278,0.4790072431242025,0.5513017008077196,0.7361634517462669,0.2988560001361619,0.08634552788434242,0.055722475214323636,0.21396614352366636,0.19357064823416062,0.0,0.0,0.0,0.0,0.0,0.0,0.0,0.150894873989139,0.0,0.0,0.0,0.0,0.2546563228988502,0.48622523552972396,0.48622430305431746,0.2546623448771645,0.0,0.0,0.0,0.0,0.15087795163819437
0.0,0.0,0.0,0.0,0.0,0.0,0.0,0.0,0.0,0.0,0.0,0.0,0.0,0.0,0.0,0.0,0.0,0.0,0.0,0.0,0.0,0.0,0.0,0.0,0.0,0.0,0.0,0.0,0.0,0.0,0.0,0.0,0.0,0.0,0.0,0.0,0.0,0.0,0.0,0.0,0.0,0.0,0.0,0.0,0.21487373451716152,0.050292506138888506,0.0,0.0,0.0,0.06059056330929241,0.4764194887771903,0.5523398833635559,0.3124251907388645,0.10311420092105826,0.542140627593793,0.7361604523871225,1.0,0.7473474593608317,0.30479983152295326,0.2159771400642159,0.3119707468444096,0.5435102805039794,0.0838078420858493,0.0,0.0,0.0,0.032789955931557105,0.0,0.0,0.0,0.0,0.0,0.0,0.0,0.0,0.0,0.0,0.0,0.1425238987711538,0.4913756746613013,0.6858866558686076,0.39335500264949386,0.035359322785246096,0.0,0.0,0.0,0.0,0.03751512091299244
